12ag -4.86566754774 0.193472939234 4.6588
12ag12ag -4.33205231027 -0.943690792212 3.2368
12ag12ag- -4.33178019643 -0.943690792212 3.2367
12ag12ag-12ag -4.03327131551 -1.36519512818 2.5422
12ag12ag-12ag- -4.03327131551 -1.36519512818 2.5422
12ag12ag-12ag-12ag -3.84687333607 -1.58343042673 2.1027
12ag12ag-12ag-12ag- -3.84660122224 -1.58343042673 2.1027
12ag12ag-12ag12ag -3.84660122224 -1.58343042673 2.1026
12ag12ag-12ag12ag- -3.84660122224 -1.58343042673 2.1026
12ag12ag12ag -4.03327131551 -1.36519512818 2.5423
12ag12ag12ag- -4.03354342934 -1.36519512818 2.5423
12ag12ag12ag-12ag -3.84687333607 -1.58343042673 2.1028
12ag12ag12ag-12ag- -3.84687333607 -1.58343042673 2.1028
12ag12ag12ag12ag -3.84687333607 -1.58343042673 2.1028
12ag12ag12ag12ag- -3.84660122224 -1.58343042673 2.1027
12dg -5.52472726479 -1.22043056605 3.6826
12dg12dg -5.0798211387 -2.25936120177 2.5667
12dg12dg- -5.0798211387 -2.25936120177 2.5665
12dg12dg-12dg -4.86974925532 -2.71025383231 1.9178
12dg12dg-12dg- -4.86974925532 -2.71025383231 1.9179
12dg12dg-12dg-12dg -4.75301241856 -2.98753783382 1.5047
12dg12dg-12dg-12dg- -4.75301241856 -2.98780994766 1.5046
12dg12dg-12dg12dg -4.75301241856 -2.98753783382 1.5046
12dg12dg-12dg12dg- -4.75274030472 -2.98753783382 1.5045
12dg12dg12dg -4.86974925532 -2.71025383231 1.9179
12dg12dg12dg- -4.86974925532 -2.71025383231 1.9180
12dg12dg12dg-12dg -4.7532845324 -2.98780994766 1.5049
12dg12dg12dg-12dg- -4.75301241856 -2.98780994766 1.5046
12dg12dg12dg12dg -4.7532845324 -2.98780994766 1.5048
12dg12dg12dg12dg- -4.75301241856 -2.98780994766 1.5046
12eg -5.01396958977 -0.556744913745 3.8202
12eg12eg -4.36769922313 -1.49063960777 2.6267
12eg12eg- -4.36742710929 -1.49063960777 2.6264
12eg12eg-12eg -4.0452443244 -1.82343483236 2.0043
12eg12eg-12eg- -4.04551643824 -1.82343483236 2.0044
12eg12eg-12eg-12eg -3.84768967759 -2.00956069795 1.6031
12eg12eg-12eg-12eg- -3.84768967759 -2.00956069795 1.6031
12eg12eg-12eg12eg -3.84768967759 -2.00956069795 1.6031
12eg12eg-12eg12eg- -3.84741756375 -2.00956069795 1.6029
12eg12eg12eg -4.04551643824 -1.82343483236 2.0044
12eg12eg12eg- -4.04551643824 -1.82343483236 2.0045
12eg12eg12eg-12eg -3.84796179143 -2.00956069795 1.6034
12eg12eg12eg-12eg- -3.84768967759 -2.00956069795 1.6031
12eg12eg12eg12eg -3.84796179143 -2.00956069795 1.6034
12eg12eg12eg12eg- -3.84768967759 -2.00956069795 1.6031
12fg -4.9570977975 0.139866513033 3.9538
12fg12fg -4.09095944929 -0.693073946876 3.0765
12fg12fg- -4.09068733545 -0.692801833037 3.0762
12fg12fg-12fg -3.66591763342 -1.04600559552 2.6635
12fg12fg-12fg- -3.66591763342 -1.04600559552 2.6634
12fg12fg-12fg-12fg -3.40931428363 -1.21417194777 2.2148
12fg12fg-12fg-12fg- -3.40931428363 -1.21417194777 2.2148
12fg12fg-12fg12fg -3.40904216979 -1.21417194777 2.2149
12fg12fg-12fg12fg- -3.40904216979 -1.21389983393 2.2149
12fg12fg12fg -3.66618974725 -1.04627770936 2.6628
12fg12fg12fg- -3.66618974725 -1.04627770936 2.6623
12fg12fg12fg-12fg -3.40931428363 -1.2144440616 2.2146
12fg12fg12fg-12fg- -3.40931428363 -1.2144440616 2.2146
12fg12fg12fg12fg -3.40958639747 -1.21417194777 2.2149
12fg12fg12fg12fg- -3.40931428363 -1.21417194777 2.2148
12ga -4.87627998744 0.208711314195 4.4615
12ga12ga -4.25803734618 -0.869947941956 3.2168
12ga12ga- -4.25776523234 -0.870220055795 3.2168
12ga12ga-12ga -3.90374512834 -1.25553325123 2.5137
12ga12ga-12ga- -3.90374512834 -1.25553325123 2.5138
12ga12ga-12ga-12ga -3.67734641464 -1.44383602753 2.0683
12ga12ga-12ga-12ga- -3.67734641464 -1.44383602753 2.0682
12ga12ga-12ga12ga -3.67734641464 -1.44356391369 2.0683
12ga12ga-12ga12ga- -3.6770743008 -1.44383602753 2.0682
12ga12ga12ga -3.90374512834 -1.25553325123 2.5137
12ga12ga12ga- -3.90374512834 -1.25553325123 2.5138
12ga12ga12ga-12ga -3.67734641464 -1.44383602753 2.0683
12ga12ga12ga-12ga- -3.67734641464 -1.44383602753 2.0682
12ga12ga12ga12ga -3.67734641464 -1.44356391369 2.0684
12ga12ga12ga12ga- -3.67734641464 -1.44383602753 2.0683
12gd -5.52010132953 -1.31811943411 3.5638
12gd12gd -4.99056779965 -2.20303363718 2.5203
12gd12gd- -4.99029568581 -2.20330575102 2.5201
12gd12gd-12gd -4.71546070884 -2.66181756904 1.8439
12gd12gd-12gd- -4.71573282268 -2.66181756904 1.8441
12gd12gd-12gd-12gd -4.55518565791 -2.93638043217 1.3995
12gd12gd-12gd-12gd- -4.55518565791 -2.93638043217 1.3995
12gd12gd-12gd12gd -4.55518565791 -2.93638043217 1.3995
12gd12gd-12gd12gd- -4.55491354407 -2.93638043217 1.3994
12gd12gd12gd- -4.71573282268 -2.66181756904 1.8441
12gd12gd12gd-12gd -4.55545777175 -2.93638043217 1.3997
12gd12gd12gd-12gd- -4.55518565791 -2.93665254601 1.3995
12gd12gd12gd12gd -4.55518565791 -2.93610831833 1.3999
12gd12gd12gd12gd- -4.55518565791 -2.93638043217 1.3996
12ge -5.00335715006 -0.6615087416 3.6875
12ge12ge -4.2991265358 -1.42696496954 2.6318
12ge12ge- -4.29885442196 -1.42723708338 2.6316
12ge12ge-12ge -3.91299699885 -1.77608702444 1.9576
12ge12ge-12ge- -3.91326911269 -1.77608702444 1.9578
12ge12ge-12ge-12ge -3.67435316241 -1.96248500387 1.5234
12ge12ge-12ge-12ge- -3.67435316241 -1.96248500387 1.5234
12ge12ge-12ge12ge -3.67435316241 -1.96248500387 1.5235
12ge12ge-12ge12ge- -3.67408104857 -1.96248500387 1.5233
12ge12ge12ge -3.91326911269 -1.77608702444 1.9578
12ge12ge12ge- -3.91326911269 -1.77608702444 1.9578
12ge12ge12ge-12ge -3.67462527625 -1.96248500387 1.5236
12ge12ge12ge-12ge- -3.67462527625 -1.96275711771 1.5235
12ge12ge12ge12ge -3.67462527625 -1.96221289004 1.5239
12ge12ge12ge12ge- -3.67435316241 -1.96248500387 1.5236
12gf -4.73668558825 0.422592791322 4.4821
12gf12gf -4.14266107862 -0.734979478018 3.3518
12gf12gf- -4.14238896478 -0.734979478018 3.3526
12gf12gf-12gf -3.76333438763 -1.14832039883 2.6309
12gf12gf-12gf- -3.76333438763 -1.14832039883 2.6309
12gf12gf-12gf-12gf -3.53693567393 -1.35485480231 2.1863
12gf12gf-12gf-12gf- -3.53693567393 -1.35485480231 2.1862
12gf12gf-12gf12gf -3.53693567393 -1.35485480231 2.1863
12gf12gf-12gf12gf- -3.53666356009 -1.35485480231 2.1863
12gf12gf12gf -3.76360650147 -1.14859251267 2.6307
12gf12gf12gf- -3.76360650147 -1.14859251267 2.6308
12gf12gf12gf-12gf -3.53720778777 -1.35485480231 2.1864
12gf12gf12gf-12gf- -3.53720778777 -1.35512691615 2.1862
12gf12gf12gf12gf -3.53720778777 -1.35485480231 2.1865
12gf12gf12gf12gf- -3.53693567393 -1.35485480231 2.1863
12gg -4.85451088035 -0.115920495237 3.6354
12gg12gg -3.90537781137 -1.07920348383 2.3669
12gg12gg- -3.90510569753 -1.07920348383 2.3661
12gg12gg-12gg -3.51815981906 -1.45635326411 2.0339
12gg12gg-12gg- -3.5184319329 -1.45635326411 2.0335
12gg12gg-12gg-12gg -3.29012842233 -1.64329547121 1.6800
12gg12gg-12gg-12gg- -3.29012842233 -1.64356758505 1.6797
12gg12gg-12gg12gg- -3.28958419465 -1.64302335738 1.6802
12gg12gg12gg -3.51870404674 -1.45689749178 2.0264
12gg12gg12gg- -3.51870404674 -1.45662537795 2.0293
12gg12gg12gg12gg -3.29040053617 -1.64356758505 1.6800
12gg12gg12gg12gg- -3.29012842233 -1.64356758505 1.6796
12gh -4.75573355695 0.413613034649 4.2042
12gh12gh -3.86564919094 -0.606813860044 3.0779
12gh12gh- -3.86673764629 -0.606813860044 3.0753
12gh12gh-12gh -3.41530078808 -0.961106077882 2.4426
12gh12gh-12gh- -3.41421233272 -0.960833964043 2.4416
12gh12gh-12gh-12gh -3.14345906333 -1.12491860871 2.0280
12gh12gh-12gh-12gh- -3.14454751869 -1.12519072255 2.0287
12gh12gh-12gh12gh -3.14318694949 -1.12546283639 2.0269
12gh12gh-12gh12gh- -3.14400329101 -1.12600706406 2.0274
12gh12gh12gh -3.41611712959 -0.959745508689 2.4461
12gh12gh12gh- -3.41502867424 -0.95947339485 2.4448
12gh12gh12gh-12gh -3.14427540485 -1.12355803952 2.0300
12gh12gh12gh-12gh- -3.14509174636 -1.12410226719 2.0306
12gh12gh12gh12gh -3.14400329101 -1.12410226719 2.0292
12gh12gh12gh12gh- -3.14481963253 -1.12464649487 2.0296
12gi -4.76825079352 0.28653587203 4.4907
12gi12gi -4.03163863247 -0.828586638491 3.0605
12gi12gi- -4.03027806328 -0.830491435361 3.0565
12gi12gi-12gi -3.61095063802 -1.200294142 2.3433
12gi12gi-12gi- -3.61176697954 -1.19893357281 2.3458
12gi12gi-12gi-12gi -3.35162614985 -1.37716813708 1.9027
12gi12gi-12gi-12gi- -3.35135403601 -1.37798447859 1.9012
12gi12gi-12gi12gi -3.35217037753 -1.37607968172 1.9045
12gi12gi-12gi12gi- -3.35162614985 -1.37689602324 1.9029
12gi12gi12gi -3.61067852418 -1.20247105271 2.3399
12gi12gi12gi- -3.61122275186 -1.20138259735 2.3422
12gi12gi12gi-12gi -3.35108192217 -1.37880082011 1.9006
12gi12gi12gi-12gi- -3.3505376945 -1.37988927546 1.8990
12gi12gi12gi12gi -3.35135403601 -1.37744025092 1.9027
12gi12gi12gi12gi- -3.35080980833 -1.37852870627 1.9010
12gl -4.58430183864 0.387490106145 3.9065
12gl12gl -3.86510496326 -0.446810922956 3.3375
12gl12gl- -3.86483284942 -0.446810922956 3.3379
12gl12gl-12gl -3.40740948676 -0.717019964671 2.6495
12gl12gl-12gl- -3.40740948676 -0.717019964671 2.6496
12gl12gl-12gl-12gl -3.1157034518 -0.822328020204 2.2187
12gl12gl-12gl-12gl- -3.1157034518 -0.822600134042 2.2187
12gl12gl-12gl12gl -3.1157034518 -0.822328020204 2.2187
12gl12gl-12gl12gl- -3.1157034518 -0.822328020204 2.2187
12gl12gl12gl -3.40740948676 -0.71729207851 2.6495
12gl12gl12gl- -3.40740948676 -0.717019964671 2.6496
12gl12gl12gl-12gl -3.11543133796 -0.822328020204 2.2188
12gl12gl12gl-12gl- -3.1157034518 -0.822600134042 2.2186
12gl12gl12gl12gl -3.1157034518 -0.822328020204 2.2190
12gl12gl12gl12gl- -3.1157034518 -0.822328020204 2.2188
12hg -4.71301168429 0.452525313567 4.1928
12hg12hg -3.88115967974 -0.750217852979 2.8766
12hg12hg- -3.88007122438 -0.752122649849 2.8799
12hg12hg-12hg -3.47843119863 -1.15403478944 2.2773
12hg12hg-12hg- -3.47924754015 -1.15294633408 2.2770
12hg12hg-12hg-12hg -3.24087581755 -1.35077309474 1.8911
12hg12hg-12hg-12hg- -3.24060370371 -1.35158943625 1.8907
12hg12hg-12hg12hg -3.24114793138 -1.35131732241 1.8903
12hg12hg-12hg12hg- -3.24087581755 -1.35213366393 1.8901
12hg12hg12hg -3.47788697095 -1.15349056176 2.2792
12hg12hg12hg- -3.47843119863 -1.15240210641 2.2795
12hg12hg12hg-12hg -3.23978736219 -1.3505009809 1.8919
12hg12hg12hg-12hg- -3.23951524835 -1.35131732241 1.8913
12hg12hg12hg12hg -3.24060370371 -1.35104520857 1.8911
12hg12hg12hg12hg- -3.24005947603 -1.35186155009 1.8907
12ig -4.75464510159 0.303679043861 4.4253
12ig12ig -4.03354342934 -0.933078352508 2.8943
12ig12ig- -4.03544822621 -0.929812986445 2.8967
12ig12ig-12ig -3.65720999058 -1.30560219753 2.2557
12ig12ig-12ig- -3.65584942139 -1.3075069944 2.2536
12ig12ig-12ig-12ig -3.42455265859 -1.49281651848 1.8450
12ig12ig-12ig-12ig- -3.42536900011 -1.49172806312 1.8465
12ig12ig-12ig12ig -3.42482477243 -1.49254440464 1.8454
12ig12ig-12ig12ig- -3.42564111395 -1.49145594928 1.8469
12ig12ig12ig -3.65720999058 -1.30505796985 2.2555
12ig12ig12ig- -3.65584942139 -1.30696276672 2.2534
12ig12ig12ig-12ig -3.42455265859 -1.49172806312 1.8453
12ig12ig12ig-12ig- -3.42509688627 -1.49063960777 1.8466
12ig12ig12ig12ig -3.42482477243 -1.49118383545 1.8458
12ig12ig12ig12ig- -3.42536900011 -1.49009538009 1.8471
12lg -4.70784152136 0.425586043547 4.3880
13ag -4.27926222559 1.14777617115 4.4403
13ag13ag -3.87871065519 -0.0492526047839 3.3565
13ag13ag- -3.87871065519 -0.0489804909453 3.3558
13ag13ag-13ag -3.68959153737 -0.560826621324 2.9322
13ag13ag-13ag- -3.68986365121 -0.560826621324 2.9324
13ag13ag-13ag-13ag -3.60197088135 -0.866410462054 2.5500
13ag13ag-13ag-13ag- -3.60197088135 -0.866138348216 2.5505
13ag13ag-13ag13ag- -3.60169876751 -0.866138348216 2.5507
13ag13ag13ag -3.68986365121 -0.560826621324 2.9335
13ag13ag13ag- -3.68986365121 -0.560826621324 2.9314
13ag13ag13ag-13ag -3.60197088135 -0.866410462054 2.5482
13ag13ag13ag-13ag- -3.60197088135 -0.866410462054 2.5490
13ag13ag13ag13ag -3.60197088135 -0.866410462054 2.5499
13ag13ag13ag13ag- -3.60197088135 -0.866410462054 2.5504
13dg -5.00498983309 -0.323543354077 4.1011
13dg13dg -4.51518492364 -1.46451667926 2.4896
13dg13dg- -4.51518492364 -1.46451667926 2.4871
13dg13dg-13dg -4.38320971193 -1.84085011803 2.2624
13dg13dg-13dg- -4.38348182576 -1.84085011803 2.2622
13dg13dg-13dg-13dg -4.3456580022 -2.10752167984 1.9625
13dg13dg-13dg-13dg- -4.3456580022 -2.10779379368 1.9623
13dg13dg-13dg13dg -4.3456580022 -2.10752167984 1.9625
13dg13dg-13dg13dg- -4.3456580022 -2.10752167984 1.9624
13dg13dg13dg -4.38348182576 -1.84112223187 2.2620
13dg13dg13dg- -4.38348182576 -1.84085011803 2.2625
13dg13dg13dg-13dg -4.34593011604 -2.10752167984 1.9626
13dg13dg13dg-13dg- -4.3456580022 -2.10779379368 1.9623
13dg13dg13dg13dg -4.34593011604 -2.10806590752 1.9623
13dg13dg13dg13dg- -4.3456580022 -2.10779379368 1.9622
13eg -4.48606874291 0.279188798388 4.1605
13eg13eg -3.78211024249 -0.801647368471 2.2395
13eg13eg- -3.78183812865 -0.802191596148 2.2367
13eg13eg-13eg -3.54645965828 -1.06723047493 2.0423
13eg13eg-13eg- -3.54673177212 -1.06723047493 2.0448
13eg13eg-13eg-13eg -3.42645745546 -1.2539005682 1.9075
13eg13eg-13eg-13eg- -3.42645745546 -1.2539005682 1.9075
13eg13eg-13eg13eg -3.42645745546 -1.2539005682 1.9076
13eg13eg-13eg13eg- -3.42618534162 -1.2539005682 1.9074
13eg13eg13eg -3.54700388595 -1.06723047493 2.0463
13eg13eg13eg- -3.54673177212 -1.06723047493 2.0430
13eg13eg13eg-13eg -3.42645745546 -1.2539005682 1.9076
13eg13eg13eg-13eg- -3.42618534162 -1.25417268204 1.9073
13eg13eg13eg13eg -3.42700168314 -1.25417268204 1.9078
13eg13eg13eg13eg- -3.42645745546 -1.25417268204 1.9073
13fg -4.28660929923 0.66722313221 3.8022
13fg13fg -3.47979176782 0.0859879729928 2.7866
13fg13fg- -3.47924754015 0.0884369975401 2.7857
13fg13fg-13fg -3.15951377981 -0.315107825081 2.4792
13fg13fg-13fg- -3.15978589365 -0.31537993892 2.4799
13fg13fg-13fg-13fg -2.98563303695 -0.565996784257 2.3145
13fg13fg-13fg-13fg- -2.98563303695 -0.565996784257 2.3156
13fg13fg-13fg13fg -2.98563303695 -0.565724670418 2.3148
13fg13fg-13fg13fg- -2.98536092312 -0.565724670418 2.3145
13fg13fg13fg -3.16005800749 -0.315652052758 2.4808
13fg13fg13fg- -3.16005800749 -0.315652052758 2.4797
13fg13fg13fg-13fg -2.98563303695 -0.566268898095 2.3143
13fg13fg13fg-13fg- -2.98563303695 -0.566268898095 2.3152
13fg13fg13fg13fg -2.98590515079 -0.566268898095 2.3155
13fg13fg13fg13fg- -2.98563303695 -0.565996784257 2.3150
13ga -4.28279970549 1.10423795698 4.3532
13ga13ga -3.78891308846 0.0476199217524 3.5955
13ga13ga- -3.78864097462 0.0476199217524 3.5955
13ga13ga-13ga -3.53067705564 -0.424497588192 2.9206
13ga13ga-13ga- -3.53067705564 -0.424497588192 2.9206
13ga13ga-13ga-13ga -3.39081054261 -0.700965248195 2.4993
13ga13ga-13ga-13ga- -3.39081054261 -0.700965248195 2.4993
13ga13ga-13ga13ga -3.39053842877 -0.700965248195 2.4993
13ga13ga-13ga13ga- -3.39053842877 -0.700965248195 2.4993
13ga13ga13ga -3.53094916948 -0.424497588192 2.9205
13ga13ga13ga- -3.53094916948 -0.424497588192 2.9206
13ga13ga13ga-13ga -3.39081054261 -0.700965248195 2.4993
13ga13ga13ga-13ga- -3.39081054261 -0.700965248195 2.4992
13ga13ga13ga13ga -3.39081054261 -0.700965248195 2.4994
13ga13ga13ga13ga- -3.39081054261 -0.700965248195 2.4993
13gd -4.99927544248 -0.416878400712 3.9930
13gd13gd -4.49994654868 -1.33335780907 2.8755
13gd13gd- -4.49994654868 -1.3336299229 2.8753
13gd13gd-13gd -4.27817377023 -1.82180214933 2.2268
13gd13gd-13gd- -4.27817377023 -1.82153003549 2.2270
13gd13gd-13gd-13gd -4.17694742228 -2.14806664179 1.8070
13gd13gd-13gd-13gd- -4.17694742228 -2.14806664179 1.8071
13gd13gd-13gd13gd -4.17694742228 -2.14806664179 1.8071
13gd13gd-13gd13gd- -4.17694742228 -2.14806664179 1.8069
13gd13gd13gd -4.27844588407 -1.82153003549 2.2270
13gd13gd13gd- -4.27844588407 -1.82153003549 2.2269
13gd13gd13gd-13gd -4.17721953612 -2.14806664179 1.8071
13gd13gd13gd-13gd- -4.17721953612 -2.14833875563 1.8070
13gd13gd13gd13gd -4.17721953612 -2.14779452795 1.8075
13ge -4.48062646614 0.176329767403 4.0422
13ge13ge -3.81802926918 -0.669672156757 2.7933
13ge13ge- -3.81802926918 -0.670216384435 2.7928
13ge13ge-13ge -3.48605038611 -1.062060312 2.2010
13ge13ge-13ge- -3.48605038611 -1.06151608432 2.2013
13ge13ge-13ge-13ge -3.30808793568 -1.31648675107 1.7925
13ge13ge-13ge-13ge- -3.30836004952 -1.31621463724 1.7927
13ge13ge-13ge13ge -3.30808793568 -1.31648675107 1.7926
13ge13ge-13ge13ge- -3.30808793568 -1.31675886491 1.7923
13ge13ge13ge -3.48632249995 -1.06151608432 2.2014
13ge13ge13ge- -3.48632249995 -1.06178819816 2.2012
13ge13ge13ge-13ge -3.30836004952 -1.31648675107 1.7926
13ge13ge13ge-13ge- -3.30836004952 -1.31675886491 1.7925
13ge13ge13ge13ge -3.30863216335 -1.3159425234 1.7932
13ge13ge13ge13ge- -3.30836004952 -1.31648675107 1.7927
13gf -4.08606140019 1.28900325338 4.3412
13gf13gf -3.72986438548 0.0269392700199 3.4377
13gf13gf- -3.72932015781 0.0269392700199 3.4368
13gf13gf-13gf -3.40251143767 -0.489260681776 2.8200
13gf13gf-13gf- -3.4027835515 -0.489260681776 2.8200
13gf13gf-13gf-13gf -3.24005947603 -0.793483953314 2.3782
13gf13gf-13gf-13gf- -3.24033158987 -0.793756067152 2.3781
13gf13gf-13gf13gf -3.24005947603 -0.793211839475 2.3781
13gf13gf-13gf13gf- -3.23978736219 -0.793211839475 2.3782
13gf13gf13gf -3.40332777918 -0.489804909453 2.8197
13gf13gf13gf- -3.40305566534 -0.489260681776 2.8200
13gf13gf13gf-13gf -3.24033158987 -0.793483953314 2.3782
13gf13gf13gf-13gf- -3.24033158987 -0.793756067152 2.3778
13gf13gf13gf13gf -3.24060370371 -0.793756067152 2.3783
13gf13gf13gf13gf- -3.24033158987 -0.793756067152 2.3780
13gg -4.11136798718 0.394020838271 3.3964
13gg13gg -3.35570785743 -0.477831900555 1.9644
13gg13gg- -3.35516362975 -0.478376128232 1.9624
13gg13gg13gg -3.10808426432 -0.926547620382 1.6609
13gg13gg13gg- -3.10754003664 -0.925187051189 1.6588
13gh -4.07055091139 1.05906705977 4.0485
13gh13gh -3.41557290192 0.0892533390559 3.0514
13gh13gh- -3.41530078808 0.0900696805716 3.0494
13gh13gh-13gh -3.04087214619 -0.376333438763 2.4989
13gh13gh-13gh- -3.04060003235 -0.37687766644 2.4977
13gh13gh-13gh-13gh -2.84250115786 -0.64409345593 2.1098
13gh13gh-13gh-13gh- -2.84304538554 -0.643821342092 2.1107
13gh13gh-13gh13gh- -2.84250115786 -0.644909797446 2.1089
13gh13gh13gh -3.04223271538 -0.374156528054 2.5035
13gh13gh13gh- -3.0416884877 -0.37497286957 2.5017
13gh13gh13gh-13gh- -2.84413384089 -0.642460772899 2.1132
13gh13gh13gh13gh -2.84386172705 -0.643005000576 2.1116
13gh13gh13gh13gh- -2.84386172705 -0.643005000576 2.1120
13gi -4.19381848027 1.17172218895 4.4746
13gi13gi -3.61122275186 -0.111294559981 3.1606
13gi13gi- -3.60578047509 -0.114559926044 3.1459
13gi13gi-13gi -3.24931134654 -0.585588980635 2.4776
13gi13gi-13gi- -3.25203248493 -0.583684183765 2.4833
13gi13gi-13gi-13gi -3.06155279792 -0.859335502251 2.0674
13gi13gi-13gi-13gi- -3.05992011489 -0.859879729928 2.0646
13gi13gi-13gi13gi -3.06182491176 -0.858247046897 2.0686
13gi13gi-13gi13gi- -3.06019222873 -0.85960761609 2.0655
13gi13gi13gi -3.24849500503 -0.587765891343 2.4739
13gi13gi13gi- -3.25121614341 -0.58640532215 2.4791
13gi13gi13gi-13gi -3.05992011489 -0.861240299121 2.0638
13gi13gi13gi-13gi- -3.05801531802 -0.862328754476 2.0608
13gi13gi13gi13gi -3.06019222873 -0.859879729928 2.0655
13gi13gi13gi13gi- -3.05828743186 -0.861240299121 2.0621
13gl -3.92306521088 0.995120307705 3.8289
13gl13gl -3.38754517654 0.318645304983 3.4538
13gl13gl- -3.3872730627 0.318373191144 3.4542
13gl13gl-13gl -3.02454531587 -0.051157401654 2.8543
13gl13gl-13gl- -3.02454531587 -0.0508852878154 2.8544
13gl13gl-13gl-13gl -2.80903115571 -0.253065869884 2.4401
13gl13gl-13gl-13gl- -2.80903115571 -0.253065869884 2.4401
13gl13gl-13gl13gl -2.80903115571 -0.253337983723 2.4401
13gl13gl-13gl13gl- -2.80903115571 -0.253337983723 2.4400
13gl13gl13gl -3.02481742971 -0.0508852878154 2.8545
13gl13gl13gl- -3.02454531587 -0.0508852878154 2.8545
13gl13gl13gl-13gl -2.80903115571 -0.253065869884 2.4402
13gl13gl13gl-13gl- -2.80903115571 -0.253337983723 2.4400
13gl13gl13gl13gl -2.80930326955 -0.252793756045 2.4404
13gl13gl13gl13gl- -2.80903115571 -0.253065869884 2.4402
13hg -4.02211464812 1.15076942338 4.0299
13hg13hg -3.37965387522 -0.112383015336 2.7375
13hg13hg- -3.376660623 -0.119730088977 2.7249
13hg13hg-13hg -3.07842385591 -0.626406056422 2.2568
13hg13hg-13hg- -3.08032865278 -0.622324348844 2.2619
13hg13hg-13hg-13hg -2.91950937418 -0.91729574987 1.9191
13hg13hg-13hg-13hg- -2.9189651465 -0.920016888256 1.9161
13hg13hg-13hg13hg -2.91978148802 -0.917023636031 1.9189
13hg13hg-13hg13hg- -2.91869303266 -0.91920054674 1.9163
13hg13hg13hg -3.07815174207 -0.629127194808 2.2546
13hg13hg13hg- -3.07924019743 -0.624501259552 2.2607
13hg13hg13hg-13hg -2.91787669115 -0.918384205224 1.9171
13hg13hg13hg-13hg- -2.91706034963 -0.92110534361 1.9139
13hg13hg13hg13hg -2.91869303266 -0.918112091385 1.9167
13hg13hg13hg13hg- -2.91733246347 -0.920289002094 1.9139
13ig -4.18102912986 1.18913747462 4.3510
13ig13ig -3.52795591725 -0.269392700199 2.7585
13ig13ig- -3.53666356009 -0.262045626557 2.7764
13ig13ig-13ig -3.24033158987 -0.712938257092 2.3043
13ig13ig-13ig- -3.23706622381 -0.717836306187 2.2967
13ig13ig-13ig-13ig -3.08250556349 -0.975528111327 1.9676
13ig13ig-13ig-13ig- -3.0846824742 -0.97307908678 1.9712
13ig13ig-13ig13ig -3.08386613268 -0.975255997488 1.9694
13ig13ig-13ig13ig- -3.08631515723 -0.972534859102 1.9736
13ig13ig13ig -3.23761045148 -0.710217118707 2.3032
13ig13ig13ig- -3.23407297158 -0.714298826285 2.2968
13ig13ig13ig-13ig -3.08060076662 -0.970902176071 1.9695
13ig13ig13ig-13ig- -3.08277767733 -0.968725265362 1.9729
13ig13ig13ig13ig -3.08223344965 -0.970902176071 1.9708
13ig13ig13ig13ig- -3.08413824652 -0.968181037685 1.9748
13lg -4.06483652078 1.14940885418 4.1846
4ag -5.12199878368 -0.133880008584 4.3045
4ag4ag -4.80661884476 -1.01389616257 3.3530
4ag4ag- -4.8068909586 -1.01389616257 3.3531
4ag4ag-4ag -4.64688802151 -1.33226935371 2.9645
4ag4ag-4ag- -4.64688802151 -1.33226935371 2.9645
4ag4ag-4ag-4ag -4.54212419366 -1.50805489344 2.7287
4ag4ag-4ag-4ag- -4.54212419366 -1.50805489344 2.7287
4ag4ag-4ag4ag -4.54212419366 -1.50805489344 2.7286
4ag4ag-4ag4ag- -4.54212419366 -1.50805489344 2.7286
4ag4ag4ag -4.64688802151 -1.33199723987 2.9646
4ag4ag4ag- -4.64688802151 -1.33199723987 2.9646
4ag4ag4ag-4ag -4.54212419366 -1.50805489344 2.7286
4ag4ag4ag-4ag- -4.54212419366 -1.50805489344 2.7287
4ag4ag4ag4ag -4.54212419366 -1.5077827796 2.7288
4ag4ag4ag4ag- -4.54212419366 -1.50805489344 2.7288
4dg -5.76690858113 -1.31539829572 4.2209
4dg4dg -5.73507126202 -2.01609143008 3.3758
4dg4dg- -5.73507126202 -2.01609143008 3.3754
4dg4dg-4dg -5.69806377997 -2.31024648959 3.0587
4dg4dg-4dg- -5.69806377997 -2.31024648959 3.0590
4dg4dg-4dg-4dg -5.6531649966 -2.47895706951 2.8579
4dg4dg-4dg-4dg- -5.6531649966 -2.47868495567 2.8581
4dg4dg-4dg4dg -5.6531649966 -2.47868495567 2.8578
4dg4dg-4dg4dg- -5.6531649966 -2.47895706951 2.8577
4dg4dg4dg -5.69806377997 -2.30997437575 3.0593
4dg4dg4dg- -5.69806377997 -2.31024648959 3.0590
4dg4dg4dg-4dg -5.6531649966 -2.47895706951 2.8578
4dg4dg4dg-4dg- -5.6531649966 -2.47868495567 2.8581
4dg4dg4dg4dg -5.6531649966 -2.47868495567 2.8583
4dg4dg4dg4dg- -5.6531649966 -2.47868495567 2.8582
4eg -5.02567048482 -0.759741837329 4.0217
4eg4eg -4.88036169502 -1.31621463724 3.2354
4eg4eg- -4.88036169502 -1.31648675107 3.2350
4eg4eg-4eg -4.78131225778 -1.55921229509 2.9091
4eg4eg-4eg- -4.78158437161 -1.55921229509 2.9094
4eg4eg-4eg-4eg -4.70648095216 -1.69064327913 2.7162
4eg4eg-4eg-4eg- -4.706753066 -1.69064327913 2.7164
4eg4eg-4eg4eg -4.70648095216 -1.69064327913 2.7162
4eg4eg-4eg4eg- -4.70648095216 -1.69064327913 2.7160
4eg4eg4eg -4.78158437161 -1.55894018125 2.9096
4eg4eg4eg- -4.78158437161 -1.55921229509 2.9094
4eg4eg4eg-4eg -4.70648095216 -1.69064327913 2.7162
4eg4eg4eg-4eg- -4.706753066 -1.69064327913 2.7164
4eg4eg4eg4eg -4.706753066 -1.69037116529 2.7165
4eg4eg4eg4eg- -4.706753066 -1.69064327913 2.7164
4fg -4.52906272941 -0.179050905789 3.8067
4fg4fg -4.26266328143 -0.724094924474 3.1343
4fg4fg- -4.26266328143 -0.724367038313 3.1340
4fg4fg-4fg -4.10483725505 -0.98641266487 2.7925
4fg4fg-4fg- -4.10483725505 -0.98641266487 2.7927
4fg4fg-4fg-4fg -3.9951753781 -1.122741698 2.5800
4fg4fg-4fg-4fg- -3.9951753781 -1.122741698 2.5802
4fg4fg-4fg4fg -3.9951753781 -1.122741698 2.5800
4fg4fg-4fg4fg- -3.9951753781 -1.122741698 2.5799
4fg4fg4fg -4.10483725505 -0.986140551032 2.7929
4fg4fg4fg- -4.10483725505 -0.98641266487 2.7927
4fg4fg4fg-4fg -3.99490326427 -1.122741698 2.5799
4fg4fg4fg-4fg- -3.9951753781 -1.122741698 2.5802
4fg4fg4fg4fg -3.9951753781 -1.12246958416 2.5803
4fg4fg4fg4fg- -3.9951753781 -1.122741698 2.5802
4ga -5.12417569439 -0.150206838899 4.3181
4ga4ga -4.82185721972 -0.997569332252 3.3824
4ga4ga- -4.82185721972 -0.997569332252 3.3824
4ga4ga-4ga -4.65069761525 -1.32519439391 2.9792
4ga4ga-4ga- -4.65042550142 -1.32519439391 2.9792
4ga4ga-4ga-4ga -4.53314443699 -1.50533375505 2.7288
4ga4ga-4ga-4ga- -4.53314443699 -1.50533375505 2.7288
4ga4ga-4ga4ga -4.53314443699 -1.50533375505 2.7288
4ga4ga-4ga4ga- -4.53314443699 -1.50533375505 2.7287
4ga4ga4ga -4.65042550142 -1.32519439391 2.9792
4ga4ga4ga- -4.65042550142 -1.32519439391 2.9791
4ga4ga4ga-4ga -4.53314443699 -1.50533375505 2.7287
4ga4ga4ga-4ga- -4.53314443699 -1.50533375505 2.7287
4ga4ga4ga4ga -4.53314443699 -1.50506164121 2.7288
4ga4ga4ga4ga- -4.53314443699 -1.50533375505 2.7288
4gd -5.76364321507 -1.30369740066 4.2261
4gd4gd -5.7426904495 -1.9725532159 3.3624
4gd4gd- -5.7426904495 -1.9725532159 3.3619
4gd4gd-4gd -5.67629467288 -2.25065355894 3.0627
4gd4gd-4gd- -5.67656678672 -2.25065355894 3.0630
4gd4gd-4gd-4gd -5.60091913959 -2.41147283754 2.8548
4gd4gd-4gd-4gd- -5.60091913959 -2.41147283754 2.8550
4gd4gd-4gd4gd -5.60091913959 -2.41147283754 2.8549
4gd4gd-4gd4gd- -5.60091913959 -2.41147283754 2.8547
4gd4gd4gd -5.67656678672 -2.25065355894 3.0631
4gd4gd4gd- -5.67629467288 -2.25065355894 3.0628
4gd4gd4gd-4gd -5.60091913959 -2.41147283754 2.8548
4gd4gd4gd-4gd- -5.60091913959 -2.41147283754 2.8549
4gd4gd4gd4gd -5.60091913959 -2.4112007237 2.8551
4gd4gd4gd4gd- -5.60091913959 -2.4112007237 2.8549
4ge -5.02539837099 -0.752122649849 4.0260
4ge4ge -4.89342315927 -1.27703024448 3.2392
4ge4ge- -4.89315104543 -1.27730235832 3.2386
4ge4ge-4ge -4.78621030687 -1.51349717021 2.9375
4ge4ge-4ge- -4.78621030687 -1.51349717021 2.9377
4ge4ge-4ge-4ge -4.69995022004 -1.64220701586 2.7462
4ge4ge-4ge-4ge- -4.69995022004 -1.64193490202 2.7463
4ge4ge-4ge4ge -4.69995022004 -1.64220701586 2.7462
4ge4ge-4ge4ge- -4.69995022004 -1.64220701586 2.7461
4ge4ge4ge -4.78621030687 -1.51349717021 2.9380
4ge4ge4ge- -4.78621030687 -1.51349717021 2.9377
4ge4ge4ge-4ge -4.69995022004 -1.64193490202 2.7461
4ge4ge4ge-4ge- -4.69995022004 -1.64193490202 2.7463
4ge4ge4ge4ge -4.70022233388 -1.64193490202 2.7465
4ge4ge4ge4ge- -4.69995022004 -1.64193490202 2.7463
4gf -4.52525313567 -0.164356758505 3.8235
4gf4gf -4.2694661274 -0.691985491521 3.1832
4gf4gf- -4.2694661274 -0.69225760536 3.1829
4gf4gf-4gf -4.09803440909 -0.95566380111 2.8292
4gf4gf-4gf- -4.09803440909 -0.955391687272 2.8293
4gf4gf-4gf-4gf -3.9725899295 -1.09090437889 2.6012
4gf4gf-4gf-4gf- -3.9725899295 -1.09090437889 2.6013
4gf4gf-4gf4gf -3.9725899295 -1.09090437889 2.6011
4gf4gf-4gf4gf- -3.9725899295 -1.09090437889 2.6010
4gf4gf4gf -4.09803440909 -0.955391687272 2.8296
4gf4gf4gf- -4.09803440909 -0.955391687272 2.8294
4gf4gf4gf-4gf -3.9725899295 -1.09090437889 2.6012
4gf4gf4gf-4gf- -3.9725899295 -1.09090437889 2.6012
4gf4gf4gf4gf -3.9725899295 -1.09063226505 2.6015
4gf4gf4gf4gf- -3.9725899295 -1.09090437889 2.6013
4gg -4.08796619706 -0.370346934314 3.1817
4gg4gg -3.92932382917 -0.876206560243 2.6724
4gg4gg- -3.92932382917 -0.876750787921 2.6720
4gg4gg-4gg -3.82564845667 -1.15702804166 2.3476
4gg4gg-4gg- -3.82564845667 -1.15675592782 2.3478
4gg4gg-4gg-4gg -3.7581642247 -1.30696276672 2.1548
4gg4gg-4gg-4gg- -3.7581642247 -1.30696276672 2.1550
4gg4gg-4gg4gg -3.75789211086 -1.30696276672 2.1548
4gg4gg-4gg4gg- -3.7581642247 -1.30696276672 2.1547
4gg4gg4gg -3.82564845667 -1.15675592782 2.3480
4gg4gg4gg- -3.82564845667 -1.15675592782 2.3478
4gg4gg4gg-4gg -3.75789211086 -1.30696276672 2.1548
4gg4gg4gg-4gg- -3.7581642247 -1.30696276672 2.1550
4gg4gg4gg4gg -3.75789211086 -1.30669065288 2.1551
4gg4gg4gg4gg- -3.7581642247 -1.30669065288 2.1550
4gh -4.20878474139 -0.0669400042919 3.6086
4gh4gh -3.97041301879 -0.679196141108 2.8964
4gh4gh- -3.96741976657 -0.680828824139 2.8923
4gh4gh-4gh -3.8188456107 -0.971990631425 2.5181
4gh4gh-4gh- -3.81694081383 -0.972806972941 2.5162
4gh4gh-4gh-4gh- -3.71761926275 -1.13634738993 2.2869
4gh4gh-4gh4gh -3.7187077181 -1.13607527609 2.2882
4gh4gh-4gh4gh- -3.71734714891 -1.13661950377 2.2868
4gh4gh4gh -3.81830138302 -0.971990631425 2.5182
4gh4gh4gh- -3.81666869999 -0.972806972941 2.5159
4gh4gh4gh-4gh -3.71789137659 -1.13689161761 2.2864
4gh4gh4gh-4gh- -3.71680292123 -1.13716373145 2.2853
4gh4gh4gh4gh -3.71789137659 -1.13661950377 2.2870
4gi -4.74539323108 -0.110206104627 4.0210
4gi4gi -4.44797280551 -0.754843788235 3.2298
4gi4gi- -4.45205451309 -0.751306308333 3.2382
4gi4gi-4gi -4.27844588407 -1.05389689684 2.8452
4gi4gi-4gi- -4.28089490862 -1.05171998613 2.8495
4gi4gi-4gi-4gi -4.16715132409 -1.2144440616 2.6172
4gi4gi-4gi-4gi- -4.16851189328 -1.21335560625 2.6195
4gi4gi-4gi4gi -4.16715132409 -1.21417194777 2.6170
4gi4gi-4gi4gi- -4.16851189328 -1.21335560625 2.6190
4gi4gi4gi -4.27844588407 -1.05226421381 2.8468
4gi4gi4gi- -4.28089490862 -1.05035941694 2.8507
4gi4gi4gi-4gi -4.16769555177 -1.21362772009 2.6191
4gi4gi4gi-4gi- -4.16905612096 -1.21253926473 2.6213
4gi4gi4gi4gi -4.16769555177 -1.21308349241 2.6193
4gi4gi4gi4gi- -4.1693282348 -1.2122671509 2.6212
4gl -4.51736183435 -0.12299545504 3.8628
4hg -4.20660783068 -0.0650352074218 3.6042
4hg4hg -3.94673911484 -0.684366304041 2.8596
4hg4hg- -3.94320163493 -0.687903783943 2.8532
4hg4hg-4hg -3.78918520229 -0.974167542134 2.4830
4hg4hg-4hg- -3.78646406391 -0.976616566681 2.4781
4hg4hg-4hg-4hg -3.68795885434 -1.13879641448 2.2540
4hg4hg-4hg-4hg- -3.68578194363 -1.14097332519 2.2499
4hg4hg-4hg4hg -3.68850308202 -1.13798007296 2.2551
4hg4hg-4hg4hg- -3.68605405747 -1.14042909751 2.2507
4hg4hg4hg -3.78945731613 -0.973351200618 2.4837
4hg4hg4hg- -3.78646406391 -0.976344452843 2.4783
4hg4hg4hg-4hg- -3.68550982979 -1.14097332519 2.2497
4hg4hg4hg4hg -3.68823096818 -1.13770795912 2.2552
4ig -4.74158363734 -0.105035941694 4.0104
4ig4ig -4.43409499974 -0.768993707841 3.2071
4ig4ig- -4.43817670732 -0.764639886424 3.2165
4ig4ig-4ig -4.26919401356 -1.06151608432 2.8340
4ig4ig-4ig- -4.27245937962 -1.06015551513 2.8391
4ig4ig-4ig-4ig -4.16497441338 -1.22124690757 2.6134
4ig4ig-4ig-4ig- -4.16769555177 -1.22015845221 2.6170
4ig4ig-4ig4ig -4.16470229954 -1.22179113525 2.6122
4ig4ig-4ig4ig- -4.16742343793 -1.22097479373 2.6157
4ig4ig4ig -4.26919401356 -1.06260453967 2.8331
4ig4ig4ig- -4.27245937962 -1.06151608432 2.8378
4ig4ig4ig-4ig -4.16497441338 -1.22179113525 2.6132
4ig4ig4ig-4ig- -4.16742343793 -1.22070267989 2.6168
4ig4ig4ig4ig -4.1644301857 -1.22206324908 2.6123
4ig4ig4ig4ig- -4.16715132409 -1.22124690757 2.6158
4lg -4.51518492364 -0.122451227363 3.8514
5aa -6.4197096799 -0.103947486339 5.9678
5aa5aa -5.28798822522 -1.2919965056 3.8480
5aa5aa- -5.28771611138 -1.29226861944 3.8477
5aa5aa-5aa -4.83519079782 -1.75105255129 3.0132
5aa5aa-5aa- -4.83546291165 -1.75105255129 3.0134
5aa5aa-5aa-5aa- -4.59300948147 -1.99813191673 2.5480
5aa5aa-5aa5aa -4.59273736764 -1.99813191673 2.5479
5aa5aa-5aa5aa- -4.59273736764 -1.99813191673 2.5478
5aa5aa5aa -4.83546291165 -1.75078043746 3.0135
5aa5aa5aa- -4.83546291165 -1.75105255129 3.0134
5aa5aa5aa-5aa -4.59273736764 -1.99813191673 2.5479
5aa5aa5aa-5aa- -4.59273736764 -1.99813191673 2.5479
5aa5aa5aa5aa -4.59300948147 -1.99785980289 2.5481
5aa5aa5aa5aa- -4.59300948147 -1.99813191673 2.5480
5ad -7.04720419167 -1.32192902785 5.4543
5ad5ad -6.28827869586 -2.53501252026 3.5437
5ad5ad- -6.28827869586 -2.53501252026 3.5435
5ad5ad-5ad -5.9987495716 -3.03325295871 2.8253
5ad5ad-5ad- -5.9987495716 -3.03325295871 2.8254
5ad5ad-5ad-5ad -5.86323687999 -3.32468687983 2.4165
5ad5ad-5ad5ad -5.86323687999 -3.32495899367 2.4164
5ad5ad-5ad5ad- -5.86323687999 -3.32495899367 2.4164
5ad5ad5ad -5.99902168544 -3.03325295871 2.8255
5ad5ad5ad- -5.9987495716 -3.03325295871 2.8254
5ad5ad5ad-5ad -5.86323687999 -3.32495899367 2.4165
5ad5ad5ad5ad- -5.86323687999 -3.32468687983 2.4165
5ae -6.03521282597 -0.686271100911 5.1057
5ae5ae -5.3717992875 -1.69418075903 3.4650
5ae5ae- -5.3717992875 -1.69418075903 3.4649
5ae5ae-5ae -4.99111202732 -2.07813338527 2.7776
5ae5ae-5ae- -4.99111202732 -2.07813338527 2.7777
5ae5ae-5ae-5ae -4.77940746091 -2.28711681331 2.3787
5ae5ae-5ae-5ae- -4.77940746091 -2.28711681331 2.3787
5ae5ae-5ae5ae- -4.77940746091 -2.28711681331 2.3786
5ae5ae5ae -4.99111202732 -2.07813338527 2.7777
5ae5ae5ae- -4.99111202732 -2.07813338527 2.7777
5ae5ae5ae-5ae -4.77940746091 -2.28711681331 2.3787
5ae5ae5ae-5ae- -4.77940746091 -2.28711681331 2.3787
5ae5ae5ae5ae -4.77940746091 -2.28684469947 2.3788
5ae5ae5ae5ae- -4.77940746091 -2.28711681331 2.3787
5af -5.71629540715 0.0669400042919 5.4108
5af5af -5.01641861431 -1.10097259091 3.7187
5af5af- -5.01614650047 -1.10097259091 3.7187
5af5af-5af -4.68035802366 -1.58941693117 2.9596
5af5af-5af- -4.6806301375 -1.58941693117 2.9597
5af5af-5af-5af -4.49831386565 -1.86207499744 2.5191
5af5af-5af-5af- -4.49831386565 -1.86207499744 2.5192
5af5af-5af5af -4.49831386565 -1.86207499744 2.5191
5af5af-5af5af- -4.49804175181 -1.86207499744 2.5190
5af5af5af -4.6806301375 -1.58941693117 2.9598
5af5af5af- -4.6806301375 -1.58941693117 2.9597
5af5af5af-5af -4.49831386565 -1.86207499744 2.5191
5af5af5af-5af- -4.49831386565 -1.86207499744 2.5192
5af5af5af5af -4.49858597949 -1.86207499744 2.5192
5af5af5af5af- -4.49831386565 -1.86207499744 2.5192
5ag -4.88961356553 -0.140682854548 4.3776
5ag5ag -4.55355297488 -1.13607527609 3.0443
5ag5ag- -4.55328086104 -1.13553104841 3.0460
5ag5ag-5ag -4.37123670303 -1.54479026165 2.5661
5ag5ag-5ag- -4.37150881687 -1.54506237549 2.5655
5ag5ag-5ag-5ag -4.25558832163 -1.77037263383 2.2472
5ag5ag-5ag-5ag- -4.25586043547 -1.77064474767 2.2471
5ag5ag-5ag5ag -4.25558832163 -1.77037263383 2.2473
5ag5ag-5ag5ag- -4.25531620779 -1.77037263383 2.2472
5ag5ag5ag -4.37178093071 -1.54533448932 2.5648
5ag5ag5ag- -4.37150881687 -1.54533448932 2.5657
5ag5ag5ag-5ag -4.25558832163 -1.77064474767 2.2472
5ag5ag5ag-5ag- -4.25586043547 -1.77064474767 2.2474
5ag5ag5ag5ag -4.25586043547 -1.77091686151 2.2468
5ag5ag5ag5ag- -4.25558832163 -1.77064474767 2.2470
5ah -5.19492529242 0.2038132651 4.9862
5ah5ah -4.5374982584 -0.764912000262 3.5258
5ah5ah- -4.53613768921 -0.766000455617 3.5247
5ah5ah-5ah -4.15871579509 -1.16791259521 2.8316
5ah5ah-5ah- -4.15953213661 -1.16736836753 2.8328
5ah5ah-5ah-5ah -3.92986805684 -1.38642000759 2.4066
5ah5ah-5ah-5ah- -3.92932382917 -1.38669212143 2.4057
5ah5ah-5ah5ah -3.92905171533 -1.38642000759 2.4060
5ah5ah-5ah5ah- -3.92850748765 -1.38696423527 2.4051
5ah5ah5ah -4.15926002277 -1.16791259521 2.8319
5ah5ah5ah- -4.16034847812 -1.16736836753 2.8331
5ah5ah5ah-5ah -3.9309565122 -1.38696423527 2.4069
5ah5ah5ah-5ah- -3.93041228452 -1.38723634911 2.4060
5ah5ah5ah5ah -3.93014017068 -1.38669212143 2.4063
5ah5ah5ah5ah- -3.929595943 -1.38723634911 2.4054
5ai -6.00119859615 0.0239460177955 5.6725
5ai5ai -5.0120647929 -1.0084538858 3.8077
5ai5ai- -5.0156022728 -1.00654908893 3.8140
5ai5ai-5ai -4.57967590338 -1.41744098519 3.0421
5ai5ai-5ai- -4.57749899268 -1.41798521287 3.0389
5ai5ai-5ai-5ai -4.3350455625 -1.63730896677 2.5978
5ai5ai-5ai-5ai- -4.33667824553 -1.63703685293 2.5995
5ai5ai-5ai5ai -4.33558979017 -1.63676473909 2.5988
5ai5ai-5ai5ai- -4.3372224732 -1.63649262525 2.6005
5ai5ai5ai -4.57940378955 -1.41744098519 3.0418
5ai5ai5ai- -4.576954765 -1.4182573267 3.0387
5ai5ai5ai-5ai -4.3350455625 -1.63730896677 2.5985
5ai5ai5ai-5ai- -4.33667824553 -1.63703685293 2.6002
5ai5ai5ai5ai -4.33558979017 -1.63676473909 2.5995
5ai5ai5ai5ai- -4.3372224732 -1.63649262525 2.6011
5al -5.60227970879 0.0220412209254 5.2835
5al5al -4.63954094787 -0.923826481996 3.5581
5al5al- -4.63926883403 -0.924098595834 3.5580
5al5al-5al -4.14456587549 -1.30696276672 2.7731
5al5al-5al- -4.14456587549 -1.30696276672 2.7732
5al5al-5al-5al -3.85177138517 -1.51186448718 2.3039
5al5al-5al-5al- -3.85177138517 -1.51186448718 2.3039
5al5al-5al5al -3.85177138517 -1.51186448718 2.3038
5al5al-5al5al- -3.85149927133 -1.51186448718 2.3038
5al5al5al -4.14456587549 -1.30696276672 2.7733
5al5al5al- -4.14456587549 -1.30696276672 2.7732
5al5al5al-5al -3.85177138517 -1.51186448718 2.3039
5al5al5al-5al- -3.85177138517 -1.51186448718 2.3039
5al5al5al5al -3.85177138517 -1.51186448718 2.3040
5al5al5al5al- -3.85177138517 -1.51186448718 2.3039
5da -7.04720419167 -1.32192902785 5.4543
5da5da -6.28827869586 -2.53501252026 3.5437
5da5da- -6.28827869586 -2.53501252026 3.5435
5da5da-5da -5.9987495716 -3.03325295871 2.8253
5da5da-5da- -5.9987495716 -3.03325295871 2.8254
5da5da-5da-5da -5.86323687999 -3.32468687983 2.4165
5da5da-5da5da -5.86323687999 -3.32495899367 2.4165
5da5da-5da5da- -5.86323687999 -3.32495899367 2.4164
5da5da5da- -5.9987495716 -3.03325295871 2.8254
5da5da5da-5da -5.86323687999 -3.32495899367 2.4165
5da5da5da-5da- -5.86323687999 -3.32468687983 2.4165
5dd -7.63333739998 -1.97391378509 4.9665
5dd5dd -5.27030082571 -4.16279750267 0.0759
5dd5dd- -5.27111716723 -4.18293392673 0.0182
5dd5dd-5dd -5.05260975484 -4.14837546923 0.0536
5dd5dd-5dd- -5.05914048697 -4.14755912771 0.0109
5dd5dd-5dd-5dd -4.89369527311 -4.10810262112 0.1086
5dd5dd-5dd-5dd- -4.8569599049 -4.18674352047 -0.1403
5dd5dd-5dd5dd -4.87328673522 -4.14456587549 0.0345
5dd5dd-5dd5dd- -4.81913608134 -4.27871799791 -0.3284
5dd5dd5dd -5.03764349372 -4.16143693348 0.0551
5dd5dd5dd- -5.06158951152 -4.1467427862 0.0139
5dd5dd5dd-5dd- -4.88662031331 -4.16116481964 0.0280
5dd5dd5dd5dd -4.84335421297 -4.17504262541 -0.0724
5dd5dd5dd5dd- -4.85070128661 -4.18048490218 -0.1270
5de -6.59005294285 -1.43349570167 4.5646
5de5de -4.56661443913 -3.41584501576 0.2127
5de5de- -4.07680952968 -3.38400769664 -0.4547
5de5de-5de -4.33667824553 -3.51380599765 -0.1710
5de5de-5de- -4.43926516267 -3.52904437261 0.1106
5de5de-5de-5de -4.43844882116 -3.62673324066 0.0949
5de5de-5de-5de- -4.47953801078 -3.62564478531 0.0411
5de5de-5de5de -4.47219093714 -3.63816202188 0.0820
5de5de-5de5de- -4.42946906449 -3.6411552741 0.0271
5de5de5de -4.47110248179 -3.49720705349 0.0511
5de5de5de- -4.44116995954 -3.49720705349 0.1265
5de5de5de-5de -4.45668044834 -3.60061031216 0.0773
5de5de5de-5de- -4.31164377238 -3.69993186324 -0.3031
5de5de5de5de -4.51899451738 -3.58292291265 0.0690
5de5de5de5de- -4.47600053088 -3.58455559568 0.0558
5df -6.43576439637 -1.2419275593 4.6947
5df5df -5.73697605889 -2.42344584644 2.9687
5df5df- -5.73643183121 -2.42371796028 2.9678
5df5df-5df -5.50214181619 -2.89229799032 2.3599
5df5df-5df- -5.50268604386 -2.89229799032 2.3604
5df5df-5df-5df -5.38894245934 -3.17584061012 1.9843
5df5df-5df-5df- -5.38921457317 -3.17584061012 1.9845
5df5df-5df5df -5.38894245934 -3.17584061012 1.9843
5df5df-5df5df- -5.3886703455 -3.17584061012 1.9840
5df5df5df -5.5029581577 -2.89229799032 2.3606
5df5df5df- -5.50268604386 -2.89229799032 2.3603
5df5df5df-5df -5.38894245934 -3.17584061012 1.9842
5df5df5df-5df- -5.38894245934 -3.17584061012 1.9843
5df5df5df5df -5.38975880085 -3.17584061012 1.9849
5df5df5df5df- -5.38921457317 -3.17584061012 1.9844
5dg -5.52608783398 -1.33907219968 3.6471
5dg5dg -4.94866226851 -2.68385878996 1.2575
5dg5dg- -4.95165552073 -2.6876683837 1.2594
5dg5dg-5dg -4.7603594922 -2.77120733215 1.0913
5dg5dg-5dg- -4.75981526453 -2.7687583076 1.0949
5dg5dg-5dg-5dg -4.65151395677 -2.86590294798 1.0549
5dg5dg-5dg-5dg- -4.65151395677 -2.86590294798 1.0604
5dg5dg-5dg5dg -4.65151395677 -2.86617506181 1.0586
5dg5dg-5dg5dg- -4.65151395677 -2.86590294798 1.0542
5dg5dg5dg -4.75954315069 -2.76549294154 1.0968
5dg5dg5dg- -4.75954315069 -2.76930253528 1.0916
5dg5dg5dg-5dg -4.65151395677 -2.86318180959 1.0554
5dg5dg5dg-5dg- -4.65096972909 -2.86345392343 1.0595
5dg5dg5dg5dg -4.65151395677 -2.86236546807 1.0604
5dg5dg5dg5dg- -4.65124184293 -2.86263758191 1.0545
5dh -5.89099249152 -1.17716446572 4.1911
5dh5dh -5.1954695201 -2.18561835151 2.6145
5dh5dh- -5.19356472323 -2.19051640061 2.6104
5dh5dh-5dh -4.91519226636 -2.62426585931 2.0097
5dh5dh-5dh- -4.91736917707 -2.62372163164 2.0110
5dh5dh-5dh-5dh -4.75246819089 -2.89012107961 1.6217
5dh5dh-5dh-5dh- -4.75083550785 -2.88957685193 1.6210
5dh5dh-5dh5dh -4.75301241856 -2.89175376264 1.6208
5dh5dh-5dh5dh- -4.75083550785 -2.8914816488 1.6194
5dh5dh5dh -4.91437592484 -2.62072837941 2.0136
5dh5dh5dh- -4.91628072171 -2.62072837941 2.0142
5dh5dh5dh-5dh -4.75410087392 -2.88821628274 1.6258
5dh5dh5dh-5dh- -4.75246819089 -2.88767205506 1.6248
5dh5dh5dh5dh -4.75518932927 -2.88903262426 1.6256
5dh5dh5dh5dh- -4.75274030472 -2.88876051042 1.6240
5di -6.70923880415 -1.21825365534 4.9526
5di5di -5.20009545536 -2.39378543803 1.8321
5di5di- -5.24825960479 -2.40167673935 1.8666
5di5di-5di -5.14213520774 -2.82916757977 1.6443
5di5di-5di- -5.12036610065 -2.823725303 1.6293
5di5di-5di-5di -5.03573869685 -3.0762469452 1.4833
5di5di-5di-5di- -5.04907227494 -3.07951231127 1.4931
5di5di-5di5di -5.03328967231 -3.07896808359 1.4824
5di5di-5di5di- -5.04716747807 -3.08250556349 1.4950
5di5di5di -5.14240732158 -2.82563009987 1.6407
5di5di5di- -5.12335935288 -2.82073205077 1.6307
5di5di5di-5di -5.03873194908 -3.07515848985 1.4993
5di5di5di-5di- -5.05152129949 -3.07842385591 1.5091
5di5di5di5di -5.03601081069 -3.07679117288 1.4969
5di5di5di5di- -5.04934438878 -3.08060076662 1.5101
5dl -6.21752909783 -1.31730309259 4.3952
5dl5dl -5.50404661306 -2.25283046964 2.9713
5dl5dl- -5.5043187269 -2.25337469732 2.9846
5dl5dl-5dl -5.13886984168 -2.70236253099 2.2771
5dl5dl-5dl- -5.13886984168 -2.70236253099 2.2767
5dl5dl-5dl-5dl -4.93315177971 -2.97012254815 1.8452
5dl5dl-5dl-5dl- -4.93315177971 -2.96985043432 1.8450
5dl5dl-5dl5dl -4.93315177971 -2.97012254815 1.8453
5dl5dl-5dl5dl- -4.93287966587 -2.97012254815 1.8453
5dl5dl5dl -5.13886984168 -2.70209041715 2.2760
5dl5dl5dl- -5.13886984168 -2.70209041715 2.2768
5dl5dl5dl-5dl -4.93315177971 -2.96985043432 1.8453
5dl5dl5dl-5dl- -4.93315177971 -2.96985043432 1.8453
5dl5dl5dl5dl -4.93315177971 -2.96985043432 1.8451
5dl5dl5dl5dl- -4.93287966587 -2.96985043432 1.8452
5ea -6.03548493981 -0.686271100911 5.1057
5ea5ea -5.3717992875 -1.69418075903 3.4650
5ea5ea- -5.3717992875 -1.69418075903 3.4649
5ea5ea-5ea -4.99111202732 -2.07813338527 2.7776
5ea5ea-5ea- -4.99111202732 -2.07813338527 2.7777
5ea5ea-5ea-5ea -4.77940746091 -2.28711681331 2.3787
5ea5ea-5ea-5ea- -4.77940746091 -2.28711681331 2.3787
5ea5ea-5ea5ea -4.77940746091 -2.28711681331 2.3787
5ea5ea-5ea5ea- -4.77913534707 -2.28711681331 2.3786
5ea5ea5ea -4.99111202732 -2.07813338527 2.7777
5ea5ea5ea- -4.99111202732 -2.07813338527 2.7777
5ea5ea5ea-5ea -4.77940746091 -2.28711681331 2.3787
5ea5ea5ea-5ea- -4.77940746091 -2.28711681331 2.3787
5ea5ea5ea5ea -4.77940746091 -2.28684469947 2.3788
5ea5ea5ea5ea- -4.77940746091 -2.28711681331 2.3787
5ed -6.59032505669 -1.43349570167 4.5647
5ed5ed -4.56661443913 -3.41584501576 0.2128
5ed5ed- -4.07708164352 -3.38400769664 -0.4546
5ed5ed-5ed -4.3372224732 -3.51353388381 -0.1708
5ed5ed-5ed- -4.43790459348 -3.49557437046 0.1239
5ed5ed-5ed-5ed -4.4422584149 -3.63108706208 0.0912
5ed5ed-5ed-5ed- -4.46021792825 -3.59026998629 0.0898
5ed5ed-5ed5ed -4.43953727651 -3.5995218568 0.0798
5ed5ed-5ed5ed- -4.30647360944 -3.69530592798 -0.2964
5ed5ed5ed -4.47028614027 -3.5029214441 0.0359
5ed5ed5ed- -4.43463922742 -3.53258185251 0.1133
5ed5ed5ed-5ed -4.47518418937 -3.62646112682 0.0878
5ed5ed5ed-5ed- -4.44171418722 -3.66238015351 0.0362
5ed5ed5ed5ed -4.51790606203 -3.57394315597 0.0228
5ed5ed5ed5ed- -4.4923273612 -3.61612080095 0.0777
5ee -6.04473681033 -0.880288267822 4.5475
5ee5ee -4.45749678986 -2.95542840087 0.4832
5ee5ee- -4.50239557323 -2.95597262855 0.5616
5ee5ee-5ee -4.4422584149 -3.24060370371 0.5725
5ee5ee-5ee- -4.43273443055 -3.23978736219 0.5531
5ee5ee-5ee-5ee -4.25722100466 -3.46727453125 0.3083
5ee5ee-5ee-5ee- -4.25477198011 -3.46700241741 0.2999
5ee5ee-5ee5ee -4.25422775244 -3.46754664509 0.2970
5ee5ee-5ee5ee- -4.25939791537 -3.46809087276 0.3097
5ee5ee5ee -4.43219020287 -3.23869890684 0.5417
5ee5ee5ee- -4.43164597519 -3.23978736219 0.5533
5ee5ee5ee-5ee -4.25341141092 -3.46754664509 0.2951
5ee5ee5ee-5ee- -4.25232295557 -3.46754664509 0.2931
5ee5ee5ee5ee -4.24688067879 -3.46618607589 0.2774
5ee5ee5ee5ee- -4.25341141092 -3.46700241741 0.2948
5ef -5.77207874406 -0.603548493981 4.7075
5ef5ef -4.88117803654 -1.63023400696 2.8425
5ef5ef- -4.88036169502 -1.63077823464 2.8412
5ef5ef-5ef -4.52797427405 -1.99976459976 2.2787
5ef5ef-5ef- -4.52879061557 -1.99976459976 2.2794
5ef5ef-5ef-5ef -4.32933117189 -2.21282973537 1.9049
5ef5ef-5ef-5ef- -4.32960328572 -2.21282973537 1.9052
5ef5ef-5ef5ef -4.32933117189 -2.21282973537 1.9049
5ef5ef-5ef5ef- -4.32905905805 -2.21282973537 1.9044
5ef5ef5ef -4.52879061557 -1.99949248592 2.2796
5ef5ef5ef- -4.52851850173 -1.99976459976 2.2793
5ef5ef5ef-5ef -4.32933117189 -2.21282973537 1.9048
5ef5ef5ef-5ef- -4.32933117189 -2.21282973537 1.9049
5ef5ef5ef5ef -4.3301475134 -2.21255762153 1.9058
5ef5ef5ef5ef- -4.32960328572 -2.21282973537 1.9051
5eg -5.00689462996 -0.734435250341 3.7324
5eg5eg -4.16497441338 -2.25310258348 0.7469
5eg5eg- -4.18456660976 -2.26044965712 0.7454
5eg5eg-5eg -3.98755619062 -2.28630047179 0.7948
5eg5eg-5eg- -3.9881004183 -2.27868128431 0.7943
5eg5eg-5eg-5eg -3.85530886507 -2.25500738035 0.7331
5eg5eg-5eg-5eg- -3.85748577578 -2.24847664823 0.7400
5eg5eg-5eg5eg -3.85721366194 -2.24929298974 0.7416
5eg5eg-5eg5eg- -3.85530886507 -2.25609583571 0.7324
5eg5eg5eg -3.98891675982 -2.27732071512 0.7926
5eg5eg5eg- -3.98565139375 -2.28521201644 0.7946
5eg5eg5eg-5eg -3.85503675123 -2.25446315268 0.7339
5eg5eg5eg-5eg- -3.85585309275 -2.24956510358 0.7369
5eg5eg5eg5eg -3.85857423113 -2.24657185136 0.7468
5eg5eg5eg5eg- -3.85558097891 -2.25473526651 0.7340
5eh -5.34866961123 -0.562459304355 4.2586
5eh5eh -4.41858451094 -1.47349643594 2.4171
5eh5eh- -4.41667971407 -1.47893871271 2.4204
5eh5eh-5eh -4.04823757663 -1.8343193859 1.9125
5eh5eh-5eh- -4.05123082885 -1.83323093055 1.9132
5eh5eh-5eh-5eh -3.81911772454 -2.04357492777 1.5420
5eh5eh-5eh-5eh- -3.81694081383 -2.0430307001 1.5412
5eh5eh-5eh5eh -3.81966195222 -2.04547972464 1.5408
5eh5eh-5eh5eh- -3.81694081383 -2.04547972464 1.5391
5eh5eh5eh -4.04769334895 -1.83023767832 1.9174
5eh5eh5eh- -4.04987025966 -1.82996556448 1.9169
5eh5eh5eh-5eh -3.82129463525 -2.04139801706 1.5472
5eh5eh5eh-5eh- -3.8188456107 -2.04112590323 1.5461
5eh5eh5eh5eh -3.8223830906 -2.04248647242 1.5472
5eh5eh5eh5eh- -3.81938983838 -2.04275858626 1.5452
5ei -5.9486806253 -0.603004266304 4.9362
5ei5ei -3.85149927133 -1.67975872558 1.2014
5ei5ei- -3.87163569539 -1.69336441751 1.1904
5ei5ei-5ei -3.77095357511 -2.02180582069 1.0231
5ei5ei-5ei- -3.75870845237 -2.01282606401 1.0290
5ei5ei-5ei-5ei -3.67435316241 -2.19704713273 0.9219
5ei5ei-5ei-5ei- -3.68850308202 -2.20221729567 0.9267
5ei5ei-5ei5ei -3.66265226735 -2.20140095415 0.9029
5ei5ei-5ei5ei- -3.67299259322 -2.2073874586 0.9023
5ei5ei5ei -3.78700829159 -2.0155472024 1.0515
5ei5ei5ei- -3.77095357511 -2.00738378724 1.0498
5ei5ei5ei-5ei -3.67952332535 -2.19405388051 0.9295
5ei5ei5ei-5ei- -3.69340113111 -2.19922404344 0.9342
5ei5ei5ei5ei -3.66972722716 -2.19731924657 0.9141
5ei5ei5ei5ei- -3.67952332535 -2.20330575102 0.9128
5el -5.60989889627 -0.74804094227 4.3384
5el5el -4.6411736309 -1.57962083299 2.1125
5el5el- -4.64035728939 -1.58016506066 2.1095
5el5el-5el -4.35327718968 -1.95541004407 1.6830
5el5el-5el- -4.35246084817 -1.95513793023 1.6849
5el5el-5el-5el -4.09966709212 -2.16602615514 1.4757
5el5el-5el-5el- -4.09939497828 -2.16602615514 1.4764
5el5el-5el5el -4.09993920596 -2.16629826897 1.4758
5el5el-5el5el- -4.09966709212 -2.16629826897 1.4745
5el5el5el -4.34865125443 -1.95459370256 1.6853
5el5el5el- -4.35164450665 -1.95486581639 1.6840
5el5el5el-5el -4.09966709212 -2.16602615514 1.4747
5el5el5el-5el- -4.09966709212 -2.1657540413 1.4750
5el5el5el5el -4.09966709212 -2.16548192746 1.4776
5el5el5el5el- -4.09939497828 -2.1657540413 1.4759
5fa -5.66894759924 0.0443545556893 5.3503
5fa5fa -4.74811436947 -0.921921685126 3.6426
5fa5fa- -4.74811436947 -0.921921685126 3.6425
5fa5fa-5fa -4.26157482608 -1.3145819542 2.8556
5fa5fa-5fa- -4.26157482608 -1.3145819542 2.8557
5fa5fa-5fa-5fa -3.97340627102 -1.52574229295 2.3799
5fa5fa-5fa-5fa- -3.97340627102 -1.52547017911 2.3800
5fa5fa-5fa5fa -3.97340627102 -1.52574229295 2.3799
5fa5fa-5fa5fa- -3.97313415718 -1.52574229295 2.3798
5fa5fa5fa -4.26157482608 -1.3145819542 2.8557
5fa5fa5fa- -4.26157482608 -1.3145819542 2.8557
5fa5fa5fa-5fa -3.97340627102 -1.52574229295 2.3799
5fa5fa5fa-5fa- -3.97340627102 -1.52574229295 2.3799
5fa5fa5fa5fa -3.97340627102 -1.52547017911 2.3801
5fa5fa5fa5fa- -3.97340627102 -1.52547017911 2.3800
5fd -6.39630788978 -1.3801613893 4.5155
5fd5fd -5.62323247436 -2.32466852303 3.0329
5fd5fd- -5.62296036052 -2.32521275071 3.0323
5fd5fd-5fd -5.26431432126 -2.79841871601 2.2968
5fd5fd-5fd- -5.2645864351 -2.79814660217 2.2971
5fd5fd-5fd-5fd -5.06730390213 -3.0846824742 1.8529
5fd5fd-5fd-5fd- -5.06730390213 -3.0846824742 1.8531
5fd5fd-5fd5fd -5.06703178829 -3.0846824742 1.8529
5fd5fd-5fd5fd- -5.06703178829 -3.08495458804 1.8526
5fd5fd5fd -5.26485854894 -2.79814660217 2.2974
5fd5fd5fd- -5.26485854894 -2.79814660217 2.2971
5fd5fd5fd-5fd -5.06730390213 -3.08495458804 1.8530
5fd5fd5fd-5fd- -5.06730390213 -3.08495458804 1.8530
5fd5fd5fd5fd -5.06757601597 -3.08441036036 1.8535
5fd5fd5fd5fd- -5.06757601597 -3.0846824742 1.8531
5fe -5.82677362562 -0.75566012975 4.5503
5fe5fe -4.82158510589 -1.57553912541 2.9498
5fe5fe- -4.82104087821 -1.57608335308 2.9493
5fe5fe-5fe -4.36388962939 -1.95731484094 2.2396
5fe5fe-5fe- -4.36416174322 -1.95677061326 2.2400
5fe5fe-5fe-5fe -4.10266034434 -2.17473379797 1.8146
5fe5fe-5fe-5fe- -4.10266034434 -2.17473379797 1.8149
5fe5fe-5fe5fe -4.10238823051 -2.17473379797 1.8146
5fe5fe-5fe5fe- -4.10238823051 -2.17527802565 1.8143
5fe5fe5fe -4.3647059709 -1.95677061326 2.2405
5fe5fe5fe- -4.36443385706 -1.9570427271 2.2402
5fe5fe5fe-5fe -4.10266034434 -2.17500591181 1.8147
5fe5fe5fe-5fe- -4.10293245818 -2.17500591181 1.8148
5fe5fe5fe5fe -4.10320457202 -2.17418957029 1.8155
5fe5fe5fe5fe- -4.10293245818 -2.17473379797 1.8150
5ff -5.44989595918 0.333611566105 5.4410
5ff5ff -4.51083110222 -0.736612161049 3.6198
5ff5ff- -4.51028687454 -0.736612161049 3.6192
5ff5ff-5ff -4.05095871501 -1.14913674034 2.8407
5ff5ff-5ff- -4.05123082885 -1.14913674034 2.8409
5ff5ff-5ff-5ff -3.79544382058 -1.36301821747 2.4007
5ff5ff-5ff-5ff- -3.79571593442 -1.36301821747 2.4007
5ff5ff-5ff5ff -3.79544382058 -1.36301821747 2.4006
5ff5ff-5ff5ff- -3.79517170674 -1.36301821747 2.4005
5ff5ff5ff -4.05150294269 -1.14913674034 2.8410
5ff5ff5ff- -4.05123082885 -1.14913674034 2.8409
5ff5ff5ff-5ff -3.79544382058 -1.36301821747 2.4006
5ff5ff5ff-5ff- -3.79571593442 -1.36329033131 2.4006
5ff5ff5ff5ff -3.79598804826 -1.36301821747 2.4009
5ff5ff5ff5ff- -3.79571593442 -1.36301821747 2.4007
5fg -4.91111055878 -0.0484362632681 3.9237
5fg5fg -4.04578855208 -1.02151535005 2.4188
5fg5fg- -4.04551643824 -1.02042689469 2.4169
5fg5fg-5fg -3.76115747692 -1.34424236261 2.1425
5fg5fg-5fg- -3.7617017046 -1.34478659029 2.1445
5fg5fg-5fg-5fg -3.60169876751 -1.4993472506 2.0104
5fg5fg-5fg-5fg- -3.60224299519 -1.49989147828 2.0111
5fg5fg-5fg5fg -3.60197088135 -1.4993472506 2.0110
5fg5fg-5fg5fg- -3.60142665367 -1.49907513676 2.0115
5fg5fg5fg -3.76197381844 -1.34533081796 2.1461
5fg5fg5fg- -3.76142959076 -1.34478659029 2.1429
5fg5fg5fg-5fg -3.60169876751 -1.4993472506 2.0096
5fg5fg5fg-5fg- -3.60197088135 -1.50016359212 2.0106
5fg5fg5fg5fg -3.60224299519 -1.49961936444 2.0102
5fg5fg5fg5fg- -3.60197088135 -1.4993472506 2.0111
5fh -5.15519667199 0.405993847169 4.8119
5fh5fh -4.13204863891 -0.55184686465 3.3485
5fh5fh- -4.12932750053 -0.552663206166 3.3432
5fh5fh-5fh -3.64931868926 -0.914574611484 2.6402
5fh5fh-5fh- -3.6495908031 -0.914574611484 2.6408
5fh5fh-5fh-5fh -3.36849720784 -1.09416974495 2.2248
5fh5fh-5fh-5fh- -3.36849720784 -1.09389763111 2.2251
5fh5fh-5fh5fh -3.36795298017 -1.09498608647 2.2237
5fh5fh-5fh5fh- -3.36795298017 -1.0952582003 2.2234
5fh5fh5fh -3.65067925846 -0.912397700775 2.6434
5fh5fh5fh- -3.65067925846 -0.912669814614 2.6431
5fh5fh5fh-5fh -3.3695856632 -1.09280917576 2.2268
5fh5fh5fh-5fh- -3.3695856632 -1.09253706192 2.2270
5fh5fh5fh5fh -3.36931354936 -1.0930812896 2.2265
5fh5fh5fh5fh- -3.36931354936 -1.09335340343 2.2262
5fi -5.53452336298 0.152111635769 5.2667
5fi5fi -4.50756573616 -0.881648837015 3.3800
5fi5fi- -4.50348402858 -0.883009406208 3.3739
5fi5fi-5fi -3.99027732901 -1.28818691186 2.5910
5fi5fi-5fi- -3.99191001204 -1.28628211499 2.5950
5fi5fi-5fi-5fi -3.70238088779 -1.4993472506 2.1554
5fi5fi-5fi-5fi- -3.70156454627 -1.50016359212 2.1534
5fi5fi-5fi5fi -3.70183666011 -1.49825879525 2.1559
5fi5fi-5fi5fi- -3.70102031859 -1.49961936444 2.1535
5fi5fi5fi -3.99027732901 -1.29036382257 2.5884
5fi5fi5fi- -3.9916378982 -1.28927536722 2.5915
5fi5fi5fi-5fi -3.70047609092 -1.50152416131 2.1515
5fi5fi5fi-5fi- -3.6996597494 -1.50261261667 2.1495
5fi5fi5fi5fi -3.70047609092 -1.49989147828 2.1527
5fi5fi5fi5fi- -3.6996597494 -1.50152416131 2.1502
5fl -5.31792074746 0.368442137444 5.3014
5fl5fl -4.29586116974 -0.515111496441 3.6414
5fl5fl- -4.2955890559 -0.51538361028 3.6408
5fl5fl-5fl -3.74401430509 -0.838110622842 2.8399
5fl5fl-5fl- -3.74428641893 -0.837838509003 2.8402
5fl5fl-5fl-5fl -3.42400843091 -0.994848193866 2.3882
5fl5fl-5fl-5fl- -3.42400843091 -0.994848193866 2.3883
5fl5fl-5fl5fl -3.42400843091 -0.994848193866 2.3881
5fl5fl-5fl5fl- -3.42373631708 -0.995120307705 2.3879
5fl5fl5fl -3.74428641893 -0.837838509003 2.8404
5fl5fl5fl- -3.74428641893 -0.837838509003 2.8402
5fl5fl5fl-5fl -3.42373631708 -0.994848193866 2.3881
5fl5fl5fl-5fl- -3.42400843091 -0.994848193866 2.3882
5fl5fl5fl5fl -3.42428054475 -0.994576080028 2.3885
5fl5fl5fl5fl- -3.42400843091 -0.994848193866 2.3883
5ga -4.89015779321 -0.116192609076 4.1696
5ga5ga -4.42457101539 -1.06396510887 3.0186
5ga5ga- -4.42457101539 -1.06396510887 3.0186
5ga5ga-5ga -4.15653888438 -1.45472058107 2.4467
5ga5ga-5ga- -4.15681099822 -1.45472058107 2.4467
5ga5ga-5ga-5ga -3.97503895405 -1.66941839972 2.0931
5ga5ga-5ga-5ga- -3.97503895405 -1.66941839972 2.0930
5ga5ga-5ga5ga -3.97503895405 -1.66941839972 2.0930
5ga5ga-5ga5ga- -3.97476684021 -1.66941839972 2.0931
5ga5ga5ga -4.15681099822 -1.45472058107 2.4467
5ga5ga5ga- -4.15681099822 -1.45472058107 2.4468
5ga5ga5ga-5ga -3.97503895405 -1.66941839972 2.0931
5ga5ga5ga-5ga- -3.97503895405 -1.66969051356 2.0930
5ga5ga5ga5ga- -3.97503895405 -1.66941839972 2.0931
5gd -5.51166580054 -1.42043423741 3.5314
5gd5gd -4.92907007213 -2.37147210327 1.9157
5gd5gd- -4.93151909667 -2.37283267246 1.9119
5gd5gd-5gd -4.61940452382 -2.76549294154 1.5307
5gd5gd-5gd- -4.61913240998 -2.76413237235 1.5250
5gd5gd-5gd-5gd -4.41368646185 -3.01855881142 1.1394
5gd5gd-5gd-5gd- -4.41368646185 -3.01801458375 1.1404
5gd5gd-5gd5gd -4.41341434801 -3.01801458375 1.1403
5gd5gd-5gd5gd- -4.41368646185 -3.0191030391 1.1399
5gd5gd5gd -4.61913240998 -2.76440448618 1.5255
5gd5gd5gd- -4.61886029614 -2.76494871386 1.5152
5gd5gd5gd-5gd -4.41341434801 -3.0191030391 1.1378
5gd5gd5gd-5gd- -4.41314223417 -3.01855881142 1.1388
5gd5gd5gd5gd -4.41368646185 -3.01747035607 1.1402
5gd5gd5gd5gd- -4.41368646185 -3.01883092526 1.1396
5ge -4.99356105187 -0.820423223334 3.6077
5ge5ge -4.01476757448 -1.79758401769 1.2455
5ge5ge- -4.01177432226 -1.79921670072 1.2383
5ge5ge-5ge -3.58482770952 -2.15677428462 0.7206
5ge5ge-5ge- -3.58727673406 -2.15541371543 0.7252
5ge5ge-5ge-5ge -3.32033305841 -2.3850777952 0.4230
5ge5ge-5ge-5ge- -3.31978883074 -2.38534990904 0.4200
5ge5ge-5ge5ge -3.31842826154 -2.3850777952 0.4194
5ge5ge-5ge5ge- -3.31706769235 -2.38698259207 0.4155
5ge5ge5ge -3.58972575861 -2.15541371543 0.7264
5ge5ge5ge- -3.5889094171 -2.15595794311 0.7264
5ge5ge5ge-5ge -3.32142151377 -2.38616625055 0.4212
5ge5ge5ge-5ge- -3.32060517225 -2.38589413671 0.4198
5ge5ge5ge5ge -3.32332631064 -2.38453356752 0.4232
5ge5ge5ge5ge- -3.32169362761 -2.38589413671 0.4209
5gf -4.6841676174 0.0783687855125 4.3987
5gf5gf -4.2991265358 -1.16355877379 2.6833
5gf5gf- -4.29776596661 -1.16328665995 2.6821
5gf5gf-5gf -3.93694301665 -1.62533595787 2.1468
5gf5gf-5gf- -3.93748724432 -1.62560807171 2.1470
5gf5gf-5gf-5gf -3.73095284084 -1.86996629876 1.8006
5gf5gf-5gf-5gf- -3.73122495468 -1.87051052643 1.8006
5gf5gf-5gf5gf -3.730680727 -1.86996629876 1.8006
5gf5gf-5gf5gf- -3.73040861316 -1.86996629876 1.8004
5gf5gf5gf -3.93830358584 -1.62615229938 2.1472
5gf5gf5gf- -3.93775935816 -1.62560807171 2.1473
5gf5gf5gf-5gf -3.73095284084 -1.87023841259 1.8006
5gf5gf5gf-5gf- -3.73149706851 -1.87078264027 1.8004
5gf5gf5gf5gf -3.73176918235 -1.87051052643 1.8008
5gf5gf5gf5gf- -3.73149706851 -1.87051052643 1.8005
5gg -4.6877050973 -0.201092126714 3.4726
5gg5gg -3.80850528483 -1.65744539082 1.4109
5gg5gg- -3.80741682948 -1.65608482163 1.4130
5gg5gg-5gg -3.59353535235 -2.03078557736 1.1248
5gg5gg-5gg- -3.59489592155 -2.03187403271 1.1252
5gg5gg-5gg-5gg -3.39462013635 -2.22317006124 0.8615
5gg5gg-5gg-5gg- -3.3957085917 -2.22453063043 0.8634
5gg5gg-5gg5gg -3.39543647786 -2.22344217508 0.8612
5gg5gg-5gg5gg- -3.39407590867 -2.22262583356 0.8582
5gg5gg5gg -3.59489592155 -2.03377882958 1.1190
5gg5gg5gg- -3.59407958003 -2.03132980504 1.1241
5gg5gg5gg-5gg -3.39434802251 -2.22344217508 0.8564
5gg5gg5gg-5gg- -3.39543647786 -2.22534697195 0.8550
5gg5gg5gg5gg -3.39598070554 -2.22398640275 0.8672
5gg5gg5gg5gg- -3.39462013635 -2.22398640275 0.8599
5gh -4.68960989417 0.103675372501 4.1694
5gh5gh -3.96170537596 -1.18451153936 2.1796
5gh5gh- -3.95735155454 -1.18451153936 2.1763
5gh5gh-5gh -3.60169876751 -1.62860132393 1.7258
5gh5gh-5gh- -3.6030593367 -1.62914555161 1.7256
5gh5gh-5gh-5gh -3.37747696452 -1.85608849299 1.4327
5gh5gh-5gh-5gh- -3.376660623 -1.85472792379 1.4337
5gh5gh-5gh5gh -3.37720485068 -1.85799328986 1.4309
5gh5gh-5gh5gh- -3.37638850916 -1.85772117602 1.4309
5gh5gh5gh -3.6030593367 -1.62397538867 1.7323
5gh5gh5gh- -3.60387567822 -1.62588018554 1.7302
5gh5gh5gh-5gh -3.37910964755 -1.85391158228 1.4360
5gh5gh5gh-5gh- -3.37829330603 -1.85282312692 1.4369
5gh5gh5gh5gh -3.37938176139 -1.85445580996 1.4359
5gh5gh5gh5gh- -3.37856541987 -1.85445580996 1.4357
5gi -4.79600640506 -0.0492526047839 4.3170
5gi5gi -4.16279750267 -1.39050171517 1.9822
5gi5gi- -4.13667457417 -1.39431130891 1.9644
5gi5gi-5gi -3.76387861531 -1.83894532116 1.4424
5gi5gi-5gi- -3.77639585188 -1.83622418277 1.4527
5gi5gi-5gi-5gi -3.54455486141 -2.07051419779 1.1531
5gi5gi-5gi-5gi- -3.53584721857 -2.06996997012 1.1482
5gi5gi-5gi5gi -3.54428274757 -2.06996997012 1.1539
5gi5gi-5gi5gi- -3.53611933241 -2.07160265315 1.1470
5gi5gi5gi -3.7603411354 -1.84030589035 1.4359
5gi5gi5gi- -3.77313048582 -1.84003377651 1.4420
5gi5gi5gi-5gi -3.53856835696 -2.07323533618 1.1434
5gi5gi5gi-5gi- -3.52986071412 -2.07296322234 1.1384
5gi5gi5gi5gi -3.5388404708 -2.07078631163 1.1478
5gi5gi5gi5gi- -3.53067705564 -2.07241899466 1.1409
5gl -4.37042036151 -0.0424497588192 3.2695
5gl5gl -3.8808875659 -0.74423134853 2.7188
5gl5gl- -3.88034333822 -0.744503462368 2.7194
5gl5gl-5gl -3.52523477887 -1.04927096158 2.2626
5gl5gl-5gl- -3.52523477887 -1.04899884774 2.2625
5gl5gl-5gl-5gl -3.2729852505 -1.19240284068 1.9281
5gl5gl-5gl-5gl- -3.27271313666 -1.19213072684 1.9282
5gl5gl-5gl5gl -3.27271313666 -1.19240284068 1.9281
5gl5gl-5gl5gl- -3.27271313666 -1.19267495452 1.9279
5gl5gl5gl -3.52550689271 -1.04872673391 2.2629
5gl5gl5gl- -3.52550689271 -1.04899884774 2.2631
5gl5gl5gl-5gl -3.27271313666 -1.19213072684 1.9284
5gl5gl5gl-5gl- -3.27271313666 -1.19213072684 1.9284
5gl5gl5gl5gl -3.2729852505 -1.19158649916 1.9286
5gl5gl5gl5gl- -3.2729852505 -1.19213072684 1.9284
5ha -5.19519740626 0.2038132651 4.9862
5ha5ha -4.53613768921 -0.767088910971 3.5244
5ha5ha- -4.53640980305 -0.766000455617 3.5248
5ha5ha-5ha -4.15871579509 -1.16818470905 2.8316
5ha5ha-5ha- -4.15871579509 -1.16900105056 2.8309
5ha5ha-5ha-5ha -3.92850748765 -1.38750846294 2.4044
5ha5ha-5ha-5ha- -3.92823537381 -1.38669212143 2.4049
5ha5ha-5ha5ha -3.92877960149 -1.38750846294 2.4046
5ha5ha-5ha5ha- -3.92877960149 -1.38696423527 2.4051
5ha5ha5ha -4.15817156742 -1.16764048137 2.8316
5ha5ha5ha- -4.15844368125 -1.16845682288 2.8308
5ha5ha5ha-5ha -3.92769114613 -1.38696423527 2.4044
5ha5ha5ha-5ha- -3.92769114613 -1.38614789375 2.4049
5ha5ha5ha5ha -3.92823537381 -1.38696423527 2.4046
5ha5ha5ha5ha- -3.92796325997 -1.38642000759 2.4051
5hd -5.89126460536 -1.17716446572 4.1913
5hd5hd -5.19329260939 -2.19378176667 2.6092
5hd5hd- -5.19356472323 -2.19078851445 2.6103
5hd5hd-5hd -4.91519226636 -2.62426585931 2.0098
5hd5hd-5hd- -4.91682494939 -2.62535431467 2.0095
5hd5hd-5hd-5hd -4.75192396321 -2.89093742113 1.6206
5hd5hd-5hd-5hd- -4.75083550785 -2.88984896577 1.6216
5hd5hd-5hd5hd -4.75246819089 -2.89175376264 1.6194
5hd5hd-5hd5hd- -4.75110762169 -2.8914816488 1.6196
5hd5hd5hd -4.91274324181 -2.62181683477 2.0114
5hd5hd5hd- -4.914103811 -2.62372163164 2.0102
5hd5hd5hd-5hd -4.74947493866 -2.89093742113 1.6186
5hd5hd5hd-5hd- -4.74838648331 -2.88984896577 1.6195
5hd5hd5hd5hd -4.75029128018 -2.89093742113 1.6184
5hd5hd5hd5hd- -4.74893071098 -2.89093742113 1.6183
5he -5.34894172506 -0.562459304355 4.2587
5he5he -4.41667971407 -1.48220407877 2.4305
5he5he- -4.41667971407 -1.47921082655 2.4211
5he5he-5he -4.04823757663 -1.8343193859 1.9127
5he5he-5he- -4.04959814582 -1.83513572742 1.9143
5he5he-5he-5he -3.81721292767 -2.04547972464 1.5407
5he5he-5he-5he- -3.81639658615 -2.04384704161 1.5420
5he5he-5he5he -3.81775715535 -2.04602395232 1.5391
5he5he-5he5he- -3.81694081383 -2.04575183848 1.5393
5he5he5he -4.0452443244 -1.83159824752 1.9144
5he5he5he- -4.0466048936 -1.83377515822 1.9147
5he5he5he-5he -3.81421967544 -2.0452076108 1.5382
5he5he5he-5he- -3.81340333393 -2.04411915545 1.5392
5he5he5he5he -3.8153081308 -2.04466338313 1.5378
5he5he5he5he- -3.81449178928 -2.04466338313 1.5377
5hf -4.9796832461 0.471845396106 5.0983
5hf5hf- -4.35001182362 -0.80191948231 3.2314
5hf5hf-5hf -3.93422187826 -1.29281284712 2.5169
5hf5hf-5hf5hf- -3.70428568466 -1.55349790448 2.1049
5hg -4.63709192333 0.10585228321 4.1124
5hh -4.81478225992 0.514567268764 4.8189
5hi -5.07900479719 0.331162541558 4.9866
5hi5hi -4.1968117325 -0.853076883964 2.9107
5hi5hi- -4.18048490218 -0.860423957605 2.8730
5hi5hi-5hi -3.71925194578 -1.29036382257 2.2233
5hi5hi-5hi- -3.7271432471 -1.28655422883 2.2373
5hi5hi-5hi-5hi -3.4577505469 -1.50995969031 1.8490
5hi5hi-5hi-5hi- -3.45258038397 -1.51050391798 1.8427
5hi5hi-5hi5hi -3.45856688841 -1.51050391798 1.8477
5hi5hi-5hi5hi- -3.45366883932 -1.51240871485 1.8404
5hi5hi5hi -3.71625869355 -1.29036382257 2.2204
5hi5hi5hi- -3.72387788103 -1.2884590257 2.2327
5hi5hi5hi-5hi -3.45258038397 -1.51295294253 1.8397
5hi5hi5hi-5hi- -3.44741022103 -1.51349717021 1.8333
5hi5hi5hi5hi -3.454213067 -1.51186448718 1.8401
5hi5hi5hi5hi- -3.44904290406 -1.51404139789 1.8326
5hl -4.86430697854 0.479192469748 4.9437
5hl5hl -3.99327058123 -0.475382876008 3.2130
5hl5hl- -3.99599171962 -0.475927103685 3.2147
5hl5hl-5hl -3.56577974082 -0.816069401916 2.6185
5hl5hl-5hl- -3.56577974082 -0.815797288078 2.6189
5hl5hl-5hl-5hl -3.29257744688 -0.981514615776 2.2226
5hl5hl-5hl-5hl- -3.29257744688 -0.981242501937 2.2226
5hl5hl-5hl5hl -3.29230533304 -0.981786729614 2.2222
5hl5hl-5hl5hl- -3.29176110536 -0.981786729614 2.2217
5hl5hl5hl -3.56686819617 -0.814980946562 2.6200
5hl5hl5hl- -3.56632396849 -0.815525174239 2.6194
5hl5hl5hl-5hl -3.29176110536 -0.981514615776 2.2217
5hl5hl5hl-5hl- -3.29148899152 -0.980970388099 2.2216
5hl5hl5hl5hl -3.29148899152 -0.980970388099 2.2222
5hl5hl5hl5hl- -3.29094476385 -0.981242501937 2.2215
5ia -6.00119859615 0.0239460177955 5.6726
5ia5ia -5.01859552502 -1.00518851973 3.8203
5ia5ia- -5.01587438664 -1.00654908893 3.8145
5ia5ia-5ia -4.57994801722 -1.41716887135 3.0427
5ia5ia-5ia- -4.58239704177 -1.41689675751 3.0458
5ia5ia-5ia-5ia -4.33939938391 -1.63594839757 2.6036
5ia5ia-5ia-5ia- -4.33776670088 -1.63594839757 2.6020
5ia5ia-5ia5ia -4.33939938391 -1.63649262525 2.6027
5ia5ia-5ia5ia- -4.33776670088 -1.63649262525 2.6010
5ia5ia5ia -4.57967590338 -1.41689675751 3.0425
5ia5ia5ia- -4.58185281409 -1.41662464367 3.0456
5ia5ia5ia-5ia -4.33912727008 -1.63594839757 2.6029
5ia5ia5ia-5ia- -4.3372224732 -1.63567628373 2.6013
5ia5ia5ia5ia -4.33885515624 -1.63649262525 2.6020
5ia5ia5ia5ia- -4.3372224732 -1.63622051141 2.6004
5id -6.70896669031 -1.21825365534 4.9527
5id5id -5.31982554434 -2.40847958532 1.9309
5id5id- -5.25342976772 -2.40222096703 1.8708
5id5id-5id -5.14594480148 -2.83052814896 1.6478
5id5id-5id- -5.16716968089 -2.83869156412 1.6743
5id5id-5id-5id -5.06349430839 -3.09121320632 1.5181
5id5id-5id-5id- -5.05478666555 -3.08250556349 1.5097
5id5id-5id5id -5.05750780394 -3.091757434 1.5027
5id5id-5id5id- -5.04988861646 -3.08413824652 1.4982
5id5id5id -5.14512845996 -2.82699066906 1.6345
5id5id5id- -5.17206772998 -2.83624253957 1.6649
5id5id5id-5id -5.06839235748 -3.08985263713 1.5113
5id5id5id-5id- -5.05914048697 -3.08141710814 1.5022
5id5id5id5id -5.06104528384 -3.08930840945 1.4939
5id5id5id5id- -5.05342609636 -3.08196133581 1.4900
5ie -5.9486806253 -0.603004266304 4.9364
5ie5ie -3.91435756804 -1.70697010944 1.2025
5ie5ie- -3.87408471993 -1.69472498671 1.1900
5ie5ie-5ie -3.77340259966 -2.02425484523 1.0216
5ie5ie-5ie- -3.78646406391 -2.03894899252 1.0119
5ie5ie-5ie-5ie -3.68714251283 -2.22208160588 0.8945
5ie5ie-5ie-5ie- -3.67979543918 -2.2073874586 0.9046
5ie5ie-5ie5ie -3.68278869141 -2.22398640275 0.8913
5ie5ie-5ie5ie- -3.67544161777 -2.21010859699 0.9007
5ie5ie5ie -3.78292658401 -2.01826834078 1.0407
5ie5ie5ie- -3.79707650361 -2.03432305726 1.0276
5ie5ie5ie-5ie -3.69775495253 -2.22017680901 0.9055
5ie5ie5ie-5ie- -3.69040787889 -2.20548266173 0.9165
5ie5ie5ie5ie -3.69448958647 -2.22044892285 0.9055
5ie5ie5ie5ie- -3.68714251283 -2.20711534476 0.9151
5if -5.56391165755 0.20952765571 5.3602
5if5if -4.59328159531 -0.988045347902 3.2995
5if5if- -4.60389403502 -0.985324209516 3.3183
5if5if-5if -4.17531473925 -1.44057066147 2.5900
5if5if-5if- -4.17014457631 -1.44193123066 2.5826
5if5if-5if-5if -3.93558244745 -1.68465677468 2.1665
5if5if-5if5if -3.93721513049 -1.68465677468 2.1682
5if5if-5if5if- -3.94048049655 -1.68356831932 2.1724
5if5if5if- -4.16878400712 -1.44111488915 2.5824
5if5if5if-5if -3.93585456129 -1.68275197781 2.1686
5ig -4.78974778677 -0.0448987833665 4.3306
5ig5ig -4.24688067879 -1.4302303356 2.1168
5ig5ig- -4.25830946002 -1.40927757003 2.2367
5ig5ig-5ig -3.91027586047 -1.81554353104 1.8471
5ig5ig-5ig- -3.90374512834 -1.82670019842 1.8270
5ig5ig-5ig-5ig -3.70129243243 -2.02779232513 1.5429
5ig5ig-5ig5ig -3.70102031859 -2.0226221622 1.5514
5ig5ig-5ig5ig- -3.7067347092 -2.01717988543 1.5614
5ig5ig5ig- -3.90320090066 -1.82887710913 1.7799
5ig5ig5ig-5ig -3.7031972293 -2.0261596421 1.5441
5ih -5.07900479719 0.331162541558 4.9865
5ih5ih -4.16279750267 -0.865866234377 2.8400
5ih5ih- -4.17885221915 -0.861240299121 2.8696
5ih5ih-5ih -3.71761926275 -1.29118016409 2.2205
5ih5ih-5ih- -3.70945584759 -1.29281284712 2.2080
5ih5ih-5ih-5ih -3.44659387952 -1.51376928405 1.8299
5ih5ih-5ih-5ih- -3.45203615629 -1.51213660102 1.8375
5ih5ih-5ih5ih -3.44686599336 -1.51404139789 1.8311
5ih5ih-5ih5ih- -3.45176404245 -1.51322505637 1.8377
5ih5ih5ih -3.72006828729 -1.28791479802 2.2274
5ih5ih5ih- -3.71136064446 -1.29118016409 2.2131
5ih5ih5ih-5ih -3.45013135942 -1.51050391798 1.8382
5ih5ih5ih-5ih- -3.45557363619 -1.50887123495 1.8457
5ih5ih5ih5ih -3.45094770093 -1.50941546263 1.8410
5ih5ih5ih5ih- -3.45584575003 -1.50859912111 1.8476
5ii -5.83466492694 0.121362772009 5.5587
5il -5.41288847713 0.187214320946 5.1389
5il5il -4.44443532561 -0.826137613944 3.2455
5il5il- -4.44824491935 -0.824232817074 3.2337
5il5il-5il -3.94075261039 -1.20274316655 2.5921
5il5il-5il- -3.938031472 -1.20355950806 2.5903
5il5il-5il-5il -3.64523698168 -1.39703244729 2.1726
5il5il-5il-5il- -3.64714177855 -1.39648821962 2.1749
5il5il-5il5il -3.64469275401 -1.3956718781 2.1739
5il5il-5il5il- -3.64659755088 -1.39539976426 2.1758
5il5il5il -3.94265740726 -1.20328739422 2.5926
5il5il5il- -3.93966415503 -1.20464796342 2.5898
5il5il5il-5il -3.64823023391 -1.39757667497 2.1744
5il5il5il-5il- -3.65013503078 -1.39703244729 2.1767
5il5il5il5il -3.64823023391 -1.3956718781 2.1765
5il5il5il5il- -3.64986291694 -1.39539976426 2.1783
5la -5.72908475757 0.142043423741 5.4631
5la5la -2.90590368225 -1.46778204533 0.3423
5la5la- -2.84821554847 -1.50587798273 0.3370
5la5la-5la -2.95134669329 -2.07786127143 0.0355
5la5la-5la- -3.02590588506 -2.029697122 0.1910
5la5la-5la-5la -3.12441109463 -2.32956657213 0.0554
5la5la-5la-5la- -3.13230239595 -2.30507632665 0.1534
5la5la-5la5la- -3.09066897865 -2.37283267246 0.0955
5la5la5la -3.03352507254 -1.99132907076 0.2573
5la5la5la- -2.97039466199 -2.03051346352 0.0685
5la5la5la-5la -3.09202954784 -2.33038291364 0.0965
5la5la5la5la -3.14427540485 -2.26915729996 0.1400
5la5la5la5la- -3.10209775987 -2.29310331776 0.0799
5ld -6.40909724019 -1.18342308401 4.7111
5le -5.72854052989 -0.556200686068 4.7318
5lf -5.36363587235 0.40572173333 5.3444
5lg -4.64471111081 0.100137892599 4.3400
5lg5lg -3.86483284942 -0.681100937978 2.6296
5lg5lg- -3.87490106145 -0.681645165655 2.6651
5lg5lg-5lg- -3.75353828944 -0.831852004554 2.4645
5lg5lg-5lg-5lg -3.69095210657 -0.858519160735 2.3735
5lg5lg-5lg-5lg- -3.68877519586 -0.86341720983 2.3711
5lg5lg5lg -3.75081715105 -0.831307776877 2.4584
5lg5lg5lg5lg -3.68523771596 -0.863145095991 2.3668
5lg5lg5lg5lg- -3.68931942353 -0.858247046897 2.3719
5lh -4.9260768199 0.554295889197 5.1363
5lh5lh -3.58101811578 -1.95214467801 1.1788
5lh5lh- -3.42972282152 -1.92085158657 1.0915
5lh5lh-5lh -3.34672810076 -2.25582372187 0.5341
5lh5lh-5lh- -3.50319355794 -2.24303437146 0.7068
5lh5lh-5lh-5lh -3.26318915231 -2.3886152751 0.4854
5lh5lh-5lh5lh -3.43979103355 -2.39460177955 0.6746
5lh5lh-5lh5lh- -3.2884957393 -2.39650657642 0.5239
5lh5lh5lh- -3.31407444013 -2.29500811463 0.4725
5lh5lh5lh-5lh -3.25230459877 -2.43242560311 0.4942
5li -5.56309531603 0.281093595258 5.4075
5li5li -3.16658873961 -1.55159310761 0.9757
5li5li- -3.18645304983 -1.74424970533 0.7410
5li5li-5li -3.13393507898 -1.84955776086 0.6320
5li5li-5li- -3.12658800534 -1.830781906 0.6164
5li5li-5li-5li -3.10100930451 -1.87105475411 0.6247
5li5li-5li-5li- -3.09556702774 -1.99105695693 0.2703
5li5li-5li5li -3.0727094653 -1.89472865807 0.5918
5li5li-5li5li- -3.07869596975 -1.90207573171 0.6101
5li5li5li -3.15216670617 -2.02643175594 0.2604
5li5li5li- -3.1537993892 -1.77118897535 0.6900
5li5li5li-5li -3.0952949139 -1.8653403635 0.6152
5li5li5li-5li- -3.08658727107 -2.00792801492 0.2395
5li5li5li5li -3.08250556349 -2.05500370899 0.2787
5li5li5li5li- -3.07679117288 -2.06452769334 0.2973
5ll -5.23547025437 0.386129536952 5.2653
5ll5ll -2.61419764729 -1.74561027452 0.1285
5ll5ll- -2.57800650675 -1.77880816283 0.3881
5ll5ll-5ll -2.68358667612 -2.04765663535 0.0159
5ll5ll-5ll- -2.62644277002 -1.960580207 0.1856
5ll5ll-5ll-5ll -2.50344731498 -1.90425264242 0.0561
5ll5ll-5ll-5ll- -2.56821040856 -1.88193930765 0.1156
5ll5ll-5ll5ll -2.55895853805 -1.90207573171 0.1187
5ll5ll-5ll5ll- -2.53365195106 -1.90969491919 0.1062
5ll5ll5ll -2.64168114498 -1.92030735889 0.2319
5ll5ll5ll- -2.6566474061 -1.9845262248 0.1532
5ll5ll5ll-5ll -2.52086260065 -1.90833435 0.0899
5ll5ll5ll-5ll- -2.52004625913 -1.96928784984 0.0648
5ll5ll5ll5ll -2.57474114069 -1.87404800633 0.1968
5ll5ll5ll5ll- -2.54453650461 -1.90751800848 0.0435
6ag -5.483910189 -0.838654850519 4.0697
6dg -6.06106364064 -1.71486141076 3.9723
6eg -5.29778432341 -1.1298166578 3.7645
6fg -4.89179047624 -0.844369241129 3.5706
6ga -5.53778872904 -0.691169150006 4.2187
6ga6ga -5.02948007856 -1.61608408736 2.6008
6ga6ga- -5.02675894018 -1.61635620119 2.6003
6ga6ga-6ga -4.87002136915 -1.94588605972 2.0469
6ga6ga-6ga- -4.87301462138 -1.94588605972 2.0460
6ga6ga-6ga-6ga -4.79464583587 -2.12901867309 1.9029
6ga6ga-6ga-6ga- -4.79818331577 -2.12874655925 1.9021
6ga6ga-6ga6ga -4.80253713719 -2.12901867309 1.9023
6ga6ga-6ga6ga- -4.78974778677 -2.12901867309 1.9030
6ga6ga6ga -4.87872901199 -1.94561394588 2.0459
6ga6ga6ga- -4.86267429551 -1.94561394588 2.0463
6ga6ga6ga-6ga -4.79546217738 -2.12874655925 1.9032
6ga6ga6ga-6ga- -4.79709486041 -2.12874655925 1.9022
6ga6ga6ga6ga- -4.78865933142 -2.12874655925 1.9027
6gd -6.15113332121 -1.54615083084 4.1055
6gd6gd -5.80418817702 -2.5423595939 2.4625
6gd6gd- -5.80119492479 -2.54208748006 2.4630
6gd6gd-6gd -5.53724450136 -2.88658359971 1.8657
6gd6gd-6gd- -5.53697238753 -2.88658359971 1.8645
6gd6gd-6gd-6gd -5.3766973366 -3.1382889004 1.6364
6gd6gd-6gd-6gd- -5.37615310892 -3.1382889004 1.6352
6gd6gd-6gd6gd -5.37696945044 -3.1382889004 1.6356
6gd6gd-6gd6gd- -5.37560888124 -3.13801678656 1.6367
6gd6gd6gd -5.53697238753 -2.88658359971 1.8642
6gd6gd6gd- -5.53452336298 -2.88658359971 1.8651
6gd6gd6gd-6gd -5.37696945044 -3.13801678656 1.6368
6gd6gd6gd-6gd- -5.37642522276 -3.1382889004 1.6355
6gd6gd6gd6gd -5.37615310892 -3.1382889004 1.6351
6gd6gd6gd6gd- -5.37506465357 -3.13801678656 1.6362
6ge -5.36662912457 -0.98831746174 3.8742
6ge6ge -4.9119269003 -1.79894458688 2.5220
6ge6ge- -4.91138267262 -1.79867247305 2.5208
6ge6ge-6ge -4.69233103256 -2.08738525578 1.9103
6ge6ge-6ge- -4.69314737407 -2.08738525578 1.9092
6ge6ge-6ge-6ge -4.54974338114 -2.29446388695 1.6960
6ge6ge-6ge-6ge- -4.55083183649 -2.29446388695 1.6950
6ge6ge-6ge6ge -4.55137606417 -2.29446388695 1.6954
6ge6ge-6ge6ge- -4.54783858427 -2.29419177311 1.6962
6ge6ge6ge -4.69341948791 -2.08738525578 1.9091
6ge6ge6ge- -4.69069834953 -2.08738525578 1.9097
6ge6ge6ge-6ge -4.54974338114 -2.29419177311 1.6965
6ge6ge6ge-6ge- -4.55083183649 -2.29419177311 1.6953
6ge6ge6ge6ge -4.55110395033 -2.29446388695 1.6950
6ge6ge6ge6ge- -4.54729435659 -2.29419177311 1.6957
6gf -4.92662104758 -0.744503462368 3.6885
6gf6gf -4.52416468031 -1.75268523433 2.4893
6gf6gf- -4.52443679415 -1.753229462 2.4853
6gf6gf-6gf -4.38320971193 -2.18153664394 1.9926
6gf6gf-6gf- -4.38239337041 -2.1812645301 1.9921
6gf6gf-6gf-6gf -4.31246011389 -2.42562275715 1.8332
6gf6gf-6gf-6gf- -4.31164377238 -2.42507852947 1.8330
6gf6gf-6gf6gf -4.31218800006 -2.42535064331 1.8335
6gf6gf-6gf6gf- -4.31246011389 -2.42562275715 1.8327
6gf6gf6gf -4.38212125657 -2.18072030242 1.9923
6gf6gf6gf- -4.38239337041 -2.1812645301 1.9916
6gf6gf6gf-6gf -4.31246011389 -2.42562275715 1.8332
6gf6gf6gf-6gf- -4.31164377238 -2.42507852947 1.8327
6gf6gf6gf6gf -4.31137165854 -2.42480641563 1.8334
6gf6gf6gf6gf- -4.31164377238 -2.42507852947 1.8322
6gg -4.40960475427 -0.930901441799 2.9825
6gh -4.56797500832 -0.627494511777 3.4515
6gh6gh -4.1002113198 -1.41227082226 2.5145
6gh6gh- -4.1002113198 -1.41199870842 2.5030
6gh6gh-6gh -3.90564992521 -1.74479393301 1.9912
6gh6gh-6gh- -3.90619415289 -1.74479393301 1.9927
6gh6gh-6gh-6gh -3.80442357726 -1.93391305082 1.8327
6gh6gh-6gh-6gh- -3.80523991877 -1.93391305082 1.8413
6gh6gh-6gh6gh -3.80551203261 -1.93364093698 1.8371
6gh6gh-6gh6gh- -3.80605626029 -1.93391305082 1.8443
6gh6gh6gh -3.90646626672 -1.74424970533 1.9930
6gh6gh6gh- -3.9070104944 -1.74424970533 1.9934
6gh6gh6gh-6gh -3.80415146342 -1.93309670931 1.8336
6gh6gh6gh-6gh- -3.80496780493 -1.93336882315 1.8412
6gh6gh6gh6gh -3.80496780493 -1.93282459547 1.8376
6gh6gh6gh6gh- -3.80578414645 -1.93309670931 1.8426
6gi -5.129890085 -0.654161667958 3.9020
6gi6gi -4.60117289663 -1.4351283847 2.5526
6gi6gi- -4.60171712431 -1.43621684005 2.5517
6gi6gi-6gi -4.38320971193 -1.76139287716 1.9713
6gi6gi-6gi- -4.38701930567 -1.75976019413 1.9713
6gi6gi-6gi-6gi -4.26511230598 -1.94969565346 1.7910
6gi6gi-6gi-6gi- -4.26837767204 -1.94779085659 1.7916
6gi6gi-6gi6gi -4.26484019214 -1.94915142578 1.7889
6gi6gi-6gi6gi- -4.26756133053 -1.94724662891 1.7909
6gi6gi6gi -4.38320971193 -1.75921596645 1.9696
6gi6gi6gi- -4.38620296415 -1.75785539726 1.9707
6gi6gi6gi-6gi -4.26538441982 -1.94779085659 1.7926
6gi6gi6gi-6gi- -4.26864978588 -1.94588605972 1.7932
6gi6gi6gi6gi -4.26484019214 -1.94724662891 1.7900
6gi6gi6gi6gi- -4.26756133053 -1.94534183204 1.7919
6gl -4.87927323967 -0.677291344238 3.7062
6gl6gl -4.32878694421 -1.37063740495 2.5640
6gl6gl- -4.32824271653 -1.37118163263 2.5606
6gl6gl-6gl -4.10211611667 -1.64166278818 2.0189
6gl6gl-6gl- -4.10211611667 -1.64166278818 2.0182
6gl6gl-6gl-6gl -3.9761274094 -1.79295808244 1.8635
6gl6gl-6gl-6gl- -3.9761274094 -1.79295808244 1.8630
6gl6gl-6gl6gl -3.9761274094 -1.79295808244 1.8633
6gl6gl-6gl6gl- -3.97585529556 -1.79295808244 1.8635
6gl6gl6gl -4.10211611667 -1.64139067434 2.0183
6gl6gl6gl- -4.10157188899 -1.64139067434 2.0181
6gl6gl6gl-6gl -3.9761274094 -1.7926859686 1.8640
6gl6gl6gl-6gl- -3.9761274094 -1.7926859686 1.8631
6gl6gl6gl6gl -3.9761274094 -1.7926859686 1.8631
6gl6gl6gl6gl- -3.97585529556 -1.7926859686 1.8630
6hg -4.53967516911 -0.683549962525 3.3763
6ig -5.06730390213 -0.730081428923 3.8003
6lg -4.83900039156 -0.769537935518 3.5882
