12ag -6.24365202633 1.57445067005 4.9244
12ag12ag -5.56472799906 0.19238448388 3.5438
12ag12ag- -5.56472799906 0.19238448388 3.5438
12ag12ag-12ag -5.1728840715 -0.332250996912 2.9196
12ag12ag-12ag- -5.1728840715 -0.332250996912 2.9196
12ag12ag-12ag-12ag -4.93287966587 -0.605453290851 2.5565
12ag12ag-12ag-12ag- -4.93287966587 -0.605453290851 2.5565
12ag12ag-12ag12ag -4.93260755203 -0.605453290851 2.5564
12ag12ag-12ag12ag- -4.93260755203 -0.605453290851 2.5564
12ag12ag12ag -5.1728840715 -0.332250996912 2.9197
12ag12ag12ag- -5.17315618534 -0.332250996912 2.9196
12ag12ag12ag-12ag -4.93287966587 -0.605453290851 2.5564
12ag12ag12ag-12ag- -4.93287966587 -0.605453290851 2.5564
12ag12ag12ag12ag -4.93287966587 -0.605453290851 2.5565
12ag12ag12ag12ag- -4.93287966587 -0.605453290851 2.5564
12dg -6.88828970994 0.115104153721 4.1208
12dg12dg -6.27821048383 -1.15675592782 2.8842
12dg12dg- -6.27821048383 -1.15675592782 2.8840
12dg12dg-12dg -5.98133428593 -1.69091539297 2.4415
12dg12dg-12dg- -5.98160639977 -1.69091539297 2.4416
12dg12dg-12dg-12dg -5.82323614572 -2.00547899037 2.2063
12dg12dg-12dg-12dg- -5.82296403188 -2.00547899037 2.2062
12dg12dg-12dg12dg -5.82323614572 -2.00547899037 2.2062
12dg12dg-12dg12dg- -5.82296403188 -2.00547899037 2.2062
12dg12dg12dg -5.98160639977 -1.69118750681 2.4414
12dg12dg12dg- -5.98160639977 -1.69118750681 2.4416
12dg12dg12dg-12dg -5.82350825956 -2.00547899037 2.2063
12dg12dg12dg-12dg- -5.82323614572 -2.00575110421 2.2061
12dg12dg12dg12dg -5.82350825956 -2.00575110421 2.2063
12dg12dg12dg12dg- -5.82323614572 -2.00575110421 2.2060
12eg -6.38161374249 0.764639886424 4.2951
12eg12eg -5.56255108835 -0.392660269078 2.8498
12eg12eg- -5.56227897451 -0.392660269078 2.8495
12eg12eg-12eg -5.14594480148 -0.80953866979 2.4016
12eg12eg-12eg- -5.14621691532 -0.80953866979 2.4018
12eg12eg-12eg-12eg -4.89913754988 -1.03729795269 2.1457
12eg12eg-12eg-12eg- -4.89913754988 -1.03757006652 2.1457
12eg12eg-12eg12eg -4.89913754988 -1.03729795269 2.1457
12eg12eg-12eg12eg- -4.89886543604 -1.03757006652 2.1456
12eg12eg12eg -5.14621691532 -0.80953866979 2.4015
12eg12eg12eg- -5.14621691532 -0.80953866979 2.4017
12eg12eg12eg-12eg -4.89940966372 -1.03729795269 2.1458
12eg12eg12eg-12eg- -4.89886543604 -1.03757006652 2.1455
12eg12eg12eg12eg -4.89940966372 -1.03757006652 2.1459
12eg12eg12eg12eg- -4.89913754988 -1.03757006652 2.1456
12fg -6.36202154612 1.554314246 4.2627
12fg12fg -5.33669660233 0.407354416362 3.4958
12fg12fg- -5.33642448849 0.407354416362 3.4957
12fg12fg-12fg -4.80797941396 -0.0601371583273 2.7993
12fg12fg-12fg- -4.8082515278 -0.0601371583273 2.7993
12fg12fg-12fg-12fg -4.48715719827 -0.294971401026 2.3769
12fg12fg-12fg-12fg- -4.48715719827 -0.294971401026 2.3769
12fg12fg-12fg12fg -4.48715719827 -0.294971401026 2.3770
12fg12fg-12fg12fg- -4.48715719827 -0.294971401026 2.3769
12fg12fg12fg -4.8082515278 -0.0601371583273 2.7991
12fg12fg12fg- -4.8082515278 -0.0601371583273 2.7992
12fg12fg12fg-12fg -4.4874293121 -0.295243514865 2.3769
12fg12fg12fg-12fg- -4.4874293121 -0.295243514865 2.3767
12fg12fg12fg12fg -4.4874293121 -0.294971401026 2.3770
12fg12fg12fg12fg- -4.4874293121 -0.295243514865 2.3768
12ga -6.25099909997 1.59404286643 4.7504
12ga12ga -5.48935246577 0.271025383231 3.5592
12ga12ga- -5.48908035193 0.270753269392 3.5591
12ga12ga-12ga -5.03873194908 -0.217146843191 2.9199
12ga12ga-12ga- -5.03873194908 -0.217146843191 2.9200
12ga12ga-12ga-12ga -4.7568220123 -0.459872387209 2.5501
12ga12ga-12ga-12ga- -4.7568220123 -0.459872387209 2.5501
12ga12ga-12ga12ga -4.7568220123 -0.45960027337 2.5501
12ga12ga-12ga12ga- -4.7568220123 -0.459872387209 2.5501
12ga12ga12ga -5.03873194908 -0.217146843191 2.9200
12ga12ga12ga- -5.03873194908 -0.217146843191 2.9200
12ga12ga12ga-12ga -4.75709412614 -0.459872387209 2.5502
12ga12ga12ga-12ga- -4.75709412614 -0.459872387209 2.5501
12ga12ga12ga12ga -4.75709412614 -0.45960027337 2.5503
12ga12ga12ga12ga- -4.7568220123 -0.459872387209 2.5501
12gd -6.87930995327 0.0117008950592 3.9999
12gd12gd -6.18569177871 -1.09199283424 2.9171
12gd12gd- -6.18541966487 -1.09199283424 2.9168
12gd12gd-12gd -5.81071890914 -1.65254734173 2.3773
12gd12gd-12gd- -5.81071890914 -1.65254734173 2.3774
12gd12gd-12gd-12gd -5.59819800121 -1.97636280964 2.0833
12gd12gd-12gd-12gd- -5.59819800121 -1.97663492348 2.0833
12gd12gd-12gd12gd -5.59819800121 -1.97636280964 2.0833
12gd12gd-12gd12gd- -5.59792588737 -1.97663492348 2.0832
12gd12gd12gd- -5.81099102298 -1.65254734173 2.3775
12gd12gd12gd-12gd -5.59847011505 -1.97663492348 2.0834
12gd12gd12gd-12gd- -5.59819800121 -1.97663492348 2.0833
12gd12gd12gd12gd -5.59847011505 -1.9760906958 2.0836
12gd12gd12gd12gd- -5.59819800121 -1.97636280964 2.0834
12ge -6.36719170905 0.654978009474 4.1641
12ge12ge -5.49343417335 -0.323815467916 2.9391
12ge12ge- -5.49343417335 -0.323815467916 2.9388
12ge12ge-12ge -5.00036389784 -0.772803301581 2.3794
12ge12ge-12ge- -5.00036389784 -0.772803301581 2.3796
12ge12ge-12ge-12ge -4.70185501691 -1.01253559337 2.0655
12ge12ge-12ge-12ge- -4.70185501691 -1.01253559337 2.0655
12ge12ge-12ge12ge -4.70158290307 -1.01253559337 2.0655
12ge12ge-12ge12ge- -4.70158290307 -1.01280770721 2.0653
12ge12ge12ge -5.00063601167 -0.772803301581 2.3796
12ge12ge12ge- -5.00063601167 -0.772803301581 2.3796
12ge12ge12ge-12ge -4.70212713075 -1.01280770721 2.0656
12ge12ge12ge-12ge- -4.70185501691 -1.01280770721 2.0655
12ge12ge12ge12ge -4.70212713075 -1.01226347954 2.0659
12ge12ge12ge12ge- -4.70185501691 -1.01253559337 2.0656
12gf -6.12582673422 1.74996409594 4.8542
12gf12gf -5.39710587449 0.36735368209 3.5006
12gf12gf- -5.39683376065 0.36735368209 3.5006
12gf12gf-12gf -4.90920576191 -0.158914481734 2.7886
12gf12gf-12gf- -4.90947787575 -0.158914481734 2.7886
12gf12gf-12gf-12gf -4.61695549927 -0.432933117189 2.3640
12gf12gf-12gf-12gf- -4.61695549927 -0.432933117189 2.3639
12gf12gf-12gf12gf -4.61668338543 -0.432933117189 2.3640
12gf12gf-12gf12gf- -4.61668338543 -0.432933117189 2.3639
12gf12gf12gf -4.90974998959 -0.159186595572 2.7885
12gf12gf12gf- -4.90947787575 -0.158914481734 2.7886
12gf12gf12gf-12gf -4.61695549927 -0.432933117189 2.3641
12gf12gf12gf-12gf- -4.61695549927 -0.433205231027 2.3639
12gf12gf12gf12gf -4.61695549927 -0.432933117189 2.3642
12gf12gf12gf12gf- -4.61695549927 -0.432933117189 2.3639
12gg -6.20446763357 1.31022813279 3.9690
12gg12gg -5.09995756276 -0.020952765571 2.6244
12gg12gg- -5.09941333508 -0.020952765571 2.6244
12gg12gg-12gg -4.58702297703 -0.520825887052 2.0875
12gg12gg-12gg- -4.58729509086 -0.520825887052 2.0875
12gg12gg-12gg-12gg -4.27871799791 -0.785592651995 1.7371
12gg12gg-12gg-12gg- -4.27899011175 -0.785864765833 1.7368
12gg12gg-12gg12gg- -4.27844588407 -0.785592651995 1.7371
12gg12gg12gg -4.58729509086 -0.521370114729 2.0867
12gg12gg12gg- -4.58729509086 -0.52109800089 2.0874
12gg12gg12gg12gg -4.27926222559 -0.785592651995 1.7370
12gg12gg12gg12gg- -4.27899011175 -0.785864765833 1.7367
12gh -6.14786795515 1.75050832362 4.5433
12gh12gh -5.10784886408 0.495791413902 3.2374
12gh12gh- -5.10920943327 0.495519300063 3.2397
12gh12gh-12gh -4.54348476285 0.0272113838585 2.5803
12gh12gh-12gh- -4.54212419366 0.0277556115357 2.5791
12gh12gh-12gh-12gh -4.20062132624 -0.205990175809 2.1737
12gh12gh-12gh-12gh- -4.20170978159 -0.206262289647 2.1745
12gh12gh-12gh12gh -4.2003492124 -0.206534403486 2.1730
12gh12gh-12gh12gh- -4.20143766775 -0.207078631163 2.1736
12gh12gh12gh -4.54430110437 0.0285719530514 2.5829
12gh12gh12gh- -4.54294053518 0.02884406689 2.5814
12gh12gh12gh-12gh -4.20143766775 -0.204629606616 2.1758
12gh12gh12gh-12gh- -4.20252612311 -0.205445948132 2.1764
12gh12gh12gh12gh -4.20143766775 -0.204901720454 2.1755
12gh12gh12gh12gh- -4.20225400927 -0.20571806197 2.1759
12gi -6.14623527212 1.64438392657 4.8297
12gi12gi -5.25315765388 0.291161807286 3.2457
12gi12gi- -5.25179708469 0.288984896577 3.2397
12gi12gi-12gi -4.72090298561 -0.190479687009 2.5716
12gi12gi-12gi- -4.72171932713 -0.189119117817 2.5742
12gi12gi-12gi-12gi -4.39273369628 -0.431844661834 2.1799
12gi12gi-12gi-12gi- -4.3921894686 -0.432388889511 2.1787
12gi12gi-12gi12gi -4.39273369628 -0.43075620648 2.1805
12gi12gi-12gi12gi- -4.39246158244 -0.431572547996 2.1791
12gi12gi12gi -4.72063087177 -0.19238448388 2.5689
12gi12gi12gi- -4.72117509945 -0.191296028525 2.5713
12gi12gi12gi-12gi -4.39191735476 -0.433749458704 2.1769
12gi12gi12gi-12gi- -4.39137312708 -0.43456580022 2.1755
12gi12gi12gi12gi -4.3921894686 -0.432388889511 2.1779
12gi12gi12gi12gi- -4.39164524092 -0.433477344866 2.1763
12gl -5.94922485298 1.81010125427 4.2993
12gl12gl -5.07737211416 0.66341353847 3.4976
12gl12gl- -5.07737211416 0.663141424631 3.4975
12gl12gl-12gl -4.51681760667 0.288984896577 2.8407
12gl12gl-12gl- -4.51708972051 0.288984896577 2.8408
12gl12gl-12gl-12gl -4.16279750267 0.124628138072 2.4443
12gl12gl-12gl-12gl- -4.16306961651 0.124356024233 2.4443
12gl12gl-12gl12gl -4.16279750267 0.124356024233 2.4443
12gl12gl-12gl12gl- -4.16279750267 0.124356024233 2.4442
12gl12gl12gl -4.51708972051 0.288984896577 2.8408
12gl12gl12gl- -4.51708972051 0.288984896577 2.8408
12gl12gl12gl-12gl -4.16279750267 0.124628138072 2.4443
12gl12gl12gl-12gl- -4.16279750267 0.124356024233 2.4442
12gl12gl12gl12gl -4.16306961651 0.124628138072 2.4445
12gl12gl12gl12gl- -4.16306961651 0.124356024233 2.4444
12hg -6.11031624542 1.77037263383 4.4794
12hg12hg -5.12744106046 0.347217258034 2.9887
12hg12hg- -5.12608049126 0.344768233487 2.9886
12hg12hg-12hg -4.61015265331 -0.173880742856 2.3907
12hg12hg-12hg- -4.61096899482 -0.172792287501 2.3917
12hg12hg-12hg-12hg -4.29994287732 -0.443273443055 2.0129
12hg12hg-12hg-12hg- -4.29967076348 -0.444089784571 2.0121
12hg12hg-12hg12hg -4.30021499116 -0.443817670732 2.0125
12hg12hg-12hg12hg- -4.29967076348 -0.444634012248 2.0117
12hg12hg12hg -4.60960842563 -0.173880742856 2.3910
12hg12hg12hg- -4.61042476714 -0.172520173663 2.3922
12hg12hg12hg-12hg -4.2991265358 -0.443545556893 2.0125
12hg12hg12hg-12hg- -4.29858230813 -0.444361898409 2.0115
12hg12hg12hg12hg -4.29967076348 -0.443817670732 2.0123
12hg12hg12hg12hg- -4.29885442196 -0.444634012248 2.0113
12ig -6.13807185696 1.6566290493 4.6983
12ig12ig -5.25587879227 0.181499930336 3.0185
12ig12ig- -5.2575114753 0.184765296399 3.0215
12ig12ig-12ig -4.77287672878 -0.298236767089 2.4408
12ig12ig-12ig- -4.77178827343 -0.300141563959 2.4386
12ig12ig-12ig-12ig -4.47382362017 -0.548309384749 2.0842
12ig12ig-12ig-12ig- -4.47463996169 -0.547220929394 2.0856
12ig12ig-12ig12ig -4.47409573401 -0.54803727091 2.0847
12ig12ig-12ig12ig- -4.47491207553 -0.546948815556 2.0861
12ig12ig12ig -4.77260461494 -0.297692539412 2.4409
12ig12ig12ig- -4.77124404575 -0.299597336282 2.4388
12ig12ig12ig-12ig -4.47382362017 -0.546676701717 2.0853
12ig12ig12ig-12ig- -4.47436784785 -0.545588246363 2.0866
12ig12ig12ig12ig -4.47436784785 -0.546404587879 2.0861
12ig12ig12ig12ig- -4.47491207553 -0.545316132524 2.0873
12lg -6.09807112269 1.74561027452 4.6855
13ag -5.6411919877 2.52657699126 4.7898
13ag13ag -5.11546805156 1.11321771365 3.8791
13ag13ag- -5.11519593772 1.11348982749 3.8867
13ag13ag-13ag -4.84471478217 0.502866373705 3.2830
13ag13ag-13ag- -4.844986896 0.502866373705 3.2829
13ag13ag-13ag-13ag -4.71001843207 0.14231553758 2.9354
13ag13ag-13ag-13ag- -4.71001843207 0.14231553758 2.9355
13ag13ag-13ag13ag- -4.70974631823 0.14231553758 2.9354
13ag13ag13ag -4.844986896 0.502866373705 3.2830
13ag13ag13ag- -4.844986896 0.502866373705 3.2829
13ag13ag13ag-13ag -4.71001843207 0.142043423741 2.9353
13ag13ag13ag-13ag- -4.71001843207 0.142043423741 2.9354
13ag13ag13ag13ag -4.71001843207 0.14231553758 2.9354
13ag13ag13ag13ag- -4.71001843207 0.14231553758 2.9354
13dg -6.34787162651 1.00518851973 4.5110
13dg13dg -5.70296182906 -0.330890427719 2.8267
13dg13dg- -5.70268971522 -0.331162541558 2.8262
13dg13dg-13dg -5.49452262871 -0.780150375223 2.5530
13dg13dg-13dg- -5.49479474255 -0.780150375223 2.5533
13dg13dg-13dg-13dg -5.4183307539 -1.08301307757 2.3928
13dg13dg-13dg-13dg- -5.4183307539 -1.08328519141 2.3928
13dg13dg-13dg13dg -5.4183307539 -1.08301307757 2.3930
13dg13dg-13dg13dg- -5.41805864006 -1.08301307757 2.3928
13dg13dg13dg -5.49479474255 -0.780422489062 2.5530
13dg13dg13dg- -5.49479474255 -0.780150375223 2.5530
13dg13dg13dg-13dg -5.4183307539 -1.08328519141 2.3928
13dg13dg13dg-13dg- -5.41805864006 -1.08328519141 2.3925
13dg13dg13dg13dg -5.41860286774 -1.08355730525 2.3929
13dg13dg13dg13dg- -5.41805864006 -1.08355730525 2.3925
13eg -5.82568517026 1.59676400482 4.6025
13eg13eg -4.96879869256 0.335788476814 2.6208
13eg13eg- -4.96852657872 0.335516362975 2.6209
13eg13eg-13eg -4.64824859071 -0.00326536606302 2.3851
13eg13eg-13eg- -4.64852070455 -0.00326536606302 2.3856
13eg13eg-13eg-13eg -4.48280337685 -0.226670827541 2.2264
13eg13eg-13eg-13eg- -4.48280337685 -0.22694294138 2.2265
13eg13eg-13eg13eg -4.48280337685 -0.226670827541 2.2267
13eg13eg-13eg13eg- -4.48253126301 -0.226670827541 2.2264
13eg13eg13eg -4.64852070455 -0.00326536606302 2.3853
13eg13eg13eg- -4.64852070455 -0.00326536606302 2.3851
13eg13eg13eg-13eg -4.48280337685 -0.22694294138 2.2264
13eg13eg13eg-13eg- -4.48253126301 -0.22694294138 2.2261
13eg13eg13eg13eg -4.48334760453 -0.22694294138 2.2269
13eg13eg13eg13eg- -4.48280337685 -0.22694294138 2.2261
13fg -5.66704280237 2.0811266375 4.0900
13fg13fg -4.72825005925 1.25852650346 3.5446
13fg13fg- -4.72797794541 1.25907073113 3.5459
13fg13fg-13fg -4.31490913844 0.708584435675 2.9442
13fg13fg-13fg- -4.31518125228 0.708584435675 2.9442
13fg13fg-13fg-13fg -4.08252392029 0.392660269078 2.5608
13fg13fg-13fg-13fg- -4.08279603413 0.392388155239 2.5606
13fg13fg-13fg13fg -4.08252392029 0.392660269078 2.5608
13fg13fg-13fg13fg- -4.08252392029 0.392932382917 2.5608
13fg13fg13fg -4.31545336612 0.708040207998 2.9439
13fg13fg13fg- -4.31518125228 0.708312321837 2.9441
13fg13fg13fg-13fg -4.08279603413 0.392388155239 2.5607
13fg13fg13fg-13fg- -4.08279603413 0.392116041401 2.5604
13fg13fg13fg13fg -4.08306814797 0.392388155239 2.5608
13fg13fg13fg13fg- -4.08279603413 0.392660269078 2.5606
13ga -5.64200832922 2.54725764299 4.7295
13ga13ga -5.02893585089 1.21798154151 3.9383
13ga13ga- -5.02893585089 1.21798154151 3.9383
13ga13ga-13ga -4.68498395892 0.648991505025 3.3087
13ga13ga-13ga- -4.68525607276 0.648991505025 3.3087
13ga13ga-13ga-13ga -4.49450427191 0.318645304983 2.9437
13ga13ga-13ga-13ga- -4.49477638575 0.318645304983 2.9436
13ga13ga-13ga13ga -4.49450427191 0.318645304983 2.9436
13ga13ga-13ga13ga- -4.49450427191 0.318645304983 2.9436
13ga13ga13ga -4.68525607276 0.648991505025 3.3086
13ga13ga13ga- -4.68525607276 0.648991505025 3.3087
13ga13ga13ga-13ga -4.49477638575 0.318645304983 2.9437
13ga13ga13ga-13ga- -4.49477638575 0.318645304983 2.9436
13ga13ga13ga13ga -4.49477638575 0.318917418822 2.9437
13ga13ga13ga13ga- -4.49477638575 0.318645304983 2.9436
13gd -6.33889186984 0.904506399456 4.3950
13gd13gd -5.69779166613 -0.193745053072 3.1083
13gd13gd- -5.69779166613 -0.19428928075 3.1079
13gd13gd-13gd -5.38703766247 -0.77307541542 2.6181
13gd13gd-13gd- -5.38703766247 -0.772803301581 2.6184
13gd13gd-13gd-13gd -5.23683082357 -1.14913674034 2.3384
13gd13gd-13gd-13gd- -5.23683082357 -1.14913674034 2.3384
13gd13gd-13gd13gd -5.23683082357 -1.14913674034 2.3383
13gd13gd-13gd13gd- -5.23683082357 -1.14940885418 2.3381
13gd13gd13gd -5.38703766247 -0.772803301581 2.6185
13gd13gd13gd- -5.38703766247 -0.772803301581 2.6184
13gd13gd13gd-13gd -5.23710293741 -1.14940885418 2.3384
13gd13gd13gd-13gd- -5.23710293741 -1.14940885418 2.3383
13gd13gd13gd13gd -5.23710293741 -1.14886462651 2.3387
13ge -5.81779386895 1.48655790019 4.4787
13ge13ge -5.02104454957 0.470756940752 2.9533
13ge13ge- -5.02077243573 0.470212713075 2.9525
13ge13ge-13ge -4.59164891228 -0.0119730088977 2.4985
13ge13ge-13ge- -4.59192102612 -0.0117008950592 2.4988
13ge13ge-13ge-13ge -4.35817523878 -0.31918953266 2.2128
13ge13ge-13ge-13ge- -4.35817523878 -0.318917418822 2.2129
13ge13ge-13ge13ge -4.35817523878 -0.31918953266 2.2126
13ge13ge-13ge13ge- -4.35817523878 -0.31918953266 2.2124
13ge13ge13ge -4.59192102612 -0.0117008950592 2.4991
13ge13ge13ge- -4.59192102612 -0.0119730088977 2.4989
13ge13ge13ge-13ge -4.35844735261 -0.31918953266 2.2128
13ge13ge13ge-13ge- -4.35844735261 -0.31918953266 2.2127
13ge13ge13ge13ge -4.35871946645 -0.318645304983 2.2133
13ge13ge13ge13ge- -4.35844735261 -0.31918953266 2.2130
13gf -5.4542497806 2.63623886821 4.7414
13gf13gf -5.00417349158 1.16655202601 3.6695
13gf13gf- -5.00390137774 1.16655202601 3.6693
13gf13gf-13gf -4.57831533419 0.545044018686 2.9872
13gf13gf-13gf- -4.57858744803 0.545044018686 2.9873
13gf13gf-13gf-13gf -4.35382141736 0.175785539726 2.5742
13gf13gf-13gf-13gf- -4.3540935312 0.175513425887 2.5741
13gf13gf-13gf13gf -4.35382141736 0.175785539726 2.5741
13gf13gf-13gf13gf- -4.35382141736 0.175785539726 2.5741
13gf13gf13gf -4.57885956187 0.544499791008 2.9871
13gf13gf13gf- -4.57885956187 0.544771904847 2.9873
13gf13gf13gf-13gf -4.3540935312 0.175513425887 2.5742
13gf13gf13gf-13gf- -4.3540935312 0.175241312049 2.5739
13gf13gf13gf13gf -4.35436564504 0.175513425887 2.5742
13gf13gf13gf13gf- -4.3540935312 0.175241312049 2.5740
13gg -5.42948742128 1.82098580781 3.7211
13gg13gg -4.57368939894 0.64409345593 2.3656
13gg13gg- -4.57314517126 0.644365569769 2.3684
13gg13gg13gg -4.2003492124 0.0683005734848 2.0053
13gg13gg13gg- -4.19980498472 0.0696611426777 2.0073
13gh -5.43765083644 2.46290235303 4.3857
13gh13gh -4.68389550356 1.2313151196 3.2243
13gh13gh- -4.68362338972 1.23185934727 3.2266
13gh13gh-13gh -4.20007709856 0.658515489375 2.6509
13gh13gh-13gh- -4.19980498472 0.657971261698 2.6493
13gh13gh-13gh-13gh -3.9344939921 0.323543354077 2.2748
13gh13gh-13gh-13gh- -3.93503821978 0.324087581755 2.2760
13gh13gh-13gh13gh- -3.9344939921 0.322727012562 2.2747
13gh13gh13gh -4.20143766775 0.660692400084 2.6550
13gh13gh13gh- -4.20089344007 0.659876058568 2.6525
13gh13gh13gh-13gh- -3.93639878897 0.325448150948 2.2789
13gh13gh13gh13gh -3.93585456129 0.32490392327 2.2778
13gh13gh13gh13gh- -3.93612667513 0.324631809432 2.2784
13gi -5.54976173794 2.54344804925 4.8143
13gi13gi -4.84661957904 1.04573348168 3.3048
13gi13gi- -4.84090518843 1.04246811562 3.2884
13gi13gi-13gi -4.38457028112 0.470212713075 2.6735
13gi13gi-13gi- -4.3872914195 0.471845396106 2.6800
13gi13gi-13gi-13gi -4.13368132194 0.134152122422 2.3077
13gi13gi-13gi-13gi- -4.13204863891 0.133607894745 2.3051
13gi13gi-13gi13gi -4.13368132194 0.1346963501 2.3075
13gi13gi-13gi13gi- -4.13204863891 0.133607894745 2.3045
13gi13gi13gi -4.3837539396 0.468307916205 2.6696
13gi13gi13gi- -4.38674719183 0.469396371559 2.6754
13gi13gi13gi-13gi -4.13177652507 0.131703097875 2.3018
13gi13gi13gi-13gi- -4.13014384204 0.131158870198 2.2990
13gi13gi13gi13gi -4.13204863891 0.133063667068 2.3024
13gi13gi13gi13gi- -4.13014384204 0.131975211714 2.2992
13gl -5.276559444 2.43188137543 4.2005
13gl13gl -4.61886029614 1.46560513462 3.6287
13gl13gl- -4.6185881823 1.46533302078 3.6283
13gl13gl-13gl -4.15871579509 0.997025104575 3.0479
13gl13gl-13gl- -4.15898790893 0.997297218414 3.0481
13gl13gl-13gl-13gl -3.88415293196 0.737156388727 2.6695
13gl13gl-13gl-13gl- -3.8844250458 0.737156388727 2.6695
13gl13gl-13gl13gl -3.88415293196 0.736884274888 2.6694
13gl13gl-13gl13gl- -3.88415293196 0.736884274888 2.6693
13gl13gl13gl -4.15898790893 0.997297218414 3.0482
13gl13gl13gl- -4.15898790893 0.997297218414 3.0482
13gl13gl13gl-13gl -3.88415293196 0.737156388727 2.6695
13gl13gl13gl-13gl- -3.88415293196 0.736884274888 2.6694
13gl13gl13gl13gl -3.8844250458 0.737428502565 2.6698
13gl13gl13gl13gl- -3.8844250458 0.737156388727 2.6696
13hg -5.39329628075 2.55650951351 4.3040
13hg13hg -4.64226208626 1.0226038054 2.8567
13hg13hg- -4.6389967202 1.0155288456 2.8439
13hg13hg-13hg -4.23218653151 0.396469862818 2.3672
13hg13hg-13hg- -4.23436344222 0.400279456558 2.3726
13hg13hg-13hg-13hg -4.00497147629 0.0342863436617 2.0406
13hg13hg-13hg-13hg- -4.00415513478 0.0315652052758 2.0374
13hg13hg-13hg13hg -4.00551570397 0.0345584575003 2.0400
13hg13hg-13hg13hg- -4.00388302094 0.0323815467916 2.0371
13hg13hg13hg -4.23191441767 0.393476610594 2.3646
13hg13hg13hg- -4.23327498687 0.397830432011 2.3710
13hg13hg13hg-13hg -4.00333879326 0.0326536606302 2.0374
13hg13hg13hg-13hg- -4.00225033791 0.0299325222443 2.0340
13hg13hg13hg13hg -4.00442724862 0.0329257744688 2.0368
13hg13hg13hg13hg- -4.00279456558 0.0307488637601 2.0336
13ig -5.54132620894 2.55052300906 4.5921
13ig13ig -4.75736623998 0.883009406208 2.8632
13ig13ig- -4.76552965514 0.889540138334 2.8802
13ig13ig-13ig -4.37096458919 0.336332704491 2.4302
13ig13ig-13ig- -4.36742710929 0.332250996912 2.4226
13ig13ig-13ig-13ig -4.15082449377 0.0133335780907 2.1222
13ig13ig-13ig-13ig- -4.15300140448 0.0155104887993 2.1258
13ig13ig-13ig13ig -4.15300140448 0.0136056919292 2.1250
13ig13ig-13ig13ig- -4.15490620135 0.0160547164765 2.1290
13ig13ig13ig -4.36769922313 0.339053842877 2.4286
13ig13ig13ig- -4.36416174322 0.335244249137 2.4223
13ig13ig13ig-13ig -4.1489196969 0.0182316271852 2.1253
13ig13ig13ig-13ig- -4.15109660761 0.0201364240553 2.1286
13ig13ig13ig13ig -4.15109660761 0.0185037410238 2.1277
13ig13ig13ig13ig- -4.15300140448 0.020952765571 2.1315
13lg -5.43112010432 2.58644203575 4.5423
4ag -6.40964146787 1.16981739208 4.4676
4ag4ag -6.02296770324 0.139322285355 3.7318
4ag4ag- -6.02323981708 0.139322285355 3.7317
4ag4ag-4ag -5.81126313682 -0.268304244845 3.4253
4ag4ag-4ag- -5.81126313682 -0.268304244845 3.4258
4ag4ag-4ag-4ag -5.66840337156 -0.491165478646 3.2170
4ag4ag-4ag-4ag- -5.66840337156 -0.491165478646 3.2173
4ag4ag-4ag4ag -5.66840337156 -0.491165478646 3.2169
4ag4ag-4ag4ag- -5.66840337156 -0.491165478646 3.2167
4ag4ag4ag -5.81126313682 -0.268032131006 3.4259
4ag4ag4ag- -5.81126313682 -0.268304244845 3.4257
4ag4ag4ag-4ag -5.66840337156 -0.491165478646 3.2168
4ag4ag4ag-4ag- -5.66840337156 -0.491165478646 3.2171
4ag4ag4ag4ag -5.66840337156 -0.491165478646 3.2174
4ag4ag4ag4ag- -5.66840337156 -0.491165478646 3.2172
4dg -7.00529866053 -0.14231553758 4.4207
4dg4dg -6.90570499561 -0.922193798964 3.7119
4dg4dg- -6.90570499561 -0.922193798964 3.7116
4dg4dg-4dg -6.82869677929 -1.28301674893 3.4426
4dg4dg-4dg- -6.82896889313 -1.28274463509 3.4431
4dg4dg-4dg-4dg -6.753321246 -1.4887348109 3.2560
4dg4dg-4dg-4dg- -6.753321246 -1.4887348109 3.2562
4dg4dg-4dg4dg -6.753321246 -1.4887348109 3.2557
4dg4dg-4dg4dg- -6.753321246 -1.4887348109 3.2556
4dg4dg4dg -6.82896889313 -1.28274463509 3.4435
4dg4dg4dg- -6.82896889313 -1.28301674893 3.4431
4dg4dg4dg-4dg -6.753321246 -1.4887348109 3.2558
4dg4dg4dg-4dg- -6.753321246 -1.4887348109 3.2561
4dg4dg4dg4dg -6.753321246 -1.4887348109 3.2564
4dg4dg4dg4dg- -6.753321246 -1.4887348109 3.2563
4eg -6.24365202633 0.402728481106 4.2539
4eg4eg -6.01834176798 -0.23075253512 3.5829
4eg4eg- -6.01834176798 -0.23075253512 3.5826
4eg4eg-4eg -5.87657045808 -0.53851328656 3.3081
4eg4eg-4eg- -5.87657045808 -0.53851328656 3.3086
4eg4eg-4eg-4eg -5.77153451639 -0.707223866482 3.1377
4eg4eg-4eg-4eg- -5.77153451639 -0.707223866482 3.1380
4eg4eg-4eg4eg -5.77153451639 -0.707223866482 3.1376
4eg4eg-4eg4eg- -5.77153451639 -0.707223866482 3.1374
4eg4eg4eg -5.87657045808 -0.538241172721 3.3088
4eg4eg4eg- -5.87657045808 -0.53851328656 3.3085
4eg4eg4eg-4eg -5.77153451639 -0.707223866482 3.1376
4eg4eg4eg-4eg- -5.77153451639 -0.707223866482 3.1379
4eg4eg4eg4eg -5.77153451639 -0.706951752644 3.1382
4eg4eg4eg4eg- -5.77153451639 -0.707223866482 3.1380
4fg -5.79956224176 1.12491860871 3.9636
4fg4fg -5.44635847928 0.39619774898 3.4199
4fg4fg- -5.44663059312 0.39619774898 3.4196
4fg4fg-4fg -5.23274911599 0.0391843927562 3.1211
4fg4fg-4fg- -5.23274911599 0.0394565065948 3.1215
4fg4fg-4fg-4fg -5.08308650477 -0.14802992819 2.9267
4fg4fg-4fg-4fg- -5.08308650477 -0.14802992819 2.9269
4fg4fg-4fg4fg -5.08281439093 -0.14802992819 2.9266
4fg4fg-4fg4fg- -5.08308650477 -0.14802992819 2.9264
4fg4fg4fg -5.23274911599 0.0394565065948 3.1217
4fg4fg4fg- -5.23274911599 0.0394565065948 3.1214
4fg4fg4fg-4fg -5.08281439093 -0.14802992819 2.9265
4fg4fg4fg-4fg- -5.08308650477 -0.14802992819 2.9268
4fg4fg4fg4fg -5.08308650477 -0.147757814352 2.9271
4fg4fg4fg4fg- -5.08308650477 -0.14802992819 2.9269
4ga -6.41072992322 1.14723194347 4.4777
4ga4ga -6.03657339517 0.1537443188 3.7537
4ga4ga- -6.03684550901 0.1537443188 3.7535
4ga4ga-4ga -5.80799777076 -0.264494651105 3.4139
4ga4ga-4ga- -5.80799777076 -0.264494651105 3.4140
4ga4ga-4ga-4ga -5.64853906135 -0.492253934 3.1827
4ga4ga-4ga-4ga- -5.64826694751 -0.492253934 3.1828
4ga4ga-4ga4ga -5.64826694751 -0.492253934 3.1826
4ga4ga-4ga4ga- -5.64853906135 -0.492253934 3.1825
4ga4ga4ga -5.80799777076 -0.264494651105 3.4144
4ga4ga4ga- -5.80799777076 -0.264494651105 3.4142
4ga4ga4ga-4ga -5.64853906135 -0.492253934 3.1826
4ga4ga4ga-4ga- -5.64826694751 -0.492253934 3.1827
4ga4ga4ga4ga -5.64826694751 -0.492253934 3.1830
4ga4ga4ga4ga- -5.64853906135 -0.492253934 3.1829
4gd -7.00203329447 -0.128165617973 4.4169
4gd4gd -6.91305206925 -0.877022901759 3.7347
4gd4gd- -6.91305206925 -0.877022901759 3.7342
4gd4gd-4gd -6.80747189988 -1.22151902141 3.4477
4gd4gd-4gd- -6.80747189988 -1.22151902141 3.4479
4gd4gd-4gd-4gd -6.7032522997 -1.41880155438 3.2518
4gd4gd-4gd-4gd- -6.7032522997 -1.41880155438 3.2520
4gd4gd-4gd4gd -6.7032522997 -1.41880155438 3.2518
4gd4gd-4gd4gd- -6.70298018586 -1.41880155438 3.2516
4gd4gd4gd -6.80747189988 -1.22151902141 3.4482
4gd4gd4gd- -6.80747189988 -1.22151902141 3.4479
4gd4gd4gd-4gd -6.70298018586 -1.41880155438 3.2517
4gd4gd4gd-4gd- -6.70298018586 -1.41880155438 3.2518
4gd4gd4gd4gd -6.7032522997 -1.41880155438 3.2521
4gd4gd4gd4gd- -6.70298018586 -1.41880155438 3.2520
4ge -6.24365202633 0.41334092081 4.2499
4ge4ge -6.0333080291 -0.189119117817 3.6240
4ge4ge- -6.0333080291 -0.189391231655 3.6235
4ge4ge-4ge -5.88282907637 -0.489804909453 3.3387
4ge4ge-4ge- -5.88282907637 -0.489804909453 3.3390
4ge4ge-4ge-4ge -5.76554801194 -0.654978009474 3.1588
4ge4ge-4ge-4ge- -5.76554801194 -0.654978009474 3.1589
4ge4ge-4ge4ge -5.76554801194 -0.654978009474 3.1587
4ge4ge-4ge4ge- -5.76554801194 -0.654978009474 3.1586
4ge4ge4ge -5.88282907637 -0.489804909453 3.3393
4ge4ge4ge- -5.88282907637 -0.489804909453 3.3390
4ge4ge4ge-4ge -5.76554801194 -0.654978009474 3.1587
4ge4ge4ge-4ge- -5.76554801194 -0.654978009474 3.1588
4ge4ge4ge4ge -5.76554801194 -0.654978009474 3.1591
4ge4ge4ge4ge- -5.76554801194 -0.654978009474 3.1590
4gf -5.79466419267 1.13988486983 3.9782
4gf4gf -5.44989595918 0.424769702031 3.4505
4gf4gf- -5.44989595918 0.424497588192 3.4501
4gf4gf-4gf -5.2194155379 0.0669400042919 3.1339
4gf4gf-4gf- -5.2194155379 0.0669400042919 3.1341
4gf4gf-4gf-4gf -5.05233764101 -0.119457975139 2.9249
4gf4gf-4gf-4gf- -5.05233764101 -0.119457975139 2.9250
4gf4gf-4gf4gf -5.05233764101 -0.119457975139 2.9248
4gf4gf-4gf4gf- -5.05233764101 -0.119457975139 2.9247
4gf4gf4gf -5.2194155379 0.0672121181305 3.1344
4gf4gf4gf- -5.2194155379 0.0672121181305 3.1342
4gf4gf4gf-4gf -5.05233764101 -0.119457975139 2.9248
4gf4gf4gf-4gf- -5.05233764101 -0.119457975139 2.9249
4gf4gf4gf4gf -5.05233764101 -0.1191858613 2.9252
4gf4gf4gf4gf- -5.05233764101 -0.1191858613 2.9251
4gg -5.25996049985 0.928996644929 3.3295
4gg4gg -4.99056779965 0.221772778447 2.8848
4gg4gg- -4.99083991349 0.221500664608 2.8844
4gg4gg-4gg -4.83383022862 -0.1537443188 2.6145
4gg4gg-4gg- -4.83383022862 -0.1537443188 2.6148
4gg4gg-4gg-4gg -4.73342022218 -0.354020103999 2.4547
4gg4gg-4gg-4gg- -4.73342022218 -0.354020103999 2.4549
4gg4gg-4gg4gg -4.73342022218 -0.354020103999 2.4547
4gg4gg-4gg4gg- -4.73342022218 -0.354292217838 2.4546
4gg4gg4gg -4.83383022862 -0.153472204962 2.6150
4gg4gg4gg- -4.83383022862 -0.1537443188 2.6148
4gg4gg4gg-4gg -4.73342022218 -0.354020103999 2.4547
4gg4gg4gg-4gg- -4.73342022218 -0.354020103999 2.4549
4gg4gg4gg4gg -4.73314810835 -0.354020103999 2.4551
4gg4gg4gg4gg- -4.73342022218 -0.354020103999 2.4549
4gh -5.46459010646 1.23240357495 3.7745
4gh4gh -5.11873341762 0.432388889511 3.1682
4gh4gh- -5.1157401654 0.430211978803 3.1647
4gh4gh-4gh -4.91247112797 0.0405449619492 2.8515
4gh4gh-4gh- -4.91029421726 0.0397286204334 2.8496
4gh4gh-4gh-4gh- -4.775869981 -0.177962450435 2.6593
4gh4gh-4gh4gh -4.77695843636 -0.177418222757 2.6600
4gh4gh-4gh4gh- -4.77559786717 -0.177962450435 2.6584
4gh4gh4gh -4.91138267262 0.0408170757877 2.8502
4gh4gh4gh- -4.90920576191 0.0397286204334 2.8477
4gh4gh4gh-4gh -4.77559786717 -0.178506678112 2.6583
4gh4gh4gh-4gh- -4.77423729797 -0.179050905789 2.6570
4gh4gh4gh4gh -4.77559786717 -0.178234564273 2.6582
4gi -6.00147070999 1.20056625584 4.1744
4gi4gi -5.61588540072 0.379870918665 3.5379
4gi4gi- -5.61969499446 0.383408398566 3.5437
4gi4gi-4gi -5.39329628075 -0.00952398435047 3.2158
4gi4gi-4gi- -5.3957453053 -0.00789130131896 3.2195
4gi4gi-4gi-4gi -5.2455384664 -0.219051640061 3.0231
4gi4gi-4gi-4gi- -5.24717114943 -0.217963184707 3.0253
4gi4gi-4gi4gi -5.24581058024 -0.218779526222 3.0239
4gi4gi-4gi4gi- -5.24771537711 -0.217963184707 3.0258
4gi4gi4gi -5.39411262227 -0.00816341515755 3.2190
4gi4gi4gi- -5.39656164682 -0.00653073212604 3.2222
4gi4gi4gi-4gi -5.24662692176 -0.217963184707 3.0256
4gi4gi4gi-4gi- -5.24825960479 -0.217146843191 3.0279
4gi4gi4gi4gi -5.24689903559 -0.217691070868 3.0269
4gi4gi4gi4gi- -5.24880383246 -0.216874729352 3.0289
4gl -5.78051427306 1.17199430279 4.0215
4hg -5.46295742343 1.23458048566 3.7715
4hg4hg -5.09859699357 0.431300434157 3.1540
4hg4hg- -5.09505951366 0.427762954255 3.1488
4hg4hg-4hg -4.88852511018 0.0435382141736 2.8455
4hg4hg-4hg- -4.88607608563 0.0408170757877 2.8427
4hg4hg-4hg-4hg -4.75464510159 -0.174697084372 2.6641
4hg4hg-4hg-4hg- -4.75301241856 -0.177418222757 2.6625
4hg4hg-4hg4hg -4.75546144311 -0.174152856694 2.6657
4hg4hg-4hg4hg- -4.75382876008 -0.176601881242 2.6638
4hg4hg4hg -4.88906933786 0.0440824418508 2.8472
4hg4hg4hg- -4.88662031331 0.0408170757877 2.8439
4hg4hg4hg-4hg- -4.75274030472 -0.177418222757 2.6628
4hg4hg4hg4hg -4.75546144311 -0.174152856694 2.6664
4ig -5.9987495716 1.20872967099 4.1669
4ig4ig -5.60500084717 0.368170023605 3.5315
4ig4ig- -5.60881044091 0.372251731184 3.5379
4ig4ig-4ig -5.39111937004 -0.0152383749608 3.2320
4ig4ig-4ig- -5.39356839459 -0.0138778057678 3.2355
4ig4ig-4ig-4ig -5.25315765388 -0.22313334764 3.0533
4ig4ig-4ig-4ig- -5.25506245075 -0.222317006124 3.0553
4ig4ig-4ig4ig -5.25234131237 -0.223677575317 3.0518
4ig4ig-4ig4ig- -5.25451822307 -0.222861233801 3.0533
4ig4ig4ig -5.39030302853 -0.0160547164765 3.2309
4ig4ig4ig- -5.39302416691 -0.0149662611222 3.2337
4ig4ig4ig-4ig -5.25288554004 -0.223405461478 3.0525
4ig4ig4ig-4ig- -5.25479033691 -0.222589119962 3.0544
4ig4ig4ig4ig -5.25206919853 -0.223677575317 3.0515
4ig4ig4ig4ig- -5.25424610924 -0.222861233801 3.0530
4lg -5.77915370387 1.17417121349 4.0128
5aa -7.91361465373 1.24356024233 6.1985
5aa5aa -6.5876039183 -0.133335780907 3.9816
5aa5aa- -6.58733180446 -0.133607894745 3.9813
5aa5aa-5aa -6.02432827243 -0.694978743746 3.1786
5aa5aa-5aa- -6.02460038627 -0.694706629907 3.1788
5aa5aa-5aa-5aa- -5.7152069518 -1.00328372286 2.7412
5aa5aa-5aa5aa -5.71493483796 -1.0035558367 2.7411
5aa5aa-5aa5aa- -5.71493483796 -1.0035558367 2.7410
5aa5aa5aa -6.02460038627 -0.694706629907 3.1789
5aa5aa5aa- -6.02460038627 -0.694706629907 3.1788
5aa5aa5aa-5aa -5.71493483796 -1.0035558367 2.7411
5aa5aa5aa-5aa- -5.71493483796 -1.0035558367 2.7411
5aa5aa5aa5aa -5.7152069518 -1.00328372286 2.7414
5aa5aa5aa5aa- -5.71493483796 -1.00328372286 2.7412
5ad -8.47716241344 -0.0261229285042 5.7333
5ad5ad -7.56803007872 -1.41798521287 3.7125
5ad5ad- -7.56775796488 -1.4182573267 3.7123
5ad5ad-5ad -7.17781883419 -2.01282606401 3.0298
5ad5ad-5ad- -7.17781883419 -2.01255395017 3.0299
5ad5ad-5ad-5ad -6.98352955344 -2.36194811892 2.6548
5ad5ad-5ad5ad -6.98352955344 -2.36194811892 2.6548
5ad5ad-5ad5ad- -6.9832574396 -2.36194811892 2.6547
5ad5ad5ad -7.17781883419 -2.01255395017 3.0300
5ad5ad5ad- -7.17781883419 -2.01255395017 3.0299
5ad5ad5ad-5ad -6.98352955344 -2.36194811892 2.6548
5ad5ad5ad5ad- -6.98352955344 -2.36194811892 2.6549
5ae -7.41755112599 0.596473534178 5.3320
5ae5ae -6.62896522177 -0.58450052528 3.6681
5ae5ae- -6.62896522177 -0.58450052528 3.6680
5ae5ae-5ae -6.14677949979 -1.06423722271 2.9874
5ae5ae-5ae- -6.14677949979 -1.06396510887 2.9875
5ae5ae-5ae-5ae -5.87357720586 -1.330092443 2.6115
5ae5ae-5ae-5ae- -5.87357720586 -1.330092443 2.6115
5ae5ae-5ae5ae- -5.87357720586 -1.330092443 2.6114
5ae5ae5ae -6.14677949979 -1.06396510887 2.9875
5ae5ae5ae- -6.14677949979 -1.06396510887 2.9875
5ae5ae5ae-5ae -5.87357720586 -1.330092443 2.6114
5ae5ae5ae-5ae- -5.87357720586 -1.330092443 2.6115
5ae5ae5ae5ae -5.87384931969 -1.32982032916 2.6116
5ae5ae5ae5ae- -5.87357720586 -1.330092443 2.6115
5af -7.17591403732 1.38642000759 5.6214
5af5af -6.33562650377 0.0228575624411 3.9181
5af5af- -6.33535438993 0.0228575624411 3.9181
5af5af-5af -5.90378184194 -0.566541011934 3.2006
5af5af-5af- -5.90378184194 -0.566541011934 3.2007
5af5af-5af-5af -5.66595434702 -0.89797566733 2.8098
5af5af-5af-5af- -5.66622646085 -0.89797566733 2.8099
5af5af-5af5af -5.66595434702 -0.89797566733 2.8097
5af5af-5af5af- -5.66595434702 -0.898247781169 2.8097
5af5af5af -5.90405395578 -0.566541011934 3.2008
5af5af5af- -5.90378184194 -0.566541011934 3.2007
5af5af5af-5af -5.66595434702 -0.89797566733 2.8098
5af5af5af-5af- -5.66622646085 -0.89797566733 2.8098
5af5af5af5af -5.66622646085 -0.89797566733 2.8099
5af5af5af5af- -5.66622646085 -0.89797566733 2.8099
5ag -6.2180733255 1.15158576489 4.6248
5ag5ag -5.78568443599 -0.0424497588192 3.4124
5ag5ag- -5.78541232215 -0.0419055311421 3.4162
5ag5ag-5ag -5.53724450136 -0.543955563331 2.9462
5ag5ag-5ag- -5.5375166152 -0.543955563331 2.9456
5ag5ag-5ag-5ag -5.38350018256 -0.818790540302 2.6918
5ag5ag-5ag-5ag- -5.3837722964 -0.818790540302 2.6917
5ag5ag-5ag5ag -5.38350018256 -0.818790540302 2.6919
5ag5ag-5ag5ag- -5.38322806873 -0.818790540302 2.6920
5ag5ag5ag -5.53778872904 -0.54422767717 2.9456
5ag5ag5ag- -5.5375166152 -0.54422767717 2.9459
5ag5ag5ag-5ag -5.38350018256 -0.819062654141 2.6918
5ag5ag5ag-5ag- -5.3837722964 -0.819062654141 2.6920
5ag5ag5ag5ag -5.38404441024 -0.819062654141 2.6915
5ag5ag5ag5ag- -5.3837722964 -0.819062654141 2.6919
5ah -6.63141424631 1.51567408092 5.2483
5ah5ah -5.84173988674 0.356197014708 3.8097
5ah5ah- -5.84065143139 0.354836445515 3.8079
5ah5ah-5ah -5.36499644154 -0.147485700513 3.1425
5ah5ah-5ah- -5.36581278306 -0.146669358997 3.1438
5ah5ah-5ah-5ah -5.07818845567 -0.423681246677 2.7717
5ah5ah-5ah-5ah- -5.07764422799 -0.423953360515 2.7710
5ah5ah-5ah5ah -5.07710000032 -0.423681246677 2.7710
5ah5ah-5ah5ah- -5.07655577264 -0.424225474354 2.7703
5ah5ah5ah -5.36554066922 -0.147485700513 3.1426
5ah5ah5ah- -5.36662912457 -0.146941472836 3.1440
5ah5ah5ah-5ah -5.07927691103 -0.423953360515 2.7717
5ah5ah5ah-5ah- -5.07873268335 -0.424497588192 2.7710
5ah5ah5ah5ah -5.07846056951 -0.423953360515 2.7710
5ah5ah5ah5ah- -5.07791634183 -0.424497588192 2.7703
5ai -7.44775576207 1.34995675322 5.8311
5ai5ai -6.29889113556 0.131430984037 3.9724
5ai5ai- -6.30215650163 0.133335780907 3.9791
5ai5ai-5ai -5.76092207668 -0.377421894117 3.2354
5ai5ai-5ai- -5.75874516597 -0.378238235633 3.2321
5ai5ai-5ai-5ai -5.45343343908 -0.656610692505 2.8219
5ai5ai-5ai-5ai- -5.45506612211 -0.656338578667 2.8237
5ai5ai-5ai5ai -5.45397766676 -0.656066464828 2.8232
5ai5ai-5ai5ai- -5.45561034979 -0.65579435099 2.8250
5ai5ai5ai -5.760377849 -0.377421894117 3.2353
5ai5ai5ai- -5.7582009383 -0.378510349472 3.2319
5ai5ai5ai-5ai -5.45316132524 -0.656882806344 2.8227
5ai5ai5ai-5ai- -5.45479400827 -0.656610692505 2.8244
5ai5ai5ai5ai -5.45397766676 -0.656066464828 2.8241
5ai5ai5ai5ai- -5.45561034979 -0.65579435099 2.8258
5al -7.04720419167 1.32737130462 5.4988
5al5al -5.92881631509 0.19238448388 3.7779
5al5al- -5.92854420125 0.192112370041 3.7777
5al5al-5al -5.32091399969 -0.298508880928 3.0083
5al5al-5al- -5.32091399969 -0.298508880928 3.0084
5al5al-5al-5al -4.95682568366 -0.570078491835 2.5798
5al5al-5al-5al- -4.95682568366 -0.570078491835 2.5799
5al5al-5al5al -4.95682568366 -0.570078491835 2.5797
5al5al-5al5al- -4.95655356982 -0.570078491835 2.5797
5al5al5al -5.32091399969 -0.298508880928 3.0085
5al5al5al- -5.32091399969 -0.298508880928 3.0085
5al5al5al-5al -4.95682568366 -0.570078491835 2.5799
5al5al5al-5al- -4.95682568366 -0.570078491835 2.5799
5al5al5al5al -4.95682568366 -0.569806377997 2.5800
5al5al5al5al- -4.95682568366 -0.570078491835 2.5799
5da -8.47743452727 -0.0261229285042 5.7332
5da5da -7.56803007872 -1.4182573267 3.7125
5da5da- -7.56775796488 -1.4182573267 3.7123
5da5da-5da -7.17781883419 -2.01282606401 3.0298
5da5da-5da- -7.17781883419 -2.01255395017 3.0299
5da5da-5da-5da -6.98352955344 -2.36194811892 2.6548
5da5da-5da5da -6.98352955344 -2.36194811892 2.6548
5da5da-5da5da- -6.9832574396 -2.36222023276 2.6547
5da5da5da- -7.17781883419 -2.01255395017 3.0299
5da5da5da-5da -6.98352955344 -2.36194811892 2.6548
5da5da5da-5da- -6.98352955344 -2.36194811892 2.6548
5dd -9.0728196061 -0.675386547368 5.4407
5dd5dd -6.45535659275 -2.7687583076 0.0658
5dd5dd- -6.45562870659 -2.78345245489 0.0845
5dd5dd-5dd -6.17752836355 -3.03379718638 0.0952
5dd5dd-5dd- -6.18188218497 -3.01883092526 0.0988
5dd5dd-5dd-5dd -5.73371069282 -3.06318548095 -0.7141
5dd5dd-5dd-5dd- -6.08963559369 -3.06372970863 0.0903
5dd5dd-5dd5dd -6.10133648875 -3.10944483351 0.0936
5dd5dd-5dd5dd- -5.74214622182 -3.05992011489 -0.7091
5dd5dd5dd -6.1799773881 -3.00767425788 0.0945
5dd5dd5dd- -6.18269852649 -3.01883092526 0.0995
5dd5dd5dd-5dd- -6.10868356239 -3.09937662148 0.0999
5dd5dd5dd5dd -5.72799630221 -3.07787962823 -0.7257
5dd5dd5dd5dd- -6.09072404905 -3.07107678227 0.0883
5de -7.9677653076 -0.144764562127 5.1027
5de5de -5.43792295028 -2.28412356108 -0.3876
5de5de- -5.44091620251 -2.28439567492 -0.3990
5de5de-5de -5.3337033501 -2.61446976112 -0.4239
5de5de-5de- -5.43792295028 -2.57855073443 -0.3928
5de5de-5de-5de -5.60744987172 -2.54344804925 0.1613
5de5de-5de-5de- -5.70187337371 -2.64413016953 0.0504
5de5de5de -5.75303077536 -2.46399080839 0.1669
5de5de5de- -5.33152643939 -2.61338130577 -0.4136
5de5de5de-5de -5.60391239182 -2.51732512075 0.1926
5de5de5de-5de- -5.50703986528 -2.63025236376 -0.3309
5de5de5de5de -5.71003678887 -2.59378910939 0.0580
5de5de5de5de- -5.6735735345 -2.59161219868 0.0026
5df -7.88259367613 0.0204085378939 5.0365
5df5df -7.03060524752 -1.32601073542 3.1616
5df5df- -7.029788906 -1.32601073542 3.1605
5df5df-5df -6.70216384435 -1.87540857553 2.6657
5df5df-5df- -6.70270807202 -1.87540857553 2.6662
5df5df-5df-5df -6.54161667958 -2.20221729567 2.4028
5df5df-5df-5df- -6.54188879342 -2.20248940951 2.4029
5df5df-5df5df -6.54188879342 -2.20221729567 2.4028
5df5df-5df5df- -6.54134456574 -2.20221729567 2.4025
5df5df5df -6.70298018586 -1.87540857553 2.6663
5df5df5df- -6.70270807202 -1.87540857553 2.6661
5df5df5df-5df -6.54161667958 -2.20248940951 2.4026
5df5df5df-5df- -6.54188879342 -2.20248940951 2.4026
5df5df5df5df -6.5424330211 -2.20248940951 2.4031
5df5df5df5df- -6.54188879342 -2.20248940951 2.4026
5dg -6.8414861297 -0.0791851270282 4.0017
5dg5dg -6.13154112483 -1.39594399194 1.4987
5dg5dg- -6.1334459217 -1.39812090265 1.5184
5dg5dg-5dg -5.89289728839 -1.58724002047 1.4105
5dg5dg-5dg- -5.89289728839 -1.58778424814 1.4084
5dg5dg-5dg-5dg -5.76690858113 -1.75105255129 1.3891
5dg5dg-5dg-5dg- -5.76690858113 -1.75132466513 1.3880
5dg5dg-5dg5dg -5.76718069497 -1.75132466513 1.3881
5dg5dg-5dg5dg- -5.76690858113 -1.75132466513 1.3888
5dg5dg5dg -5.89235306072 -1.58642367895 1.4085
5dg5dg5dg- -5.89262517456 -1.58615156511 1.4108
5dg5dg5dg-5dg -5.76690858113 -1.75023620978 1.3901
5dg5dg5dg-5dg- -5.76663646729 -1.75078043746 1.3884
5dg5dg5dg5dg -5.76718069497 -1.75023620978 1.3887
5dg5dg5dg5dg- -5.76663646729 -1.75023620978 1.3888
5dh -7.31387575349 0.0770082163195 4.5760
5dh5dh -6.47086708155 -1.09416974495 2.8455
5dh5dh- -6.46814594316 -1.09879568021 2.8375
5dh5dh-5dh -6.09915957804 -1.61417929049 2.3894
5dh5dh-5dh- -6.10188071643 -1.61363506281 2.3932
5dh5dh-5dh-5dh -5.8915367192 -1.9224842696 2.1622
5dh5dh-5dh-5dh- -5.88963192233 -1.92221215576 2.1608
5dh5dh-5dh5dh -5.89180883304 -1.92411695263 2.1610
5dh5dh-5dh5dh- -5.88963192233 -1.9238448388 2.1590
5dh5dh5dh -6.09834323653 -1.61118603826 2.3903
5dh5dh5dh- -6.1002480334 -1.61118603826 2.3931
5dh5dh5dh-5dh -5.89289728839 -1.92085158657 2.1635
5dh5dh5dh-5dh- -5.89099249152 -1.92057947273 2.1619
5dh5dh5dh5dh -5.89398574375 -1.92166792809 2.1636
5dh5dh5dh5dh- -5.8915367192 -1.92166792809 2.1614
5di -8.15198637633 0.0598650444887 5.2728
5di5di -6.66379579311 -1.28519365964 2.1649
5di5di- -6.71332051173 -1.29172439176 2.2164
5di5di-5di -6.43522016869 -1.81608775872 2.0531
5di5di-5di- -6.42107024909 -1.81118970962 2.0388
5di5di-5di-5di -6.23957031875 -2.12003891642 1.9140
5di5di-5di-5di- -6.24691739239 -2.12330428248 1.9191
5di5di-5di5di -6.24120300178 -2.12248794096 1.9242
5di5di-5di5di- -6.24800584775 -2.12602542086 1.9304
5di5di5di -6.43304325799 -1.81309450649 2.0265
5di5di5di- -6.41943756606 -1.80874068507 2.0188
5di5di5di-5di -6.23875397724 -2.12003891642 1.9180
5di5di5di-5di- -6.2455568232 -2.12330428248 1.9223
5di5di5di5di -6.24065877411 -2.12167159945 1.9259
5di5di5di5di- -6.24718950623 -2.12520907935 1.9310
5dl -7.64830366111 -0.0653073212604 4.7623
5dl5dl -6.78461433744 -1.17117796127 3.2258
5dl5dl- -6.78461433744 -1.17145007511 3.2260
5dl5dl-5dl -6.3111362583 -1.72438539511 2.5764
5dl5dl-5dl- -6.31140837214 -1.72438539511 2.5767
5dl5dl-5dl-5dl -6.03956664739 -2.05745273354 2.2252
5dl5dl-5dl-5dl- -6.03956664739 -2.05745273354 2.2253
5dl5dl-5dl5dl -6.03956664739 -2.05745273354 2.2251
5dl5dl-5dl5dl- -6.03929453355 -2.05772484738 2.2248
5dl5dl5dl -6.3111362583 -1.72411328127 2.5767
5dl5dl5dl- -6.3111362583 -1.72411328127 2.5766
5dl5dl5dl-5dl -6.03929453355 -2.05745273354 2.2250
5dl5dl5dl-5dl- -6.03929453355 -2.0571806197 2.2251
5dl5dl5dl5dl -6.03983876123 -2.0571806197 2.2256
5dl5dl5dl5dl- -6.03929453355 -2.0571806197 2.2252
5ea -7.41755112599 0.596473534178 5.3320
5ea5ea -6.62896522177 -0.58450052528 3.6681
5ea5ea- -6.62896522177 -0.58450052528 3.6680
5ea5ea-5ea -6.14677949979 -1.06423722271 2.9874
5ea5ea-5ea- -6.14677949979 -1.06396510887 2.9875
5ea5ea-5ea-5ea -5.87357720586 -1.330092443 2.6115
5ea5ea-5ea-5ea- -5.87357720586 -1.330092443 2.6115
5ea5ea-5ea5ea -5.87357720586 -1.330092443 2.6114
5ea5ea-5ea5ea- -5.87357720586 -1.330092443 2.6114
5ea5ea5ea -6.14677949979 -1.06396510887 2.9875
5ea5ea5ea- -6.14677949979 -1.06396510887 2.9875
5ea5ea5ea-5ea -5.87357720586 -1.330092443 2.6114
5ea5ea5ea-5ea- -5.87357720586 -1.330092443 2.6115
5ea5ea5ea5ea -5.87384931969 -1.32982032916 2.6116
5ea5ea5ea5ea- -5.87357720586 -1.330092443 2.6115
5ed -7.9677653076 -0.144764562127 5.1027
5ed5ed -5.43792295028 -2.28412356108 -0.3875
5ed5ed- -5.44118831634 -2.28439567492 -0.3989
5ed5ed-5ed -5.33397546394 -2.61446976112 -0.4238
5ed5ed-5ed- -5.33207066707 -2.61365341961 -0.4133
5ed5ed-5ed-5ed -5.60935466859 -2.53936634167 0.1641
5ed5ed-5ed-5ed- -5.51928498802 -2.97937441867 -0.7781
5ed5ed-5ed5ed -5.51547539428 -2.63161293295 -0.3313
5ed5ed-5ed5ed- -5.60064702575 -2.56195179028 0.2237
5ed5ed5ed -5.75248654769 -2.47351479274 0.1596
5ed5ed5ed- -5.44091620251 -2.57909496211 -0.3909
5ed5ed5ed-5ed -5.60173548111 -2.54780187067 0.1671
5ed5ed5ed-5ed- -5.49125726264 -2.6460349664 -0.3207
5ed5ed5ed5ed -5.70132914603 -2.58127187282 0.0949
5ed5ed5ed5ed- -5.708131992 -2.63460618518 0.0861
5ee -7.39659836042 0.395653521302 5.0816
5ee5ee -5.75792882446 -1.86370768047 0.5597
5ee5ee- -5.79194305428 -1.86479613582 0.6405
5ee5ee-5ee -5.55003385178 -2.26616404774 0.6579
5ee5ee-5ee- -5.54377523349 -2.26561982006 0.5797
5ee5ee-5ee-5ee -5.31057367382 -2.56739406705 0.4860
5ee5ee-5ee-5ee- -5.30921310463 -2.56684983937 0.4714
5ee5ee-5ee5ee -5.30975733231 -2.56739406705 0.4651
5ee5ee-5ee5ee- -5.31275058453 -2.56793829473 0.4872
5ee5ee5ee -5.5424146643 -2.26507559238 0.5736
5ee5ee5ee- -5.54350311965 -2.26561982006 0.5793
5ee5ee5ee-5ee -5.30894099079 -2.56739406705 0.4629
5ee5ee5ee-5ee- -5.30839676311 -2.56712195321 0.4593
5ee5ee5ee5ee -5.30485928321 -2.56603349786 0.4399
5ee5ee5ee5ee- -5.30866887695 -2.56684983937 0.4631
5ef -7.15822663781 0.646270366639 5.0392
5ef5ef -6.16827649304 -0.530349871402 3.0273
5ef5ef- -6.16746015153 -0.530621985241 3.0259
5ef5ef-5ef -5.71085313038 -0.98069827426 2.5426
5ef5ef-5ef- -5.7116694719 -0.980426160421 2.5432
5ef5ef-5ef-5ef -5.45697091898 -1.23784585172 2.2662
5ef5ef-5ef-5ef- -5.45724303282 -1.23784585172 2.2664
5ef5ef-5ef5ef -5.45697091898 -1.23811796556 2.2661
5ef5ef-5ef5ef- -5.45669880514 -1.23811796556 2.2657
5ef5ef5ef -5.71194158574 -0.980426160421 2.5435
5ef5ef5ef- -5.71139735806 -0.980426160421 2.5431
5ef5ef5ef-5ef -5.45697091898 -1.23811796556 2.2660
5ef5ef5ef-5ef- -5.45697091898 -1.23811796556 2.2660
5ef5ef5ef5ef -5.4577872605 -1.23784585172 2.2667
5ef5ef5ef5ef- -5.45724303282 -1.23811796556 2.2661
5eg -6.31304105517 0.514023041087 4.1052
5eg5eg -5.38241172721 -0.899336236523 0.8095
5eg5eg- -5.38540497943 -0.902873716425 0.8033
5eg5eg-5eg -5.10784886408 -0.920833229771 0.8870
5eg5eg-5eg- -5.10866520559 -0.917023636031 0.8912
5eg5eg-5eg-5eg -4.94757381315 -0.884914203078 0.8901
5eg5eg-5eg-5eg- -4.94839015467 -0.884097861562 0.8925
5eg5eg-5eg5eg -4.94811804083 -0.881104609338 0.8950
5eg5eg-5eg5eg- -4.94730169931 -0.880560381661 0.8905
5eg5eg5eg -5.10839309175 -0.917567863708 0.8900
5eg5eg5eg- -5.10703252256 -0.92110534361 0.8876
5eg5eg5eg-5eg -4.94702958547 -0.90369005794 0.8911
5eg5eg5eg-5eg- -4.94702958547 -0.903145830263 0.8901
5eg5eg5eg5eg -4.94893438234 -0.906411196326 0.8990
5eg5eg5eg5eg- -4.94730169931 -0.906411196326 0.8910
5eh -6.75223279065 0.681100937978 4.6535
5eh5eh -5.69316573087 -0.376333438763 2.6464
5eh5eh- -5.68908402329 -0.381503601696 2.6426
5eh5eh-5eh -5.21751074103 -0.818518426463 2.2349
5eh5eh-5eh- -5.22104822093 -0.817429971109 2.2392
5eh5eh-5eh-5eh -4.93396812122 -1.07294486554 1.9992
5eh5eh-5eh-5eh- -4.93151909667 -1.0726727517 1.9976
5eh5eh-5eh5eh -4.9345123489 -1.07484966241 1.9978
5eh5eh-5eh5eh- -4.93124698284 -1.07512177625 1.9953
5eh5eh5eh -5.21669439951 -0.8152530604 2.2360
5eh5eh5eh- -5.21968765174 -0.814708832723 2.2389
5eh5eh5eh-5eh -4.93560080425 -1.07131218251 2.0006
5eh5eh5eh-5eh- -4.93315177971 -1.07104006867 1.9988
5eh5eh5eh5eh -4.93696137345 -1.07240063786 2.0008
5eh5eh5eh5eh- -4.93342389354 -1.0726727517 1.9981
5ei -7.32122282713 0.663957766147 5.2404
5ei5ei -5.27764789935 -0.572255402544 1.4214
5ei5ei- -5.31356692605 -0.583684183765 1.4370
5ei5ei-5ei -5.15546878583 -1.01280770721 1.3543
5ei5ei-5ei- -5.13805350016 -1.00464429206 1.3502
5ei5ei-5ei-5ei -4.99764275945 -1.24736983607 1.3084
5ei5ei-5ei-5ei- -5.00879942683 -1.25226788517 1.3104
5ei5ei-5ei5ei -4.99791487329 -1.25172365749 1.3077
5ei5ei-5ei5ei- -5.00743885764 -1.25716593426 1.3093
5ei5ei5ei -5.15846203805 -1.00736543044 1.3553
5ei5ei5ei- -5.14050252471 -1.00029047064 1.3511
5ei5ei5ei-5ei -5.00226869471 -1.24628138072 1.3158
5ei5ei5ei-5ei- -5.01233690673 -1.25117942981 1.3173
5ei5ei5ei5ei -5.00444560542 -1.24927463294 1.3191
5ei5ei5ei5ei- -5.01315324825 -1.25471690972 1.3200
5el -7.00992459579 0.493614503193 4.7024
5el5el -6.05834250225 -0.49796832461 2.5755
5el5el- -6.05888672993 -0.498512552288 2.5728
5el5el-5el -5.51357059741 -0.976344452843 2.3229
5el5el-5el- -5.51411482508 -0.976072339004 2.3243
5el5el-5el-5el -5.18893878798 -1.25335634052 2.1367
5el5el-5el-5el- -5.18893878798 -1.25308422668 2.1366
5el5el-5el5el -5.18893878798 -1.25362845436 2.1373
5el5el-5el5el- -5.18866667414 -1.25362845436 2.1369
5el5el5el -5.51384271125 -0.975528111327 2.3241
5el5el5el- -5.51357059741 -0.975800225165 2.3238
5el5el5el-5el -5.18866667414 -1.25335634052 2.1369
5el5el5el-5el- -5.18866667414 -1.25308422668 2.1370
5el5el5el5el -5.18921090181 -1.25281211284 2.1359
5el5el5el5el- -5.18866667414 -1.25281211284 2.1358
5fa -7.12666143254 1.36220187596 5.5604
5fa5fa -6.05834250225 0.20571806197 3.8839
5fa5fa- -6.05834250225 0.20571806197 3.8837
5fa5fa-5fa -5.46377376495 -0.292522376479 3.1229
5fa5fa-5fa- -5.46404587879 -0.29225026264 3.1230
5fa5fa-5fa-5fa -5.10948154711 -0.567085239611 2.7016
5fa5fa-5fa-5fa- -5.10948154711 -0.567085239611 2.7017
5fa5fa-5fa5fa -5.10948154711 -0.567085239611 2.7016
5fa5fa-5fa5fa- -5.10948154711 -0.567085239611 2.7015
5fa5fa5fa -5.46404587879 -0.29225026264 3.1231
5fa5fa5fa- -5.46404587879 -0.29225026264 3.1230
5fa5fa5fa-5fa -5.10948154711 -0.567085239611 2.7016
5fa5fa5fa-5fa- -5.10948154711 -0.567085239611 2.7016
5fa5fa5fa5fa -5.10975366095 -0.566813125772 2.7018
5fa5fa5fa5fa- -5.10948154711 -0.567085239611 2.7017
5fd -7.84368139721 -0.122179113525 4.8652
5fd5fd -6.91441263844 -1.23049877808 3.2961
5fd5fd- -6.9141405246 -1.23077089192 3.2952
5fd5fd-5fd -6.45073065749 -1.80438686366 2.6325
5fd5fd-5fd- -6.45100277133 -1.80411474982 2.6330
5fd5fd-5fd-5fd -6.19113405548 -2.15323680472 2.2814
5fd5fd-5fd-5fd- -6.19140616932 -2.15323680472 2.2816
5fd5fd-5fd5fd -6.19113405548 -2.15323680472 2.2812
5fd5fd-5fd5fd- -6.19086194165 -2.15350891856 2.2809
5fd5fd5fd -6.45127488517 -1.80384263598 2.6333
5fd5fd5fd- -6.45127488517 -1.80411474982 2.6330
5fd5fd5fd-5fd -6.19140616932 -2.15350891856 2.2813
5fd5fd5fd-5fd- -6.19140616932 -2.15350891856 2.2814
5fd5fd5fd5fd -6.19167828316 -2.15296469088 2.2820
5fd5fd5fd5fd- -6.19140616932 -2.15323680472 2.2816
5fe -7.24611940768 0.491165478646 4.9155
5fe5fe -6.10215283027 -0.48272994965 3.1796
5fe5fe- -6.10160860259 -0.483002063488 3.1783
5fe5fe-5fe -5.5339791353 -0.964371443945 2.5315
5fe5fe-5fe- -5.53425124914 -0.963827216268 2.5321
5fe5fe-5fe-5fe -5.20417716294 -1.24628138072 2.1760
5fe5fe-5fe-5fe- -5.20417716294 -1.24600926688 2.1763
5fe5fe-5fe5fe -5.2039050491 -1.24628138072 2.1758
5fe5fe-5fe5fe- -5.2039050491 -1.24655349456 2.1754
5fe5fe5fe -5.53479547682 -0.963827216268 2.5326
5fe5fe5fe- -5.53452336298 -0.964099330106 2.5322
5fe5fe5fe-5fe -5.20417716294 -1.24628138072 2.1759
5fe5fe5fe-5fe- -5.20444927678 -1.24628138072 2.1760
5fe5fe5fe5fe -5.20472139061 -1.24573715304 2.1768
5fe5fe5fe5fe- -5.20444927678 -1.24628138072 2.1763
5ff -6.89345987287 1.62125425029 5.6334
5ff5ff -5.84554948048 0.360278722286 3.7660
5ff5ff- -5.8450052528 0.360278722286 3.7654
5ff5ff-5ff -5.27764789935 -0.161091392442 2.9997
5ff5ff-5ff- -5.27792001319 -0.161091392442 3.0000
5ff5ff-5ff-5ff -4.95628145599 -0.441368646185 2.5787
5ff5ff-5ff-5ff- -4.95655356982 -0.441640760023 2.5787
5ff5ff-5ff5ff -4.95628145599 -0.441368646185 2.5786
5ff5ff-5ff5ff- -4.95600934215 -0.441368646185 2.5784
5ff5ff5ff -5.27819212703 -0.161363506281 3.0001
5ff5ff5ff- -5.27792001319 -0.161091392442 3.0000
5ff5ff5ff-5ff -4.95628145599 -0.441640760023 2.5786
5ff5ff5ff-5ff- -4.95655356982 -0.441640760023 2.5785
5ff5ff5ff5ff -4.95682568366 -0.441640760023 2.5789
5ff5ff5ff5ff- -4.95655356982 -0.441640760023 2.5787
5fg -6.24365202633 1.19077015765 4.2173
5fg5fg -5.25070862933 0.0500689462996 2.8693
5fg5fg- -5.25016440166 0.0506131739768 2.8700
5fg5fg-5fg -4.88417128876 -0.375789211086 2.4226
5fg5fg-5fg- -4.8844434026 -0.376061324924 2.4225
5fg5fg-5fg-5fg -4.67464363305 -0.587493777505 2.1633
5fg5fg-5fg-5fg- -4.67518786073 -0.588038005182 2.1630
5fg5fg-5fg5fg -4.67491574689 -0.587765891343 2.1633
5fg5fg-5fg5fg- -4.67437151921 -0.587221663666 2.1634
5fg5fg5fg -4.88498763028 -0.376605552602 2.4220
5fg5fg5fg- -4.8844434026 -0.376061324924 2.4224
5fg5fg5fg-5fg -4.67464363305 -0.587765891343 2.1631
5fg5fg5fg-5fg- -4.67491574689 -0.588310119021 2.1627
5fg5fg5fg5fg -4.67518786073 -0.587765891343 2.1631
5fg5fg5fg5fg- -4.67491574689 -0.587493777505 2.1630
5fh -6.58461066608 1.69581344206 5.3070
5fh5fh -5.45125652837 0.545044018686 3.5148
5fh5fh- -5.44799116231 0.54422767717 3.5116
5fh5fh-5fh -4.8604973848 0.075375533288 2.8056
5fh5fh-5fh- -4.86076949864 0.075375533288 2.8060
5fh5fh-5fh-5fh -4.51273589909 -0.168982693761 2.4080
5fh5fh-5fh-5fh- -4.51300801293 -0.168710579923 2.4085
5fh5fh-5fh5fh -4.51219167142 -0.170071149116 2.4068
5fh5fh-5fh5fh- -4.51219167142 -0.170071149116 2.4067
5fh5fh5fh -4.86213006784 0.0775524439967 2.8092
5fh5fh5fh- -4.86213006784 0.0770082163195 2.8085
5fh5fh5fh-5fh -4.51409646829 -0.167622124568 2.4102
5fh5fh5fh-5fh- -4.51409646829 -0.16735001073 2.4106
5fh5fh5fh5fh -4.51382435445 -0.167894238407 2.4100
5fh5fh5fh5fh- -4.51382435445 -0.168166352245 2.4098
5fi -6.98516223647 1.44737350743 5.5125
5fi5fi -5.81099102298 0.231568876636 3.5583
5fi5fi- -5.80772565692 0.230208307443 3.5513
5fi5fi-5fi -5.17832634827 -0.284903188998 2.7785
5fi5fi-5fi- -5.17941480363 -0.282998392128 2.7826
5fi5fi-5fi-5fi -4.81559860144 -0.566268898095 2.3593
5fi5fi-5fi-5fi- -4.81505437376 -0.567085239611 2.3577
5fi5fi-5fi5fi -4.81505437376 -0.564908328902 2.3596
5fi5fi-5fi5fi- -4.81451014608 -0.566541011934 2.3573
5fi5fi5fi -5.17832634827 -0.287080099707 2.7760
5fi5fi5fi- -5.17914268979 -0.285991644353 2.7789
5fi5fi5fi-5fi -4.81369380457 -0.568717922642 2.3545
5fi5fi5fi-5fi- -4.81314957689 -0.569806377997 2.3528
5fi5fi5fi5fi -4.81369380457 -0.566813125772 2.3559
5fi5fi5fi5fi- -4.81314957689 -0.568445808804 2.3535
5fl -6.75903563661 1.65717327698 5.5304
5fl5fl -5.61125946546 0.588854346698 3.7943
5fl5fl- -5.61098735162 0.588582232859 3.7936
5fl5fl-5fl -4.94866226851 0.161635620119 3.0155
5fl5fl-5fl- -4.94893438234 0.161907733958 3.0159
5fl5fl-5fl-5fl -4.56062793468 -0.0579602476186 2.5874
5fl5fl-5fl-5fl- -4.56062793468 -0.0579602476186 2.5876
5fl5fl-5fl5fl -4.56062793468 -0.0579602476186 2.5873
5fl5fl-5fl5fl- -4.56035582084 -0.0582323614572 2.5871
5fl5fl5fl -4.94920649618 0.161907733958 3.0161
5fl5fl5fl- -4.94893438234 0.161907733958 3.0159
5fl5fl5fl-5fl -4.56035582084 -0.0579602476186 2.5873
5fl5fl5fl-5fl- -4.56062793468 -0.0579602476186 2.5874
5fl5fl5fl5fl -4.56090004852 -0.05768813378 2.5878
5fl5fl5fl5fl- -4.56062793468 -0.0579602476186 2.5876
5ga -6.21671275631 1.1798856041 4.5169
5ga5ga -5.66541011934 0.0389122789176 3.4342
5ga5ga- -5.66541011934 0.0389122789176 3.4343
5ga5ga-5ga -5.32173034121 -0.447355150634 2.9240
5ga5ga-5ga- -5.32173034121 -0.447355150634 2.9240
5ga5ga-5ga-5ga -5.0917941476 -0.71538728164 2.6297
5ga5ga-5ga-5ga- -5.09206626144 -0.71538728164 2.6296
5ga5ga-5ga5ga -5.0917941476 -0.71538728164 2.6297
5ga5ga-5ga5ga- -5.0917941476 -0.71538728164 2.6297
5ga5ga5ga -5.32173034121 -0.447355150634 2.9239
5ga5ga5ga- -5.32173034121 -0.447355150634 2.9239
5ga5ga5ga-5ga -5.0917941476 -0.71538728164 2.6297
5ga5ga5ga-5ga- -5.09206626144 -0.71538728164 2.6297
5ga5ga5ga5ga- -5.0917941476 -0.71538728164 2.6296
5gd -6.82488718555 -0.162996189312 3.8874
5gd5gd -6.12228925432 -1.28601000115 2.2207
5gd5gd- -6.12364982351 -1.28709845651 2.2222
5gd5gd-5gd -5.74241833566 -1.7545900312 2.0078
5gd5gd-5gd- -5.74214622182 -1.753229462 2.0024
5gd5gd-5gd-5gd -5.50377449922 -2.04085378939 1.8570
5gd5gd-5gd-5gd- -5.50377449922 -2.04030956171 1.8573
5gd5gd-5gd5gd -5.50350238538 -2.04058167555 1.8568
5gd5gd-5gd5gd- -5.50377449922 -2.0416701309 1.8571
5gd5gd5gd -5.74241833566 -1.753229462 2.0075
5gd5gd5gd- -5.74214622182 -1.75404580352 2.0052
5gd5gd5gd-5gd -5.50377449922 -2.04139801706 1.8574
5gd5gd5gd-5gd- -5.50377449922 -2.04112590323 1.8575
5gd5gd5gd5gd -5.50404661306 -2.03976533403 1.8578
5gd5gd5gd5gd- -5.50404661306 -2.04112590323 1.8579
5ge -6.29943536324 0.426674498901 3.9879
5ge5ge -5.40173180975 -0.710489232545 1.4705
5ge5ge- -5.41533750168 -0.712121915577 1.4650
5ge5ge-5ge -4.94893438234 -1.15185787873 1.2157
5ge5ge-5ge- -4.94702958547 -1.15049730954 1.2200
5ge5ge-5ge-5ge -4.62430257291 -1.42778131106 1.1180
5ge5ge-5ge-5ge- -4.62484680059 -1.42750919722 1.1173
5ge5ge-5ge5ge -4.62430257291 -1.42778131106 1.1165
5ge5ge-5ge5ge- -4.62430257291 -1.42914188025 1.1139
5ge5ge5ge -4.94730169931 -1.1502251957 1.2199
5ge5ge5ge- -4.94213153638 -1.15104153721 1.2183
5ge5ge5ge-5ge -4.62294200372 -1.42859765257 1.1152
5ge5ge5ge-5ge- -4.6234862314 -1.42805342489 1.1159
5ge5ge5ge5ge -4.6256631421 -1.4266928557 1.1178
5ge5ge5ge5ge- -4.62539102827 -1.42805342489 1.1167
5gf -6.00800144212 1.32465016623 4.6846
5gf5gf -5.58595287847 -0.0895254528944 2.8452
5gf5gf- -5.58459230928 -0.0892533390559 2.8441
5gf5gf-5gf -5.11111423014 -0.660420286246 2.2760
5gf5gf-5gf- -5.11165845782 -0.660420286246 2.2763
5gf5gf-5gf-5gf -4.83274177327 -0.976072339004 1.9330
5gf5gf-5gf-5gf- -4.83301388711 -0.976344452843 1.9329
5gf5gf-5gf5gf -4.83246965943 -0.976072339004 1.9328
5gf5gf-5gf5gf- -4.83192543175 -0.975800225165 1.9327
5gf5gf5gf -5.11274691317 -0.660964513923 2.2764
5gf5gf5gf- -5.11193057166 -0.660420286246 2.2764
5gf5gf5gf-5gf -4.83274177327 -0.976072339004 1.9328
5gf5gf5gf-5gf- -4.83301388711 -0.976616566681 1.9326
5gf5gf5gf5gf -4.83383022862 -0.976344452843 1.9332
5gf5gf5gf5gf- -4.83328600095 -0.976344452843 1.9328
5gg -5.95140176369 1.01988266702 3.8094
5gg5gg -4.99818698713 -0.597834103371 1.4479
5gg5gg- -4.99709853177 -0.596745648017 1.4485
5gg5gg-5gg -4.66076582728 -1.07185641019 1.1894
5gg5gg-5gg- -4.66239851031 -1.0726727517 1.1890
5gg5gg-5gg-5gg -4.41259800649 -1.30723488056 1.0838
5gg5gg-5gg-5gg- -4.41423068952 -1.30859544975 1.0829
5gg5gg-5gg5gg -4.41341434801 -1.30777910824 1.0834
5gg5gg-5gg5gg- -4.41150955114 -1.30723488056 1.0835
5gg5gg5gg -4.66294273799 -1.07430543473 1.1873
5gg5gg5gg- -4.6615821688 -1.07212852402 1.1896
5gg5gg5gg-5gg -4.41205377882 -1.30723488056 1.0828
5gg5gg5gg-5gg- -4.41368646185 -1.30941179127 1.0800
5gg5gg5gg5gg -4.4147749172 -1.3075069944 1.0855
5gg5gg5gg5gg- -4.41287012033 -1.30777910824 1.0835
5gh -6.00664087292 1.346963501 4.5153
5gh5gh -5.23383757134 -0.10966187695 2.3007
5gh5gh- -5.22975586376 -0.109933990788 2.2984
5gh5gh-5gh -4.75872680917 -0.666134676856 1.8217
5gh5gh-5gh- -4.7603594922 -0.666406790694 1.8215
5gh5gh-5gh-5gh -4.45695256218 -0.969541606878 1.5195
5gh5gh-5gh-5gh- -4.45613622067 -0.968181037685 1.5208
5gh5gh-5gh5gh -4.45640833451 -0.971718517587 1.5175
5gh5gh-5gh5gh- -4.45559199299 -0.971446403748 1.5175
5gh5gh5gh -4.7603594922 -0.660964513923 1.8286
5gh5gh5gh- -4.76117583372 -0.662869310793 1.8263
5gh5gh5gh-5gh -4.45831313138 -0.967092582331 1.5234
5gh5gh5gh-5gh- -4.45749678986 -0.965732013138 1.5245
5gh5gh5gh5gh -4.45885735905 -0.967636810008 1.5235
5gh5gh5gh5gh- -4.4577689037 -0.967636810008 1.5235
5gi -6.11630274987 1.22233536292 4.5915
5gi5gi -5.43112010432 -0.305311726892 2.1754
5gi5gi- -5.40363660662 -0.308304979117 2.1524
5gi5gi-5gi -4.92879795829 -0.862872982153 1.6894
5gi5gi-5gi- -4.94131519486 -0.860696071444 1.7036
5gi5gi-5gi-5gi -4.63845249252 -1.16900105056 1.4246
5gi5gi-5gi-5gi- -4.63001696352 -1.16791259521 1.4188
5gi5gi-5gi5gi -4.637636151 -1.16818470905 1.4260
5gi5gi-5gi5gi- -4.63001696352 -1.1692731644 1.4185
5gi5gi5gi -4.92471625071 -0.863961437507 1.6784
5gi5gi5gi- -4.93777771496 -0.864777779023 1.6887
5gi5gi5gi-5gi -4.63164964655 -1.17172218895 1.4119
5gi5gi5gi-5gi- -4.6234862314 -1.17063373359 1.4062
5gi5gi5gi5gi -4.63110541888 -1.16900105056 1.4165
5gi5gi5gi5gi- -4.6234862314 -1.17008950592 1.4092
5gl -5.66323320863 1.37798447859 3.6432
5gl5gl -5.09070569225 0.345312461164 2.9010
5gl5gl- -5.09070569225 0.345040347326 2.9006
5gl5gl-5gl -4.64198997242 -0.0538785400398 2.4504
5gl5gl-5gl- -4.64171785858 -0.0536064262012 2.4507
5gl5gl-5gl-5gl -4.33096385492 -0.252521642207 2.1448
5gl5gl-5gl-5gl- -4.33096385492 -0.252249528368 2.1448
5gl5gl-5gl5gl -4.33069174108 -0.252521642207 2.1444
5gl5gl-5gl5gl- -4.33096385492 -0.252793756045 2.1442
5gl5gl5gl -4.64198997242 -0.0533343123626 2.4513
5gl5gl5gl- -4.64226208626 -0.0536064262012 2.4511
5gl5gl5gl-5gl -4.33069174108 -0.252249528368 2.1446
5gl5gl5gl-5gl- -4.33069174108 -0.252249528368 2.1446
5gl5gl5gl5gl -4.33096385492 -0.251705300691 2.1452
5gl5gl5gl5gl- -4.33096385492 -0.252249528368 2.1449
5ha -6.63141424631 1.51567408092 5.2484
5ha5ha -5.84065143139 0.353475876322 3.8065
5ha5ha- -5.84065143139 0.354564331676 3.8079
5ha5ha-5ha -5.36499644154 -0.147757814352 3.1425
5ha5ha-5ha- -5.36526855538 -0.148574155867 3.1416
5ha5ha-5ha-5ha -5.07682788648 -0.424769702031 2.7694
5ha5ha-5ha-5ha- -5.07655577264 -0.424225474354 2.7698
5ha5ha-5ha5ha -5.07710000032 -0.42504181587 2.7698
5ha5ha-5ha5ha- -5.07682788648 -0.424497588192 2.7703
5ha5ha5ha -5.36445221386 -0.147213586674 3.1423
5ha5ha5ha- -5.3647243277 -0.14802992819 3.1415
5ha5ha5ha-5ha -5.07601154496 -0.424225474354 2.7696
5ha5ha5ha-5ha- -5.07573943112 -0.423681246677 2.7700
5ha5ha5ha5ha -5.07655577264 -0.424497588192 2.7700
5ha5ha5ha5ha- -5.0762836588 -0.423681246677 2.7704
5hd -7.31414786732 0.0770082163195 4.5761
5hd5hd -6.46678537397 -1.10206104627 2.8323
5hd5hd- -6.46787382932 -1.09933990788 2.8371
5hd5hd-5hd -6.09915957804 -1.61417929049 2.3892
5hd5hd-5hd- -6.10052014724 -1.61445140432 2.3897
5hd5hd-5hd-5hd -5.89044826385 -1.92275638344 2.1597
5hd5hd-5hd-5hd- -5.88935980849 -1.9224842696 2.1589
5hd5hd-5hd5hd -5.89099249152 -1.92302849728 2.1605
5hd5hd-5hd5hd- -5.88990403617 -1.9238448388 2.1591
5hd5hd5hd -6.09643843966 -1.61227449362 2.3879
5hd5hd5hd- -6.09779900885 -1.61336294897 2.3874
5hd5hd5hd-5hd -5.8879992393 -1.92302849728 2.1578
5hd5hd5hd-5hd- -5.88663867011 -1.92302849728 2.1569
5hd5hd5hd5hd -5.88908769465 -1.9224842696 2.1598
5hd5hd5hd5hd- -5.88772712546 -1.92330061112 2.1583
5he -6.75250490448 0.681100937978 4.6536
5he5he -5.68690711259 -0.384768967759 2.6437
5he5he- -5.68908402329 -0.381775715535 2.6426
5he5he-5he -5.21723862719 -0.818518426463 2.2347
5he5he-5he- -5.2180549687 -0.818518426463 2.2361
5he5he-5he-5he -4.93124698284 -1.07430543473 1.9956
5he5he-5he-5he- -4.93043064132 -1.07403332089 1.9950
5he5he-5he5he -4.93206332435 -1.07430543473 1.9968
5he5he-5he5he- -4.93124698284 -1.07512177625 1.9953
5he5he5he -5.21424537496 -0.816341515755 2.2328
5he5he5he- -5.21478960264 -0.817702084948 2.2328
5he5he5he-5he -4.92825373061 -1.07430543473 1.9933
5he5he5he-5he- -4.9274373891 -1.07430543473 1.9924
5he5he5he5he -4.9296142998 -1.07348909322 1.9961
5he5he5he5he- -4.92879795829 -1.07430543473 1.9944
5hf -6.407736671 1.75159677897 5.3264
5hf5hf- -5.68935613713 0.290617579609 3.3852
5hf5hf-5hf -5.1609110626 -0.311298231341 2.6697
5hf5hf-5hf5hf- -4.86022527097 -0.642460772899 2.2670
5hg -5.95657192662 1.34097699655 4.3979
5hh -6.22188291924 1.79241385476 5.1745
5hi -6.50705822208 1.62179847797 5.2565
5hi5hi -5.50078124699 0.259868715849 3.0979
5hi5hi- -5.48608709971 0.252793756045 3.0616
5hi5hi-5hi -4.90920576191 -0.284086847483 2.4096
5hi5hi-5hi- -4.91655283555 -0.280277253742 2.4238
5hi5hi-5hi-5hi -4.57260094358 -0.572255402544 2.0473
5hi5hi-5hi-5hi- -4.56797500832 -0.572799630221 2.0417
5hi5hi-5hi5hi -4.5734172851 -0.57307174406 2.0454
5hi5hi-5hi5hi- -4.568519236 -0.57497654093 2.0386
5hi5hi5hi -4.90566828201 -0.284086847483 2.4052
5hi5hi5hi- -4.91247112797 -0.282182050613 2.4172
5hi5hi5hi-5hi -4.56661443913 -0.575520768607 2.0361
5hi5hi5hi-5hi- -4.56171639004 -0.576064996284 2.0304
5hi5hi5hi5hi -4.56824712216 -0.574704427091 2.0365
5hi5hi5hi5hi- -4.56334907307 -0.5768813378 2.0296
5hl -6.28555755747 1.76057653564 5.2066
5hl5hl -5.30023334796 0.623140690359 3.4090
5hl5hl- -5.30295448634 0.622324348844 3.4098
5hl5hl-5hl -4.7617200614 0.17877879195 2.7864
5hl5hl-5hl- -4.76144794756 0.179050905789 2.7869
5hl5hl-5hl-5hl -4.421849877 -0.0484362632681 2.4114
5hl5hl-5hl-5hl- -4.42157776317 -0.0481641494295 2.4115
5hl5hl-5hl5hl -4.42130564933 -0.0489804909453 2.4106
5hl5hl-5hl5hl- -4.42103353549 -0.0489804909453 2.4101
5hl5hl5hl -4.76308063059 0.180139361143 2.7882
5hl5hl5hl- -4.76226428907 0.179595133466 2.7875
5hl5hl5hl-5hl -4.42076142165 -0.0484362632681 2.4103
5hl5hl5hl-5hl- -4.42048930781 -0.0481641494295 2.4103
5hl5hl5hl5hl -4.42048930781 -0.0478920355909 2.4106
5hl5hl5hl5hl- -4.42021719397 -0.0481641494295 2.4099
5ia -7.44775576207 1.35022886706 5.8311
5ia5ia -6.30514975385 0.134968463938 3.9860
5ia5ia- -6.30242861547 0.133335780907 3.9797
5ia5ia-5ia -5.76119419052 -0.377149780279 3.2360
5ia5ia-5ia- -5.76337110123 -0.377149780279 3.2392
5ia5ia-5ia-5ia -5.45805937434 -0.655250123312 2.8285
5ia5ia-5ia-5ia- -5.4564266913 -0.654978009474 2.8269
5ia5ia-5ia5ia -5.4577872605 -0.656066464828 2.8272
5ia5ia-5ia5ia- -5.45615457747 -0.65579435099 2.8256
5ia5ia5ia -5.76092207668 -0.376605552602 3.2361
5ia5ia5ia- -5.76309898739 -0.376605552602 3.2393
5ia5ia5ia-5ia -5.45751514666 -0.654978009474 2.8276
5ia5ia5ia-5ia- -5.45588246363 -0.654978009474 2.8260
5ia5ia5ia5ia -5.45751514666 -0.655522237151 2.8264
5ia5ia5ia5ia- -5.45561034979 -0.655522237151 2.8248
5id -8.15198637633 0.0601371583273 5.2730
5id5id -6.77672303612 -1.29771089621 2.2983
5id5id- -6.71821856082 -1.29226861944 2.2222
5id5id-5id -6.4373970794 -1.81717621407 2.0580
5id5id-5id- -6.45100277133 -1.82452328771 2.1003
5id5id-5id-5id -6.25725771826 -2.13446094986 1.9539
5id5id-5id-5id- -6.25208755533 -2.12684176238 1.9323
5id5id-5id5id -6.25426446604 -2.13446094986 1.9470
5id5id-5id5id- -6.24963853078 -2.1276581039 1.9338
5id5id5id -6.4373970794 -1.81391084801 2.0242
5id5id5id- -6.45317968204 -1.82261849084 2.0736
5id5id5id-5id -6.25943462897 -2.13310038067 1.9431
5id5id5id-5id- -6.2539923522 -2.12548119319 1.9226
5id5id5id5id -6.25616926291 -2.13173981147 1.9321
5id5id5id5id- -6.25154332765 -2.12520907935 1.9209
5ie -7.32122282713 0.663957766147 5.2406
5ie5ie -5.37397619821 -0.595112964985 1.4804
5ie5ie- -5.31764863363 -0.584772639119 1.4394
5ie5ie-5ie -5.15927837957 -1.01471250408 1.3561
5ie5ie-5ie- -5.18268016969 -1.02722974066 1.3771
5ie5ie-5ie-5ie -5.02675894018 -1.27104374003 1.3210
5ie5ie-5ie-5ie- -5.01641861431 -1.25825438962 1.3122
5ie5ie-5ie5ie -5.01995609421 -1.27131585387 1.3177
5ie5ie-5ie5ie- -5.01015999603 -1.25961495881 1.3105
5ie5ie5ie -5.15818992422 -1.00981445499 1.3457
5ie5ie5ie- -5.1848570804 -1.02369226076 1.3632
5ie5ie5ie-5ie -5.02703105402 -1.26886682932 1.3093
5ie5ie5ie-5ie- -5.01587438664 -1.25634959275 1.3001
5ie5ie5ie5ie -5.02131666341 -1.26750626013 1.3101
5ie5ie5ie5ie- -5.01124845138 -1.25634959275 1.3027
5if -7.00883614043 1.50533375505 5.5855
5if5if -5.90840777719 0.123539682718 3.4535
5if5if- -5.91820387538 0.125988707265 3.4709
5if5if-5if -5.37969058882 -0.434293686382 2.7563
5if5if-5if- -5.37506465357 -0.435926369413 2.7495
5if5if-5if-5if -5.07301829274 -0.743142893175 2.3554
5if5if-5if5if -5.07492308961 -0.743142893175 2.3578
5if5if-5if5if- -5.07764422799 -0.742054437821 2.3613
5if5if5if- -5.3731598567 -0.434837914059 2.7487
5if5if5if-5if -5.07301829274 -0.741238096305 2.3578
5ig -6.11358161149 1.22124690757 4.5831
5ig5ig -5.47792368455 -0.350210510259 2.2861
5ig5ig- -5.48554287203 -0.330074086203 2.3927
5ig5ig-5ig -5.03737137988 -0.848995176385 1.9540
5ig5ig-5ig- -5.0297521924 -0.860423957605 1.9301
5ig5ig-5ig-5ig -4.76144794756 -1.13144934084 1.6533
5ig5ig-5ig5ig -4.76090371988 -1.12491860871 1.6632
5ig5ig-5ig5ig- -4.76797867968 -1.11947633194 1.6755
5ig5ig5ig- -5.03138487544 -0.862600868314 1.9139
5ig5ig5ig-5ig -4.76498542746 -1.12872820245 1.6599
5ih -6.50705822208 1.62179847797 5.2564
5ih5ih -5.4697602694 0.247623593112 3.0288
5ih5ih- -5.48472653052 0.25197741453 3.0583
5ih5ih-5ih -4.90757307888 -0.284903188998 2.4070
5ih5ih-5ih- -4.90049811908 -0.28653587203 2.3962
5ih5ih-5ih-5ih -4.56171639004 -0.576337110123 2.0292
5ih5ih-5ih-5ih- -4.56661443913 -0.574432313253 2.0352
5ih5ih-5ih5ih -4.56280484539 -0.5768813378 2.0314
5ih5ih-5ih5ih- -4.56688655297 -0.575792882446 2.0362
5ih5ih5ih -4.90947787575 -0.281365709097 2.4125
5ih5ih5ih- -4.90158657443 -0.28463107516 2.3996
5ih5ih5ih-5ih -4.56552598378 -0.572799630221 2.0381
5ih5ih5ih-5ih- -4.57015191903 -0.570894833351 2.0439
5ih5ih5ih5ih -4.56743078065 -0.571711174867 2.0426
5ih5ih5ih5ih- -4.57124037439 -0.570622719513 2.0473
5ii -7.3076171352 1.42533228651 5.7556
5il -6.84230247122 1.48057139574 5.4154
5il5il -5.7426904495 0.286263758191 3.4747
5il5il- -5.7462279294 0.287896441223 3.4747
5il5il-5il -5.11764496227 -0.198643102167 2.7769
5il5il-5il- -5.11546805156 -0.199459443683 2.7742
5il5il-5il-5il -4.74811436947 -0.461232956401 2.3672
5il5il-5il-5il- -4.75001916634 -0.460688728724 2.3692
5il5il-5il5il -4.74757014179 -0.459872387209 2.3686
5il5il-5il5il- -4.74920282482 -0.45960027337 2.3701
5il5il5il -5.11982187298 -0.199459443683 2.7779
5il5il5il- -5.11710073459 -0.200547899037 2.7741
5il5il5il-5il -4.75165184937 -0.461777184079 2.3700
5il5il5il-5il- -4.7532845324 -0.461232956401 2.3719
5il5il5il5il -4.75165184937 -0.459872387209 2.3724
5il5il5il5il- -4.75301241856 -0.45960027337 2.3738
5la -7.17400924045 1.46288399623 5.6881
5la5la -4.17340994238 -0.349394168743 0.4042
5la5la- -4.16415807186 -0.3730680727 0.4541
5la5la-5la -4.24688067879 -1.06178819816 0.2724
5la5la-5la- -4.26157482608 -1.03893063572 0.3575
5la5la-5la-5la -4.37749532132 -1.43295147399 0.1882
5la5la-5la-5la- -4.3957269485 -1.41063813922 0.2976
5la5la-5la5la- -4.3851145088 -1.44655716592 0.1732
5la5la5la -4.25776523234 -1.02124323621 0.3800
5la5la5la- -4.23790092212 -1.04627770936 0.2849
5la5la5la-5la -4.37450206909 -1.43186301863 0.1865
5la5la5la5la -4.37803954899 -1.39975358568 0.2711
5la5la5la5la- -4.36198483252 -1.41852944054 0.1901
5ld -7.83932757579 0.0789130131896 5.0694
5le -7.10217118707 0.69416240223 5.0615
5lf -6.79250563876 1.69363653135 5.6195
5lg -5.96718436633 1.34124911039 4.6029
5lg5lg -5.06186162536 0.569806377997 3.0349
5lg5lg- -5.07192983738 0.570350605674 3.0886
5lg5lg-5lg- -4.89614429766 0.4076265302 2.9412
5lg5lg-5lg-5lg -4.80172079567 0.372795958861 2.9637
5lg5lg-5lg-5lg- -4.7998159988 0.368442137444 2.9255
5lg5lg5lg -4.8928789316 0.408714985555 2.9445
5lg5lg5lg5lg -4.79655063274 0.369802706637 2.9209
5lg5lg5lg5lg- -4.80008811264 0.373340186538 2.9641
5lh -6.34787162651 1.83595206893 5.3575
5lh5lh -4.70158290307 -0.832940459908 1.1345
5lh5lh- -4.52389256647 -0.842736558097 1.0359
5lh5lh-5lh -4.41776816943 -1.17362698582 1.0085
5lh5lh-5lh- -4.60144501047 -1.15757226934 1.0136
5lh5lh-5lh-5lh -4.29885442196 -1.32328959704 1.0173
5lh5lh-5lh5lh -4.51817817586 -1.32709919078 1.0078
5lh5lh-5lh5lh- -4.33314076563 -1.33771163048 1.0063
5lh5lh5lh- -4.37776743515 -1.16029340773 1.0415
5lh5lh5lh-5lh -4.29341214519 -1.3194800033 1.0117
5li -6.98597857799 1.57826026379 5.6391
5li5li -4.3146370246 -0.383408398566 1.0179
5li5li- -4.32280043976 -0.552391092327 0.8192
5li5li-5li -4.21504335968 -0.694434516069 0.7846
5li5li-5li- -4.22402311635 -0.672665408982 0.8011
5li5li-5li-5li -4.17395417005 -0.730081428923 0.7939
5li5li-5li-5li- -4.17204937318 -0.827498183137 0.3855
5li5li-5li5li -4.13776302952 -0.761918748038 0.7791
5li5li-5li5li- -4.1298717282 -0.764912000262 0.7743
5li5li5li -4.25150661405 -0.862600868314 0.3849
5li5li5li- -4.25477198011 -0.641644431383 0.8002
5li5li5li-5li -4.15789945358 -0.749673625301 0.7735
5li5li5li-5li- -4.15626677055 -0.851988428609 0.3556
5li5li5li5li -4.1072862796 -0.937704287764 0.4266
5li5li5li5li- -4.09857863677 -0.940969653827 0.4297
5ll -6.66706115917 1.67241165194 5.4959
5ll5ll -3.58673250639 -0.848995176385 0.2098
5ll5ll- -2.66045699984 -1.17553178269 -1.2717
5ll5ll-5ll -3.33257818115 -1.39376708123 -0.2402
5ll5ll-5ll- -3.43189973223 -1.16546357066 0.1680
5ll5ll-5ll-5ll -2.98127921554 -1.52383749608 -0.5013
5ll5ll-5ll-5ll- -3.36985777704 -1.16655202601 0.2388
5ll5ll-5ll5ll -3.33611566105 -1.20192682503 0.1897
5ll5ll-5ll5ll- -2.86780774485 -1.40465163478 -0.7104
5ll5ll5ll -3.45530152235 -1.13008877164 0.2348
5ll5ll5ll- -3.42455265859 -1.18396731168 0.0980
5ll5ll5ll-5ll -3.26318915231 -1.21063446786 0.1919
5ll5ll5ll-5ll- -3.19516069266 -1.30070414844 -0.1698
5ll5ll5ll5ll -3.33910891328 -1.14886462651 0.1730
5ll5ll5ll5ll- -3.2955706991 -1.17716446572 0.1866
6ag -6.7688317348 0.503682715221 4.2191
6dg -7.29809315085 -0.512390358055 4.1537
6eg -6.51875911714 0.0702053703549 3.9835
6fg -6.16609958233 0.465858891657 3.7210
6ga -6.83767653596 0.65960394473 4.3802
6ga6ga -6.16147364708 -0.456879134984 3.0493
6ga6ga- -6.16065730556 -0.456879134984 3.0445
6ga6ga-6ga -5.95738826814 -0.879471926306 2.5330
6ga6ga-6ga- -5.95738826814 -0.879471926306 2.5326
6ga6ga-6ga-6ga -5.85833883089 -1.10695909536 2.4489
6ga6ga-6ga-6ga- -5.85833883089 -1.10695909536 2.4485
6ga6ga-6ga6ga -5.85833883089 -1.1072312092 2.4488
6ga6ga-6ga6ga- -5.85779460322 -1.10695909536 2.4486
6ga6ga6ga -5.95766038198 -0.879199812468 2.5325
6ga6ga6ga- -5.95684404046 -0.879199812468 2.5320
6ga6ga6ga-6ga -5.85806671706 -1.10695909536 2.4492
6ga6ga6ga-6ga- -5.85833883089 -1.10695909536 2.4486
6ga6ga6ga6ga- -5.85779460322 -1.10695909536 2.4482
6gd -7.40721080012 -0.342863436617 4.3190
6gd6gd -6.92992312724 -1.39948147184 2.9497
6gd6gd- -6.9296510134 -1.39893724417 2.9483
6gd6gd-6gd -6.7413482371 -1.81418296185 2.4418
6gd6gd-6gd- -6.74162035094 -1.81418296185 2.4410
6gd6gd-6gd-6gd -6.59984904104 -2.10507265529 2.3568
6gd6gd-6gd-6gd- -6.60039326872 -2.10507265529 2.3561
6gd6gd-6gd6gd -6.60066538255 -2.10534476913 2.3564
6gd6gd-6gd6gd- -6.5995769272 -2.10507265529 2.3567
6gd6gd6gd -6.7413482371 -1.81418296185 2.4409
6gd6gd6gd- -6.74053189559 -1.81418296185 2.4411
6gd6gd6gd-6gd -6.59984904104 -2.10507265529 2.3572
6gd6gd6gd-6gd- -6.60039326872 -2.10507265529 2.3563
6gd6gd6gd6gd -6.60012115488 -2.10507265529 2.3562
6gd6gd6gd6gd- -6.59903269952 -2.10507265529 2.3564
6ge -6.60039326872 0.20952765571 4.1256
6ge6ge -6.00881778363 -0.664774107663 2.9809
6ge6ge- -6.00854566979 -0.664501993824 2.9747
6ge6ge-6ge -5.75956150749 -1.02641339914 2.4726
6ge6ge-6ge- -5.75956150749 -1.02641339914 2.4719
6ge6ge-6ge-6ge -5.60037491192 -1.27403699225 2.3850
6ge6ge-6ge-6ge- -5.60064702575 -1.27403699225 2.3844
6ge6ge-6ge6ge -5.60064702575 -1.27403699225 2.3848
6ge6ge-6ge6ge- -5.60037491192 -1.27376487842 2.3848
6ge6ge6ge -5.75928939365 -1.02641339914 2.4719
6ge6ge6ge- -5.75901727981 -1.02641339914 2.4716
6ge6ge6ge-6ge -5.60037491192 -1.27376487842 2.3854
6ge6ge6ge-6ge- -5.60064702575 -1.27376487842 2.3846
6ge6ge6ge6ge -5.60037491192 -1.27403699225 2.3846
6ge6ge6ge6ge- -5.60010279808 -1.27376487842 2.3843
6gf -6.20963779651 0.570622719513 3.8454
6gf6gf -5.5911230414 -0.68844801162 2.6775
6gf6gf- -5.59166726908 -0.688992239297 2.6749
6gf6gf-6gf -5.35710514022 -1.24328812849 2.2278
6gf6gf-6gf- -5.35628879871 -1.24274390082 2.2279
6gf6gf-6gf-6gf -5.2335654575 -1.55921229509 1.9743
6gf6gf-6gf-6gf- -5.23274911599 -1.55866806741 1.9742
6gf6gf-6gf6gf -5.23329334367 -1.55894018125 1.9742
6gf6gf-6gf6gf- -5.23383757134 -1.55921229509 1.9740
6gf6gf6gf -5.35574457103 -1.24247178698 2.2282
6gf6gf6gf- -5.35628879871 -1.24274390082 2.2272
6gf6gf6gf-6gf -5.2335654575 -1.55921229509 1.9741
6gf6gf6gf-6gf- -5.23274911599 -1.55894018125 1.9740
6gf6gf6gf6gf -5.23220488831 -1.55866806741 1.9742
6gf6gf6gf6gf- -5.23274911599 -1.55894018125 1.9739
6gg -5.58921824453 0.386945878468 3.1303
6gh -5.83412069926 0.681100937978 3.6173
6gh6gh -5.15710146886 -0.35565278703 2.6158
6gh6gh- -5.1573735827 -0.355380673192 2.6143
6gh6gh-6gh -4.87927323967 -0.804368506857 2.2163
6gh6gh-6gh- -4.88008958118 -0.804096393018 2.2185
6gh6gh-6gh-6gh -4.73178753915 -1.05879494593 1.9854
6gh6gh-6gh-6gh- -4.73287599451 -1.05906705977 1.9869
6gh6gh-6gh6gh -4.73314810835 -1.05879494593 1.9869
6gh6gh-6gh6gh- -4.73450867754 -1.05906705977 1.9877
6gh6gh6gh -4.88063380886 -0.803552165341 2.2198
6gh6gh6gh- -4.88145015037 -0.803552165341 2.2201
6gh6gh6gh-6gh -4.73205965299 -1.05797860442 1.9867
6gh6gh6gh-6gh- -4.73342022218 -1.05825071826 1.9881
6gh6gh6gh6gh -4.73369233602 -1.05797860442 1.9887
6gh6gh6gh6gh- -4.73478079138 -1.05797860442 1.9894
6gi -6.39902902816 0.677291344238 4.0556
6gi6gi -5.68636288491 -0.317556849629 2.9646
6gi6gi- -5.68636288491 -0.318101077306 2.9780
6gi6gi-6gi -5.40989522491 -0.743415007014 2.4672
6gi6gi-6gi- -5.41016733875 -0.741510210144 2.4719
6gi6gi-6gi-6gi -5.26132106904 -0.985052095677 2.3350
6gi6gi-6gi-6gi- -5.2610489552 -0.982875184969 2.3443
6gi6gi-6gi6gi -5.25887204449 -0.984507868 2.3370
6gi6gi-6gi6gi- -5.25887204449 -0.982330957292 2.3465
6gi6gi6gi -5.4077183142 -0.741238096305 2.4691
6gi6gi6gi- -5.4077183142 -0.739333299435 2.4728
6gi6gi6gi-6gi -5.2610489552 -0.983147298807 2.3355
6gi6gi6gi-6gi- -5.2610489552 -0.981242501937 2.3448
6gi6gi6gi6gi -5.25859993065 -0.982330957292 2.3375
6gi6gi6gi6gi- -5.25832781681 -0.980426160421 2.3468
6gl -6.1503169797 0.634297357741 3.8649
6gl6gl -5.41805864006 -0.288712782739 2.8573
6gl6gl- -5.41778652623 -0.288984896577 2.8475
6gl6gl-6gl -5.13533236177 -0.653345326442 2.4632
6gl6gl-6gl- -5.13533236177 -0.653073212604 2.4642
6gl6gl-6gl-6gl -4.98158804297 -0.852804770125 2.3055
6gl6gl-6gl-6gl- -4.98158804297 -0.852804770125 2.3065
6gl6gl-6gl6gl -4.98131592914 -0.852804770125 2.3065
6gl6gl-6gl6gl- -4.98131592914 -0.852804770125 2.3044
6gl6gl6gl -5.13533236177 -0.652801098765 2.4655
6gl6gl6gl- -5.13533236177 -0.652801098765 2.4586
6gl6gl6gl-6gl -4.98131592914 -0.852532656287 2.3059
6gl6gl6gl-6gl- -4.98131592914 -0.852532656287 2.3060
6gl6gl6gl6gl -4.98131592914 -0.852532656287 2.3072
6gl6gl6gl6gl- -4.98131592914 -0.852532656287 2.3042
6hg -5.80065069711 0.623684918037 3.5410
6ig -6.32691886094 0.596473534178 3.9456
6lg -6.10813933472 0.539601741914 3.7449
