12ag -7.61755479735 2.80576578965 4.7660
12ag12ag -6.84747263415 1.09689088334 3.6724
12ag12ag- -6.84747263415 1.0966187695 3.6724
12ag12ag-12ag -6.40066171119 0.450076289019 3.0886
12ag12ag-12ag- -6.40066171119 0.450076289019 3.0886
12ag12ag-12ag-12ag -6.1299084418 0.113199356851 2.7496
12ag12ag-12ag-12ag- -6.1299084418 0.113199356851 2.7496
12ag12ag-12ag12ag -6.1299084418 0.113199356851 2.7496
12ag12ag-12ag12ag- -6.1299084418 0.112927243013 2.7496
12ag12ag12ag -6.40093382503 0.450076289019 3.0886
12ag12ag12ag- -6.40093382503 0.450076289019 3.0886
12ag12ag12ag-12ag -6.13018055564 0.112927243013 2.7495
12ag12ag12ag-12ag- -6.13018055564 0.112927243013 2.7495
12ag12ag12ag12ag -6.13018055564 0.113199356851 2.7496
12ag12ag12ag12ag- -6.1299084418 0.112927243013 2.7496
12dg -8.22953882032 1.3145819542 4.5754
12dg12dg -7.50217852979 -0.314291483566 2.9354
12dg12dg- -7.50190641595 -0.314291483566 2.9351
12dg12dg-12dg -7.14652574276 -0.952670548886 2.5829
12dg12dg-12dg- -7.14679785659 -0.952670548886 2.5830
12dg12dg-12dg-12dg -6.95386914504 -1.3145819542 2.4180
12dg12dg-12dg-12dg- -6.9535970312 -1.31485406804 2.4179
12dg12dg-12dg12dg -6.9535970312 -1.3145819542 2.4181
12dg12dg-12dg12dg- -6.9535970312 -1.3145819542 2.4180
12dg12dg12dg -7.14679785659 -0.952942662724 2.5827
12dg12dg12dg- -7.14679785659 -0.952670548886 2.5829
12dg12dg12dg-12dg -6.95414125888 -1.31485406804 2.4180
12dg12dg12dg-12dg- -6.95386914504 -1.31485406804 2.4177
12dg12dg12dg12dg -6.95414125888 -1.31485406804 2.4181
12dg12dg12dg12dg- -6.9535970312 -1.31485406804 2.4178
12eg -7.74163870774 1.89799402413 4.1501
12eg12eg -6.77753937763 0.422864905161 2.8360
12eg12eg- -6.7772672638 0.422864905161 2.8356
12eg12eg-12eg -6.29344885879 -0.0936071604732 2.4546
12eg12eg-12eg- -6.29372097263 -0.0933350466346 2.4548
12eg12eg-12eg-12eg -6.00528030373 -0.370891161991 2.2475
12eg12eg-12eg-12eg- -6.00528030373 -0.370891161991 2.2473
12eg12eg-12eg12eg -6.00528030373 -0.370891161991 2.2475
12eg12eg-12eg12eg- -6.00500818989 -0.370891161991 2.2474
12eg12eg12eg -6.29372097263 -0.0936071604732 2.4545
12eg12eg12eg- -6.29372097263 -0.0933350466346 2.4547
12eg12eg12eg-12eg -6.00555241757 -0.370891161991 2.2475
12eg12eg12eg-12eg- -6.00528030373 -0.370891161991 2.2471
12eg12eg12eg12eg -6.00582453141 -0.370891161991 2.2477
12eg12eg12eg12eg- -6.00528030373 -0.370891161991 2.2473
12fg -7.82164017628 2.72059415817 4.2010
12fg12fg -6.68746969706 1.22315170444 3.5444
12fg12fg- -6.68719758322 1.22315170444 3.5442
12fg12fg-12fg -6.10786722088 0.619875324296 2.8938
12fg12fg-12fg- -6.10813933472 0.619875324296 2.8939
12fg12fg-12fg-12fg -5.75765671062 0.31157034518 2.5001
12fg12fg-12fg-12fg- -5.75765671062 0.31157034518 2.5001
12fg12fg-12fg12fg -5.75738459678 0.31157034518 2.5001
12fg12fg-12fg12fg- -5.75738459678 0.31157034518 2.5001
12fg12fg12fg -6.10813933472 0.619603210458 2.8937
12fg12fg12fg- -6.10813933472 0.619875324296 2.8938
12fg12fg12fg-12fg -5.75765671062 0.311298231341 2.5001
12fg12fg12fg-12fg- -5.75765671062 0.311298231341 2.4999
12fg12fg12fg12fg -5.75792882446 0.31157034518 2.5002
12fg12fg12fg12fg- -5.75765671062 0.311298231341 2.5000
12ga -7.61755479735 2.82889546593 4.5545
12ga12ga -6.76964807632 1.18886536078 3.7366
12ga12ga- -6.76937596248 1.18886536078 3.7366
12ga12ga-12ga -6.26079519816 0.588038005182 3.1370
12ga12ga-12ga- -6.26079519816 0.588038005182 3.1370
12ga12ga-12ga-12ga -5.94568737308 0.289801238093 2.7941
12ga12ga-12ga-12ga- -5.94568737308 0.289801238093 2.7941
12ga12ga-12ga12ga -5.94568737308 0.290073351932 2.7941
12ga12ga-12ga12ga- -5.94568737308 0.289801238093 2.7941
12ga12ga12ga -6.26079519816 0.588038005182 3.1369
12ga12ga12ga- -6.26079519816 0.588038005182 3.1370
12ga12ga12ga-12ga -5.94595948692 0.289801238093 2.7942
12ga12ga12ga-12ga- -5.94595948692 0.289801238093 2.7941
12ga12ga12ga12ga -5.94595948692 0.290073351932 2.7942
12ga12ga12ga12ga- -5.94595948692 0.289801238093 2.7941
12gd -8.20613703021 1.20165471119 4.4461
12gd12gd -7.4077550278 -0.22122855077 3.0508
12gd12gd- -7.4077550278 -0.221500664608 3.0506
12gd12gd-12gd -6.96937963384 -0.889812252173 2.6068
12gd12gd-12gd- -6.96937963384 -0.889812252173 2.6069
12gd12gd-12gd-12gd -6.71985124385 -1.2623360972 2.3907
12gd12gd-12gd-12gd- -6.71985124385 -1.2623360972 2.3907
12gd12gd-12gd12gd -6.71985124385 -1.2623360972 2.3906
12gd12gd-12gd12gd- -6.71985124385 -1.2623360972 2.3906
12gd12gd12gd- -6.96965174768 -0.889812252173 2.6069
12gd12gd12gd-12gd -6.72012335769 -1.2623360972 2.3907
12gd12gd12gd-12gd- -6.72012335769 -1.26260821103 2.3906
12gd12gd12gd12gd -6.72012335769 -1.26206398336 2.3908
12gd12gd12gd12gd- -6.72012335769 -1.2623360972 2.3907
12ge -7.7117061855 1.77771970748 4.1187
12ge12ge -6.71849067466 0.51538361028 3.0045
12ge12ge- -6.71849067466 0.515111496441 3.0041
12ge12ge-12ge -6.15521502879 -0.0342863436617 2.5290
12ge12ge-12ge- -6.15521502879 -0.0340142298231 2.5292
12ge12ge-12ge-12ge -5.81480061672 -0.322454898723 2.2701
12ge12ge-12ge-12ge- -5.81480061672 -0.322454898723 2.2701
12ge12ge-12ge12ge -5.81452850288 -0.322454898723 2.2699
12ge12ge-12ge12ge- -5.81452850288 -0.322727012562 2.2699
12ge12ge12ge -6.15548714263 -0.0340142298231 2.5292
12ge12ge12ge- -6.15548714263 -0.0340142298231 2.5292
12ge12ge12ge-12ge -5.81480061672 -0.322454898723 2.2701
12ge12ge12ge-12ge- -5.81480061672 -0.322727012562 2.2700
12ge12ge12ge12ge -5.81480061672 -0.322182784885 2.2703
12ge12ge12ge12ge- -5.81480061672 -0.322454898723 2.2701
12gf -7.55224747609 2.8808692091 4.7556
12gf12gf -6.75468181519 1.17743657956 3.5928
12gf12gf- -6.75468181519 1.17743657956 3.5928
12gf12gf-12gf -6.22079446389 0.516744179473 2.9205
12gf12gf-12gf- -6.22106657773 0.516744179473 2.9206
12gf12gf-12gf-12gf -5.89833956517 0.169799035277 2.5236
12gf12gf-12gf-12gf- -5.89833956517 0.169526921438 2.5235
12gf12gf-12gf12gf -5.89833956517 0.169799035277 2.5236
12gf12gf-12gf12gf- -5.89806745133 0.169799035277 2.5235
12gf12gf12gf -6.22106657773 0.516472065634 2.9204
12gf12gf12gf- -6.22106657773 0.516744179473 2.9206
12gf12gf12gf-12gf -5.89861167901 0.169526921438 2.5236
12gf12gf12gf-12gf- -5.89861167901 0.1692548076 2.5234
12gf12gf12gf12gf -5.89861167901 0.169799035277 2.5237
12gf12gf12gf12gf- -5.89833956517 0.169526921438 2.5235
12gg -7.63660276605 2.57120366079 4.0208
12gg12gg -6.30161227395 0.752938991364 2.5037
12gg12gg- -6.30106804627 0.752938991364 2.5038
12gg12gg-12gg -5.70377817058 0.117553178269 2.0037
12gg12gg-12gg- -5.70405028442 0.117553178269 2.0037
12gg12gg-12gg-12gg -5.34349944829 -0.223949689155 1.6738
12gg12gg-12gg-12gg- -5.34349944829 -0.224221802994 1.6734
12gg12gg-12gg12gg- -5.34322733445 -0.223949689155 1.6738
12gg12gg12gg -5.70432239826 0.117008950592 2.0028
12gg12gg12gg- -5.70405028442 0.117553178269 2.0036
12gg12gg12gg12gg -5.34404367597 -0.223949689155 1.6736
12gg12gg12gg12gg- -5.34349944829 -0.224221802994 1.6733
12gh -7.59877894248 2.87270579394 4.4738
12gh12gh -6.46624114629 1.29580609934 3.2932
12gh12gh- -6.46787382932 1.2955339855 3.2972
12gh12gh-12gh -5.83956297603 0.694706629907 2.6735
12gh12gh-12gh- -5.83820240684 0.695250857584 2.6718
12gh12gh-12gh-12gh -5.45969205737 0.388578561499 2.2906
12gh12gh-12gh-12gh- -5.46105262656 0.388306447661 2.2915
12gh12gh-12gh12gh -5.45996417121 0.388034333822 2.2902
12gh12gh-12gh12gh- -5.46105262656 0.387490106145 2.2909
12gh12gh12gh -5.84010720371 0.695795085262 2.6759
12gh12gh12gh- -5.83874663452 0.6960671991 2.6738
12gh12gh12gh-12gh -5.46023628504 0.389939130692 2.2926
12gh12gh12gh-12gh- -5.46159685424 0.389122789176 2.2933
12gh12gh12gh12gh -5.46050839888 0.389394903015 2.2927
12gh12gh12gh12gh- -5.46159685424 0.388850675338 2.2932
12gi -7.53211105203 2.82644644138 4.7662
12gi12gi -6.54841952555 1.13498682074 3.3271
12gi12gi- -6.54678684251 1.13280991003 3.3195
12gi12gi-12gi -5.95820460966 0.531438326756 2.7054
12gi12gi-12gi- -5.95902095117 0.532526782111 2.7085
12gi12gi-12gi-12gi -5.59466052131 0.226670827541 2.3484
12gi12gi-12gi-12gi- -5.59411629363 0.226126599864 2.3473
12gi12gi-12gi12gi -5.59466052131 0.227487169057 2.3485
12gi12gi-12gi12gi- -5.59411629363 0.226670827541 2.3472
12gi12gi12gi -5.95766038198 0.529805643725 2.7029
12gi12gi12gi- -5.95847672349 0.530621985241 2.7056
12gi12gi12gi-12gi -5.59384417979 0.224766030671 2.3450
12gi12gi12gi-12gi- -5.59357206595 0.223949689155 2.3437
12gi12gi12gi12gi -5.59411629363 0.225854486025 2.3455
12gi12gi12gi12gi- -5.59357206595 0.22503814451 2.3440
12gl -7.40176852335 2.88331823365 4.2710
12gl12gl -6.42079813525 1.45499269491 3.5543
12gl12gl- -6.42052602141 1.45472058107 3.5542
12gl12gl-12gl -5.80772565692 0.956208028787 2.9533
12gl12gl-12gl- -5.80799777076 0.956208028787 2.9535
12gl12gl-12gl-12gl -5.42268457532 0.724367038313 2.5883
12gl12gl-12gl-12gl- -5.42268457532 0.724367038313 2.5883
12gl12gl-12gl12gl -5.42268457532 0.724367038313 2.5883
12gl12gl-12gl12gl- -5.42268457532 0.724367038313 2.5882
12gl12gl12gl -5.80799777076 0.956208028787 2.9534
12gl12gl12gl- -5.80772565692 0.956480142626 2.9535
12gl12gl12gl-12gl -5.42241246148 0.724639152152 2.5883
12gl12gl12gl-12gl- -5.42268457532 0.724367038313 2.5882
12gl12gl12gl12gl -5.42295668916 0.724639152152 2.5885
12gl12gl12gl12gl- -5.42268457532 0.724367038313 2.5883
12hg -7.56612528185 2.88821628274 4.4003
12hg12hg -6.48964293641 1.11974844578 2.9893
12hg12hg- -6.48719391186 1.11729942123 2.9894
12hg12hg-12hg -5.91385005397 0.46150507024 2.4380
12hg12hg-12hg- -5.915482737 0.462593525594 2.4392
12hg12hg-12hg-12hg -5.57098661735 0.115104153721 2.0894
12hg12hg-12hg-12hg- -5.57017027583 0.114832039883 2.0885
12hg12hg-12hg12hg -5.57125873119 0.114832039883 2.0891
12hg12hg-12hg12hg- -5.57017027583 0.114287812206 2.0881
12hg12hg12hg -5.91330582629 0.46150507024 2.4380
12hg12hg12hg- -5.91466639548 0.462321411756 2.4394
12hg12hg12hg-12hg -5.57017027583 0.114559926044 2.0888
12hg12hg12hg-12hg- -5.56908182048 0.114015698367 2.0876
12hg12hg12hg12hg -5.57071450351 0.114559926044 2.0887
12hg12hg12hg12hg- -5.56962604816 0.114015698367 2.0875
12ig -7.52911779981 2.84005213331 4.5943
12ig12ig -6.54705895635 0.996752990737 3.0205
12ig12ig- -6.54841952555 0.999474129122 3.0210
12ig12ig-12ig -6.00691298676 0.387762219983 2.4869
12ig12ig-12ig- -6.00582453141 0.385857423113 2.4858
12ig12ig-12ig-12ig -5.67275719298 0.0693890288392 2.1591
12ig12ig-12ig-12ig- -5.6735735345 0.0704774841935 2.1599
12ig12ig-12ig12ig -5.6735735345 0.0691169150006 2.1592
12ig12ig-12ig12ig- -5.67411776217 0.0702053703549 2.1601
12ig12ig12ig -6.00609664525 0.389122789176 2.4867
12ig12ig12ig- -6.00500818989 0.387490106145 2.4859
12ig12ig12ig-12ig -5.67275719298 0.0715659395478 2.1602
12ig12ig12ig-12ig- -5.67302930682 0.0726543949022 2.1608
12ig12ig12ig12ig -5.6735735345 0.0718380533864 2.1605
12ig12ig12ig12ig- -5.67384564833 0.0729265087408 2.1612
12lg -7.53211105203 2.87488270465 4.5594
13ag -6.99142085476 3.78183812865 4.5938
13ag13ag -6.41399528928 2.07486801921 4.0415
13ag13ag- -6.41372317545 2.07514013305 4.0435
13ag13ag-13ag -6.11222104229 1.33254146755 3.4797
13ag13ag-13ag- -6.11222104229 1.33254146755 3.4796
13ag13ag-13ag-13ag -5.96146997572 0.8998804642 3.1551
13ag13ag-13ag-13ag- -5.96174208956 0.8998804642 3.1552
13ag13ag-13ag13ag- -5.96146997572 0.8998804642 3.1552
13ag13ag13ag -6.11249315613 1.33254146755 3.4797
13ag13ag13ag- -6.11249315613 1.33254146755 3.4797
13ag13ag13ag-13ag -5.96174208956 0.899608350362 3.1551
13ag13ag13ag-13ag- -5.96174208956 0.899608350362 3.1552
13ag13ag13ag13ag -5.96174208956 0.8998804642 3.1551
13ag13ag13ag13ag- -5.96174208956 0.8998804642 3.1552
13dg -7.67551504496 2.21010859699 4.6658
13dg13dg -6.89835792197 0.553479547682 2.6934
13dg13dg- -6.89808580813 0.553207433843 2.6911
13dg13dg-13dg -6.63984977531 0.00598650444887 2.5115
13dg13dg-13dg- -6.64012188915 0.00598650444887 2.5117
13dg13dg-13dg-13dg -6.53807919968 -0.351298965613 2.3758
13dg13dg-13dg-13dg- -6.53807919968 -0.351571079452 2.3756
13dg13dg-13dg13dg -6.53807919968 -0.351298965613 2.3760
13dg13dg-13dg13dg- -6.53780708584 -0.351298965613 2.3758
13dg13dg13dg -6.64012188915 0.00571439061028 2.5109
13dg13dg13dg- -6.64012188915 0.00571439061028 2.5115
13dg13dg13dg-13dg -6.53807919968 -0.351571079452 2.3759
13dg13dg13dg-13dg- -6.53780708584 -0.351571079452 2.3754
13dg13dg13dg13dg -6.53835131352 -0.35184319329 2.3760
13dg13dg13dg13dg- -6.53807919968 -0.35184319329 2.3755
13eg -7.16285257307 2.73229505323 4.1899
13eg13eg -6.15956885021 1.19730088977 2.2193
13eg13eg- -6.15902462253 1.1967566621 2.2164
13eg13eg-13eg -5.78024215922 0.768177366325 2.1157
13eg13eg-13eg- -5.78051427306 0.768177366325 2.1185
13eg13eg-13eg-13eg -5.58268751241 0.493070275516 2.0881
13eg13eg-13eg-13eg- -5.58268751241 0.493070275516 2.0912
13eg13eg-13eg13eg -5.58268751241 0.493070275516 2.0904
13eg13eg-13eg13eg- -5.58241539857 0.493070275516 2.0877
13eg13eg13eg -5.7807863869 0.767905252487 2.1190
13eg13eg13eg- -5.78051427306 0.767905252487 2.1162
13eg13eg13eg-13eg -5.58268751241 0.493070275516 2.0892
13eg13eg13eg-13eg- -5.58241539857 0.492798161677 2.0893
13eg13eg13eg13eg -5.58323174009 0.492798161677 2.0940
13eg13eg13eg13eg- -5.58268751241 0.492798161677 2.0883
13fg -7.10570866697 3.21856248278 3.9700
13fg13fg -6.06487323438 2.14289647886 3.6032
13fg13fg- -6.0643290067 2.14344070653 3.6030
13fg13fg-13fg -5.61751808375 1.44873407663 3.0513
13fg13fg-13fg- -5.61779019759 1.44873407663 3.0513
13fg13fg-13fg-13fg -5.36798969376 1.05389689684 2.7018
13fg13fg-13fg-13fg- -5.3682618076 1.053624783 2.7016
13fg13fg-13fg13fg -5.36798969376 1.05389689684 2.7018
13fg13fg-13fg13fg- -5.36771757993 1.05389689684 2.7017
13fg13fg13fg -5.61833442526 1.44818984895 3.0510
13fg13fg13fg- -5.61806231142 1.44846196279 3.0513
13fg13fg13fg-13fg -5.3682618076 1.053624783 2.7017
13fg13fg13fg-13fg- -5.3682618076 1.05335266916 2.7014
13fg13fg13fg13fg -5.36880603528 1.053624783 2.7018
13fg13fg13fg13fg- -5.3682618076 1.053624783 2.7016
13ga -6.98625069183 3.83245130263 4.5256
13ga13ga -6.32909577165 2.20521054789 4.1767
13ga13ga- -6.32882365781 2.20493843405 4.1769
13ga13ga-13ga -5.9500411945 1.52138847153 3.5830
13ga13ga-13ga- -5.9500411945 1.52138847153 3.5830
13ga13ga-13ga-13ga -5.73860874192 1.13335413771 3.2433
13ga13ga-13ga-13ga- -5.73860874192 1.13335413771 3.2433
13ga13ga-13ga13ga -5.73860874192 1.13335413771 3.2433
13ga13ga-13ga13ga- -5.73860874192 1.13335413771 3.2433
13ga13ga13ga -5.95031330834 1.52138847153 3.5829
13ga13ga13ga- -5.95031330834 1.52138847153 3.5830
13ga13ga13ga-13ga -5.73888085576 1.13335413771 3.2433
13ga13ga13ga-13ga- -5.73860874192 1.13335413771 3.2433
13ga13ga13ga13ga -5.73888085576 1.13362625154 3.2433
13ga13ga13ga13ga- -5.73860874192 1.13335413771 3.2432
13gd -7.65429016555 2.09826980933 4.4625
13gd13gd -6.94352881917 0.726271835183 3.1781
13gd13gd- -6.94352881917 0.725999721345 3.1778
13gd13gd-13gd -6.59168562588 0.0557833369099 2.7569
13gd13gd-13gd- -6.59195773972 0.0560554507485 2.7571
13gd13gd-13gd-13gd -6.42079813525 -0.370346934314 2.5156
13gd13gd-13gd-13gd- -6.42079813525 -0.370346934314 2.5156
13gd13gd-13gd13gd -6.42079813525 -0.370346934314 2.5154
13gd13gd-13gd13gd- -6.42079813525 -0.370619048153 2.5153
13gd13gd13gd -6.59195773972 0.0560554507485 2.7573
13gd13gd13gd- -6.59195773972 0.0557833369099 2.7572
13gd13gd13gd-13gd -6.42107024909 -0.370619048153 2.5156
13gd13gd13gd-13gd- -6.42079813525 -0.370619048153 2.5155
13gd13gd13gd13gd -6.42107024909 -0.370074820475 2.5159
13ge -7.14162769366 2.61066016738 4.0982
13ge13ge -6.28637389899 1.3646509005 2.8242
13ge13ge- -6.28610178515 1.36410667283 2.8229
13ge13ge-13ge -5.8118073645 0.802463709987 2.6155
13ge13ge-13ge- -5.8118073645 0.802735823825 2.6157
13ge13ge-13ge-13ge -5.55329921784 0.450076289019 2.3679
13ge13ge-13ge-13ge- -5.55329921784 0.450076289019 2.3680
13ge13ge-13ge13ge -5.55329921784 0.450076289019 2.3676
13ge13ge-13ge13ge- -5.55329921784 0.449804175181 2.3675
13ge13ge13ge -5.81207947834 0.802735823825 2.6161
13ge13ge13ge- -5.81207947834 0.802463709987 2.6158
13ge13ge13ge-13ge -5.55357133168 0.449804175181 2.3678
13ge13ge13ge-13ge- -5.55357133168 0.449804175181 2.3677
13ge13ge13ge13ge -5.55384344552 0.450348402858 2.3684
13ge13ge13ge13ge- -5.55357133168 0.450076289019 2.3680
13gf -6.85971775689 3.75625942783 4.6540
13gf13gf -6.39766845897 2.06452769334 3.8791
13gf13gf- -6.39739634513 2.06452769334 3.8795
13gf13gf-13gf -5.95956517885 1.31567040956 3.2264
13gf13gf-13gf- -5.95983729269 1.31567040956 3.2264
13gf13gf-13gf-13gf -5.71711174867 0.874301763373 2.8396
13gf13gf-13gf-13gf- -5.71738386251 0.874029649535 2.8394
13gf13gf-13gf13gf -5.71683963483 0.874301763373 2.8396
13gf13gf-13gf13gf- -5.71683963483 0.874301763373 2.8396
13gf13gf13gf -5.96038152036 1.31512618188 3.2260
13gf13gf13gf- -5.96010940653 1.31567040956 3.2264
13gf13gf13gf-13gf -5.71711174867 0.874301763373 2.8397
13gf13gf13gf-13gf- -5.71738386251 0.873757535696 2.8393
13gf13gf13gf13gf -5.71765597635 0.874029649535 2.8395
13gf13gf13gf13gf- -5.71738386251 0.873757535696 2.8393
13gg -6.75549815671 3.10998906119 3.7039
13gg13gg -5.81724964127 1.51730676395 2.3046
13gg13gg- -5.81643329975 1.51757887779 2.3065
13gg13gg13gg -5.36907814912 0.813892491207 1.9525
13gg13gg13gg- -5.36853392144 0.8152530604 1.9544
13gh -6.86760905821 3.63217551743 4.3159
13gh13gh -6.12201714048 2.10507265529 3.3555
13gh13gh- -6.12228925432 2.10616111065 3.3601
13gh13gh-13gh -5.5889461307 1.40655643165 2.8209
13gh13gh-13gh- -5.58867401686 1.40574009013 2.8188
13gh13gh-13gh-13gh -5.29642375422 1.00165103983 2.4738
13gh13gh-13gh-13gh- -5.29669586806 1.00219526751 2.4751
13gh13gh-13gh13gh- -5.29669586806 1.00110681215 2.4744
13gh13gh13gh -5.58949035837 1.40900545619 2.8245
13gh13gh13gh- -5.5889461307 1.407644887 2.8214
13gh13gh13gh-13gh- -5.29751220957 1.00382795054 2.4780
13gh13gh13gh13gh -5.29751220957 1.00328372286 2.4778
13gh13gh13gh13gh- -5.29778432341 1.00328372286 2.4784
13gi -6.91359629693 3.76823243672 4.6995
13gi13gi -6.191950397 1.96330134539 3.4458
13gi13gi- -6.18650812023 1.96003597933 3.4272
13gi13gi-13gi -5.70105703219 1.27403699225 2.8742
13gi13gi-13gi- -5.70405028442 1.27539756145 2.8813
13gi13gi-13gi-13gi -5.43220855967 0.877295015598 2.5459
13gi13gi-13gi-13gi- -5.4303037628 0.877567129436 2.5431
13gi13gi-13gi13gi -5.43220855967 0.877567129436 2.5448
13gi13gi-13gi13gi- -5.4303037628 0.877022901759 2.5416
13gi13gi13gi -5.70051280452 1.2729485369 2.8702
13gi13gi13gi- -5.70350605674 1.27349276458 2.8769
13gi13gi13gi-13gi -5.43057587664 0.875118104889 2.5390
13gi13gi13gi-13gi- -5.42867107977 0.87484599105 2.5359
13gi13gi13gi13gi -5.43057587664 0.875934446405 2.5387
13gi13gi13gi13gi- -5.42867107977 0.875118104889 2.5353
13gl -6.7116878287 3.49339745975 4.1209
13gl13gl -5.99602843322 2.3456212886 3.7807
13gl13gl- -5.99575631938 2.3456212886 3.7805
13gl13gl-13gl -5.50459084073 1.75404580352 3.2467
13gl13gl-13gl- -5.50486295457 1.75404580352 3.2469
13gl13gl-13gl-13gl -5.21070789506 1.42805342489 2.9033
13gl13gl-13gl-13gl- -5.2109800089 1.42805342489 2.9033
13gl13gl-13gl13gl -5.21070789506 1.42778131106 2.9032
13gl13gl-13gl13gl- -5.21070789506 1.42778131106 2.9031
13gl13gl13gl -5.50486295457 1.75431791736 3.2470
13gl13gl13gl- -5.50486295457 1.75431791736 3.2470
13gl13gl13gl-13gl -5.21070789506 1.42832553873 2.9033
13gl13gl13gl-13gl- -5.21070789506 1.42805342489 2.9032
13gl13gl13gl13gl -5.2109800089 1.42832553873 2.9036
13gl13gl13gl13gl- -5.2109800089 1.42805342489 2.9033
13hg -6.82624775474 3.70700682304 4.1742
13hg13hg -6.01643697111 1.87867394159 2.8810
13hg13hg- -6.01181103586 1.87051052643 2.8660
13hg13hg-13hg -5.56608856825 1.12491860871 2.4434
13hg13hg-13hg- -5.56908182048 1.12900031629 2.4500
13hg13hg-13hg-13hg -5.31928131666 0.690624922329 2.1569
13hg13hg-13hg-13hg- -5.31737651979 0.688175897781 2.1530
13hg13hg-13hg13hg -5.32009765817 0.690624922329 2.1555
13hg13hg-13hg13hg- -5.31764863363 0.68844801162 2.1521
13hg13hg13hg -5.5650001129 1.12192535649 2.4402
13hg13hg13hg- -5.56744913745 1.12655129174 2.4481
13hg13hg13hg-13hg -5.31710440595 0.688720125458 2.1527
13hg13hg13hg-13hg- -5.31492749524 0.685998987073 2.1486
13hg13hg13hg13hg -5.31873708898 0.688720125458 2.1509
13hg13hg13hg13hg- -5.31601595059 0.68654321475 2.1473
13ig -6.90869824783 3.7758516242 4.4321
13ig13ig -6.05235599781 1.76819572312 2.8408
13ig13ig- -6.05970307145 1.77445434141 2.8572
13ig13ig-13ig -5.62241613284 1.09770722485 2.4584
13ig13ig-13ig- -5.61942288062 1.09389763111 2.4511
13ig13ig-13ig-13ig -5.37887424731 0.706135411128 2.1848
13ig13ig-13ig-13ig- -5.3802348165 0.708584435675 2.1875
13ig13ig-13ig13ig -5.38132327186 0.705863297289 2.1882
13ig13ig-13ig13ig- -5.38295595489 0.708040207998 2.1918
13ig13ig13ig -5.61806231142 1.10124470475 2.4551
13ig13ig13ig- -5.61588540072 1.09716299717 2.4502
13ig13ig13ig-13ig -5.3766973366 0.711305574061 2.1877
13ig13ig13ig-13ig- -5.37778579195 0.713754598608 2.1902
13ig13ig13ig13ig -5.37860213347 0.712121915577 2.1899
13ig13ig13ig13ig- -5.37996270266 0.714298826285 2.1933
13lg -6.83876499132 3.74918446802 4.3716
4ag -7.6961956967 2.13010712844 4.6119
4ag4ag -7.2921066464 0.924098595834 3.9572
4ag4ag- -7.29237876024 0.923826481996 3.9569
4ag4ag-4ag -7.06516370502 0.407898644039 3.6506
4ag4ag-4ag- -7.06516370502 0.407898644039 3.6513
4ag4ag-4ag-4ag -6.91522897996 0.124083910395 3.4469
4ag4ag-4ag-4ag- -6.91522897996 0.124083910395 3.4473
4ag4ag-4ag4ag -6.91522897996 0.124083910395 3.4467
4ag4ag-4ag4ag- -6.9155010938 0.124083910395 3.4465
4ag4ag4ag -7.06489159118 0.407898644039 3.6516
4ag4ag4ag- -7.06516370502 0.407898644039 3.6511
4ag4ag4ag-4ag -6.91522897996 0.124083910395 3.4467
4ag4ag4ag-4ag- -6.91522897996 0.124083910395 3.4471
4ag4ag4ag4ag -6.91522897996 0.124356024233 3.4475
4ag4ag4ag4ag- -6.91522897996 0.124356024233 3.4473
4dg -8.29484614158 0.751578422172 4.5064
4dg4dg -8.169401662 -0.167622124568 3.9196
4dg4dg- -8.169401662 -0.167622124568 3.9191
4dg4dg-4dg -8.09348190103 -0.624229145714 3.6831
4dg4dg-4dg- -8.09348190103 -0.624229145714 3.6838
4dg4dg-4dg-4dg -8.01892270926 -0.883553633885 3.5132
4dg4dg-4dg-4dg- -8.01892270926 -0.883281520047 3.5136
4dg4dg-4dg4dg -8.01892270926 -0.883553633885 3.5129
4dg4dg-4dg4dg- -8.01892270926 -0.883553633885 3.5126
4dg4dg4dg -8.09348190103 -0.624229145714 3.6842
4dg4dg4dg- -8.09348190103 -0.624229145714 3.6837
4dg4dg4dg-4dg -8.01892270926 -0.883553633885 3.5129
4dg4dg4dg-4dg- -8.01892270926 -0.883281520047 3.5133
4dg4dg4dg4dg -8.01865059542 -0.883281520047 3.5138
4dg4dg4dg4dg- -8.01892270926 -0.883281520047 3.5136
4eg -7.52857357213 1.25471690972 4.2620
4eg4eg -7.26489526254 0.493342389354 3.8168
4eg4eg- -7.26489526254 0.493070275516 3.7011
4eg4eg-4eg -7.115776879 0.094423501989 3.5643
4eg4eg-4eg- -7.11550476516 0.094423501989 3.5650
4eg4eg-4eg-4eg -7.00611500205 -0.126260821103 3.4042
4eg4eg-4eg-4eg- -7.00611500205 -0.125988707265 3.4047
4eg4eg-4eg4eg -7.00611500205 -0.125988707265 3.4041
4eg4eg-4eg4eg- -7.00611500205 -0.126260821103 3.4039
4eg4eg4eg -7.11550476516 0.0946956158275 3.5653
4eg4eg4eg- -7.11550476516 0.094423501989 3.5647
4eg4eg4eg-4eg -7.00611500205 -0.126260821103 3.4040
4eg4eg4eg-4eg- -7.00611500205 -0.125988707265 3.4044
4eg4eg4eg4eg -7.00611500205 -0.125988707265 3.4048
4eg4eg4eg4eg- -7.00611500205 -0.125988707265 3.4046
4fg -7.18897550157 2.11160338742 4.1629
4fg4fg -6.79903637088 1.11593885204 3.6422
4fg4fg- -6.79903637088 1.11593885204 3.6418
4fg4fg-4fg -6.57100497415 0.632392560871 3.3440
4fg4fg-4fg- -6.57100497415 0.63266467471 3.3445
4fg4fg-4fg-4fg -6.41100203706 0.376333438763 3.1524
4fg4fg-4fg-4fg- -6.41100203706 0.376333438763 3.1527
4fg4fg-4fg4fg -6.41100203706 0.376333438763 3.1523
4fg4fg-4fg4fg- -6.4112741509 0.376333438763 3.1521
4fg4fg4fg -6.57073286031 0.63266467471 3.3447
4fg4fg4fg- -6.57100497415 0.63266467471 3.3444
4fg4fg4fg-4fg -6.41100203706 0.376333438763 3.1522
4fg4fg4fg-4fg- -6.41100203706 0.376333438763 3.1526
4fg4fg4fg4fg -6.41100203706 0.376605552602 3.1529
4fg4fg4fg4fg- -6.41100203706 0.376333438763 3.1527
4ga -7.69565146902 2.11269184277 4.6173
4ga4ga -7.30870559055 0.940425426149 3.9788
4ga4ga- -7.30870559055 0.940425426149 3.9784
4ga4ga-4ga -7.06598004653 0.413613034649 3.6311
4ga4ga-4ga- -7.06598004653 0.413613034649 3.6313
4ga4ga-4ga-4ga -6.89890214964 0.12490025191 3.4066
4ga4ga-4ga-4ga- -6.89890214964 0.12490025191 3.4067
4ga4ga-4ga4ga -6.89890214964 0.12490025191 3.4064
4ga4ga-4ga4ga- -6.89917426348 0.12490025191 3.4063
4ga4ga4ga -7.06598004653 0.413613034649 3.6318
4ga4ga4ga- -7.06598004653 0.413613034649 3.6315
4ga4ga4ga-4ga -6.89917426348 0.12490025191 3.4065
4ga4ga4ga-4ga- -6.89890214964 0.12490025191 3.4065
4ga4ga4ga4ga -6.89890214964 0.12490025191 3.4070
4ga4ga4ga4ga- -6.89890214964 0.12490025191 3.4068
4gd -8.29049232017 0.766816797132 4.4892
4gd4gd -8.18164678473 -0.120546430493 3.9533
4gd4gd- -8.18164678473 -0.120546430493 3.9526
4gd4gd-4gd -8.07960409526 -0.563275645871 3.6804
4gd4gd-4gd- -8.07960409526 -0.563275645871 3.6807
4gd4gd-4gd-4gd -7.97429603973 -0.8152530604 3.4974
4gd4gd-4gd-4gd- -7.97429603973 -0.8152530604 3.4976
4gd4gd-4gd4gd -7.97429603973 -0.8152530604 3.4972
4gd4gd-4gd4gd- -7.97429603973 -0.8152530604 3.4970
4gd4gd4gd -8.07960409526 -0.563003532032 3.6813
4gd4gd4gd- -8.07960409526 -0.563003532032 3.6808
4gd4gd4gd-4gd -7.97429603973 -0.8152530604 3.4971
4gd4gd4gd-4gd- -7.97429603973 -0.8152530604 3.4973
4gd4gd4gd4gd -7.97429603973 -0.8152530604 3.4978
4gd4gd4gd4gd- -7.97429603973 -0.8152530604 3.4975
4ge -7.52748511677 1.26696203245 4.2951
4ge4ge -7.28421534508 0.536880603528 3.4862
4ge4ge- -7.28394323124 0.536880603528 3.4872
4ge4ge-4ge -7.12611720486 0.14422033445 3.5002
4ge4ge-4ge- -7.12611720486 0.14422033445 3.4997
4ge4ge-4ge-4ge -7.00312174982 -0.0737428502565 3.4109
4ge4ge-4ge-4ge- -7.00312174982 -0.0737428502565 3.4110
4ge4ge-4ge4ge -7.00312174982 -0.0737428502565 3.4107
4ge4ge-4ge4ge- -7.00312174982 -0.0737428502565 3.4105
4ge4ge4ge -7.12611720486 0.14422033445 3.4992
4ge4ge4ge- -7.12611720486 0.14422033445 3.5009
4ge4ge4ge-4ge -7.00312174982 -0.0737428502565 3.4107
4ge4ge4ge-4ge- -7.00312174982 -0.0737428502565 3.4108
4ge4ge4ge4ge -7.00312174982 -0.0737428502565 3.4113
4ge4ge4ge4ge- -7.00312174982 -0.0737428502565 3.4111
4gf -7.18190054177 2.12820233157 4.1773
4gf4gf -6.80148539543 1.14641560196 3.6683
4gf4gf- -6.80148539543 1.14614348812 3.6679
4gf4gf-4gf -6.55358968848 0.663141424631 3.3486
4gf4gf-4gf- -6.55358968848 0.663141424631 3.3489
4gf4gf-4gf-4gf -6.37426666885 0.408442871716 3.1422
4gf4gf-4gf-4gf- -6.37426666885 0.408442871716 3.1423
4gf4gf-4gf4gf -6.37426666885 0.408442871716 3.1421
4gf4gf-4gf4gf- -6.37426666885 0.408170757877 3.1420
4gf4gf4gf -6.55358968848 0.66341353847 3.3493
4gf4gf4gf- -6.55358968848 0.663141424631 3.3490
4gf4gf4gf-4gf -6.37426666885 0.408442871716 3.1421
4gf4gf4gf-4gf- -6.37426666885 0.408442871716 3.1422
4gf4gf4gf4gf -6.37426666885 0.408442871716 3.1425
4gf4gf4gf4gf- -6.37426666885 0.408442871716 3.1424
4gg -6.407736671 1.91867467586 3.4585
4gg4gg -6.07739047096 0.964643557784 3.0107
4gg4gg- -6.07766258479 0.964371443945 3.0102
4gg4gg-4gg -5.90595875265 0.468580030043 2.7404
4gg4gg-4gg- -5.90595875265 0.468852143882 2.7407
4gg4gg-4gg-4gg -5.79167094044 0.204629606616 2.5812
4gg4gg-4gg-4gg- -5.79167094044 0.204629606616 2.5814
4gg4gg-4gg4gg -5.79194305428 0.204629606616 2.5812
4gg4gg-4gg4gg- -5.79194305428 0.204629606616 2.5811
4gg4gg4gg -5.90568663881 0.46912425772 2.7410
4gg4gg4gg- -5.90595875265 0.468852143882 2.7407
4gg4gg4gg-4gg -5.79194305428 0.204629606616 2.5812
4gg4gg4gg-4gg- -5.79167094044 0.204629606616 2.5814
4gg4gg4gg4gg -5.7913988266 0.204901720454 2.5815
4gg4gg4gg4gg- -5.79167094044 0.204629606616 2.5814
4gh -6.81672377039 2.2122855077 3.9619
4gh4gh -6.41399528928 1.14695982964 3.3656
4gh4gh- -6.41100203706 1.14369446357 3.3613
4gh4gh-4gh -6.18868503094 0.619603210458 3.0467
4gh4gh-4gh- -6.18623600639 0.618242641265 3.0442
4gh4gh-4gh-4gh- -6.04065510275 0.325720264786 2.8541
4gh4gh-4gh4gh -6.04201567194 0.32680872014 2.8549
4gh4gh-4gh4gh- -6.04038298891 0.325992378625 2.8528
4gh4gh4gh -6.18705234791 0.619875324296 3.0449
4gh4gh4gh- -6.1848754372 0.618242641265 3.0417
4gh4gh4gh-4gh -6.04038298891 0.325448150948 2.8530
4gh4gh4gh-4gh- -6.03875030588 0.324631809432 2.8513
4gh4gh4gh4gh -6.04011087507 0.325992378625 2.8527
4gi -7.32013437177 2.17446168413 4.3460
4gi4gi -6.90652133712 1.12437438103 3.7548
4gi4gi- -6.90978670319 1.12791186093 3.7616
4gi4gi-4gi -6.67386400513 0.614160933686 3.4346
4gi4gi-4gi- -6.675768802 0.616065730556 3.4390
4gi4gi-4gi-4gi -6.51903123098 0.339325956715 3.2441
4gi4gi-4gi-4gi- -6.52011968633 0.340142298231 3.2467
4gi4gi-4gi4gi -6.51903123098 0.339598070554 3.2451
4gi4gi-4gi4gi- -6.52039180017 0.340686525908 3.2472
4gi4gi4gi -6.67440823281 0.616065730556 3.4385
4gi4gi4gi- -6.67631302968 0.617698413588 3.4422
4gi4gi4gi-4gi -6.51957545866 0.34041441207 3.2468
4gi4gi4gi-4gi- -6.52066391401 0.341230753585 3.2494
4gi4gi4gi4gi -6.51984757249 0.340958639747 3.2484
4gi4gi4gi4gi- -6.52093602785 0.341774981263 3.2506
4gl -7.15577761327 2.14452916189 4.2159
4hg -6.81726799807 2.21255762153 3.9592
4hg4hg -6.39712423129 1.14832039883 3.3606
4hg4hg- -6.39331463755 1.14369446357 3.3544
4hg4hg-4hg -6.16990917607 0.62504548723 3.0535
4hg4hg-4hg- -6.16718803769 0.621508007328 3.0505
4hg4hg-4hg-4hg -6.02460038627 0.331978883074 2.8732
4hg4hg-4hg-4hg- -6.0226955894 0.328713517011 2.8717
4hg4hg-4hg4hg -6.02568884162 0.332795224589 2.8751
4hg4hg-4hg4hg- -6.02405615859 0.329529858526 2.8731
4hg4hg4hg -6.17045340375 0.625589714907 3.0557
4hg4hg4hg- -6.16773226537 0.621780121167 3.0521
4hg4hg4hg-4hg- -6.0226955894 0.328441403172 2.8720
4hg4hg4hg4hg -6.02568884162 0.332795224589 2.8760
4ig -7.32013437177 2.18561835151 4.3411
4ig4ig -6.8964531251 1.11049657527 3.7592
4ig4ig- -6.89917426348 1.11485039668 3.7656
4ig4ig-4ig -6.67250343594 0.607902315399 3.4665
4ig4ig-4ig- -6.67440823281 0.608990770753 3.4702
4ig4ig-4ig-4ig -6.52665041846 0.334155793782 3.2897
4ig4ig-4ig-4ig- -6.52828310149 0.334972135298 3.2918
4ig4ig-4ig4ig -6.52637830462 0.333611566105 3.2881
4ig4ig-4ig4ig- -6.52801098765 0.334155793782 3.2897
4ig4ig4ig -6.67195920826 0.606541746206 3.4656
4ig4ig4ig- -6.67413611897 0.607358087722 3.4684
4ig4ig4ig-4ig -6.52665041846 0.333611566105 3.2887
4ig4ig4ig-4ig- -6.52801098765 0.334427907621 3.2908
4ig4ig4ig4ig -6.52610619078 0.333339452267 3.2879
4ig4ig4ig4ig- -6.52773887381 0.333883679944 3.2895
4lg -7.15686606862 2.14861086947 4.2097
5aa -9.52806605805 2.39786714561 6.2589
5aa5aa -8.03497742574 0.77688500916 4.2296
5aa5aa- -8.03497742574 0.776612895321 4.2292
5aa5aa-5aa -7.39959161264 0.100954234115 3.4480
5aa5aa-5aa- -7.39959161264 0.100954234115 3.4482
5aa5aa-5aa-5aa- -7.05346280996 -0.271297497069 3.0292
5aa5aa-5aa5aa -7.05319069612 -0.271297497069 3.0290
5aa5aa-5aa5aa- -7.05319069612 -0.271569610908 3.0288
5aa5aa5aa -7.39986372648 0.101226347954 3.4483
5aa5aa5aa- -7.39959161264 0.100954234115 3.4482
5aa5aa5aa-5aa -7.05346280996 -0.271297497069 3.0290
5aa5aa5aa-5aa- -7.05346280996 -0.271297497069 3.0290
5aa5aa5aa5aa -7.05346280996 -0.271025383231 3.0293
5aa5aa5aa5aa- -7.05346280996 -0.271297497069 3.0291
5ad -10.0684841415 1.09743511101 4.9246
5ad5ad -9.03526789637 -0.556200686068 3.9789
5ad5ad- -9.03499578253 -0.556472799906 3.9787
5ad5ad-5ad -8.57730030604 -1.26750626013 3.3107
5ad5ad-5ad- -8.57757241987 -1.26723414629 3.3108
5ad5ad-5ad-5ad -8.35090159233 -1.68356831932 2.9477
5ad5ad-5ad5ad -8.35090159233 -1.68356831932 2.9476
5ad5ad-5ad5ad- -8.35062947849 -1.68384043316 2.9475
5ad5ad5ad -8.57757241987 -1.26723414629 3.3110
5ad5ad5ad- -8.57757241987 -1.26723414629 3.3109
5ad5ad5ad-5ad -8.35090159233 -1.68356831932 2.9476
5ad5ad5ad5ad- -8.35090159233 -1.68356831932 2.9478
5ae -8.93893959751 1.66778571669 4.2297
5ae5ae -8.07089645243 0.245446682404 3.9236
5ae5ae- -8.07062433859 0.245174568565 3.9236
5ae5ae-5ae -7.52503609223 -0.346400916519 3.2754
5ae5ae-5ae- -7.52530820607 -0.346400916519 3.2755
5ae5ae-5ae-5ae -7.2194522515 -0.676202888884 2.9104
5ae5ae-5ae-5ae- -7.21972436533 -0.675930775045 2.9104
5ae5ae-5ae5ae- -7.2194522515 -0.676202888884 2.9102
5ae5ae5ae -7.52530820607 -0.34612880268 3.2756
5ae5ae5ae- -7.52530820607 -0.346400916519 3.2756
5ae5ae5ae-5ae -7.2194522515 -0.676202888884 2.9103
5ae5ae5ae-5ae- -7.2194522515 -0.676202888884 2.9103
5ae5ae5ae5ae -7.21972436533 -0.675930775045 2.9105
5ae5ae5ae5ae- -7.21972436533 -0.675930775045 2.9104
5af -8.85784967362 2.47351479274 5.8261
5af5af -7.89102920512 0.821783792526 4.1464
5af5af- -7.89075709129 0.821783792526 4.1463
5af5af-5af -7.39442144971 0.0955119573433 3.4220
5af5af-5af- -7.39442144971 0.0955119573433 3.4221
5af5af-5af-5af -7.12911045709 -0.314835711243 3.0314
5af5af-5af-5af- -7.12911045709 -0.314835711243 3.0315
5af5af-5af5af -7.12911045709 -0.314835711243 3.0314
5af5af-5af5af- -7.12883834325 -0.315107825081 3.0313
5af5af5af -7.39469356354 0.0955119573433 3.4223
5af5af5af- -7.39442144971 0.0955119573433 3.4222
5af5af5af-5af -7.12911045709 -0.314835711243 3.0314
5af5af5af-5af- -7.12911045709 -0.314835711243 3.0315
5af5af5af5af -7.12938257092 -0.314835711243 3.0316
5af5af5af5af- -7.12911045709 -0.314835711243 3.0316
5ag -7.47796039815 2.25636794955 4.6319
5ag5ag -7.02353028772 0.775796553806 3.3768
5ag5ag- -7.02325817388 0.776068667644 3.3812
5ag5ag-5ag -6.75658661206 0.152383749608 3.0535
5ag5ag-5ag- -6.75713083974 0.152383749608 3.0491
5ag5ag-5ag-5ag -6.59876058568 -0.189935459332 2.8217
5ag5ag-5ag-5ag- -6.59903269952 -0.190207573171 2.8210
5ag5ag-5ag5ag -6.59848847185 -0.189935459332 2.8218
5ag5ag-5ag5ag- -6.59821635801 -0.189935459332 2.8225
5ag5ag5ag -6.75740295358 0.152111635769 3.0486
5ag5ag5ag- -6.75713083974 0.152111635769 3.0527
5ag5ag5ag-5ag -6.59876058568 -0.190207573171 2.8221
5ag5ag5ag-5ag- -6.59903269952 -0.190207573171 2.8223
5ag5ag5ag5ag -6.59903269952 -0.190479687009 2.8202
5ag5ag5ag5ag- -6.59876058568 -0.190207573171 2.8217
5ah -8.22627345426 2.59188431252 5.4743
5ah5ah -7.34054290967 1.1643751153 4.0588
5ah5ah- -7.33972656815 1.16247031843 4.0565
5ah5ah-5ah -6.80121328159 0.533071009788 3.3885
5ah5ah-5ah- -6.80175750927 0.534159465142 3.3900
5ah5ah-5ah-5ah -6.48583334267 0.185581637915 3.0214
5ah5ah-5ah-5ah- -6.48556122883 0.185037410238 3.0206
5ah5ah-5ah5ah -6.48474488732 0.185581637915 3.0209
5ah5ah-5ah5ah- -6.48474488732 0.184765296399 3.0201
5ah5ah5ah -6.80202962311 0.532798895949 3.3880
5ah5ah5ah- -6.80257385078 0.533887351304 3.3896
5ah5ah5ah-5ah -6.48719391186 0.185037410238 3.0208
5ah5ah5ah-5ah- -6.48692179803 0.184493182561 3.0200
5ah5ah5ah5ah -6.48610545651 0.185309524076 3.0202
5ah5ah5ah5ah- -6.48583334267 0.184493182561 3.0194
5ai -9.03363521334 2.45746007626 5.9666
5ai5ai -7.77347602686 0.975800225165 4.2256
5ai5ai- -7.77646927908 0.977977135874 4.2321
5ai5ai-5ai -7.16992753287 0.343407664294 3.5051
5ai5ai-5ai- -7.168022736 0.342591322778 3.5018
5ai5ai-5ai-5ai -6.83141791767 -0.00653073212604 3.1066
5ai5ai-5ai-5ai- -6.83277848687 -0.00598650444887 3.1083
5ai5ai-5ai5ai -6.83250637303 -0.00598650444887 3.1080
5ai5ai-5ai5ai- -6.83386694222 -0.00571439061028 3.1097
5ai5ai5ai -7.1693833052 0.343679778133 3.5052
5ai5ai5ai- -7.16720639449 0.342591322778 3.5018
5ai5ai5ai-5ai -6.83114580384 -0.00680284596462 3.1074
5ai5ai5ai-5ai- -6.83250637303 -0.00625861828745 3.1091
5ai5ai5ai5ai -6.83223425919 -0.00598650444887 3.1089
5ai5ai5ai5ai- -6.83359482838 -0.00571439061028 3.1106
5al -8.7187995021 2.40113251167 5.7741
5al5al -7.44258559914 1.0190663255 4.0675
5al5al- -7.44258559914 1.01879421166 4.0673
5al5al-5al -6.753321246 0.409259213232 3.2944
5al5al-5al- -6.753321246 0.40953132707 3.2946
5al5al-5al-5al -6.35032065106 0.0723822810636 2.8765
5al5al-5al-5al- -6.35032065106 0.0723822810636 2.8765
5al5al-5al5al -6.35032065106 0.0723822810636 2.8764
5al5al-5al5al- -6.35004853722 0.0723822810636 2.8763
5al5al5al -6.75359335984 0.40953132707 3.2947
5al5al5al- -6.753321246 0.40953132707 3.2946
5al5al5al-5al -6.35032065106 0.0723822810636 2.8765
5al5al5al-5al- -6.35032065106 0.0723822810636 2.8765
5al5al5al5al -6.35059276489 0.0726543949022 2.8767
5al5al5al5al- -6.35032065106 0.0723822810636 2.8765
5da -10.0687562553 1.09716299717 4.9246
5da5da -9.03526789637 -0.556200686068 3.9789
5da5da- -9.03499578253 -0.556472799906 3.9786
5da5da-5da -8.57730030604 -1.26750626013 3.3107
5da5da-5da- -8.57757241987 -1.26723414629 3.3108
5da5da-5da-5da -8.35090159233 -1.68356831932 2.9477
5da5da-5da5da -8.35090159233 -1.68356831932 2.9476
5da5da-5da5da- -8.35062947849 -1.68384043316 2.9475
5da5da5da- -8.57757241987 -1.26723414629 3.3108
5da5da5da-5da -8.35090159233 -1.68356831932 2.9476
5da5da5da-5da- -8.35090159233 -1.68356831932 2.9477
5dd -10.6581548297 0.447627264472 4.7428
5dd5dd -7.71388309621 -1.65880596001 0.4164
5dd5dd- -7.71143407166 -1.66832994436 0.3869
5dd5dd-5dd -7.49646413918 -1.97581858197 0.1245
5dd5dd-5dd- -6.27630568696 -3.24958346038 -1.1968
5dd5dd-5dd-5dd -7.46517104774 -2.05990175809 0.1286
5dd5dd-5dd-5dd- -7.46544316158 -2.04847297687 0.1485
5dd5dd-5dd5dd -7.46707584461 -2.0930996464 0.0900
5dd5dd-5dd5dd- -7.18516590783 -2.45827641778 -1.0899
5dd5dd5dd -6.20936568267 -3.25502573715 -1.2765
5dd5dd5dd- -6.28120373606 -3.24822289119 -1.1882
5dd5dd5dd-5dd- -7.17400924045 -2.14262436502 -1.0413
5dd5dd5dd5dd -7.47224600754 -2.04330281393 0.2307
5dd5dd5dd5dd- -7.17917940339 -2.18425778232 -1.0514
5de -9.50058256035 0.960833964043 4.1375
5de5de -7.03550329661 -1.55186522145 -0.5005
5de5de- -7.03985711803 -1.55458635984 -0.5338
5de5de-5de -6.90080694651 -1.97119264671 -0.6033
5de5de-5de- -6.899990605 -1.96683882529 -0.5968
5de5de-5de-5de -6.89264353136 -2.26425925087 -0.6304
5de5de-5de-5de- -6.8950925559 -2.26344290935 -0.6277
5de5de-5de5de -6.8950925559 -2.26480347854 -0.6430
5de5de-5de5de- -6.89618101126 -2.26888518612 -0.6463
5de5de5de -6.8986300358 -1.96683882529 -0.5763
5de5de5de- -6.89536466974 -1.96819939448 -0.5868
5de5de5de-5de -6.89182718984 -2.2658919339 -0.6394
5de5de5de5de- -6.89345987287 -2.26507559238 -0.6285
5df -9.56725045081 1.08056405302 4.8558
5df5df -8.55036103602 -0.541778652623 3.3275
5df5df- -8.5495446945 -0.542050766461 3.3264
5df5df-5df -8.13021726924 -1.21063446786 2.8017
5df5df-5df- -8.13103361076 -1.21063446786 2.8023
5df5df-5df-5df -7.92749245949 -1.60492741997 2.5191
5df5df-5df-5df- -7.92803668717 -1.60492741997 2.5193
5df5df-5df5df -7.92749245949 -1.60492741997 2.5190
5df5df-5df5df- -7.92722034566 -1.60492741997 2.5187
5df5df5df -8.13130572459 -1.2109065817 2.8024
5df5df5df- -8.13076149692 -1.21063446786 2.8021
5df5df5df-5df -7.92749245949 -1.60492741997 2.5189
5df5df5df-5df- -7.92776457333 -1.60519953381 2.5189
5df5df5df5df -7.92830880101 -1.60519953381 2.5195
5df5df5df5df- -7.92776457333 -1.60519953381 2.5190
5dg -8.08531848587 1.0190663255 4.2808
5dg5dg -7.25700396122 -0.481641494295 0.6436
5dg5dg- -7.25809241658 -0.483002063488 0.6437
5dg5dg-5dg -7.01210150649 -0.809266555952 0.6062
5dg5dg-5dg- -7.01210150649 -0.809266555952 0.6115
5dg5dg-5dg-5dg -6.88828970994 -0.97498388365 0.5955
5dg5dg-5dg-5dg- -6.88828970994 -0.975255997488 0.5978
5dg5dg-5dg5dg -6.88856182378 -0.975528111327 0.5998
5dg5dg-5dg5dg- -6.88828970994 -0.975255997488 0.5948
5dg5dg5dg -7.01155727882 -0.808450214436 0.6093
5dg5dg5dg- -7.01182939266 -0.808178100597 0.6068
5dg5dg5dg-5dg -6.8880175961 -0.974439655973 0.5966
5dg5dg5dg-5dg- -6.88774548226 -0.97498388365 0.5958
5dg5dg5dg5dg -6.88856182378 -0.974711769811 0.6038
5dg5dg5dg5dg- -6.8880175961 -0.974711769811 0.5956
5dh -8.90029943244 1.13743584528 4.8402
5dh5dh -7.9225944104 -0.312386686695 2.9396
5dh5dh- -7.91660790595 -0.317828963467 2.9313
5dh5dh-5dh -7.47088543835 -0.943418678374 2.4934
5dh5dh-5dh- -7.4755113736 -0.94233022302 2.4999
5dh5dh-5dh-5dh -7.22979257736 -1.31022813279 2.2701
5dh5dh-5dh-5dh- -7.2265272113 -1.30995601895 2.2672
5dh5dh-5dh5dh -7.23060891888 -1.31186081582 2.2689
5dh5dh-5dh5dh- -7.22679932514 -1.31186081582 2.2652
5dh5dh5dh -7.46925275532 -0.941241767665 2.4930
5dh5dh5dh- -7.47306234906 -0.940697539988 2.4985
5dh5dh5dh-5dh -7.23033680504 -1.30913967743 2.2702
5dh5dh5dh-5dh- -7.22707143898 -1.30886756359 2.2671
5dh5dh5dh5dh -7.23196948807 -1.31022813279 2.2703
5dh5dh5dh5dh- -7.22788778049 -1.31022813279 2.2665
5di -9.74466867356 1.15811649702 4.8904
5di5di -8.28777118178 -0.479464583587 1.8053
5di5di- -8.32287386696 -0.484906860358 1.8610
5di5di-5di -7.87878408239 -1.13036088548 1.8143
5di5di-5di- -7.86844375652 -1.12600706406 1.7959
5di5di-5di-5di -7.62871146473 -1.5042452997 1.7591
5di5di-5di-5di- -7.63524219685 -1.50723855192 1.7622
5di5di-5di5di -7.63088837544 -1.50560586889 1.7736
5di5di-5di5di- -7.63660276605 -1.50914334879 1.7859
5di5di5di -7.87715139936 -1.12845608861 1.7679
5di5di5di- -7.86626684581 -1.12491860871 1.7668
5di5di5di-5di -7.6270787817 -1.50533375505 1.7562
5di5di5di-5di- -7.63333739998 -1.50859912111 1.7575
5di5di5di5di -7.63007203392 -1.50587798273 1.7572
5di5di5di5di- -7.63551431069 -1.50941546263 1.7605
5dl -9.35581799823 0.982875184969 4.5126
5dl5dl -8.32369020847 -0.380143032503 3.2422
5dl5dl- -8.32341809464 -0.380415146342 3.2411
5dl5dl-5dl -7.77021066079 -1.05634592139 2.8546
5dl5dl-5dl- -7.77075488847 -1.05634592139 2.8548
5dl5dl-5dl-5dl -7.46299413703 -1.45635326411 2.5064
5dl5dl-5dl-5dl- -7.46299413703 -1.45635326411 2.5065
5dl5dl-5dl5dl -7.46299413703 -1.45662537795 2.5062
5dl5dl-5dl5dl- -7.46272202319 -1.45662537795 2.5059
5dl5dl5dl -7.77075488847 -1.05580169371 2.8548
5dl5dl5dl- -7.77048277463 -1.05607380755 2.8547
5dl5dl5dl-5dl -7.46272202319 -1.45635326411 2.5062
5dl5dl5dl-5dl- -7.46272202319 -1.45635326411 2.5062
5dl5dl5dl5dl -7.46326625087 -1.45608115027 2.5067
5dl5dl5dl5dl- -7.46272202319 -1.45608115027 2.5064
5ea -8.93893959751 1.66751360285 4.2297
5ea5ea -8.07089645243 0.245446682404 3.9235
5ea5ea- -8.07062433859 0.245174568565 3.9235
5ea5ea-5ea -7.52503609223 -0.346400916519 3.2754
5ea5ea-5ea- -7.52530820607 -0.346400916519 3.2756
5ea5ea-5ea-5ea -7.2194522515 -0.676202888884 2.9104
5ea5ea-5ea-5ea- -7.21972436533 -0.675930775045 2.9104
5ea5ea-5ea5ea -7.2194522515 -0.676202888884 2.9103
5ea5ea-5ea5ea- -7.2194522515 -0.676202888884 2.9102
5ea5ea5ea -7.52530820607 -0.34612880268 3.2756
5ea5ea5ea- -7.52530820607 -0.346400916519 3.2755
5ea5ea5ea-5ea -7.2194522515 -0.676202888884 2.9103
5ea5ea5ea-5ea- -7.2194522515 -0.676202888884 2.9103
5ea5ea5ea5ea -7.21972436533 -0.675930775045 2.9105
5ea5ea5ea5ea- -7.2194522515 -0.675930775045 2.9104
5ed -9.50058256035 0.960833964043 4.1375
5ed5ed -7.03550329661 -1.55213733529 -0.5005
5ed5ed- -7.04012923187 -1.55458635984 -0.5337
5ed5ed-5ed -6.90080694651 -1.97119264671 -0.6032
5ed5ed-5ed- -6.89618101126 -1.96847150832 -0.5874
5ed5ed-5ed-5ed -6.89264353136 -2.2645313647 -0.6301
5ed5ed-5ed-5ed- -6.89318775903 -2.26425925087 -0.6243
5ed5ed-5ed5ed -6.89264353136 -2.26670827541 -0.6410
5ed5ed-5ed5ed- -6.89618101126 -2.26888518612 -0.6462
5ed5ed5ed -6.90026271884 -1.96629459761 -0.5795
5ed5ed5ed- -6.89944637732 -1.96656671145 -0.5966
5ed5ed5ed-5ed -6.89400410055 -2.26398713703 -0.6413
5ed5ed5ed-5ed- -6.89345987287 -2.26371502319 -0.6408
5ed5ed5ed5ed -6.89400410055 -2.26126599864 -0.6202
5ed5ed5ed5ed- -6.8964531251 -2.26371502319 -0.6297
5ee -8.90574170921 1.4647887931 4.1227
5ee5ee -7.30244697226 -1.16110974924 0.6663
5ee5ee- -7.33564486057 -1.16192609076 0.6641
5ee5ee-5ee -7.02679565378 -1.61608408736 0.5392
5ee5ee-5ee- -7.02135337701 -1.61553985968 0.5432
5ee5ee-5ee-5ee -6.78216531289 -1.95894752397 0.4234
5ee5ee-5ee-5ee- -6.78107685754 -1.9584032963 0.4267
5ee5ee-5ee5ee -6.78189319905 -1.95894752397 0.4230
5ee5ee-5ee5ee- -6.78461433744 -1.95949175165 0.4194
5ee5ee5ee -7.01999280781 -1.614995632 0.5469
5ee5ee5ee- -7.02080914933 -1.61553985968 0.5432
5ee5ee5ee-5ee -6.78162108521 -1.95894752397 0.4234
5ee5ee5ee-5ee- -6.78107685754 -1.95867541013 0.4244
5ee5ee5ee5ee -6.77808360531 -1.95758695478 0.4328
5ee5ee5ee5ee- -6.78107685754 -1.9584032963 0.4270
5ef -8.75499064263 1.65880596001 4.1849
5ef5ef -7.6722496789 0.243269771695 3.2241
5ef5ef- -7.67116122355 0.242997657856 3.2230
5ef5ef-5ef -7.11496053748 -0.316196280436 2.7011
5ef5ef-5ef- -7.11550476516 -0.315924166597 2.7020
5ef5ef-5ef-5ef -6.81318629049 -0.633753130064 2.4061
5ef5ef-5ef-5ef- -6.81373051817 -0.633753130064 2.4064
5ef5ef-5ef5ef -6.81318629049 -0.633753130064 2.4060
5ef5ef-5ef5ef- -6.81264206281 -0.633753130064 2.4056
5ef5ef5ef -7.11604899283 -0.315924166597 2.7022
5ef5ef5ef- -7.11550476516 -0.315924166597 2.7017
5ef5ef5ef-5ef -6.81318629049 -0.634025243903 2.4059
5ef5ef5ef-5ef- -6.81318629049 -0.634025243903 2.4059
5ef5ef5ef5ef -6.81427474584 -0.634025243903 2.4067
5ef5ef5ef5ef- -6.81345840433 -0.634025243903 2.4061
5eg -7.56803007872 1.56274977499 4.1260
5eg5eg -6.48773813954 0.0985052095677 0.2141
5eg5eg- -6.48855448106 0.0979609818906 0.1230
5eg5eg-5eg -6.17453511133 -0.10775708008 0.2369
5eg5eg-5eg- -6.17507933901 -0.107212852402 0.2668
5eg5eg-5eg-5eg -5.99085827029 -0.202724809746 0.2563
5eg5eg-5eg-5eg- -5.99113038412 -0.202724809746 0.2950
5eg5eg-5eg5eg -5.99113038412 -0.202180582069 0.2738
5eg5eg-5eg5eg- -5.99058615645 -0.202180582069 0.2448
5eg5eg5eg -6.17453511133 -0.109389763111 0.2973
5eg5eg5eg- -6.17399088365 -0.10966187695 0.2516
5eg5eg5eg-5eg -5.99031404261 -0.204357492777 0.2437
5eg5eg5eg-5eg- -5.99004192877 -0.204629606616 0.2623
5eg5eg5eg5eg -5.9916746118 -0.205445948132 0.2686
5eg5eg5eg5eg- -5.99058615645 -0.205445948132 0.2310
5eh -8.3231459808 1.69200384832 4.2205
5eh5eh -7.13890655528 0.390755472208 2.5781
5eh5eh- -7.13074314012 0.385313195436 2.5859
5eh5eh-5eh -6.5720934295 -0.153200091123 2.3395
5eh5eh-5eh- -6.57807993395 -0.15183952193 2.3450
5eh5eh-5eh-5eh -6.24963853078 -0.461232956401 2.1092
5eh5eh-5eh-5eh- -6.24582893704 -0.461232956401 2.1061
5eh5eh-5eh5eh -6.25018275846 -0.463681980949 2.1069
5eh5eh-5eh5eh- -6.2455568232 -0.463954094787 2.1030
5eh5eh5eh -6.57073286031 -0.150478952737 2.3398
5eh5eh5eh- -6.5756309094 -0.149662611222 2.3441
5eh5eh5eh-5eh -6.25018275846 -0.460144501047 2.1093
5eh5eh5eh-5eh- -6.24610105088 -0.460144501047 2.1060
5eh5eh5eh5eh -6.25154332765 -0.46150507024 2.1087
5eh5eh5eh5eh- -6.24691739239 -0.461777184079 2.1045
5ei -8.83852959108 1.71132393086 4.2301
5ei5ei -6.99305353779 0.206534403486 0.9869
5ei5ei- -7.0346869551 0.197282532974 1.0114
5ei5ei-5ei -6.73645018801 -0.345312461164 1.0032
5ei5ei-5ei- -6.72420506527 -0.339053842877 0.9960
5ei5ei-5ei-5ei -6.4719555369 -0.647630935832 0.9996
5ei5ei-5ei-5ei- -6.47821415519 -0.651712643411 1.0002
5ei5ei-5ei5ei -6.476853586 -0.650352074218 1.0013
5ei5ei-5ei5ei- -6.48175163509 -0.654978009474 1.0058
5ei5ei5ei -6.73128002507 -0.342591322778 0.9847
5ei5ei5ei- -6.71713010547 -0.336876932168 0.9849
5ei5ei5ei-5ei -6.47005074003 -0.648447277348 0.9929
5ei5ei5ei-5ei- -6.47603724448 -0.652528984927 0.9927
5ei5ei5ei5ei -6.47712569984 -0.649807846541 0.9928
5ei5ei5ei5ei- -6.48120740742 -0.654433781797 0.9930
5el -8.68369681692 1.49172806312 3.7088
5el5el -7.58000308762 0.273746521616 2.2140
5el5el- -7.57918674611 0.273202293939 2.2116
5el5el-5el -6.94624995756 -0.318101077306 2.1747
5el5el-5el- -6.9465220714 -0.317828963467 2.1756
5el5el-5el-5el -6.57998473082 -0.656610692505 2.1699
5el5el-5el-5el- -6.58025684466 -0.656610692505 2.1702
5el5el-5el5el -6.57998473082 -0.656882806344 2.1691
5el5el-5el5el- -6.57971261698 -0.656882806344 2.1688
5el5el5el -6.9465220714 -0.31728473579 2.1769
5el5el5el- -6.94624995756 -0.317556849629 2.1762
5el5el5el-5el -6.57998473082 -0.656610692505 2.1694
5el5el5el-5el- -6.57998473082 -0.656610692505 2.1695
5el5el5el5el -6.5805289585 -0.656338578667 2.1705
5el5el5el5el- -6.57998473082 -0.656338578667 2.1701
5fa -8.80995763803 2.44793609191 5.7954
5fa5fa -7.60150008087 1.03185567591 4.1728
5fa5fa- -7.60122796703 1.03185567591 4.1726
5fa5fa-5fa -6.93400483482 0.411164010102 3.4156
5fa5fa-5fa- -6.93427694866 0.411164010102 3.4157
5fa5fa-5fa-5fa -6.54760318403 0.0691169150006 3.0082
5fa5fa-5fa-5fa- -6.54760318403 0.0693890288392 3.0083
5fa5fa-5fa5fa -6.54760318403 0.0691169150006 3.0081
5fa5fa-5fa5fa- -6.54733107019 0.0691169150006 3.0080
5fa5fa5fa -6.93427694866 0.411164010102 3.4158
5fa5fa5fa- -6.93427694866 0.411164010102 3.4157
5fa5fa5fa-5fa -6.54760318403 0.0691169150006 3.0082
5fa5fa5fa-5fa- -6.54760318403 0.0691169150006 3.0082
5fa5fa5fa5fa -6.54760318403 0.0693890288392 3.0084
5fa5fa5fa5fa- -6.54760318403 0.0693890288392 3.0082
5fd -9.52670548886 0.942058109181 4.8249
5fd5fd -8.45811444473 -0.422320677484 3.5899
5fd5fd- -8.45757021706 -0.422592791322 3.5893
5fd5fd-5fd -7.92286652424 -1.11675519355 2.9319
5fd5fd-5fd- -7.92313863808 -1.11648307971 2.9324
5fd5fd-5fd-5fd -7.63306528615 -1.5303682282 2.5890
5fd5fd-5fd-5fd- -7.63306528615 -1.5303682282 2.5892
5fd5fd-5fd5fd -7.63279317231 -1.5303682282 2.5887
5fd5fd-5fd5fd- -7.63279317231 -1.53064034204 2.5884
5fd5fd5fd -7.92341075192 -1.11648307971 2.9327
5fd5fd5fd- -7.92341075192 -1.11648307971 2.9324
5fd5fd5fd-5fd -7.63306528615 -1.53064034204 2.5888
5fd5fd5fd-5fd- -7.63306528615 -1.53064034204 2.5889
5fd5fd5fd5fd -7.63360951382 -1.53009611436 2.5895
5fd5fd5fd5fd- -7.63333739998 -1.5303682282 2.5891
5fe -8.88261203293 1.50478952737 4.2239
5fe5fe -7.62000382189 0.306400182247 2.9978
5fe5fe- -7.61918748038 0.305855954569 2.9958
5fe5fe-5fe -6.97645459364 -0.287624327384 2.8324
5fe5fe-5fe- -6.97672670748 -0.287080099707 2.8329
5fe5fe-5fe-5fe -6.6115499361 -0.629399308647 2.4858
5fe5fe-5fe-5fe- -6.6115499361 -0.629127194808 2.4861
5fe5fe-5fe5fe -6.61127782226 -0.629399308647 2.4855
5fe5fe-5fe5fe- -6.61127782226 -0.629671422485 2.4852
5fe5fe5fe -6.97727093516 -0.287080099707 2.8334
5fe5fe5fe- -6.97699882132 -0.287352213546 2.8330
5fe5fe5fe-5fe -6.6115499361 -0.629399308647 2.4856
5fe5fe5fe-5fe- -6.6115499361 -0.629399308647 2.4857
5fe5fe5fe5fe -6.61209416377 -0.62885508097 2.4866
5fe5fe5fe5fe- -6.61182204994 -0.629399308647 2.4860
5ff -8.64641722104 2.62780333921 5.7309
5ff5ff -7.4578239741 1.08355730525 3.9831
5ff5ff- -7.45727974642 1.08355730525 3.9825
5ff5ff-5ff -6.81509108736 0.416606286874 3.1954
5ff5ff-5ff- -6.8153632012 0.416606286874 3.1957
5ff5ff-5ff-5ff -6.45834984497 0.0503410601382 2.7741
5ff5ff-5ff-5ff- -6.45862195881 0.0500689462996 2.7741
5ff5ff-5ff5ff -6.45834984497 0.0503410601382 2.7739
5ff5ff-5ff5ff- -6.45807773114 0.0503410601382 2.7737
5ff5ff5ff -6.81563531504 0.416334173035 3.1959
5ff5ff5ff- -6.8153632012 0.416606286874 3.1957
5ff5ff5ff-5ff -6.45834984497 0.0500689462996 2.7740
5ff5ff5ff-5ff- -6.45862195881 0.0500689462996 2.7739
5ff5ff5ff5ff -6.45889407265 0.0500689462996 2.7744
5ff5ff5ff5ff- -6.45862195881 0.0500689462996 2.7741
5fg -7.59034341349 2.2158229876 4.1204
5fg5fg -6.44828163295 0.824504930912 2.7882
5fg5fg- -6.44773740527 0.825321272428 2.7888
5fg5fg-5fg -6.04500892416 0.277284001518 2.3678
5fg5fg-5fg- -6.04555315184 0.276739773841 2.3676
5fg5fg-5fg-5fg -5.81997077965 0.00136056919292 2.1287
5fg5fg-5fg-5fg- -5.82024289349 0.00054422767717 2.1284
5fg5fg-5fg5fg -5.81997077965 0.00108845535434 2.1287
5fg5fg-5fg5fg- -5.81969866582 0.00136056919292 2.1288
5fg5fg5fg -6.04582526568 0.276195546164 2.3669
5fg5fg5fg- -6.045281038 0.277011887679 2.3675
5fg5fg5fg-5fg -5.81997077965 0.00108845535434 2.1285
5fg5fg5fg-5fg- -5.82024289349 0.000272113838585 2.1280
5fg5fg5fg5fg -5.82051500733 0.000816341515755 2.1284
5fg5fg5fg5fg- -5.81997077965 0.00108845535434 2.1282
5fh -8.25647809034 2.7031788725 5.4981
5fh5fh -7.00992459579 1.27376487842 3.7047
5fh5fh- -7.00557077437 1.27267642306 3.6998
5fh5fh-5fh -6.34814374035 0.667495246049 2.9848
5fh5fh-5fh- -6.3492321957 0.667767359887 2.9863
5fh5fh-5fh-5fh -5.96664013865 0.345040347326 2.5910
5fh5fh-5fh-5fh- -5.96636802481 0.345312461164 2.5909
5fh5fh-5fh5fh -5.96636802481 0.343951891971 2.5896
5fh5fh-5fh5fh- -5.96582379714 0.343679778133 2.5889
5fh5fh5fh -6.34950430954 0.669944270596 2.9880
5fh5fh5fh- -6.35004853722 0.669400042919 2.9882
5fh5fh5fh-5fh -5.96745648017 0.34612880268 2.5921
5fh5fh5fh-5fh- -5.96718436633 0.346400916519 2.5920
5fh5fh5fh5fh -5.96745648017 0.345856688841 2.5921
5fh5fh5fh5fh- -5.96691225249 0.345584575003 2.5912
5fi -8.66247193751 2.48902528154 5.7028
5fi5fi -7.34544095876 1.0084538858 3.8261
5fi5fi- -7.34353616189 1.00763754428 3.8214
5fi5fi-5fi -6.6425709137 0.362183519157 3.0403
5fi5fi-5fi- -6.6425709137 0.363544088349 3.0429
5fi5fi-5fi-5fi -6.24310779865 0.0054422767717 2.6303
5fi5fi-5fi-5fi- -6.24337991249 0.00489804909453 2.6298
5fi5fi-5fi5fi -6.24229145714 0.00707495980321 2.6305
5fi5fi-5fi5fi- -6.24256357098 0.00571439061028 2.6292
5fi5fi5fi -6.64338725521 0.359734494609 3.0388
5fi5fi5fi- -6.64311514137 0.360278722286 3.0400
5fi5fi5fi-5fi -6.24174722946 0.00326536606302 2.6263
5fi5fi5fi-5fi- -6.24229145714 0.00244902454726 2.6256
5fi5fi5fi5fi -6.24147511562 0.00571439061028 2.6280
5fi5fi5fi5fi- -6.24174722946 0.00408170757877 2.6265
5fl -8.52124485529 2.66807618733 5.6767
5fl5fl -7.19468989219 1.33825585816 4.0559
5fl5fl- -7.19441777835 1.33798374432 4.0553
5fl5fl-5fl -6.45317968204 0.783143627447 3.2633
5fl5fl-5fl- -6.45317968204 0.783143627447 3.2637
5fl5fl-5fl-5fl -6.02650518314 0.489804909453 2.8410
5fl5fl-5fl-5fl- -6.02650518314 0.489804909453 2.8412
5fl5fl-5fl5fl -6.0262330693 0.489804909453 2.8409
5fl5fl-5fl5fl- -6.0262330693 0.489532795614 2.8406
5fl5fl5fl -6.45345179588 0.783415741286 3.2639
5fl5fl5fl- -6.45317968204 0.783415741286 3.2637
5fl5fl5fl-5fl -6.0262330693 0.489804909453 2.8409
5fl5fl5fl-5fl- -6.0262330693 0.489804909453 2.8409
5fl5fl5fl5fl -6.02677729698 0.490077023291 2.8414
5fl5fl5fl5fl- -6.02650518314 0.489804909453 2.8411
5ga -7.47142966603 2.28439567492 4.3967
5ga5ga -6.90733767864 0.89035647985 3.6526
5ga5ga- -6.90733767864 0.89035647985 3.6529
5ga5ga-5ga -6.5388955412 0.294971401026 3.1627
5ga5ga-5ga- -6.5388955412 0.294971401026 3.1626
5ga5ga-5ga-5ga -6.29616999718 -0.0307488637601 2.8848
5ga5ga-5ga-5ga- -6.29616999718 -0.0307488637601 2.8848
5ga5ga-5ga5ga -6.29616999718 -0.0307488637601 2.8849
5ga5ga-5ga5ga- -6.29589788334 -0.0307488637601 2.8850
5ga5ga5ga -6.5388955412 0.294971401026 3.1624
5ga5ga5ga- -6.5388955412 0.294971401026 3.1625
5ga5ga5ga-5ga -6.29616999718 -0.0307488637601 2.8849
5ga5ga5ga-5ga- -6.29616999718 -0.0307488637601 2.8849
5ga5ga5ga5ga- -6.29589788334 -0.0307488637601 2.8848
5gd -8.0572907605 0.93062932796 4.1647
5gd5gd -7.3182295749 -0.490893364807 1.7913
5gd5gd- -7.3195901441 -0.492526047839 1.7889
5gd5gd-5gd -6.90679345096 -1.04954307542 1.7775
5gd5gd-5gd- -6.90624922329 -1.04791039239 1.7788
5gd5gd-5gd-5gd -6.65291123956 -1.37744025092 1.7870
5gd5gd-5gd-5gd- -6.65291123956 -1.37689602324 1.7892
5gd5gd-5gd5gd -6.65291123956 -1.37689602324 1.7886
5gd5gd-5gd5gd- -6.6531833534 -1.37852870627 1.7869
5gd5gd5gd -6.90652133712 -1.04791039239 1.7800
5gd5gd5gd- -6.90652133712 -1.04899884774 1.7777
5gd5gd5gd-5gd -6.6531833534 -1.37825659243 1.7871
5gd5gd5gd-5gd- -6.6531833534 -1.37771236476 1.7870
5gd5gd5gd5gd -6.6531833534 -1.37607968172 1.7916
5gd5gd5gd5gd- -6.65345546724 -1.37771236476 1.7876
5ge -7.53782544264 1.46995895604 4.0705
5ge5ge -6.65427180876 0.0636746382289 0.9850
5ge5ge- -6.6567208333 0.0617698413588 0.9794
5ge5ge-5ge -6.12310559584 -0.459056045693 0.9180
5ge5ge-5ge- -6.12256136816 -0.457423362661 0.9216
5ge5ge-5ge-5ge -5.77969793154 -0.773619643097 0.9248
5ge5ge-5ge-5ge- -5.77997004538 -0.773347529258 0.9259
5ge5ge-5ge5ge -5.77915370387 -0.773891756935 0.9250
5ge5ge-5ge5ge- -5.77915370387 -0.775252326128 0.9228
5ge5ge5ge -6.12392193735 -0.457151248823 0.9224
5ge5ge5ge- -6.12337770968 -0.458239704177 0.9191
5ge5ge5ge-5ge -5.78024215922 -0.774708098451 0.9225
5ge5ge5ge-5ge- -5.77997004538 -0.773891756935 0.9240
5ge5ge5ge5ge -5.78160272841 -0.772803301581 0.9263
5ge5ge5ge5ge- -5.78105850074 -0.773891756935 0.9244
5gf -7.3217670548 2.34970299618 4.6960
5gf5gf -6.94624995756 0.691713377683 2.9968
5gf5gf- -6.94488938836 0.69225760536 2.9956
5gf5gf-5gf -6.43766919324 0.0 2.4281
5gf5gf-5gf- -6.43821342092 -0.000272113838585 2.4282
5gf5gf-5gf-5gf -6.12582673422 -0.387490106145 2.0923
5gf5gf-5gf-5gf- -6.12664307574 -0.388306447661 2.0923
5gf5gf-5gf5gf -6.12555462038 -0.387762219983 2.0921
5gf5gf-5gf5gf- -6.12501039271 -0.387490106145 2.0919
5gf5gf5gf -6.43957399011 -0.00136056919292 2.4280
5gf5gf5gf- -6.43902976243 -0.00054422767717 2.4283
5gf5gf5gf-5gf -6.12582673422 -0.387490106145 2.0921
5gf5gf5gf-5gf- -6.1263709619 -0.388306447661 2.0918
5gf5gf5gf5gf -6.12745941726 -0.388034333822 2.0925
5gf5gf5gf5gf- -6.12664307574 -0.388034333822 2.0921
5gg -7.17917940339 2.06588826254 3.8110
5gg5gg -6.19331096619 0.16735001073 1.2595
5gg5gg- -6.19113405548 0.1692548076 1.2619
5gg5gg-5gg -5.73942508343 -0.421232222129 0.9830
5gg5gg-5gg- -5.74214622182 -0.422320677484 0.9824
5gg5gg-5gg-5gg -5.47710734304 -0.685454759395 0.9627
5gg5gg-5gg-5gg- -5.48064482294 -0.687631670104 0.9625
5gg5gg-5gg5gg -5.47819579839 -0.68654321475 0.9635
5gg5gg-5gg5gg- -5.47493043233 -0.685182645557 0.9637
5gg5gg5gg -5.74377890485 -0.424497588192 0.9812
5gg5gg5gg- -5.74078565263 -0.421232222129 0.9840
5gg5gg5gg-5gg -5.47601888768 -0.68463841788 0.9653
5gg5gg5gg-5gg- -5.47955636758 -0.687903783943 0.9629
5gg5gg5gg5gg -5.48091693678 -0.685454759395 0.9675
5gg5gg5gg5gg- -5.47765157071 -0.685182645557 0.9653
5gh -7.34408038957 2.36494137114 4.4745
5gh5gh -6.66134676856 0.638923292997 2.3407
5gh5gh- -6.65563237795 0.639739634513 2.3395
5gh5gh-5gh -6.11194892846 -0.0408170757877 1.8899
5gh5gh-5gh- -6.11467006684 -0.0421776449807 1.8898
5gh5gh-5gh-5gh -5.77697679316 -0.416334173035 1.6010
5gh5gh-5gh-5gh- -5.77507199629 -0.413613034649 1.6023
5gh5gh-5gh5gh -5.77752102083 -0.419055311421 1.5993
5gh5gh-5gh5gh- -5.77507199629 -0.417966856066 1.5992
5gh5gh5gh -6.11222104229 -0.0348305713389 1.8962
5gh5gh5gh- -6.11467006684 -0.0378238235633 1.8938
5gh5gh5gh-5gh -5.77752102083 -0.41334092081 1.6045
5gh5gh5gh-5gh- -5.77534411013 -0.410891896263 1.6055
5gh5gh5gh5gh -5.77888159003 -0.414429376165 1.6053
5gh5gh5gh5gh- -5.77643256548 -0.41334092081 1.6050
5gi -7.39523779122 2.2849399026 4.6733
5gi5gi -6.80774401372 0.460960842563 2.2421
5gi5gi- -6.78379799592 0.4576954765 2.2032
5gi5gi-5gi -6.261067312 -0.221500664608 1.7893
5gi5gi-5gi- -6.27222397938 -0.218779526222 1.8111
5gi5gi-5gi-5gi -5.94732005611 -0.596473534178 1.5496
5gi5gi-5gi-5gi- -5.94024509631 -0.595385078824 1.5402
5gi5gi-5gi5gi -5.9451431454 -0.594568737308 1.5475
5gi5gi-5gi5gi- -5.93888452712 -0.59620142034 1.5372
5gi5gi5gi -6.25780194594 -0.223949689155 1.7733
5gi5gi5gi- -6.27031918251 -0.224221802994 1.7925
5gi5gi5gi-5gi -5.9416056655 -0.599738900241 1.5318
5gi5gi5gi-5gi- -5.93425859186 -0.598922558725 1.5228
5gi5gi5gi5gi -5.93970086863 -0.595385078824 1.5327
5gi5gi5gi5gi- -5.93344225034 -0.597289875694 1.5230
5gl -6.97019597535 2.48222243557 3.6304
5gl5gl -6.39059349917 1.11267348597 2.9844
5gl5gl- -6.39086561301 1.1121292583 2.9848
5gl5gl-5gl -5.90024436204 0.602732152466 2.5595
5gl5gl-5gl- -5.8999722482 0.603276380143 2.5596
5gl5gl-5gl-5gl -5.56880970664 0.343407664294 2.2795
5gl5gl-5gl-5gl- -5.56880970664 0.343679778133 2.2795
5gl5gl-5gl5gl -5.5685375928 0.343407664294 2.2791
5gl5gl-5gl5gl- -5.56880970664 0.342863436617 2.2790
5gl5gl5gl -5.90024436204 0.603548493981 2.5602
5gl5gl5gl- -5.90024436204 0.603276380143 2.5601
5gl5gl5gl-5gl -5.5685375928 0.343679778133 2.2794
5gl5gl5gl-5gl- -5.5685375928 0.343679778133 2.2793
5gl5gl5gl5gl -5.5685375928 0.34422400581 2.2798
5gl5gl5gl5gl- -5.56880970664 0.343679778133 2.2796
5ha -8.2265455681 2.59161219868 5.4742
5ha5ha -7.34027079583 1.16056552156 4.0539
5ha5ha- -7.33999868199 1.1621982046 4.0563
5ha5ha-5ha -6.80148539543 0.532798895949 3.3883
5ha5ha-5ha- -6.80230173695 0.531438326756 3.3872
5ha5ha-5ha-5ha -6.48528911499 0.183948954883 3.0187
5ha5ha-5ha-5ha- -6.48474488732 0.184765296399 3.0192
5ha5ha-5ha5ha -6.48556122883 0.183676841045 3.0194
5ha5ha-5ha5ha- -6.48501700116 0.184493182561 3.0200
5ha5ha5ha -6.80094116775 0.533343123626 3.3879
5ha5ha5ha- -6.80175750927 0.531982554434 3.3869
5ha5ha5ha-5ha -6.48447277348 0.184493182561 3.0191
5ha5ha5ha-5ha- -6.4839285458 0.185581637915 3.0197
5ha5ha5ha5ha -6.48474488732 0.184493182561 3.0198
5ha5ha5ha5ha- -6.48420065964 0.185309524076 3.0204
5hd -8.90029943244 1.13743584528 4.8401
5hd5hd -7.91143774302 -0.321638557207 2.9244
5hd5hd- -7.91633579211 -0.318101077306 2.9309
5hd5hd-5hd -7.47061332451 -0.943418678374 2.4928
5hd5hd-5hd- -7.47061332451 -0.943418678374 2.4912
5hd5hd-5hd-5hd -7.22598298362 -1.3110444743 2.2631
5hd5hd-5hd-5hd- -7.22543875595 -1.31131658814 2.2637
5hd5hd-5hd5hd -7.22734355282 -1.31077236046 2.2647
5hd5hd-5hd5hd- -7.22679932514 -1.31186081582 2.2649
5hd5hd5hd -7.46734795845 -0.94233022302 2.4903
5hd5hd5hd- -7.46707584461 -0.943146564535 2.4878
5hd5hd5hd-5hd -7.22326184524 -1.3110444743 2.2614
5hd5hd5hd-5hd- -7.22244550372 -1.31131658814 2.2619
5hd5hd5hd5hd -7.22516664211 -1.31022813279 2.2644
5hd5hd5hd5hd- -7.22435030059 -1.3110444743 2.2643
5he -8.32341809464 1.69200384832 4.2205
5he5he -7.12394029415 0.382047829373 2.6009
5he5he- -7.13019891244 0.385041081598 2.5872
5he5he-5he -6.57182131566 -0.153472204962 2.3393
5he5he-5he- -6.57073286031 -0.153472204962 2.3395
5he5he-5he-5he -6.24337991249 -0.463137753272 2.1001
5he5he-5he-5he- -6.24365202633 -0.463137753272 2.1008
5he5he-5he5he -6.24528470936 -0.462865639433 2.1024
5he5he-5he5he- -6.24528470936 -0.463681980949 2.1026
5he5he5he -6.56801172192 -0.151567408092 2.3360
5he5he5he- -6.56692326657 -0.152927977285 2.3355
5he5he5he-5he -6.24038666027 -0.463137753272 2.0985
5he5he5he-5he- -6.24038666027 -0.463137753272 2.0990
5he5he5he5he -6.24310779865 -0.461777184079 2.1024
5he5he5he5he- -6.24283568482 -0.462593525594 2.1023
5hf -8.07552238768 2.75052668042 5.4381
5hf5hf- -7.27496347457 1.01035868267 3.6011
5hf5hf-5hf -6.684204331 0.271841724746 2.8826
5hf5hf-5hf5hf- -6.35440235863 -0.138778057678 2.4885
5hg -7.29727680933 2.36140389124 4.2856
5hh -7.85755920298 2.79488123611 5.3140
5hi -8.1038222269 2.65610317843 5.4451
5hi5hi -7.01400630336 1.01471250408 3.3033
5hi5hi- -7.00176118063 1.00790965812 3.2614
5hi5hi-5hi -6.35549081399 0.346400916519 2.6142
5hi5hi-5hi- -6.36202154612 0.34993839642 2.6295
5hi5hi-5hi-5hi -5.98541599351 -0.0114287812206 2.2620
5hi5hi-5hi-5hi- -5.98160639977 -0.0114287812206 2.2561
5hi5hi-5hi5hi -5.98623233503 -0.0119730088977 2.2592
5hi5hi-5hi5hi- -5.98187851361 -0.0136056919292 2.2522
5hi5hi5hi -6.35249756176 0.346400916519 2.6086
5hi5hi5hi- -6.35821195238 0.347761485712 2.6222
5hi5hi5hi-5hi -5.97942948906 -0.014422033445 2.2488
5hi5hi5hi-5hi- -5.97561989532 -0.0146941472836 2.2428
5hi5hi5hi5hi -5.9810621721 -0.0130614642521 2.2484
5hi5hi5hi5hi- -5.97670835068 -0.0149662611222 2.2414
5hl -7.97756140579 2.75869009557 5.3613
5hl5hl -6.83413905606 1.35920862373 3.5975
5hl5hl- -6.83876499132 1.35866439605 3.6003
5hl5hl-5hl -6.20882145499 0.787497448865 2.9543
5hl5hl-5hl- -6.20773299964 0.787497448865 2.9535
5hl5hl-5hl-5hl -5.82677362562 0.486267429551 2.5786
5hl5hl-5hl-5hl- -5.82704573946 0.487083771067 2.5795
5hl5hl-5hl5hl -5.82650151178 0.485723201874 2.5783
5hl5hl-5hl5hl- -5.82650151178 0.485995315713 2.5785
5hl5hl5hl -6.20990991035 0.788858018058 2.9563
5hl5hl5hl- -6.20854934115 0.788041676542 2.9542
5hl5hl5hl-5hl -5.8259572841 0.48653954339 2.5781
5hl5hl5hl-5hl- -5.8259572841 0.487355884906 2.5788
5hl5hl5hl5hl -5.8259572841 0.487083771067 2.5790
5hl5hl5hl5hl- -5.8259572841 0.487355884906 2.5791
5ia -9.0333630995 2.45746007626 5.9667
5ia5ia -7.77864618979 0.979881932744 4.2388
5ia5ia- -7.77646927908 0.978249249713 4.2327
5ia5ia-5ia -7.17019964671 0.343679778133 3.5058
5ia5ia-5ia- -7.17210444358 0.343679778133 3.5087
5ia5ia-5ia-5ia -6.83549962525 -0.00517016293311 3.1132
5ia5ia-5ia-5ia- -6.83413905606 -0.00489804909453 3.1117
5ia5ia-5ia5ia -6.83549962525 -0.00598650444887 3.1117
5ia5ia-5ia5ia- -6.83413905606 -0.00571439061028 3.1103
5ia5ia5ia -7.16992753287 0.344496119648 3.5061
5ia5ia5ia- -7.17156021591 0.344496119648 3.5091
5ia5ia5ia-5ia -6.83522751141 -0.00462593525594 3.1123
5ia5ia5ia-5ia- -6.83359482838 -0.00435382141736 3.1109
5ia5ia5ia5ia -6.83522751141 -0.0054422767717 3.1110
5ia5ia5ia5ia- -6.83359482838 -0.00517016293311 3.1095
5id -9.74466867356 1.15838861086 4.8904
5id5id -8.36096980436 -0.489532795614 1.9497
5id5id- -8.32586711918 -0.485178974197 1.8676
5id5id-5id -7.88041676542 -1.131177227 1.8206
5id5id-5id- -7.88994074977 -1.13689161761 1.8622
5id5id-5id-5id -7.6447661812 -1.5162183086 1.8126
5id5id-5id-5id- -7.64041235979 -1.51050391798 1.7573
5id5id-5id5id -7.64204504282 -1.51540196708 1.8082
5id5id-5id5id- -7.6376912214 -1.51050391798 1.7918
5id5id5id -7.88204944845 -1.12927243013 1.7636
5id5id5id- -7.89211766048 -1.13580316225 1.8295
5id5id5id-5id -7.64639886424 -1.51512985324 1.8011
5id5id5id-5id- -7.64204504282 -1.50968757647 1.7516
5id5id5id5id -7.64422195353 -1.51322505637 1.7672
5id5id5id5id- -7.64014024595 -1.50859912111 1.7611
5ie -8.83852959108 1.7115960447 4.2301
5ie5ie -7.09645679646 0.188847003978 1.0672
5ie5ie- -7.03904077651 0.196466191458 1.0152
5ie5ie-5ie -6.73917132639 -0.346945144196 1.0068
5ie5ie-5ie- -6.76012409196 -0.355380673192 1.0243
5ie5ie-5ie-5ie -6.49508521318 -0.665046221502 1.0154
5ie5ie-5ie-5ie- -6.48637757035 -0.656882806344 0.9836
5ie5ie-5ie5ie -6.49181984712 -0.664229879986 1.0188
5ie5ie-5ie5ie- -6.48338431812 -0.656882806344 1.0092
5ie5ie5ie -6.73563384649 -0.343951891971 0.9751
5ie5ie5ie- -6.7568587259 -0.354020103999 1.0100
5ie5ie5ie-5ie -6.49399675783 -0.663957766147 1.0071
5ie5ie5ie-5ie- -6.48501700116 -0.655522237151 0.9743
5ie5ie5ie5ie -6.4923640748 -0.6615087416 0.9952
5ie5ie5ie5ie- -6.48365643196 -0.654433781797 0.9926
5if -8.68369681692 2.54480861845 5.7178
5if5if -7.45319803884 0.89035647985 3.6842
5if5if- -7.46190568168 0.89226127672 3.6999
5if5if-5if -6.85182645557 0.201364240553 2.9729
5if5if-5if- -6.84774474799 0.200275785198 2.9665
5if5if-5if-5if -6.51168415734 -0.181499930336 2.5741
5if5if-5if5if -6.51358895421 -0.181772044175 2.5768
5if5if-5if5if- -6.51631009259 -0.180955702659 2.5800
5if5if5if- -6.84556783728 0.201636354391 2.9655
5if5if5if-5if -6.51168415734 -0.179323019627 2.5764
5ig -7.3957820189 2.28766104098 4.4867
5ig5ig -6.7723692147 0.426130271224 2.3521
5ig5ig- -6.76692693793 0.449804175181 2.4211
5ig5ig-5ig -6.27358454858 -0.2038132651 1.9568
5ig5ig-5ig- -6.26787015796 -0.217418957029 1.9341
5ig5ig-5ig-5ig -5.97153818775 -0.564908328902 1.6595
5ig5ig-5ig5ig -5.96936127704 -0.556472799906 1.6702
5ig5ig-5ig5ig- -5.97643623684 -0.54994206778 1.6826
5ig5ig5ig- -6.27521723161 -0.220956436931 1.9319
5ig5ig5ig-5ig -5.97834103371 -0.561915076678 1.6708
5ih -8.10355011306 2.65610317843 5.4451
5ih5ih -6.98652280567 1.0035558367 3.2207
5ih5ih- -7.00040061144 1.00736543044 3.2575
5ih5ih-5ih -6.3541302448 0.345856688841 2.6113
5ih5ih-5ih- -6.34705528499 0.345040347326 2.5981
5ih5ih-5ih-5ih -5.97507566765 -0.0136056919292 2.2404
5ih5ih-5ih-5ih- -5.97997371674 -0.0125172365749 2.2471
5ih5ih-5ih5ih -5.976164123 -0.014422033445 2.2440
5ih5ih-5ih5ih- -5.98051794442 -0.0141499196064 2.2496
5ih5ih5ih -6.35603504167 0.348849941066 2.6162
5ih5ih5ih- -6.34841585419 0.346673030357 2.6013
5ih5ih5ih-5ih -5.97915737523 -0.0106124397048 2.2504
5ih5ih5ih-5ih- -5.98378331048 -0.00952398435047 2.2570
5ih5ih5ih5ih -5.9810621721 -0.00952398435047 2.2564
5ih5ih5ih5ih- -5.98514387968 -0.00925187051189 2.2619
5ii -8.89594561102 2.49528389982 5.8196
5il -8.53811591328 2.50834536408 5.6245
5il5il -7.27224233618 1.05879494593 3.7678
5il5il- -7.27360290537 1.06015551513 3.7670
5il5il-5il -6.56012042061 0.447355150634 3.0302
5il5il-5il- -6.55903196525 0.447355150634 3.0288
5il5il-5il-5il -6.15004486586 0.112655129174 2.6261
5il5il-5il-5il- -6.15140543505 0.112655129174 2.6275
5il5il-5il5il -6.1489564105 0.114015698367 2.6267
5il5il-5il5il- -6.14977275202 0.113743584528 2.6274
5il5il5il -6.56311367283 0.445994581441 3.0317
5il5il5il- -6.5614809898 0.445450353764 3.0291
5il5il5il-5il -6.1538544596 0.111294559981 2.6286
5il5il5il-5il- -6.15521502879 0.111294559981 2.6298
5il5il5il5il -6.15303811808 0.113743584528 2.6305
5il5il5il5il- -6.15412657344 0.113199356851 2.6311
5la -8.83580845269 2.5543326028 5.8760
5la5la -6.09725478117 0.416334173035 0.6360
5la5la- -6.13643917393 0.405177505653 0.6127
5la5la-5la -6.19086194165 -0.463681980949 0.4889
5la5la-5la- -6.15276600424 -0.457151248823 0.4901
5la5la-5la-5la -6.30841511991 -0.947228272114 0.3684
5la5la-5la-5la- -6.27603357312 -0.943146564535 0.3672
5la5la-5la5la- -6.32202081184 -0.952670548886 0.2303
5la5la5la -6.14732372747 -0.448987833665 0.5411
5la5la5la- -6.18297064033 -0.45579067963 0.5049
5la5la5la-5la -6.31576219356 -0.945867702921 0.2373
5la5la5la5la -6.2681422718 -0.936887946248 0.3522
5la5la5la5la- -6.30188438779 -0.940153312311 0.3541
5ld -9.50520849561 1.14369446357 4.8520
5le -8.68124779237 1.71023547551 4.1813
5lf -8.53457843338 2.7031788725 5.7126
5lg -7.28748071114 2.36739039569 4.4198
5lg5lg -6.32283715336 1.47295220826 2.9042
5lg5lg- -6.33671495913 1.47485700513 2.9849
5lg5lg-5lg- -6.1192960021 1.25798227578 2.7910
5lg5lg-5lg-5lg -6.01045046666 1.17389909966 2.7895
5lg5lg-5lg-5lg- -6.00881778363 1.16981739208 2.7885
5lg5lg5lg -6.11521429452 1.25825438962 2.8011
5lg5lg5lg5lg -6.00609664525 1.17117796127 2.7958
5lg5lg5lg5lg- -6.00881778363 1.17417121349 2.7971
5lh -8.00041896823 2.84059636099 5.4676
5lh5lh -5.96337477259 -0.0631304105517 0.1836
5lh5lh- -5.77071817487 -0.139866513033 0.2997
5lh5lh-5lh -5.61887865294 -0.524635480792 0.1942
5lh5lh-5lh- -5.81779386895 -0.494430844709 0.1701
5lh5lh-5lh-5lh -5.47384197697 -0.683549962525 0.2371
5lh5lh-5lh5lh -5.70241760139 -0.705863297289 0.1279
5lh5lh-5lh5lh- -5.50214181619 -0.722190127604 0.0297
5lh5lh5lh- -5.58187117089 -0.440008076992 0.1209
5lh5lh5lh-5lh -5.46948815556 -0.64028386219 0.1074
5li -8.63553266749 2.62100049325 5.7567
5li5li -5.64146410154 0.487355884906 0.6447
5li5li- -5.60091913959 0.352387420967 0.4611
5li5li-5li -5.48635921355 0.155104887993 0.4299
5li5li-5li- -5.53343490762 0.161635620119 0.4753
5li5li-5li-5li -5.45370555292 0.0731986225793 0.4509
5li5li-5li-5li- -5.45669880514 0.0277556115357 0.2387
5li5li-5li5li -5.43982774715 0.046531466398 0.4416
5li5li-5li5li- -5.3957453053 0.0574160199414 0.4215
5li5li5li -5.54377523349 0.00435382141736 0.2351
5li5li5li- -5.54295889197 0.17115960447 0.4500
5li5li5li-5li -5.42948742128 0.0402728481106 0.4285
5li5li5li-5li- -5.44091620251 0.00272113838585 0.2370
5li5li5li5li -5.414793274 -0.103131144824 0.0283
5li5li5li5li- -5.3717992875 -0.100682120276 0.1183
5ll -8.43117517471 2.68249822077 5.6604
5ll5ll -4.30647360944 -0.495247186225 -0.7670
5ll5ll- -4.28524873004 -0.509941333508 -0.7798
5ll5ll-5ll -4.36089637716 -0.757020698943 0.1352
5ll5ll-5ll- -4.40225768063 -0.714843053963 0.2266
5ll5ll-5ll-5ll -4.12551790679 -0.881376723177 0.2404
5ll5ll-5ll-5ll- -4.45450353764 -1.04736616471 -0.7179
5ll5ll-5ll5ll -4.39164524092 -1.16110974924 -0.7513
5ll5ll-5ll5ll- -4.34266474998 -1.20165471119 -0.7513
5ll5ll5ll -4.41259800649 -0.668311587565 0.2685
5ll5ll5ll- -4.29504482822 -0.761646634199 0.0971
5ll5ll5ll-5ll -4.0106858669 -0.961106077882 0.1963
5ll5ll5ll-5ll- -4.05476830875 -0.928996644929 0.2334
5ll5ll5ll5ll -4.153817746 -0.810082897467 0.2200
5ll5ll5ll5ll- -4.05286351188 -0.903417944102 0.1888
6ag -8.04994368686 1.63485994222 4.4029
6dg -8.58600794887 0.443545556893 4.3705
6eg -7.80612968749 0.980970388099 4.2216
6fg -7.55877820821 1.51594619476 3.9489
6ga -8.1264076755 1.77118897535 4.4877
6ga6ga -7.30544022449 0.393204496755 3.2057
6ga6ga- -7.30544022449 0.392932382917 3.1990
6ga6ga-6ga -7.09727313797 -0.136056919292 2.8422
6ga6ga-6ga- -7.09727313797 -0.136056919292 2.8437
6ga6ga-6ga-6ga -7.01210150649 -0.415517831519 2.7498
6ga6ga-6ga-6ga- -7.01210150649 -0.415517831519 2.7530
6ga6ga-6ga6ga -7.01182939266 -0.415517831519 2.7532
6ga6ga-6ga6ga- -7.01182939266 -0.415517831519 2.7474
6ga6ga6ga -7.09727313797 -0.135784805454 2.8444
6ga6ga6ga- -7.09727313797 -0.136056919292 2.8383
6ga6ga6ga-6ga -7.01182939266 -0.415517831519 2.7508
6ga6ga6ga-6ga- -7.01182939266 -0.415517831519 2.7516
6ga6ga6ga6ga- -7.01182939266 -0.415245717681 2.7465
6gd -8.71417356684 0.588038005182 4.4913
6gd6gd -8.13783645672 -0.598650444887 3.2205
6gd6gd- -8.13810857056 -0.598378331048 3.2124
6gd6gd-6gd -7.97538449509 -1.08981592353 2.8070
6gd6gd-6gd- -7.97538449509 -1.08981592353 2.8068
6gd6gd-6gd-6gd -7.85647074762 -1.41744098519 2.7580
6gd6gd-6gd-6gd- -7.85647074762 -1.41744098519 2.7579
6gd6gd-6gd6gd -7.85647074762 -1.41744098519 2.7583
6gd6gd-6gd6gd- -7.85674286146 -1.41716887135 2.7574
6gd6gd6gd -7.97511238125 -1.08981592353 2.8069
6gd6gd6gd- -7.97511238125 -1.08981592353 2.8059
6gd6gd6gd-6gd -7.85647074762 -1.41744098519 2.7584
6gd6gd6gd-6gd- -7.85647074762 -1.41744098519 2.7580
6gd6gd6gd6gd -7.85619863378 -1.41744098519 2.7581
6gd6gd6gd6gd- -7.85619863378 -1.41716887135 2.7570
6ge -7.89674359573 1.1001562494 4.2608
6ge6ge -7.19305720915 0.104763827855 3.1751
6ge6ge- -7.19332932299 0.105035941694 3.1643
6ge6ge-6ge -6.95795085262 -0.328169289333 2.8269
6ge6ge-6ge- -6.95795085262 -0.327897175495 2.8276
6ge6ge-6ge-6ge -6.81862856726 -0.611711909139 2.7372
6ge6ge-6ge-6ge- -6.81862856726 -0.611711909139 2.7384
6ge6ge-6ge6ge -6.81862856726 -0.611711909139 2.7386
6ge6ge-6ge6ge- -6.81862856726 -0.611711909139 2.7355
6ge6ge6ge -6.95767873878 -0.328169289333 2.8281
6ge6ge6ge- -6.95795085262 -0.327897175495 2.8240
6ge6ge6ge-6ge -6.81862856726 -0.611711909139 2.7375
6ge6ge6ge-6ge- -6.81862856726 -0.611711909139 2.7377
6ge6ge6ge6ge -6.81835645342 -0.611711909139 2.7392
6ge6ge6ge6ge- -6.81835645342 -0.611711909139 2.7351
6gf -7.60993560987 1.62125425029 4.0299
6gf6gf -6.81944490878 0.0628582967131 2.7317
6gf6gf- -6.82026125029 0.0625861828745 2.7304
6gf6gf-6gf -6.54460993181 -0.633208902387 2.3001
6gf6gf-6gf- -6.54379359029 -0.63266467471 2.3002
6gf6gf-6gf-6gf -6.40800878484 -1.02695762682 2.0837
6gf6gf-6gf-6gf- -6.40719244332 -1.02641339914 2.0837
6gf6gf-6gf6gf -6.407736671 -1.02668551298 2.0836
6gf6gf-6gf6gf- -6.40828089867 -1.02668551298 2.0833
6gf6gf6gf -6.54324936261 -0.63266467471 2.3005
6gf6gf6gf- -6.54379359029 -0.632936788549 2.2998
6gf6gf6gf-6gf -6.40800878484 -1.02695762682 2.0835
6gf6gf6gf-6gf- -6.40719244332 -1.02668551298 2.0835
6gf6gf6gf6gf -6.40664821564 -1.02641339914 2.0837
6gf6gf6gf6gf- -6.40719244332 -1.02668551298 2.0834
6gg -6.73046368356 1.4802992819 3.2630
6gh -7.19224086764 1.7222084844 3.7951
6gh6gh -6.34487837428 0.410619782425 2.6748
6gh6gh- -6.34515048812 0.411708237779 2.6743
6gh6gh-6gh -6.03630128133 -0.166261555375 2.2906
6gh6gh-6gh- -6.03766185052 -0.16544521386 2.2928
6gh6gh-6gh-6gh -5.8879992393 -0.489804909453 2.0858
6gh6gh-6gh-6gh- -5.88935980849 -0.489260681776 2.0874
6gh6gh-6gh6gh -5.88963192233 -0.489532795614 2.0875
6gh6gh-6gh6gh- -5.89126460536 -0.489260681776 2.0884
6gh6gh6gh -6.03847819204 -0.16544521386 2.2943
6gh6gh6gh- -6.03983876123 -0.164628872344 2.2949
6gh6gh6gh-6gh -5.88908769465 -0.48844434026 2.0874
6gh6gh6gh-6gh- -5.89072037769 -0.488172226421 2.0890
6gh6gh6gh6gh -5.89099249152 -0.488172226421 2.0898
6gh6gh6gh6gh- -5.89235306072 -0.487900112583 2.0906
6gi -7.72150228369 1.76248133251 4.2032
6gi6gi -6.86570426134 0.506675967445 3.0335
6gi6gi- -6.8654321475 0.504499056736 3.0313
6gi6gi-6gi -6.57862416163 -0.0410891896263 2.6674
6gi6gi-6gi- -6.57807993395 -0.040000734272 2.6735
6gi6gi-6gi-6gi -6.44120667314 -0.345040347326 2.4834
6gi6gi-6gi-6gi- -6.44039033163 -0.343407664294 2.4862
6gi6gi-6gi6gi -6.43902976243 -0.344496119648 2.4827
6gi6gi-6gi6gi- -6.43848553476 -0.343135550456 2.4845
6gi6gi6gi -6.57617513708 -0.0389122789176 2.6704
6gi6gi6gi- -6.5756309094 -0.0380959374019 2.6740
6gi6gi6gi-6gi -6.44066244547 -0.343679778133 2.4826
6gi6gi6gi-6gi- -6.43984610395 -0.34231920894 2.4853
6gi6gi6gi6gi -6.43821342092 -0.342863436617 2.4825
6gi6gi6gi6gi- -6.4373970794 -0.341502867424 2.4843
6gl -7.52993414132 1.6805750671 4.0512
6gl6gl -6.63903343379 0.498512552288 2.9371
6gl6gl- -6.63903343379 0.49796832461 2.9326
6gl6gl-6gl -6.35004853722 0.0274834976971 2.6277
6gl6gl-6gl- -6.35004853722 0.0274834976971 2.6292
6gl6gl-6gl-6gl -6.20936568267 -0.224221802994 2.4691
6gl6gl-6gl-6gl- -6.20936568267 -0.223949689155 2.4698
6gl6gl-6gl6gl -6.20936568267 -0.224221802994 2.4694
6gl6gl-6gl6gl- -6.20936568267 -0.224221802994 2.4683
6gl6gl6gl -6.34977642338 0.0280277253742 2.6303
6gl6gl6gl- -6.34977642338 0.0277556115357 2.6264
6gl6gl6gl-6gl -6.20936568267 -0.223949689155 2.4691
6gl6gl6gl-6gl- -6.20936568267 -0.223949689155 2.4695
6gl6gl6gl6gl -6.20936568267 -0.223677575317 2.4702
6gl6gl6gl6gl- -6.20936568267 -0.223677575317 2.4688
6hg -7.15169590569 1.66832994436 3.7512
6ig -7.64830366111 1.69363653135 4.1537
6lg -7.48557958563 1.59322652491 3.9712
