12dd -9.0037026911 -0.488172226421 5.6882
12dd12dd -8.25538963499 -2.48956950921 3.4729
12dd12dd- -8.36695630881 -2.58508146656 3.6167
12dd12dd-12dd -8.00096319591 -3.10645158129 2.7437
12dd12dd-12dd-12dd -5.78160272841 -3.54101738151 -0.2644
12dd12dd-12dd-12dd- -7.92558766262 -3.51870404674 2.4660
12dd12dd-12dd12dd- -7.82218440396 -3.41502867424 2.3624
12dd12dd-4dd12dd -6.51467740956 -3.63027072056 0.2915
12dd12dd12dd -8.022732303 -3.14345906333 2.8654
12dd12dd12dd-12dd -7.88721961138 -3.46863510044 2.4435
12dd12dd12dd-12dd- -7.95579229871 -3.5268674619 2.5292
12dd12dd12dd12dd -7.95089424961 -3.55897689485 2.4940
12dd12dd12dd12dd- -7.92531554879 -3.51897616058 2.4660
12dh -7.34462461725 0.279188798388 4.7018
12dh12dh -6.50814667744 -0.866682575893 3.3641
12dh12dh- -6.5410724519 -0.802735823825 3.5097
12dh12dh-12dh -6.16473901314 -1.3194800033 2.8255
12dh12dh-12dh-12dh -5.94759216995 -1.56737571025 2.4321
12dh12dh-12dh-12dh- -5.98568810735 -1.75839962494 2.4498
12dh12dh-12dh12dh- -5.96582379714 -1.61826099806 2.5172
12dh12dh-4dh12dh -6.13181323867 -1.39512765042 2.6119
12dh12dh12dh -6.1192960021 -1.43295147399 2.7552
12dh12dh12dh-12dh -5.915482737 -1.6305061208 2.5122
12dh12dh12dh-12dh- -5.93915664095 -1.70479319873 2.5124
12dh12dh12dh12dh -5.90976834639 -1.76955629232 2.4157
12dh12dh12dh12dh- -5.87684257192 -1.59132172804 2.4761
12hd -7.34544095876 0.278644570711 4.7014
12hd12hd -6.50923513279 -0.866682575893 3.3647
12hd12hd- -6.54188879342 -0.802735823825 3.5101
12hd12hd-12hd -6.1658274685 -1.31920788946 2.8264
12hd12hd-12hd-12hd -5.9486806253 -1.56683148257 2.4335
12hd12hd-12hd-12hd- -5.87820314111 -1.59104961421 2.4774
12hd12hd-12hd12hd- -5.96718436633 -1.61771677039 2.5185
12hd12hd-4hd12hd -6.21235893489 -1.59621977714 2.6487
12hd12hd12hd -6.12038445745 -1.43267936015 2.7562
12hd12hd12hd-12hd -5.98759290422 -1.69227596216 2.5167
12hd12hd12hd-12hd- -5.94024509631 -1.70424897106 2.5136
12hd12hd12hd12hd -5.91112891558 -1.76928417848 2.4170
12hd12hd12hd12hd- -5.98677656271 -1.75785539726 2.4511
12hh -6.41998179373 2.18398566848 5.5593
12hh12hh -4.99601007642 1.01471250408 3.4956
12hh12hh- -4.90294714362 1.26668991861 3.9186
12hh12hh-12hh -4.36443385706 0.745047690045 3.0542
12hh12hh-12hh-12hh -4.02674058338 0.401367911913 2.4717
12hh12hh-12hh-12hh- -3.98184180001 0.388034333822 2.4399
12hh12hh-12hh12hh- -4.05531253643 0.45388588276 2.6098
12hh12hh-4hh12hh -4.23654035293 0.311842459018 2.6104
12hh12hh12hh -4.35436564504 0.579602476186 2.8276
12hh12hh12hh-12hh -4.0261963557 0.420687994452 2.5596
12hh12hh12hh-12hh- -3.99218212588 0.401095798074 2.5291
12hh12hh12hh12hh -3.9641544005 0.371435389668 2.4099
12hh12hh12hh12hh- -3.98211391385 0.388034333822 2.4401
13aa -7.21754745463 2.46807251597 6.0595
13aa13aa -5.93344225034 1.27049951235 4.6929
13aa13aa- -5.99194672564 1.27213219538 4.7181
13aa13aa-13aa -5.48799189658 0.746680373077 3.9066
13aa13aa-13aa-13aa -5.18594553575 0.404905391814 3.4149
13aa13aa-13aa-13aa- -5.17751000676 0.354292217838 3.3875
13aa13aa-13aa13aa- -5.22921163609 0.468852143882 3.4859
13aa13aa-4aa13aa -5.42458937219 -0.0661236627761 3.2927
13aa13aa13aa -5.4196913231 0.663685652309 3.8406
13aa13aa13aa-13aa -5.21043578122 0.429939864964 3.4581
13aa13aa13aa-13aa- -5.19274838172 0.390211244531 3.4301
13aa13aa13aa13aa -5.16880236392 0.306128068408 3.3610
13aa13aa13aa13aa- -5.17751000676 0.354292217838 3.3875
13ad13ad -7.05944931441 -0.308304979117 4.2750
13ad13ad- -7.15142379185 -0.423137019 4.2605
13ad13ad-13ad-13ad -6.61236627761 -1.21199503706 3.2203
13ad13ad-13ad-13ad- -6.6031144071 -1.260975528 3.1994
13ad13ad-13ad13ad- -6.64882953198 -1.14777617115 3.2860
13ad13ad-4ad13ad -6.74842319691 -1.61771677039 3.0772
13ad13ad13ad-13ad -6.684204331 -1.25580536507 3.2582
13ad13ad13ad-13ad- -6.67413611897 -1.29635032702 3.2356
13ad13ad13ad13ad -6.64692473511 -1.37716813708 3.1885
13ad13ad13ad13ad- -6.66678904533 -1.37090951879 3.1943
13ae13ae -6.07222030802 0.545588246363 4.1850
13ae13ae- -6.15902462253 0.432388889511 4.1645
13ae13ae-13ae -5.74160199414 0.0726543949022 3.5364
13ae13ae-13ae-13ae -5.49152937648 -0.214153590966 3.1312
13ae13ae-13ae-13ae- -5.47356986314 -0.254154325238 3.1105
13ae13ae-13ae13ae- -5.52581572014 -0.137689602324 3.2092
13ae13ae-4ae13ae -5.66785914389 -0.631304105517 3.0083
13ae13ae13ae -5.65044385822 0.0304767499215 3.5151
13ae13ae13ae-13ae -5.51765230499 -0.206806517325 3.1839
13ae13ae13ae-13ae- -5.50486295457 -0.245718796242 3.1598
13ae13ae13ae13ae -5.44663059312 -0.290889693447 3.1159
13ae13ae13ae13ae- -5.47493043233 -0.28463107516 3.1270
13af13af -5.6066335302 1.40356317942 4.5494
13af13af- -5.63547759709 1.37825659243 4.4642
13af13af-13af -5.04553479504 0.929812986445 3.7642
13af13af-13af-13af -4.65613989203 0.635113699257 3.2656
13af13af-13af-13af- -4.65369086748 0.552663206166 3.0993
13af13af-13af13af- -4.81124478002 0.606541746206 3.3483
13af13af-4af13af -5.00444560542 0.311026117503 3.2815
13af13af13af -5.18404073888 0.749401511463 3.7445
13af13af13af-13af -4.8653954339 0.522730683922 3.3284
13af13af13af-13af- -4.86104161248 0.456879134984 3.2873
13af13af13af13af -4.98322072601 0.357285470062 3.2877
13af13af13af13af- -4.99192836884 0.377966121794 3.3029
13ah13ah -5.09995756276 1.71268450005 4.3994
13ah13ah- -5.15818992422 1.72629019198 4.4522
13ah13ah-13ah -4.66348696567 1.22941032273 3.6996
13ah13ah-13ah-13ah -4.37504629677 0.905050627133 3.2391
13ah13ah-13ah-13ah- -4.36742710929 0.857430705381 3.2076
13ah13ah-13ah13ah- -4.38783564718 0.956208028787 3.2951
13ah13ah-4ah13ah -4.74539323108 0.558105482938 3.2423
13ah13ah13ah -4.6234862314 1.14614348812 3.6344
13ah13ah13ah-13ah -4.38810776102 0.909948676228 3.2733
13ah13ah13ah-13ah- -4.38212125657 0.872669080342 3.2492
13ah13ah13ah13ah -4.36851556464 0.815797288078 3.1954
13ah13ah13ah13ah- -4.37749532132 0.85960761609 3.2263
13ai13ai -5.61670174223 1.45880228865 4.5937
13ai13ai- -5.64445735377 1.46642147613 4.6020
13ai13ai-13ai-13ai -4.83546291165 0.665590449179 3.3552
13ai13ai-13ai-13ai- -4.83709559469 0.617154185911 3.3348
13ai13ai-13ai13ai- -4.84743592055 0.737428502565 3.4133
13ai13ai-4ai13ai -5.10104601811 0.274834976971 3.3054
13ai13ai13ai-13ai -4.86294640935 0.668583701403 3.3905
13ai13ai13ai-13ai- -4.8604973848 0.628582967131 3.3719
13ai13ai13ai13ai -4.85369453884 0.549125726264 3.3188
13ai13ai13ai13ai- -4.85532722187 0.591847598922 3.3384
13al13al -5.26567489046 1.54315757862 4.4320
13al13al- -5.40581351733 1.59921302936 4.5574
13al13al-13al -4.73369233602 0.988045347902 3.2719
13al13al-13al-13al -4.38157702889 0.637562723804 2.8441
13al13al-13al-13al- -4.36933190616 0.615793616718 2.8012
13al13al-13al13al- -4.4874293121 0.718380533864 3.0168
13al13al13al -4.6961406263 0.989405917095 3.5862
13al13al13al-13al -4.42429890155 0.731441998116 3.0878
13al13al13al-13al- -4.4028019083 0.717564192348 3.0221
13al13al13al13al -4.38701930567 0.668039473726 3.1059
13al13al13al13al- -4.42974117832 0.736340047211 3.1703
13da13da -7.05944931441 -0.308304979117 4.2750
13da13da- -7.15142379185 -0.423137019 4.2605
13da13da-13da-13da -6.61236627761 -1.21199503706 3.2204
13da13da-13da-13da- -6.66678904533 -1.37090951879 3.1944
13da13da-13da13da- -6.64882953198 -1.14777617115 3.2861
13da13da-4da13da -6.70542921041 -1.70098360499 2.9750
13da13da13da-13da -6.63141424631 -1.17852503491 3.2661
13da13da13da-13da- -6.67440823281 -1.29635032702 3.2356
13da13da13da13da -6.64692473511 -1.37689602324 3.1886
13da13da13da13da- -6.6031144071 -1.260975528 3.1994
13dd -8.58138201361 0.154560660316 5.8817
13dd13dd -7.64884788878 -1.59458709411 2.9476
13dd13dd- -8.06980799707 -1.85554426531 3.8868
13dd13dd-13dd -7.76068667644 -2.16058387836 3.2900
13dd13dd-13dd-13dd -7.48721226866 -2.45609950707 2.7935
13dd13dd-13dd-13dd- -7.42380974427 -2.6044015491 2.7175
13dd13dd-13dd13dd- -7.60911926835 -2.38480568136 2.9845
13dd13dd-4dd13dd -7.6651747191 -3.12686011918 2.5203
13dd13dd13dd -7.39795892961 -2.16003965069 2.8796
13dd13dd13dd-13dd -7.54272349174 -2.46317446687 2.9115
13dd13dd13dd-13dd- -7.51415153868 -2.56249601795 2.8482
13dd13dd13dd13dd -7.33455640522 -2.58099975898 2.6474
13dd13dd13dd13dd- -7.42380974427 -2.6044015491 2.7175
13de13de -6.60257017942 -0.884097861562 2.2709
13de13de- -7.07251077866 -0.995936649221 3.7765
13de13de-13de -6.69753790909 -1.30913967743 3.0790
13de13de-13de-13de -6.35739561086 -1.59866880169 2.2670
13de13de-13de-13de- -6.27848259767 -1.69200384832 2.2442
13de13de-13de13de- -6.49889480692 -1.48057139574 2.7764
13de13de-4de13de -6.56365790051 -2.32466852303 2.1544
13de13de13de -6.27548934545 -1.31893577562 2.2122
13de13de13de-13de -6.37589935188 -1.49336074615 2.2514
13de13de13de-13de- -6.33644284529 -1.58152562986 2.2491
13de13de13de13de -6.13643917393 -1.64383969889 2.1880
13de13de13de13de- -6.24147511562 -1.58642367895 2.2138
13df13df -6.57454245405 -0.217691070868 3.8451
13df13df- -6.77509035309 -0.336332704491 4.0175
13df13df-13df -6.32202081184 -0.672121181305 3.4268
13df13df-13df-13df -6.01480428808 -0.971718517587 3.0050
13df13df-13df-13df- -6.00664087292 -1.26070341416 2.8558
13df13df-13df13df- -6.20229072287 -0.978249249713 3.1132
13df13df-4df13df -6.27521723161 -1.18151828714 2.9988
13df13df13df -6.31412951052 -0.858519160735 3.2672
13df13df13df-13df -6.2025628367 -1.02859030985 3.0714
13df13df13df-13df- -6.22025023621 -1.22614495666 2.9745
13df13df13df13df -6.23412804198 -1.28519365964 2.9252
13df13df13df13df- -6.28174796373 -1.16764048137 3.0045
13dh13dh -6.00500818989 0.0604092721659 3.5837
13dh13dh- -6.24528470936 0.0696611426777 3.9268
13dh13dh-13dh -5.88935980849 -0.362999860672 3.3144
13dh13dh-13dh-13dh -5.6496275167 -0.683822076364 2.8861
13dh13dh-13dh-13dh- -5.58812978918 -0.918112091385 2.7300
13dh13dh-13dh13dh- -5.71384638261 -0.609807112269 3.0085
13dh13dh-4dh13dh -5.9416056655 -0.879199812468 2.9358
13dh13dh13dh -5.68228117733 -0.536608489689 3.0210
13dh13dh13dh-13dh -5.67384564833 -0.641916545222 2.9687
13dh13dh13dh-13dh- -5.63928719083 -0.785048424317 2.8658
13dh13dh13dh13dh -5.54459157501 -0.927091848059 2.6963
13dh13dh13dh13dh- -5.61289214849 -0.718108420026 2.8475
13di13di -6.55739928222 -0.162179847797 3.8061
13di13di- -6.75196067681 -0.176057653564 4.1362
13di13di-13di -6.36283788763 -0.584228411442 3.4761
13di13di-13di-13di -6.11113258694 -0.917839977547 3.0035
13di13di-13di-13di- -6.10405762714 -1.10695909536 2.9016
13di13di-13di13di- -6.1729024283 -0.822600134042 3.1429
13di13di-4di13di -6.29263251728 -1.29444553015 2.8956
13di13di13di -6.20528397509 -0.751578422172 3.2130
13di13di13di-13di -6.14677949979 -0.879744040145 3.0969
13di13di13di-13di- -6.14677949979 -1.01090291034 3.0202
13di13di13di13di -6.0678664866 -1.14124543903 2.8497
13di13di13di13di- -6.08637022763 -0.986140551032 2.9522
13dl13dl -6.27167975171 0.0231296762797 3.8946
13dl13dl- -6.49726212389 0.0239460177955 4.1072
13dl13dl-13dl -5.93371436418 -0.527356619178 3.0248
13dl13dl-13dl-13dl -4.61396224705 -1.2193421107 0.1938
13dl13dl-13dl-13dl- -4.33885515624 -1.46914261452 0.1581
13dl13dl-13dl13dl- -5.77316719942 -0.785320538156 2.7048
13dl13dl13dl -5.86731858757 -0.597834103371 3.1943
13dl13dl13dl-13dl -5.71003678887 -0.741238096305 2.8408
13dl13dl13dl13dl -5.67874369743 -0.996208763059 2.7969
13dl13dl13dl13dl- -5.73262223747 -0.767633138648 2.9389
13ea13ea -6.07222030802 0.545588246363 4.1850
13ea13ea- -6.15902462253 0.43266100335 4.1645
13ea13ea-13ea -5.74160199414 0.0726543949022 3.5365
13ea13ea-13ea-13ea -5.49152937648 -0.214153590966 3.1312
13ea13ea-13ea-13ea- -5.47520254617 -0.28463107516 3.1271
13ea13ea-13ea13ea- -5.52581572014 -0.137689602324 3.2093
13ea13ea-4ea13ea -5.64881117518 -0.678379799592 2.9684
13ea13ea13ea -5.65044385822 0.0304767499215 3.5151
13ea13ea13ea-13ea -5.5064956376 -0.167622124568 3.1876
13ea13ea13ea-13ea- -5.50486295457 -0.245718796242 3.1598
13ea13ea13ea13ea -5.44663059312 -0.290889693447 3.1160
13ea13ea13ea13ea- -5.47356986314 -0.254154325238 3.1105
13ed13ed -6.60257017942 -0.884097861562 2.2709
13ed13ed- -7.07251077866 -0.995936649221 3.7765
13ed13ed-13ed -6.69753790909 -1.30913967743 3.0790
13ed13ed-13ed-13ed -6.35739561086 -1.59866880169 2.2670
13ed13ed-13ed-13ed- -6.24147511562 -1.58642367895 2.2139
13ed13ed-13ed13ed- -6.49889480692 -1.48057139574 2.7764
13ed13ed-4ed13ed -6.68801392474 -2.04384704161 2.5011
13ed13ed13ed -6.27548934545 -1.31893577562 2.2122
13ed13ed13ed-13ed -6.41862122454 -1.5613892058 2.2961
13ed13ed13ed-13ed- -6.33644284529 -1.58152562986 2.2491
13ed13ed13ed13ed -6.13643917393 -1.64383969889 2.1880
13ed13ed13ed13ed- -6.27848259767 -1.69200384832 2.2441
13ee -7.0763203724 1.29390130247 5.3436
13ee13ee -5.65697459034 -0.313203028211 1.7664
13ee13ee- -6.26351633655 -0.210616111065 3.7575
13ee13ee-13ee -5.83194378855 -0.578514020832 2.8907
13ee13ee-13ee-13ee -5.44799116231 -0.864233551346 1.7932
13ee13ee-13ee-13ee- -5.32472359343 -0.860423957605 1.7361
13ee13ee-13ee13ee- -5.60908255475 -0.746680373077 2.5696
13ee13ee-4ee13ee -5.75194232001 -1.36737203889 2.1760
13ee13ee13ee -5.4028202651 -0.654978009474 1.7292
13ee13ee13ee-13ee -5.47656311536 -0.745047690045 1.7814
13ee13ee13ee-13ee- -5.37914636115 -0.75756492662 1.7839
13ee13ee13ee13ee -5.2025444799 -0.922738026641 1.6986
13ee13ee13ee13ee- -5.32472359343 -0.860423957605 1.7360
13ef13ef -5.70758776432 0.608718656914 3.7633
13ef13ef- -5.93942875479 0.497151983095 4.0323
13ef13ef-13ef -5.38213961337 0.247895706951 3.3926
13ef13ef-13ef-13ef -5.00417349158 -0.0427218726578 2.9234
13ef13ef-13ef-13ef- -4.95383243144 -0.211160338742 2.8272
13ef13ef-13ef13ef- -5.18948301565 -0.0160547164765 3.0606
13ef13ef-4ef13ef -5.30186603099 -0.241909202502 2.9611
13ef13ef13ef -5.29288627432 0.103947486339 3.1949
13ef13ef13ef-13ef -5.1679860224 -0.0492526047839 3.0124
13ef13ef13ef-13ef- -5.15710146886 -0.206806517325 2.9309
13ef13ef13ef13ef -5.10159024579 -0.220140095415 2.8476
13ef13ef13ef13ef- -5.2109800089 -0.197826760651 2.9099
13eh13eh -5.22567415618 0.820695337172 3.4859
13eh13eh- -5.483910189 0.872396966503 3.9723
13eh13eh-13eh -5.01723495583 0.499601007642 3.2778
13eh13eh-13eh-13eh -4.6926031464 0.193200825395 2.7875
13eh13eh-13eh-13eh- -4.59219313996 0.078640899351 2.6777
13eh13eh-13eh13eh- -4.77287672878 0.290889693447 2.9463
13eh13eh-4eh13eh -5.01941186654 -0.0114287812206 2.8582
13eh13eh13eh -4.7687950212 0.342863436617 2.9428
13eh13eh13eh-13eh -4.71954241642 0.253337983723 2.8925
13eh13eh13eh-13eh- -4.65559566435 0.161363506281 2.8072
13eh13eh13eh13eh -4.53532134769 0.0408170757877 2.6136
13eh13eh13eh13eh- -4.63790826484 0.1537443188 2.7325
13ei13ei -5.66214475327 0.587221663666 3.5667
13ei13ei- -5.87085606747 0.636202154612 4.0935
13ei13ei-13ei -5.39057514237 0.285991644353 3.3804
13ei13ei-13ei-13ei -5.07247406506 -0.0212248794096 2.8628
13ei13ei-13ei-13ei- -5.0071667438 -0.123811796556 2.7756
13ei13ei-13ei13ei- -5.14131886622 0.093062932796 3.0377
13ei13ei-4ei13ei -5.31220635685 -0.369802706637 2.8315
13ei13ei13ei -5.19111569868 0.11728106443 3.0474
13ei13ei13ei-13ei -5.1073046364 0.0351026851775 2.9812
13ei13ei13ei-13ei- -5.06675967445 -0.0538785400398 2.9046
13ei13ei13ei13ei -4.9606352774 -0.182860499529 2.7005
13ei13ei13ei13ei- -5.0346502415 -0.0889812252173 2.8005
13el13el -5.5339791353 0.751306308333 3.8403
13el13el- -5.71656752099 0.813076149692 4.1203
13el13el-13el -5.12335935288 0.310209775987 3.0667
13el13el-13el-13el -3.96361017283 -0.466675233173 0.1436
13el13el-13el-13el- -3.81068219554 -0.759741837329 0.1263
13el13el-13el13el- -4.92498836455 0.0386401650791 2.7144
13el13el13el -5.0142417036 0.24027651947 3.1576
13el13el13el-13el -4.83410234246 0.118913747462 2.8423
13el13el13el-13el- -3.71027218911 -0.287624327384 0.1593
13el13el13el13el -4.74457688957 -0.0748313056109 2.7593
13el13el13el13el- -4.81206112154 0.0707495980321 2.8582
13fa13fa -5.35193497729 1.59404286643 4.5406
13fa13fa- -5.63547759709 1.37798447859 4.4643
13fa13fa-13fa -4.98022747378 1.03158356208 3.7912
13fa13fa-13fa-13fa -4.78593819303 0.631031991678 3.3239
13fa13fa-13fa-13fa- -4.99192836884 0.377966121794 3.3029
13fa13fa-13fa13fa- -4.81124478002 0.606541746206 3.3483
13fa13fa-4fa13fa -4.87764055663 0.29415505951 3.2224
13fa13fa13fa -4.79083624213 1.03267201743 3.6980
13fa13fa13fa-13fa -4.66076582728 0.709128663352 3.3173
13fa13fa13fa-13fa- -4.86104161248 0.456879134984 3.2873
13fa13fa13fa13fa -4.48987833665 0.707223866482 3.2229
13fa13fa13fa13fa- -4.65396298132 0.552663206166 3.0993
13fd13fd -6.39494732058 -0.0231296762797 3.9642
13fd13fd- -6.77509035309 -0.33660481833 4.0175
13fd13fd-13fd -6.27167975171 -0.585316866796 3.4486
13fd13fd-13fd-13fd -6.12419405119 -0.95947339485 3.0317
13fd13fd-13fd-13fd- -6.28202007757 -1.16764048137 3.0044
13fd13fd-13fd13fd- -6.20229072287 -0.978521363551 3.1132
13fd13fd-4fd13fd -6.24446836785 -1.15267422025 3.0884
13fd13fd13fd -6.00745721444 -0.658787603214 3.2646
13fd13fd13fd-13fd -6.053716567 -0.997841446091 3.0177
13fd13fd13fd-13fd- -6.22052235005 -1.2264170705 2.9745
13fd13fd13fd13fd -5.83548126845 -1.07104006867 2.8723
13fd13fd13fd13fd- -6.00691298676 -1.26070341416 2.8557
13fe13fe -5.56010206381 0.774163870774 3.9022
13fe13fe- -5.93970086863 0.497151983095 4.0323
13fe13fe-13fe -5.32934952869 0.324359695593 3.4124
13fe13fe-13fe-13fe -5.08526341547 -0.00761918748038 2.9487
13fe13fe-13fe-13fe- -5.2109800089 -0.197826760651 2.9098
13fe13fe-13fe13fe- -5.18948301565 -0.0163268303151 3.0606
13fe13fe-4fe13fe -5.25315765388 -0.23265733199 3.0229
13fe13fe13fe -5.0381877214 0.266399447975 3.2113
13fe13fe13fe-13fe -5.01614650047 0.00272113838585 2.9793
13fe13fe13fe-13fe- -5.15710146886 -0.207078631163 2.9308
13fe13fe13fe13fe -4.77042770423 -0.049796832461 2.8146
13fe13fe13fe13fe- -4.95410454528 -0.211160338742 2.8271
13ff -6.40093382503 2.75215936345 5.6667
13ff13ff -5.16553699786 1.7412564531 4.4840
13ff13ff- -5.47710734304 1.51349717021 4.0074
13ff13ff-13ff -4.69750119549 1.24791406375 3.7649
13ff13ff-13ff-13ff -4.35572621423 0.884369975401 3.2047
13ff13ff-13ff-13ff- -4.53423289234 0.612800364493 2.7922
13ff13ff-13ff13ff- -4.54647801508 0.786953221188 3.2951
13ff13ff-4ff13ff -4.57967590338 0.617698413588 3.1941
13ff13ff13ff -4.61205745018 1.14342234973 3.6200
13ff13ff13ff-13ff -4.42946906449 0.847362493353 3.0888
13ff13ff13ff-13ff- -4.61314590553 0.574704427091 2.8783
13ff13ff13ff13ff -4.32579369198 0.795388750184 3.1280
13ff13ff13ff13ff- -4.53423289234 0.612800364493 2.7922
13fh13fh -4.76335274443 1.91513719596 4.1647
13fh13fh- -5.07846056951 1.80629166053 4.1191
13fh13fh-13fh -4.37422995525 1.48819058322 3.6890
13fh13fh-13fh-13fh -4.10075554747 1.0119913657 3.0566
13fh13fh-13fh-13fh- -4.26266328143 0.721373786089 2.9457
13fh13fh-13fh13fh- -4.1764031946 1.08573421595 3.2284
13fh13fh-4fh13fh -4.31654182147 0.777157122999 3.0908
13fh13fh13fh -4.16606286874 1.40846122852 3.4320
13fh13fh13fh-13fh -4.02048196509 1.1466877158 3.0786
13fh13fh13fh-13fh- -4.18919254501 0.863961437507 3.0135
13fh13fh13fh13fh -3.83952626243 1.11430616901 2.9661
13fh13fh13fh13fh- -4.02184253428 0.999746242961 2.7568
13fi13fi -5.10539983953 1.63730896677 4.2943
13fi13fi- -5.38105115802 1.55594692903 4.4437
13fi13fi-13fi -4.68199070669 1.25226788517 3.7228
13fi13fi-13fi-13fi -4.39355003779 0.826681841621 3.1181
13fi13fi-13fi-13fi- -4.54838281195 0.546948815556 3.0179
13fi13fi-13fi13fi- -4.48987833665 0.857430705381 3.2750
13fi13fi-4fi13fi -4.59681907521 0.568173694965 3.1870
13fi13fi13fi -4.5064772808 1.08845535434 3.4547
13fi13fi13fi-13fi -4.36198483252 0.889268024495 3.1974
13fi13fi13fi-13fi- -4.52089931425 0.612800364493 3.0992
13fi13fi13fi13fi -4.18565506511 0.770082163195 2.9811
13fi13fi13fi13fi- -4.36008003565 0.679740368785 3.0045
13fl13fl -4.95328820376 1.9069737808 4.4690
13fl13fl- -5.2730219641 1.72901133037 4.3697
13fl13fl-13fl -4.51763394819 1.29036382257 3.3621
13fl13fl-13fl13fl- -4.32769848885 0.897703553492 2.6485
13fl13fl13fl -4.31082743086 1.41172659458 3.6053
13fl13fl13fl-13fl -4.15245717681 1.0416517741 3.1306
13fl13fl13fl13fl -3.95898423757 1.13580316225 3.1127
13fl13fl13fl13fl- -4.1418447371 1.00600486125 2.9335
13ha13ha -5.09995756276 1.71295661389 4.3995
13ha13ha- -5.15818992422 1.72656230582 4.4523
13ha13ha-13ha -4.66348696567 1.22941032273 3.6996
13ha13ha-13ha-13ha -4.37531841061 0.905322740972 3.2392
13ha13ha-13ha-13ha- -4.37776743515 0.859879729928 3.2265
13ha13ha-13ha13ha- -4.38783564718 0.956208028787 3.2951
13ha13ha-4ha13ha -4.69205891872 0.428579295771 3.1709
13ha13ha13ha -4.6234862314 1.14641560196 3.6346
13ha13ha13ha-13ha -4.37967223202 0.920016888256 3.2704
13ha13ha13ha-13ha- -4.38239337041 0.87294119418 3.2493
13ha13ha13ha13ha -4.36851556464 0.816069401916 3.1956
13ha13ha13ha13ha- -4.36769922313 0.857430705381 3.2078
13hd13hd -6.00500818989 0.0606813860044 3.5841
13hd13hd- -6.24528470936 0.0696611426777 3.9268
13hd13hd-13hd -5.88935980849 -0.362999860672 3.3144
13hd13hd-13hd-13hd -5.6496275167 -0.683822076364 2.8863
13hd13hd-13hd-13hd- -5.61289214849 -0.718108420026 2.8478
13hd13hd-13hd13hd- -5.71384638261 -0.609807112269 3.0086
13hd13hd-4hd13hd -5.99276306716 -0.980154046583 3.0019
13hd13hd13hd -5.68255329117 -0.536336375851 3.0213
13hd13hd13hd-13hd -5.66078418408 -0.746952486916 2.8948
13hd13hd13hd-13hd- -5.63928719083 -0.785048424317 2.8660
13hd13hd13hd13hd -5.54459157501 -0.927091848059 2.6966
13hd13hd13hd13hd- -5.58840190302 -0.918112091385 2.7303
13he13he -5.22567415618 0.820967451011 3.4864
13he13he- -5.48363807516 0.872396966503 3.9723
13he13he-13he -5.01723495583 0.49987312148 3.2779
13he13he-13he-13he -4.69287526024 0.193200825395 2.7878
13he13he-13he-13he- -4.63790826484 0.1537443188 2.7329
13he13he-13he13he- -4.77287672878 0.290889693447 2.9464
13he13he-4he13he -5.05533089323 -0.0911581359259 2.9436
13he13he13he -4.76906713504 0.343135550456 2.9433
13he13he13he-13he -4.69341948791 0.200275785198 2.8475
13he13he13he-13he- -4.65559566435 0.161363506281 2.8076
13he13he13he13he -4.53559346153 0.0408170757877 2.6140
13he13he13he13he- -4.5924652538 0.078640899351 2.6782
13hf13hf -4.98566975055 1.67377222114 4.1086
13hf13hf- -5.07846056951 1.80738011588 4.1196
13hf13hf-13hf -4.44198630106 1.41499196064 3.4607
13hf13hf-13hf-13hf -4.03191074631 1.10287738778 2.8771
13hf13hf-13hf-13hf- -4.02184253428 1.00029047064 2.7572
13hf13hf-13hf13hf- -4.1764031946 1.08600632979 3.2285
13hf13hf-4hf13hf -4.40906052659 0.700148906679 3.1024
13hf13hf13hf -4.48008223846 1.03185567591 3.3219
13hf13hf13hf-13hf -4.19436270795 0.960017622528 3.1207
13hf13hf13hf-13hf- -4.18892043118 0.864233551346 3.0147
13hf13hf13hf13hf -4.22130197797 0.654978009474 2.8623
13hf13hf13hf13hf- -4.26266328143 0.721918013766 2.9460
13hh -5.68663499875 2.83270505967 5.1978
13hh13hh -4.57613842348 1.78452255344 3.6322
13hh13hh- -4.70457615529 2.11949468874 4.4368
13hh13hh-13hh -4.13640246033 1.62642441322 3.5167
13hh13hh-13hh-13hh -3.77476316885 1.18342308401 2.8588
13hh13hh-13hh-13hh- -3.74292584974 1.04600559552 2.7089
13hh13hh-13hh13hh- -3.82292731828 1.3540384608 3.1291
13hh13hh-4hh13hh -4.15136872145 0.84219233042 2.9857
13hh13hh13hh -4.015583916 1.24328812849 2.9956
13hh13hh13hh-13hh -3.79245056836 1.21281137857 2.9429
13hh13hh13hh-13hh- -3.76659975369 1.1001562494 2.8343
13hh13hh13hh13hh -3.7116327583 0.927363961897 2.5916
13hh13hh13hh13hh- -3.74292584974 1.04600559552 2.7088
13hi13hi -4.81995242285 1.63649262525 3.8765
13hi13hi- -4.93723348728 1.90642955313 4.4239
13hi13hi-13hi -4.38593085031 1.43839375076 3.6207
13hi13hi-13hi-13hi -4.03572034005 1.01471250408 2.9647
13hi13hi-13hi-13hi- -4.00605993165 0.866954689732 2.8255
13hi13hi-13hi13hi- -4.08197969261 1.17825292107 3.1956
13hi13hi-4hi13hi -4.41014898195 0.677291344238 3.1009
13hi13hi13hi -4.26674498901 1.08083616686 3.1391
13hi13hi13hi-13hi -4.05177505653 1.06614201958 3.0551
13hi13hi13hi-13hi- -4.02864538025 0.931989897153 2.9439
13hi13hi13hi13hi -3.96932456344 0.760286065006 2.7117
13hi13hi13hi13hi- -3.99925708568 0.893349732074 2.8292
13hl13hl -4.7258010347 1.93935532759 4.1940
13hl13hl- -4.86131372632 2.05990175809 4.5069
13hl13hl-13hl -4.29395637287 1.45036675966 3.3005
13hl13hl-13hl-13hl -4.17667530844 1.09199283424 3.1520
13hl13hl-13hl-13hl- -4.20279823694 1.12192535649 3.2591
13hl13hl-13hl13hl- -3.98265814153 1.18179040097 2.9061
13hl13hl13hl -4.13939571255 1.43540049854 3.4234
13hl13hl13hl-13hl -3.92034407249 1.20628064645 3.0747
13hl13hl13hl-13hl- -3.96388228667 1.21471617544 3.1543
13hl13hl13hl13hl -3.81421967544 1.15294633408 2.9648
13hl13hl13hl13hl- -3.84197528698 1.23077089192 3.0346
13ia13ia -5.61642962839 1.45853017482 4.5931
13ia13ia- -5.64445735377 1.4661493623 4.6018
13ia13ia-13ia-13ia -4.83519079782 0.66531833534 3.3548
13ia13ia-13ia-13ia- -4.85505510803 0.591575485084 3.3377
13ia13ia-13ia13ia- -4.84743592055 0.737156388727 3.4131
13ia13ia-4ia13ia -5.08852878154 0.232385218152 3.2865
13ia13ia13ia-13ia -4.8428099853 0.698788337486 3.3946
13ia13ia13ia-13ia- -4.86022527097 0.628310853293 3.3714
13ia13ia13ia13ia -4.853422425 0.548581498587 3.3180
13ia13ia13ia13ia- -4.83655136701 0.616882072072 3.3342
13id13id -6.55712716838 -0.162179847797 3.8057
13id13id- -6.75196067681 -0.176057653564 4.1362
13id13id-13id -6.36283788763 -0.584228411442 3.4761
13id13id-13id-13id -6.11113258694 -0.917839977547 3.0032
13id13id-13id-13id- -6.08609811379 -0.986140551032 2.9519
13id13id-13id13id- -6.1729024283 -0.822872247881 3.1427
13id13id-4id13id -6.36365422915 -1.23811796556 3.0726
13id13id13id -6.20501186125 -0.751578422172 3.2126
13id13id13id-13id -6.15684771182 -0.945323475244 3.0600
13id13id13id-13id- -6.14650738596 -1.01090291034 3.0199
13id13id13id13id -6.06759437277 -1.14124543903 2.8495
13id13id13id13id- -6.1037855133 -1.10695909536 2.9013
13ie13ie -5.66214475327 0.587221663666 3.5663
13ie13ie- -5.87085606747 0.635930040773 4.0935
13ie13ie-13ie -5.39057514237 0.285991644353 3.3803
13ie13ie-13ie-13ie -5.07247406506 -0.0212248794096 2.8626
13ie13ie-13ie-13ie- -5.0346502415 -0.0889812252173 2.8003
13ie13ie-13ie13ie- -5.14104675238 0.0927908189575 3.0376
13ie13ie-4ie13ie -5.35601668487 -0.352659534806 2.9604
13ie13ie13ie -5.19111569868 0.11728106443 3.0472
13ie13ie13ie-13ie -5.08852878154 0.00707495980321 2.9506
13ie13ie13ie-13ie- -5.06648756061 -0.0538785400398 2.9044
13ie13ie13ie13ie -4.96036316356 -0.182860499529 2.7004
13ie13ie13ie13ie- -5.0071667438 -0.123811796556 2.7754
13if13if -5.2384635066 1.47540123281 4.1610
13if13if- -5.38105115802 1.55567481519 4.4428
13if13if-13if -4.74158363734 1.17362698582 3.7004
13if13if-13if-13if -4.34184840846 0.824504930912 3.1252
13if13if-13if-13if- -4.35980792181 0.679740368785 3.0042
13if13if-13if13if- -4.48987833665 0.857430705381 3.2748
13if13if-4if13if -4.7032155861 0.571711174867 3.2338
13if13if13if -4.73369233602 0.868315258924 3.3853
13if13if13if-13if -4.49069467817 0.748585169947 3.1731
13if13if13if-13if- -4.52089931425 0.612800364493 3.0990
13if13if13if13if -4.48062646614 0.510485561185 2.9392
13if13if13if13if- -4.54838281195 0.546676701717 3.0179
13ih13ih -4.82022453669 1.63649262525 3.8771
13ih13ih- -4.93723348728 1.90615743929 4.4236
13ih13ih-13ih -4.38620296415 1.43812163692 3.6205
13ih13ih-13ih-13ih -4.03572034005 1.01444039024 2.9646
13ih13ih-13ih-13ih- -3.99925708568 0.893349732074 2.8291
13ih13ih-13ih13ih- -4.08197969261 1.17798080723 3.1954
13ih13ih-4ih13ih -4.43436711358 0.767633138648 3.1456
13ih13ih13ih -4.26701710285 1.08056405302 3.1393
13ih13ih13ih-13ih -4.05449619492 1.02532494379 3.0446
13ih13ih13ih-13ih- -4.02864538025 0.931717783315 2.9438
13ih13ih13ih13ih -3.96959667728 0.760013951168 2.7117
13ih13ih13ih13ih- -4.00633204549 0.866410462054 2.8254
13ii -6.61100570842 2.84495018241 6.3177
13ii13ii -5.12880162965 1.39403919507 3.7827
13ii13ii- -5.33207066707 1.65254734173 4.5139
13ii13ii-13ii -4.76335274443 1.19784511745 3.6844
13ii13ii-13ii-13ii -4.36742710929 0.792939725636 2.9671
13ii13ii-13ii-13ii- -4.31218800006 0.668311587565 2.8243
13ii13ii-13ii13ii- -4.45831313138 0.954031118079 3.2601
13ii13ii-4ii13ii -4.75437298776 0.520553773213 3.2214
13ii13ii13ii -4.55763468246 0.866138348216 3.1105
13ii13ii13ii-13ii -4.39872020073 0.83457314294 3.0781
13ii13ii13ii-13ii- -4.34837914059 0.733618908825 2.9589
13ii13ii13ii13ii -4.25858157385 0.558105482938 2.7037
13ii13ii13ii13ii- -4.31246011389 0.668311587565 2.8243
13il13il -5.09451528599 1.6340436007 4.2707
13il13il- -5.1848570804 1.78942060253 4.5306
13il13il-13il -4.53668191689 1.21117869554 3.3370
13il13il-13il-13il -4.37586263828 0.736067933372 2.1463
13il13il-13il-13il- -4.39654329002 0.512662471894 2.1156
13il13il-13il13il- -4.25858157385 0.940697539988 2.9793
13il13il13il -4.49096679201 1.10342161546 3.4430
13il13il13il-13il -4.1954511633 0.951309979693 3.0657
13il13il13il-13il- -4.20062132624 0.734979478018 2.1524
13il13il13il13il -4.1657907549 0.799742571601 2.9738
13il13il13il13il- -4.17422628389 0.91348615613 3.0536
13la13la -5.2645864351 1.35240577777 3.4362
13la13la- -5.40608563117 1.59921302936 4.5574
13la13la-13la -4.86838868612 0.841648102743 3.3352
13la13la-13la-13la -4.53613768921 0.547765157071 2.9916
13la13la-13la-13la- -4.42974117832 0.736340047211 3.1703
13la13la-13la13la- -4.4874293121 0.718380533864 3.0167
13la13la13la -4.69695696781 0.783687855125 3.0389
13la13la13la-13la -4.51790606203 0.535520034335 2.9225
13la13la13la-13la- -4.4028019083 0.717564192348 3.0221
13la13la13la13la -4.39790385921 0.446810922956 2.7024
13la13la13la13la- -4.36933190616 0.615793616718 2.8013
13ld13ld- -6.49726212389 0.0236739039569 4.1072
13ld13ld-13ld -6.06732225893 -0.699604679002 2.9382
13ld13ld-13ld-13ld -5.82704573946 -0.946684044437 2.7217
13ld13ld-13ld-13ld- -5.73262223747 -0.767905252487 2.9389
13ld13ld-13ld13ld- -5.77316719942 -0.785320538156 2.7048
13ld13ld13ld -4.42103353549 -1.39512765042 0.1587
13ld13ld13ld-13ld -4.44606800864 -1.19131438532 0.1881
13ld13ld13ld13ld -4.37967223202 -1.79050905789 0.1651
13ld13ld13ld13ld- -4.33776670088 -1.47050318371 0.1548
13le13le -3.90728260824 -0.237827494923 0.1737
13le13le- -5.71656752099 0.813076149692 4.1203
13le13le-13le -5.27111716723 0.0827226069298 2.9627
13le13le-13le-13le -4.91736917707 -0.109933990788 2.6765
13le13le-13le-13le- -4.81206112154 0.0707495980321 2.8582
13le13le-13le13le- -4.92498836455 0.0383680512405 2.7143
13le13le13le -3.96660342505 -0.799198343924 0.1422
13le13le13le-13le -3.76578341218 -0.423681246677 0.1641
13le13le13le-13le- -3.70891161991 -0.288168555061 0.1594
13le13le13le13le -3.94374586261 -1.18696056391 0.1306
13le13le13le13le- -3.80959374019 -0.760558178845 0.1272
13lf13lf- -5.2730219641 1.72901133037 4.3696
13lf13lf-13lf -4.67954168214 1.03947486339 2.7661
13lf13lf-13lf-13lf -4.23871726364 0.899608350362 2.9994
13lf13lf-13lf-13lf- -4.1418447371 1.00627697509 2.9336
13lf13lf-13lf13lf- -4.32769848885 0.897703553492 2.6481
13lh13lh- -4.86158584016 2.05962964425 4.5067
13lh13lh-13lh -4.38484239496 1.32737130462 3.0311
13lh13lh-13lh-13lh -3.98075334466 1.0966187695 2.9447
13lh13lh-13lh-13lh- -3.84197528698 1.23077089192 3.0345
13lh13lh-13lh13lh- -3.98265814153 1.18151828714 2.9056
13li13li -4.61205745018 0.966820468492 2.1891
13li13li- -5.1848570804 1.78969271637 4.5309
13li13li-13li -4.64879281838 1.05117575845 3.1903
13li13li-13li-13li -4.28388816084 0.799742571601 2.9571
13li13li-13li-13li- -4.17449839773 0.91348615613 3.0538
13li13li-13li13li- -4.25885368769 0.941241767665 2.9804
13li13li13li -4.62294200372 0.532798895949 2.1233
13li13li13li-13li -4.30320824338 0.598378331048 2.1524
13li13li13li-13li- -4.21068953826 0.734707364179 2.1632
13li13li13li13li -4.69015412185 0.259324488171 2.0904
13li13li13li13li- -4.41042109578 0.512662471894 2.1266
13ll -6.22460405763 2.75188724961 5.6544
13ll13ll -5.11900553146 1.64383969889 3.8399
13ll13ll- -5.01451381744 2.00411842118 4.5873
13ll13ll-13ll -4.53178386779 1.10233316011 3.1977
13ll13ll-13ll-13ll -4.47736110008 0.843825013452 2.9135
13ll13ll-13ll-13ll- -4.37150881687 1.09825145253 3.2900
13ll13ll-13ll13ll- -4.0882383109 0.998929901445 2.9172
13ll13ll13ll -4.78267282697 1.16627991217 3.5532
13ll13ll13ll-13ll -4.26266328143 0.877295015598 3.0023
13ll13ll13ll-13ll- -4.23409132838 1.09797933869 3.2244
13ll13ll13ll13ll -4.58375761096 0.892805504397 3.2803
13ll13ll13ll13ll- -4.37150881687 1.09825145253 3.2901
3 -8.65267583932 1.40546797629 5.1956
33 -7.69293033063 -0.284358961321 2.9197
333 -7.18298899713 -1.40628431781 1.8193
3333 -6.8569966185 -2.08520834508 1.1299
4dd -8.93785114216 -1.58724002047 4.9096
4dd4dd -8.56559941098 -2.34480494709 3.7706
4dd4dd4dd -8.15606808391 -2.78835050398 3.1828
4dd4dd4dd4dd -7.93075782556 -3.04740287831 2.8624
4dh -7.38625803455 0.29605985638 4.9158
4dh4dh -7.18162842793 -0.658787603214 4.0338
4dh4dh- -4.68199070669 -0.831852004554 0.5216
4dh4dh-4dh -4.39899231456 -1.09280917576 0.6201
4dh4dh-4dh-4dh -4.62539102827 -1.41063813922 0.4448
4dh4dh-4dh-4dh- -4.63681980949 -1.27349276458 0.5316
4dh4dh-4dh4dh -4.38076068738 -1.29607821318 0.6108
4dh4dh-4dh4dh- -4.3159975938 -1.18505576704 0.7000
4dh4dh4dh -6.94706629907 -1.05444112452 3.6410
4dh4dh4dh-4dh -4.48688508443 -1.44329179985 0.5315
4dh4dh4dh-4dh- -4.7652575413 -1.43431204318 0.4450
4dh4dh4dh4dh -6.77427401157 -1.28764268418 3.3766
4dh4dh4dh4dh- -4.84335421297 -1.47295220826 0.4253
4hd -7.38163209929 0.324631809432 4.9229
4hd4hd -7.15115167801 -0.607085973883 4.0363
4hd4hd- -4.93913828415 -0.866682575893 0.7141
4hd4hd-4hd -4.66239851031 -1.17471544117 0.7181
4hd4hd-4hd-4hd -4.85396665268 -1.37744025092 0.6382
4hd4hd-4hd-4hd- -5.13914195551 -1.4541763534 0.6272
4hd4hd-4hd4hd -4.75382876008 -1.49200017696 0.6417
4hd4hd-4hd4hd- -4.5494712673 -1.31539829572 0.7422
4hd4hd4hd -6.89536466974 -0.991310713965 3.6458
4hd4hd4hd-4hd -4.58511818016 -1.28818691186 0.7126
4hd4hd4hd-4hd- -4.9796832461 -1.36410667283 0.6219
4hd4hd4hd4hd -6.71005514567 -1.21852576918 3.3791
4hd4hd4hd4hd- -4.79029201445 -1.20111048351 0.6984
4hh -5.7413298803 1.52356538224 4.2857
4hh4hh -5.34431578981 0.662325083116 3.5589
4hh4hh4hh -5.08363073244 0.258236032817 3.1678
4hh4hh4hh4hh -4.90893364807 0.0334700021459 2.9197
6aa -8.65920657145 0.583139956087 5.1572
6aa6aa -7.50870926191 -0.54041808343 4.3143
6aa6aa- -7.52258706768 -0.546676701717 4.4052
6aa6aa-4aa6aa -6.54923586706 -1.21798154151 3.2605
6aa6aa-6aa -7.00665922972 -1.08546210212 3.6724
6aa6aa-6aa-6aa -6.71005514567 -1.37254220182 3.2605
6aa6aa-6aa-6aa- -6.70515709657 -1.37335854334 3.2584
6aa6aa-6aa6aa- -6.72529352063 -1.37335854334 3.2659
6aa6aa6aa -6.97890361819 -1.07893136999 3.6710
6aa6aa6aa-6aa -6.70842246263 -1.36628358353 3.2611
6aa6aa6aa-6aa- -6.70270807202 -1.36791626657 3.2582
6aa6aa6aa6aa -6.6877418109 -1.36519512818 3.2540
6aa6aa6aa6aa- -6.69263986 -1.36410667283 3.2559
6ad6ad -8.30872394735 -1.61907733958 3.9348
6ad6ad- -8.1538911732 -1.64166278818 3.1912
6ad6ad-4ad6ad -7.4387760054 -2.22942867953 2.9722
6ad6ad-6ad -7.82544977002 -2.06779305941 3.0130
6ad6ad-6ad-6ad -7.62626244018 -2.35786641134 2.9774
6ad6ad-6ad-6ad- -7.6461267504 -2.36058754972 3.0981
6ad6ad-6ad6ad- -7.57918674611 -2.32875023061 2.9419
6ad6ad6ad -7.92096172737 -2.1227600548 3.5814
6ad6ad6ad-6ad -7.63442585534 -2.38344511217 2.9301
6ad6ad6ad-6ad- -7.65918821465 -2.38834316126 2.9599
6ad6ad6ad6ad -7.69837260741 -2.41337763441 3.2283
6ad6ad6ad6ad- -7.6793246387 -2.41201706522 2.9741
6ae6ae -7.32557664854 -0.797021433215 3.7577
6ae6ae- -6.95985564949 -0.779334033707 2.8278
6ae6ae-4ae6ae -6.44365569769 -1.28056772438 2.6497
6ae6ae-6ae -6.67495246049 -1.14559926044 2.7064
6ae6ae-6ae-6ae -6.59222985356 -1.39866513033 2.6955
6ae6ae-6ae-6ae- -6.63087001864 -1.41172659458 2.7755
6ae6ae-6ae6ae- -6.53780708584 -1.3646509005 2.6465
6ae6ae6ae -6.9416240223 -1.23893430708 3.4315
6ae6ae6ae-6ae -6.59685578881 -1.4337678155 2.6389
6ae6ae6ae-6ae- -6.63604018157 -1.44465236905 2.6718
6ae6ae6ae6ae -6.69182351848 -1.48165985109 3.1974
6ae6ae6ae6ae- -6.65046221502 -1.46669358997 2.6953
6af6af -7.12557297718 -0.608718656914 3.9847
6af6af- -7.28612014195 -0.629943536324 4.0643
6af6af-4af6af -6.21671275631 -1.14369446357 3.1076
6af6af-6af -6.75005587994 -1.06995161332 3.4671
6af6af-6af-6af -6.3492321957 -1.28709845651 3.0807
6af6af-6af-6af- -6.35984463541 -1.32328959704 3.0769
6af6af-6af6af- -6.54352147645 -1.36628358353 3.1090
6af6af6af -6.75903563661 -1.18342308401 3.3704
6af6af6af-6af -6.54569838716 -1.41934578206 3.0710
6af6af6af-6af- -6.56338578667 -1.4541763534 3.0640
6af6af6af6af -6.54923586706 -1.50234050283 3.0109
6af6af6af6af- -6.60556343165 -1.51186448718 3.0362
6ah6ah -6.61971335126 -0.252793756045 3.8786
6ah6ah- -6.86733694437 -0.270753269392 4.0477
6ah6ah-4ah6ah -6.0607915268 -0.837566395164 3.1638
6ah6ah-6ah -6.49345253015 -0.748313056109 3.4953
6ah6ah-6ah-6ah -6.15956885021 -0.999746242961 3.1051
6ah6ah-6ah-6ah- -6.08800291066 -1.01824998398 3.0677
6ah6ah-6ah6ah- -6.25372023836 -1.0070933166 3.1565
6ah6ah6ah -6.24229145714 -0.714026712447 3.3622
6ah6ah6ah-6ah -6.14841218283 -0.956752256465 3.1180
6ah6ah6ah-6ah- -6.0953499843 -0.972262745264 3.0843
6ah6ah6ah6ah -6.00310339302 -0.970630062232 3.0407
6ah6ah6ah6ah- -6.05997518529 -0.951309979693 3.0716
6ai6ai -7.1454372874 -0.306128068408 4.1795
6ai6ai- -7.1454372874 -0.285719530514 3.7391
6ai6ai-4ai6ai -6.25181544149 -0.84219233042 3.3091
6ai6ai-6ai -6.68039473726 -0.74042175479 3.4124
6ai6ai-6ai-6ai -6.38134162865 -0.994848193866 3.2838
6ai6ai-6ai-6ai- -6.3873281331 -1.01797787015 3.2900
6ai6ai-6ai6ai- -6.38596756391 -0.982058843453 3.2845
6ai6ai6ai -6.65944197169 -0.770354277034 3.6546
6ai6ai6ai-6ai -6.37562723804 -0.983147298807 3.2705
6ai6ai6ai-6ai- -6.37889260411 -1.00464429206 3.2472
6ai6ai6ai6ai -6.37753203491 -1.02314803308 3.2911
6ai6ai6ai6ai- -6.37045707511 -0.998929901445 3.2812
6al6al -6.77835571915 -0.300141563959 4.0424
6al6al- -6.85998987073 -0.26340619575 4.0953
6al6al6al -6.25916251513 -0.739877527112 3.4146
6al6al6al6al -5.93942875479 -0.984779981839 3.0285
6al6al6al6al- -5.93861241328 -0.935255263216 3.0448
6da6da -8.18464003696 -1.49472131535 3.5596
6da6da- -8.16640840977 -1.70098360499 3.6970
6da6da-4da6da -7.45347015268 -2.24221802994 3.1462
6da6da-6da -7.7794625313 -2.07595647456 3.4870
6da6da-6da-6da -7.57837040459 -2.36276446043 3.1588
6da6da-6da-6da- -7.62843935089 -2.38915950278 3.1882
6da6da-6da6da- -7.56068300508 -2.31351185565 3.2029
6da6da6da -7.7878980603 -2.04738452151 3.2953
6da6da6da-6da -7.50870926191 -2.28793315482 3.1648
6da6da6da-6da- -7.58598959207 -2.36276446043 3.1494
6da6da6da6da -7.56285991579 -2.34807031315 3.1449
6da6da6da6da- -7.51415153868 -2.32766177526 3.1446
6dd -9.27010213907 -1.91323239909 4.4643
6dd6dd -8.85431219371 -2.61528610264 3.4193
6dd6dd6dd -8.59716461625 -3.07352580682 3.0562
6dd6dd6dd6dd -8.43933858987 -3.36033379269 2.9015
6de6de -7.8880359529 -1.81064548194 3.3957
6de6de6de -7.62871146473 -2.20493843405 3.0305
6de6de6de6de -7.4493884451 -2.44358227049 2.8743
6df6df -7.75823765189 -1.49689822606 3.5266
6df6df- -5.31737651979 -1.58615156511 0.0883
6df6df-4df6df -4.74376054805 -1.57989294682 0.0560
6df6df-6df -4.91954608778 -1.4147198468 -0.0996
6df6df-6df-6df -4.85423876652 -1.60955335523 0.0582
6df6df-6df6df- -4.59028834309 -1.80874068507 -0.3436
6df6df6df -7.51170251414 -2.10044672004 3.2343
6df6df6df-6df -5.11492382388 -1.85962597289 0.0827
6df6df6df-6df- -5.67248507914 -2.400588284 0.0879
6df6df6df6df -7.36721006585 -2.43841210756 2.9156
6df6df6df6df- -5.69724743845 -2.49827715205 0.0136
6dh6dh -7.2850316866 -1.14451080509 3.5742
6dh6dh- -5.25642301994 -1.14832039883 0.8111
6dh6dh-4dh6dh -5.08390284628 -1.76329767403 0.8083
6dh6dh-6dh -4.96308430195 -1.44982253198 0.8960
6dh6dh-6dh-6dh -5.12335935288 -1.83758475196 0.7536
6dh6dh-6dh-6dh- -5.44771904847 -1.86017020057 0.8680
6dh6dh-6dh6dh- -4.88389917492 -1.60710433068 0.9547
6dh6dh6dh -7.02298606004 -1.62098213645 3.2482
6dh6dh6dh-6dh -5.01696284199 -1.77309377222 0.8446
6dh6dh6dh-6dh- -5.42921530745 -1.92819866021 0.7986
6dh6dh6dh6dh -6.85400336628 -1.88819792594 2.9686
6dh6dh6dh6dh- -5.29642375422 -1.87268743714 0.7430
6di6di -7.78055098666 -1.2419275593 3.5059
6di6di- -6.15603137031 -1.24247178698 1.3682
6di6di-4di6di -6.03630128133 -1.72492962279 1.3899
6di6di-6di -5.77888159003 -1.51349717021 1.3827
6di6di-6di-6di -6.05317233932 -1.82697231226 1.3411
6di6di-6di-6di- -6.2349443835 -1.8879258121 1.3891
6di6di-6di6di- -5.62731418194 -1.72547385047 1.3801
6di6di6di -7.42571454114 -1.70778645096 3.2836
6di6di6di-6di -5.80446029085 -1.82969345064 1.3517
6di6di6di-6di- -6.24065877411 -1.91486508212 1.3562
6di6di6di6di -7.21183306402 -1.97146476055 3.1336
6di6di6di6di- -6.17671202204 -1.91350451293 1.3325
6dl6dl -7.44421828217 -1.19594032058 3.5958
6dl6dl- -4.54157996598 -0.484090518843 0.5514
6dl6dl6dl -7.06026565592 -1.6544521386 3.3202
6dl6dl6dl6dl -6.8153632012 -1.90833435 2.9878
6dl6dl6dl6dl- -4.62294200372 -1.30206471763 0.6833
6ea6ea -7.0657079327 -0.675658661206 2.9564
6ea6ea- -7.1503353365 -0.822872247881 3.1716
6ea6ea-4ea6ea -6.40664821564 -1.27240430922 2.9891
6ea6ea-6ea -6.73100791124 -1.13063299932 3.0797
6ea6ea-6ea-6ea -6.4994390346 -1.39295073972 2.9337
6ea6ea-6ea-6ea- -6.57617513708 -1.45172732885 2.6817
6ea6ea-6ea6ea- -6.47249976458 -1.32492228007 3.0660
6ea6ea6ea -6.76202888884 -1.15920495237 2.6946
6ea6ea6ea-6ea -6.42161447677 -1.30859544975 2.9665
6ea6ea6ea-6ea- -6.51930334482 -1.42424383115 2.8788
6ea6ea6ea6ea -6.52392928007 -1.41580830216 2.5775
6ea6ea6ea6ea- -6.4422951285 -1.36084130676 2.6756
6ed6ed -7.78055098666 -1.84302702874 2.7898
6ed6ed6ed -7.57483292469 -2.20085672647 2.4759
6ed6ed6ed6ed -7.42489819963 -2.43813999372 2.3581
6ee -7.4804094227 -0.663957766147 4.5049
6ee6ee -6.95958353565 -1.08600632979 2.8561
6ee6ee6ee -6.66570058998 -1.38478732456 2.5329
6ee6ee6ee6ee -6.47304399226 -1.57880449147 2.4069
6ef6ef -6.7187627885 -0.714298826285 2.9525
6ef6ef- -4.3372224732 -0.826409727782 -0.1496
6ef6ef-4ef6ef -3.89068366409 -0.835117370617 -0.2070
6ef6ef-6ef -3.99735228881 -1.01144713802 -0.2672
6ef6ef-6ef-6ef -4.00143399639 -0.988861689418 -0.1984
6ef6ef-6ef-6ef- -4.5198108589 -1.31703097875 -0.1992
6ef6ef-6ef6ef- -3.62510055763 -1.08219673605 -0.4958
6ef6ef6ef -6.43603651021 -1.25444479588 2.7345
6ef6ef6ef-6ef -4.25613254931 -1.18070194562 -0.1823
6ef6ef6ef-6ef- -4.73532501905 -1.52274904072 0.1431
6ef6ef6ef6ef -6.26923072716 -1.55268156297 2.6340
6ef6ef6ef6ef- -4.60117289663 -1.59458709411 -0.0852
6eh6eh -6.2871902405 -0.377694007956 2.9803
6eh6eh- -4.50103500403 -0.395381407464 0.8237
6eh6eh-4eh6eh -4.3350455625 -0.967092582331 0.8583
6eh6eh-6eh -4.19871652937 -0.753483219042 0.9366
6eh6eh-6eh-6eh -4.35899158029 -1.0416517741 0.7904
6eh6eh-6eh-6eh- -4.63845249252 -1.07512177625 0.8518
6eh6eh-6eh6eh- -4.12715058982 -0.954575345756 0.9498
6eh6eh6eh -5.97752469219 -0.805456962211 2.7966
6eh6eh6eh-6eh -4.20878474139 -0.98831746174 0.8822
6eh6eh6eh-6eh- -4.5720567159 -1.09634665566 0.7897
6eh6eh6eh6eh -5.78214695609 -1.04110754643 2.7129
6eh6eh6eh6eh- -4.43763247964 -1.01852209782 0.7677
6ei6ei -6.75658661206 -0.444089784571 2.9341
6ei6ei- -5.15818992422 -0.438103280122 1.2862
6ei6ei-4ei6ei -4.97097560327 -0.883825747724 1.2998
6ei6ei-6ei -4.55328086104 -0.745591917723 1.2697
6ei6ei-6ei-6ei -4.98648609207 -0.977705022036 1.2516
6ei6ei-6ei-6ei- -5.24308944185 -1.04845462007 1.3031
6ei6ei-6ei6ei- -4.30728995096 -0.976072339004 1.2717
6ei6ei6ei -6.39521943442 -0.865049892861 2.7200
6ei6ei6ei-6ei -4.52770216021 -1.00246738135 1.2206
6ei6ei6ei-6ei- -5.16853025008 -1.05389689684 1.2495
6ei6ei6ei6ei -6.17126974527 -1.09389763111 2.6141
6ei6ei6ei6ei- -5.06240585303 -1.02995087904 1.2340
6el6el -6.45209122669 -0.422320677484 2.9739
6el6el- -3.87952699671 0.139322285355 0.8196
6el6el6el -6.04500892416 -0.832124118393 2.7329
6el6el6el6el -5.78405175296 -1.05471323836 2.6208
6el6el6el6el- -3.80768894332 -0.539329628075 0.9144
6fa6fa -7.01509475872 -0.551030523134 3.9003
6fa6fa- -6.84883320334 -0.257963918978 4.1028
6fa6fa-4fa6fa -6.24011454643 -1.07566600393 3.1599
6fa6fa-6fa -6.68746969706 -1.01335193489 3.4714
6fa6fa-6fa-6fa -6.33617073145 -1.25907073113 3.0915
6fa6fa-6fa-6fa- -6.04990697326 -0.985596323355 3.0877
6fa6fa-6fa6fa- -6.27031918251 -1.09825145253 3.1095
6fa6fa6fa -6.67522457433 -1.0917207204 3.3262
6fa6fa6fa-6fa -6.38052528714 -1.26913894316 3.0640
6fa6fa6fa-6fa- -6.10541819633 -1.0106307965 3.0594
6fa6fa6fa6fa -6.4888265949 -1.38669212143 2.9970
6fa6fa6fa6fa- -6.23984243259 -1.131177227 3.0110
6fd6fd -7.75578862735 -1.47077529755 3.7865
6fd6fd- -4.64062940323 -0.613616706009 0.4408
6fd6fd-4fd6fd -4.66484753486 -1.46206765472 0.0965
6fd6fd-6fd -4.88879722402 -1.32873187381 0.1772
6fd6fd-6fd-6fd -4.85233396965 -1.57989294682 0.1020
6fd6fd-6fd-6fd- -4.83491868398 -1.44682927976 0.4450
6fd6fd-6fd6fd- -4.30973897551 -1.25308422668 0.0906
6fd6fd6fd -7.55578495599 -2.02507118675 3.3303
6fd6fd6fd-6fd -4.66403119335 -1.85037410238 0.2074
6fd6fd6fd-6fd- -4.57749899268 -1.76465824322 0.3927
6fd6fd6fd6fd -7.43768755004 -2.34534917476 3.0633
6fd6fd6fd6fd- -4.34946759594 -1.93037557092 0.3582
6fe6fe -6.7271983175 -0.693890288392 3.6308
6fe6fe- -3.92469789391 -0.429395637287 0.2218
6fe6fe-4fe6fe -3.69530592798 -0.725455493667 -0.1915
6fe6fe-6fe -3.90075187611 -0.742870779337 0.0738
6fe6fe-6fe-6fe -3.99354269507 -0.833756801424 0.0754
6fe6fe-6fe-6fe- -3.97639952324 -0.669400042919 0.2452
6fe6fe6fe -6.48909870873 -1.18451153936 3.1910
6fe6fe6fe-6fe -3.71598657972 -1.01607307328 0.0781
6fe6fe6fe-6fe- -3.7461912158 -0.902601602586 0.1054
6fe6fe6fe6fe -6.34596682964 -1.45961863017 2.9324
6fe6fe6fe6fe- -3.58101811578 -1.0797477115 0.0222
6ff -7.01727166943 0.619603210458 4.6233
6ff6ff -6.43222691647 -0.725727607506 3.3620
6ff6ff- -5.59792588737 -0.40000734272 2.7666
6ff6ff-4ff6ff -5.14839382603 -1.00437217822 2.2280
6ff6ff-6ff -5.3886703455 -1.10097259091 2.2199
6ff6ff-6ff-6ff -5.22757895305 -1.13988486983 2.1875
6ff6ff-6ff-6ff- -5.22349724548 -0.906411196326 2.3742
6ff6ff-6ff6ff- -4.80634673093 -1.20655276029 1.6839
6ff6ff6ff -6.16637169617 -1.36192976212 2.7853
6ff6ff6ff-6ff -5.33397546394 -1.46043497169 1.9786
6ff6ff6ff-6ff- -5.29370261583 -1.19485186523 2.1494
6ff6ff6ff6ff -6.01589274344 -1.72737864734 2.4440
6ff6ff6ff6ff- -5.46676701717 -1.44193123066 2.1239
6fh6fh -5.90051647588 -0.384224740082 3.2139
6fh6fh- -4.12660636214 -0.233201559667 1.0515
6fh6fh-4fh6fh -4.09912286444 -0.857974933058 0.9350
6fh6fh-6fh -4.33613401785 -0.913758269968 0.9153
6fh6fh-6fh-6fh -4.17123303167 -1.03212778975 0.8981
6fh6fh-6fh-6fh- -4.03000594944 -0.787769562703 0.9214
6fh6fh-6fh6fh- -4.05667310562 -1.02913453753 0.7161
6fh6fh6fh -5.60282393646 -0.911853473098 2.7228
6fh6fh6fh-6fh -4.23381921454 -1.13172145467 0.7280
6fh6fh6fh-6fh- -3.9845629384 -0.877839243275 0.7216
6fh6fh6fh6fh -5.42268457532 -1.21798154151 2.4206
6fh6fh6fh6fh- -3.99327058123 -1.01607307328 0.6941
6fi6fi -6.51059570198 -0.376061324924 3.6649
6fi6fi- -3.60197088135 -0.225854486025 0.7895
6fi6fi-4fi6fi -3.53911258464 -0.782327285932 0.7238
6fi6fi-6fi -3.75734788318 -0.829675093845 0.7118
6fi6fi-6fi-6fi -3.63952259107 -0.942874450697 0.7260
6fi6fi-6fi-6fi- -3.50074453339 -0.727088176699 0.7282
6fi6fi-6fi6fi- -3.4958464843 -0.914846725322 0.5814
6fi6fi6fi -6.17888893275 -0.877567129436 3.1462
6fi6fi6fi-6fi -3.68578194363 -1.03974697723 0.4981
6fi6fi6fi-6fi- -3.50509835481 -0.832124118393 0.4846
6fi6fi6fi6fi -5.98759290422 -1.16165397692 2.8365
6fi6fi6fi6fi- -3.51108485926 -0.958657053335 0.3933
6fl6fl -6.1418814507 -0.366537340574 3.4368
6fl6fl- -4.98730243358 -0.249256276144 1.9123
6fl6fl6fl -5.77616045164 -0.831579890715 2.9242
6fl6fl6fl6fl -5.55547612855 -1.09634665566 2.6056
6fl6fl6fl6fl- -4.66131005496 -0.918928432901 1.4423
6ha6ha -6.49426887167 -0.185037410238 3.7641
6ha6ha- -6.80475076149 -0.182044158013 4.0716
6ha6ha-4ha6ha -6.00147070999 -0.747496714593 3.1510
6ha6ha-6ha -6.40610398797 -0.658515489375 3.5042
6ha6ha-6ha-6ha -6.09317307359 -0.920561115933 3.0748
6ha6ha-6ha-6ha- -5.99711688857 -0.887363227625 3.0111
6ha6ha-6ha6ha- -6.16310633011 -0.916207294515 3.1612
6ha6ha6ha -6.12963632796 -0.63647426845 3.2520
6ha6ha6ha-6ha -6.0798394955 -0.919472660578 3.0877
6ha6ha6ha-6ha- -6.02922632153 -0.910765017744 3.0352
6ha6ha6ha6ha -5.91956444458 -0.879744040145 2.9582
6ha6ha6ha6ha- -5.99303518099 -0.913214042291 3.0030
6hd6hd -7.31850168874 -1.09090437889 3.7238
6hd6hd- -5.17533309605 -1.16165397692 0.7403
6hd6hd-4hd6hd -4.94022673951 -1.70697010944 0.6181
6hd6hd-6hd -4.93532869041 -1.51295294253 0.7921
6hd6hd-6hd-6hd -4.97723422156 -1.86452402198 0.6083
6hd6hd-6hd-6hd- -5.45941994353 -1.92275638344 0.5921
6hd6hd-6hd6hd- -4.86131372632 -1.69472498671 0.8267
6hd6hd6hd -7.11115094374 -1.53281725275 3.3238
6hd6hd6hd-6hd -4.76280851675 -1.81363873417 0.6974
6hd6hd6hd-6hd- -5.19084358485 -1.91214394374 0.5496
6hd6hd6hd6hd -6.98978817173 -1.78234564273 3.0882
6hd6hd6hd6hd- -4.94975072386 -1.75785539726 0.6401
6he6he -6.35712349702 -0.338781729038 3.5971
6he6he- -4.45096605773 -0.419871652937 0.8587
6he6he-4he6he -4.1919136834 -0.893621845913 0.7004
6he6he-6he -4.13204863891 -0.802191596148 0.9294
6he6he-6he-6he -4.22837693777 -1.03974697723 0.7038
6he6he-6he-6he- -4.63355444342 -1.04818250623 0.6718
6he6he-6he6he- -4.04714912127 -1.0155288456 0.9358
6he6he6he -6.10079226107 -0.725999721345 3.1969
6he6he6he-6he -3.93993626887 -1.02995087904 0.8654
6he6he6he-6he- -4.37722320748 -1.06804681645 0.6359
6he6he6he6he -5.9451431454 -0.935527377055 2.9606
6he6he6he6he- -4.16687921025 -0.950765752016 0.7763
6hf6hf -5.92881631509 -0.369530592798 3.2293
6hf6hf- -5.61588540072 -0.398646773527 2.6043
6hf6hf-4hf6hf -3.63462454198 -0.852260542448 0.5905
6hf6hf-6hf -4.32280043976 -0.886818999948 0.8707
6hf6hf-6hf-6hf -4.16170904732 -0.971990631425 0.8943
6hf6hf-6hf-6hf- -5.20853098435 -0.911037131582 2.2999
6hf6hf-6hf6hf- -4.39409426547 -1.13553104841 0.8600
6hf6hf6hf -5.61915076678 -0.923282254319 2.6907
6hf6hf6hf-6hf -4.41858451094 -1.20927389867 0.8149
6hf6hf6hf-6hf- -5.29424684351 -1.12355803952 2.1818
6hf6hf6hf6hf -5.43547392573 -1.24247178698 2.3693
6hf6hf6hf6hf- -5.34513213132 -1.25335634052 2.1585
6hh -6.11630274987 0.918656319063 4.0959
6hh6hh -5.48690344123 -0.0117008950592 3.1609
6hh6hh6hh -5.16254374563 -0.453341655082 2.6984
6hh6hh6hh6hh -4.96390064347 -0.704502728096 2.4102
6hi6hi -6.04800217639 -0.00680284596462 3.5708
6hi6hi- -3.17937809003 0.269664814038 0.5657
6hi6hi-4hi6hi -2.61882358254 -0.120002202816 0.2229
6hi6hi-6hi-6hi -2.79760237449 -0.231296762797 0.3549
6hi6hi-6hi-6hi- -3.42373631708 -0.420960108291 0.5719
6hi6hi-6hi6hi- -2.20956436931 -0.126532934942 0.1458
6hi6hi6hi -5.6961589831 -0.422864905161 3.0937
6hi6hi6hi-6hi -2.48630414315 -0.651440529572 -0.3762
6hi6hi6hi-6hi- -3.34019736863 -0.48272994965 0.3697
6hi6hi6hi6hi -5.4874476689 -0.652528984927 2.8082
6hi6hi6hi6hi- -3.18672516367 -0.444906126086 0.2950
6hl6hl -5.71928865938 0.017687399508 3.3855
6hl6hl- -4.06837400068 -0.152111635769 1.1078
6hl6hl6hl -5.33424757778 -0.364632543704 2.9063
6hl6hl6hl6hl -5.09805276589 -0.575520768607 2.6091
6hl6hl6hl6hl- -3.82918593657 -0.618514755104 0.8661
6ia6ia -7.04557150864 -0.319461646499 3.6768
6ia6ia- -7.12666143254 -0.230208307443 4.1887
6ia6ia-4ia6ia -6.22433194379 -0.828314524652 3.2843
6ia6ia-6ia -6.61073359458 -0.680284596462 3.6543
6ia6ia-6ia-6ia -6.35385813096 -0.989405917095 3.2263
6ia6ia-6ia-6ia- -6.38977715765 -1.06097185664 3.1180
6ia6ia-6ia6ia- -6.31549007972 -0.918656319063 3.2930
6ia6ia6ia -6.61699221287 -0.816885743432 3.2435
6ia6ia6ia-6ia -6.31603430739 -0.952942662724 3.2504
6ia6ia6ia-6ia- -6.38161374249 -1.04491714017 3.2004
6ia6ia6ia6ia -6.36991284743 -1.08546210212 3.0513
6ia6ia6ia6ia- -6.33399382074 -1.01498461792 3.1203
6id6id -7.81565367184 -1.34723561483 3.5350
6id6id- -6.09371730127 -1.20546430493 1.4064
6id6id-4id6id -5.85833883089 -1.73663051785 1.3465
6id6id-6id -5.71765597635 -1.55240944913 1.3786
6id6id-6id-6id -5.88228484869 -1.87812971391 1.3456
6id6id-6id-6id- -6.44066244547 -2.04874509071 1.3357
6id6id-6id6id- -5.55465978703 -1.78261775657 1.3634
6id6id6id -7.52313129536 -1.80003304224 3.0829
6id6id6id-6id -5.5734356419 -1.83023767832 1.3578
6id6id6id-6id- -6.1503169797 -1.99785980289 1.3353
6id6id6id6id -7.35088323553 -2.07214688082 2.9405
6id6id6id6id- -5.84310045593 -1.90806223616 1.3892
6ie6ie -6.85046588638 -0.561098735162 3.5245
6ie6ie- -5.14376789077 -0.397014090495 1.4105
6ie6ie-4ie6ie -4.89369527311 -0.859879729928 1.3379
6ie6ie-6ie -4.53069541244 -0.774163870774 1.3242
6ie6ie-6ie-6ie -4.93532869041 -0.993487624674 1.3430
6ie6ie-6ie-6ie- -5.43166433199 -1.14859251267 1.3235
6ie6ie-6ie6ie- -4.27463629033 -1.00763754428 1.2455
6ie6ie6ie -6.53100423988 -0.964099330106 3.0685
6ie6ie6ie-6ie -4.40470670517 -0.986956892547 1.2876
6ie6ie6ie-6ie- -5.17097927463 -1.11784364891 1.3115
6ie6ie6ie6ie -6.33263325155 -1.19512397906 2.9059
6ie6ie6ie6ie- -4.8844434026 -1.04437291249 1.3806
6if6if -6.56665115273 -0.448443605988 3.4786
6if6if- -5.75384711688 -0.410619782425 2.4156
6if6if-4if6if -3.42972282152 -0.822328020204 0.7221
6if6if-6if -3.80796105716 -0.818790540302 0.7612
6if6if-6if-6if -3.67952332535 -0.955391687272 0.7642
6if6if-6if-6if- -5.80119492479 -1.04355657097 2.3852
6if6if-6if6if- -3.96143326212 -1.10559852617 0.6893
6if6if6if -6.24065877411 -1.01362404873 3.0152
6if6if6if-6if -3.929595943 -1.14260600822 0.7535
6if6if6if-6if- -5.96854493552 -1.22396804595 2.3223
6if6if6if6if -6.05235599781 -1.33308569523 2.7137
6if6if6if6if- -5.98079005826 -1.31811943411 2.2113
6ih6ih -6.08963559369 -0.100137892599 3.4454
6ih6ih- -3.21121540914 0.181227816498 0.6367
6ih6ih-4ih6ih -2.85855587433 -0.252249528368 0.4623
6ih6ih-6ih -2.59569390626 -0.0383680512405 0.3092
6ih6ih-6ih-6ih -2.99107531373 -0.339325956715 0.5642
6ih6ih-6ih-6ih- -3.49530225662 -0.643549228253 0.4912
6ih6ih-6ih6ih- -2.34888665466 -0.1346963501 0.0974
6ih6ih6ih -5.74160199414 -0.558649710615 3.0061
6ih6ih6ih-6ih -2.7067163524 -0.29415505951 0.2809
6ih6ih6ih-6ih- -3.50047241956 -0.616065730556 0.5646
6ih6ih6ih6ih -5.52554360631 -0.817974198786 2.7297
6ih6ih6ih6ih- -3.35244249137 -0.489804909453 0.6465
6ii -7.47714405664 0.813076149692 5.0406
6ii6ii -6.64501993824 -0.112927243013 3.6015
6ii6ii6ii -6.24011454643 -0.561098735162 3.2263
6ii6ii6ii6ii -5.99847745777 -0.807361759081 3.0330
6il6il -6.30351707082 -0.10966187695 3.5605
6il6il- -3.42019883717 -0.0661236627761 0.7815
6il6il6il -5.85452923715 -0.534159465142 3.1041
6il6il6il6il -5.57642889412 -0.771714846227 2.8171
6il6il6il6il- -3.31325809861 -0.59810621721 0.7489
6la6la -6.73400116346 -0.311298231341 3.9554
6la6la6la -6.24936641694 -0.782327285932 3.3304
6la6la6la6la -5.96228631723 -1.0416517741 2.9730
6ld6ld -7.59986739784 -1.2313151196 3.9277
6ld6ld6ld -7.28530380043 -1.67486067649 3.4231
6ld6ld6ld6ld -7.09645679646 -1.91949101738 3.1258
6le6le -6.67549668817 -0.474566534492 3.8247
6le6le6le -6.32855154397 -0.862600868314 3.3305
6le6le6le6le -6.10296917178 -1.06831893028 3.0342
6lf6lf -6.24746162007 -0.442729215378 3.4481
6lf6lf6lf -5.87520988889 -0.977432908197 2.8741
6lf6lf6lf6lf -5.64799483367 -1.28519365964 2.5274
6lh6lh -5.85289655412 -0.0585044752958 3.4313
6lh6lh6lh -5.47955636758 -0.480008811264 2.9342
6lh6lh6lh6lh -5.23982407579 -0.715659395478 2.6202
6li6li -6.37154553047 -0.0919744774417 3.8277
6li6li6li -5.93235379499 -0.508852878154 3.2760
6li6li6li6li -5.66268898095 -0.738244844081 2.9444
6ll -6.83413905606 0.756476471266 4.6310
6ll6ll -6.04255989962 -0.0519737431697 3.6332
6ll6ll6ll -5.57397986957 -0.436742710929 3.0717
6ll6ll6ll6ll -5.27928058239 -0.645998252801 2.7244
