12dd -10.2028541314 0.999559429316 6.54076030056
12dd12dd -9.07294337562 -0.922702579651 4.15269623797
12dd12dd- -9.17283260301 -1.06185283351 4.20414110387
12dd12dd-12dd -8.72624029466 -1.55512946953 3.41335922582
12dd12dd-12dd-12dd -7.72529997787 -1.96337709471 1.7508354285
12dd12dd-12dd-12dd- -8.59907369739 -1.9963021468 3.0734938539
12dd12dd-12dd12dd- -8.51693930404 -1.86535663386 3.04447242262
12dd12dd-4dd12dd -7.11350045362 -1.99611287941 0.624428958396
12dd12dd12dd -8.73365753809 -1.60091071228 3.48590827728
12dd12dd12dd-12dd -8.56666003752 -1.93192393701 3.07872422913
12dd12dd12dd-12dd- -8.62186172515 -2.0073104431 3.11490295775
12dd12dd12dd12dd -8.62605027377 -2.03479232376 3.09396184092
12dd12dd12dd12dd- -8.598913059 -1.99640849451 3.07351556896
12dh -8.3748714955 1.47809209817 5.46359008956
12dh12dh -7.50500218513 0.1926692057 3.85591328707
12dh12dh- -7.54602687473 0.220840467002 3.94271456831
12dh12dh-12dh -7.1794750734 -0.346376012081 3.26172399266
12dh12dh-12dh-12dh -7.01876331099 -0.652470090647 2.93154576365
12dh12dh-12dh-12dh- -7.03004211743 -0.831722702357 2.9429150105
12dh12dh-12dh12dh- -7.00500604848 -0.680689410104 2.97577422569
12dh12dh-4dh12dh -7.20989760887 -0.500542515148 3.04312317559
12dh12dh12dh -7.13007718438 -0.438350817162 3.26309322118
12dh12dh12dh-12dh -6.967121878 -0.663359969257 2.99428143834
12dh12dh12dh-12dh- -6.98140494643 -0.742995499388 2.99256565264
12dh12dh12dh12dh -6.96361211629 -0.814584739104 2.96309056179
12dh12dh12dh12dh- -6.95050382956 -0.639392088159 2.99322445119
12hd -8.37619424431 1.47729524524 5.46367177367
12hd12hd -7.5063780702 0.192448644665 3.8566065102
12hd12hd- -7.54729338146 0.220655943349 3.94332718729
12hd12hd-12hd -7.18084547911 -0.346424770973 3.26270499563
12hd12hd-12hd-12hd -7.02029139776 -0.65235953404 2.93291149786
12hd12hd-12hd-12hd- -6.95209636025 -0.639351673047 2.99454846874
12hd12hd-12hd12hd- -7.00645801432 -0.680627592951 2.97708519729
12hd12hd-4hd12hd -7.2561092875 -0.648497914663 3.12310275716
12hd12hd12hd -7.1315256107 -0.438515652766 3.26412356274
12hd12hd12hd-12hd -7.017244891 -0.760650866964 2.97125155285
12hd12hd12hd-12hd- -6.98286054379 -0.743019775179 2.99386263056
12hd12hd12hd12hd -6.96517426817 -0.814676336897 2.96445683474
12hd12hd12hd12hd- -7.03148386701 -0.831746717155 2.94429477215
12hh -7.61494509978 2.90698666467 5.93401141334
12hh12hh -6.3478890363 1.54170142733 3.7973103385
12hh12hh- -6.28369621738 1.61681485878 4.01086676065
12hh12hh-12hh -5.85936737476 1.02224078016 3.20311120607
12hh12hh-12hh-12hh -5.63613739073 0.668812081491 2.73842580389
12hh12hh-12hh-12hh- -5.58021951536 0.705213187106 2.74628712628
12hh12hh-12hh12hh- -5.63987546809 0.6823548405 2.80589444344
12hh12hh-4hh12hh -5.68185043842 0.591142069157 2.79504418422
12hh12hh12hh -5.83148921461 1.01049930938 3.14644116087
12hh12hh12hh-12hh -5.61028249201 0.697241247436 2.80604595032
12hh12hh12hh-12hh- -5.57702819172 0.712534440296 2.80455720833
12hh12hh12hh12hh -5.55203625966 0.726608536522 2.7521169209
12hh12hh12hh12hh- -5.5802808354 0.705315389422 2.74638753642
13aa -8.64282357381 3.74070403143 7.13272816698
13aa13aa -7.11519917209 2.34024749427 5.09832877509
13aa13aa- -7.15457728798 2.33331544227 5.11382386431
13aa13aa-13aa -6.61924415592 1.854117723 4.41065230289
13aa13aa-13aa-13aa -6.34838245837 1.52345792804 3.98332097052
13aa13aa-13aa-13aa- -6.36797608857 1.44404083039 3.94499768678
13aa13aa-13aa13aa- -6.3687309159 1.58699251152 4.04978198772
13aa13aa-4aa13aa -6.56035414344 0.972479501996 3.80543395417
13aa13aa13aa -6.59961144875 1.73670405292 4.32569602585
13aa13aa13aa-13aa -6.37500307684 1.52682286171 4.01393769577
13aa13aa13aa-13aa- -6.38270057322 1.46514722042 3.9776014536
13aa13aa13aa13aa -6.39083370507 1.36709008624 3.90896677379
13aa13aa13aa13aa- -6.36797821297 1.4440354472 3.94499291514
13ad13ad -8.11521438575 0.943663965809 4.77371857043
13ad13ad- -8.18915459816 0.822041733718 4.75434864155
13ad13ad-13ad -7.79919372319 0.406076301182 4.19881166172
13ad13ad-13ad-13ad -7.60833210854 0.0560591564562 3.82589524494
13ad13ad-13ad-13ad- -7.6133188038 -0.0396687487415 3.78035665847
13ad13ad-13ad13ad- -7.63402611613 0.13276860349 3.90244869951
13ad13ad-4ad13ad -7.71608684213 -0.478418928582 3.58243779415
13ad13ad13ad -7.76257311295 0.295846735022 4.12123710116
13ad13ad13ad-13ad -7.67404121613 0.0146834057715 3.85806211684
13ad13ad13ad-13ad- -7.67910110938 -0.0625570828407 3.81226359609
13ad13ad13ad13ad -7.66867694546 -0.137779322211 3.75434617227
13ad13ad13ad13ad- -7.66670384635 -0.0936622428384 3.78563478156
13ae13ae -7.31531040885 1.52319355961 4.06554003107
13ae13ae- -7.38786680618 1.39216824922 4.1695017186
13ae13ae-13ae -6.95405495829 1.03255266932 3.94254776277
13ae13ae-13ae-13ae -6.7294105869 0.719602466117 3.63598155187
13ae13ae-13ae-13ae- -6.72830440728 0.624798380364 3.5957344417
13ae13ae-13ae13ae- -6.75126695155 0.799714014632 3.70141338289
13ae13ae-4ae13ae -6.85413950492 0.230173711496 2.92033687409
13ae13ae13ae -6.90084428587 0.958222421394 3.91782565238
13ae13ae13ae-13ae -6.76546232386 0.720330515542 3.67905170113
13ae13ae13ae-13ae- -6.76665167973 0.643948863164 3.63411896169
13ae13ae13ae13ae -6.7420352226 0.593941290737 3.60047205514
13ae13ae13ae13ae- -6.74849466509 0.642831371405 3.63038698155
13af13af -6.78753674903 2.16544986335 4.73954536947
13af13af- -6.79018927501 2.14195765429 4.70618701427
13af13af-13af -6.26573158798 1.67718744583 4.05754693442
13af13af-13af-13af -5.96916847227 1.3382632761 3.65765473324
13af13af-13af-13af- -5.99103269562 1.21583037925 3.60609394771
13af13af-13af13af- -6.06407732521 1.34808644148 3.71134595225
13af13af-4af13af -6.27850432736 1.02164449757 3.60468878317
13af13af13af -6.39706243721 1.50584566113 4.03309891793
13af13af13af-13af -6.11185654468 1.28372285147 3.69550804876
13af13af13af-13af- -6.12900386543 1.1902613421 3.64950750351
13af13af13af13af -6.25179374474 1.09417709491 3.65171396599
13af13af13af13af- -6.22657052793 1.16034741138 3.67092566097
13ah13ah -6.23600266253 2.40175143475 4.52558373759
13ah13ah- -6.29644966276 2.39348117308 4.53208763539
13ah13ah-13ah -5.87991796316 1.87768535978 3.9114701535
13ah13ah-13ah-13ah -5.66776600935 1.52553464509 3.54447842118
13ah13ah-13ah-13ah- -5.67294489594 1.4423808784 3.5093370956
13ah13ah-13ah13ah- -5.67237724743 1.57868160695 3.58539704962
13ah13ah-4ah13ah -5.98587647341 1.1810540243 3.47570647007
13ah13ah13ah -5.84580196529 1.79958405027 3.87493887426
13ah13ah13ah-13ah -5.67179915317 1.55870373347 3.58034449462
13ah13ah13ah-13ah- -5.67611474695 1.49807012918 3.54799061784
13ah13ah13ah13ah -5.6748265868 1.43200045576 3.51968826816
13ah13ah13ah13ah- -5.66975124821 1.5104432281 3.55332156334
13ai13ai -6.67290644624 2.47031624627 4.85486097964
13ai13ai- -6.69858952422 2.4653519249 4.85654328993
13ai13ai-13ai -6.17121034729 1.99288968215 4.18312373104
13ai13ai-13ai-13ai -5.91565923907 1.66256186722 3.77816021354
13ai13ai-13ai-13ai- -5.92942972473 1.58374933316 3.74179820437
13ai13ai-13ai13ai- -5.91612524808 1.72397798692 3.83450706047
13ai13ai-4ai13ai -6.13990698419 1.26053855912 3.65570744184
13ai13ai13ai -6.17095569808 1.88889262373 4.12467057876
13ai13ai13ai-13ai -5.93495475016 1.67129679431 3.8120744017
13ai13ai13ai-13ai- -5.94014001727 1.61471119334 3.77790399295
13ai13ai13ai13ai -5.95268523811 1.53668790067 3.72912052531
13ai13ai13ai13ai- -5.93954164308 1.61132735289 3.76419978899
13al13al -6.37214230814 2.45065713149 4.68321335303
13al13al- -6.46584535326 2.50146514729 4.75566699605
13al13al-13al -5.63511952067 1.97512071665 3.71531683561
13al13al-13al-13al -5.20271647805 1.77346508538 2.03175364811
13al13al-13al-13al- -4.99588502462 1.83988881411 1.96350450151
13al13al-13al13al- -5.48907579304 1.65522290506 3.41144771212
13al13al13al -5.87257663638 1.8619579228 3.95460736022
13al13al13al-13al -5.45136324378 1.65880233768 3.49337647946
13al13al13al-13al- -5.12812723926 1.74557427294 1.96792158703
13al13al13al13al -5.64459216103 1.50447840389 3.56511681537
13al13al13al13al- -5.63354806359 1.62662221933 3.62135614163
13da13da -8.11520434022 0.943747458779 4.77374995941
13da13da- -8.18913736359 0.822098409928 4.75435539349
13da13da-13da -7.79917176499 0.406154583862 4.19883931696
13da13da-13da-13da -7.60831314873 0.0561375030206 3.82592788492
13da13da-13da-13da- -7.66669512817 -0.0935851556041 3.78567489266
13da13da-13da13da- -7.63400106145 0.132860203963 3.90248657125
13da13da-4da13da -7.67101895951 -0.583586212758 3.50258858658
13da13da13da -7.76256430914 0.295925033521 4.1212723572
13da13da13da-13da -7.63097633125 0.0700446939556 3.85988462918
13da13da13da-13da- -7.67908942307 -0.0624835187427 3.81229337416
13da13da13da13da -7.66866886232 -0.13770356625 3.75438251718
13da13da13da13da- -7.61330049378 -0.039600225054 3.78038151312
13dd -9.90444790623 1.47420207341 6.37681444826
13dd13dd -5.45383797763 0.379371044612 0.0181163096267
13dd13dd- -8.9566686966 -0.391284808361 4.45206125216
13dd13dd-13dd -8.61236874828 -0.662241232184 3.97695582252
13dd13dd-13dd-13dd -5.96181686985 -0.704243243067 0.0149335659962
13dd13dd-13dd-13dd- -5.4035129083 -0.686748128092 0.0815469006184
13dd13dd-13dd13dd- -8.46779478502 -0.901258290175 3.71167139273
13dd13dd-4dd13dd -8.450400652 -1.72609397164 3.12229892336
13dd13dd13dd -5.26262675128 0.138576594971 0.0874347248218
13dd13dd13dd-13dd -5.76543398919 -0.858030848636 0.0118451354328
13dd13dd13dd-13dd- -5.79679455477 -0.868850219492 0.00486830605223
13dd13dd13dd13dd -5.22355698685 -0.0114269216994 0.113567618158
13dd13dd13dd13dd- -5.4034379536 -0.686886167094 0.0815193545341
13de13de 100.0 100.0 100.0
13de13de- -8.21112145746 0.160421455711 4.11072195153
13de13de-13de -7.84792264998 -0.141186603148 3.55239520255
13de13de-13de-13de -5.80186430813 -0.270086417341 0.00939684075638
13de13de-13de-13de- -5.35445089244 -0.300911408114 0.0899432363512
13de13de-13de13de- -7.68656499287 -0.360151719914 3.47492574026
13de13de-4de13de -7.6479751936 -1.14211653473 1.67668153709
13de13de13de -5.22392013554 0.617960709018 0.0887236124954
13de13de13de-13de 100.0 100.0 100.0
13de13de13de-13de- 100.0 100.0 100.0
13de13de13de13de -5.19755718919 0.448818696131 0.114120387553
13de13de13de13de- -5.32290139171 -0.213260114639 0.0808110080998
13df13df -7.76423497092 0.785097065025 4.33448350334
13df13df- -7.80977072984 0.732151782648 4.39052882457
13df13df-13df -7.41132143818 0.33149325367 3.85653395049
13df13df-13df-13df -7.19261949031 -0.0216560963567 3.48756658358
13df13df-13df-13df- -7.20635708188 -0.28663750271 3.39330278222
13df13df-13df13df- -7.29073698363 0.0118245151061 3.55244467753
13df13df-4df13df -7.43403826867 -0.302764527383 3.42715581282
13df13df13df -7.54330281173 0.0703788302947 3.74869199859
13df13df13df-13df -7.36307251761 -0.099933446092 3.51563347139
13df13df13df-13df- -7.38575584026 -0.285705577376 3.43289327821
13df13df13df13df -7.5239347881 -0.411768387273 3.42063699967
13df13df13df13df- -7.48018217155 -0.250106566398 3.46054892292
13dh13dh -7.10410716566 0.985326921365 3.95371388268
13dh13dh- -7.26392951126 0.996479969426 4.1965398544
13dh13dh-13dh -6.97524458162 0.51867461975 3.65383824516
13dh13dh-13dh-13dh -6.83819371583 0.133082681763 3.27957519962
13dh13dh-13dh-13dh- -6.82757955466 -0.10156763501 3.18067908553
13dh13dh-13dh13dh- -6.85938568185 0.218115110771 3.37260960564
13dh13dh-4dh13dh -7.08613315368 -0.147984135739 3.25222126788
13dh13dh13dh -6.87911552759 0.338648862224 3.458260677
13dh13dh13dh-13dh -6.85883644747 0.184425646379 3.34686119622
13dh13dh13dh-13dh- -6.86120555595 0.0230824888366 3.252936353
13dh13dh13dh13dh -6.83242341208 -0.0934379614746 3.17296286234
13dh13dh13dh13dh- -6.84175484584 0.113281734428 3.26608623193
13di13di -6.57490371363 1.02243837466 2.31692437866
13di13di- -7.72061150223 1.02530271811 4.53214377534
13di13di-13di -7.33013261739 0.588244317155 3.9521412827
13di13di-13di-13di -6.89548297061 0.213289666028 2.33120129702
13di13di-13di-13di- -6.6156497205 0.00356182639343 2.28498004321
13di13di-13di13di- -7.1674332537 0.311144626669 3.65007526361
13di13di-4di13di -7.27181644666 -0.201879677108 3.3803147351
13di13di13di -6.5355311302 0.387248407616 2.2677926351
13di13di13di-13di -6.84517097449 0.235168959747 2.29892010226
13di13di13di-13di- -6.82759857963 0.0883775270125 2.28890654351
13di13di13di13di -6.59430667071 -0.0379353802791 2.23622348839
13di13di13di13di- -6.64035687723 0.143249483731 2.27465095271
13dl13dl -7.36176961795 1.04709275097 4.31160703049
13dl13dl- -7.5203811822 1.07755932716 4.4529898346
13dl13dl-13dl -6.81537390824 0.588952351599 3.48390112515
13dl13dl-13dl-13dl -5.69348596121 0.431790538144 0.487540607654
13dl13dl-13dl-13dl- -5.17134493652 0.652937229852 0.549824273276
13dl13dl-13dl13dl- -6.75928876903 0.237185429823 2.37501359896
13dl13dl13dl -7.01396369519 0.413177942643 3.68969460295
13dl13dl13dl-13dl -6.7294125217 0.27846366449 3.32508193583
13dl13dl13dl13dl -6.90012173256 -0.00401964320352 3.35347273938
13dl13dl13dl13dl- -6.89767515724 0.233743133076 3.44376202065
13ea13ea -7.3153143148 1.52326092975 4.06561537879
13ea13ea- -7.38786607694 1.39221489246 4.16944804031
13ea13ea-13ea -6.95404386204 1.03261670897 3.94256801692
13ea13ea-13ea-13ea -6.72940257758 0.719660639765 3.63600344912
13ea13ea-13ea-13ea- -6.74849387425 0.642886783061 3.63041519081
13ea13ea-13ea13ea- -6.75125055034 0.799789010666 3.7014410161
13ea13ea-4ea13ea -6.80507607114 0.15129439017 3.24000867033
13ea13ea13ea -6.90084553973 0.95827954837 3.91785979652
13ea13ea13ea-13ea -6.74597078536 0.738413374852 3.66107774846
13ea13ea13ea-13ea- -6.76664913219 0.644004304398 3.63413502106
13ea13ea13ea13ea -6.7420360784 0.593992506908 3.60049781418
13ea13ea13ea13ea- -6.72829797568 0.624846784417 3.59574915364
13ed13ed -5.40449175756 0.881365553491 0.0119843270168
13ed13ed- -8.21114296146 0.160408580089 4.11067413633
13ed13ed-13ed -7.84793620289 -0.141208404328 3.55236529216
13ed13ed-13ed-13ed -5.80185057176 -0.270029679907 0.00953275881875
13ed13ed-13ed-13ed- -5.32294213288 -0.213170243793 0.0809760608436
13ed13ed-13ed13ed- -7.68657537393 -0.360174350637 3.47491797358
13ed13ed-4ed13ed -7.36702255325 -1.07652423479 1.28461037822
13ed13ed13ed -5.22388915751 0.617947740168 0.0888337976958
13ed13ed13ed-13ed -5.66275130938 -0.402547852534 0.0168534076702
13ed13ed13ed-13ed- -5.69117039295 -0.467195190035 -0.00996330434828
13ed13ed13ed13ed -5.19751673652 0.448844666034 0.114267935847
13ed13ed13ed13ed- -5.3543775723 -0.301064791769 0.0900165139446
13ee -8.36097751994 2.25614989303 4.24469814446
13ee13ee -5.0998159219 1.1660624497 0.198557845609
13ee13ee- -7.63719552727 0.684236224645 4.03365027177
13ee13ee-13ee -7.2110948057 0.347438578677 3.05349982338
13ee13ee-13ee-13ee -5.38346698794 0.210788735096 0.199010730817
13ee13ee-13ee-13ee- -4.97182178928 0.217515085295 0.304749778759
13ee13ee-13ee13ee- -7.01824072087 0.151168491681 3.02586936279
13ee13ee-4ee13ee -6.41844259911 -0.515831089846 0.253612632316
13ee13ee13ee -4.88611410658 1.06037735614 0.306502541616
13ee13ee13ee-13ee -5.2790880469 0.0678143526401 0.2078067906
13ee13ee13ee-13ee- -5.32112655317 -0.0287271847107 0.188174730044
13ee13ee13ee13ee -4.84034406727 1.04055312375 0.339200646497
13ee13ee13ee13ee- -4.97178164896 0.217382158713 0.304728886038
13ef13ef -7.1751046142 1.47568094231 0.953532219712
13ef13ef- -7.30419455684 1.23831450456 4.1810450178
13ef13ef-13ef -6.81276388784 0.900394489453 3.74270985673
13ef13ef-13ef-13ef -6.52598898895 0.582589859803 2.66436908735
13ef13ef-13ef-13ef- -6.51203947703 0.411656598448 2.65356225699
13ef13ef-13ef13ef- -6.64137266045 0.614030102868 3.46351652794
13ef13ef-4ef13ef -6.75478943316 0.286418255386 3.15543842348
13ef13ef13ef -6.8224358257 0.82463783413 0.956530825034
13ef13ef13ef-13ef -6.67527242363 0.514728123863 0.95118748595
13ef13ef13ef-13ef- -6.66881295895 0.373338138222 0.941166148163
13ef13ef13ef13ef -6.70932538979 0.401183000316 0.953778089391
13ef13ef13ef13ef- -6.73647040796 0.397083414476 0.957055132648
13eh13eh -6.58832063199 1.58906976911 1.21700445729
13eh13eh- -6.8025049728 1.50183046149 4.09640166722
13eh13eh-13eh -6.42249942416 1.07311135955 3.57774629676
13eh13eh-13eh-13eh -6.19437613168 0.744560770224 1.24806829877
13eh13eh-13eh-13eh- -6.15362614204 0.624380908857 1.25872692009
13eh13eh-13eh13eh- -6.25104313884 0.806985202543 3.30286192392
13eh13eh-4eh13eh -6.44599980221 0.427143501525 3.08326846144
13eh13eh13eh -6.26548492649 1.00957788601 1.22570753761
13eh13eh13eh-13eh -6.22574227088 0.77633775636 1.21430100111
13eh13eh13eh-13eh- -6.18896279601 0.683653479521 1.20325453148
13eh13eh13eh13eh -6.1427795824 0.635264506616 1.22482746273
13eh13eh13eh13eh- -6.17750671241 0.733637923704 1.22774817179
13ei13ei -5.55368254836 1.78218456652 0.374848564845
13ei13ei- -7.13609554125 1.55707319961 4.1818338637
13ei13ei-13ei -6.66072401246 1.16640264033 3.78188952898
13ei13ei-13ei-13ei -5.79424250065 0.888759904461 0.38250250826
13ei13ei-13ei-13ei- -5.4362543999 0.854007895839 0.350557831315
13ei13ei-13ei13ei- -6.44716459615 0.924719259713 3.51099188975
13ei13ei-4ei13ei -6.54694510468 0.402078974516 2.71592510741
13ei13ei13ei -5.38807515654 1.2418316112 0.345969007159
13ei13ei13ei-13ei -5.75802526613 0.881443170783 0.370449509383
13ei13ei13ei-13ei- -5.7068615907 0.809979124121 0.365393398791
13ei13ei13ei13ei -5.35700621901 0.899094424167 0.327798082756
13ei13ei13ei13ei- -5.4875156487 0.863786451481 0.343810283262
13el13el -6.81648793323 1.66317119586 2.74323168368
13el13el- -6.99797570865 1.60485739618 2.96424719613
13el13el-13el -6.25212793072 1.24736302706 2.82171189719
13el13el-13el-13el -4.90000478817 1.1716704367 1.35879125741
13el13el-13el-13el- -4.4406080801 1.41754520729 1.40613706764
13el13el-13el13el- -6.20796419182 0.828407932883 1.19727055569
13el13el13el -6.37291365903 1.11537053286 2.70703549163
13el13el13el-13el -6.10176880855 0.948412939581 2.74746722197
13el13el13el-13el- -4.6228921338 1.09078655469 1.38626431737
13el13el13el13el -6.18722949811 0.768067192404 2.70073213724
13el13el13el13el- -6.21265796779 0.890533554672 2.71532747399
13fa13fa -6.60130597904 2.29659010127 4.73378116808
13fa13fa- -6.7901920543 2.14189078932 4.70613119649
13fa13fa-13fa -6.22771610995 1.74014861504 4.06900578433
13fa13fa-13fa-13fa -6.06953226706 1.3434432887 3.68345204215
13fa13fa-13fa-13fa- -6.22653239283 1.16026312206 3.67081903531
13fa13fa-13fa13fa- -6.06405989973 1.3480175084 3.71125309283
13fa13fa-4fa13fa -6.14428718899 0.955548844097 3.59665473558
13fa13fa13fa -6.12214958237 1.69001489713 4.00981869758
13fa13fa13fa-13fa -5.9884628948 1.37041759884 3.67275829453
13fa13fa13fa-13fa- -6.12898960857 1.19018018831 3.64940472309
13fa13fa13fa13fa -5.91152239076 1.31843754245 3.62512255381
13fa13fa13fa13fa- -5.99102992981 1.2157552464 3.60600008789
13fd13fd -7.56189366364 0.946252566752 4.37366036977
13fd13fd- -7.80979402841 0.732019284625 4.39046164658
13fd13fd-13fd -7.37036647033 0.392832524901 3.85193907141
13fd13fd-13fd-13fd -7.30888146557 -0.0476095519984 3.48505762127
13fd13fd-13fd-13fd- -7.4801323226 -0.250287846249 3.4603867483
13fd13fd-13fd13fd- -7.29073359852 0.0116408715764 3.55230982444
13fd13fd-4fd13fd -7.36767345861 -0.258028320135 3.51876711219
13fd13fd13fd -7.23001533248 0.28643634524 3.75001762796
13fd13fd13fd-13fd -7.22114276405 -0.0593962463825 3.47204616652
13fd13fd13fd-13fd- -7.38573566765 -0.285858993186 3.43274744315
13fd13fd13fd13fd -7.13227306172 -0.149062387929 3.41463793405
13fd13fd13fd13fd- -7.20634737757 -0.28677893474 3.39315353121
13fe13fe -7.02333318006 1.46638109143 2.63455246708
13fe13fe- -7.30420094233 1.23819718447 4.18107662234
13fe13fe-13fe -6.77075382901 0.957340266583 3.74213897152
13fe13fe-13fe-13fe -6.59989436938 0.589158563291 0.974665202812
13fe13fe-13fe-13fe- -6.73641517271 0.396933808797 0.956480284665
13fe13fe-13fe13fe- -6.64135591305 0.613861825512 3.46339718683
13fe13fe-4fe13fe -6.6937880927 0.352808232269 3.12960282567
13fe13fe13fe -6.59092744517 0.906647605091 2.62723372175
13fe13fe13fe-13fe -6.53785502738 0.590376608725 2.66229577735
13fe13fe13fe-13fe- -6.66879089632 0.373188660163 0.940586955927
13fe13fe13fe13fe -6.42155666979 0.544819883447 2.62316330717
13fe13fe13fe13fe- -6.51203200981 0.411509506764 2.65321689923
13ff -7.40390037705 3.44273905503 5.8614626502
13ff13ff -6.8016480268 2.05798126701 4.5604878184
13ff13ff- -7.0092279579 1.86194802351 4.59463651108
13ff13ff-13ff -6.35065733496 1.49657831258 3.89675089108
13ff13ff-13ff-13ff -6.14118452061 1.10546766979 3.47264545
13ff13ff-13ff-13ff- -6.31396352927 0.880298227152 3.43844929807
13ff13ff-13ff13ff- -6.23795044362 1.05702446796 3.51976106337
13ff13ff-4ff13ff -6.17650587587 0.84815189025 3.34261496083
13ff13ff13ff -6.36593145161 1.40452811354 3.84297900617
13ff13ff13ff-13ff -6.19514323707 1.06467652268 3.48643154061
13ff13ff13ff-13ff- -6.36358867239 0.84563590549 3.44913367642
13ff13ff13ff13ff -6.19857259057 0.99714337394 3.44409605137
13ff13ff13ff13ff- -6.31401900613 0.880330408392 3.43847359452
13fh13fh -6.32993666637 2.23856112496 4.30334982136
13fh13fh- -6.60362414362 2.1076367951 4.47238307902
13fh13fh-13fh -6.04268358765 1.67003286167 3.78786615592
13fh13fh-13fh-13fh -5.91537686624 1.21121975647 3.34981091203
13fh13fh-13fh-13fh- -6.07972626638 0.998391895946 3.3033606692
13fh13fh-13fh13fh- -5.91289745966 1.26380373356 3.41991267141
13fh13fh-4fh13fh -5.92472244736 0.958138086152 3.22153379589
13fh13fh13fh -5.9234114944 1.6308649425 3.6591154744
13fh13fh13fh-13fh -5.81987293651 1.29675010572 3.38059978709
13fh13fh13fh-13fh- -5.98057214837 1.08982565715 3.33577768237
13fh13fh13fh13fh -5.74402795095 1.25817547049 3.28287436207
13fh13fh13fh13fh- -5.8431364528 1.19161704524 3.30484540958
13fi13fi -6.52773900662 2.32054010317 4.52116101014
13fi13fi- -6.71864841654 2.23179183598 4.65626633775
13fi13fi-13fi -6.10113131187 1.84621301297 3.97519161404
13fi13fi-13fi-13fi -5.91350835748 1.41725819795 3.49771348572
13fi13fi-13fi-13fi- -6.06611247991 1.20476793698 3.43697579126
13fi13fi-13fi13fi- -5.93116682583 1.47038039128 3.60425633025
13fi13fi-4fi13fi -5.98338864164 1.15578467921 3.45818572855
13fi13fi13fi -6.02478001708 1.7226926433 3.81485972816
13fi13fi13fi-13fi -5.8745116717 1.45862101405 3.54423916272
13fi13fi13fi-13fi- -6.01979391635 1.24994378744 3.48292992201
13fi13fi13fi13fi -5.8078133174 1.35801942084 3.42338801342
13fi13fi13fi13fi- -5.89930983292 1.30142248842 3.44669297911
13fl13fl -6.48473468241 2.32402509217 4.54084422126
13fl13fl- -6.69339143215 2.19527249811 4.61864507034
13fl13fl-13fl -5.93529507538 1.81976744652 3.7401935495
13fl13fl-13fl13fl- -5.83356442921 1.37033535696 3.37644329536
13fl13fl13fl -5.96338750708 1.75927900573 3.8221671547
13fl13fl13fl-13fl -5.73528221616 1.46785299556 3.41328092875
13fl13fl13fl13fl -5.73115338833 1.41780883715 3.42086954076
13fl13fl13fl13fl- -5.81579033662 1.36108956956 3.43360463455
13ha13ha -6.23677138748 2.40172940163 4.52649535125
13ha13ha- -6.29701398251 2.39332300413 4.53232828845
13ha13ha-13ha -5.88051421625 1.87748061339 3.91165024424
13ha13ha-13ha-13ha -5.66857677451 1.52532951538 3.54481503544
13ha13ha-13ha-13ha- -5.67069953789 1.51025069388 3.55384623961
13ha13ha-13ha13ha- -5.67302325868 1.57843956254 3.58551668839
13ha13ha-4ha13ha -5.88032264681 1.05572865542 3.47388538056
13ha13ha13ha -5.84673626038 1.79947966254 3.87568600323
13ha13ha13ha-13ha -5.67480802172 1.52012229201 3.55424053341
13ha13ha13ha-13ha- -5.67701365427 1.49782560019 3.54834333804
13ha13ha13ha13ha -5.6759025263 1.43183437317 3.52034640872
13ha13ha13ha13ha- -5.67389599377 1.4422083373 3.50982128546
13hd13hd -7.10496786276 0.985161364073 3.95543743751
13hd13hd- -7.26448260528 0.996201755729 4.19667622773
13hd13hd-13hd -6.9757875532 0.51829841647 3.65383418776
13hd13hd-13hd-13hd -6.83893569589 0.132638252338 3.27985798518
13hd13hd-13hd-13hd- -6.84260617893 0.112686561186 3.26655222995
13hd13hd-13hd13hd- -6.85993832969 0.217674651747 3.37250727963
13hd13hd-4hd13hd -7.07157738195 -0.161935254762 3.36959890226
13hd13hd13hd -6.8800625248 0.338310033649 3.45917891111
13hd13hd13hd-13hd -6.84528920898 0.0678224797811 3.27458233479
13hd13hd13hd-13hd- -6.86207284384 0.0226052959042 3.25332740648
13hd13hd13hd13hd -6.83347028869 -0.0939140388524 3.17359669625
13hd13hd13hd13hd- -6.82857834675 -0.101885403935 3.18123107003
13he13he -6.58891726668 1.58836468208 1.21899366432
13he13he- -6.80297525561 1.50160147378 4.09640423222
13he13he-13he -6.42291840179 1.07278831484 3.5776931799
13he13he-13he-13he -6.19480908476 0.74392426855 1.25092407
13he13he-13he-13he- -6.17800719129 0.732583180646 1.23045841966
13he13he-13he13he- -6.25145707806 0.806602476108 3.30273809425
13he13he-4he13he -6.44191917326 0.438003493901 3.12752184835
13he13he13he -6.26602349064 1.0086630258 1.228024394
13he13he13he-13he -6.197928906 0.72373508171 1.25912095994
13he13he13he-13he- -6.1893995996 0.683038223229 1.20587095842
13he13he13he13he -6.14332751539 0.63414887706 1.2273232521
13he13he13he13he- -6.1541262529 0.623771987156 1.26143177214
13hf13hf -6.55275912154 2.08637825907 4.27864106902
13hf13hf- -6.60391523083 2.10769329479 4.47279456928
13hf13hf-13hf -6.08273226889 1.62870664124 3.77601792776
13hf13hf-13hf-13hf -5.82768210511 1.27280440144 3.33780735001
13hf13hf-13hf-13hf- -5.84341113954 1.19129235774 3.30483750735
13hf13hf-13hf13hf- -5.91309357992 1.26365187825 3.41992329874
13hf13hf-4hf13hf -5.96334964042 0.92126371919 3.22606638718
13hf13hf13hf -6.20366304247 1.39736212649 3.6486294853
13hf13hf13hf-13hf -5.96566495529 1.16978095589 3.3736545992
13hf13hf13hf-13hf- -5.9807631174 1.08967915332 3.33582416344
13hf13hf13hf13hf -6.07649411165 0.965255508028 3.27954416549
13hf13hf13hf13hf- -6.07990247206 0.998296719262 3.30337703403
13hh -6.48357002806 3.66350965564 5.57532294016
13hh13hh -6.02725104719 2.16860799724 3.64658248874
13hh13hh- -6.23642468431 2.34272163821 4.37908520274
13hh13hh-13hh -5.81335935593 1.77184671417 3.66342202616
13hh13hh-13hh-13hh -5.60826784507 1.30724586927 3.07025356719
13hh13hh-13hh-13hh- -5.61007746319 1.20392469942 2.97816754516
13hh13hh-13hh13hh- -5.61650583527 1.43523690738 3.30480758075
13hh13hh-4hh13hh -5.7465886634 1.00521499502 3.11058226296
13hh13hh13hh -5.74612380985 1.51258127232 3.20395833793
13hh13hh13hh-13hh -5.61001158304 1.33916409679 3.16093848892
13hh13hh13hh-13hh- -5.6095811133 1.24837805637 3.0749289943
13hh13hh13hh13hh -5.61422341 1.10494986132 2.9040605206
13hh13hh13hh13hh- -5.60991489847 1.20402310918 2.97809189985
13hi13hi -6.18259003506 2.36876680842 4.22669462478
13hi13hi- -6.26723749013 2.47972624552 4.50748962317
13hi13hi-13hi -5.80920752733 1.9743569539 3.84568186505
13hi13hi-13hi-13hi -5.58715308793 1.55481281739 3.36574631541
13hi13hi-13hi-13hi- -5.59826583902 1.46973312046 3.31496520498
13hi13hi-13hi13hi- -5.58843503615 1.67586193169 3.49777585173
13hi13hi-4hi13hi -5.7637236515 1.22537009827 3.33689367165
13hi13hi13hi -5.7937575991 1.74446394462 3.61051670232
13hi13hi13hi-13hi -5.60602270188 1.5710444326 3.41492874545
13hi13hi13hi-13hi- -5.61102504791 1.49056586724 3.36211867896
13hi13hi13hi13hi -5.62687777093 1.36158766477 3.25029010804
13hi13hi13hi13hi- -5.61471299672 1.4428039152 3.29417014018
13hl13hl -6.1597555817 2.38000558598 4.28061466957
13hl13hl- -6.26530260512 2.44469509571 4.48279393161
13hl13hl-13hl -5.70358066941 1.95374310482 3.66078059625
13hl13hl-13hl-13hl -3.79633908342 1.742102982 1.22062398515
13hl13hl-13hl-13hl- -3.61000631006 1.94425801321 1.11857745582
13hl13hl-13hl13hl- -5.55190511005 1.5657719595 3.31342016061
13hl13hl13hl -5.76334617279 1.79756016696 3.66109044203
13hl13hl13hl-13hl -5.52024569521 1.59260027577 3.33399485874
13hl13hl13hl-13hl- -3.66517333182 1.76233124494 1.17778480762
13hl13hl13hl13hl -5.57563853747 1.4445189229 3.29282886992
13hl13hl13hl13hl- -5.56876710179 1.51213821293 3.32440099015
13ia13ia -6.67265386956 2.47016422899 4.85420124539
13ia13ia- -6.69855121191 2.46536321202 4.85653682226
13ia13ia-13ia -6.17117181919 1.99285133339 4.18305963401
13ia13ia-13ia-13ia -5.91545606928 1.66242787571 3.77780132416
13ia13ia-13ia-13ia- -5.93916469504 1.61118900153 3.76364856651
13ia13ia-13ia13ia- -5.91608611347 1.72390053962 3.83440637574
13ia13ia-4ia13ia -6.05979965665 1.16034718532 3.64029767597
13ia13ia13ia -6.17056827852 1.8887298051 4.12400516796
13ia13ia13ia-13ia -5.91972527117 1.6703075922 3.80142375663
13ia13ia13ia-13ia- -5.93983256273 1.61462469637 3.77753601892
13ia13ia13ia13ia -5.95220612383 1.53651191213 3.72842206583
13ia13ia13ia13ia- -5.92909581893 1.58359368763 3.74128352139
13id13id -6.56729949224 1.02228438786 2.30912276072
13id13id- -7.72062327853 1.02527896599 4.53219107819
13id13id-13id -7.3301626749 0.588134680214 3.95213296835
13id13id-13id-13id -6.88806625737 0.213251181079 2.32233639507
13id13id-13id-13id- -6.63094140812 0.143532129195 2.26587323933
13id13id-13id13id- -7.16746796402 0.310976981334 3.6500191603
13id13id-4id13id -7.28785601991 -0.185350928727 3.51443171143
13id13id13id -6.52658737789 0.387326336609 2.25935565298
13id13id13id-13id -6.74908245939 0.175860259751 2.32651183997
13id13id13id-13id- -6.81930658455 0.0884899734915 2.28014238922
13id13id13id13id -6.584397875 -0.0376538657667 2.22717898126
13id13id13id13id- -6.60629392007 0.0035675923871 2.27589757563
13ie13ie -5.54722455974 1.78496359039 0.373318966424
13ie13ie- -7.13609862197 1.55706477163 4.18188067526
13ie13ie-13ie -6.66075563274 1.16631373828 3.7819203774
13ie13ie-13ie-13ie -5.78670565917 0.890259909979 0.381335181608
13ie13ie-13ie-13ie- -5.47841966553 0.866931373856 0.342042552091
13ie13ie-13ie13ie- -6.44720487228 0.92457376569 3.51096983085
13ie13ie-4ie13ie -6.56516986004 0.450328281405 3.02269113541
13ie13ie13ie -5.37949254025 1.2469579039 0.344109657141
13ie13ie13ie-13ie -5.66437575858 0.864470617683 0.384692761132
13ie13ie13ie-13ie- -5.69832463338 0.81177083066 0.364085506179
13ie13ie13ie13ie -5.34667602659 0.90637924568 0.325608031019
13ie13ie13ie13ie- -5.42683384846 0.85775386025 0.348776747288
13if13if -6.61032443872 2.20203106258 4.36037797303
13if13if- -6.71865407357 2.23180727016 4.65621277095
13if13if-13if -6.14043651133 1.80168493592 3.96806850763
13if13if-13if-13if -5.8499408889 1.43201237178 3.50516569998
13if13if-13if-13if- -5.89934621443 1.30142834209 3.44674289398
13if13if-13if13if- -5.93124483392 1.47034294065 3.60429536636
13if13if-4if13if -6.02903887108 1.14170556468 3.44448325519
13if13if13if -6.219547646 1.54920500249 3.74682697718
13if13if13if-13if -5.96990210331 1.37861328086 3.54041665318
13if13if13if-13if- -6.01999654509 1.24986829358 3.48301393815
13if13if13if13if -6.07055191541 1.14327544178 3.38384233229
13if13if13if13if- -6.06639094832 1.20471252268 3.43704676034
13ih13ih -6.18266286906 2.36900404573 4.22713884103
13ih13ih- -6.26682288658 2.47981015598 4.50723691492
13ih13ih-13ih -5.80889708517 1.97449395072 3.84558947457
13ih13ih-13ih-13ih -5.58698699363 1.5550292798 3.36594959672
13ih13ih-13ih-13ih- -5.6146198606 1.44311040728 3.29449473127
13ih13ih-13ih13ih- -5.58815228218 1.67601961244 3.49776194376
13ih13ih-4ih13ih -5.76572453119 1.25232642919 3.31546056536
13ih13ih13ih -5.79381575423 1.74476152736 3.61093125173
13ih13ih13ih-13ih -5.58994918799 1.59464303343 3.4345398696
13ih13ih13ih-13ih- -5.61094485589 1.49079825405 3.36236289719
13ih13ih13ih13ih -5.62690854858 1.36194091916 3.25073609608
13ih13ih13ih13ih- -5.5982104108 1.47000089279 3.31529144218
13ii -7.64487351296 3.80647081785 6.41882134125
13ii13ii -4.3953242447 2.44433795606 1.98235248125
13ii13ii- -6.48972999031 2.58397766616 4.73983469634
13ii13ii-13ii -5.91956593226 2.11475805356 4.02307537746
13ii13ii-13ii-13ii -4.56879139426 1.72261340644 1.98626199021
13ii13ii-13ii-13ii- -4.19354558413 1.61201055751 1.6922353972
13ii13ii-13ii13ii- -5.6492494479 1.84535811267 3.65695272091
13ii13ii-4ii13ii -5.82118909913 1.39315919386 3.49361250848
13ii13ii13ii -4.13412587998 1.8597588659 1.70278384516
13ii13ii13ii-13ii -4.51356964616 1.75002192992 1.9632396968
13ii13ii13ii-13ii- -4.51745804997 1.65971713808 1.95647033399
13ii13ii13ii13ii -4.05326212463 1.50598482572 1.54392409294
13ii13ii13ii13ii- -4.19354830999 1.61181941426 1.692163294
13il13il -6.35387787319 2.49151697142 4.5169444644
13il13il- -6.40372724675 2.58525030914 4.69585746197
13il13il-13il -5.65916121944 2.13665152205 3.75982227259
13il13il-13il-13il -2.67203935 2.25592875967 0.556474872514
13il13il-13il-13il- -2.12959975302 2.69711077342 0.288121813483
13il13il-13il13il- -5.46714819533 1.80276623272 3.42353409961
13il13il13il -5.84780735791 1.92419546745 3.82608165615
13il13il13il-13il -5.4638964327 1.7984126595 3.47118198179
13il13il13il-13il- -2.56275590693 2.28788229274 0.536308812065
13il13il13il13il -5.61935012958 1.58338143885 3.43874722765
13il13il13il13il- -5.57976326792 1.69380458752 3.49029639153
13la13la -5.2328650851 2.65810991105 1.9526604846
13la13la- -6.46583903476 2.50141369481 4.75563088142
13la13la-13la -5.75099485004 1.84124127447 3.67401560449
13la13la-13la-13la -5.59613463663 1.47300046343 3.39528310986
13la13la-13la-13la- -5.63352617825 1.6265655571 3.62127908636
13la13la-13la13la- -5.48904406906 1.65518602753 3.411346985
13la13la13la -5.06666334459 2.18125448983 1.95153087549
13la13la13la-13la -5.16003567309 1.63111968296 1.96902772992
13la13la13la-13la- -5.12875327976 1.74555395029 1.96808197494
13la13la13la13la -4.97922346567 1.89976619926 1.95290751145
13la13la13la13la- -4.99660800898 1.83992040301 1.96362143779
13ld13ld- -7.52039506079 1.07743560435 4.45293422264
13ld13ld-13ld -6.90881582493 0.415559023523 2.37269570113
13ld13ld-13ld-13ld -6.83751145426 0.0448046818 3.18507945372
13ld13ld-13ld-13ld- -6.89765450078 0.233569215612 3.44362228995
13ld13ld-13ld13ld- -6.7592745195 0.237056006385 2.37435259705
13ld13ld13ld -5.12925705843 1.29788240957 0.545602773443
13ld13ld13ld-13ld 100.0 100.0 100.0
13ld13ld13ld13ld 100.0 100.0 100.0
13ld13ld13ld13ld- -5.17157761491 0.652923139242 0.550015907615
13le13le -4.54154051316 2.33109708465 1.38606524229
13le13le- -6.99797622235 1.6047558147 2.96418884441
13le13le-13le -6.21223796545 0.960623556282 1.19390315696
13le13le-13le-13le -6.1597132966 0.719626763671 2.73173231259
13le13le-13le-13le- -6.21262578854 0.890388135689 2.71522380091
13le13le-13le13le- -6.20774838568 0.828281167567 1.19718587533
13le13le13le -4.43212241866 2.01251907099 1.40329102214
13le13le13le-13le 100.0 100.0 100.0
13le13le13le-13le- -4.62307953386 1.09070348606 1.38660762299
13le13le13le13le -4.42888319282 1.80961338606 1.41076041974
13le13le13le13le- -4.44076217647 1.41754390976 1.40647120898
13lf13lf- -6.69339100701 2.19530049349 4.61866800088
13lf13lf-13lf -6.03564159642 1.66017269432 3.69480160071
13lf13lf-13lf-13lf -5.7457967377 1.31445097617 3.3185878065
13lf13lf-13lf-13lf- -5.81576748067 1.36110184576 3.433618413
13lf13lf-13lf13lf- -5.8335641166 1.37035923301 3.37644274981
13lh13lh- -6.2649893619 2.44469541539 4.48242908297
13lh13lh-13lh -5.7854264455 1.81994971654 3.63209316978
13lh13lh-13lh-13lh -5.53779752017 1.44524946666 3.23342767643
13lh13lh-13lh-13lh- -5.56828439319 1.51224069944 3.32426995152
13lh13lh-13lh13lh- -5.55154291694 1.5659138298 3.31326181329
13li13li -2.33532303768 2.87145813966 0.56358036742
13li13li- -6.40365158908 2.58523578783 4.69588451384
13li13li-13li -5.72262673758 2.01009271306 3.7224299855
13li13li-13li-13li -5.51362058769 1.63203074417 3.35111757511
13li13li-13li-13li- -5.57997512097 1.6938143973 3.49040612907
13li13li-13li13li- -5.46736191593 1.80266714504 3.42362698459
13li13li13li -1.97323174801 2.90968197592 0.316288376353
13li13li13li-13li -2.59159628706 2.24874544599 0.533297112212
13li13li13li-13li- -2.56075407516 2.28692207868 0.528777924299
13li13li13li13li 100.0 100.0 100.0
13li13li13li13li- -2.13163566746 2.6968709071 0.301290630927
13ll -7.07210347664 3.67908775316 5.89050573839
13ll13ll -3.98195959722 2.9055145014 3.40664932349
13ll13ll- -6.3351758479 2.54091409823 4.62787677561
13ll13ll-13ll -5.58773938132 1.96281826178 3.51365662544
13ll13ll-13ll-13ll -4.07675728503 1.86563792578 2.71870381547
13ll13ll-13ll-13ll- -3.85245178435 2.39309069603 3.12820193976
13ll13ll-13ll13ll- -5.36188811161 1.69531087822 3.20787191285
13ll13ll13ll -3.84147993757 2.62953428032 3.31457543454
13ll13ll13ll-13ll -4.12062715579 2.00290270082 2.96464723289
13ll13ll13ll-13ll- -3.68170667518 2.40094404772 2.92578298956
13ll13ll13ll13ll -3.77881974164 2.48728834334 3.24307484693
13ll13ll13ll13ll- -3.85267476397 2.39316337358 3.12842061672
3 100.0 100.0 100.0
33 -10.6761743363 1.80058531814 1.48848238539
333 -10.2987910955 1.02268919406 1.17351667843
3333 -10.1030557526 0.551863676761 1.08588689293
4dd -10.3908983558 -0.133668915646 5.84004060627
4dd4dd -9.18786986417 -1.03947113383 2.95914288344
4dd4dd4dd -8.94139543083 -1.51128986904 2.87835825577
4dd4dd4dd4dd -8.64323484203 -1.78264940627 2.86835448725
4dh -8.55123501078 1.31370342346 5.37531785111
4dh4dh -8.21830161318 0.314838735982 3.90677429543
4dh4dh- -5.19558076671 0.328481219822 1.01056395283
4dh4dh-4dh -4.74736169728 -0.027977186962 1.31574881786
4dh4dh-4dh-4dh -5.2000486846 -0.418219463588 0.901947418821
4dh4dh-4dh-4dh- -5.21451725629 -0.382042246108 0.960796828993
4dh4dh-4dh4dh -4.74570604714 -0.222629675172 1.30468968476
4dh4dh-4dh4dh- -4.57765103559 -0.278392778962 1.35812977933
4dh4dh4dh -8.0029830013 -0.173164825888 3.69996437949
4dh4dh4dh-4dh -4.87537262422 -0.5325948436 1.14846554824
4dh4dh4dh-4dh- -5.31991443987 -0.506377132765 0.795356970628
4dh4dh4dh4dh -7.87196735523 -0.452303116353 3.57174977731
4dh4dh4dh4dh- -5.42836970274 -0.541860792355 0.792780513768
4hd -8.54198210591 1.34570784929 5.37219557955
4hd4hd -8.18966327929 0.367008673981 3.11033025465
4hd4hd- -5.29538653462 0.506053602597 1.60029132858
4hd4hd-4hd -4.63092918635 0.0847591525619 1.59683587922
4hd4hd-4hd-4hd -5.25473168948 -0.196073318911 1.46251306196
4hd4hd-4hd-4hd- -5.6182173147 -0.365669596141 1.3908021855
4hd4hd-4hd4hd -4.80539697584 -0.402889614187 1.49008246996
4hd4hd-4hd4hd- -4.38659829937 -0.197890129426 1.45160833643
4hd4hd4hd -7.9235521632 -0.0709424931602 3.04318598186
4hd4hd4hd-4hd -4.56236576188 -0.0804142794854 1.47582056398
4hd4hd4hd-4hd- -5.4170017683 -0.279211631855 1.37536986197
4hd4hd4hd4hd -7.76206518473 -0.324668107 3.00037649195
4hd4hd4hd4hd- -5.19657384387 -0.181360207491 1.52735624682
4hh -6.82163630815 2.36971440813 4.60315394948
4hh4hh -6.37027420367 1.15421127027 3.50377240205
4hh4hh4hh -6.1211211176 0.555015429918 3.02330678567
4hh4hh4hh4hh -5.98382934597 0.207779708707 2.74516662334
6aa -10.0854640388 2.12005069808 6.74991075492
6aa6aa -8.59110901953 0.753700213792 5.11539376983
6aa6aa- -8.59280381361 0.756849733442 5.05708027881
6aa6aa-4aa6aa -7.55146060178 -0.0504285537289 3.85217760555
6aa6aa-6aa -7.97714314888 0.153937046369 4.27226408776
6aa6aa-6aa-6aa -7.6637797277 -0.17674150707 3.87162769669
6aa6aa-6aa-6aa- -7.6622364915 -0.177517751854 3.87589539609
6aa6aa-6aa6aa- -7.66580268498 -0.175701072856 3.85843340677
6aa6aa6aa -7.97178085702 0.151872151104 4.30879870209
6aa6aa6aa-6aa -7.66319676202 -0.17549301058 3.86494528526
6aa6aa6aa-6aa- -7.66272142374 -0.176777024168 3.8700023816
6aa6aa6aa6aa -7.65732117907 -0.176168373552 3.88167577715
6aa6aa6aa6aa- -7.65901274701 -0.175480461154 3.87732189086
6ad6ad -9.28017500199 -0.325718862857 3.95081439475
6ad6ad- -8.62136992215 -0.438199521894 2.64451955271
6ad6ad-4ad6ad -8.04596715039 -0.964211572534 2.34852851848
6ad6ad-6ad -8.40943115613 -0.765683722448 2.67860925923
6ad6ad-6ad-6ad -8.26827758679 -1.04109431052 2.63031661062
6ad6ad-6ad-6ad- -8.35785668166 -1.06867336625 2.69231606238
6ad6ad-6ad6ad- -8.18208789807 -0.982188235876 2.69423811127
6ad6ad6ad -8.73297749981 -0.842933531943 3.89119661719
6ad6ad6ad-6ad -8.26400798147 -1.05596807767 2.65598375618
6ad6ad6ad-6ad- -8.34914705408 -1.08102845971 2.65099152989
6ad6ad6ad6ad -8.44987188181 -1.14785268114 3.7422532905
6ad6ad6ad6ad- -8.35426327412 -1.11956072583 2.61806928038
6ae6ae -8.48919930165 0.343277011373 1.33952751389
6ae6ae- -7.56074986531 0.231765763162 0.742151948345
6ae6ae-4ae6ae -7.06399708567 -0.299860823333 0.60288572935
6ae6ae-6ae -7.26265326455 -0.102142390037 0.825707867702
6ae6ae-6ae-6ae -7.31427605078 -0.381228305008 0.811555469515
6ae6ae-6ae-6ae- -7.55706981312 -0.402744591955 0.801070591165
6ae6ae-6ae6ae- -7.15348147438 -0.317393401464 0.84550201823
6ae6ae6ae -7.95774081146 -0.173471545006 1.36507345927
6ae6ae6ae-6ae -7.21151113724 -0.392800864117 0.875193112194
6ae6ae6ae-6ae- -7.53658144031 -0.421503167784 0.831117158871
6ae6ae6ae6ae -7.65900632782 -0.465253648048 1.37172527579
6ae6ae6ae6ae- -7.38326426435 -0.443110392447 0.801479373063
6af6af -8.17620852029 0.433952871723 4.41354251569
6af6af- -8.35273085935 0.525525895551 4.22673033952
6af6af-4af6af -7.31997088056 -0.207946855507 3.61445862937
6af6af-6af -7.77180894449 -0.00450680769227 3.91708603584
6af6af-6af-6af -7.38969978208 -0.318053053723 3.58106683882
6af6af-6af-6af- -7.40628045153 -0.353450284549 3.58054701448
6af6af-6af6af- -7.56537006624 -0.377120467746 3.5764907464
6af6af6af -7.75323680979 -0.262640427243 3.72570601727
6af6af6af-6af -7.55117037941 -0.495818048408 3.46873494016
6af6af6af-6af- -7.57758079786 -0.529694743107 3.47268793596
6af6af6af6af -7.53530016657 -0.651882522978 3.34720131069
6af6af6af6af- -7.60295929693 -0.642543513817 3.37478796419
6ah6ah -7.63134855916 0.809648911623 4.32960126803
6ah6ah- -7.83656182215 0.879375149613 4.04514110986
6ah6ah-4ah6ah -7.11300436917 0.0403216260718 3.5150397291
6ah6ah-6ah -7.4345798234 0.284059356059 3.8045439426
6ah6ah-6ah-6ah -7.14330476631 -0.0897718722708 3.47112344237
6ah6ah-6ah-6ah- -7.09272009764 -0.118793751368 3.46254709316
6ah6ah-6ah6ah- -7.19974683587 -0.0518233097085 3.51760099439
6ah6ah6ah -7.24875242505 0.197383873155 3.72556859634
6ah6ah6ah-6ah -7.14322448802 -0.0749332581569 3.45579682463
6ah6ah6ah-6ah- -7.11904394204 -0.0995139527058 3.45543086646
6ah6ah6ah6ah -7.03100167168 -0.146011030119 3.38841728795
6ah6ah6ah6ah- -7.07302772325 -0.117055824808 3.39857990494
6ai6ai -7.81386699745 0.99438742142 3.35038178896
6ai6ai- -6.90668090535 1.08236599413 2.5568054597
6ai6ai-4ai6ai -6.40668658807 0.371736088069 2.32345875168
6ai6ai-6ai -6.66175593677 0.58107271168 2.43657344211
6ai6ai-6ai-6ai -6.73560584529 0.250460729968 2.5132666413
6ai6ai-6ai-6ai- -7.06501789131 0.224839745682 2.5365362771
6ai6ai-6ai6ai- -6.57202999132 0.301007851795 2.41290310612
6ai6ai6ai -7.43089946348 0.464128606832 3.25990347658
6ai6ai6ai-6ai -6.60832634246 0.237518307345 2.43032260569
6ai6ai6ai-6ai- -6.99360474139 0.209103243537 2.51955075069
6ai6ai6ai6ai -7.13179300552 0.171730363255 3.23419831165
6ai6ai6ai6ai- -6.79226532006 0.196648898708 2.53336941327
6al6al -7.81456049726 0.916270719004 4.65693365513
6al6al- -7.84015280195 1.01020685321 4.70492393251
6al6al6al -7.28196656365 0.333057633557 3.93719688118
6al6al6al6al -6.98677340041 0.00917514105486 3.54346926204
6al6al6al6al- -6.9455320557 0.0797109866878 3.55145120856
6da6da -9.17688214487 -0.166665416725 4.88300861998
6da6da- -8.65691891848 -0.380382806194 2.6293650552
6da6da-4da6da -8.10275409904 -0.913664333663 2.4376337715
6da6da-6da -8.37317064665 -0.69361073763 2.62743891214
6da6da-6da-6da -8.15373330274 -0.989009709002 2.59095492448
6da6da-6da-6da- -8.25808754166 -1.03859503356 2.572104119
6da6da-6da6da- -8.07712744923 -0.909979546416 2.64194639622
6da6da6da -8.61381329362 -0.724118766555 4.15107243969
6da6da6da-6da -8.1177229959 -0.890806240671 2.62262469148
6da6da6da-6da- -8.23182200108 -1.00536652895 2.56063899335
6da6da6da6da -8.31610853788 -1.03436146167 3.75994474004
6da6da6da6da- -8.20532888854 -0.990822201167 2.61646749346
6dd -10.6066709073 -0.281465799521 5.97352460735
6dd6dd -9.76794955485 -1.15792500898 3.84461982736
6dd6dd6dd -9.28127766726 -1.63456649965 3.76850286047
6dd6dd6dd6dd -9.01961958082 -1.91108268237 3.64465623049
6de6de -9.00959561737 -0.532949312623 1.32575260919
6de6de6de -8.5512485863 -0.988872307881 1.33662447598
6de6de6de6de -8.28240214377 -1.24813217297 1.3395177516
6df6df -8.72404969123 -0.320147866006 4.27220066538
6df6df- -5.7035082003 -0.0252655670738 0.746986005129
6df6df-4df6df -5.05925478827 -0.247935102639 0.0870717254656
6df6df-6df -4.42796153917 -0.205479425798 0.257632373426
6df6df-6df-6df -5.14688113173 -0.289252824991 0.138011864066
6df6df-6df-6df- -5.88252150066 -0.884892489629 0.821739304094
6df6df-6df6df- -4.31958871684 -0.689130283187 0.329692150939
6df6df6df -8.37066285938 -1.00189020679 3.62490563574
6df6df6df-6df -4.65034703807 -0.811455508575 0.263331136406
6df6df6df-6df- -6.03127536256 -1.02758028256 0.548772720618
6df6df6df6df -8.18479823014 -1.37577877374 3.2719614172
6df6df6df6df- -6.03560783195 -1.14353718387 0.458639173186
6dh6dh -8.22361215317 0.0292478414375 4.19902437183
6dh6dh- -5.46814620659 0.161873510798 1.34066899735
6dh6dh-4dh6dh -5.45992628837 -0.61134888886 1.27598882324
6dh6dh-6dh -4.90869869762 -0.243492142407 1.50848207268
6dh6dh-6dh-6dh -5.51799451533 -0.657184874211 1.30465749085
6dh6dh-6dh-6dh- -5.60006509576 -0.774410693125 1.31956335754
6dh6dh-6dh6dh- -4.71818084065 -0.524234410773 1.43823740298
6dh6dh6dh -7.90771321152 -0.547588868358 3.64153763964
6dh6dh6dh-6dh -5.02241107676 -0.719217122631 1.41819036144
6dh6dh6dh-6dh- -5.66280849013 -0.802052781759 1.23265454958
6dh6dh6dh6dh -7.72451413296 -0.866447590266 3.33270950574
6dh6dh6dh6dh- -5.63999936807 -0.773748608449 1.22299787352
6di6di -8.42007830089 0.136143992688 3.28982832811
6di6di- -5.7862658726 0.248591689623 1.90143318702
6di6di-4di6di -5.64378040251 -0.424312968126 1.93754783214
6di6di-6di -5.12438359068 -0.198042877118 1.74372456936
6di6di-6di-6di -5.6915447745 -0.485665779933 1.90780609249
6di6di-6di-6di- -5.88531189858 -0.542058432799 1.89053218968
6di6di-6di6di- -4.89299674412 -0.499215002927 1.54476342358
6di6di6di -8.0992972106 -0.349298047806 3.19736359504
6di6di6di-6di -5.14931453346 -0.612076944638 1.66962275672
6di6di6di-6di- -5.87152798694 -0.578066067109 1.85495222089
6di6di6di6di -7.83711492277 -0.615050157697 3.18709321567
6di6di6di6di- -5.81047332311 -0.576773254922 1.86806209782
6dl6dl -8.41564535924 0.0999268603237 4.48347329063
6dl6dl- -6.75631647048 0.346094865838 1.99528038582
6dl6dl6dl -7.95924174357 -0.44632081043 3.83891914319
6dl6dl6dl6dl -7.7007233018 -0.743867085962 3.48261862252
6dl6dl6dl6dl- -6.79656089746 -0.412031600105 1.94921146016
6ea6ea -8.40517019802 0.412926465454 2.63883107158
6ea6ea- -7.68322984854 0.364457562229 0.658493774158
6ea6ea-4ea6ea -7.35913111997 -0.223305139206 0.56990659438
6ea6ea-6ea -7.46067788431 0.0135620257772 0.695400321263
6ea6ea-6ea-6ea -7.40043827997 -0.318430119675 0.625371268415
6ea6ea-6ea-6ea- -7.50494142741 -0.395842181851 0.608762355259
6ea6ea-6ea6ea- -7.31090601165 -0.214698830803 0.709953714872
6ea6ea6ea -7.87301283276 -0.104281480887 2.51471210349
6ea6ea6ea-6ea -7.36909940336 -0.23207762922 0.702331222382
6ea6ea6ea-6ea- -7.47261463663 -0.363746304134 0.606785942378
6ea6ea6ea6ea -7.58135314378 -0.389673838363 2.50085997027
6ea6ea6ea6ea- -7.46876613211 -0.322945521921 0.659303122106
6ed6ed -9.0623106776 -0.594542299294 2.59886465598
6ed6ed6ed -8.63412549013 -1.01088540182 2.43147371939
6ed6ed6ed6ed -8.39251687023 -1.25508835017 2.39399989508
6ee -8.91164675885 0.630573568275 4.16224267993
6ee6ee -8.27043911936 0.0112821286992 1.38602753047
6ee6ee6ee -7.84241075939 -0.391229099741 1.4106355772
6ee6ee6ee6ee -7.58524384476 -0.621064584246 1.41515842306
6ef6ef -7.85237749498 0.162531081054 2.73823735518
6ef6ef- -5.81402981811 0.228455309215 1.41329715136
6ef6ef-4ef6ef -4.94337734495 -0.114549820777 0.940706955738
6ef6ef-6ef -4.79569546722 0.0753553828674 1.05098811883
6ef6ef-6ef-6ef -5.06560964725 -0.167933988035 0.952221012407
6ef6ef-6ef-6ef- -5.93856578332 -0.459103514297 1.45129770107
6ef6ef-6ef6ef- -4.92238696308 -0.323969415194 1.16429963609
6ef6ef6ef -7.48168833541 -0.489325016125 2.64933994596
6ef6ef6ef-6ef 100.0 100.0 100.0
6ef6ef6ef-6ef- -6.02329523597 -0.667647801295 1.20274848804
6ef6ef6ef6ef -7.27930571454 -0.851805135291 2.63940819016
6ef6ef6ef6ef- -6.01361043244 -0.845329335367 1.14290952122
6eh6eh -7.40524528959 0.525919141077 2.77872147527
6eh6eh- -5.63922641536 0.470387003822 1.94002945441
6eh6eh-4eh6eh -5.501497923 -0.338278436708 1.84788852322
6eh6eh-6eh -5.40770500699 -0.0182085678368 2.01181182608
6eh6eh-6eh-6eh -5.55441769699 -0.407151934366 1.83758509307
6eh6eh-6eh-6eh- -5.72536839566 -0.332926633465 1.86798286892
6eh6eh-6eh6eh- -5.36619203291 -0.294443969588 1.93607851014
6eh6eh6eh -7.05739151922 -0.0235303177857 2.65828862113
6eh6eh6eh-6eh -5.44158710995 -0.394041886714 1.90985368338
6eh6eh6eh-6eh- -5.70668798159 -0.397480460763 1.80605473071
6eh6eh6eh6eh -6.85467744084 -0.329281289709 2.64758749411
6eh6eh6eh6eh- -5.67386161775 -0.420720124998 1.84807808395
6ei6ei -7.71155412366 0.678370619973 2.72968584378
6ei6ei- -6.03597728921 0.576136641293 2.60733571727
6ei6ei-4ei6ei -5.83255257729 -0.0896714944935 2.3078637499
6ei6ei-6ei -5.7435080019 0.103461742014 2.44536811828
6ei6ei-6ei-6ei -5.89516457442 -0.167888030984 2.35732036265
6ei6ei-6ei-6ei- -6.10777137785 -0.0601463121076 2.43217417774
6ei6ei-6ei6ei- -5.66207648605 -0.177424669301 2.37312753875
6ei6ei6ei -7.29426950188 0.231768534553 2.60000956134
6ei6ei6ei-6ei -5.72808746133 -0.192115680277 2.37617485829
6ei6ei6ei-6ei- -6.02194293805 -0.120201193233 2.34152256604
6ei6ei6ei6ei -7.0254361064 -0.0122548722387 2.59308525142
6ei6ei6ei6ei- -5.94285041754 -0.133651813004 2.42796809732
6el6el -7.60245581021 0.614273632343 2.77294558885
6el6el- -5.92804757034 0.766780841135 1.41360161697
6el6el6el -7.14786231245 0.10317622227 2.635747661
6el6el6el6el -6.88332890735 -0.176143898334 2.63079117865
6el6el6el6el- -5.89604100643 0.0529163946988 1.3629887909
6fa6fa -8.2681476419 0.593153581877 4.64472669557
6fa6fa- -8.11135627569 0.8117779497 4.74101917956
6fa6fa-4fa6fa -7.40132615803 -0.104551788942 3.71396464483
6fa6fa-6fa -7.8656191206 0.0310559032907 4.0082341644
6fa6fa-6fa-6fa -7.49211169638 -0.269296748624 3.69218233409
6fa6fa-6fa-6fa- -7.26262058015 -0.107246408644 3.63591743078
6fa6fa-6fa6fa- -7.51436520968 -0.183105509823 3.65656443883
6fa6fa6fa -7.83674512725 -0.0293906380906 3.9684265048
6fa6fa6fa-6fa -7.57250666199 -0.287849151346 3.69673442338
6fa6fa6fa-6fa- -7.34709379182 -0.124718741687 3.65250330581
6fa6fa6fa6fa -7.62025928001 -0.371899621426 3.60887438788
6fa6fa6fa6fa- -7.47118323602 -0.20454532808 3.64005349511
6fd6fd -8.96181920405 -0.260461432174 3.9173505878
6fd6fd- -5.07994868496 0.510586222477 0.141272378267
6fd6fd-4fd6fd -5.11274902376 -0.23361784465 0.0846987360092
6fd6fd-6fd -4.44640742761 -0.187038851817 0.236729699522
6fd6fd-6fd-6fd -5.18008989326 -0.328855661802 0.105689251277
6fd6fd-6fd-6fd- 100.0 100.0 100.0
6fd6fd-6fd6fd- 100.0 100.0 100.0
6fd6fd6fd -8.66092613363 -0.812022407738 3.84434433699
6fd6fd6fd-6fd -4.46119695975 -0.262521038531 0.254408781568
6fd6fd6fd-6fd- -5.29983305307 -0.448848282077 0.0638381830431
6fd6fd6fd6fd -8.50824878352 -1.12654872549 3.67494059734
6fd6fd6fd6fd- 100.0 100.0 100.0
6fe6fe -8.05430791707 0.290670620831 1.47415613742
6fe6fe- -5.01653308476 0.738327908988 0.929735363403
6fe6fe-4fe6fe -5.0454745108 -0.038641703709 0.868412982867
6fe6fe-6fe -4.79122288602 0.0896817543724 1.05663190584
6fe6fe-6fe-6fe -5.11302136159 -0.149775712445 0.919399498378
6fe6fe-6fe-6fe- 100.0 100.0 100.0
6fe6fe-6fe6fe- -4.48256976968 0.034293197058 1.12603894655
6fe6fe6fe -7.74084578008 -0.250223152095 1.50903267362
6fe6fe6fe-6fe -4.7206571666 -0.0451540703028 1.03559777953
6fe6fe6fe-6fe- -5.03593130543 -0.0798178306572 0.8475076791
6fe6fe6fe6fe -7.56627926648 -0.549295168089 1.51613473442
6fe6fe6fe6fe- -4.94530560255 -0.16933109925 0.887341190102
6ff -8.20695990336 1.78240793755 5.30003668917
6ff6ff -7.52812746069 0.112159750926 3.73766308636
6ff6ff- -3.99099109932 0.630140114129 0.168396007659
6ff6ff-4ff6ff 100.0 100.0 100.0
6ff6ff-6ff -3.83977331468 0.11230915118 0.389724313781
6ff6ff-6ff-6ff 100.0 100.0 100.0
6ff6ff-6ff-6ff- -4.23019355996 -0.151727178932 0.382480432389
6ff6ff-6ff6ff- 100.0 100.0 100.0
6ff6ff6ff -7.18582757068 -0.682330275104 3.03228335974
6ff6ff6ff-6ff -4.15064950206 -0.434141700212 0.401583191431
6ff6ff6ff-6ff- -4.49648051664 -0.499000426545 0.398792279
6ff6ff6ff6ff -7.00296455859 -1.14115501094 2.62988757974
6ff6ff6ff6ff- -4.57667269238 -0.80809066505 0.394824261035
6fh6fh -7.03301450546 0.493489257606 3.66959433611
6fh6fh- -3.77513334538 0.927651784745 0.777681440316
6fh6fh-4fh6fh 100.0 100.0 100.0
6fh6fh-6fh -2.94669490455 1.00001483269 0.568401606224
6fh6fh-6fh-6fh 100.0 100.0 100.0
6fh6fh-6fh-6fh- -4.10727471559 0.0146124266461 0.882868326757
6fh6fh-6fh6fh- -2.97695082637 0.792181457204 0.44774757216
6fh6fh6fh -6.73844061274 -0.192141755005 3.06085181678
6fh6fh6fh-6fh -3.15080693506 0.433133602123 0.496895326371
6fh6fh6fh-6fh- -4.17671326097 -0.149933973347 0.789791478139
6fh6fh6fh6fh -6.57418506139 -0.589653630766 2.70968420296
6fh6fh6fh6fh- -4.10978372336 -0.265434038483 0.723171123298
6fi6fi -7.43056956661 0.77089171926 3.0865197675
6fi6fi- -3.59936170631 1.22750527989 0.941550083009
6fi6fi-4fi6fi -3.05494780925 1.38196333611 0.82616869051
6fi6fi-6fi -2.30610116916 1.82353975802 0.272539945853
6fi6fi-6fi-6fi -3.10288416951 1.33792439352 0.831510336702
6fi6fi-6fi-6fi- -3.84983630281 0.538826793837 0.906665393059
6fi6fi-6fi6fi- 100.0 100.0 100.0
6fi6fi6fi -7.07249195814 0.215146240026 2.96955445371
6fi6fi6fi-6fi -2.469134751 1.05725231001 0.211687829855
6fi6fi6fi-6fi- -3.9436952561 0.367778676508 0.85624028134
6fi6fi6fi6fi -6.86745407277 -0.0980944188137 2.90569605932
6fi6fi6fi6fi- -3.88033154902 0.367424094987 0.871366977688
6fl6fl -7.27211224559 0.641794833589 3.99441757705
6fl6fl- -6.85131630692 0.876565534658 3.64742436359
6fl6fl6fl -6.89215881531 0.0142862134792 3.34102625744
6fl6fl6fl6fl -6.68163078088 -0.34105237327 2.96882191548
6fl6fl6fl6fl- -6.35902657587 -0.123165600385 2.8577438224
6ha6ha -7.71597055457 0.867875973881 4.45101701334
6ha6ha- -7.92551603651 0.91184073019 4.02737356314
6ha6ha-4ha6ha -7.162059782 0.15700361634 3.62186599354
6ha6ha-6ha -7.52661571275 0.336786292158 3.87360965296
6ha6ha-6ha-6ha -7.25601089985 -0.00219512742697 3.60056432051
6ha6ha-6ha-6ha- -7.20898613016 -0.0229403177034 3.54093554152
6ha6ha-6ha6ha- -7.30275116446 0.0168931885824 3.62333590535
6ha6ha6ha -7.34538736925 0.288492173069 3.86447338072
6ha6ha6ha-6ha -7.24928826589 0.00520630086357 3.64100262557
6ha6ha6ha-6ha- -7.22911272213 -0.0179843330385 3.58176488172
6ha6ha6ha6ha -7.14916565006 -0.0326723125731 3.5497421454
6ha6ha6ha6ha- -7.18710685386 -0.0122826229206 3.6130725406
6hd6hd -8.46249833815 0.00400907861266 3.95909199044
6hd6hd- -5.52358470668 0.14756591658 1.38059667605
6hd6hd-4hd6hd -5.3931891136 -0.541571768036 1.21859446863
6hd6hd-6hd -4.92003542726 -0.277833397284 1.500899765
6hd6hd-6hd-6hd -5.48122254458 -0.668160679304 1.22219874542
6hd6hd-6hd-6hd- -5.84487496178 -0.792568036961 1.16936926773
6hd6hd-6hd6hd- -4.72202251255 -0.558443408904 1.43610181467
6hd6hd6hd -8.22647783945 -0.486153039197 3.87943343548
6hd6hd6hd-6hd -4.85718371817 -0.530345437492 1.38496616073
6hd6hd6hd-6hd- -5.66220691254 -0.775353588222 1.12744854077
6hd6hd6hd6hd -8.10313953433 -0.768999377103 3.65205859357
6hd6hd6hd6hd- -5.47429547042 -0.677490542463 1.28146167174
6he6he -7.59744251974 0.558357201545 1.51084376958
6he6he- -5.65366718691 0.441962898723 2.00967942345
6he6he-4he6he -5.55246957266 -0.250364320743 0.877637454792
6he6he-6he -5.40865937861 -0.0480216947055 2.04074276055
6he6he-6he-6he -5.61189272524 -0.385299134412 1.29480160876
6he6he-6he-6he- 100.0 100.0 100.0
6he6he-6he6he- -5.35762872482 -0.328084454073 1.95223575801
6he6he6he -7.32017840906 0.0727611576705 1.53894444473
6he6he6he-6he -5.29372253568 -0.27363734091 1.37397690348
6he6he6he-6he- -5.6382811043 -0.348329738397 1.40027451303
6he6he6he6he -7.16537848777 -0.196478941978 1.54528407166
6he6he6he6he- -5.53486489051 -0.233787057513 1.42528185077
6hf6hf -7.0035163826 0.356499829946 3.5453208366
6hf6hf- -3.92612420482 1.46809950666 0.987624090336
6hf6hf-4hf6hf 100.0 100.0 100.0
6hf6hf-6hf -2.84994916863 1.06578054995 0.50529350238
6hf6hf-6hf-6hf 100.0 100.0 100.0
6hf6hf-6hf-6hf- -4.3624872778 0.345336614316 0.93320886754
6hf6hf-6hf6hf- -2.55424413723 1.29848741857 0.278208257816
6hf6hf6hf -6.6873605053 -0.393655464221 2.89761832913
6hf6hf6hf-6hf -3.25844970411 0.646151518709 0.460078687878
6hf6hf6hf-6hf- -4.57337889882 0.302710012036 0.95488052807
6hf6hf6hf6hf -6.51526891836 -0.832703063383 2.52431667189
6hf6hf6hf6hf- -4.57559862267 0.141981271868 0.993113489703
6hh -7.13883250055 2.08198360573 4.74723273021
6hh6hh -6.60123880134 0.75160118388 3.54904449546
6hh6hh6hh -6.32000042769 0.105947105841 2.97593773434
6hh6hh6hh6hh -6.16499005224 -0.271252212448 2.64362572568
6hi6hi -6.95211497226 1.04674617084 3.09090646335
6hi6hi- -3.58794778497 2.05485692501 1.30482015916
6hi6hi-4hi6hi -2.96254895341 1.81056551262 1.18220505562
6hi6hi-6hi 100.0 100.0 100.0
6hi6hi-6hi-6hi -3.05713681239 1.71164704276 1.1654651881
6hi6hi-6hi-6hi- -3.98108672837 0.95544085538 1.21061806086
6hi6hi-6hi6hi- -1.68151937323 1.86779119665 0.586664821338
6hi6hi6hi -6.61596515642 0.531281055302 2.99285039499
6hi6hi6hi-6hi -2.02733740401 1.23447300189 0.17581617603
6hi6hi6hi-6hi- -3.97867366831 1.0707361412 1.14092524161
6hi6hi6hi6hi -6.42741557322 0.240163616929 2.9119072095
6hi6hi6hi6hi- -3.83501637597 1.05807839511 1.17239783703
6hl6hl -6.79686038746 0.908063367769 3.83645420069
6hl6hl- -6.40056296117 0.821327080406 2.93637211052
6hl6hl6hl -6.45166969925 0.324081171902 3.24772470215
6hl6hl6hl6hl -6.25848621915 -0.00815952658526 2.91006596799
6hl6hl6hl6hl- -6.10355958139 -0.00953031947701 2.62264043806
6ia6ia -8.09105919912 0.932359982421 4.67638411437
6ia6ia- -6.81548407461 1.1209904426 2.41346254192
6ia6ia-4ia6ia -6.6228630446 0.398583999358 2.22804532964
6ia6ia-6ia -6.5792713617 0.634737306603 2.34114841131
6ia6ia-6ia-6ia -6.67864732644 0.246054569335 2.39853619799
6ia6ia-6ia-6ia- -6.79458317593 0.108071007643 2.44961154555
6ia6ia-6ia6ia- -6.46294887869 0.362416297543 2.31921664251
6ia6ia6ia -7.57269197362 0.374321219404 4.12720570889
6ia6ia6ia-6ia -6.71104845746 0.308034661237 2.33021132237
6ia6ia6ia-6ia- -6.94327607845 0.145070246386 2.43429874265
6ia6ia6ia6ia -7.29791447045 0.0678285646538 3.77979200495
6ia6ia6ia6ia- -7.03392802464 0.201128059126 2.4010937848
6id6id -8.83018458809 -0.00378105273445 3.8638094726
6id6id- -5.80821231985 0.227337651582 1.87188905646
6id6id-4id6id -5.63174729483 -0.445708326386 1.75709285377
6id6id-6id -5.11152887808 -0.247868025916 1.70138368352
6id6id-6id-6id -5.72125877298 -0.570548543118 1.75611298266
6id6id-6id-6id- -6.0747936157 -0.717479126976 1.72590827643
6id6id-6id6id- -4.87037396095 -0.558560119106 1.49459901688
6id6id6id -8.44245413663 -0.468383903547 3.780665693
6id6id6id-6id -5.04886194178 -0.490892633754 1.55099518846
6id6id6id-6id- -5.90304838376 -0.67161865629 1.67396413499
6id6id6id6id -8.2317936547 -0.735991098392 3.74679784355
6id6id6id6id- -5.73710229437 -0.60647027516 1.77003469857
6ie6ie -7.95873412511 0.591023186555 1.45625980901
6ie6ie- -6.00027437193 0.54453014985 2.59114881936
6ie6ie-4ie6ie -5.92398832397 -0.120695608832 0.852860951041
6ie6ie-6ie -5.69617819674 0.0521364032786 2.41463015061
6ie6ie-6ie-6ie -5.96369546467 -0.247924972069 1.28015582326
6ie6ie-6ie-6ie- -6.09795716741 -0.26536491998 1.44746007931
6ie6ie-6ie6ie- -5.60794981242 -0.240836233004 2.33033377799
6ie6ie6ie -7.55958336904 0.128662457956 1.48653018658
6ie6ie6ie-6ie -5.578073148 -0.147725116591 1.32529661176
6ie6ie6ie-6ie- -5.92873856965 -0.215493775222 1.34996440769
6ie6ie6ie6ie -7.32794067393 -0.126462258853 1.49324517349
6ie6ie6ie6ie- -5.84179230999 -0.127732665388 1.37749425809
6if6if -7.42915281435 0.486049928321 3.91295703115
6if6if- -3.81727066473 2.4575022151 1.7438382372
6if6if-4if6if -3.03428191638 1.34952286781 1.02907770607
6if6if-6if -2.29502925706 1.78702705665 0.532645481296
6if6if-6if-6if -3.1246247937 1.18624723818 1.01474901717
6if6if-6if-6if- -4.23039094181 0.862166268685 1.57900737026
6if6if-6if6if- -1.93445133847 2.34795814742 0.571320669163
6if6if6if -7.03200650616 -0.21577560816 3.25582755394
6if6if6if-6if 100.0 100.0 100.0
6if6if6if-6if- -4.41803380967 0.931455010492 1.52305515485
6if6if6if6if -6.81808682521 -0.620282260291 2.87463651493
6if6if6if6if- -4.42059618991 0.482650548516 1.37051871295
6ih6ih -6.9552260361 0.880233714016 3.84750457008
6ih6ih- -3.57349118737 2.02103656379 1.32223839166
6ih6ih-4ih6ih -3.04314874719 1.69501947173 1.17804377506
6ih6ih-6ih -1.72498660776 1.68631895912 0.0593037416202
6ih6ih-6ih-6ih -3.09134313345 1.55809773042 1.15135655084
6ih6ih-6ih-6ih- -3.97488432186 0.745579831216 1.217743853
6ih6ih-6ih6ih- -1.68252535168 1.86625702998 0.603521265904
6ih6ih6ih -6.59805216107 0.276231962066 3.28131279937
6ih6ih6ih-6ih -2.08231222535 1.18187573173 0.187229430194
6ih6ih6ih-6ih- -4.04013393987 0.87614712471 1.09804373927
6ih6ih6ih6ih -6.39671652369 -0.0708690913792 2.94760969288
6ih6ih6ih6ih- -3.96608213448 0.773938390634 1.09452796282
6ii -8.3339244349 2.21636296194 5.64883784512
6ii6ii -7.35197177322 1.1449239041 3.19177884692
6ii6ii6ii -6.90970212826 0.655500389405 3.11122891377
6ii6ii6ii6ii -6.64890322007 0.384560615976 3.08091965218
6il6il -7.19206577588 1.02411983693 4.21376390266
6il6il- -5.60558491687 0.94037747316 1.97226572002
6il6il6il -6.73744990601 0.471912624051 3.58380784644
6il6il6il6il -6.48140443639 0.162635036317 3.22129336527
6il6il6il6il- -5.60109077397 0.155160428291 1.8727031163
6la6la -7.86094203544 0.922512556569 4.64433699597
6la6la6la -7.3409400329 0.351315733954 3.95377182793
6la6la6la6la -7.0633058841 0.0353201798661 3.58505591026
6ld6ld -8.61594514362 0.0239001021833 3.9891450035
6ld6ld6ld -8.22809610001 -0.457127264075 3.92018718374
6ld6ld6ld6ld -8.02512765677 -0.728906566652 3.65214933911
6le6le -7.7731248026 0.595341110392 1.49213563138
6le6le6le -7.36791506721 0.121286403259 1.51359556434
6le6le6le6le -7.13803517812 -0.137719803445 1.51868707084
6lf6lf -7.23454756637 0.467487591394 3.77785892277
6lf6lf6lf -6.83845741234 -0.232943643719 3.09930251217
6lf6lf6lf6lf -6.62249629132 -0.63596138413 2.70950260168
6lh6lh -6.7921417651 0.864479471739 3.75706160005
6lh6lh6lh -6.43488469621 0.25875918988 3.15998635551
6lh6lh6lh6lh -6.2308088397 -0.0889509839001 2.81421704768
6li6li -7.1720209239 1.13736257576 3.15490528262
6li6li6li -6.72698175141 0.64079574838 3.08429027518
6li6li6li6li -6.4671998183 0.365338135308 3.03063334671
6ll -7.80891845097 2.19370589714 5.34381096118
6ll6ll -6.97897176581 1.00669467516 4.06788424436
6ll6ll6ll -6.5262260623 0.445763946657 3.41246096877
6ll6ll6ll6ll -6.26913096731 0.130793666341 3.0383018281
Repulse
Repulse
Repulse
Repulse
Repulse
Repulse
Repulse
Repulse
Repulse
Repulse
Repulse
Repulse
Repulse
Repulse
Repulse
Repulse
Repulse
Repulse
Repulse
Repulse
Repulse
Repulse
Repulse
Using multi
