12dd -8.95722934281 -0.709766276002 4.23219202637
12dd12dd -8.08089928366 -2.03558426217 2.68264857827
12dd12dd- -8.11597444726 -2.10053765998 2.72906970474
12dd12dd-12dd -7.73333202165 -2.51892631356 2.07275756712
12dd12dd-12dd-12dd -6.67512180989 -2.39736816286 0.809614552576
12dd12dd-12dd-12dd- -7.62034634513 -2.82947085983 1.83289353812
12dd12dd-12dd12dd- -7.53607213137 -2.76571957902 1.77589232543
12dd12dd-4dd12dd -6.62542711298 -2.14340168099 0.494050088339
12dd12dd12dd -7.78374213693 -2.55294393238 2.16992953771
12dd12dd12dd-12dd -7.58328964571 -2.80601504104 1.8208931649
12dd12dd12dd-12dd- -7.63472491249 -2.85084920826 1.87025495474
12dd12dd12dd12dd -7.66043384909 -2.86759887063 1.86823406454
12dd12dd12dd12dd- -7.62026925553 -2.82952039358 1.83294878156
12dh -8.09993049652 -0.180873424563 3.87505628071
12dh12dh -7.11035115695 -1.0909084173 2.6273815114
12dh12dh- -7.08917650992 -1.06390244495 2.67700332854
12dh12dh-12dh -6.69228105226 -1.46205722783 2.11853696341
12dh12dh-12dh-12dh -6.47505018535 -1.64825832288 1.839219636
12dh12dh-12dh-12dh- -6.52463098714 -1.77744292748 1.88752162564
12dh12dh-12dh12dh- -6.47122864163 -1.70030371329 1.87578077236
12dh12dh-4dh12dh -6.63181747327 -1.42275386166 2.03152085656
12dh12dh12dh -6.6970640421 -1.51854045892 2.1546959207
12dh12dh12dh-12dh -6.43801632832 -1.68891370913 1.89200057466
12dh12dh12dh-12dh- -6.47380166698 -1.73925509668 1.91443734708
12dh12dh12dh12dh -6.47123979287 -1.76705766571 1.90268793569
12dh12dh12dh12dh- -6.41671648935 -1.64149705267 1.88691295788
12hd -8.10060204144 -0.18146557204 3.87499414393
12hd12hd -7.11098067457 -1.09102940051 2.62766429653
12hd12hd- -7.08968052699 -1.06402633537 2.67717776518
12hd12hd-12hd -6.69288810146 -1.46207975018 2.1189292045
12hd12hd-12hd-12hd -6.47579200999 -1.64814314261 1.83989421255
12hd12hd-12hd-12hd- -6.41746223926 -1.64141619613 1.88755205677
12hd12hd-12hd12hd- -6.47189860372 -1.70026885764 1.87639524036
12hd12hd-4hd12hd -6.71410151922 -1.56521196132 2.07390142036
12hd12hd12hd -6.69776399883 -1.5185935005 2.15519608596
12hd12hd12hd-12hd -6.5066020449 -1.75108111565 1.89597581344
12hd12hd12hd-12hd- -6.47449692862 -1.73925795593 1.91506933817
12hd12hd12hd12hd -6.47201318051 -1.76707345414 1.90340076256
12hd12hd12hd12hd- -6.52534792957 -1.777430061 1.8882365575
12hh -7.47990170907 0.955730623216 4.24231651235
12hh12hh -6.11919147597 0.141669117324 2.77574166252
12hh12hh- -6.05008544062 0.178855817545 2.80370445953
12hh12hh-12hh -5.56400653185 -0.173471107227 2.19761177106
12hh12hh-12hh-12hh -5.27493995218 -0.344844855184 1.85554784014
12hh12hh-12hh-12hh- -5.22340368063 -0.297495989281 1.87277134071
12hh12hh-12hh12hh- -5.29173826748 -0.364633934579 1.89091974853
12hh12hh-4hh12hh -5.4725431164 -0.329698936948 2.07368971632
12hh12hh12hh -5.54398807723 -0.142549386325 2.22114554063
12hh12hh12hh-12hh -5.26200505897 -0.338597298936 1.89932154904
12hh12hh12hh-12hh- -5.22856824609 -0.312135654196 1.9067241833
12hh12hh12hh12hh -5.19714804404 -0.259324320489 1.89661794941
12hh12hh12hh12hh- -5.22345360177 -0.297455385139 1.87281545658
13aa -8.09287950412 1.28662436634 5.04820997418
13aa13aa -6.870329139 0.304045196337 3.4949092233
13aa13aa- -6.89513250413 0.297102455214 3.50817705602
13aa13aa-13aa -6.41458947429 -0.0768864641754 2.91453477232
13aa13aa-13aa-13aa -6.1607045002 -0.296338669302 2.58124139653
13aa13aa-13aa-13aa- -6.17016139697 -0.326792680163 2.57300101284
13aa13aa-13aa13aa- -6.16621893629 -0.279225667066 2.6085135244
13aa13aa-4aa13aa -6.32945155151 -0.449497748809 2.67922895517
13aa13aa13aa -6.40345283052 -0.112864717824 2.89414153983
13aa13aa13aa-13aa -6.16958508925 -0.299355133792 2.60077768606
13aa13aa13aa-13aa- -6.17380077952 -0.319974259173 2.5931222633
13aa13aa13aa13aa -6.17878943106 -0.355061561461 2.56509117251
13aa13aa13aa13aa- -6.17016566798 -0.326796818188 2.57299803514
13ad13ad -7.4813877978 -0.630854178347 3.23740875728
13ad13ad- -7.53369362839 -0.685248957231 3.24505879939
13ad13ad-13ad -7.15671855753 -1.05008926067 2.72023015204
13ad13ad-13ad-13ad -6.96288965404 -1.28464636903 2.42542181137
13ad13ad-13ad-13ad- -6.97115802494 -1.31983635153 2.41393811432
13ad13ad-13ad13ad- -6.97037780302 -1.26246393511 2.45416052922
13ad13ad-4ad13ad -7.08481303877 -1.4087409777 2.50571998289
13ad13ad13ad -7.14400781257 -1.10242729335 2.71555581871
13ad13ad13ad-13ad -7.00076204006 -1.32765051677 2.45183640648
13ad13ad13ad-13ad- -7.00820086602 -1.3540212993 2.44227150558
13ad13ad13ad13ad -7.01181314636 -1.40132809607 2.42319309942
13ad13ad13ad13ad- -7.01188655374 -1.39033696325 2.42989452348
13ae13ae -6.77457065699 -0.0441395489482 3.15271342609
13ae13ae- -6.81765645466 -0.0907131496835 3.15552361142
13ae13ae-13ae -6.39730606085 -0.41718077447 2.63734560101
13ae13ae-13ae-13ae -6.17252966269 -0.621201120201 2.34858584571
13ae13ae-13ae-13ae- -6.17439980965 -0.648286795089 2.34126390651
13ae13ae-13ae13ae- -6.17791665291 -0.601907719417 2.37425828421
13ae13ae-4ae13ae -6.32434277082 -0.737343823025 2.44010057384
13ae13ae13ae -6.36760064111 -0.434309458833 2.65137792798
13ae13ae13ae-13ae -6.18020957952 -0.627772704247 2.3810754061
13ae13ae13ae-13ae- -6.1843879196 -0.648927001702 2.37506522974
13ae13ae13ae13ae -6.17066970444 -0.66491932313 2.3651126975
13ae13ae13ae13ae- -6.17682948562 -0.653574562754 2.37193929997
13af13af -6.72440832227 0.276152922046 3.34323249713
13af13af- -6.743495199 0.254774589298 3.3464344118
13af13af-13af -6.24188608027 -0.0869001693937 2.77750740521
13af13af-13af-13af -5.95625377981 -0.286284410419 2.45940578589
13af13af-13af-13af- -5.97123888373 -0.337478947736 2.4456338155
13af13af-13af13af- -6.00466433364 -0.305605782061 2.48351470849
13af13af-4af13af -6.16421491689 -0.384757973958 2.5768240927
13af13af13af -6.29353429429 -0.155872799636 2.77189424231
13af13af13af-13af -6.03314507674 -0.337036947551 2.4785353426
13af13af13af-13af- -6.04477173859 -0.372573438594 2.46837687339
13af13af13af13af -6.08873377052 -0.41188971196 2.45746574634
13af13af13af13af- -6.08875006781 -0.394335172217 2.46266148873
13ah13ah -6.34422104966 0.540529923881 3.26295917237
13ah13ah- -6.35921953688 0.5331763895 3.268859166
13ah13ah-13ah -5.88690496741 0.18160211597 2.7113946073
13ah13ah-13ah-13ah -5.63442642606 -0.0200933185441 2.41158564131
13ah13ah-13ah-13ah- -5.64293437543 -0.0490240229293 2.40683242856
13ah13ah-13ah13ah- -5.63251490334 -0.0115380841647 2.42555114944
13ah13ah-4ah13ah -5.84547297168 -0.104679167058 2.52292667533
13ah13ah13ah -5.87929260013 0.164957996654 2.71974649253
13ah13ah13ah-13ah -5.62950400689 -0.0130812676117 2.43316006358
13ah13ah13ah-13ah- -5.63668260446 -0.0316080766409 2.4306823837
13ah13ah13ah13ah -5.63780603432 -0.0484817516577 2.42073808194
13ah13ah13ah13ah- -5.63104122205 -0.0213631355458 2.42651463404
13ai13ai -6.5242776605 0.516524387917 3.38457981408
13ai13ai- -6.52811992442 0.509676009378 3.38203126633
13ai13ai-13ai -6.03338148684 0.164225662594 2.8045124963
13ai13ai-13ai-13ai -5.77741001135 -0.0339589166694 2.49324286264
13ai13ai-13ai-13ai- -5.78937642528 -0.0608900361138 2.49075045807
13ai13ai-13ai13ai- -5.77234747444 -0.0223800855128 2.50793743669
13ai13ai-4ai13ai -5.96926356878 -0.141556515913 2.60877289906
13ai13ai13ai -6.03818512007 0.142657199999 2.81332143356
13ai13ai13ai-13ai -5.77525138774 -0.030876833246 2.51239734283
13ai13ai13ai-13ai- -5.78405732522 -0.0483735649588 2.51113343617
13ai13ai13ai13ai -5.79068610052 -0.0675856659241 2.49975983198
13ai13ai13ai13ai- -5.78045167853 -0.0425612099144 2.50287859831
13al13al -6.54364557437 0.421841797666 3.33797351033
13al13al- -6.56967020122 0.441760952644 3.37019089068
13al13al-13al -5.78882119922 0.0491627579817 1.77564778502
13al13al-13al-13al -5.64992342033 -0.0999082817629 1.62747947848
13al13al-13al-13al- -5.52681001198 -0.0518801334126 1.60680438157
13al13al-13al13al- -5.76025737235 -0.140804328184 1.50138396671
13al13al13al -6.04763875058 0.0404496410746 2.75902481354
13al13al13al-13al -5.73379424018 -0.132333288335 1.79142981857
13al13al13al-13al- -5.64104981617 -0.0773459299511 1.71940593301
13al13al13al13al -5.79287684656 -0.176875830866 2.4425526326
13al13al13al13al- -5.77674405277 -0.121342271559 2.45892657359
13da13da -7.48139518152 -0.630811185674 3.23742880897
13da13da- -7.53369872952 -0.685210492855 3.24506675554
13da13da-13da -7.1567191166 -1.05004023118 2.72024691606
13da13da-13da-13da -6.96289132262 -1.28459827529 2.42544069529
13da13da-13da-13da- -7.01189253856 -1.39029928312 2.42991693634
13da13da-13da13da- -6.97037695377 -1.26240859933 2.45418230683
13da13da-4da13da -7.03072148858 -1.40390752362 2.48849980046
13da13da13da -7.14401572724 -1.10239052724 2.71557553205
13da13da13da-13da -6.97277809962 -1.28370397185 2.44470423238
13da13da13da-13da- -7.00820752251 -1.3539817889 2.44228930503
13da13da13da13da -7.01182223151 -1.40129449605 2.42321297563
13da13da13da13da- -6.97116223518 -1.31979535589 2.41395216736
13dd -8.80260150154 -0.0162464546195 4.57385764541
13dd13dd -6.11558729791 -1.01913961796 0.176335456305
13dd13dd- -8.05599608601 -1.52528085962 3.02876711618
13dd13dd-13dd -7.71196078944 -1.83860225462 2.51567761665
13dd13dd-13dd-13dd -6.35519709419 -1.5494742023 0.175154735274
13dd13dd-13dd-13dd- -6.10143036588 -1.5699926029 0.229871223542
13dd13dd-13dd13dd- -7.54577875126 -2.04325651621 2.26714365136
13dd13dd-4dd13dd -7.61132946387 -2.28791386763 1.74741119211
13dd13dd13dd -6.06797475948 -1.1264597212 0.235600226151
13dd13dd13dd-13dd -6.27727041963 -1.85698187022 0.176615493646
13dd13dd13dd-13dd- -6.19012109772 -1.64503988467 0.167566473079
13dd13dd13dd13dd -6.07642377904 -1.16020692697 0.247525381181
13dd13dd13dd13dd- -6.10136648649 -1.5700751788 0.229817921823
13de13de -5.52477432114 -0.359757456749 0.304052442242
13de13de- -7.36712624036 -0.948203850834 2.93753935204
13de13de-13de -6.9804553433 -1.24845009449 2.38212914752
13de13de-13de-13de -5.66086112979 -0.973707659138 0.307991905177
13de13de-13de-13de- -5.45272124508 -0.983650406583 0.334976678622
13de13de-13de13de- -6.78642708137 -1.42296527128 2.1333337646
13de13de-4de13de -6.48949970041 -1.6980842459 1.04037820464
13de13de13de -5.41345535801 -0.408232294006 0.334937912908
13de13de13de-13de -5.61661815014 -1.15478605961 0.296343585582
13de13de13de-13de- 100.0 100.0 100.0
13de13de13de13de -5.34499868859 -0.409258044104 0.335891353646
13de13de13de13de- -5.46369544102 -0.793714725851 0.32958024055
13df13df -7.30453591044 -0.657114386341 2.97628719029
13df13df- -7.40394986201 -0.730168202124 3.08664027727
13df13df-13df -6.99166608276 -1.0522727529 2.58186724439
13df13df-13df-13df -6.76459577411 -1.2698697232 2.3004105964
13df13df-13df-13df- -6.79969769009 -1.43808774132 2.27825738673
13df13df-13df13df- -6.81781680971 -1.27607426573 2.32789369413
13df13df-4df13df -6.89177948584 -1.27854801086 2.40575016244
13df13df13df -6.99184263582 -1.12014474701 2.51890443117
13df13df13df-13df -6.83950233108 -1.29033491979 2.31133232349
13df13df13df-13df- -6.87434987927 -1.39490515215 2.29804803746
13df13df13df13df -6.87520680848 -1.41955646897 2.26035987026
13df13df13df13df- -6.87875357481 -1.33388815957 2.27569125117
13dh13dh -6.91819920372 -0.442172202281 2.83035106803
13dh13dh- -7.01836941953 -0.453549756676 3.00635032918
13dh13dh-13dh -6.64092524767 -0.800421340676 2.49583257478
13dh13dh-13dh-13dh -6.44135860234 -1.01819555141 2.20740926436
13dh13dh-13dh-13dh- -6.4532492617 -1.17361912275 2.17463881676
13dh13dh-13dh13dh- -6.452591251 -0.999074793004 2.25156247748
13dh13dh-4dh13dh -6.5755608083 -0.993342919393 2.3420625058
13dh13dh13dh -6.58509144176 -0.876830716344 2.40707976144
13dh13dh13dh-13dh -6.44749286606 -0.996979967931 2.24557264097
13dh13dh13dh-13dh- -6.4603249696 -1.08378521148 2.2212995573
13dh13dh13dh13dh -6.4420875613 -1.15479647483 2.16999454107
13dh13dh13dh13dh- -6.43868287444 -1.01473953078 2.20719044903
13di13di -7.03850718199 -0.473003307027 2.18877893284
13di13di- -7.1816827809 -0.471296679903 3.12247282783
13di13di-13di -6.7837523499 -0.814750865262 2.59230223732
13di13di-13di-13di -6.56728768349 -1.04259667808 2.14612545397
13di13di-13di-13di- -6.58153253939 -1.1830270993 2.07855489758
13di13di-13di13di- -6.58707570718 -1.00985534194 2.33322696973
13di13di-4di13di -6.68357879983 -1.06009770502 2.40454824484
13di13di13di -6.71551793861 -0.914428285717 2.13758065858
13di13di13di-13di -6.58737159164 -1.03555915931 2.17854811439
13di13di13di-13di- -6.59657702499 -1.11999563896 2.13462233522
13di13di13di13di -6.57885824873 -1.19458319508 2.05389423313
13di13di13di13di- -6.56856010166 -1.07036012416 2.11080389775
13dl13dl -7.1675830992 -0.518001757065 3.06217258753
13dl13dl- -7.22762907086 -0.523497441356 3.12583721551
13dl13dl-13dl -6.44819769964 -0.905147562999 1.49621460975
13dl13dl-13dl-13dl -5.19583292485 -0.657340763272 1.51631682595
13dl13dl-13dl-13dl- 100.0 100.0 100.0
13dl13dl-13dl13dl- -5.61500004799 -1.09049251162 0.487826432497
13dl13dl13dl -6.78946150661 -0.965904843978 2.55607448172
13dl13dl13dl-13dl -6.43425876973 -1.09431158619 1.51043720881
13dl13dl13dl13dl -6.62322427353 -1.2487780535 2.27790656755
13dl13dl13dl13dl- -6.59572739053 -1.10012070639 2.29979178107
13ea13ea -6.77459016268 -0.0441090302364 3.15273747537
13ea13ea- -6.81767922808 -0.0906816066758 3.15553856265
13ea13ea-13ea -6.39731657098 -0.417144708013 2.63736057638
13ea13ea-13ea-13ea -6.17253814483 -0.621171091369 2.34859705072
13ea13ea-13ea-13ea- -6.17683799893 -0.653549882775 2.37195147454
13ea13ea-13ea13ea- -6.17792219549 -0.601868059633 2.37427341683
13ea13ea-4ea13ea -6.28333740809 -0.734206436904 2.45341945572
13ea13ea13ea -6.36761397269 -0.434286320825 2.65139201363
13ea13ea13ea-13ea -6.17890949644 -0.619194889315 2.36822404542
13ea13ea13ea-13ea- -6.18439940592 -0.648901303169 2.3750749297
13ea13ea13ea13ea -6.17068124534 -0.664900203586 2.36512197517
13ea13ea13ea13ea- -6.17441108866 -0.648263503985 2.34127043409
13ed13ed -5.52477825312 -0.359635983673 0.30424765824
13ed13ed- -7.36714749866 -0.948212199307 2.93754587175
13ed13ed-13ed -6.9804669296 -1.24846842317 2.38212789423
13ed13ed-13ed-13ed -5.66087417954 -0.97368583232 0.308217920317
13ed13ed-13ed-13ed- -5.46374902112 -0.793636374659 0.329817210383
13ed13ed-13ed13ed- -6.78643390218 -1.42299004653 2.13332464662
13ed13ed-4ed13ed -6.27155239543 -1.53838444682 0.784095878133
13ed13ed13ed -5.41343220542 -0.408125374258 0.335080251917
13ed13ed13ed-13ed -5.61765177553 -1.27648478219 0.311752404755
13ed13ed13ed-13ed- 100.0 100.0 100.0
13ed13ed13ed13ed -5.34494547802 -0.409154343885 0.335978319746
13ed13ed13ed13ed- -5.45267453815 -0.983740814927 0.335031467542
13ee -7.78923474597 0.721435390996 4.04060366692
13ee13ee -5.04496634926 0.467286547638 0.590539689089
13ee13ee- -6.79373925572 -0.408325621662 2.90888604094
13ee13ee-13ee -6.3461768572 -0.704372664654 2.29023637971
13ee13ee-13ee-13ee -5.08932776724 -0.403765055193 0.590393668611
13ee13ee-13ee-13ee- -4.9318457562 -0.269843861483 0.625409081508
13ee13ee-13ee13ee- -6.11529892477 -0.861003433773 2.03201855737
13ee13ee-4ee13ee -5.49464491587 -0.984834009395 0.525207103958
13ee13ee13ee -4.91570709869 0.498439390185 0.626721563225
13ee13ee13ee-13ee -5.07297332329 -0.636853619591 0.591302315021
13ee13ee13ee-13ee- -4.89892237967 -0.31248311285 0.584938126841
13ee13ee13ee13ee -4.8572609763 0.554125264731 0.627344957554
13ee13ee13ee13ee- -4.93182500249 -0.269927911625 0.625386762821
13ef13ef -6.67093925673 -0.069762199407 2.77104355139
13ef13ef- -6.76595127915 -0.142005067453 3.05936574543
13ef13ef-13ef -6.29584568936 -0.428314643482 2.53159308103
13ef13ef-13ef-13ef -6.0338627486 -0.623851297143 2.2346479749
13ef13ef-13ef-13ef- -6.04255526544 -0.698728825869 2.23641052914
13ef13ef-13ef13ef- -6.08370400018 -0.628982382611 2.26873154991
13ef13ef-4ef13ef -6.18247548354 -0.643718870421 2.36964759387
13ef13ef13ef -6.26190178554 -0.447663047162 2.46426756102
13ef13ef13ef-13ef -6.09004359415 -0.632812025819 2.25105922122
13ef13ef13ef-13ef- -6.10354651165 -0.692422168758 2.24652840523
13ef13ef13ef13ef -6.07022706602 -0.675560322844 2.20220256973
13ef13ef13ef13ef- -6.11032653637 -0.67005188954 2.20709866636
13eh13eh -6.33990947879 0.108938623828 2.35469569251
13eh13eh- -6.43502041527 0.116650877136 3.00449337169
13eh13eh-13eh -5.99671845183 -0.20469862073 2.45953512783
13eh13eh-13eh-13eh -5.74804837687 -0.406455065208 2.12681468856
13eh13eh-13eh-13eh- -5.73490916244 -0.46990863603 2.09970385349
13eh13eh-13eh13eh- -5.7695453668 -0.385293118726 2.19960205893
13eh13eh-4eh13eh -5.89532874434 -0.402021215614 2.29757795923
13eh13eh13eh -5.92198160046 -0.249760259047 2.27898696695
13eh13eh13eh-13eh -5.75430546834 -0.384528640623 2.17729898366
13eh13eh13eh-13eh- -5.74553266586 -0.426245810002 2.14783270853
13eh13eh13eh13eh -5.71482119873 -0.463789325428 2.08080083114
13eh13eh13eh13eh- -5.73166668931 -0.405158054835 2.11126629393
13ei13ei -5.97498880385 0.0714996479287 1.23795759159
13ei13ei- -6.5477389634 0.101424694848 3.08212336473
13ei13ei-13ei -6.09686993377 -0.217714374448 2.52893293147
13ei13ei-13ei-13ei -5.78502933316 -0.427682867942 1.25397853091
13ei13ei-13ei-13ei- -5.71574859347 -0.491335564592 1.22696667435
13ei13ei-13ei13ei- -5.86419595517 -0.39398270993 2.2608807036
13ei13ei-4ei13ei -5.97885300701 -0.448260062619 2.34671640941
13ei13ei13ei -5.80994187301 -0.294744082902 1.22824359751
13ei13ei13ei-13ei -5.81666800157 -0.416560426961 1.25342420776
13ei13ei13ei-13ei- -5.77628966416 -0.46035406261 1.24003283398
13ei13ei13ei13ei -5.69111189863 -0.511249494737 1.22234728407
13ei13ei13ei13ei- -5.73628237735 -0.451963984644 1.23673368371
13el13el -6.59085482865 0.0165476686425 2.65294023203
13el13el- -6.60918685146 0.0400201084392 3.08878750428
13el13el-13el -5.99890411201 -0.316872457245 1.64731177866
13el13el-13el-13el -4.70763917742 -0.120662617786 1.65714796663
13el13el-13el-13el- -4.42318824341 0.455340086355 1.85606142028
13el13el-13el13el- -5.11721349975 -0.532105395813 0.577391345159
13el13el13el -6.14413214831 -0.355357746812 2.51191185724
13el13el13el-13el -5.91294728822 -0.492579703225 1.65783268313
13el13el13el-13el- -4.63767288495 -0.0536850442607 1.79578860305
13el13el13el13el -5.92277459176 -0.574773794613 2.2325405688
13el13el13el13el- -5.90755866795 -0.499188265472 2.23479814202
13fa13fa -6.63613079311 0.349767634134 3.35602095051
13fa13fa- -6.74353341962 0.25473371889 3.34643079151
13fa13fa-13fa -6.20802681122 -0.0452484064068 2.78743407445
13fa13fa-13fa-13fa -5.99146135663 -0.286397755358 2.46680406953
13fa13fa-13fa-13fa- -6.08876922365 -0.394381335127 2.46264338668
13fa13fa-13fa13fa- -6.00469367029 -0.305644660774 2.48349759773
13fa13fa-4fa13fa -6.09715865304 -0.386711675637 2.58415017681
13fa13fa13fa -6.1547319593 -0.0455154890001 2.77632952231
13fa13fa13fa-13fa -5.95481835894 -0.270966135736 2.4763010689
13fa13fa13fa-13fa- -6.04480514785 -0.372621733613 2.46835704269
13fa13fa13fa13fa -5.91209582451 -0.273912832455 2.45965946309
13fa13fa13fa13fa- -5.97128083201 -0.33752952046 2.44561330515
13fd13fd -7.2512498524 -0.590883948119 3.07535563457
13fd13fd- -7.40398234978 -0.730242171796 3.08663027056
13fd13fd-13fd -6.95886116965 -1.00825356901 2.59066952082
13fd13fd-13fd-13fd -6.78949566786 -1.24863506695 2.28820401041
13fd13fd-13fd-13fd- -6.87875820669 -1.33398843675 2.27563959058
13fd13fd-13fd13fd- -6.8178395357 -1.27617164647 2.3278528891
13fd13fd-4fd13fd -6.89435083375 -1.29908336549 2.43955227172
13fd13fd13fd -6.89115213676 -1.05584657332 2.56937773695
13fd13fd13fd-13fd -6.78487594241 -1.30389060527 2.31392903311
13fd13fd13fd-13fd- -6.87436758092 -1.39499208724 2.29800360834
13fd13fd13fd13fd -6.73925921374 -1.35227295033 2.29217470478
13fd13fd13fd13fd- -6.79972339142 -1.43816531239 2.27821383874
13fe13fe -6.62726550805 -0.0210636792576 3.01754344195
13fe13fe- -6.76596043592 -0.142072171383 3.05934829372
13fe13fe-13fe -6.26376203812 -0.38987563808 2.53976010073
13fe13fe-13fe-13fe -6.04308921519 -0.599255912596 2.22345894059
13fe13fe-13fe-13fe- -6.11032429548 -0.670135910513 2.20705569846
13fe13fe-13fe13fe- -6.08371812768 -0.629061540313 2.26869835868
13fe13fe-4fe13fe -6.17113334532 -0.660391115996 2.37444174071
13fe13fe13fe -6.18919653591 -0.400338378855 2.52191889699
13fe13fe13fe-13fe -6.03353371286 -0.617129243453 2.26456777615
13fe13fe13fe-13fe- -6.10355568989 -0.692496790316 2.24649225513
13fe13fe13fe13fe -5.9747482277 -0.625808414426 2.2410139716
13fe13fe13fe13fe- -6.04257593896 -0.698795147193 2.23637617293
13ff -7.81132183346 1.24581425624 4.77380900834
13ff13ff -6.56430645684 0.330787534939 3.2469715442
13ff13ff- -6.68154501382 0.207580401643 3.25787291919
13ff13ff-13ff -6.10773281793 -0.0473295951928 2.69062689623
13ff13ff-13ff-13ff -5.85189654784 -0.257246978879 2.36237351748
13ff13ff-13ff-13ff- -5.95164609178 -0.382257580161 2.34803108912
13ff13ff-13ff13ff- -5.91920960612 -0.314063499888 2.38611052477
13ff13ff-4ff13ff -5.98875197971 -0.320975991956 2.48851084183
13ff13ff13ff -6.09865577577 -0.0688705090861 2.67372274988
13ff13ff13ff-13ff -5.88808103734 -0.290632859024 2.37681548736
13ff13ff13ff-13ff- -5.98509083836 -0.406769708709 2.36192597261
13ff13ff13ff13ff -5.87073871251 -0.300826798151 2.35745775223
13ff13ff13ff13ff- -5.9516676065 -0.382246412232 2.34803430061
13fh13fh -6.22875264632 0.57158356196 3.15798092426
13fh13fh- -6.33434691638 0.483763064339 3.20620271581
13fh13fh-13fh -5.78422968988 0.210112013081 2.63675526234
13fh13fh-13fh-13fh -5.53858665638 -0.00795076146755 2.30692399437
13fh13fh-13fh-13fh- -5.61397013723 -0.107587171213 2.29172731198
13fh13fh-13fh13fh- -5.57593615432 -0.0282537099682 2.33562025321
13fh13fh-4fh13fh -5.67267511661 -0.0710182402058 2.4242193379
13fh13fh13fh -5.73551553267 0.222073320497 2.60866736992
13fh13fh13fh-13fh -5.52033191412 0.016410234735 2.3315460241
13fh13fh13fh-13fh- -5.59419811703 -0.0763104601594 2.31636556827
13fh13fh13fh13fh -5.48007956765 0.0286931430305 2.30200174716
13fh13fh13fh13fh- -5.54373769043 -0.0242804280335 2.30277236452
13fi13fi -6.36561411427 0.523953890345 3.23428368414
13fi13fi- -6.45342005974 0.46053311653 3.27835406458
13fi13fi-13fi -5.88946130232 0.191519767123 2.70720228531
13fi13fi-13fi-13fi -5.62710629763 -0.021401840643 2.36014682043
13fi13fi-13fi-13fi- -5.6984243129 -0.11819464806 2.33949812194
13fi13fi-13fi13fi- -5.67361110152 -0.0465396338085 2.40159733838
13fi13fi-4fi13fi -5.7756220471 -0.0990362286378 2.50842150257
13fi13fi13fi -5.8617026128 0.161110072224 2.66444206409
13fi13fi13fi-13fi -5.63302932912 -0.0205009219386 2.39114706506
13fi13fi13fi-13fi- -5.70099314017 -0.111547768082 2.36876239635
13fi13fi13fi13fi -5.60342627263 -0.0411365869288 2.35057051828
13fi13fi13fi13fi- -5.66189135712 -0.0857300217318 2.35255957039
13fl13fl -6.35987768402 0.527933343102 3.26262927633
13fl13fl- -6.49549349589 0.409131333111 3.27586200737
13fl13fl-13fl -5.83358373071 0.135319215534 1.80463201574
13fl13fl-13fl13fl- -5.70137215776 -0.118866447201 1.66352659335
13fl13fl13fl -5.83323060945 0.19000216355 2.68488967061
13fl13fl13fl-13fl -5.61814323248 -0.0351479894846 1.80592928592
13fl13fl13fl13fl -5.55886937713 0.00494396756485 2.36552967998
13fl13fl13fl13fl- -5.6320095009 -0.0597263327685 2.36180034152
13ha13ha -6.34424145738 0.540591552123 3.26311795047
13ha13ha- -6.3591748415 0.533196893611 3.26884257757
13ha13ha-13ha -5.88688513817 0.181626145879 2.71139584796
13ha13ha-13ha-13ha -5.63450467889 -0.0200408711812 2.41170321094
13ha13ha-13ha-13ha- -5.63114852747 -0.0212756255979 2.42671354009
13ha13ha-13ha13ha- -5.63252046238 -0.0115116050083 2.42556214628
13ha13ha-4ha13ha -5.84013025298 -0.175657956626 2.53408540374
13ha13ha13ha -5.87938287605 0.165037842489 2.71995320985
13ha13ha13ha-13ha -5.63904561196 -0.0295404372419 2.42294734537
13ha13ha13ha-13ha- -5.63676799283 -0.0315461174494 2.43081255823
13ha13ha13ha13ha -5.63795674534 -0.0483870963742 2.42097964902
13ha13ha13ha13ha- -5.64305646637 -0.0489586596611 2.40700011899
13hd13hd -6.91829480209 -0.442183955467 2.83086250951
13hd13hd- -7.01831436792 -0.45357907733 3.00630904177
13hd13hd-13hd -6.64088519182 -0.800461464467 2.49579287558
13hd13hd-13hd-13hd -6.44145265204 -1.01827909977 2.20753781828
13hd13hd-13hd-13hd- -6.43882330131 -1.0149088729 2.20738794839
13hd13hd-13hd13hd- -6.4525687585 -0.999122104263 2.25152032686
13hd13hd-4hd13hd -6.64911552398 -1.09525215083 2.37554329067
13hd13hd13hd -6.58523687165 -0.876916431041 2.40742141232
13hd13hd13hd-13hd -6.45813799154 -1.08222327667 2.22454493748
13hd13hd13hd-13hd- -6.46043764497 -1.0839153123 2.22146666302
13hd13hd13hd13hd -6.44228807107 -1.15493950938 2.17026761152
13hd13hd13hd13hd- -6.45342420676 -1.17368023399 2.17488039435
13he13he -6.33999930614 0.108936166546 2.35645047624
13he13he- -6.43495955979 0.116635112702 3.00447332487
13he13he-13he -5.99666974082 -0.204716154653 2.45951280078
13he13he-13he-13he -5.74812894105 -0.40650482568 2.12712536873
13he13he-13he-13he- -5.73181058974 -0.405285537323 2.11169705261
13he13he-13he13he- -5.76951048559 -0.385312432956 2.19957937353
13he13he-4he13he -5.95813807606 -0.486334006261 2.31429359075
13he13he13he -5.92208594339 -0.249818564757 2.28028698622
13he13he13he-13he -5.75694130804 -0.425951647534 2.16374268952
13he13he13he-13he- -5.74559871704 -0.426338671069 2.14822448822
13he13he13he13he -5.7149657262 -0.463886859302 2.08131032137
13he13he13he13he- -5.73499905822 -0.469925543771 2.10017242195
13hf13hf -6.28912977522 0.513942804876 3.14182469466
13hf13hf- -6.3342698446 0.48383542601 3.20621163958
13hf13hf-13hf -5.81855985713 0.175596150613 2.629549207
13hf13hf-13hf-13hf -5.5349654123 0.000722801163408 2.30401138618
13hf13hf-13hf-13hf- -5.54372717832 -0.024265394796 2.30279120697
13hf13hf-13hf13hf- -5.57589087834 -0.0281867966451 2.33563062343
13hf13hf-4hf13hf -5.74028299422 -0.132922284208 2.43029559239
13hf13hf13hf -5.81970623125 0.131279086479 2.59528291023
13hf13hf13hf-13hf -5.58536946495 -0.0525694882938 2.32248551341
13hf13hf13hf-13hf- -5.59419724179 -0.0762878242283 2.31638337438
13hf13hf13hf13hf -5.58301261377 -0.0870812341133 2.29171467584
13hf13hf13hf13hf- -5.61403880233 -0.107591990556 2.29175532591
13hh -7.32210018247 1.55961030373 4.56910853802
13hh13hh -5.97050154767 0.73160020729 3.00869700965
13hh13hh- -6.00769189976 0.750842419477 3.16330197761
13hh13hh-13hh -5.51596938698 0.41868784993 2.58107043275
13hh13hh-13hh-13hh -5.23673266917 0.22583767811 2.2316525091
13hh13hh-13hh-13hh- -5.22205962482 0.217148414252 2.21594491914
13hh13hh-13hh13hh- -5.2522727338 0.239743885223 2.28685610312
13hh13hh-4hh13hh -5.43502030841 0.0990676121982 2.36716169076
13hh13hh13hh -5.47115813767 0.392704249825 2.49217251961
13hh13hh13hh-13hh -5.23822628436 0.231244206238 2.26712347415
13hh13hh13hh-13hh- -5.22462689032 0.222875745121 2.24936898302
13hh13hh13hh13hh -5.2078382932 0.208522796757 2.19987315603
13hh13hh13hh13hh- -5.2219966511 0.217177987149 2.21591732636
13hi13hi -6.08236644399 0.682359953513 3.08203610623
13hi13hi- -6.10552295179 0.732312795181 3.22108641545
13hi13hi-13hi -5.60371543882 0.404602970035 2.64229133549
13hi13hi-13hi-13hi -5.33291565477 0.190550023643 2.29006810663
13hi13hi-13hi-13hi- -5.32982422184 0.160717056051 2.27254036963
13hi13hi-13hi13hi- -5.33526935424 0.22801318203 2.34837908885
13hi13hi-4hi13hi -5.53246495481 0.0810180085476 2.44704830056
13hi13hi13hi -5.58907544643 0.326828036092 2.54853504501
13hi13hi13hi-13hi -5.33744038322 0.198334124856 2.32389773745
13hi13hi13hi-13hi- -5.33486205175 0.170177759942 2.30436660152
13hi13hi13hi13hi -5.33139731435 0.13124600381 2.25072667358
13hi13hi13hi13hi- -5.33437906919 0.160367181005 2.26772766477
13hl13hl -6.13634510394 0.659899983732 3.15075212489
13hl13hl- -6.15934160469 0.673232417719 3.22084999128
13hl13hl-13hl -5.65245053155 0.326903522068 1.85511851037
13hl13hl-13hl-13hl -3.73176321949 0.386968390307 0.676855699071
13hl13hl-13hl-13hl- -3.36131086807 0.640199772009 0.548441509425
13hl13hl-13hl13hl- -5.39525438069 0.137473872947 1.64969313474
13hl13hl13hl -5.62680621318 0.329512443776 2.60483982385
13hl13hl13hl-13hl -5.3710384952 0.160296221431 1.85302292157
13hl13hl13hl-13hl- -3.75232255183 0.460637842572 0.67831800116
13hl13hl13hl13hl -5.35792690065 0.150851676915 2.29985342823
13hl13hl13hl13hl- -5.35709399421 0.168392435696 2.30324101516
13ia13ia -6.52415267531 0.516440072082 3.38427409922
13ia13ia- -6.52808734645 0.509657846494 3.38196982629
13ia13ia-13ia -6.03332501272 0.164172519454 2.80441811337
13ia13ia-13ia-13ia -5.77725359114 -0.0340817499517 2.4929829923
13ia13ia-13ia-13ia- -5.78022103834 -0.0426823628138 2.50253247105
13ia13ia-13ia13ia- -5.77226646153 -0.0224615582665 2.50781013489
13ia13ia-4ia13ia -5.96253755061 -0.1833979656 2.61499941164
13ia13ia13ia -6.03798068102 0.142542367369 2.8129625537
13ia13ia13ia-13ia -5.78044882889 -0.0393417931201 2.50634936211
13ia13ia13ia-13ia- -5.7838697426 -0.0484822040376 2.51086234894
13ia13ia13ia13ia -5.79042359513 -0.0677286733224 2.49935484801
13ia13ia13ia13ia- -5.7891771123 -0.0610307434366 2.49042738395
13id13id -7.03725198105 -0.473086064414 2.18356086179
13id13id- -7.1816574375 -0.471331215163 3.1224360146
13id13id-13id -6.78371626182 -0.814835426741 2.59223106013
13id13id-13id-13id -6.56689008953 -1.0426337844 2.14182639816
13id13id-13id-13id- -6.56787535971 -1.07021639898 2.10640673183
13id13id-13id13id- -6.58701744585 -1.00997629342 2.33311513526
13id13id-4id13id -6.75593397983 -1.12064892975 2.44619145884
13id13id13id -6.71464169006 -0.914373398733 2.13214930805
13id13id13id-13id -6.58605389736 -1.09014138505 2.14348910826
13id13id13id-13id- -6.59605251545 -1.11993852344 2.12993953853
13id13id13id13id -6.5780208001 -1.19441845971 2.04948337952
13id13id13id13id- -6.58083121656 -1.18302837868 2.07407781386
13ie13ie -5.97114318232 0.0715226694498 1.23378133063
13ie13ie- -6.54770447138 0.10138927266 3.08207922652
13ie13ie-13ie -6.09684093427 -0.217788001203 2.52887609226
13ie13ie-13ie-13ie -5.78401544934 -0.427632685494 1.2493202834
13ie13ie-13ie-13ie- -5.73421313171 -0.451618985607 1.23203851604
13ie13ie-13ie13ie- -5.86415312268 -0.394086912646 2.26079006135
13ie13ie-4ie13ie -6.03992331879 -0.504630734932 2.37055296626
13ie13ie13ie -5.80678258352 -0.294532948463 1.22367492021
13ie13ie13ie-13ie -5.7853197232 -0.436628255325 1.23456374892
13ie13ie13ie-13ie- -5.77522457024 -0.460190068945 1.23516959211
13ie13ie13ie13ie -5.68894804485 -0.510876066304 1.21747795179
13ie13ie13ie13ie- -5.71393293366 -0.491246106559 1.22214462496
13if13if -6.38388483182 0.493752188677 3.18877814733
13if13if- -6.45337337721 0.460554610519 3.27830916645
13if13if-13if -5.92271138303 0.155227310017 2.69924769458
13if13if-13if-13if -5.63845104372 -0.0401389013142 2.36279733091
13if13if-13if-13if- -5.66177646053 -0.0857195556178 2.35247718879
13if13if-13if13if- -5.67354390986 -0.04657451942 2.40152489439
13if13if-4if13if -5.83601419706 -0.131835493491 2.50873130119
13if13if13if -5.90361738945 0.114372313489 2.63578043461
13if13if13if-13if -5.67660323904 -0.0667738316396 2.3813070494
13if13if13if-13if- -5.70089754788 -0.111513061209 2.36869613345
13if13if13if13if -5.66306733999 -0.101163409633 2.32892753252
13if13if13if13if- -5.69829272951 -0.118098441728 2.33942763789
13ih13ih -6.08246360854 0.682387774837 3.08211635617
13ih13ih- -6.10555506857 0.732275816351 3.22104563127
13ih13ih-13ih -5.6037326848 0.404544470094 2.64224689882
13ih13ih-13ih-13ih -5.33284063364 0.190504532848 2.28996609029
13ih13ih-13ih-13ih- -5.33426147365 0.160378074983 2.26764058107
13ih13ih-13ih13ih- -5.3352623756 0.227935466253 2.34831739142
13ih13ih-4ih13ih -5.52580452711 0.11085984383 2.44213366963
13ih13ih13ih -5.58908438877 0.32685612847 2.54854438191
13ih13ih13ih-13ih -5.33235980172 0.1992997301 2.32672899092
13ih13ih13ih-13ih- -5.33479901253 0.170154790725 2.30429442136
13ih13ih13ih13ih -5.33132064725 0.131272884739 2.2506803782
13ih13ih13ih13ih- -5.32976792602 0.16068225828 2.27245055938
13ii -7.53702064479 1.5318260564 4.77899743729
13ii13ii -6.04550008902 0.652320427919 2.8072368047
13ii13ii- -6.22499138698 0.708643559738 3.29708563531
13ii13ii-13ii -5.70396242307 0.383666649316 2.7047961134
13ii13ii-13ii-13ii -5.37878016896 0.171536300929 2.25434902179
13ii13ii-13ii-13ii- -5.34567753068 0.139467902152 2.18843886674
13ii13ii-13ii13ii- -5.4277666839 0.210402063544 2.40403466192
13ii13ii-4ii13ii -5.62880247401 0.0826425905046 2.52066111832
13ii13ii13ii -5.57028046508 0.300426933864 2.3927163111
13ii13ii13ii-13ii -5.39408632367 0.180618228943 2.31755468687
13ii13ii13ii-13ii- -5.36630705561 0.151615389028 2.25818138667
13ii13ii13ii13ii -5.31685180621 0.108178031344 2.13552892659
13ii13ii13ii13ii- -5.34581177524 0.139406005966 2.18849130732
13il13il -6.29411530571 0.595960631629 3.23163011995
13il13il- -6.28888207543 0.645214368655 3.30185536069
13il13il-13il -5.66103806993 0.294456521751 1.8193571174
13il13il-13il-13il -3.84755241672 0.404951067622 0.466725179193
13il13il-13il-13il- -3.52884731643 0.688987156352 0.392200643884
13il13il-13il13il- -5.4919624114 0.109482461834 1.57001341317
13il13il13il -5.77529058105 0.249553154419 2.66304599532
13il13il13il-13il -5.4798724776 0.116467930393 1.82348711909
13il13il13il-13il- -3.82691983968 0.478923794491 0.458406971929
13il13il13il13il -5.5050986863 0.0602323037497 2.34976547752
13il13il13il13il- -5.48354737873 0.1043658174 2.3605692856
13la13la -5.80881752375 0.46437901892 1.71341816273
13la13la- -6.5697020601 0.441730657662 3.37019003476
13la13la-13la -5.87649862141 -0.0100325461381 1.49458453604
13la13la-13la-13la -5.83798245618 -0.212186945694 1.55366345029
13la13la-13la-13la- -5.77677070433 -0.121379942494 2.4589125954
13la13la-13la13la- -5.75897429147 -0.140846525795 1.499998638
13la13la13la -5.68669270336 0.128183372581 1.60870572504
13la13la13la-13la -5.70268768723 -0.162508823595 1.47463858961
13la13la13la-13la- -5.64206851918 -0.0773683302258 1.71948418807
13la13la13la13la -5.48341856657 -0.057164095338 1.58857731289
13la13la13la13la- -5.52692809829 -0.051892646273 1.60687901641
13ld13ld- -7.22765518196 -0.523565062271 3.12582731616
13ld13ld-13ld -5.67865041744 -0.957104846543 0.474952086283
13ld13ld-13ld-13ld -6.49043037421 -1.17703629464 1.09653350123
13ld13ld-13ld-13ld- -6.59574491059 -1.10020685778 2.299755612
13ld13ld-13ld13ld- -5.6141323871 -1.09059205982 0.486789000513
13ld13ld13ld -4.8777733547 0.386878440229 2.03981958932
13ld13ld13ld-13ld -5.09698034376 -0.740349976376 0.496839923653
13ld13ld13ld13ld -4.71130124611 0.359735368692 1.98876781562
13ld13ld13ld13ld- 100.0 100.0 100.0
13le13le -4.72936882588 0.815904905887 1.97999044669
13le13le- -6.60919181709 0.0399607277976 3.08876903385
13le13le-13le -5.19523734774 -0.42067792659 0.571543291059
13le13le-13le-13le -5.95734211404 -0.57446303564 1.31099984248
13le13le-13le-13le- -5.90757049305 -0.499251606399 2.23476955421
13le13le-13le13le- -5.11657131611 -0.532193165304 0.576671969117
13le13le13le -4.47103021813 0.735474312614 1.97205324768
13le13le13le-13le -4.59599950948 -0.184457668915 0.575708432925
13le13le13le-13le- -4.63780909806 -0.0537210930277 1.79588842702
13le13le13le13le -4.28629169043 0.702261687272 1.97097293797
13le13le13le13le- -4.42331579292 0.455351250919 1.85618065718
13lf13lf- -6.49548717457 0.409146846937 3.27586583214
13lf13lf-13lf -5.9872886682 0.0242733823028 1.67360590223
13lf13lf-13lf-13lf -5.68644558969 -0.128671815355 1.6563930006
13lf13lf-13lf-13lf- -5.63199593768 -0.0597132345451 2.36180713665
13lf13lf-13lf13lf- -5.70137273712 -0.118868071305 1.6621752456
13lh13lh- -6.15940882608 0.673178399317 3.22084372465
13lh13lh-13lh -5.70970768347 0.257140850271 1.66010382519
13lh13lh-13lh-13lh -5.423987203 0.0934498117522 1.73996418979
13lh13lh-13lh-13lh- -5.35703887913 0.168397825237 2.30321998975
13lh13lh-13lh13lh- -5.39524818981 0.137422570998 1.64830323257
13li13li -3.86293024117 0.82974347176 0.461496836591
13li13li- -6.28891557325 0.645221832363 3.30190887618
13li13li-13li -5.68457650904 0.223460376859 1.57405949552
13li13li-13li-13li -5.53824799263 0.0419640996963 1.65237839233
13li13li-13li-13li- -5.48363743128 0.104422099693 2.36067740508
13li13li-13li13li- -5.49214502272 0.109506791269 1.56859100597
13li13li13li -3.51316262392 0.773597473917 0.394016948967
13li13li13li-13li -3.8901407968 0.41130312553 0.454452655086
13li13li13li-13li- -3.82670892349 0.476114911958 0.455930357262
13li13li13li13li -3.28798533729 0.775595248164 0.366680777887
13li13li13li13li- -3.53030460675 0.684952543667 0.389915781868
13ll -7.70687759946 1.33979134146 4.75612125423
13ll13ll -3.99425493126 0.279554616963 0.0251374167301
13ll13ll- -6.34350941561 0.575979548083 3.29597016586
13ll13ll-13ll -5.60318361282 0.123764600744 1.41290974199
13ll13ll-13ll-13ll -3.91177769625 -0.151173051332 0.106109856353
13ll13ll-13ll-13ll- -3.91130479345 -0.165207959921 0.0630117413912
13ll13ll-13ll13ll- -5.47887436824 0.0144223037094 1.36931613912
13ll13ll13ll -4.00466232049 -0.0988284987539 0.0484947993655
13ll13ll13ll-13ll -3.94703562424 -0.156079816846 0.0193545932079
13ll13ll13ll-13ll- 100.0 100.0 100.0
13ll13ll13ll13ll -3.99711787322 -0.312414565467 0.0431933118789
13ll13ll13ll13ll- -3.92145392497 -0.161343850984 0.0645059130129
3 -9.49910874242 0.989425814801 3.11971462276
33 -8.02542429362 0.186946023252 1.7435015003
333 100.0 100.0 100.0
3333 100.0 100.0 100.0
4dd -9.07891135055 -1.07401789771 4.30182399445
4dd4dd -8.09261394607 -1.63813730153 1.74027506516
4dd4dd4dd -7.99177215829 -1.94643003244 1.7196730139
4dd4dd4dd4dd -7.78486220763 -2.11955419008 1.7145034874
4dh -8.12531030014 -0.0245989560932 4.16401357169
4dh4dh -7.64764874199 -0.600222704454 2.687979424
4dh4dh- -5.44754076793 -0.536216765205 1.45730530874
4dh4dh-4dh -5.12765236995 -0.702777990382 1.57755506478
4dh4dh-4dh-4dh -5.34207955762 -0.958730377485 1.32208373692
4dh4dh-4dh-4dh- -5.28719074655 -0.913223923608 1.29190879274
4dh4dh-4dh4dh -5.03767150215 -0.785192054776 1.37217560659
4dh4dh-4dh4dh- -4.97852302606 -0.816545162006 1.55757796333
4dh4dh4dh -7.26728562561 -0.886484553308 2.68071767306
4dh4dh4dh-4dh -5.17793358376 -1.04115182972 1.48766810237
4dh4dh4dh-4dh- -5.38549410232 -1.02531812791 1.25141346864
4dh4dh4dh4dh -7.03991439788 -1.0437486205 2.6781248463
4dh4dh4dh4dh- -5.5120869432 -1.10252862882 1.3540563748
4hd -8.11753902747 -0.00260814689108 4.16223883063
4hd4hd -7.45174815934 -0.585718109148 1.90585051765
4hd4hd- -5.48367760349 -0.452532036306 1.63811945011
4hd4hd-4hd -5.09020252963 -0.64332840838 1.59855392222
4hd4hd-4hd-4hd -5.35527421352 -0.87226219104 1.46923165833
4hd4hd-4hd-4hd- -5.58856637356 -1.05005428906 1.51400538022
4hd4hd-4hd4hd -5.16242211437 -0.999260183926 1.56716151163
4hd4hd-4hd4hd- -4.92660678622 -0.769799257387 1.58501716055
4hd4hd4hd -7.2170353821 -0.856553901219 1.91516408656
4hd4hd4hd-4hd 100.0 100.0 100.0
4hd4hd4hd-4hd- -5.38225944271 -0.936938191814 1.4013842234
4hd4hd4hd4hd -6.9789135382 -1.00717602506 1.91884116805
4hd4hd4hd4hd- -5.22432073491 -0.843282480792 1.43736325718
4hh -7.14024430693 0.920115496427 3.8255739838
4hh4hh -6.56186666454 0.261817330648 3.17431923336
4hh4hh4hh -6.18096819768 -0.0278250341861 2.80444791103
4hh4hh4hh4hh -5.94675758224 -0.177524638944 2.58895478364
6aa -9.07325935342 0.324185403979 4.41209697722
6aa6aa -7.86938103597 -0.422353673911 3.7478109734
6aa6aa- -7.86174370143 -0.410862153346 3.74990311575
6aa6aa-4aa6aa -7.02827301204 -0.924173891921 2.91290702303
6aa6aa-6aa -7.34737604645 -0.785267952005 3.19512640054
6aa6aa-6aa-6aa -7.07913665678 -0.990089681309 2.89356263343
6aa6aa-6aa-6aa- -7.08171756403 -0.996338071859 2.89185855315
6aa6aa-6aa6aa- -7.07628258944 -0.982461284023 2.89656565397
6aa6aa6aa -7.35479265234 -0.801663347222 3.18826590811
6aa6aa6aa-6aa -7.07875274334 -0.987477783103 2.89340517561
6aa6aa6aa-6aa- -7.08158228319 -0.993619283774 2.89219413586
6aa6aa6aa6aa -7.08289104055 -1.0009047588 2.887449179
6aa6aa6aa6aa- -7.08022888544 -0.994631401628 2.88915333614
6ad6ad -8.29138795342 -1.04891683234 2.41491260071
6ad6ad- -7.42407281289 -1.10485137919 1.48372159179
6ad6ad-4ad6ad -6.89823644335 -1.49563984223 1.26690796528
6ad6ad-6ad -7.1813192318 -1.32028132402 1.50598782827
6ad6ad-6ad-6ad -7.17996204804 -1.50666654987 1.50333977049
6ad6ad-6ad-6ad- -7.50490015523 -1.51654636474 1.49677800727
6ad6ad-6ad6ad- -7.0540754849 -1.46740401558 1.52014258142
6ad6ad6ad -7.85531078913 -1.40800144326 2.40839212811
6ad6ad6ad-6ad -7.14044875709 -1.54519343153 1.53421502026
6ad6ad6ad-6ad- -7.38592353807 -1.55195119528 1.51702101083
6ad6ad6ad6ad -7.61875689836 -1.60473211107 2.40282953738
6ad6ad6ad6ad- -7.25789666103 -1.59389480768 1.52078102906
6ae6ae -6.95568920821 -0.512127724122 1.4765366495
6ae6ae- -6.12201811548 -0.488509981497 0.764184283485
6ae6ae-4ae6ae -5.58085782786 -0.871961052867 0.571573543258
6ae6ae-6ae -5.8096209142 -0.690801409312 0.778358874104
6ae6ae-6ae-6ae -5.8321979966 -0.881323888118 0.772348056548
6ae6ae-6ae-6ae- -6.18745354861 -0.901549345587 0.765552598362
6ae6ae-6ae6ae- -5.67592705906 -0.825251454789 0.788593310261
6ae6ae6ae -6.7447603975 -0.843652885532 1.48111534374
6ae6ae6ae-6ae -5.74828501788 -0.933635450372 0.815248922296
6ae6ae6ae-6ae- -6.02420386947 -0.949852467099 0.793246286653
6ae6ae6ae6ae -6.64845671236 -1.0167202466 1.48506942988
6ae6ae6ae6ae- -5.92410347837 -0.995199731505 0.809186784318
6af6af -7.59821855143 -0.523759041182 3.37110983823
6af6af- -7.61258226395 -0.458877267022 3.42089442566
6af6af-4af6af -6.81653730704 -0.918530757274 2.74197431276
6af6af-6af -7.11991813771 -0.786483349833 2.96920791617
6af6af-6af-6af -6.85730240923 -0.971845476416 2.70384476317
6af6af-6af-6af- -6.88955299832 -0.999832005357 2.70856082226
6af6af-6af6af- -6.84030943523 -0.965570396936 2.6875781895
6af6af6af -7.14106655975 -0.922392377357 2.8690138448
6af6af6af-6af -6.8942910567 -1.05450625786 2.64757385906
6af6af6af-6af- -6.92647758803 -1.08316246308 2.65223078427
6af6af6af6af -6.89227436972 -1.13736565112 2.59253218217
6af6af6af6af- -6.90328602408 -1.12102589948 2.60479270753
6ah6ah -7.2632565102 -0.274490636305 3.3194087526
6ah6ah- -7.28599777057 -0.207885622554 3.3809209111
6ah6ah-4ah6ah -6.54223723746 -0.647465796781 2.71668988784
6ah6ah-6ah -6.81503862392 -0.519698053249 2.9302587797
6ah6ah-6ah-6ah -6.55068727465 -0.723031597769 2.64487791962
6ah6ah-6ah-6ah- -6.55868452856 -0.752092655951 2.63364931853
6ah6ah-6ah6ah- -6.54354657155 -0.683687338065 2.67219994029
6ah6ah6ah -6.81623975661 -0.614798405913 2.86015332713
6ah6ah6ah-6ah -6.5522202782 -0.725031512063 2.64340287748
6ah6ah6ah-6ah- -6.56370740986 -0.75129379748 2.63701928801
6ah6ah6ah6ah -6.55980279782 -0.794401048199 2.59905388938
6ah6ah6ah6ah- -6.55209736655 -0.765531268647 2.61003091979
6ai6ai -7.47062868223 -0.241870229266 3.39422538462
6ai6ai- -7.11450390554 -0.158445061527 2.66184779064
6ai6ai-4ai6ai -6.58256611195 -0.58167520663 2.46059988146
6ai6ai-6ai -6.87879817639 -0.449360382388 2.55357751821
6ai6ai-6ai-6ai -6.6400783931 -0.647653893841 2.57114355137
6ai6ai-6ai-6ai- -6.66733746441 -0.683765501582 2.59033785626
6ai6ai-6ai6ai- -6.59777546421 -0.59922506529 2.50703288588
6ai6ai6ai -6.97640950057 -0.568154190475 3.01170429286
6ai6ai6ai-6ai -6.63987059736 -0.653499216087 2.54109408798
6ai6ai6ai-6ai- -6.67230520697 -0.687038519149 2.5410594797
6ai6ai6ai6ai -6.69929825676 -0.738019064311 2.75656680902
6ai6ai6ai6ai- -6.67460135611 -0.702239625979 2.59951175652
6al6al -7.50118996627 -0.321593793725 3.50067927635
6al6al- -7.4442465801 -0.254283873519 3.50861469233
6al6al6al -6.99442263969 -0.655775228085 2.99394070269
6al6al6al6al -6.71102438702 -0.830154465161 2.70960838587
6al6al6al6al- -6.6636415972 -0.78347924985 2.70647504545
6da6da -8.23371989362 -1.04761929495 2.615998783
6da6da- -7.49354171475 -1.25448804987 1.33948170639
6da6da-4da6da -7.27611148159 -1.5803481784 1.20808302058
6da6da-6da -7.2561022725 -1.47648356542 1.31552225937
6da6da-6da-6da -7.28809171887 -1.6495637211 1.29646810646
6da6da-6da-6da- -7.40159934329 -1.69442018486 1.30101494362
6da6da-6da6da- -7.09931850205 -1.63806328845 1.32904235346
6da6da6da -7.81706256788 -1.45037690744 2.5477033273
6da6da6da-6da -7.28638425603 -1.57688938269 1.31293252262
6da6da6da-6da- -7.46096221558 -1.63545146676 1.24528150948
6da6da6da6da -7.59155858407 -1.66650136305 2.48945266621
6da6da6da6da- -7.41874505941 -1.61515073199 1.28314633637
6dd -9.20540571898 -1.21588920062 4.16746395283
6dd6dd -8.59620592458 -1.69511076999 2.34065395139
6dd6dd6dd -8.26425230457 -2.04418488543 2.2997376915
6dd6dd6dd6dd -8.07842199321 -2.24606109919 2.26131317387
6de6de -7.35774075799 -1.15143961206 1.41684419341
6de6de6de -7.18862455587 -1.47969915193 1.42890845278
6de6de6de6de -7.11472848972 -1.65887958391 1.4342707677
6df6df -7.94186001504 -1.11865488825 2.56508730108
6df6df- -6.03533945629 -0.858651000639 1.8312286523
6df6df-4df6df -5.47538524283 -1.17794403955 1.51513981172
6df6df-6df -5.31434851634 -0.931520196101 1.50432144027
6df6df-6df-6df -5.5904860802 -1.15915255047 1.59114028136
6df6df-6df-6df- -6.10568940186 -1.46611144695 1.54502181212
6df6df-6df6df- -5.31602669234 -1.13514902307 1.50402551253
6df6df6df -7.5754088487 -1.55202113314 2.46145323224
6df6df6df-6df -5.44768218723 -1.38617909151 1.42294557042
6df6df6df-6df- -6.22480824924 -1.57660484911 1.55318332181
6df6df6df6df -7.37101582604 -1.78744506547 2.41397531897
6df6df6df6df- -6.23698794936 -1.64069761553 1.6930691105
6dh6dh -7.61301999953 -0.884364244007 2.56774039558
6dh6dh- -5.75448944805 -0.589974975181 1.67245661168
6dh6dh-4dh6dh -5.56178095312 -1.21232338248 1.39091967997
6dh6dh-6dh -5.4929348015 -0.812841140089 1.59432424489
6dh6dh-6dh-6dh -5.62820394315 -1.18882126694 1.42119548887
6dh6dh-6dh-6dh- -5.75117563734 -1.29260163239 1.39442179466
6dh6dh-6dh6dh- -5.39658136118 -0.929874796646 1.55214367583
6dh6dh6dh -7.25703555741 -1.24829816865 2.50310137433
6dh6dh6dh-6dh -5.55141751533 -1.17551631966 1.53332078694
6dh6dh6dh-6dh- -5.8023703629 -1.34368881538 1.38235952414
6dh6dh6dh6dh -7.04782700951 -1.44310581489 2.45906035642
6dh6dh6dh6dh- -5.80348025646 -1.34525613853 1.53959342352
6di6di -7.81071025339 -0.859726380869 2.55860724411
6di6di- -6.09064512576 -0.54925459097 1.9087548041
6di6di-4di6di -5.89263005152 -1.12687816426 1.71146006827
6di6di-6di -5.77268357765 -0.798648269676 1.77000664158
6di6di-6di-6di -5.93816095229 -1.12498547622 1.7076823892
6di6di-6di-6di- -6.07964131841 -1.23240845101 1.71949244771
6di6di-6di6di- -5.6582904627 -0.927998538259 1.71256672115
6di6di6di -7.41465208015 -1.20470497274 2.49594493298
6di6di6di-6di -5.80511494401 -1.13600492865 1.70852298188
6di6di6di-6di- -6.10633661786 -1.26902317985 1.67213046136
6di6di6di6di -7.18648559439 -1.38791010631 2.45176064954
6di6di6di6di- -6.09779946468 -1.28913732785 1.77591671669
6dl6dl -7.85309336439 -0.936375516402 2.60962080412
6dl6dl- -5.38695644434 -0.543996943199 1.43078021093
6dl6dl6dl -7.44634938936 -1.29187110995 2.55730852839
6dl6dl6dl6dl -7.21257939396 -1.47959242595 2.50549031308
6dl6dl6dl6dl- -5.443214207 -1.12865040532 1.60291944349
6ea6ea -7.1174860416 -0.509312835091 1.79940435575
6ea6ea- -6.16892823376 -0.591017973653 0.616924830534
6ea6ea-4ea6ea -5.91246598684 -0.907000587388 0.491317469759
6ea6ea-6ea -5.85610630815 -0.791951568526 0.58862813681
6ea6ea-6ea-6ea -5.91321781565 -0.982636163327 0.566363115649
6ea6ea-6ea-6ea- -6.06677874654 -1.09045261006 0.577165060189
6ea6ea-6ea6ea- -5.68311071352 -0.943987435447 0.599346588803
6ea6ea6ea -6.87598671784 -0.877726685004 1.71076849563
6ea6ea6ea-6ea -5.85843237348 -0.902459727657 0.585954104366
6ea6ea6ea-6ea- -6.10045465168 -1.02298201657 0.513338210696
6ea6ea6ea6ea -6.76707340493 -1.07015201678 1.64983628795
6ea6ea6ea6ea- -6.1920417769 -0.959226563273 0.551306634737
6ed6ed -7.53647341396 -1.14135807521 1.75323913827
6ed6ed6ed -7.31311017955 -1.44427785125 1.62934227128
6ed6ed6ed6ed -7.2124092927 -1.61849665051 1.56052482241
6ee -7.82763951928 -0.291093907159 3.76436523501
6ee6ee -6.83756378733 -0.62880273778 1.46638918308
6ee6ee6ee -6.60256519896 -0.917650705476 1.46090848802
6ee6ee6ee6ee -6.48294323055 -1.07264169853 1.44745218338
6ef6ef -7.09775173104 -0.615639532239 1.78489264613
6ef6ef- -5.38344019583 -0.360171331854 1.68644302116
6ef6ef-4ef6ef -4.8915341396 -0.696461764503 1.42665993999
6ef6ef-6ef -4.74734971159 -0.4857362245 1.33465145441
6ef6ef-6ef-6ef -5.01370444253 -0.675002513883 1.49043168963
6ef6ef-6ef-6ef- -5.41315059027 -0.93594615177 1.4711343553
6ef6ef-6ef6ef- -4.67088805847 -0.689222162494 1.27430258673
6ef6ef6ef -6.83663795492 -1.01539006721 1.68462759167
6ef6ef6ef-6ef -4.85578223163 -0.892388916635 1.26873907286
6ef6ef6ef-6ef- -5.52805501639 -1.03403037734 1.45544260244
6ef6ef6ef6ef -6.62078168817 -1.23150186711 1.63873470541
6ef6ef6ef6ef- -5.55264488915 -1.1056522468 1.54551978266
6eh6eh -6.8951999417 -0.386082117265 1.7988395764
6eh6eh- -5.19701781012 -0.216210315661 1.63154687298
6eh6eh-4eh6eh -5.0436228967 -0.74282177092 1.39959606403
6eh6eh-6eh -4.91971438305 -0.453742686213 1.44967377892
6eh6eh-6eh-6eh -5.10969471865 -0.734719443846 1.41079401263
6eh6eh-6eh-6eh- -5.16016633211 -0.805376181236 1.3900897667
6eh6eh-6eh6eh- -4.82276933754 -0.573269793571 1.4095163328
6eh6eh6eh -6.5354598175 -0.721447264497 1.72731688186
6eh6eh6eh-6eh -4.96332877812 -0.726603023228 1.41273597846
6eh6eh6eh-6eh- -5.20693509773 -0.836459000916 1.35782232552
6eh6eh6eh6eh -6.314767405 -0.898536822273 1.6867572538
6eh6eh6eh6eh- -5.2173721793 -0.835486644412 1.48550491885
6ei6ei -6.89931671277 -0.347703986815 1.79328528227
6ei6ei- -5.47635091363 -0.163694097414 1.87039688021
6ei6ei-4ei6ei -5.33066490685 -0.650584719417 1.72845476892
6ei6ei-6ei -5.0865299046 -0.422233302438 1.60180582456
6ei6ei-6ei-6ei -5.37546393199 -0.662508968817 1.69221018033
6ei6ei-6ei-6ei- -5.44665093723 -0.733121867402 1.62872239531
6ei6ei-6ei6ei- -4.92915731626 -0.554563717909 1.48066148368
6ei6ei6ei -6.62162650416 -0.664981963781 1.72914839613
6ei6ei6ei-6ei -5.10467154429 -0.675683840381 1.55389333398
6ei6ei6ei-6ei- -5.47446796793 -0.757886401555 1.63661843965
6ei6ei6ei6ei -6.45780668742 -0.829853084037 1.68500767462
6ei6ei6ei6ei- -5.47038762677 -0.765826797376 1.73808194813
6el6el -7.00390871515 -0.4221954311 1.81670439636
6el6el- -4.73228768513 0.114155912964 1.43652059799
6el6el6el -6.72198679359 -0.745240997183 1.73747628654
6el6el6el6el -6.50609004077 -0.911758371786 1.67898869243
6el6el6el6el- -4.7609879362 -0.546420413899 1.44599684439
6fa6fa -7.65155304456 -0.541963730888 3.35697290674
6fa6fa- -7.50142213036 -0.318777900691 3.53153170269
6fa6fa-4fa6fa -6.8215616526 -0.881110169351 2.78413577001
6fa6fa-6fa -7.11130599172 -0.757758702241 3.01022206584
6fa6fa-6fa-6fa -6.84366856372 -0.969268911522 2.73684713883
6fa6fa-6fa-6fa- -6.7707948251 -0.920111314433 2.72993467059
6fa6fa-6fa6fa- -6.76718089408 -0.864159225795 2.73302324264
6fa6fa6fa -7.23411827733 -0.936353178954 2.87091686702
6fa6fa6fa-6fa -6.83838643983 -0.949767807632 2.70494487803
6fa6fa6fa-6fa- -6.76748613245 -0.900558743521 2.70011793729
6fa6fa6fa6fa -7.01345586674 -1.14488170912 2.60389736271
6fa6fa6fa6fa- -6.83303663143 -0.955992469242 2.63381862332
6fd6fd -8.0422474914 -1.07444378748 2.4332732708
6fd6fd- -5.43717434045 -0.642602127982 1.4902945202
6fd6fd-4fd6fd -5.35708919386 -1.05550755826 1.38501200294
6fd6fd-6fd -5.00762648691 -1.10590060067 1.04001081732
6fd6fd-6fd-6fd -5.42068407204 -1.1730784263 1.3657088597
6fd6fd-6fd-6fd- -5.49286893089 -1.2255416612 1.34845126797
6fd6fd-6fd6fd- -4.69713583385 -1.17287847792 1.09560919691
6fd6fd6fd -7.71970429609 -1.46986551138 2.43002494752
6fd6fd6fd-6fd -4.8422669398 -1.1200942567 0.97129369582
6fd6fd6fd-6fd- -5.32763247526 -1.24933490766 1.19286768343
6fd6fd6fd6fd -7.5394887012 -1.68533753339 2.42196967131
6fd6fd6fd6fd- -5.20472120044 -1.3671136296 1.11609405553
6fe6fe -6.94809085303 -0.593331239359 1.506800565
6fe6fe- -4.91271240439 -0.190926066847 1.50855057423
6fe6fe-4fe6fe -4.7720336352 -0.572040093244 1.14152973772
6fe6fe-6fe -4.45698703049 -0.658406241078 0.92544989266
6fe6fe-6fe-6fe -4.82724919061 -0.683287938713 1.35451269681
6fe6fe-6fe-6fe- -4.90762815524 -0.707506685153 1.34807272571
6fe6fe-6fe6fe- -4.16566876016 -0.713114863911 0.932339826833
6fe6fe6fe -6.72242067707 -0.951800992056 1.5292162592
6fe6fe6fe-6fe -4.27729693161 -0.662639394116 0.872567139863
6fe6fe6fe-6fe- -4.75443135485 -0.729103261504 1.16510393307
6fe6fe6fe6fe -6.61659310134 -1.14436679053 1.53781126047
6fe6fe6fe6fe- -4.65018727961 -0.857723015952 1.11538439682
6ff -8.13916358937 0.28222006254 4.08840336155
6ff6ff -7.30730252008 -0.677089811859 2.98981589554
6ff6ff- -4.93845663274 -0.508612567662 0.342765466213
6ff6ff-4ff6ff -4.66992656059 -0.979528471362 0.182152711247
6ff6ff-6ff -5.00564702698 -0.940816832155 0.269708213063
6ff6ff-6ff-6ff -4.85350859291 -1.0580926011 0.279885447296
6ff6ff-6ff-6ff- -4.79088614005 -0.960983910629 0.283286127941
6ff6ff-6ff6ff- -4.89441626094 -1.09669248347 0.173414670066
6ff6ff6ff -6.91621115884 -1.11230866997 2.5062440674
6ff6ff6ff-6ff -5.06403245478 -1.19103685215 0.21568883558
6ff6ff6ff-6ff- -4.91348623951 -1.09180036362 0.20981378768
6ff6ff6ff6ff -6.70234735854 -1.35021201579 2.23844031962
6ff6ff6ff6ff- -5.03334372911 -1.23410081163 0.238680022054
6fh6fh -6.93729437199 -0.448469421821 2.90650267882
6fh6fh- -4.28193183433 -0.204165072553 0.442591675077
6fh6fh-4fh6fh 100.0 100.0 100.0
6fh6fh-6fh -3.88977293263 -0.479834369547 0.215974923502
6fh6fh-6fh-6fh 100.0 100.0 100.0
6fh6fh-6fh-6fh- -4.19960231207 -0.686588005926 0.493116118756
6fh6fh-6fh6fh- 100.0 100.0 100.0
6fh6fh6fh -6.55370802302 -0.828555460062 2.46499029617
6fh6fh6fh-6fh -3.87298870986 -0.701228907713 0.0661343230577
6fh6fh6fh-6fh- -4.30116369142 -0.728295763595 0.521119410053
6fh6fh6fh6fh -6.3314958057 -1.03609438296 2.21055127612
6fh6fh6fh6fh- -4.33107023677 -0.821032626715 0.480426859963
6fi6fi -7.15590119667 -0.401362657764 3.06638267942
6fi6fi- -4.09865210459 0.190374301031 0.703525272474
6fi6fi-4fi6fi 100.0 100.0 100.0
6fi6fi-6fi -3.12706991243 0.169666115464 0.205769524732
6fi6fi-6fi-6fi -3.64621772304 -0.0135629499388 0.646732387776
6fi6fi-6fi-6fi- -4.08089854631 -0.288474933108 0.667911313666
6fi6fi-6fi6fi- -2.89327991353 0.271376342956 0.203530577372
6fi6fi6fi -6.74245654778 -0.759201653007 2.63513131721
6fi6fi6fi-6fi -3.29780066433 -0.0263042098905 0.256904943401
6fi6fi6fi-6fi- -4.20061249217 -0.341653546835 0.584711701681
6fi6fi6fi6fi -6.50774525659 -0.952148421999 2.38825657463
6fi6fi6fi6fi- -4.22564565534 -0.443157268906 0.586893943811
6fl6fl -7.20962798848 -0.477010128134 3.07609091439
6fl6fl- -5.64561338052 -0.33486304345 1.39237151709
6fl6fl6fl -6.79047629969 -0.835183841301 2.61924801678
6fl6fl6fl6fl -6.55140025088 -1.02761443999 2.35721837759
6fl6fl6fl6fl- -5.45608252172 -0.887823734147 1.19483168927
6ha6ha -7.2562475878 -0.267114997008 3.21791787151
6ha6ha- -7.26620250645 -0.152107226722 3.42145992098
6ha6ha-4ha6ha -6.55119476451 -0.601417347548 2.73528714081
6ha6ha-6ha -6.7900180713 -0.468811789907 2.97650596944
6ha6ha-6ha-6ha -6.56188752396 -0.693768360439 2.66625388762
6ha6ha-6ha-6ha- -6.61229500391 -0.775725153454 2.61461345428
6ha6ha-6ha6ha- -6.51879758722 -0.635942311458 2.72680686336
6ha6ha6ha -6.84186942742 -0.616852513709 2.81062819844
6ha6ha6ha-6ha -6.53460911931 -0.661632265249 2.69278610312
6ha6ha6ha-6ha- -6.59524830221 -0.745043297914 2.65483314682
6ha6ha6ha6ha -6.61518213764 -0.800417227348 2.5768204303
6ha6ha6ha6ha- -6.56674462604 -0.720419799303 2.62278064509
6hd6hd -7.69143250283 -0.787920334959 2.48377783483
6hd6hd- -5.5580104994 -0.668671020116 1.44729996233
6hd6hd-4hd6hd -5.4027849188 -1.11492096415 1.29528693738
6hd6hd-6hd -5.23863772515 -0.938994378398 1.43110689407
6hd6hd-6hd-6hd -5.39552128206 -1.22868423803 1.17624360212
6hd6hd-6hd-6hd- -5.6873025903 -1.31774456678 1.30604517314
6hd6hd-6hd6hd- -5.11896802509 -1.08941330074 1.39057155212
6hd6hd6hd -7.3795348136 -1.11792457989 2.4763878319
6hd6hd6hd-6hd -5.06356335067 -1.11028496627 1.14210471678
6hd6hd6hd-6hd- -5.46237951714 -1.29369222352 1.13285552159
6hd6hd6hd6hd -7.20485232144 -1.29233772618 2.4656755372
6hd6hd6hd6hd- -5.31437522008 -1.20922191421 1.14135662252
6he6he -6.71668501503 -0.313799523294 1.55324242252
6he6he- -5.04409409881 -0.271059190384 1.50705409188
6he6he-4he6he -4.8753948267 -0.660061728773 1.08926502934
6he6he-6he -4.68566771861 -0.558874928149 1.27325564421
6he6he-6he-6he -4.87467058647 -0.760103128837 1.23180540342
6he6he-6he-6he- -5.12691863706 -0.812381970157 1.41391394153
6he6he-6he6he- -4.56119143211 -0.714644265185 1.19917406442
6he6he6he -6.49929398875 -0.613121351988 1.56895631073
6he6he6he-6he -4.51233481423 -0.681643190448 1.07838152011
6he6he6he-6he- -4.91906526681 -0.785825364844 1.20292591458
6he6he6he6he -6.39618545322 -0.766787766973 1.57599473117
6he6he6he6he- -4.77832117449 -0.719389526347 1.19797890786
6hf6hf -6.90439477807 -0.412969346678 2.87550691603
6hf6hf- -4.49197904531 -0.100887161647 0.842118774096
6hf6hf-4hf6hf 100.0 100.0 100.0
6hf6hf-6hf -4.01245086042 -0.40054549615 0.42085341347
6hf6hf-6hf-6hf 100.0 100.0 100.0
6hf6hf-6hf-6hf- -4.5662216963 -0.664417318109 0.783775941969
6hf6hf-6hf6hf- 100.0 100.0 100.0
6hf6hf6hf -6.50527455311 -0.807325773757 2.4328955481
6hf6hf6hf-6hf -4.15141583597 -0.665595451773 0.452422016067
6hf6hf6hf-6hf- -4.71362056163 -0.750900248764 0.81316130209
6hf6hf6hf6hf -6.27989450321 -1.02531674319 2.18668256224
6hf6hf6hf6hf- -4.74052069071 -0.806221940232 0.850185781941
6hh -7.31692107209 0.561256033329 3.71292761541
6hh6hh -6.57637435272 -0.171412252001 2.83061767963
6hh6hh6hh -6.18491879921 -0.507440137992 2.41804030055
6hh6hh6hh6hh -5.95612512782 -0.688774802373 2.17922945007
6hi6hi -6.77855709518 -0.120312456762 2.95336250496
6hi6hi- -3.78400536675 0.542018504828 0.422309412245
6hi6hi-4hi6hi -3.13612626245 0.677451248162 0.400554242161
6hi6hi-6hi -2.52120145481 0.791942150721 0.259173621133
6hi6hi-6hi-6hi -3.19154989377 0.533403867327 0.377326741091
6hi6hi-6hi-6hi- -3.9393202223 0.0163650831431 0.420238079478
6hi6hi-6hi6hi- -2.22509528555 0.668405445 0.161248717897
6hi6hi6hi -6.36437977791 -0.434381947801 2.55771609225
6hi6hi6hi-6hi -2.74029535382 0.417161729089 0.147174711
6hi6hi6hi-6hi- -4.0108408627 0.00226696273262 0.361188643546
6hi6hi6hi6hi -6.12593338002 -0.600629929094 2.3327550049
6hi6hi6hi6hi- -3.97184282883 0.00748516326243 0.342242720944
6hl6hl -6.84318017819 -0.190246652859 2.98981732091
6hl6hl- -4.28337909417 -0.197628908343 0.329780932206
6hl6hl6hl -6.42780622593 -0.501126116324 2.57860574912
6hl6hl6hl6hl -6.18844841164 -0.663242486178 2.34021370878
6hl6hl6hl6hl- -4.22045517478 -0.611094166157 0.383528208351
6ia6ia -7.38383075147 -0.28167915308 2.42676516067
6ia6ia- -7.05998290989 -0.125590693761 2.7255768459
6ia6ia-4ia6ia -6.63249488327 -0.574478090818 2.45095031408
6ia6ia-6ia -6.81054554722 -0.425974540931 2.55635731818
6ia6ia-6ia-6ia -6.6574703833 -0.665322798145 2.35637913293
6ia6ia-6ia-6ia- -6.75720630156 -0.779598015368 2.25063279685
6ia6ia-6ia6ia- -6.55774636126 -0.582312104798 2.52249700851
6ia6ia6ia -7.02069782525 -0.634216956773 2.26059548041
6ia6ia6ia-6ia -6.61277912068 -0.621558617223 2.4493501632
6ia6ia6ia-6ia- -6.72406512657 -0.739337878857 2.34516400171
6ia6ia6ia6ia -6.79137331312 -0.817760621856 2.21955393782
6ia6ia6ia6ia- -6.69817005471 -0.706900995145 2.2699790335
6id6id -7.81381349359 -0.826855163208 2.36472747657
6id6id- -5.91070815868 -0.600841115546 1.74236667365
6id6id-4id6id -5.78884474627 -1.05246485136 1.63810564802
6id6id-6id -5.54244862733 -0.900121253395 1.60949291722
6id6id-6id-6id -5.759865743 -1.15356804774 1.49592581672
6id6id-6id-6id- -6.05666347389 -1.30838558177 1.64997087536
6id6id-6id6id- -5.39689201397 -1.06473396336 1.51413025919
6id6id6id -7.52016559808 -1.16031724261 2.20167982957
6id6id6id-6id -5.38738164826 -1.08418872944 1.35796059507
6id6id6id-6id- -5.84700675611 -1.25374038937 1.46990717865
6id6id6id6id -7.34505482602 -1.33868764899 2.14073246004
6id6id6id6id- -5.68514538036 -1.18423521393 1.46218672798
6ie6ie -6.72395871453 -0.33623942911 1.51561048456
6ie6ie- -5.36902601346 -0.20559622647 1.78843861381
6ie6ie-4ie6ie -5.19859231683 -0.590881012007 1.135968378
6ie6ie-6ie -4.93262522753 -0.499226393707 1.46633495985
6ie6ie-6ie-6ie -5.20573230404 -0.676224396607 1.45847853556
6ie6ie-6ie-6ie- 100.0 100.0 100.0
6ie6ie-6ie6ie- -4.74625494641 -0.663022749232 1.3098751157
6ie6ie6ie -6.49596560667 -0.642137892063 1.52753181839
6ie6ie6ie-6ie -4.7961719529 -0.635581618646 1.30166122098
6ie6ie6ie-6ie- -5.29622601849 -0.742004227724 1.4375410747
6ie6ie6ie6ie -6.38520119729 -0.79962685356 1.53205373429
6ie6ie6ie6ie- -5.13157930811 -0.684226247373 1.45819304049
6if6if -7.10474424781 -0.417790487312 2.31660760969
6if6if- -4.24401514214 0.216498863172 0.713084017768
6if6if-4if6if 100.0 100.0 100.0
6if6if-6if -3.14293228119 0.0622498035797 0.230059821904
6if6if-6if-6if -3.72457470174 -0.031843318152 0.701382317362
6if6if-6if-6if- -4.39585026875 -0.408760142832 0.689428120744
6if6if-6if6if- -3.03828572231 0.225191876318 0.387934846028
6if6if6if -6.70518816413 -0.809332600159 2.11317313238
6if6if6if-6if -3.39893963022 -0.200108505589 0.231943789243
6if6if6if-6if- -4.54290391131 -0.467734824626 0.678450871681
6if6if6if6if -6.47905574222 -1.02285099328 2.04881921551
6if6if6if6if- -4.55530141066 -0.51819958385 0.677716557806
6ih6ih -6.77206156364 -0.176349183099 2.30293510681
6ih6ih- -3.79521211801 0.604643037862 0.487039535299
6ih6ih-4ih6ih -3.16314883767 0.651515687253 0.453470570705
6ih6ih-6ih -2.61515775028 0.735838783824 0.142816217523
6ih6ih-6ih-6ih -3.21775965683 0.510298158308 0.444355045332
6ih6ih-6ih-6ih- -3.96085296604 -0.102480146759 0.456338938066
6ih6ih-6ih6ih- -2.3420320836 0.72448325525 0.158440465061
6ih6ih6ih -6.3741449536 -0.510491384434 2.14473055921
6ih6ih6ih-6ih -2.87664531426 0.349386101871 0.183899778816
6ih6ih6ih-6ih- -4.05070179076 -0.0309855360875 0.449831915936
6ih6ih6ih6ih -6.1422297513 -0.688812553369 2.07597844518
6ih6ih6ih6ih- -4.01971881211 0.0208060464224 0.459922705239
6ii -7.90793950293 0.56540373408 4.09823141541
6ii6ii -6.98868790816 -0.127631239544 2.31903472519
6ii6ii6ii -6.56908579851 -0.440553736358 2.19258837655
6ii6ii6ii6ii -6.32550181365 -0.603600969959 2.14950921716
6il6il -7.05218930777 -0.200544500216 2.37253632597
6il6il- -3.98935352072 0.167963460956 0.754011469917
6il6il6il -6.62369463914 -0.513162383373 2.23547268169
6il6il6il6il -6.3758180347 -0.675344284545 2.18620409436
6il6il6il6il- -4.07205343609 -0.315302605985 0.774160943257
6la6la -7.48786528723 -0.338678840886 3.48768356294
6la6la6la -6.99227422021 -0.693027084393 2.9814503651
6la6la6la6la -6.71709857925 -0.882105346326 2.70745842298
6ld6ld -7.93336236893 -0.88902840862 2.49953254759
6ld6ld6ld -7.5405986481 -1.21193468934 2.49059039301
6ld6ld6ld6ld -7.32160760215 -1.37930490595 2.48434040805
6le6le -6.83548130279 -0.3916969941 1.55555605996
6le6le6le -6.63847294535 -0.683646576228 1.55843507943
6le6le6le6le -6.55073999282 -0.828925709883 1.56259404554
6lf6lf -7.16952085786 -0.465517912503 3.09007845657
6lf6lf6lf -6.71496536728 -0.848381233489 2.61230692013
6lf6lf6lf6lf -6.45412534396 -1.06065983395 2.34635995009
6lh6lh -6.85432238188 -0.207922863541 3.05102126342
6lh6lh6lh -6.41444375821 -0.528909930013 2.61096753937
6lh6lh6lh6lh -6.15371631488 -0.699923341398 2.3570843896
6li6li -7.06572544352 -0.163126914734 3.21572287385
6li6li6li -6.59207863375 -0.466969373144 2.78560300634
6li6li6li6li -6.31638681743 -0.626037616902 2.53532694712
6ll -7.98944387784 0.388357765262 4.06065717149
6ll6ll -7.1074696336 -0.233558159144 3.23906922576
6ll6ll6ll -6.62656554338 -0.538663462996 2.77132246947
6ll6ll6ll6ll -6.34873407361 -0.695606916124 2.50526217379
