12dd -9.14231551394 -0.148003019962 5.05197893027
12dd12dd- -8.33435335403 -1.83831714419 3.18956195739
12dd12dd-12dd-12dd- -7.87008759241 -2.68630464547 2.20627405354
12dd12dd-12dd-12dd -6.32396191286 -2.30099930537 0.356283254898
12dd12dd-12dd -7.95551379167 -2.28589211136 2.49194469281
12dd12dd-12dd12dd- -7.77214031006 -2.56231116677 2.17010967516
12dd12dd-4dd12dd -6.4556789308 -2.02770883091 0.425980301658
12dd12dd -8.2403496334 -1.7175614365 3.15695706963
12dd12dd12dd-12dd- -7.89728989705 -2.70469447179 2.24601284472
12dd12dd12dd-12dd -7.83136167914 -2.62925571815 2.20670929983
12dd12dd12dd -7.98254965716 -2.33241261561 2.57630504808
12dd12dd12dd12dd- -7.869951007 -2.68639224735 2.20631286702
12dd12dd12dd12dd -7.91181921459 -2.72888110736 2.23952740986
12dh -7.88577663907 0.446105736295 4.36284649402
12dh12dh- -6.94873674635 -0.544092077059 3.06733592452
12dh12dh-12dh-12dh- -6.41203426233 -1.38811397462 2.19318314442
12dh12dh-12dh-12dh -6.37108999698 -1.19821602576 2.17880871674
12dh12dh-12dh -6.56357333034 -0.985512226569 2.47296419724
12dh12dh-12dh12dh- -6.36626835701 -1.24489378056 2.21638145099
12dh12dh-4dh12dh -6.5637613068 -1.04531859945 2.35865827319
12dh12dh -6.92482175485 -0.560257149541 3.00861626629
12dh12dh12dh-12dh- -6.37165376795 -1.30891161181 2.2406759131
12dh12dh12dh-12dh -6.34172917752 -1.23146618466 2.23494180609
12dh12dh12dh -6.54815838188 -1.06546010434 2.48328086101
12dh12dh12dh12dh- -6.33743549688 -1.18933279744 2.2327551249
12dh12dh12dh12dh -6.36957676879 -1.37203366189 2.21057195928
12hd -7.88673109546 0.445432772227 4.36283991561
12hd12hd- -6.94947687333 -0.544192393473 3.06765879031
12hd12hd-12hd-12hd- -6.33851308023 -1.18913020814 2.23370401886
12hd12hd-12hd-12hd -6.37211883159 -1.19797802313 2.17978973504
12hd12hd-12hd -6.56443531101 -0.985460347451 2.47359633753
12hd12hd-12hd12hd- -6.3672203415 -1.24473820561 2.21729810173
12hd12hd-4hd12hd -6.6632432456 -1.22208522469 2.39853026026
12hd12hd -6.92569568234 -0.560370704388 3.00905323133
12hd12hd12hd-12hd- -6.37262241533 -1.30880677236 2.24159479454
12hd12hd12hd-12hd -6.39405488503 -1.32185428139 2.21959668356
12hd12hd12hd -6.54911577957 -1.06546959503 2.48400259001
12hd12hd12hd12hd- -6.4129970441 -1.38801196131 2.19418113218
12hd12hd12hd12hd -6.37063071035 -1.37197239966 2.21156984056
12hh -7.16848097632 1.88762420228 4.97848941521
12hh12hh- -5.62650335846 0.995448231749 3.24351709258
12hh12hh-12hh-12hh- -4.78011807761 0.425622590223 2.186310801
12hh12hh-12hh-12hh -4.82518580649 0.383665632776 2.16851650622
12hh12hh-12hh -5.11673334 0.592138362122 2.55422201515
12hh12hh-12hh12hh- -4.83896675259 0.368825851992 2.20814526124
12hh12hh-4hh12hh -5.04223350071 0.291871093765 2.33545708631
12hh12hh -5.67384353465 0.968933279069 3.2071658687
12hh12hh12hh-12hh- -4.78094961782 0.416741344812 2.22347590779
12hh12hh12hh-12hh -4.81128780672 0.392574427841 2.21630151893
12hh12hh12hh -5.08909080217 0.623167744367 2.57295059299
12hh12hh12hh12hh- -4.78014384899 0.425673024222 2.18637025442
12hh12hh12hh12hh -4.75309635207 0.460560910319 2.20749720668
13aa -7.84144734393 2.24217880601 5.87778517069
13aa13aa- -6.5189129088 1.13121223087 4.04355490728
13aa13aa-13aa-13aa- -5.74468312031 0.425022473963 2.9713964243
13aa13aa-13aa-13aa -5.73413887094 0.46248642303 2.98404349768
13aa13aa-13aa -6.00270910332 0.71382128943 3.36369964193
13aa13aa-13aa13aa- -5.74153586172 0.485613556302 3.01671412071
13aa13aa-4aa13aa -5.91849589675 0.236479853816 3.04094910121
13aa13aa -6.49139622242 1.13589645406 4.02996505305
13aa13aa13aa-13aa- -5.74968979925 0.434330862524 2.99428341379
13aa13aa13aa-13aa -5.74516610018 0.460209184244 3.0054655187
13aa13aa13aa -5.98983950409 0.665803967552 3.33503639597
13aa13aa13aa13aa- -5.74468731509 0.425016790428 2.97139273924
13aa13aa13aa13aa -5.75489920571 0.389401269681 2.95925546204
13ad13ad- -7.47934643463 -0.204339937701 3.7305852738
13ad13ad-13ad-13ad- -6.92152188514 -0.938891528589 2.80121271724
13ad13ad-13ad-13ad -6.91532514139 -0.89169899202 2.82048481829
13ad13ad-13ad -7.10362681869 -0.614154719765 3.15181802836
13ad13ad-13ad13ad- -6.92745566234 -0.862314924973 2.85719755494
13ad13ad-4ad13ad -7.03706593168 -1.08406635498 2.85430582677
13ad13ad -7.41464580565 -0.134314535445 3.7250496774
13ad13ad13ad-13ad- -6.97215528089 -0.979080623826 2.83197105436
13ad13ad13ad-13ad -6.96545715901 -0.944167578979 2.84799863354
13ad13ad13ad -7.08421221028 -0.680681279312 3.134169718
13ad13ad13ad13ad- -6.97538589492 -1.02267048625 2.81514258047
13ad13ad13ad13ad -6.9739203942 -1.03742639677 2.80476744658
13ae13ae- -6.55657505727 0.568667465364 3.6205662137
13ae13ae-13ae-13ae- -5.88263282742 -0.0596293456485 2.70383019125
13ae13ae-13ae-13ae -5.88342224337 -0.0248031679355 2.71817321557
13ae13ae-13ae -6.11642561015 0.210133807241 3.04434219268
13ae13ae-13ae13ae- -5.89324214571 0.0011267315344 2.75165172806
13ae13ae-4ae13ae -6.04660131852 -0.207663573978 2.7724994365
13ae13ae -6.50327562415 0.627872106528 3.61984126291
13ae13ae13ae-13ae- -5.89892197694 -0.0608442778386 2.74155316475
13ae13ae13ae-13ae -5.8963855986 -0.0339405661453 2.75337136568
13ae13ae13ae -6.07769507312 0.184606186405 3.04877279015
13ae13ae13ae13ae- -5.89019219179 -0.0696466012993 2.73596047673
13ae13ae13ae13ae -5.88143559777 -0.0847041209663 2.72441004685
13af13af- -6.10796017949 1.19110685854 3.74408098577
13af13af-13af-13af- -5.2777781636 0.536205103956 2.73796832081
13af13af-13af-13af -5.26353652206 0.600233841462 2.76137799424
13af13af-13af -5.57184590597 0.827048027299 3.1177134079
13af13af-13af13af- -5.32328210508 0.582852708276 2.79209764466
13af13af-4af13af -5.50968901266 0.462746677232 2.8595439896
13af13af -6.08899454251 1.22567692524 3.76046181726
13af13af13af-13af- -5.35618597629 0.509250110964 2.77158885556
13af13af13af-13af -5.34416417176 0.556625201213 2.78995237055
13af13af13af -5.62374103333 0.759923583965 3.12135821431
13af13af13af13af- -5.40425504378 0.498191338146 2.77753706343
13af13af13af13af -5.4000390536 0.484226911662 2.77211179245
13ah13ah- -5.91717667305 1.33600987261 3.72123749108
13ah13ah-13ah-13ah- -5.17815886158 0.653599693235 2.73906195105
13ah13ah-13ah-13ah -5.17108319663 0.68798054766 2.74930224719
13ah13ah-13ah -5.42837157633 0.92860201619 3.08991858181
13ah13ah-13ah13ah- -5.17034898219 0.700685521952 2.76767285451
13ah13ah-4ah13ah -5.41691101024 0.554050528485 2.8407290443
13ah13ah -5.89504848245 1.34278270968 3.71346190878
13ah13ah13ah-13ah- -5.17269778678 0.6747956561 2.76749365499
13ah13ah13ah-13ah -5.16682890318 0.696977390915 2.77401578729
13ah13ah13ah -5.41541244451 0.905372233666 3.09146585509
13ah13ah13ah13ah- -5.16783272331 0.684181433367 2.76370531824
13ah13ah13ah13ah -5.17322648941 0.651660806115 2.75269243049
13ai13ai- -6.08198827717 1.37278508352 3.88072679336
13ai13ai-13ai-13ai- -5.28936980453 0.721271072616 2.85551019506
13ai13ai-13ai-13ai -5.27977888756 0.752042106346 2.86310857512
13ai13ai-13ai -5.5522143275 0.981267513195 3.22021100811
13ai13ai-13ai13ai- -5.27785783912 0.766361516616 2.88322023128
13ai13ai-4ai13ai -5.50085432986 0.592531491219 2.95573349658
13ai13ai -6.07134553204 1.3806723211 3.88042780388
13ai13ai13ai-13ai- -5.28424467527 0.737171862897 2.8797714959
13ai13ai13ai-13ai -5.27792659008 0.756896380593 2.88495640094
13ai13ai13ai -5.5488466463 0.956054823772 3.22010841643
13ai13ai13ai13ai- -5.27986795316 0.742580046925 2.87006223648
13ai13ai13ai13ai -5.28788303225 0.713498247789 2.86192656122
13al13al- -5.94006957854 1.38197216282 3.77319905163
13al13al-13al-13al- -4.65249281794 0.893939609093 1.93534990075
13al13al-13al-13al -4.23885907951 0.81277945875 1.53146184901
13al13al-13al -4.48017720709 0.935633031211 1.47586954171
13al13al-13al13al- -4.48255627542 0.723577079819 1.19185418565
13al13al -5.88452098988 1.34654688531 3.7119306287
13al13al13al-13al- -4.85955178581 0.818621622882 2.00796396341
13al13al13al-13al -4.41456737461 0.732004525441 1.49474806243
13al13al13al -5.36282901018 0.9225844699 3.07084419533
13al13al13al13al- -5.08243726941 0.74853198426 2.75135787841
13al13al13al13al -5.09330765463 0.67925537005 2.72268490585
13da13da- -7.47933940965 -0.204290380851 3.73059256238
13da13da-13da-13da- -6.97538182242 -1.02261062266 2.81517323111
13da13da-13da-13da -6.91531413595 -0.891632492714 2.82050964415
13da13da-13da -7.10361509656 -0.614089264131 3.15183896471
13da13da-13da13da- -6.9274420432 -0.86224097525 2.85722572066
13da13da-4da13da -6.968931209 -1.10764624214 2.8036069664
13da13da -7.41464163624 -0.134251924629 3.7250726357
13da13da13da-13da- -6.97214990683 -0.979021557202 2.83199476636
13da13da13da-13da -6.92745302297 -0.890158285487 2.84159218246
13da13da13da -7.08420859977 -0.68062269205 3.13419586261
13da13da13da13da- -6.92151165141 -0.938833184281 2.80123124476
13da13da13da13da -6.97391770664 -1.03736945442 2.80479505927
13dd -8.98718156521 0.428344608837 5.41411296492
13dd13dd- -8.25081491311 -1.32788185216 3.4808305803
13dd13dd-13dd-13dd- -5.70271482394 -1.42991188612 0.477558181099
13dd13dd-13dd-13dd -6.09007790658 -1.38224270569 0.455186367369
13dd13dd-13dd -7.92454527134 -1.6612804686 2.94318392673
13dd13dd-13dd13dd- -7.77658039706 -1.90003987085 2.67288201945
13dd13dd-4dd13dd -7.80601697634 -2.26974283334 1.97111264667
13dd13dd -5.69325455584 -0.47223381438 0.454621378341
13dd13dd13dd-13dd- -5.89451193272 -1.5141002349 0.442661065314
13dd13dd13dd-13dd -5.95109426711 -1.70828529166 0.45462584684
13dd13dd13dd -5.63121348743 -0.691125295617 0.485316021405
13dd13dd13dd13dd- -5.70263988887 -1.4300025234 0.477544934775
13dd13dd13dd13dd -5.64296585444 -0.770021324542 0.495215535878
13de13de- -7.35195429656 -0.585494889044 3.35415121358
13de13de-13de-13de- -4.98990372754 -0.721580464472 0.295743500847
13de13de-13de-13de -5.29755789237 -0.674968584774 0.263282283955
13de13de-13de -6.96939439235 -0.908150884731 2.75901962164
13de13de-13de13de- -6.78376297187 -1.10810571657 2.48724789837
13de13de-4de13de -6.22158131959 -1.50311510756 1.10861048153
13de13de -5.03736470129 -0.0190048318221 0.253429082853
13de13de13de-13de- -5.07687689697 -0.678581565167 0.249847881584
13de13de13de-13de -5.18848427012 -0.839874239091 0.256802386478
13de13de13de -4.91924990199 -0.106425209782 0.298493846511
13de13de13de13de- -5.00030479447 -0.485923817219 0.303919949735
13de13de13de13de -4.86610935122 -0.13573084295 0.300432739831
13df13df- -7.05770856398 -0.140318462632 3.41293868899
13df13df-13df-13df- -6.47368932423 -0.988908759829 2.52034244296
13df13df-13df-13df -6.43951295065 -0.754600635045 2.57569109261
13df13df-13df -6.6562488767 -0.49116855453 2.88345564131
13df13df-13df13df- -6.4972181263 -0.745701616838 2.60945613472
13df13df-4df13df -6.58555166159 -0.776206992262 2.66344946581
13df13df -6.95471313292 -0.0575039250221 3.33132727343
13df13df13df-13df- -6.55833040931 -0.921756051534 2.55958212449
13df13df13df-13df -6.51797183465 -0.772427263808 2.59555480329
13df13df13df -6.66920727378 -0.607405274396 2.82283752432
13df13df13df13df- -6.57182335215 -0.836768720173 2.56472742947
13df13df13df13df -6.57903157302 -0.969426498988 2.53984639972
13dh13dh- -6.84768582954 0.0199812807583 3.38714810725
13dh13dh-13dh-13dh- -6.32966037473 -0.849358824203 2.46806390985
13dh13dh-13dh-13dh -6.31888780675 -0.653901375967 2.52121260447
13dh13dh-13dh -6.49368790097 -0.38580153005 2.8344129853
13dh13dh-13dh13dh- -6.3285737714 -0.623832250753 2.56798896792
13dh13dh-4dh13dh -6.46942917706 -0.66535962093 2.63304179073
13dh13dh -6.72959995231 0.0253235582316 3.21519971696
13dh13dh13dh-13dh- -6.34179377484 -0.741205492901 2.52509126451
13dh13dh13dh-13dh -6.32676849138 -0.629593970527 2.56236025788
13dh13dh13dh -6.43037682379 -0.493421191596 2.7327751015
13dh13dh13dh13dh- -6.32048154775 -0.6578788869 2.52241906659
13dh13dh13dh13dh -6.32276212688 -0.833297712119 2.46702746411
13di13di- -7.03589132739 0.0486619382302 3.55983496995
13di13di-13di-13di- -6.42818405646 -0.78583059416 2.42486009066
13di13di-13di-13di -6.42963508361 -0.616711576455 2.52266685078
13di13di-13di -6.64349711133 -0.346214844318 2.97693279992
13di13di-13di13di- -6.46020263332 -0.576955226865 2.6907742047
13di13di-4di13di -6.55691015448 -0.680445278508 2.71817523311
13di13di -6.81984342078 0.0370054860521 2.65141276546
13di13di13di-13di- -6.45832001985 -0.709956901749 2.51591546899
13di13di13di-13di -6.45736743769 -0.608758184037 2.58160389014
13di13di13di -6.53106147988 -0.46873684271 2.53286065622
13di13di13di13di- -6.42308778635 -0.650125667106 2.46939056086
13di13di13di13di -6.42345643988 -0.799427260566 2.38749714166
13dl13dl- -6.89783414812 0.0621137982069 3.46225081954
13dl13dl-13dl-13dl- -4.35323197491 0.400680270555 1.67520820347
13dl13dl-13dl-13dl -4.71456310325 -0.116195326809 1.12142165551
13dl13dl-13dl -5.45172383259 -0.377998990937 1.10186431889
13dl13dl-13dl13dl- -4.59956318579 -0.623506636345 0.0846726458522
13dl13dl -6.79740002766 0.0333819988084 3.34388596246
13dl13dl13dl-13dl -5.4510169107 -0.604812045721 1.11416952623
13dl13dl13dl -6.44950769007 -0.498147981009 2.79849071607
13dl13dl13dl13dl- -6.28402864453 -0.625535827923 2.56068946642
13dl13dl13dl13dl -6.30957814043 -0.843128385521 2.50276695548
13ea13ea- -6.55659437601 0.568708238822 3.62058424048
13ea13ea-13ea-13ea- -5.89019576172 -0.0696057534588 2.7359798515
13ea13ea-13ea-13ea -5.88342446172 -0.0247586091772 2.71819032653
13ea13ea-13ea -6.11643053927 0.210182481571 3.04436224998
13ea13ea-13ea13ea- -5.8932409325 0.00118064213778 2.75167300178
13ea13ea-4ea13ea -5.98749670937 -0.218157804848 2.76424841321
13ea13ea -6.50329140123 0.627918788425 3.61987191262
13ea13ea13ea-13ea- -5.89892674427 -0.0608032651375 2.74156831939
13ea13ea13ea-13ea -5.89176743552 -0.0207619866327 2.74009190615
13ea13ea13ea -6.07770293369 0.184645863182 3.04879347971
13ea13ea13ea13ea- -5.88263615798 -0.0595917849464 2.70384145501
13ea13ea13ea13ea -5.88144066708 -0.0846679499761 2.72442595281
13ed13ed- -7.35198552165 -0.585505121785 3.35416345983
13ed13ed-13ed-13ed- -5.00036890684 -0.485844703437 0.304168306254
13ed13ed-13ed-13ed -5.29756882639 -0.67494251962 0.2635239563
13ed13ed-13ed -6.96941410636 -0.908172215179 2.75902152795
13ed13ed-13ed13ed- -6.78377724983 -1.1081349375 2.4872394626
13ed13ed-4ed13ed -6.13239209415 -1.2862770879 0.998444309642
13ed13ed -5.03736552804 -0.0188568886857 0.25364281254
13ed13ed13ed-13ed- -5.07683526044 -0.678583349013 0.249944955972
13ed13ed13ed-13ed -5.22383949868 -0.991957338135 0.253636205528
13ed13ed13ed -4.91922765241 -0.106288476328 0.298654002201
13ed13ed13ed13ed- -4.98984735325 -0.721684720166 0.29582029335
13ed13ed13ed13ed -4.86605896302 -0.1355882566 0.300545383222
13ee -7.66673048828 1.46434679366 4.76315114372
13ee13ee- -6.62019883627 0.118197192334 3.33008822845
13ee13ee-13ee-13ee- -4.35068528872 0.190673284304 0.478085618592
13ee13ee-13ee-13ee -4.58226492809 0.0721856096935 0.422429109734
13ee13ee-13ee -6.14609492763 -0.19078432019 2.64936878374
13ee13ee-13ee13ee- -5.90669317085 -0.361083346964 2.36551944085
13ee13ee-4ee13ee -5.2623705991 -0.562159275067 0.776076942839
13ee13ee -4.45640868991 0.814727677284 0.424403229058
13ee13ee13ee-13ee- -4.39976679932 0.12448649932 0.418191988185
13ee13ee13ee-13ee -4.5349331659 -0.159110084372 0.424089335611
13ee13ee13ee -4.30994189828 0.80149457462 0.480407356675
13ee13ee13ee13ee- -4.35065458312 0.190581931232 0.478067293666
13ee13ee13ee13ee -4.25410875821 0.832020600731 0.480995479488
13ef13ef- -6.31437994855 0.611216484217 3.43512978813
13ef13ef-13ef-13ef- -5.53512039032 -0.0360475417726 2.49223309286
13ef13ef-13ef-13ef -5.52808344351 0.0770067430404 2.51285400521
13ef13ef-13ef -5.81166592578 0.306560485509 2.85067334225
13ef13ef-13ef13ef- -5.59699320501 0.080878237851 2.56089923624
13ef13ef-4ef13ef -5.69738780094 0.0451306690599 2.63446402104
13ef13ef -6.20145516056 0.686094295602 2.70468031732
13ef13ef13ef-13ef- -5.61525203341 -0.0260214010349 2.51899944762
13ef13ef13ef-13ef -5.59980819577 0.0631197038986 2.53985552315
13ef13ef13ef -5.78882593289 0.23902206495 2.69216589284
13ef13ef13ef13ef- -5.63455047838 -0.000920799396417 2.49259202111
13ef13ef13ef13ef -5.60373360153 -0.0374235493063 2.48039067335
13eh13eh- -6.13281891109 0.756978850995 3.41656325445
13eh13eh-13eh-13eh- -5.41214516243 0.0631006706961 2.39234605278
13eh13eh-13eh-13eh -5.43309223228 0.146002867355 2.43466207031
13eh13eh-13eh -5.68350346254 0.389488010024 2.8080954506
13eh13eh-13eh13eh- -5.45896687043 0.177769298845 2.51870380959
13eh13eh-4eh13eh -5.5933272505 0.119383463932 2.58582474389
13eh13eh -6.00639576283 0.743299923023 2.64655069782
13eh13eh13eh-13eh- -5.42911370248 0.117342287144 2.45203799473
13eh13eh13eh-13eh -5.44349681483 0.172234549627 2.49346060825
13eh13eh13eh -5.58846944759 0.323048825235 2.58276026036
13eh13eh13eh13eh- -5.41670339465 0.141077508793 2.41608340394
13eh13eh13eh13eh -5.39230672117 0.0644725764558 2.37124089487
13ei13ei- -6.24099381376 0.792412535067 3.53150788195
13ei13ei-13ei-13ei- -5.15531531203 0.123037147035 1.31909067382
13ei13ei-13ei-13ei -5.32724899682 0.196693594608 1.35713526181
13ei13ei-13ei -5.76439364793 0.435586415321 2.90944596231
13ei13ei-13ei13ei- -5.52603488867 0.233638310608 2.6091064138
13ei13ei-4ei13ei -5.63833973515 0.134370224295 2.6535806445
13ei13ei -5.32916046747 0.754970627664 1.33765715345
13ei13ei13ei-13ei- -5.29963066622 0.161051436098 1.34188914505
13ei13ei13ei-13ei -5.35973425476 0.208357168243 1.35186217912
13ei13ei13ei -5.17909317555 0.3492886089 1.31907919308
13ei13ei13ei13ei- -5.19098187175 0.170853943335 1.32863983263
13ei13ei13ei13ei -5.11799560298 0.102360221786 1.30890559017
13el13el- -6.16141481272 0.792167689119 3.46862131733
13el13el-13el-13el- -3.69468293544 1.19203792042 1.45557436966
13el13el-13el-13el -4.02464739408 0.615847021702 1.316695554
13el13el-13el -4.84805569381 0.386934739797 1.30072652882
13el13el-13el13el- -3.95138965326 0.115925635184 0.211607700589
13el13el -6.00855224571 0.745202932867 2.08810188895
13el13el13el-13el- -3.88315664628 0.632240828137 1.45063724779
13el13el13el-13el -4.81763588421 0.187170683089 1.31299163701
13el13el13el -5.65234699111 0.315631194197 2.06007049551
13el13el13el13el- -5.40985916597 0.172261738277 2.07554122818
13el13el13el13el -5.42939613261 0.0543791871602 2.04989669108
13fa13fa- -6.10801166415 1.19104694003 3.74407366482
13fa13fa-13fa-13fa- -5.40427774482 0.498124142125 2.77750449254
13fa13fa-13fa-13fa -5.31063542427 0.606781314458 2.77742834649
13fa13fa-13fa -5.54080951143 0.867899596728 3.12706052828
13fa13fa-13fa13fa- -5.32331613915 0.58279113176 2.79206842855
13fa13fa-4fa13fa -5.42456517756 0.440615257501 2.86165623939
13fa13fa -5.98085649554 1.29499673444 3.74800095204
13fa13fa13fa-13fa- -5.35622528831 0.509178613443 2.77155470055
13fa13fa13fa-13fa -5.26836360711 0.614069637835 2.77834792587
13fa13fa13fa -5.46766260833 0.862061778923 3.10456238345
13fa13fa13fa13fa- -5.27782738789 0.536127295827 2.73793337639
13fa13fa13fa13fa -5.2069533068 0.611462887149 2.7563899835
13fd13fd- -7.05776931852 -0.140419678482 3.41292920613
13fd13fd-13fd-13fd- -6.57183315115 -0.836900603995 2.56465534364
13fd13fd-13fd-13fd -6.47896165452 -0.73513991287 2.57152402325
13fd13fd-13fd -6.62405108177 -0.447583670867 2.88666415613
13fd13fd-13fd13fd- -6.49725750786 -0.745842664714 2.60939705021
13fd13fd-4fd13fd -6.59287486784 -0.806468223927 2.71804560508
13fd13fd -6.8767232968 -0.00134549933691 3.38074306359
13fd13fd13fd-13fd- -6.55835724231 -0.921876320136 2.55951600837
13fd13fd13fd-13fd -6.4667921886 -0.810476233525 2.57503426517
13fd13fd13fd -6.53808218447 -0.542387620553 2.83387686326
13fd13fd13fd13fd- -6.47372460535 -0.989024908524 2.52027406858
13fd13fd13fd13fd -6.40806677408 -0.894941716727 2.53918323244
13fe13fe- -6.31441275521 0.611124581877 3.43511204355
13fe13fe-13fe-13fe- -5.63455248738 -0.00102774428916 2.49253285678
13fe13fe-13fe-13fe -5.56245450852 0.0907405396138 2.50856861178
13fe13fe-13fe -5.78288365114 0.34502362568 2.85734139673
13fe13fe-13fe13fe- -5.59701980735 0.0807616231712 2.56085007282
13fe13fe-4fe13fe -5.69716772568 0.00942692904705 2.65318487107
13fe13fe -6.13569401691 0.740308577392 2.75483727015
13fe13fe13fe-13fe- -5.61526972211 -0.0261251417531 2.51894554908
13fe13fe13fe-13fe -5.54175125777 0.072065333339 2.53997029193
13fe13fe13fe -5.67288805931 0.311498772624 2.72728761256
13fe13fe13fe13fe- -5.53515034175 -0.0361506616348 2.49217814619
13fe13fe13fe13fe -5.4519479044 0.0501483109308 2.49624086947
13ff -7.12700621772 2.34239794515 5.21454453873
13ff13ff- -5.94111154858 1.23804900878 3.64103841643
13ff13ff-13ff-13ff- -5.12651813948 0.617150846168 2.61012349686
13ff13ff-13ff-13ff -5.01820353469 0.753166898989 2.62342905395
13ff13ff-13ff -5.29513192759 0.983165985884 2.99153825253
13ff13ff-13ff13ff- -5.09294622969 0.694220417698 2.65235164291
13ff13ff-4ff13ff -5.15783744846 0.649077691022 2.71266848851
13ff13ff -5.79638574482 1.3794375963 3.60814129021
13ff13ff13ff-13ff- -5.16194872712 0.587034802935 2.62326996367
13ff13ff13ff-13ff -5.05449881429 0.719341256953 2.64048499791
13ff13ff13ff -5.28452772911 0.957954037311 2.97260280112
13ff13ff13ff13ff- -5.12654451576 0.617163308189 2.61013072019
13ff13ff13ff13ff -5.03031034704 0.715433292883 2.62131316739
13fh13fh- -5.76671039917 1.38283662883 3.62707461512
13fh13fh-13fh-13fh- -5.00410165194 0.70061732126 2.57497239586
13fh13fh-13fh-13fh -4.92374641938 0.810740954864 2.59244978307
13fh13fh-13fh -5.17620315587 1.07190667714 2.97226511678
13fh13fh-13fh13fh- -4.95890318442 0.801725076682 2.63153206477
13fh13fh-4fh13fh -5.05429531151 0.699711589563 2.67348101307
13fh13fh -5.64564341042 1.47129132514 3.54363788619
13fh13fh13fh-13fh- -4.98567815342 0.731158512504 2.60116557757
13fh13fh13fh-13fh -4.9071952454 0.836499327067 2.62055298497
13fh13fh13fh -5.1247292785 1.0698067469 2.92455905391
13fh13fh13fh13fh- -4.93266117912 0.783519623507 2.58119021279
13fh13fh13fh13fh -4.85913934878 0.84359097838 2.57897483164
13fi13fi- -5.83216501039 1.42246915052 3.70561989427
13fi13fi-13fi-13fi- -5.02399947059 0.754318399142 2.62987534874
13fi13fi-13fi-13fi -4.94957564744 0.868078746883 2.65605698839
13fi13fi-13fi -5.22180795866 1.12617809453 3.05586441005
13fi13fi-13fi13fi- -4.98916894111 0.862280763437 2.71119818559
13fi13fi-4fi13fi -5.09535659653 0.755523135475 2.77965162456
13fi13fi -5.72368395084 1.4836888219 3.60733200929
13fi13fi13fi-13fi- -5.0212946546 0.767654465697 2.65981006482
13fi13fi13fi-13fi -4.95176350826 0.875712714625 2.68867673431
13fi13fi13fi -5.17599668421 1.07768946115 2.97141737677
13fi13fi13fi13fi- -4.97249562638 0.797734800381 2.63012380529
13fi13fi13fi13fi -4.8954465014 0.849252124942 2.62113984936
13fl13fl- -5.75694366368 1.43368875621 3.65381915484
13fl13fl-13fl -4.48618362052 1.11459997534 1.54665216467
13fl13fl-13fl13fl- -4.5602682872 0.862756231785 1.34022162863
13fl13fl -5.63568625957 1.52214909882 3.60956130864
13fl13fl13fl-13fl -4.47867889007 0.921523510104 1.54472504589
13fl13fl13fl -5.07253580692 1.15353922256 2.97366290481
13fl13fl13fl13fl- -4.84145544551 0.904636504665 2.61972822732
13fl13fl13fl13fl -4.77891053728 0.951115237716 2.62073576532
13ha13ha- -5.91720181418 1.33599258321 3.7212333451
13ha13ha-13ha-13ha- -5.16806018005 0.684243143096 2.76398333082
13ha13ha-13ha-13ha -5.17127122148 0.687984666096 2.74946619317
13ha13ha-13ha -5.42843032145 0.928577171902 3.08993152908
13ha13ha-13ha13ha- -5.17044362754 0.700654059148 2.76769246051
13ha13ha-4ha13ha -5.39404517226 0.468257010032 2.8433222834
13ha13ha -5.89517117108 1.34283171331 3.71372437382
13ha13ha13ha-13ha- -5.17290228666 0.674818691749 2.76767786944
13ha13ha13ha-13ha -5.17550597337 0.679053497093 2.76111338676
13ha13ha13ha -5.41562553244 0.905432756648 3.09177271333
13ha13ha13ha13ha- -5.17840960936 0.653620193207 2.7392967499
13ha13ha13ha13ha -5.17351782217 0.651728754579 2.753031549
13hd13hd- -6.84770487901 0.0199038238369 3.38711914162
13hd13hd-13hd-13hd- -6.32070624294 -0.658095283066 2.52262131732
13hd13hd-13hd-13hd -6.31907372593 -0.654053256052 2.52133933457
13hd13hd-13hd -6.49372614919 -0.385908373708 2.83437101368
13hd13hd-13hd13hd- -6.32863495824 -0.623960374579 2.56793130437
13hd13hd-4hd13hd -6.54545983683 -0.769801296845 2.6831748319
13hd13hd -6.72977868797 0.0252987979838 3.21567251405
13hd13hd13hd-13hd- -6.3420100464 -0.74138665271 2.52526622589
13hd13hd13hd-13hd -6.33375050251 -0.730076542833 2.52792521533
13hd13hd13hd -6.43061764688 -0.493532318776 2.7331278016
13hd13hd13hd13hd- -6.32995422604 -0.849473940126 2.46832259076
13hd13hd13hd13hd -6.32306971271 -0.833478247292 2.46731873793
13he13he- -6.13281276921 0.756922326599 3.41654626425
13he13he-13he-13he- -5.41692280202 0.14092728041 2.41673016667
13he13he-13he-13he -5.43325477287 0.145904488225 2.43512060111
13he13he-13he -5.68351221086 0.389413985368 2.80806877953
13he13he-13he13he- -5.45899433861 0.177681445124 2.5186675954
13he13he-4he13he -5.66655125117 0.0259474699683 2.61552732986
13he13he -6.00662523593 0.743296601389 2.64867443681
13he13he13he-13he- -5.42926436129 0.117217027782 2.45261818523
13he13he13he-13he -5.4386455112 0.124573068261 2.46928059976
13he13he13he -5.58867844267 0.322985339705 2.58483679792
13he13he13he13he- -5.41234468735 0.0630533590829 2.39304936996
13he13he13he13he -5.39254823199 0.0643651577238 2.37200670553
13hf13hf- -5.76666879495 1.38289648119 3.62709324298
13hf13hf-13hf-13hf- -4.93270132556 0.783501901488 2.58127277871
13hf13hf-13hf-13hf -4.91259750205 0.826835427973 2.58895894088
13hf13hf-13hf -5.20593143322 1.04143750619 2.96430620292
13hf13hf-13hf13hf- -4.9589039635 0.8017582593 2.63155222232
13hf13hf-4hf13hf -5.12034055276 0.647810658898 2.67530587081
13hf13hf -5.70334611568 1.40481921553 3.52897049009
13hf13hf13hf-13hf- -4.98571194027 0.731163165706 2.60121936739
13hf13hf13hf-13hf -4.96391439005 0.774219498524 2.61364258222
13hf13hf13hf -5.21444201846 0.968758894154 2.91367263644
13hf13hf13hf13hf- -5.00417535903 0.700609231435 2.57501215009
13hf13hf13hf13hf -4.97296829019 0.715970484215 2.56993682352
13hh -6.85672390638 2.46017759117 5.1044768883
13hh13hh- -5.59506011159 1.51885439565 3.60857907335
13hh13hh-13hh-13hh- -4.80311267384 0.839842133086 2.50886809045
13hh13hh-13hh-13hh -4.81474417221 0.863521409383 2.53264112704
13hh13hh-13hh -5.09070279517 1.1182182312 2.93928390413
13hh13hh-13hh13hh- -4.82767724479 0.89507057889 2.60294677846
13hh13hh-4hh13hh -5.01818829594 0.689966554565 2.63323601035
13hh13hh -5.54532657563 1.47687325127 3.41118515705
13hh13hh13hh-13hh- -4.80582624339 0.850972769307 2.55017675177
13hh13hh13hh-13hh -4.81628417621 0.87283167854 2.57506315546
13hh13hh13hh -5.04547376004 1.05632198073 2.82060436591
13hh13hh13hh13hh- -4.80303935778 0.839867522802 2.50882979565
13hh13hh13hh13hh -4.7916929201 0.816695584858 2.4852509195
13hi13hi- -5.65283592257 1.56422761822 3.68567045762
13hi13hi-13hi-13hi- -4.83674635546 0.879487263123 2.58603129232
13hi13hi-13hi-13hi -4.84382149911 0.916975495469 2.61118458682
13hi13hi-13hi -5.12670508934 1.17870346227 3.02113590637
13hi13hi-13hi13hi- -4.85146825493 0.965214518624 2.68467560036
13hi13hi-4hi13hi -5.05998503159 0.756014173049 2.74043406522
13hi13hi -5.6122525793 1.50191431776 3.51494613245
13hi13hi13hi-13hi- -4.84305211584 0.893571888539 2.62433444781
13hi13hi13hi-13hi -4.85033546909 0.927719318096 2.65084915152
13hi13hi13hi -5.09719893511 1.08123945696 2.89901375328
13hi13hi13hi13hi- -4.8419733653 0.879072601303 2.57985450646
13hi13hi13hi13hi -4.83525112827 0.842590887288 2.55606821395
13hl13hl- -5.58647390377 1.57149028607 3.63640570182
13hl13hl-13hl-13hl- -1.66801024815 2.38027295322 0.332873239769
13hl13hl-13hl-13hl -2.55153486817 1.80750583712 0.412876779741
13hl13hl-13hl -4.46821447855 1.16573722654 1.57342611479
13hl13hl-13hl13hl- -4.47467202362 0.949671465623 1.36147565942
13hl13hl -5.57453827539 1.53243985788 3.52789686687
13hl13hl13hl-13hl- -2.51959726737 1.91191635274 0.427086135672
13hl13hl13hl-13hl -4.45799192897 0.967025129597 1.56934157707
13hl13hl13hl -5.04479883082 1.14713953272 2.91755030187
13hl13hl13hl13hl- -4.75659408646 0.972068007279 2.58582742907
13hl13hl13hl13hl -4.77016378695 0.933364771552 2.57510183836
13ia13ia- -6.08195286393 1.37276557477 3.88067052853
13ia13ia-13ia-13ia- -5.27956248189 0.742436573928 2.86962225814
13ia13ia-13ia-13ia -5.27956756435 0.751914154809 2.86279194729
13ia13ia-13ia -5.55214287165 0.981215723699 3.22011191721
13ia13ia-13ia13ia- -5.27775137855 0.766285777058 2.88308228426
13ia13ia-4ia13ia -5.48075952848 0.538125164587 2.95402112272
13ia13ia -6.07117198538 1.38056533257 3.88002660575
13ia13ia13ia-13ia- -5.2839871957 0.737054497934 2.87943547748
13ia13ia13ia-13ia -5.28336920311 0.747186885918 2.87773928675
13ia13ia13ia -5.54856402766 0.95591716672 3.21964428336
13ia13ia13ia13ia- -5.28908974586 0.721124300032 2.85510632688
13ia13ia13ia13ia -5.28752218069 0.713332785852 2.86140648347
13id13id- -7.03588209734 0.0486184309974 3.55981193009
13id13id-13id-13id- -6.42163293299 -0.649893138401 2.46454510092
13id13id-13id-13id -6.42887319033 -0.616718045298 2.5185270699
13id13id-13id -6.64346587647 -0.346311922643 2.97686225878
13id13id-13id13id- -6.46013891484 -0.577086116309 2.69065684267
13id13id-4id13id -6.63965693797 -0.735204998151 2.78589205189
13id13id -6.81696591154 0.0368699718117 2.64461728777
13id13id13id-13id- -6.45723473372 -0.709850058004 2.5113594564
13id13id13id-13id -6.44379813657 -0.672584273701 2.53564493697
13id13id13id -6.52905094037 -0.468652296398 2.52616190549
13id13id13id13id- -6.42660195325 -0.78577886013 2.41992429156
13id13id13id13id -6.42158227611 -0.799157760275 2.38238198774
13ie13ie- -6.24096777232 0.792367711075 3.53147100051
13ie13ie-13ie-13ie- -5.1856445267 0.17133775128 1.32318480114
13ie13ie-13ie-13ie -5.32365719718 0.196788572315 1.35171066139
13ie13ie-13ie -5.7643668107 0.43550157827 2.90938902158
13ie13ie-13ie13ie- -5.52598677622 0.233524990795 2.60901105637
13ie13ie-4ie13ie -5.71509810374 0.0721849581077 2.69566209882
13ie13ie -5.32426311594 0.754956501608 1.332778967
13ie13ie13ie-13ie- -5.29596542094 0.161280419067 1.3362228309
13ie13ie13ie-13ie -5.28083867763 0.187974833989 1.33530328314
13ie13ie13ie -5.17362477051 0.349565978248 1.31377494109
13ie13ie13ie13ie- -5.15035113609 0.123197715477 1.31347796327
13ie13ie13ie13ie -5.11261595475 0.102897058975 1.30326163286
13if13if- -5.83210371326 1.42250352903 3.70557648017
13if13if-13if-13if- -4.97229776136 0.797754452928 2.62988913885
13if13if-13if-13if -4.94099081352 0.861837531247 2.65260834648
13if13if-13if -5.25054491573 1.09290253245 3.04752539129
13if13if-13if13if- -4.98908342861 0.862263170256 2.71112528693
13if13if-4if13if -5.15671635003 0.733152186893 2.77601168079
13if13if -5.75946177188 1.43337294188 3.57854215141
13if13if13if-13if- -5.02115457995 0.767665952002 2.65966200126
13if13if13if-13if -4.98571083245 0.833458550542 2.68373834222
13if13if13if -5.25021484033 1.00363379342 2.9580257277
13if13if13if13if- -5.02387738746 0.754351017497 2.62973864829
13if13if13if13if -4.99719199234 0.756232297835 2.61200738044
13ih13ih- -5.65282125432 1.56421788888 3.68562193543
13ih13ih-13ih-13ih- -4.84184424788 0.879139113102 2.57982041077
13ih13ih-13ih-13ih -4.84370919475 0.916991814123 2.61112032999
13ih13ih-13ih -5.12667004784 1.17869094415 3.02109519967
13ih13ih-13ih13ih- -4.85139979837 0.965198498424 2.68462359572
13ih13ih-4ih13ih -5.0539777228 0.787483481811 2.73439044337
13ih13ih -5.61237871902 1.5019779242 3.51510769155
13ih13ih13ih-13ih- -4.8429742744 0.89359621635 2.62430519096
13ih13ih13ih-13ih -4.84346938084 0.93024888446 2.65522931543
13ih13ih13ih -5.09723086546 1.08131101027 2.89909839867
13ih13ih13ih13ih- -4.83668112466 0.879503887031 2.58599963977
13ih13ih13ih13ih -4.83518932405 0.84266968881 2.55609833739
13ii -7.19408282758 2.52076101906 5.54631456478
13ii13ii- -5.74461244563 1.60246009581 3.79050170512
13ii13ii-13ii-13ii- -4.72999280343 0.93476215512 2.40269038878
13ii13ii-13ii-13ii -4.79830586998 0.974945184198 2.51238759358
13ii13ii-13ii -5.18188154194 1.22909943459 3.10545633823
13ii13ii-13ii13ii- -4.88928518282 1.02549284446 2.75928652542
13ii13ii-4ii13ii -5.10508038265 0.840584561493 2.83957594609
13ii13ii -5.38895479304 1.52772207928 2.97209134301
13ii13ii13ii-13ii- -4.77169167074 0.95268269203 2.51179751434
13ii13ii13ii-13ii -4.8216908707 0.988281546791 2.5958891085
13ii13ii13ii -4.92593128597 1.12234262649 2.58108773404
13ii13ii13ii13ii- -4.73020391017 0.93469425909 2.40278991063
13ii13ii13ii13ii -4.67498077158 0.895905260459 2.32339421915
13il13il- -5.66729362826 1.61066710858 3.73035306548
13il13il-13il-13il- -2.31537077063 1.68467813392 0.639840635414
13il13il-13il-13il -2.74402205104 1.33771005899 0.698708014084
13il13il-13il -4.36098790956 1.21329667056 1.54628144115
13il13il-13il13il- -4.32436333539 1.0043398819 1.27887837333
13il13il -5.66313835168 1.54013111225 3.59142741487
13il13il13il-13il- -2.65658921259 1.41933219385 0.688770515388
13il13il13il-13il -4.31601801666 1.01340068983 1.55134101667
13il13il13il -5.10580093881 1.14914851916 2.96578887417
13il13il13il13il- -4.78685249646 0.994414775739 2.64018219496
13il13il13il13il -4.81603760474 0.932430623703 2.61795099011
13la13la- -5.94011550895 1.38191799472 3.77319548613
13la13la-13la-13la- -5.08247443203 0.748464655351 2.75133072418
13la13la-13la-13la -4.7817016604 0.638177987751 1.23178203565
13la13la-13la -4.60899488105 0.873690174701 1.18148000047
13la13la-13la13la- -4.48107353239 0.723511424707 1.1902603133
13la13la -5.04221224395 1.46388289243 2.00365992188
13la13la13la-13la- -4.86016085582 0.818575102897 2.00804567742
13la13la13la-13la -4.66299795453 0.719605045879 1.17297538325
13la13la13la -4.77567656216 1.13507762754 1.93623110868
13la13la13la13la- -4.65292913092 0.893911946762 1.93542718137
13la13la13la13la -4.50003122307 0.959412867241 1.93178299673
13ld13ld- -6.89788822069 0.0620115039377 3.46223937948
13ld13ld-13ld-13ld- -6.28406002874 -0.625669361913 2.56062902935
13ld13ld-13ld-13ld -5.56185120763 -0.71797331773 0.67702698969
13ld13ld-13ld -4.64223899916 -0.461538532266 0.0695916239238
13ld13ld-13ld13ld- -4.59858802025 -0.623695084114 0.0834182337539
13ld13ld13ld-13ld -4.46488790474 -0.298277539085 0.0802908196156
13ld13ld13ld -4.31684673249 1.11703973556 1.66053897614
13ld13ld13ld13ld- -4.35338088658 0.400603156708 1.67544359298
13ld13ld13ld13ld -4.192205212 1.08974513859 1.65739408927
13le13le- -6.16144575498 0.79207727655 3.468603074
13le13le-13le-13le- -5.40988256579 0.172157770601 2.07520995232
13le13le-13le-13le -4.90818468818 0.0746868525294 0.913327628909
13le13le-13le -4.02658502302 0.243684684715 0.202261317504
13le13le-13le13le- -3.9506087116 0.115769795135 0.210664300618
13le13le -3.95594879394 1.70543080434 1.44620921399
13le13le13le-13le- -3.88330520226 0.632166794909 1.45087207054
13le13le13le-13le -3.79327498166 0.450327707979 0.20479027564
13le13le13le -3.73297238234 1.65029984155 1.44743827227
13le13le13le13le- -3.69482526018 1.19200268489 1.4557887947
13le13le13le13le -3.56907316711 1.62769855756 1.44473280735
13lf13lf- -5.75694328715 1.43370109533 3.65382541659
13lf13lf-13lf-13lf- -4.84144948988 0.904646320189 2.6197355855
13lf13lf-13lf-13lf -4.55697431657 0.84403351124 1.38751765147
13lf13lf-13lf -4.5902201062 1.03501897137 1.35360200496
13lf13lf-13lf13lf- -4.55874669884 0.86275876568 1.33865903144
13lh13lh- -5.58651795892 1.57144939537 3.63640013033
13lh13lh-13lh-13lh- -4.75647536582 0.97214565054 2.58576090574
13lh13lh-13lh-13lh -4.57165005797 0.898141414527 1.45039669288
13lh13lh-13lh -4.51129290332 1.10436910485 1.37427687128
13lh13lh-13lh13lh- -4.47317436673 0.949694649586 1.35994567088
13li13li- -5.66733761499 1.61064695867 3.73039057859
13li13li-13li-13li- -4.78711027864 0.994355213658 2.6404476302
13li13li-13li-13li -4.54501143495 0.928069374286 1.37113612189
13li13li-13li -4.40111752082 1.14531712978 1.28391007004
13li13li-13li13li- -4.32284450354 1.00426416483 1.27725675385
13li13li -2.67209530705 1.8384787186 0.698638676136
13li13li13li-13li- -2.65679953612 1.41749509083 0.687891593622
13li13li13li-13li -2.72033054032 1.3482124253 0.685716147951
13li13li13li -2.13673931537 1.78757394851 0.24957181911
13li13li13li13li- -2.31704377485 1.68175682467 0.638659373564
13ll -6.95534558956 2.40238260137 5.15145282408
13ll13ll- -5.57771994178 1.6052820978 3.65178537098
13ll13ll-13ll-13ll- -1.51206337932 3.04165343409 0.889556417333
13ll13ll-13ll-13ll -2.54939772406 1.72536216762 1.18394406557
13ll13ll-13ll -4.29108213163 1.09177401406 1.12490313375
13ll13ll-13ll13ll- -4.15931897659 0.976526147983 1.0810465495
13ll13ll -2.37615237349 3.14513882771 1.28733010507
13ll13ll13ll-13ll- -1.1690126755 3.57579094338 1.06831789318
13ll13ll13ll-13ll -2.60058374529 2.15585826739 1.37049390802
13ll13ll13ll -1.33665767185 3.13717021177 0.831573084834
13ll13ll13ll13ll- -1.51211683063 3.04170868792 0.889425344221
13ll13ll13ll13ll -0.750964934191 3.24465534911 0.643247526314
3 -9.70680265578 1.97431024886 3.94622960388
33 -8.08352761838 0.566075030947 2.25817561389
333 -7.28503969942 -0.334861130695 1.45568128068
4dd -9.42636136978 -0.82510333197 4.93037038662
4dd4dd -8.2285904034 -1.5364439766 2.35837756555
4dd4dd4dd -8.13541943258 -1.89609227635 2.29338241722
4dd4dd4dd4dd -7.87700548801 -2.10006785706 2.27745969702
4dh -8.06649932026 0.491896351998 4.74749011707
4dh4dh- -4.86586436657 -0.0442129349693 1.44706238361
4dh4dh-4dh-4dh- -4.74582231195 -0.514763048547 1.27074079785
4dh4dh-4dh-4dh -4.77589009541 -0.541877522124 1.3077544616
4dh4dh-4dh -4.5129329289 -0.206839309459 1.60941808664
4dh4dh-4dh4dh- -4.35804609697 -0.330850317648 1.59938611767
4dh4dh-4dh4dh -4.45053822779 -0.323731675656 1.35817389344
4dh4dh -7.61103990592 -0.195161683796 3.5351966706
4dh4dh4dh-4dh- -4.85948868861 -0.640019254538 1.218522772
4dh4dh4dh-4dh -4.59407260769 -0.636841484225 1.49436636693
4dh4dh4dh -7.20995615109 -0.511360185347 3.37766651335
4dh4dh4dh4dh- -4.97922638495 -0.731206042286 1.30451795097
4dh4dh4dh4dh -6.97223016543 -0.690835530098 3.1270612871
4hd -8.05571976297 0.517265361274 4.74396946052
4hd4hd- -4.93432988422 0.0715105654991 1.70456087541
4hd4hd-4hd-4hd- -5.11235105245 -0.680031230039 1.51241537469
4hd4hd-4hd-4hd -4.78897556241 -0.445408117821 1.48406095319
4hd4hd-4hd -4.47438860868 -0.131916653375 1.59236199347
4hd4hd-4hd4hd- -4.29531435915 -0.277011191009 1.53999164963
4hd4hd-4hd4hd -4.5866107939 -0.601500054246 1.53600821367
4hd4hd -7.42872255148 -0.198032821299 2.60810441425
4hd4hd4hd-4hd- -4.87431946767 -0.532539510251 1.41768751227
4hd4hd4hd-4hd -4.32540504568 -0.237158569653 1.3337020426
4hd4hd4hd -7.13721541475 -0.489925348959 2.61434980764
4hd4hd4hd4hd- -4.67024914883 -0.443719373132 1.44399145251
4hd4hd4hd4hd -6.88365925492 -0.659510059667 2.61665406868
4hh -6.70887565563 1.63023275913 4.22482414315
4hh4hh -6.12914089795 0.902749118443 3.47576113413
4hh4hh4hh -5.74430285648 0.569886192375 3.05626681795
4hh4hh4hh4hh -5.50639769097 0.391849825475 2.8113493257
6aa -9.03747126051 0.977559885351 5.45886123886
6aa6aa- -7.72599991411 0.135247082724 4.25029979528
6aa6aa-4aa6aa -6.79828551395 -0.430390147899 3.26317976817
6aa6aa-6aa-6aa- -6.89502266799 -0.545845537756 3.24663953336
6aa6aa-6aa-6aa -6.89407862805 -0.53912055133 3.24966624575
6aa6aa-6aa -7.1785058042 -0.298349149414 3.59997263476
6aa6aa-6aa6aa- -6.89358852286 -0.530579897678 3.25462985462
6aa6aa -7.73098025387 0.122265061611 4.24580667755
6aa6aa6aa-6aa- -6.89548858987 -0.54238264006 3.24764215908
6aa6aa6aa-6aa -6.89386005148 -0.535732580066 3.24978688114
6aa6aa6aa -7.18072953166 -0.316440054029 3.588650621
6aa6aa6aa6aa- -6.8921008634 -0.543771255753 3.24271173618
6aa6aa6aa6aa -6.89305469036 -0.550483461827 3.23964929042
6ad6ad- -7.44784385146 -0.893868896343 2.01526381766
6ad6ad-4ad6ad -6.83073933142 -1.3161392921 1.76538253187
6ad6ad-6ad-6ad- -7.58514077447 -1.35689115332 2.05826539187
6ad6ad-6ad-6ad -7.17372429392 -1.35143932202 2.0424643349
6ad6ad-6ad -7.19632394039 -1.14761496494 2.04857778972
6ad6ad-6ad6ad- -7.06030295185 -1.32765584913 2.06994702747
6ad6ad -8.40861469628 -0.785224550287 3.1692895074
6ad6ad6ad-6ad- -7.48243943182 -1.37675860085 2.05048220603
6ad6ad6ad-6ad -7.14280325208 -1.3728830998 2.05343787153
6ad6ad6ad -7.94565895826 -1.18662874242 3.1222379094
6ad6ad6ad6ad- -7.24582232491 -1.41284617682 2.02803491388
6ad6ad6ad6ad -7.69711006849 -1.41977836924 3.09539100196
6ae6ae- -5.94092155101 -0.120199263786 1.08082367277
6ae6ae-4ae6ae -5.29374824117 -0.496550765723 0.902702666488
6ae6ae-6ae-6ae- -6.12516870149 -0.542854965948 1.11710402614
6ae6ae-6ae-6ae -5.58318454941 -0.530480655552 1.12463066722
6ae6ae-6ae -5.59813931486 -0.335186257231 1.11935791283
6ae6ae-6ae6ae- -5.44922929391 -0.494991202237 1.13708247278
6ae6ae -6.79068867964 -0.0642063088088 1.83486582588
6ae6ae6ae-6ae- -5.87185497333 -0.580460082263 1.14647305559
6ae6ae6ae-6ae -5.50919917222 -0.569209758027 1.16434451092
6ae6ae6ae -6.5262931486 -0.432849303889 1.84463504129
6ae6ae6ae6ae- -5.66537178623 -0.618852205778 1.13975340581
6ae6ae6ae6ae -6.40573172214 -0.63439515532 1.84974583784
6af6af- -7.15197864092 0.215443099694 3.78990890054
6af6af-4af6af -6.20601251609 -0.272761999816 2.9521418239
6af6af-6af-6af- -6.35536722243 -0.372149915964 2.93333489853
6af6af-6af-6af -6.30738867427 -0.345476971195 2.92143584435
6af6af-6af -6.58973347342 -0.132428848872 3.22912105781
6af6af-6af6af- -6.27207971143 -0.331752850628 2.89960449158
6af6af -7.18109794226 0.14761397832 3.74128344018
6af6af6af-6af- -6.41609672904 -0.454279827859 2.89471445958
6af6af6af-6af -6.3660196873 -0.425975312973 2.88220540369
6af6af6af -6.69775128288 -0.26789618766 3.17735614978
6af6af6af6af- -6.42789906603 -0.484717934485 2.8694406521
6af6af6af6af -6.42808869707 -0.492197658894 2.86514252945
6ah6ah- -7.05566085253 0.303566895603 3.79055407507
6ah6ah-4ah6ah -6.25151005211 -0.198605277524 3.00004111995
6ah6ah-6ah-6ah- -6.2967782812 -0.336930237767 2.9035863891
6ah6ah-6ah-6ah -6.29383136341 -0.308155566213 2.91879805462
6ah6ah-6ah -6.57235335417 -0.0658153345306 3.25693771644
6ah6ah-6ah6ah- -6.29158770412 -0.267414225006 2.95368723467
6ah6ah -7.01692287702 0.23025025728 3.69961542959
6ah6ah6ah-6ah- -6.30709860949 -0.339018571827 2.90934206126
6ah6ah6ah-6ah -6.29818429014 -0.313436056147 2.9175046059
6ah6ah6ah -6.55823403259 -0.168272883795 3.16271384357
6ah6ah6ah6ah- -6.29182021997 -0.356212124804 2.8749182495
6ah6ah6ah6ah -6.29437625007 -0.384916339046 2.8602135661
6ai6ai- -6.66431590147 0.417598024521 2.87094849656
6ai6ai-4ai6ai -6.141395069 -0.0467262003732 2.64761145697
6ai6ai-6ai-6ai- -6.36029604606 -0.177147052743 2.77819306386
6ai6ai-6ai-6ai -6.3353926097 -0.143559608315 2.7466477826
6ai6ai-6ai -6.45176366921 0.0821958137002 2.70883098187
6ai6ai-6ai6ai- -6.29647503064 -0.0972421301019 2.65395476713
6ai6ai -7.20901736563 0.330442437722 3.67849735959
6ai6ai6ai-6ai- -6.36750571725 -0.183621885658 2.71823052354
6ai6ai6ai-6ai -6.33143549377 -0.152765104336 2.69017525509
6ai6ai6ai -6.68091882205 -0.0376960287056 3.30217946441
6ai6ai6ai6ai- -6.36207197605 -0.200558674152 2.78186788938
6ai6ai6ai6ai -6.38281644773 -0.234084173479 3.02994186994
6al6al- -6.93881302158 0.440544970906 3.83974831274
6al6al -7.03510476641 0.33908777434 3.82469185111
6al6al6al -6.50540177942 -0.0229114242341 3.25812779106
6al6al6al6al- -6.1313849381 -0.167306765752 2.92979821428
6al6al6al6al -6.19515820826 -0.218842534415 2.93812694349
6da6da- -7.57901675968 -1.08522801135 1.92421193212
6da6da-4da6da -7.34731075543 -1.42751538478 1.76207468267
6da6da-6da-6da- -7.49711728574 -1.51204340555 1.87020728419
6da6da-6da-6da -7.3724957778 -1.52485030717 1.88236920157
6da6da-6da -7.33545322226 -1.34702328425 1.8952887845
6da6da-6da6da- -7.1666591882 -1.54082959087 1.91440416078
6da6da -8.34220612626 -0.744384689208 3.32093901165
6da6da6da-6da- -7.52966133594 -1.46207848342 1.8153810978
6da6da6da-6da -7.32588979207 -1.45071496602 1.89244425896
6da6da6da -7.90253344187 -1.21272551147 3.18115205266
6da6da6da6da- -7.47375001888 -1.47242201172 1.86613544377
6da6da6da6da -7.66840617825 -1.47086104384 3.08264531455
6dd -9.59938103323 -1.03662135982 4.8596795921
6dd6dd -8.93264611144 -1.66420845866 3.01860287781
6dd6dd6dd -8.58387897041 -2.05991645135 2.87166748726
6dd6dd6dd6dd -8.39273627121 -2.3011397328 2.7813133626
6de6de -7.36390981303 -0.95984530835 1.75025852684
6de6de6de -7.16980883 -1.3146669255 1.75666350427
6de6de6de6de -7.08421178298 -1.52290470647 1.76014539603
6df6df- -5.54142830169 -0.432983286112 1.82188207261
6df6df-4df6df -4.94534024582 -0.794855185826 1.55168245022
6df6df-6df-6df- -5.72291449192 -1.14177712187 1.54282022517
6df6df-6df-6df -5.09781291879 -0.805456290516 1.64010486958
6df6df-6df -4.82197668969 -0.522540013994 1.51372487741
6df6df-6df6df- -4.83661945534 -0.755911258431 1.46870458726
6df6df -7.7940212365 -0.685342275177 3.27475818681
6df6df6df-6df- -5.788558232 -1.23388381275 1.57352000605
6df6df6df-6df -4.94414959909 -0.999390575301 1.42255631607
6df6df6df -7.42114270254 -1.13511028589 3.05554496361
6df6df6df6df- -5.70083441828 -1.23835612507 1.74919099906
6df6df6df6df -7.20904484628 -1.38194769807 2.77597988186
6dh6dh- -5.30067092249 -0.238433039151 1.70894978623
6dh6dh-4dh6dh -5.11346972026 -0.928764298704 1.38458044193
6dh6dh-6dh-6dh- -5.39267395754 -1.08143936783 1.3395856679
6dh6dh-6dh-6dh -5.22237255487 -0.921119390318 1.41639897931
6dh6dh-6dh -5.03942563259 -0.453558161916 1.62407735537
6dh6dh-6dh6dh- -4.95848941829 -0.592723903335 1.58246570437
6dh6dh -7.62418746714 -0.59801833683 3.2790292795
6dh6dh6dh-6dh- -5.45363796894 -1.13138462958 1.36413303925
6dh6dh6dh-6dh -5.13596253125 -0.880839261539 1.56624292009
6dh6dh6dh -7.27333372652 -1.02350949269 3.03957721369
6dh6dh6dh6dh- -5.41302741874 -1.10347820157 1.57690562722
6dh6dh6dh6dh -7.06731160972 -1.25824744567 2.77212592614
6di6di- -5.62025582917 -0.167300676279 2.01188262976
6di6di-4di6di -5.40069999792 -0.793309677887 1.72918250204
6di6di-6di-6di- -5.68951360247 -0.947016524072 1.69277370907
6di6di-6di-6di -5.49098500756 -0.808635006542 1.73190851313
6di6di-6di -5.25329590369 -0.421530544215 1.76966557134
6di6di-6di6di- -5.12095301548 -0.581350899717 1.67605640871
6di6di -7.80732654305 -0.515462098071 3.2429366428
6di6di6di-6di- -5.70673060273 -0.98394266001 1.67533987114
6di6di6di-6di -5.3018219431 -0.810266775325 1.71093195501
6di6di6di -7.39297662056 -0.904590062857 3.06811161033
6di6di6di6di- -5.6502811753 -0.98947954992 1.83862630462
6di6di6di6di -7.15400080578 -1.11729033214 2.90920124976
6dl6dl- -4.83652652099 -0.113904165159 1.33487143395
6dl6dl -7.65160592328 -0.506709717808 3.28795064022
6dl6dl6dl -7.23892361628 -0.895901053883 3.13729781613
6dl6dl6dl6dl- -4.87607901186 -0.719221863827 1.64086999645
6dl6dl6dl6dl -6.99067653086 -1.10755948286 2.85835885556
6ea6ea- -6.04876781155 -0.267062325308 0.964707396305
6ea6ea-4ea6ea -5.75496874407 -0.552155393005 0.82270733851
6ea6ea-6ea-6ea- -5.94124057366 -0.723315453894 0.917888638772
6ea6ea-6ea-6ea -5.76412851147 -0.665725901749 0.922636521656
6ea6ea-6ea -5.70475712284 -0.486839545453 0.939510452708
6ea6ea-6ea6ea- -5.51043438446 -0.663915904584 0.956598154559
6ea6ea -6.69306610856 -0.036416984461 2.01099137696
6ea6ea6ea-6ea- -6.00971194738 -0.657351976449 0.856851833246
6ea6ea6ea-6ea -5.74617360721 -0.590129102664 0.938984815925
6ea6ea6ea -6.42516615781 -0.462860395999 1.87429396915
6ea6ea6ea6ea- -6.10292303547 -0.620664248005 0.902317124267
6ea6ea6ea6ea -6.30701698231 -0.688703370345 1.78754966896
6ed6ed -7.30091176019 -0.953066609083 1.93526077864
6ed6ed6ed -7.07238475746 -1.28024438403 1.73257714617
6ed6ed6ed6ed -6.97057420422 -1.48194975855 1.63808504143
6ee -7.81284591701 0.134405681505 4.30914807514
6ee6ee -6.585246567 -0.277757895988 1.79632894314
6ee6ee6ee -6.3099518427 -0.573157325958 1.73059406055
6ee6ee6ee6ee -6.16530733721 -0.746384881734 1.66049383701
6ef6ef- -4.8300617029 0.161624799868 1.74912894548
6ef6ef-4ef6ef -4.27277047629 -0.20508128026 1.46712973532
6ef6ef-6ef-6ef- -4.93629072294 -0.460503548939 1.51614992361
6ef6ef-6ef-6ef -4.44568247114 -0.202115154564 1.55005187055
6ef6ef-6ef -4.20940426131 0.00537096844319 1.36641540399
6ef6ef-6ef6ef- -4.14057950772 -0.233614406546 1.25861914166
6ef6ef -6.55903478449 -0.0244776805341 2.04219003868
6ef6ef6ef-6ef- -4.9910068879 -0.544699942367 1.50414689324
6ef6ef6ef-6ef -4.29680760411 -0.37735927201 1.29946902222
6ef6ef6ef -6.27722812475 -0.433700112017 1.90721462079
6ef6ef6ef6ef- -4.93116881315 -0.561430147396 1.6072034062
6ef6ef6ef6ef -6.14950524006 -0.65379221015 1.81998519812
6eh6eh- -4.71728794734 0.260239006252 1.6982877533
6eh6eh-4eh6eh -4.53473894508 -0.328537599122 1.43074293079
6eh6eh-6eh-6eh- -4.74972705171 -0.444532587335 1.39991622096
6eh6eh-6eh-6eh -4.64499174637 -0.34188953515 1.44273017944
6eh6eh-6eh -4.42650402574 -0.0112092342793 1.47462780514
6eh6eh-6eh6eh- -4.33549870446 -0.152940030405 1.39803769937
6eh6eh -6.4793727058 0.0531367519546 2.0495029962
6eh6eh6eh-6eh- -4.7884346382 -0.475867579747 1.38155996093
6eh6eh6eh-6eh -4.49339646158 -0.316375454313 1.42931927383
6eh6eh6eh -6.19163490128 -0.336037301149 1.93052084275
6eh6eh6eh6eh- -4.7637392879 -0.452596505535 1.53397212208
6eh6eh6eh6eh -6.05783854697 -0.546697676909 1.85402933272
6ei6ei- -4.98451949237 0.355920068915 1.97666663173
6ei6ei-4ei6ei -4.78284830393 -0.17887375272 1.77099032343
6ei6ei-6ei-6ei- -5.00603148898 -0.292553724139 1.73853848836
6ei6ei-6ei-6ei -4.86713970562 -0.208644540711 1.74963248296
6ei6ei-6ei -4.55667936621 0.0633663833561 1.61623114846
6ei6ei-6ei6ei- -4.39069064966 -0.0936249800437 1.46056690704
6ei6ei -6.43304425802 0.155662540631 2.04334310665
6ei6ei6ei-6ei- -5.01037031784 -0.318801445729 1.68226322441
6ei6ei6ei-6ei -4.57917078142 -0.21255446779 1.55692518518
6ei6ei6ei -6.12339465425 -0.199359775806 1.92797268432
6ei6ei6ei6ei- -4.96854721118 -0.311620284503 1.7998369821
6ei6ei6ei6ei -5.97305321392 -0.387614345319 1.85287788339
6el6el- -4.07782576119 0.712014752045 1.38738541306
6el6el -6.42920042608 0.163763481183 2.04966909253
6el6el6el -6.0861768004 -0.1809525007 1.90194746603
6el6el6el6el- -4.07330608501 0.0327411959128 1.48944924869
6el6el6el6el -5.9180235337 -0.362991373186 1.81197329492
6fa6fa- -6.97367131635 0.37385614342 3.84916710056
6fa6fa-4fa6fa -6.22056923582 -0.197453217609 3.03208095602
6fa6fa-6fa-6fa- -6.27040890304 -0.363899640093 2.94304918163
6fa6fa-6fa-6fa -6.26523311717 -0.351144982271 2.96219995503
6fa6fa-6fa -6.52141563336 -0.101725179612 3.28322597607
6fa6fa-6fa6fa- -6.14752840658 -0.23430742913 2.98303553805
6fa6fa -7.2046579209 0.132285222409 3.70498516084
6fa6fa6fa-6fa- -6.23377401729 -0.313669582948 2.93151541852
6fa6fa6fa-6fa -6.2264259442 -0.298433896758 2.94768693171
6fa6fa6fa -6.76615220137 -0.297963030415 3.15464249927
6fa6fa6fa6fa- -6.28767077938 -0.293165935066 2.88486070243
6fa6fa6fa6fa -6.53256001233 -0.527929554105 2.85838149064
6fd6fd- -4.93755609472 -0.150650354652 1.51319156106
6fd6fd-4fd6fd -4.8932164335 -0.643281478141 1.3260673441
6fd6fd-6fd-6fd- -5.07022269752 -0.826977557269 1.30105627592
6fd6fd-6fd-6fd -4.98286239753 -0.785774657014 1.31131997053
6fd6fd-6fd -4.47460178977 -0.659252373534 0.992965454264
6fd6fd-6fd6fd- -4.1769220931 -0.758549033554 0.998296134335
6fd6fd -7.89404406828 -0.631405895074 3.17960956784
6fd6fd6fd-6fd- -4.8771102815 -0.884418673278 1.16010171724
6fd6fd6fd-6fd -4.313649777 -0.715760769234 0.923070168343
6fd6fd6fd -7.57384909827 -1.04548683065 3.09412251159
6fd6fd6fd6fd- -4.71455622597 -0.969140702001 1.062937634
6fd6fd6fd6fd -7.39634423275 -1.27663085382 2.91940127198
6fe6fe- -4.3469652203 0.392605101506 1.58869182549
6fe6fe-4fe6fe -4.20534757144 -0.034584056992 1.39776430811
6fe6fe-6fe-6fe- -4.38582552309 -0.174450610336 1.36919351097
6fe6fe-6fe-6fe -4.2851100695 -0.175667596152 1.37414415335
6fe6fe-6fe -3.87987509717 -0.125263969294 0.940724943853
6fe6fe-6fe6fe- -3.59704264334 -0.207211476203 0.879518116989
6fe6fe -6.65609113289 0.0226367542426 1.90849169523
6fe6fe6fe-6fe- -4.17932560208 -0.198521796381 1.17670664746
6fe6fe6fe-6fe -3.67111395039 -0.134665916688 0.882332301006
6fe6fe6fe -6.39304956101 -0.348675849296 1.93968634692
6fe6fe6fe6fe- -4.03750102718 -0.288471119515 1.11762721459
6fe6fe6fe6fe -6.27349263018 -0.548805932772 1.94938955683
6ff -7.37707229693 1.05391299986 4.3440664703
6ff6ff- -3.47102628118 1.4576640493 1.12875924811
6ff6ff-4ff6ff -2.76366777576 1.47627379054 1.10873292932
6ff6ff-6ff-6ff- -3.61176398033 0.469666069335 0.995827222142
6ff6ff-6ff-6ff -2.84684174963 1.3334144435 1.01964004632
6ff6ff-6ff -2.30885487277 1.40880101349 0.609950135961
6ff6ff-6ff6ff- -1.64791770504 1.4154598968 0.172594425675
6ff6ff -6.56456512581 0.112032568491 3.18751944064
6ff6ff6ff-6ff- -3.80582677113 0.561479036958 1.11546128266
6ff6ff6ff-6ff -2.59702142043 0.673159023173 0.348766156992
6ff6ff6ff -6.15199993437 -0.319298578856 2.66495912767
6ff6ff6ff6ff- -3.83865452779 0.567864082894 1.27282294651
6ff6ff6ff6ff -5.91694132312 -0.556845798199 2.37050103961
6fh6fh- -3.22794460937 1.6525779134 1.10638989744
6fh6fh-4fh6fh -2.62003563924 1.5079955184 1.04275809796
6fh6fh-6fh-6fh- -3.37348003218 0.429745879323 0.88412954914
6fh6fh-6fh-6fh -2.67570360224 1.30822013783 0.960998999125
6fh6fh-6fh -2.05655945263 1.53360032506 0.373494522331
6fh6fh-6fh6fh- -1.50990864283 1.54801573876 0.314109362906
6fh6fh -6.38682821378 0.182604276934 3.12982561184
6fh6fh6fh-6fh- -3.54792686427 0.564231924133 1.01751782364
6fh6fh6fh-6fh -2.40704375747 0.819931720712 0.246805532053
6fh6fh6fh -5.98972461648 -0.236956666543 2.62831304121
6fh6fh6fh6fh- -3.58586393232 0.717542086854 1.24976488133
6fh6fh6fh6fh -5.75820959131 -0.470679627363 2.33885371955
6fi6fi- -3.20447945066 1.72392094174 1.12016685079
6fi6fi-4fi6fi -2.53118840992 1.45326368019 0.452530672544
6fi6fi-6fi-6fi- -3.29479819828 0.611037735434 0.92416813082
6fi6fi-6fi-6fi -2.59645042271 1.21055410285 0.457263822338
6fi6fi-6fi -1.98247819979 1.60175237267 0.165578509412
6fi6fi-6fi6fi- -1.50019948252 1.65940345777 0.161273403153
6fi6fi -6.58937198179 0.303229682524 3.3115923085
6fi6fi6fi-6fi- -3.45651693767 0.765933869207 1.03909003227
6fi6fi6fi-6fi -2.28229916782 0.941968489153 0.0863830892977
6fi6fi6fi -6.14423918937 -0.0775077665664 2.82517232114
6fi6fi6fi6fi- -3.48521514862 0.81768938736 1.24161305682
6fi6fi6fi6fi -5.88958299027 -0.285323273825 2.54647178395
6fl6fl- -3.03370974 1.9181839902 1.17040515896
6fl6fl -6.43236387938 0.31675815077 3.25191578665
6fl6fl6fl -5.99985748577 -0.0425592576878 2.76293522828
6fl6fl6fl6fl- -3.27789012586 0.906638091039 1.40317182258
6fl6fl6fl6fl -5.74302311868 -0.237915446366 2.47827945502
6ha6ha- -7.03154112429 0.37628889689 3.85161319114
6ha6ha-4ha6ha -6.26326804917 -0.118911086905 3.04487125279
6ha6ha-6ha-6ha- -6.37744488831 -0.378556610929 2.90173592002
6ha6ha-6ha-6ha -6.30665872459 -0.267875057849 2.96598765363
6ha6ha-6ha -6.53373859776 6.42144176772e-05 3.32761605216
6ha6ha-6ha6ha- -6.25090526895 -0.205187184654 3.03957786107
6ha6ha -7.02549927897 0.239650311891 3.65280534101
6ha6ha6ha-6ha- -6.34418403669 -0.335025474438 2.9484263439
6ha6ha6ha-6ha -6.26100782573 -0.222513972219 2.99880216573
6ha6ha6ha -6.60056311731 -0.173961373695 3.13436920865
6ha6ha6ha6ha- -6.30328286384 -0.287823000426 2.91420508169
6ha6ha6ha6ha -6.37195954593 -0.396273405632 2.85688843494
6hd6hd- -5.09122253763 -0.255347195263 1.51160001924
6hd6hd-4hd6hd -4.86023208858 -0.769985952646 1.27539122554
6hd6hd-6hd-6hd- -5.3437044572 -1.06549815924 1.29745257446
6hd6hd-6hd-6hd -4.89725265156 -0.923045831935 1.15182219622
6hd6hd-6hd -4.73579083532 -0.548858612313 1.42203953399
6hd6hd-6hd6hd- -4.62591989888 -0.714840024283 1.36506898355
6hd6hd -7.74379275015 -0.501893180337 3.21878979617
6hd6hd6hd-6hd- -5.06725543433 -1.05096306217 1.1190538461
6hd6hd6hd-6hd -4.5600180715 -0.799265118133 1.07105376816
6hd6hd6hd -7.44186208185 -0.885736178954 3.13496569376
6hd6hd6hd6hd- -4.84379403626 -0.964197768754 1.08225038126
6hd6hd6hd6hd -7.27555803197 -1.09890737482 2.94420707382
6he6he- -4.550144159 0.236363261083 1.59781668941
6he6he-4he6he -4.2940867861 -0.181462474102 1.35204686491
6he6he-6he-6he- -4.72231108406 -0.410670609541 1.48922051287
6he6he-6he-6he -4.33008888823 -0.319828796502 1.2368425804
6he6he-6he -4.15651180784 -0.0787694619723 1.29451291003
6he6he-6he6he- -4.03391704164 -0.250695644427 1.17700561979
6he6he -6.55937125332 0.143079089187 1.93580318605
6he6he6he-6he- -4.4422401855 -0.377537002155 1.21415360572
6he6he6he-6he -3.95297231429 -0.235117820552 1.05629309961
6he6he6he -6.31112464843 -0.19989068064 1.96678320557
6he6he6he6he- -4.23240292833 -0.296411056396 1.18345474325
6he6he6he6he -6.19777073936 -0.382660904251 1.97758251734
6hf6hf- -3.43133219174 1.5314256903 1.15048729575
6hf6hf-4hf6hf -2.51235153255 1.46753725057 1.00428091278
6hf6hf-6hf-6hf- -3.71372862308 0.456294383626 1.04784670824
6hf6hf-6hf-6hf -2.63498950589 1.36715034126 0.958059597362
6hf6hf-6hf -1.94482211722 1.52023993317 0.305358564317
6hf6hf-6hf6hf- -1.6467457917 1.33224659085 0.278160698767
6hf6hf -6.39451078535 0.218868776052 3.14387883145
6hf6hf6hf-6hf- -3.82622011076 0.58866660036 1.11744355366
6hf6hf6hf-6hf -2.22977946019 0.777600998937 0.0222712161376
6hf6hf6hf -5.98806707346 -0.197185806318 2.64006492664
6hf6hf6hf6hf- -3.78080792906 0.527601606256 1.19329865332
6hf6hf6hf6hf -5.75599259607 -0.427763787816 2.35684467093
6hh -6.98847329421 1.14984204625 4.13818269643
6hh6hh -6.23683615749 0.291107282286 3.10467140637
6hh6hh6hh -5.84443497286 -0.112904084839 2.61544405304
6hh6hh6hh6hh -5.6163556873 -0.338463813617 2.33389840739
6hi6hi- -3.09290821496 1.26319739977 0.345585517053
6hi6hi-4hi6hi -2.29737790399 1.48602572547 0.250284969307
6hi6hi-6hi-6hi- -3.36583741888 0.635077145242 0.413860206178
6hi6hi-6hi-6hi -2.38981592455 1.32384210957 0.253386885282
6hi6hi-6hi -1.71754958814 1.57831332579 0.204501818685
6hi6hi-6hi6hi- -1.48208572588 1.58632636743 0.232569176381
6hi6hi -6.42525772433 0.414386527804 3.26046401868
6hi6hi6hi-6hi- -3.44245540288 0.665901415956 0.432748021126
6hi6hi6hi-6hi -2.06577888489 1.04619210957 0.0911163073033
6hi6hi6hi -5.98935755476 0.0495796485095 2.78994401239
6hi6hi6hi6hi- -3.37924635761 0.72955442378 0.418648947944
6hi6hi6hi6hi -5.73964565559 -0.149667380852 2.52162844645
6hl6hl- -2.96605338836 1.73841555962 0.888255456559
6hl6hl -6.29037333939 0.434442459316 3.23085018545
6hl6hl6hl -5.8684702625 0.0950013953228 2.75991438561
6hl6hl6hl6hl- -3.20293808234 0.883151426419 1.18169687325
6hl6hl6hl6hl -5.61892370604 -0.0879632827567 2.48746735283
6ia6ia- -6.65985574102 0.463848321133 2.95974719518
6ia6ia-4ia6ia -6.29977233454 -0.0173096613409 2.61799355437
6ia6ia-6ia-6ia- -6.49021437588 -0.323951299763 2.65297863425
6ia6ia-6ia-6ia -6.35655703525 -0.160551631665 2.67993488601
6ia6ia-6ia -6.43005303197 0.116907212296 2.74665034939
6ia6ia-6ia6ia- -6.22490752788 -0.0700610845383 2.71435668885
6ia6ia -7.00299381643 0.270632260778 2.94984233742
6ia6ia6ia-6ia- -6.43475232153 -0.261617356904 2.72102574135
6ia6ia6ia-6ia -6.28434321754 -0.0961318991344 2.68522685682
6ia6ia6ia -6.71546734112 -0.137782605968 2.67316012731
6ia6ia6ia6ia- -6.38301033083 -0.195071010697 2.64733289835
6ia6ia6ia6ia -6.50498528369 -0.354582361132 2.58969806566
6id6id- -5.41609424185 -0.168989922441 1.83722005512
6id6id-4id6id -5.2227379673 -0.675178274938 1.61064670638
6id6id-6id-6id- -5.67740670529 -1.02698661339 1.70623179725
6id6id-6id-6id -5.24241232342 -0.820086106729 1.46962984466
6id6id-6id -4.97135077395 -0.511882071285 1.54824032685
6id6id-6id6id- -4.80325515585 -0.705027325033 1.40200417842
6id6id -7.6817452178 -0.511400628628 2.85658986702
6id6id6id-6id- -5.40140435563 -0.9699964935 1.4482032531
6id6id6id-6id -4.80042370068 -0.747383664484 1.24292165665
6id6id6id -7.44214074518 -0.888860869654 2.56244053877
6id6id6id6id- -5.16173791362 -0.896156405539 1.40363745492
6id6id6id6id -7.3122738643 -1.10159849018 2.4780293117
6ie6ie- -4.8443211615 0.324390009629 1.87857024965
6ie6ie-4ie6ie -4.59853228882 -0.0806674742533 1.45643289442
6ie6ie-6ie-6ie- -5.04360412518 -0.355603020195 1.77241101428
6ie6ie-6ie-6ie -4.62803504826 -0.206700662978 1.53868998748
6ie6ie-6ie -4.35895726606 -0.00517393205404 1.45750968626
6ie6ie-6ie6ie- -4.16117441228 -0.191877299853 1.2660732128
6ie6ie -6.50791749136 0.155306398689 1.88469559423
6ie6ie6ie-6ie- -4.76369302031 -0.293869234388 1.51555609833
6ie6ie6ie-6ie -4.17638323639 -0.156093865713 1.24248879061
6ie6ie6ie -6.24123815732 -0.18763443655 1.90757438083
6ie6ie6ie6ie- -4.52809255654 -0.219203257102 1.4917880943
6ie6ie6ie6ie -6.11065155902 -0.371112587515 1.91015436817
6if6if- -3.36415639427 1.36469449263 0.580438797681
6if6if-4if6if -2.4541673615 1.54154593463 0.471728436381
6if6if-6if-6if- -3.66428948407 0.520758140101 0.587034379401
6if6if-6if-6if -2.56994721625 1.43471136012 0.465679315585
6if6if-6if -1.89464858365 1.60365183986 0.328572098726
6if6if-6if6if- -1.55832333311 1.37687739821 0.203956315634
6if6if -6.57642238608 0.259920356668 2.81609761526
6if6if6if-6if- -3.76279722745 0.634051436913 0.628019525578
6if6if6if-6if -2.18772170246 0.861936337385 0.0562468200987
6if6if6if -6.16043037162 -0.146423229509 2.52975064896
6if6if6if6if- -3.70012589642 0.610913857411 0.667048664867
6if6if6if6if -5.92170395842 -0.368093468035 2.38389158709
6ih6ih- -3.09478522125 1.39914378859 0.412121847287
6ih6ih-4ih6ih -2.31391900625 1.56397480764 0.298844178697
6ih6ih-6ih-6ih- -3.40859979154 0.530207826929 0.436753177514
6ih6ih-6ih-6ih -2.40008804058 1.37642384985 0.293298941314
6ih6ih-6ih -1.68542803015 1.65496873772 0.181513054576
6ih6ih-6ih6ih- -1.39611532042 1.52218810034 0.148250222158
6ih6ih -6.41006008971 0.332510890318 2.79953805176
6ih6ih6ih-6ih- -3.4944324329 0.676992689377 0.486622947446
6ih6ih6ih-6ih -2.0901704562 1.0517993881 0.0374613712102
6ih6ih6ih -6.00381064953 -0.0617482609649 2.52484962121
6ih6ih6ih6ih- -3.43107962654 0.744502388984 0.52115662679
6ih6ih6ih6ih -5.76774386819 -0.27903965247 2.36250577406
6ii -7.64717778999 1.23244059146 4.6547411103
6ii6ii -6.60687603052 0.452526334093 2.83928225707
6ii6ii6ii -6.16523995391 0.0957716021684 2.61302655632
6ii6ii6ii6ii -5.90899837211 -0.0953805097822 2.51657836893
6il6il- -2.95240939998 1.74903644073 0.83637601399
6il6il -6.47681034844 0.468854847375 2.84198138573
6il6il6il -6.03242250674 0.133406918698 2.58781227555
6il6il6il6il- -3.15295326285 0.944340002512 1.1218743097
6il6il6il6il -5.76894361464 -0.0465381543183 2.46513379867
6la6la -7.01931969598 0.289312153325 3.76445104993
6la6la6la -6.51384031737 -0.11448747052 3.1982673551
6la6la6la6la -6.23139182339 -0.335143031068 2.89552290998
6ld6ld -7.7619192154 -0.480093234042 3.23758241433
6ld6ld6ld -7.38640368114 -0.834372637224 3.17561472459
6ld6ld6ld6ld -7.17954359832 -1.02392708729 2.97730370131
6le6le -6.55054125326 0.179363743513 1.94130302408
6le6le6le -6.31365026155 -0.131561021069 1.94454666669
6le6le6le6le -6.21171474535 -0.288759243665 1.94523580878
6lf6lf -6.44600631976 0.296409989875 3.26896160139
6lf6lf6lf -5.97918379446 -0.0925000577305 2.74544519564
6lf6lf6lf6lf -5.70621984225 -0.307136346073 2.44951371541
6lh6lh -6.29878844274 0.378143683391 3.23440792401
6lh6lh6lh -5.85287483195 0.00630675257283 2.73106092136
6lh6lh6lh6lh -5.58763836374 -0.198707386179 2.44001194033
6li6li -6.49212797309 0.497421004429 3.41026190819
6li6li6li -5.99788859488 0.16114602096 2.92741602975
6li6li6li6li -5.70866278531 -0.0193655509337 2.64554029579
6ll -7.19766940987 1.16748728068 4.30872891316
6ll6ll -6.34800910729 0.518621174804 3.37161226369
6ll6ll6ll -5.8607738117 0.202994259623 2.86910193729
6ll6ll6ll6ll -5.56895385281 0.0372126700873 2.57809943293
