12dd -4.35849489044 1.95830363322 5.51747969786
12dd12dd 0.645033509226 4.70400710879 2.86872065494
12dd12dd- 0.585139313198 4.71022701578 3.22887450945
12dd12dd-12dd 7.21591860479 10.7856809819 2.76109118808
12dd12dd-12dd-12dd 14.3402343205 16.6594171338 1.66360733789
12dd12dd-12dd-12dd- 14.9156828375 16.1050907894 0.562667344656
12dd12dd-12dd12dd- 14.8521107288 16.7699628351 1.26449744882
12dd12dd-4dd12dd 12.156577446 13.0814529069 0.217335598833
12dd12dd12dd 6.91574418512 9.92247610445 2.26624041127
12dd12dd12dd-12dd 14.4776179892 16.4298952781 1.33257596037
12dd12dd12dd-12dd- 13.9457513769 16.4788939954 1.87761639638
12dd12dd12dd12dd 13.5882774853 15.4117164442 1.17721813108
12dd12dd12dd12dd- 14.9154058425 16.104138736 0.562046512598
12dh -7.40552199046 -1.12943654612 4.86416011431
12dh12dh -7.42188271995 -3.36503829692 3.15969751157
12dh12dh- -7.22448656837 -3.17356659213 3.17826737805
12dh12dh-12dh -8.79328336623 -5.535801742 2.37985456587
12dh12dh-12dh-12dh -15.2004479901 -12.4913244043 1.75689189892
12dh12dh-12dh-12dh- -14.5648967091 -11.8211816574 1.80544618515
12dh12dh-12dh12dh- -14.5077391078 -11.8092190745 1.75476837892
12dh12dh-4dh12dh -11.5001697019 -8.76396209354 1.89015117106
12dh12dh12dh -8.95497422264 -5.65235674129 2.43437825518
12dh12dh12dh-12dh -13.646326626 -10.8682731764 1.85666726928
12dh12dh12dh-12dh- -12.9040915895 -10.0574243984 1.94325855591
12dh12dh12dh12dh -13.53793382 -10.7254552787 1.89963345736
12dh12dh12dh12dh- -13.6328187011 -10.9224950268 1.80699521424
12hd -7.40661158205 -1.12973484457 4.86524318678
12hd12hd -7.42323212719 -3.36542714423 3.16060820887
12hd12hd- -7.22566025634 -3.17398673621 3.17893546663
12hd12hd-12hd -8.79485938494 -5.53631249601 2.38086814612
12hd12hd-12hd-12hd -15.2022123046 -12.4919833226 1.75799406011
12hd12hd-12hd-12hd- -13.6347975082 -10.9237071125 1.80775335895
12hd12hd-12hd12hd- -14.509504175 -11.8099261695 1.75581844391
12hd12hd-4hd12hd -11.7919614148 -8.96356125927 1.99051407309
12hd12hd12hd -8.9567073554 -5.65294663641 2.43547086601
12hd12hd12hd-12hd -14.0665493856 -11.2725974419 1.8634111791
12hd12hd12hd-12hd- -12.9060413728 -10.05818586 1.94441374816
12hd12hd12hd12hd -13.5400717257 -10.7264845595 1.90072276211
12hd12hd12hd12hd- -14.5662722792 -11.8212542159 1.80679603264
12hh -9.85538509981 -3.60612785791 5.24230305583
12hh12hh -11.871853127 -8.11364566224 2.75985232303
12hh12hh- -12.0304914663 -8.09089013855 3.09096900921
12hh12hh-12hh -16.5501182756 -13.4292174636 2.05445429031
12hh12hh-12hh-12hh -41.3002639738 -38.1533000277 1.71551808878
12hh12hh-12hh-12hh- -38.7012237814 -37.5324355571 0.342035066269
12hh12hh-12hh12hh- -40.1747390174 -37.9208448342 0.892326184853
12hh12hh-4hh12hh -40.1648120962 -39.2327706109 0.407429691398
12hh12hh12hh -15.3919669919 -12.3722916359 2.00394934972
12hh12hh12hh-12hh 100.0 100.0 100.0
12hh12hh12hh-12hh- -38.8801928355 -35.832319777 1.3167272874
12hh12hh12hh12hh -36.6744770122 -35.0908007774 0.210458623444
12hh12hh12hh12hh- -38.700317219 -37.5315437103 0.342226569114
13aa -7.71052901827 -6.27335537272 0.183096650754
13aa13aa -7.14217040843 -5.36947755542 0.320272947238
13aa13aa- -7.26635705381 -5.73006686957 0.224652910096
13aa13aa-13aa -7.68382208984 -6.11932093239 0.364096975309
13aa13aa-13aa-13aa -8.34082182785 -6.66479798221 0.582411489786
13aa13aa-13aa-13aa- -8.21565180643 -6.65869889404 0.446630991527
13aa13aa-13aa13aa- -8.40037655407 -6.68832745306 0.616830696862
13aa13aa-4aa13aa -6.84299206634 -5.46208680485 0.280528577611
13aa13aa13aa -7.45446199838 -5.8897408726 0.21127143684
13aa13aa13aa-13aa -8.30117163498 -6.60289987527 0.615122423677
13aa13aa13aa-13aa- -8.21692076172 -6.47609489944 0.581746556792
13aa13aa13aa13aa -8.07310437355 -6.5750474889 0.279647187716
13aa13aa13aa13aa- -8.21566921168 -6.65848357819 0.446428866361
13ad13ad -5.49661921607 -3.04666418054 0.362222749986
13ad13ad- -5.42268223122 -2.70360174563 0.909440100131
13ad13ad-13ad -4.26857047263 -2.17280495266 0.460877211364
13ad13ad-13ad-13ad 6.11348186233 7.97595206118 0.161789595234
13ad13ad-13ad-13ad- 6.27845271538 8.37176800057 0.939473988128
13ad13ad-13ad13ad- 6.09836412005 7.96979367959 0.297925123177
13ad13ad-4ad13ad 2.23520598448 4.08065289335 0.778051349935
13ad13ad13ad -4.88364814645 -2.92161340036 0.0415197811617
13ad13ad13ad-13ad 5.96741081802 7.66696022983 0.130404956244
13ad13ad13ad-13ad- 5.79810361267 7.91113186035 0.991585456059
13ad13ad13ad13ad 5.49141857595 7.63197156769 1.21204384963
13ad13ad13ad13ad- 5.38611968995 7.33372189709 0.40094601773
13ae13ae -7.02518478483 -4.35260327143 0.719274452117
13ae13ae- -6.82521406088 -4.05766107712 1.19785576764
13ae13ae-13ae -7.09811593532 -4.42841677189 1.23357412071
13ae13ae-13ae-13ae -7.86771090509 -5.11165419348 1.4395440426
13ae13ae-13ae-13ae- -8.04683008911 -5.41169561099 1.02268910476
13ae13ae-13ae13ae- -7.66222184423 -4.93075247014 1.43964520877
13ae13ae-4ae13ae -5.75779531564 -3.74520100199 0.780270403651
13ae13ae13ae -7.43117791671 -4.93520700141 0.727622375015
13ae13ae13ae-13ae -7.81945024987 -5.21723262585 1.12648776171
13ae13ae13ae-13ae- -8.01000644483 -5.32829328687 1.18844179433
13ae13ae13ae13ae -8.14824245654 -5.6632565306 0.882370857711
13ae13ae13ae13ae- -8.01003534046 -5.45723067386 1.02288479958
13af13af -6.76493590445 -4.53220587833 0.406699552897
13af13af- -6.6789333484 -5.02974176915 0.0693374694147
13af13af-13af -7.23894851165 -5.29236011352 0.526407523852
13af13af-13af-13af -8.40200737353 -6.20618113267 0.881367199381
13af13af-13af-13af- -8.57539221399 -6.36271149422 0.566968402977
13af13af-13af13af- -8.31293502659 -6.35849672765 0.471429004172
13af13af-4af13af -6.26698365796 -4.67702026263 0.473183559786
13af13af13af -7.57482830652 -5.41007174127 0.495482480928
13af13af13af-13af -8.44335817714 -6.10789195548 0.903453350597
13af13af13af-13af- -8.60064804643 -6.28035797224 0.679522166146
13af13af13af13af -8.83847614039 -6.59006277219 0.645978532202
13af13af13af13af- -8.77031804864 -6.79777312595 0.501813979571
13ah13ah -12.1843475247 -8.81005125764 1.67817262135
13ah13ah- -12.1137870114 -8.97490965069 1.32544537909
13ah13ah-13ah -19.3823955571 -16.0527859635 1.57799407976
13ah13ah-13ah-13ah -46.6474406781 -44.5501867841 1.52565234996
13ah13ah-13ah-13ah- -46.2059676794 -43.6590788607 1.8922353965
13ah13ah-13ah13ah- -45.8508289078 -43.9104019367 1.31644643867
13ah13ah-4ah13ah -18.6704510281 -15.5736375551 1.91204549693
13ah13ah13ah -18.6991768913 -15.3994623517 1.52807872633
13ah13ah13ah-13ah -45.5170834071 -43.604159093 1.28935781164
13ah13ah13ah-13ah- -45.235268277 -43.2409093093 1.36367945067
13ah13ah13ah13ah -45.4423029854 -43.092116238 1.71395616673
13ah13ah13ah13ah- -45.7511654961 -43.7005501007 1.43690767315
13ai13ai -6.94537794411 -4.1493881681 0.768026260652
13ai13ai- -6.78992529211 -4.05046718202 1.12092163829
13ai13ai-13ai -6.94453401969 -4.31337108722 1.15479253918
13ai13ai-13ai-13ai -7.58293167509 -4.89223302625 1.306502923
13ai13ai-13ai-13ai- -7.69763962369 -5.16865861265 0.913469172829
13ai13ai-13ai13ai- -7.38290152144 -4.73191027998 1.32599631077
13ai13ai-4ai13ai -5.71211764152 -3.65586958125 0.775919687077
13ai13ai13ai -7.24975271361 -4.73446258167 0.715035352209
13ai13ai13ai-13ai -7.56814518271 -4.95883575799 1.10277369898
13ai13ai13ai-13ai- -7.71056235004 -5.0438368165 1.11531373286
13ai13ai13ai13ai -7.8565094188 -5.38447784394 0.837008876989
13ai13ai13ai13ai- -7.76456279479 -5.18436671171 1.00142907571
13al13al -6.51614629623 -4.35056212927 0.239913136697
13al13al- -6.49465305289 -4.72816960497 0.186170810637
13al13al-13al -4.28652625182 -2.88945312516 0.0594948564658
13al13al-13al-13al -5.20784810259 -3.72490979391 0.347560900464
13al13al-13al-13al- -7.53311681318 -5.72029596029 0.581659557275
13al13al-13al13al- -4.53930805598 -3.22025518525 0.136436702211
13al13al13al -7.03378209646 -5.07558901183 0.255854600081
13al13al13al-13al -5.0894822675 -3.794847328 0.217160754116
13al13al13al-13al- -7.53093704818 -5.51994853879 0.755474384393
13al13al13al13al -7.90586933921 -5.93583970971 0.368874494791
13al13al13al13al- -7.86160258977 -5.83288092672 0.554017400104
13da13da -5.49668588153 -3.0467450193 0.362187470627
13da13da- -5.42266044715 -2.70369987858 0.909310954053
13da13da-13da -4.2683795252 -2.17281618644 0.460650059642
13da13da-13da-13da 6.11398116743 7.97642348641 0.161794054438
13da13da-13da-13da- 5.38600830581 7.33351960188 0.400881213274
13da13da-13da13da- 6.09862998159 7.96989181938 0.297785655768
13da13da-4da13da 2.82631976592 4.34206418745 0.051705255566
13da13da13da -4.88099191288 -2.91924672006 0.041092462181
13da13da13da-13da 6.18825279892 8.2868773739 0.76034814133
13da13da13da-13da- 5.79809935188 7.91107626539 0.991480534243
13da13da13da13da 5.49131073574 7.63178368435 1.21208941995
13da13da13da13da- 6.27863377571 8.37186032474 0.939440918485
13dd -5.4467020548 -2.1652566257 1.18509160537
13dd13dd 1.27953926748 4.26914561811 1.60288503469
13dd13dd- 1.06252844613 3.21090716938 0.0971580784399
13dd13dd-13dd 19.3008544841 20.8693411111 0.227149750519
13dd13dd-13dd-13dd 30.2599876719 31.2402864805 0.461468658175
13dd13dd-13dd-13dd- 28.5487533341 30.0961272614 1.02469565364
13dd13dd-13dd13dd- 29.3414752032 31.6967133552 1.60676243025
13dd13dd-4dd13dd 25.0802818554 26.5539906441 0.29897436688
13dd13dd13dd 8.50564894451 10.3295279583 0.895152291249
13dd13dd13dd-13dd 28.8425308883 30.8985901353 1.01290788708
13dd13dd13dd-13dd- 28.245036466 29.8612078404 0.477861317595
13dd13dd13dd13dd 15.987437613 16.9221479805 0.214522090225
13dd13dd13dd13dd- 28.5487233323 30.0964542812 1.02505006503
13de13de -4.18556607653 -2.07143338364 0.529701165025
13de13de- -4.7823751635 -1.23211776132 1.69908557951
13de13de-13de -3.31371179591 -0.433240256353 1.28631175919
13de13de-13de-13de -1.49539012072 0.550859250249 0.570972246628
13de13de-13de-13de- -6.20182188561 -3.77681790971 0.716127209972
13de13de-13de13de- 10.2388431504 12.2102650549 1.16685581222
13de13de-4de13de 5.24399442908 6.62324055134 0.281836079612
13de13de13de -5.42110223156 -3.31121152311 0.402366185129
13de13de13de-13de 5.99935366804 7.52518774822 0.614969571489
13de13de13de-13de- -5.45162148646 -3.18163840455 0.77121250406
13de13de13de13de -9.68910420271 -7.13041572242 1.23620049886
13de13de13de13de- -4.07400151249 -1.83928450647 0.518271371136
13df13df -3.38155736304 -1.20171713555 0.12318697751
13df13df- -5.09956441446 -2.63967189474 0.509399637626
13df13df-13df -4.146914438 -1.50772354415 0.774281666956
13df13df-13df-13df -0.746141985037 0.872197891095 -0.0117514458843
13df13df-13df-13df- -0.747387749574 1.05492086198 0.0149751770232
13df13df-13df13df- 7.14954339204 8.9893649443 0.44874938986
13df13df-4df13df 0.456437966078 2.43287361047 0.228541963784
13df13df13df 0.914803965968 2.91447692015 0.310112082484
13df13df13df-13df 6.87665574116 8.82566755934 0.306912718147
13df13df13df-13df- 6.63606901416 8.30710436328 0.541332972455
13df13df13df13df 7.19560456828 8.70216716349 0.619724372891
13df13df13df13df- 6.80686253242 8.716399154 0.511328741889
13dh13dh -16.2131266451 -11.0800414603 2.91601132809
13dh13dh- -16.183135446 -11.1294305663 2.7345732777
13dh13dh-13dh -53.3327815588 -50.2518699646 1.74388721481
13dh13dh-13dh-13dh -76.8152209998 -76.0630460784 0.233990483033
13dh13dh-13dh-13dh- -76.3415917382 -75.3336580588 0.397607240624
13dh13dh-13dh13dh- -77.4660896607 -75.5681352562 1.29153563216
13dh13dh-4dh13dh -66.8682583853 -65.6612877834 0.569935525473
13dh13dh13dh -51.5004877418 -48.3382847046 2.19559211515
13dh13dh13dh-13dh -75.9250923255 -74.465762405 0.857013655143
13dh13dh13dh-13dh- -75.8330013231 -74.2071837837 1.00297270374
13dh13dh13dh13dh -75.5711915412 -74.1101217425 0.829945500951
13dh13dh13dh13dh- -75.712403703 -74.4854437888 0.621192642008
13di13di -4.87173579995 -2.18563298981 0.512471612079
13di13di- -4.75752809488 -1.19245657552 1.6016964922
13di13di-13di -2.62295366251 0.204649752147 1.09739864156
13di13di-13di-13di 9.70470569995 11.5611507286 0.226360019894
13di13di-13di-13di- 6.99134909228 8.85600019517 0.397485628403
13di13di-13di13di- 8.061511319 10.0056075678 0.511326290956
13di13di-4di13di 3.89720334838 5.67741316868 0.380187226733
13di13di13di -0.240040609051 2.50367455836 0.676546038613
13di13di13di-13di 7.82821430912 9.73829992838 0.97602961484
13di13di13di-13di- 7.30139115006 9.2573187962 1.25561141118
13di13di13di13di 6.88630721605 8.85786880735 1.24716243022
13di13di13di13di- 7.48605787515 9.39354777405 0.644329283298
13dl13dl -4.71362926323 -2.33624362782 0.198146935804
13dl13dl- -4.68027967428 -1.9949440634 0.671747870541
13dl13dl-13dl 0.953372892719 2.6462534723 0.18415123698
13dl13dl-13dl-13dl 6.82407207078 9.04972504463 0.722341557019
13dl13dl-13dl-13dl- 0.414364801413 2.37100555733 0.370192762924
13dl13dl-13dl13dl- 11.4910800258 12.9977612666 0.259549776278
13dl13dl13dl 100.0 100.0 100.0
13dl13dl13dl-13dl 8.2396675623 9.87175717048 0.313791668735
13dl13dl13dl13dl 6.37879647503 8.01707943442 0.872165277941
13dl13dl13dl13dl- 7.17304665001 8.95857301531 0.288293653975
13ea13ea -7.02521490114 -4.35270490597 0.719193842817
13ea13ea- -6.82511587834 -4.05766938196 1.1977334055
13ea13ea-13ea -7.09790690409 -4.42837041087 1.2333785501
13ea13ea-13ea-13ea -7.8675260561 -5.11159691811 1.43940360323
13ea13ea-13ea-13ea- -8.00994956015 -5.45715518935 1.02285242418
13ea13ea-13ea13ea- -7.66190731877 -4.93064242499 1.43941932431
13ea13ea-4ea13ea -5.84941623702 -3.14298917823 1.48714388301
13ea13ea13ea -7.43121252764 -4.93531450493 0.72753620023
13ea13ea13ea-13ea -7.85280966866 -5.1086547145 1.21424132743
13ea13ea13ea-13ea- -8.00993475659 -5.32823775877 1.18836864944
13ea13ea13ea13ea -8.14828366473 -5.66334160766 0.882258783982
13ea13ea13ea13ea- -8.04677964089 -5.41199066384 1.02249440572
13ed13ed -4.18486994597 -2.07075041916 0.529785913311
13ed13ed- -4.78223720712 -1.2319453631 1.69897269095
13ed13ed-13ed -3.31296434699 -0.4323382489 1.28630760405
13ed13ed-13ed-13ed -1.49446278174 0.551732658933 0.571070578681
13ed13ed-13ed-13ed- -4.06596272603 -1.83227505445 0.517814032472
13ed13ed-13ed13ed- 10.2388703596 12.2102008609 1.16710742023
13ed13ed-4ed13ed 2.48736425668 4.20889820928 0.23846215811
13ed13ed13ed -5.42083748491 -3.31115305529 0.402192608491
13ed13ed13ed-13ed 7.75963131388 9.29160919292 0.027098017099
13ed13ed13ed-13ed- -5.45157338077 -3.18172986729 0.771318073667
13ed13ed13ed13ed -9.69037330116 -7.13180980029 1.23631073304
13ed13ed13ed13ed- -6.201977733 -3.77708457065 0.716141661725
13ee -7.25625374136 -4.01340409321 1.4383437585
13ee13ee -6.42094445009 -3.99696191128 0.706531551392
13ee13ee- -6.52032010387 -2.84406589836 2.18217696717
13ee13ee-13ee -6.7098887424 -3.85137969127 2.00202139484
13ee13ee-13ee-13ee -7.56609134915 -4.88720565962 1.78522082182
13ee13ee-13ee-13ee- -7.8099321377 -5.30074972067 1.1012909763
13ee13ee-13ee13ee- -7.49588741556 -4.87814861193 1.76413822053
13ee13ee-4ee13ee -3.49152827024 -2.36306818757 0.152296368026
13ee13ee13ee -7.21109743325 -4.62689941877 0.721767201699
13ee13ee13ee-13ee -7.44568652802 -5.01935652828 1.25783960839
13ee13ee13ee-13ee- -7.8026218124 -5.1664525309 1.35910779989
13ee13ee13ee13ee -8.12589415461 -5.7098385334 0.939401152137
13ee13ee13ee13ee- -7.81024147806 -5.30069023311 1.10205296127
13ef13ef -4.85741742419 -2.2587064759 0.972429111494
13ef13ef- -6.43212007164 -3.83480564605 0.755979170868
13ef13ef-13ef -6.85164324168 -3.78603632707 1.3106854721
13ef13ef-13ef-13ef -6.2479798928 -4.2636355915 0.56642041431
13ef13ef-13ef-13ef- -6.26752283593 -4.34179665375 0.750354571121
13ef13ef-13ef13ef- -7.79895163806 -5.13389099085 0.938490042069
13ef13ef-4ef13ef -5.60919382563 -2.62024707945 1.89345178955
13ef13ef13ef -5.00638773792 -3.23815355323 0.444721947955
13ef13ef13ef-13ef -5.81663614722 -4.18336695917 0.133664865837
13ef13ef13ef-13ef- -5.6601394825 -3.88121233222 0.448887279415
13ef13ef13ef13ef -5.13821917319 -4.23208548889 0.155105189306
13ef13ef13ef13ef- -6.2782962821 -4.33775853614 0.497437844296
13eh13eh -10.9907666001 -7.15124659957 1.86889795543
13eh13eh- -11.6859686035 -7.68700559616 2.07381929415
13eh13eh-13eh -19.3281283444 -16.336190589 1.63277156993
13eh13eh-13eh-13eh -44.4537541265 -43.1215482171 0.834223663487
13eh13eh-13eh-13eh- -42.778225788 -41.9092051622 0.379275335605
13eh13eh-13eh13eh- 100.0 100.0 100.0
13eh13eh-4eh13eh -18.3962325044 -15.7531785009 1.44264540261
13eh13eh13eh -17.1289042471 -13.7650554202 2.0734924194
13eh13eh13eh-13eh 100.0 100.0 100.0
13eh13eh13eh-13eh- -42.621064863 -40.706656507 1.37453949423
13eh13eh13eh13eh -42.7985855709 -40.7715171059 1.40570183909
13eh13eh13eh13eh- -43.7294659169 -42.7725471957 0.449500185845
13ei13ei -5.48884115657 -2.973015 1.1511132923
13ei13ei- -6.43639897496 -2.67304348305 2.09406226425
13ei13ei-13ei -6.52274253782 -3.06500921941 2.13405952896
13ei13ei-13ei-13ei -6.11943016846 -3.95928557717 1.22871301195
13ei13ei-13ei-13ei- -6.14265755283 -3.97762451443 0.994363408439
13ei13ei-13ei13ei- -6.88538994416 -3.70768597735 2.26181999209
13ei13ei-4ei13ei -5.0328164593 -2.04640525947 1.90799085193
13ei13ei13ei -5.65698506775 -3.40739751556 1.026625042
13ei13ei13ei-13ei -6.14319598784 -3.73315946597 1.18600557967
13ei13ei13ei-13ei- -6.14783221494 -3.82851226291 1.04945772274
13ei13ei13ei13ei -6.19854093603 -4.04858079124 0.961616878843
13ei13ei13ei13ei- -6.16011202724 -3.93470673035 1.0751963086
13el13el -6.35056270904 -3.63956340054 0.727816814971
13el13el- -6.23894127111 -3.32807876617 1.04921098
13el13el-13el -4.64038044216 -2.15541769111 1.07864726524
13el13el-13el-13el -3.32717919619 -1.34793341222 0.400758032867
13el13el-13el-13el- -4.24368527864 -2.51734339605 0.285774305767
13el13el-13el13el- -4.63221182463 -2.47801655092 0.833430121834
13el13el13el -6.8703789816 -4.18439159444 0.754601741285
13el13el13el-13el -5.44812747454 -3.47634822054 0.698223323945
13el13el13el-13el- -4.76147386177 -3.76478190024 0.23635022705
13el13el13el13el -7.76713413757 -5.00478488472 0.915618935715
13el13el13el13el- -7.61309584783 -4.60910147404 1.26936169442
13fa13fa -6.74642436502 -4.49895422705 0.321119619925
13fa13fa- -6.67888538903 -5.03002944532 0.069097701793
13fa13fa-13fa -7.26592714175 -5.46827636163 0.277565482992
13fa13fa-13fa-13fa -8.44148810629 -6.50001023063 0.446336720161
13fa13fa-13fa-13fa- -8.77021863402 -6.79819958473 0.501451900565
13fa13fa-13fa13fa- -8.31267422612 -6.35872321182 0.47110775416
13fa13fa-4fa13fa -6.4138983944 -4.70506329921 0.247583271304
13fa13fa13fa -7.53582287861 -5.41064886523 0.421338745385
13fa13fa13fa-13fa -8.36352165327 -6.09658657007 0.622119223447
13fa13fa13fa-13fa- -8.6005623878 -6.28082856695 0.679162228148
13fa13fa13fa13fa -8.7543550129 -6.55940838627 0.574681427649
13fa13fa13fa13fa- -8.57531966542 -6.3629602678 0.566583131365
13fd13fd -3.52012000028 -1.03014910756 0.756387802708
13fd13fd- -5.09947633927 -2.63970654619 0.50938008509
13fd13fd-13fd -4.32548256731 -2.23858437366 0.23173352314
13fd13fd-13fd-13fd 9.55688558047 10.9237018654 0.088460817632
13fd13fd-13fd-13fd- 6.80667337198 8.71621570848 0.511334338071
13fd13fd-13fd13fd- 7.14983670686 8.98965399133 0.448724293146
13fd13fd-4fd13fd 2.86295686883 4.66027571926 0.77319814403
13fd13fd13fd -2.11875118049 0.0449527768323 0.395494693618
13fd13fd13fd-13fd 6.96564270694 8.67147967768 0.463200944091
13fd13fd13fd-13fd- 6.6359441736 8.30706566685 0.540696731358
13fd13fd13fd13fd 6.56592019388 7.7794645276 0.0649640119509
13fd13fd13fd13fd- -0.75938481562 1.04532238936 0.0173015337487
13fe13fe -5.18914090256 -2.45827676488 1.17351788515
13fe13fe- -6.43211006654 -3.83492814062 0.75595728119
13fe13fe-13fe -6.91213945728 -4.37622116304 0.763649240759
13fe13fe-13fe-13fe -6.38642261231 -4.31396880438 0.697467870242
13fe13fe-13fe-13fe- -6.27826191946 -4.33677340009 0.497186519249
13fe13fe-13fe13fe- -7.7989060182 -5.13401542947 0.938428366236
13fe13fe-4fe13fe -5.63182556466 -3.52372207442 0.550216732011
13fe13fe13fe -5.27725725037 -3.35486264115 0.822501865962
13fe13fe13fe-13fe -6.63781594874 -4.18584422956 0.801541854773
13fe13fe13fe-13fe- -5.65997579936 -3.88082824261 0.448563881029
13fe13fe13fe13fe -5.96361042148 -4.58755326682 0.496005304553
13fe13fe13fe13fe- -6.26764879953 -4.34177618731 0.7501728682
13ff -6.71220802032 -4.06526342394 0.447531164224
13ff13ff -6.45580130001 -3.65949576327 0.847000173561
13ff13ff- -6.34003278123 -4.29782007339 0.399995747504
13ff13ff-13ff -7.04605988664 -4.76846427586 0.755528272235
13ff13ff-13ff-13ff -8.66490337026 -6.02427253987 1.1651592848
13ff13ff-13ff-13ff- -9.08065783841 -6.37577699615 1.28165689456
13ff13ff-13ff13ff- -8.43129900168 -5.88612333962 1.10445722238
13ff13ff-4ff13ff -5.8309465553 -3.96705934003 0.590211946904
13ff13ff13ff -7.57107044303 -4.62613375571 1.15689377242
13ff13ff13ff-13ff -8.62300930016 -5.61519939178 1.36663849718
13ff13ff13ff-13ff- -8.94004595684 -5.77263369686 1.41941519161
13ff13ff13ff13ff -9.32938403554 -6.08067630785 1.47446620645
13ff13ff13ff13ff- -9.08067491303 -6.37567900975 1.28171222397
13fh13fh -11.3346841255 -7.60365800076 1.72068459869
13fh13fh- -11.5232911676 -8.32269985638 1.34718238292
13fh13fh-13fh -18.7434166155 -17.0864197556 0.731905591074
13fh13fh-13fh-13fh -40.2561790859 -39.1758290416 0.385689509425
13fh13fh-13fh-13fh- -40.2891981975 -39.1092915181 0.413579760711
13fh13fh-13fh13fh- -40.6623436642 -39.4799831647 0.500931751172
13fh13fh-4fh13fh -30.1872800841 -29.2539775564 0.0755365039158
13fh13fh13fh -17.1918953415 -14.8608898704 1.35359472425
13fh13fh13fh-13fh -40.1997856018 -38.6592436745 0.595860365494
13fh13fh13fh-13fh- -40.4855976201 -38.7090178861 0.795541474292
13fh13fh13fh13fh -39.9866452078 -38.8225507137 0.108839184938
13fh13fh13fh13fh- -40.2089842968 -39.1204088756 0.355419755206
13fi13fi -5.87448815849 -3.75869564324 0.303106136901
13fi13fi- -6.26821278946 -3.68765369018 0.731800307781
13fi13fi-13fi -6.61363363009 -4.12832755751 0.74243812687
13fi13fi-13fi-13fi -7.54424815006 -4.92170960866 0.934358436818
13fi13fi-13fi-13fi- -7.92543181928 -5.20862922164 1.03254455782
13fi13fi-13fi13fi- -7.35606849414 -4.77265832913 0.912118870484
13fi13fi-4fi13fi -5.3881944935 -3.29079921996 0.544200274358
13fi13fi13fi -6.73490295417 -4.43651189743 0.489819056374
13fi13fi13fi-13fi -7.27973697949 -4.78503604918 0.670003131694
13fi13fi13fi-13fi- -7.54549827746 -4.97757589362 0.7457949813
13fi13fi13fi13fi -7.72111940782 -5.41064807708 0.622975500153
13fi13fi13fi13fi- -7.5298781386 -5.10345351901 0.623571294115
13fl13fl -6.26909106171 -3.66170062902 0.562590844685
13fl13fl- -6.10280657482 -4.01548415288 0.379522542456
13fl13fl-13fl -5.08397357417 -3.5118584435 0.0660557438168
13fl13fl-13fl13fl- -5.90298756597 -4.200291875 0.326879474577
13fl13fl13fl -7.08113020081 -4.38970971198 0.790720311645
13fl13fl13fl-13fl -6.26640529929 -4.16155548164 0.522916191501
13fl13fl13fl13fl -8.39675060704 -5.49152811167 1.17516161632
13fl13fl13fl13fl- -8.11803376741 -5.42489712526 1.02502947973
13ha13ha -12.1843515961 -8.80950958057 1.67907229051
13ha13ha- -12.1136683106 -8.97525363766 1.32547907863
13ha13ha-13ha -19.3771113245 -16.0466354216 1.57882962662
13ha13ha-13ha-13ha -46.6509291752 -44.5533975593 1.52429681334
13ha13ha-13ha-13ha- -45.751801829 -43.7037289587 1.43445638084
13ha13ha-13ha13ha- -45.8513850444 -43.9134521522 1.3140071707
13ha13ha-4ha13ha -32.3611499853 -29.1699848345 2.3338144829
13ha13ha13ha -18.6935908841 -15.3923631383 1.52920632594
13ha13ha13ha-13ha -45.6241568518 -43.3099342101 1.66284625566
13ha13ha13ha-13ha- -45.2358699503 -43.244699116 1.36048866645
13ha13ha13ha13ha -45.4430220383 -43.0960438348 1.71089120246
13ha13ha13ha13ha- -46.2093007561 -43.6630064397 1.89197875646
13hd13hd -16.2086097793 -11.0759367692 2.9167912143
13hd13hd- -16.179483261 -11.1261480141 2.73519632445
13hd13hd-13hd -53.3335585146 -50.252476925 1.74406274154
13hd13hd-13hd-13hd -76.8162996396 -76.0635621469 0.234707539152
13hd13hd-13hd-13hd- -75.7127655721 -74.4858203953 0.621161536335
13hd13hd-13hd13hd- -77.4661683469 -75.5691411932 1.29058377904
13hd13hd-4hd13hd -66.4546138314 -65.7692448454 0.109765154322
13hd13hd13hd -51.500702582 -48.3381099697 2.19599767397
13hd13hd13hd-13hd -76.0368707383 -75.3713366911 0.0667560302554
13hd13hd13hd-13hd- -75.8331383929 -74.2080044324 1.00232539973
13hd13hd13hd13hd -75.5713046704 -74.1107941647 0.829367561263
13hd13hd13hd13hd- -76.3425980446 -75.3339726403 0.398044625077
13he13he -10.9926875856 -7.15211395572 1.87016766248
13he13he- -11.6855770286 -7.68732536804 2.07377129905
13he13he-13he -19.3229090546 -16.3293228865 1.63489009738
13he13he-13he-13he -44.4546987805 -43.1264304634 0.830024508566
13he13he-13he-13he- -43.7300215517 -42.7777390743 0.444607037338
13he13he-13he13he- 100.0 100.0 100.0
13he13he-4he13he -32.9467800622 -30.6467092312 0.746996736098
13he13he13he -17.1301938395 -13.76192134 2.07630657186
13he13he13he-13he -43.2286456691 -41.1597128062 1.53528050882
13he13he13he-13he- -42.6219217661 -40.7093811007 1.37271126748
13he13he13he13he -42.7998218518 -40.7735226784 1.40496583594
13he13he13he13he- -42.7797606372 -41.9106124564 0.3794844171
13hf13hf -11.3432957244 -7.47902707902 1.84023435382
13hf13hf- -11.5229713642 -8.32245476399 1.3472393678
13hf13hf-13hf -19.1297063997 -17.3903737973 0.514591594512
13hf13hf-13hf-13hf -40.6642113257 -39.5963744126 0.50839918454
13hf13hf-13hf-13hf- -40.2129440037 -39.1224737739 0.358358154673
13hf13hf-13hf13hf- -40.6660520408 -39.4818578334 0.502150398441
13hf13hf-4hf13hf -30.9561920681 -29.1245053409 0.440242452852
13hf13hf13hf -17.1176180789 -14.6535237656 1.30083244377
13hf13hf13hf-13hf -41.1154565082 -39.3658335078 0.654604818438
13hf13hf13hf-13hf- -40.4891121558 -38.7126093494 0.79624081863
13hf13hf13hf13hf -39.7657315939 -38.6362185777 0.281040086899
13hf13hf13hf13hf- -40.2926601513 -39.1120130765 0.414028083768
13hh -12.3121800108 -7.90459125465 2.40719443346
13hh13hh -20.6874293365 -16.4520944583 1.77689769805
13hh13hh- -23.2103766028 -19.1408092554 1.41494697166
13hh13hh-13hh -54.3285014964 -53.3675674859 0.376134597091
13hh13hh-13hh-13hh -77.0175639511 -75.3010380446 1.18084908409
13hh13hh-13hh-13hh- -76.3304389934 -74.6224117454 1.15305147575
13hh13hh-13hh13hh- -77.0056076103 -74.9662634957 1.52792646043
13hh13hh-4hh13hh -66.2100923218 -64.1039378923 1.41985539529
13hh13hh13hh -52.7881826314 -51.8351950877 0.40339257767
13hh13hh13hh-13hh -76.3652159569 -74.5296651981 1.27090617178
13hh13hh13hh-13hh- -76.0292118719 -73.5832995044 1.91901441759
13hh13hh13hh13hh -75.9011856515 -73.5412110082 1.80671572333
13hh13hh13hh13hh- -76.3304940964 -74.6224341825 1.15304052907
13hi13hi -11.455203331 -7.17626230377 2.10755924697
13hi13hi- -11.5439082033 -7.44143838515 2.01006982401
13hi13hi-13hi -17.8819949228 -13.3488019779 2.71465024628
13hi13hi-13hi-13hi -39.4711969455 -38.2897249095 0.224806024932
13hi13hi-13hi-13hi- -38.71748506 -37.6576020411 0.244388650817
13hi13hi-13hi13hi- -38.6245324922 -37.0536741486 0.363616540671
13hi13hi-4hi13hi -16.687896804 -13.9188684764 1.49836336815
13hi13hi13hi -17.0484846314 -12.5072908358 2.66740855911
13hi13hi13hi-13hi -39.2413030752 -37.6991442067 0.230632922507
13hi13hi13hi-13hi- -38.9617958382 -37.3869429002 0.401448929456
13hi13hi13hi13hi -39.5017675777 -38.0776822092 0.507168475794
13hi13hi13hi13hi- -40.45898033 -38.6745779015 0.750493989504
13hl13hl -10.4591772067 -6.66803423738 1.72693329175
13hl13hl- -10.8615360844 -7.47355201702 1.47899439271
13hl13hl-13hl -13.6974253736 -11.1445473134 1.07191785505
13hl13hl-13hl-13hl -39.7664034841 -39.1178534363 0.390746093851
13hl13hl-13hl-13hl- -39.6202595544 -37.6276400401 0.890594900735
13hl13hl-13hl13hl- -43.2453766649 -41.4391785307 1.82883605644
13hl13hl13hl -15.2710182417 -11.5874568556 1.77780418434
13hl13hl13hl-13hl -38.4301718636 -37.2124665437 0.767051683267
13hl13hl13hl-13hl- -38.4425791534 -36.4972984465 0.758912322456
13hl13hl13hl13hl -38.9434538651 -37.7715519338 0.218427844509
13hl13hl13hl13hl- -40.713144464 -38.2347007265 1.12269790893
13ia13ia -6.9452768043 -4.14940451075 0.767991245037
13ia13ia- -6.78972808709 -4.04990831422 1.12108282946
13ia13ia-13ia -6.94417011672 -4.31302240874 1.15455453485
13ia13ia-13ia-13ia -7.58266402758 -4.89215361639 1.30625102226
13ia13ia-13ia-13ia- -7.76402191103 -5.18437328369 1.00078263351
13ia13ia-13ia13ia- -7.38248111802 -4.73173285677 1.32559791451
13ia13ia-4ia13ia -5.73299368657 -2.9723416608 1.53377246211
13ia13ia13ia -7.24962008023 -4.73464771854 0.714813274766
13ia13ia13ia-13ia -7.52544582778 -4.9025491272 1.08537061456
13ia13ia13ia-13ia- -7.71033119317 -5.04374665347 1.11534306281
13ia13ia13ia13ia -7.85641201501 -5.38481803181 0.836707325326
13ia13ia13ia13ia- -7.6976641055 -5.1686573529 0.913546481959
13id13id -4.86367668515 -2.17443607976 0.517296502725
13id13id- -4.75686202987 -1.19067557339 1.60240246318
13id13id-13id -2.62091647581 0.208557300405 1.09840310504
13id13id-13id-13id 9.68655941498 11.5480610078 0.231048393954
13id13id-13id-13id- 7.49210646083 9.39692220228 0.637972626768
13id13id-13id13id- 8.05966203847 10.0034492834 0.506735336215
13id13id-4id13id 4.33237686575 6.06930988401 0.336602501307
13id13id13id -0.239896799401 2.50770523688 0.679345205035
13id13id13id-13id 7.63530064852 9.53591519848 0.358594136613
13id13id13id-13id- 7.30536875567 9.2622892014 1.2570169305
13id13id13id13id 6.89398893721 8.8659732963 1.24742040375
13id13id13id13id- 6.99296237045 8.86252075497 0.39815708829
13ie13ie -5.48295480744 -2.9622694854 1.15882749848
13ie13ie- -6.43627568386 -2.67150505021 2.09505279651
13ie13ie-13ie -6.52262947853 -3.06439024884 2.13511181488
13ie13ie-13ie-13ie -6.10522214183 -3.95650367744 1.21539357883
13ie13ie-13ie-13ie- -6.13828572389 -3.92415793193 1.06914276692
13ie13ie-13ie13ie- -6.88530020088 -3.70736979251 2.26227707175
13ie13ie-4ie13ie -4.92028349123 -1.87929599243 1.79738577238
13ie13ie13ie -5.63708120639 -3.39272876221 1.02797125516
13ie13ie13ie-13ie -6.1488074332 -3.7694246199 1.07592150154
13ie13ie13ie-13ie- -6.13219035412 -3.81457332105 1.05323981727
13ie13ie13ie13ie -6.17136897108 -4.03161519767 0.961372706895
13ie13ie13ie13ie- -6.1209891457 -3.96507009094 0.993277097661
13if13if -6.43949776608 -3.61130672486 0.692740620843
13if13if- -6.26809423614 -3.68756025435 0.731394112374
13if13if-13if -6.57358786313 -3.59594477672 1.24078358465
13if13if-13if-13if -7.35113171844 -4.57759212634 1.06397225985
13if13if-13if-13if- -7.52333533682 -5.10359010187 0.617897551355
13if13if-13if13if- -7.35588111024 -4.77243908291 0.911844369753
13if13if-4if13if -5.29533580716 -2.23957219034 1.80557531311
13if13if13if -7.07505610805 -4.22892248128 0.809142992688
13if13if13if-13if -7.55313386784 -4.50111157734 1.39602201998
13if13if13if-13if- -7.53927945548 -4.97717004818 0.741201839391
13if13if13if13if -8.12275656735 -5.12258421224 1.04649668505
13if13if13if13if- -7.92485573611 -5.2077577965 1.03237881857
13ih13ih -11.4533158463 -7.17563690059 2.1060410099
13ih13ih- -11.5436736144 -7.44048926975 2.01013029668
13ih13ih-13ih -17.8843981432 -13.3508488078 2.71380172125
13ih13ih-13ih-13ih -39.467304823 -38.2859387975 0.224515143959
13ih13ih-13ih-13ih- -40.4554751317 -38.6715973032 0.750306927534
13ih13ih-13ih13ih- -38.6220974992 -37.049861207 0.365163419609
13ih13ih-4ih13ih -16.5559773659 -13.0915780861 2.38346980561
13ih13ih13ih -17.0461401865 -12.5042966444 2.66604251561
13ih13ih13ih-13ih -38.134181763 -36.7644239766 0.12088675707
13ih13ih13ih-13ih- -38.9583692909 -37.3830879333 0.401031195529
13ih13ih13ih13ih -39.4984338415 -38.0747707708 0.5056603899
13ih13ih13ih13ih- -38.7139865924 -37.6539664354 0.243766688602
13ii -7.31262401242 -3.75827401772 1.65378118884
13ii13ii -5.04654726735 -3.15900962255 0.261654493676
13ii13ii- -6.35117147412 -2.54870343476 2.01902467014
13ii13ii-13ii -6.27338212892 -2.61344874956 2.05027117576
13ii13ii-13ii-13ii -6.06815405942 -3.59397378426 1.12364543676
13ii13ii-13ii-13ii- -5.95807332555 -4.13562556637 0.196624087149
13ii13ii-13ii13ii- -6.47662821741 -3.11929161856 2.18117669297
13ii13ii-4ii13ii -4.76548803922 -1.51443054219 1.78954382154
13ii13ii13ii -5.22095722471 -3.36552335948 0.209573101977
13ii13ii13ii-13ii -5.99034700507 -3.95457921227 0.275534655141
13ii13ii13ii-13ii- -6.1993973038 -4.21395441439 0.329533632127
13ii13ii13ii13ii -5.84288428797 -4.04474841054 0.18526641907
13ii13ii13ii13ii- -5.96130568401 -4.14457079091 0.187592830382
13il13il -6.29131722361 -3.58279282556 0.59001574813
13il13il- -6.08949610226 -3.22835020192 0.967046678357
13il13il-13il -4.43295635081 -1.915510752 1.05147195331
13il13il-13il-13il -3.36058563575 -0.572818901949 0.612378872791
13il13il-13il-13il- -3.68889359987 -1.1686663332 0.480511176253
13il13il-13il13il- -4.87630681469 -2.46586821452 0.758107207328
13il13il13il -6.76983732122 -4.09239760928 0.640806888419
13il13il13il-13il -5.19437875773 -3.3786085809 0.441061530062
13il13il13il-13il- -5.28246976553 -3.49038347793 0.452849719262
13il13il13il13il -7.60642355975 -4.83707331685 0.829764406201
13il13il13il13il- -7.28975718143 -4.47955182455 1.02348708688
13la13la -6.11896879923 -4.12092721077 0.216097642976
13la13la- -6.49461540063 -4.72831950802 0.186070527756
13la13la-13la -5.05781844596 -3.41702068952 0.162056364892
13la13la-13la-13la -4.82126789255 -3.38776137035 0.0255829858388
13la13la-13la-13la- -7.86154623914 -5.83318376706 0.553822609718
13la13la-13la13la- -4.53921292961 -3.219779297 0.136717090356
13la13la13la -6.74707114494 -4.96124383588 0.264959570527
13la13la13la-13la -5.81269942936 -4.0440251546 0.33468689098
13la13la13la-13la- -7.53096726011 -5.51992121646 0.755468639226
13la13la13la13la -7.81949268717 -5.9318994457 0.530030732411
13la13la13la13la- -7.53322172409 -5.72042597884 0.581607497668
13ld13ld- -4.68024449595 -1.99486815726 0.671852165479
13ld13ld-13ld 2.78322172673 4.42373388214 0.193845749772
13ld13ld-13ld-13ld 11.5994171603 13.3636225228 0.328814360517
13ld13ld-13ld-13ld- 7.17271962569 8.95832632475 0.28840446784
13ld13ld-13ld13ld- 11.4902224438 12.9937874725 0.256449624587
13ld13ld13ld -0.719327312968 2.46168117469 1.48038455541
13ld13ld13ld-13ld 8.04366747643 9.61062097903 0.159001215739
13ld13ld13ld13ld 0.569961472028 3.3091735691 0.74858175657
13ld13ld13ld13ld- 0.413888519731 2.37048033154 0.370144451608
13le13le -3.30171267968 -1.81215201681 0.292014210328
13le13le- -6.23899140142 -3.32810809589 1.04931457852
13le13le-13le -4.09821596573 -1.97475073477 0.805907524954
13le13le-13le-13le -5.32746970909 -3.11795107677 0.652532885772
13le13le-13le-13le- -7.61305955328 -4.60908809261 1.26938063625
13le13le-13le13le- -4.63195028656 -2.47814825273 0.833606837932
13le13le13le -3.73818853731 -1.53105348675 0.893395540309
13le13le13le-13le -3.63517619479 -2.10355844403 0.707930233793
13le13le13le-13le- -4.76127478314 -3.76386142262 0.239199458162
13le13le13le13le -4.6298462485 -2.43496779035 0.263074320565
13le13le13le13le- -4.24302617118 -2.51731398717 0.285653376847
13lf13lf- -6.10286405581 -4.01543527054 0.379575038784
13lf13lf-13lf -4.96175099617 -2.63053237905 0.761389809728
13lf13lf-13lf-13lf -5.93931237594 -3.89561503274 0.610659928177
13lf13lf-13lf-13lf- -8.11809007049 -5.42487121799 1.02512288723
13lf13lf-13lf13lf- -5.9027806534 -4.20007384092 0.326822889682
13lh13lh- -10.8621341086 -7.47388612425 1.47922232659
13lh13lh-13lh -14.7819327436 -10.9581528467 2.35604310825
13lh13lh-13lh-13lh -44.4927304425 -42.9436833966 1.50813119383
13lh13lh-13lh-13lh- -40.7095811187 -38.232122897 1.12154937026
13lh13lh-13lh13lh- -43.2438389697 -41.4373655109 1.82928683563
13li13li -4.35390828345 -1.00604908446 1.41377784724
13li13li- -6.08970378672 -3.22866373199 0.967299623121
13li13li-13li -4.48603521056 -2.11750963806 0.639427559316
13li13li-13li-13li -4.95643229861 -2.89814504753 0.514935011786
13li13li-13li-13li- -7.28978175513 -4.47912003959 1.02429027349
13li13li-13li13li- -4.87672398926 -2.46610010175 0.758555337436
13li13li13li -3.56667969985 -0.28326203877 1.02200209457
13li13li13li-13li -3.8823912324 -1.33465780097 1.22176394919
13li13li13li-13li- -5.28206721581 -3.48996093604 0.453085650833
13li13li13li13li -3.16427630948 -0.709593339011 0.204946819019
13li13li13li13li- -3.6900581446 -1.17054101996 0.480846707585
13ll -6.68406776708 -4.02565879457 0.667193039758
13ll13ll -3.53471127874 -0.885852190969 0.832023155107
13ll13ll- -5.90847207458 -3.69615435767 0.401462183155
13ll13ll-13ll -2.2534692694 -0.738117594331 0.20120908093
13ll13ll-13ll-13ll -1.50758561507 0.405500528873 0.367982423925
13ll13ll-13ll-13ll- -4.5435061959 -2.8247212036 -0.00573003722275
13ll13ll-13ll13ll- 100.0 100.0 100.0
13ll13ll13ll -3.47892992838 -2.23100789515 0.36043770543
13ll13ll13ll-13ll -2.16335319376 -0.215956844964 0.376106981768
13ll13ll13ll-13ll- -4.3189034755 -2.94531339195 0.320494489155
13ll13ll13ll13ll -5.52938704692 -4.17154674428 0.21266077544
13ll13ll13ll13ll- -4.54409637748 -2.82495982766 -0.00503420138284
3 -9.13368907877 -0.394212917315 7.91714434453
33 -7.24252776311 -1.86714109311 4.704884179
333 -6.43076235718 -2.56566458788 3.2761740566
3333 -5.98268421062 -2.96996988013 2.48092090982
4dd -5.68418638988 1.12114542242 5.73519853481
4dd4dd 1.63131069168 6.13396673844 2.8290030097
4dd4dd4dd 9.75759865924 12.5074304303 2.09921458235
4dd4dd4dd4dd 16.4971831828 17.8578776241 0.83516398391
4dh -8.07552036493 -1.54493297765 5.10934258457
4dh4dh -6.25531580348 -1.31882780601 2.60350185598
4dh4dh- -5.88088392777 -2.52435714881 2.013617797
4dh4dh-4dh -6.05436887442 -3.48309268519 1.24886174309
4dh4dh-4dh-4dh -5.23817773029 -3.0963044334 1.06914329865
4dh4dh-4dh-4dh- -3.4741365789 -0.938105739875 1.43577339037
4dh4dh-4dh4dh -5.5864662945 -3.32302193963 1.01256473247
4dh4dh-4dh4dh- -6.49148471036 -4.5336347055 0.730269459571
4dh4dh4dh -4.23902138185 -0.360155095609 2.53314287933
4dh4dh4dh-4dh -5.71311274462 -3.01906026794 1.39492017856
4dh4dh4dh-4dh- -3.96930038328 -1.26177286752 1.45937891374
4dh4dh4dh4dh -0.927106031586 1.43461028905 1.31866804138
4dh4dh4dh4dh- -3.77310698895 -0.721149147011 2.07384524214
4hd -8.06399728212 -1.54141927016 5.09335540393
4hd4hd -4.78323667674 -1.35871295402 0.784485020133
4hd4hd- -5.87928723065 -2.57912962664 1.66520333386
4hd4hd-4hd -6.10228517378 -3.83684263067 0.776073159058
4hd4hd-4hd-4hd -6.05734786101 -4.20582062928 0.557838695669
4hd4hd-4hd-4hd- -3.14645448576 -1.21815012488 0.538186255309
4hd4hd-4hd4hd -5.61436327604 -3.83222882691 0.391209042494
4hd4hd-4hd4hd- -12.8585674032 -11.4145401145 0.606326016451
4hd4hd4hd -3.20132287632 -0.52105682841 0.659851749786
4hd4hd4hd-4hd -5.93672222895 -3.99982211675 0.500386138577
4hd4hd4hd-4hd- -4.19007711046 -1.63006713752 0.79951713737
4hd4hd4hd4hd -0.979181825819 1.06514177279 0.634586068758
4hd4hd4hd4hd- -3.56814642384 -1.29716123528 0.644458898558
4hh -10.161798463 -3.96606267068 5.14069520638
4hh4hh -11.6740986698 -7.24742137494 3.404178058
4hh4hh4hh -14.9857663394 -11.7567114838 2.10732496771
4hh4hh4hh4hh -42.7293465353 -41.8354395148 0.310516255248
6aa -7.22405948778 0.0497873119597 6.10452613615
6aa6aa -4.97272526935 0.112224409886 4.22171814217
6aa6aa- -4.94632076446 0.125769044095 4.20288708814
6aa6aa-4aa6aa -3.62946926963 -0.0176547959606 2.95460838648
6aa6aa-6aa -3.53250349511 0.626678653353 3.35449963144
6aa6aa-6aa-6aa -2.38460708877 1.29332824678 2.90993526157
6aa6aa-6aa-6aa- -2.38585400244 1.28077230119 2.89737553595
6aa6aa-6aa6aa- -2.36377899267 1.30376207133 2.90825746893
6aa6aa6aa -3.56922217269 0.605989000108 3.36321169159
6aa6aa6aa-6aa -2.38557061602 1.29977121046 2.9251231416
6aa6aa6aa-6aa- -2.39076886801 1.28522189429 2.91419404139
6aa6aa6aa6aa -2.40101296921 1.28090631471 2.91006873019
6aa6aa6aa6aa- -2.40080616822 1.29238585712 2.92279325163
6ad6ad -0.113121512032 4.91994128619 3.72789471752
6ad6ad- 0.843018935401 4.89977348789 1.4411595459
6ad6ad-4ad6ad 8.72269675758 10.9840043321 1.59192745393
6ad6ad-6ad 6.66294927158 9.66860597168 2.20875497841
6ad6ad-6ad-6ad 13.292890078 14.5459810103 0.646748110865
6ad6ad-6ad-6ad- 13.3307973554 14.6271919086 0.68708913463
6ad6ad-6ad6ad- 13.2224787767 14.5329487886 0.699300708009
6ad6ad6ad 6.71924435314 9.60743215771 2.0650075167
6ad6ad6ad-6ad 13.2969196926 14.5928158541 0.652472998762
6ad6ad6ad-6ad- 13.2958950973 14.6060074026 0.666076375457
6ad6ad6ad6ad 13.3995326433 14.7203845106 0.692466929037
6ad6ad6ad6ad- 13.3575978992 14.6262558123 0.641193053286
6ae6ae -1.6969483515 -0.00420210683946 1.1509503736
6ae6ae- -0.793510941835 0.346964848145 0.297206509525
6ae6ae-4ae6ae -0.0557047174782 1.06844576352 0.543580590439
6ae6ae-6ae 0.42847093005 1.25485214047 0.234086872671
6ae6ae-6ae-6ae 0.808575518372 1.77486394202 0.39861251769
6ae6ae-6ae-6ae- 0.286626206324 1.38991479658 0.430286699861
6ae6ae-6ae6ae- 1.78248842944 2.9103112564 0.365784602232
6ae6ae6ae -0.480013659808 0.652107962306 0.554504205777
6ae6ae6ae-6ae 1.32472349915 2.40596105023 0.438770625658
6ae6ae6ae-6ae- 0.663077743548 1.76667379648 0.459248101688
6ae6ae6ae6ae 0.570306250288 1.46100825796 0.320528583786
6ae6ae6ae6ae- 0.382288886047 1.36918324521 0.270345818441
6af6af -4.46057650526 -0.22460409436 3.33679859949
6af6af- -4.30562686024 -0.0323036028683 3.36718617512
6af6af-4af6af -2.18281862558 -0.467090799767 0.920516843122
6af6af-6af -1.82782590537 0.202498634589 1.08585783457
6af6af-6af-6af -1.54674197175 0.514842180048 1.20398597581
6af6af-6af-6af- -2.19929757526 0.396762168656 1.75168681302
6af6af-6af6af- -0.990700878313 0.774412511012 0.855789693172
6af6af6af -3.49305727006 0.00808124724008 2.66294085525
6af6af6af-6af -1.28132007342 0.631614557171 1.05699339264
6af6af6af-6af- -2.19565720227 0.547162731816 1.93732973193
6af6af6af6af -2.64072368369 0.416069085991 2.26141586391
6af6af6af6af- -2.4549647414 0.60837320942 2.27228649596
6ah6ah -8.21280544224 -3.29395278895 3.90193411567
6ah6ah- -7.68394671052 -2.74719185627 3.8824951637
6ah6ah-4ah6ah -8.87765582927 -5.22153376048 2.82709088968
6ah6ah-6ah -7.76748203855 -3.62722770015 3.12398573603
6ah6ah-6ah-6ah -10.3246177996 -6.66662397558 2.6857533586
6ah6ah-6ah-6ah- -11.437536122 -7.96481517907 2.54937465812
6ah6ah-6ah6ah- -9.08349463062 -5.37714149391 2.71295552388
6ah6ah6ah -9.03363239792 -4.9694418037 3.10578769279
6ah6ah6ah-6ah -10.2340299638 -6.49535728038 2.75025320219
6ah6ah6ah-6ah- -11.3365505279 -7.71547842737 2.66537153059
6ah6ah6ah6ah -12.4904177087 -8.96961573661 2.60377360414
6ah6ah6ah6ah- -11.4124109027 -7.73594187389 2.72123067491
6ai6ai -4.73229229888 0.257304473092 4.1192107688
6ai6ai- -4.2017924423 0.308698360265 3.49206827635
6ai6ai-4ai6ai -3.10605187752 0.293287595527 2.63852475488
6ai6ai-6ai -3.10442295764 0.849596720242 3.03591726649
6ai6ai-6ai-6ai -2.08763720051 1.51922038455 2.84408427156
6ai6ai-6ai-6ai- -2.10052890885 1.47691587982 2.82613024457
6ai6ai-6ai6ai- -2.05148004753 1.55786179963 2.767083574
6ai6ai6ai -3.3391812216 0.756818286009 3.30358157996
6ai6ai6ai-6ai -2.13442991321 1.51678241052 2.85570403678
6ai6ai6ai-6ai- -2.15040623977 1.48067072174 2.85263871812
6ai6ai6ai6ai -2.15485402349 1.4244465482 2.83593770439
6ai6ai6ai6ai- -2.13817725045 1.46884847638 2.84716908718
6al6al -4.28395099556 0.000391654175017 3.3890910853
6al6al- -4.24742188755 0.0804695438751 3.41741885689
6al6al6al -3.14442282756 0.353292078423 2.6684334244
6al6al6al6al -2.12888494958 0.900480747272 2.24841995644
6al6al6al6al- -2.0240399882 1.01741351373 2.26181761757
6da6da -1.04966669373 3.82129983981 3.83150811594
6da6da- 0.01827942147 4.5468951311 1.42153413513
6da6da-4da6da 7.744281854 9.23090669159 0.740013355708
6da6da-6da 6.19815493049 9.39239651254 2.18501940451
6da6da-6da-6da 11.8194357255 13.1690630556 0.618607131384
6da6da-6da-6da- 11.4234309604 12.8452135198 0.770215924032
6da6da-6da6da- 12.7174360656 13.775587462 0.37602845843
6da6da6da 4.64075042003 7.96021703962 2.49433389723
6da6da6da-6da 12.0461294769 13.3627466326 0.611034422268
6da6da6da-6da- 11.5781967022 12.7804996157 0.545458814883
6da6da6da6da 10.8964487954 12.4717475281 0.912703043942
6da6da6da6da- 11.2761276531 12.7952708967 0.773716459265
6dd -4.00417816218 2.45787439901 5.12535445197
6dd6dd 7.77700510422 11.9630249199 3.19287375118
6dd6dd6dd 20.6321718814 22.2042340999 0.909484452905
6dd6dd6dd6dd 30.1018312628 30.8424225217 0.231297925649
6de6de 1.44860662843 3.62899990768 1.53090344787
6de6de6de 6.30877291758 7.91950687648 1.09602102756
6de6de6de6de 11.5583119129 12.0255400223 0.0375914255774
6df6df -1.05376162675 3.1606867249 3.13709304104
6df6df- 1.95315161764 3.70657588565 0.594707958201
6df6df-4df6df 6.98238670975 8.04594440974 0.159785528458
6df6df-6df 5.45315186838 6.65636285749 0.341364634131
6df6df-6df-6df 9.63960874823 10.4931724206 0.242119182533
6df6df-6df-6df- 10.1481758576 11.5535637806 0.684702853534
6df6df-6df6df- 8.49970170941 9.95022818502 0.598598700466
6df6df6df 4.35004999078 7.24334959365 2.03946667046
6df6df6df-6df 9.29442900755 10.6817679483 0.276406183074
6df6df6df-6df- 10.1668319156 12.0115517491 0.899860691353
6df6df6df6df 10.870885712 12.2723867087 0.745676068673
6df6df6df6df- 9.84770359554 11.936075782 1.3934071563
6dh6dh -4.66358055162 0.0923151675685 3.45193814793
6dh6dh- -4.52310082279 -0.668518487487 1.91442392213
6dh6dh-4dh6dh 8.91810891023 10.6904752616 0.754386249483
6dh6dh-6dh -1.75735733724 1.51746293495 1.75230649535
6dh6dh-6dh-6dh 16.5594171916 18.5581693655 1.19290628536
6dh6dh-6dh-6dh- 20.4786918597 22.42586156 0.567241550641
6dh6dh-6dh6dh- 13.2482586361 14.9121554592 0.731188388781
6dh6dh6dh 10.7386650171 12.7041661259 0.413648498239
6dh6dh6dh-6dh 15.6495087424 17.6879433864 0.353504274086
6dh6dh6dh-6dh- 100.0 100.0 100.0
6dh6dh6dh6dh 24.5208815733 25.8366398701 0.452158981624
6dh6dh6dh6dh- 20.3366162395 21.9198364474 0.264607014256
6di6di -0.872461958207 3.88903910775 3.70743208133
6di6di- 0.321432557144 3.83780351604 2.2781008478
6di6di-4di6di 6.30171604333 8.04829305943 1.06437532665
6di6di-6di 4.71665844363 7.19058568012 1.64170487939
6di6di-6di-6di 9.52047504446 11.3949719325 1.17625478162
6di6di-6di-6di- 10.4334744829 11.9361823148 0.819963477013
6di6di-6di6di- 8.96460110905 10.6283747319 0.988401902827
6di6di6di 4.82453346441 8.10340543735 2.47328938795
6di6di6di-6di 9.57862588753 11.3538876355 1.10115437051
6di6di6di-6di- 10.5205489101 11.8060275951 0.534756404459
6di6di6di6di 11.1076529185 12.7878379498 1.03755952968
6di6di6di6di- 10.0785763001 12.121132755 1.32832236833
6dl6dl -0.690892995419 3.53380106772 3.16570390125
6dl6dl- 1.81574661042 3.73609127069 0.789391951132
6dl6dl6dl 4.90495653626 7.74689491882 2.00787430788
6dl6dl6dl6dl 11.3456294177 12.7093184225 0.724131051146
6dl6dl6dl6dl- 9.94639418433 11.9913743154 1.36015195666
6ea6ea -4.32782156853 0.31141781448 3.63091813323
6ea6ea- -0.384095831484 0.770761930249 0.19837555751
6ea6ea-4ea6ea 0.664304840288 1.52423320555 0.277167665722
6ea6ea-6ea 1.18057772362 2.15675504958 0.152206393051
6ea6ea-6ea-6ea 1.83217830943 2.8042280202 0.122300850278
6ea6ea-6ea-6ea- 0.975035857611 2.01058693546 0.379467772356
6ea6ea-6ea6ea- 2.69834318693 3.57186676332 0.195016723091
6ea6ea6ea -2.83597502259 1.05598293514 2.78725195344
6ea6ea6ea-6ea 2.00592435238 2.9868701271 0.112924564917
6ea6ea6ea-6ea- 1.29762096104 2.16235420088 0.179687728782
6ea6ea6ea6ea -1.40649784001 1.92060425191 2.31588422262
6ea6ea6ea6ea- 1.2249516619 2.33693301388 0.251030977883
6ed6ed 0.419354997981 4.26115227095 2.93874408663
6ed6ed6ed 7.32731960125 8.76934536806 0.743937211985
6ed6ed6ed6ed 12.9771288699 14.6817868755 1.2216814353
6ee -5.94170201305 -0.890954243704 4.38200656381
6ee6ee -1.38149171494 0.000488898793845 0.894400823696
6ee6ee6ee -0.0336651567485 0.896846884582 0.422616193768
6ee6ee6ee6ee 1.1533626954 1.72281568329 0.0244821982133
6ef6ef -3.979604279 0.0208058887506 3.09399273845
6ef6ef- -0.926392207882 0.483962542397 0.263708502588
6ef6ef-4ef6ef -0.112014827324 0.708946623493 0.0845151238018
6ef6ef-6ef 0.470179055359 1.64089995046 0.39392740102
6ef6ef-6ef-6ef 0.368764667486 1.37639837161 0.23039805203
6ef6ef-6ef-6ef- -0.143841180375 1.39720914698 0.714640020711
6ef6ef-6ef6ef- 1.4008171454 2.3387843402 0.185434819039
6ef6ef6ef -2.88017629193 0.481952307549 2.54299666494
6ef6ef6ef-6ef 0.55882799587 1.65776503206 0.171869622549
6ef6ef6ef-6ef- 0.261878748559 1.49997546528 0.383132683993
6ef6ef6ef6ef -1.85423920105 1.09797702889 2.1855573121
6ef6ef6ef6ef- -0.0556843765165 1.24785146597 0.462871954574
6eh6eh -7.29479907943 -3.02990380583 3.03418967353
6eh6eh- -4.37321676482 -1.9641236393 0.975878721016
6eh6eh-4eh6eh -7.6992792554 -6.41112511308 0.46572929186
6eh6eh-6eh -3.9911647335 -2.0759771607 0.532447436157
6eh6eh-6eh-6eh 100.0 100.0 100.0
6eh6eh-6eh-6eh- -13.0261693635 -11.3125055349 0.803678536119
6eh6eh-6eh6eh- -33.3950427011 -30.3625147147 1.62686643885
6eh6eh6eh -7.36557847172 -4.27932738749 1.95724404818
6eh6eh6eh-6eh -13.0807744194 -11.2601780378 0.849391111287
6eh6eh6eh-6eh- -10.05401778 -8.06488185997 0.989884975535
6eh6eh6eh6eh -9.30536275909 -7.12691930869 1.16375532818
6eh6eh6eh6eh- -10.9595763969 -8.9505252759 1.06619586708
6ei6ei -4.13002889982 0.423235483665 3.5854344555
6ei6ei- -0.411201532639 0.934527281132 0.335047649542
6ei6ei-4ei6ei 0.285524082127 1.23193355157 0.280788319459
6ei6ei-6ei 1.1084236131 2.30728465726 0.434236767394
6ei6ei-6ei-6ei 1.81918167725 2.76888603006 0.251496271982
6ei6ei-6ei-6ei- 1.57040680605 2.66334232905 0.355239836156
6ei6ei-6ei6ei- 2.70374494102 3.49184603785 0.116744603286
6ei6ei6ei -2.64647985871 1.18580292834 2.78333994787
6ei6ei6ei-6ei 1.84356317254 2.97439636151 0.313808029631
6ei6ei6ei-6ei- 2.07410564874 3.079880848 0.171291380375
6ei6ei6ei6ei -1.31713669964 2.02523355861 2.32708740101
6ei6ei6ei6ei- 1.35199189681 2.26226540243 0.0954359010157
6el6el -3.79089150765 0.246054766332 3.1284220098
6el6el- -0.932288143727 0.568497625636 0.365996988824
6el6el6el -2.52686345949 0.830981589613 2.54364116043
6el6el6el6el -1.34848475728 1.57649332325 2.16921013634
6el6el6el6el- 0.315427130589 1.55699233076 0.469953447406
6fa6fa -3.6361973192 0.634854723339 3.35294010179
6fa6fa- -1.66752500532 0.678626202557 1.34439887643
6fa6fa-4fa6fa -1.03924215051 0.474907460832 0.741819728441
6fa6fa-6fa -0.68759172841 1.33679362768 1.11215977184
6fa6fa-6fa-6fa 0.131498541564 2.05435977579 1.10227650134
6fa6fa-6fa-6fa- 0.137747590957 2.02028236985 1.07098661384
6fa6fa-6fa6fa- 0.185364056987 1.97332417273 0.90666095737
6fa6fa6fa -2.34853586115 1.17142211018 2.7433105515
6fa6fa6fa-6fa 0.512331313934 2.00237009029 0.629571371443
6fa6fa6fa-6fa- 0.520018078771 1.92429515822 0.535862115717
6fa6fa6fa6fa -1.26290377388 1.83234979289 2.36469115957
6fa6fa6fa6fa- 0.0728943806446 1.84735808468 0.909595243967
6fd6fd 0.704747581112 5.20087256331 3.54393181558
6fd6fd- 3.02626865485 4.00667594167 0.108686101203
6fd6fd-4fd6fd 7.76247523859 9.00757937731 0.415647092263
6fd6fd-6fd 6.45109883788 7.78739888291 0.395828855605
6fd6fd-6fd-6fd 11.8884259643 13.1005866593 0.248594717273
6fd6fd-6fd-6fd- 11.5268487683 12.7998276747 0.292124267728
6fd6fd-6fd6fd- 9.71372676849 10.7392931278 0.109222140492
6fd6fd6fd 6.95789829459 9.84520278743 2.09229390132
6fd6fd6fd-6fd 11.275324871 12.0670412836 0.138551870761
6fd6fd6fd-6fd- 11.3924833959 13.4951084323 1.36199903352
6fd6fd6fd6fd 13.3870678213 14.6281750075 0.610303817285
6fd6fd6fd6fd- 11.4907409324 12.999478447 0.703647598233
6fe6fe -1.35078705122 0.570212574077 1.26761446026
6fe6fe- -0.243282228805 1.06529652663 0.494396971516
6fe6fe-4fe6fe 0.324433112185 1.33268788913 0.466009201945
6fe6fe-6fe 1.39057171284 2.23271499866 0.258297735519
6fe6fe-6fe-6fe 2.02530374207 2.81370374345 0.17228209432
6fe6fe-6fe-6fe- 1.2894449289 2.54046045603 0.566449002104
6fe6fe-6fe6fe- 2.01257580201 2.96950940518 0.436053255766
6fe6fe6fe -0.14595139031 1.24419250997 0.718498087307
6fe6fe6fe-6fe 1.79085159348 2.79754217809 0.407799879088
6fe6fe6fe-6fe- 1.39097525135 2.4437891411 0.431817708032
6fe6fe6fe6fe 0.875045249871 2.00494873984 0.482501363631
6fe6fe6fe6fe- 0.989900303439 2.02070577785 0.363034595122
6ff -4.47040146045 0.394825919229 3.82550152032
6ff6ff -3.08257439521 0.374039877083 2.58177846257
6ff6ff- -0.473078801908 1.18720413734 0.680132658732
6ff6ff-4ff6ff -0.000281649219131 0.746739497918 0.0211492230128
6ff6ff-6ff 1.08792574533 1.97011389361 0.247271491558
6ff6ff-6ff-6ff 1.19454893372 1.96455607336 0.00739931770022
6ff6ff-6ff-6ff- 0.253305247283 2.16349735797 1.22177377014
6ff6ff-6ff6ff- 1.46330816842 2.2382659646 0.0798549018791
6ff6ff6ff -2.04730575051 0.718650894761 1.96583779124
6ff6ff6ff-6ff 1.41065403649 2.32171697395 0.209961546884
6ff6ff6ff-6ff- 0.482730450054 2.33285212504 1.16595214772
6ff6ff6ff6ff -1.13790014449 1.21484783361 1.60577172053
6ff6ff6ff6ff- 0.235513509368 1.94063708532 1.02184999047
6fh6fh -6.77077116376 -2.77240089836 2.67833073689
6fh6fh- -2.7962082249 -0.903313942031 0.428774569766
6fh6fh-4fh6fh -6.57894042653 -4.5735608711 1.03946833336
6fh6fh-6fh -1.98821039619 -0.00735577159738 0.70834217535
6fh6fh-6fh-6fh -11.1017401749 -9.31498844472 0.807159381815
6fh6fh-6fh-6fh- -9.18638881404 -7.45377627307 0.666601060071
6fh6fh-6fh6fh- 3.46458316249 5.12820045266 0.582989526626
6fh6fh6fh -7.57573689458 -4.38294299715 1.97400849081
6fh6fh6fh-6fh -3.06537332857 -1.56011002299 0.317976182025
6fh6fh6fh-6fh- -5.83778793085 -3.82735881577 0.659543609275
6fh6fh6fh6fh -10.5669644552 -8.51370560737 1.13167286612
6fh6fh6fh6fh- -8.9674423446 -7.13583990514 0.703023974609
6fi6fi -3.40069611904 0.78564826509 3.34313306981
6fi6fi- -0.187307355378 1.69934409821 0.899262913812
6fi6fi-4fi6fi 0.754548886322 2.05576012428 0.585378792432
6fi6fi-6fi 1.79683685289 3.2120296936 0.562346833874
6fi6fi-6fi-6fi 2.18001417237 3.46683382106 0.54486720709
6fi6fi-6fi-6fi- 1.25349777674 2.76989594198 0.866242760066
6fi6fi-6fi6fi- 2.65463167239 3.78223954148 0.396310925148
6fi6fi6fi -2.09783841928 1.31993628372 2.65345049828
6fi6fi6fi-6fi 2.04115540293 3.41388541436 0.68409353642
6fi6fi6fi-6fi- 1.30749046863 2.72941911404 0.780896179551
6fi6fi6fi6fi -0.977510786558 1.9761859057 2.24281502504
6fi6fi6fi6fi- 0.950562084557 2.42704041043 0.82426321311
6fl6fl -2.92866456801 0.57917032148 2.64555142474
6fl6fl- -0.271636024808 2.38135001408 1.73116556692
6fl6fl6fl -1.75868647565 1.02539328321 1.99841509282
6fl6fl6fl6fl -0.731200474652 1.63083185907 1.63277706993
6fl6fl6fl6fl- 0.696531291311 2.38691847594 1.02123948819
6ha6ha -7.98345786432 -2.95208835071 4.15759487985
6ha6ha- -7.13266667758 -1.99374595056 4.23955059322
6ha6ha-4ha6ha -8.54747629402 -4.78636480034 2.99533294072
6ha6ha-6ha -6.51118004898 -2.19727649524 3.42917268051
6ha6ha-6ha-6ha -7.78793514038 -3.92862117222 2.97212697981
6ha6ha-6ha-6ha- -9.10225997672 -5.19120889516 3.00734545403
6ha6ha-6ha6ha- -6.04593505692 -2.22402811221 2.95929456629
6ha6ha6ha -8.66536656209 -4.40775910447 3.38434500088
6ha6ha6ha-6ha -7.47329787987 -3.7623479424 2.86901998914
6ha6ha6ha-6ha- -8.88979373661 -5.06106770808 2.96226240892
6ha6ha6ha6ha -10.1622879154 -6.36700865773 2.91955678416
6ha6ha6ha6ha- -8.96159308822 -5.25293445161 2.85725728572
6hd6hd -3.7600733476 1.10690495561 2.60639122924
6hd6hd- -3.39234968762 0.231665619379 1.85659779069
6hd6hd-4hd6hd 1.85529205842 3.88196478648 0.960384741989
6hd6hd-6hd 0.000677025813704 2.64260127251 1.23901643179
6hd6hd-6hd-6hd 13.3036045248 15.2221718145 0.505530765595
6hd6hd-6hd-6hd- 16.9493491578 18.42619083 0.346040783685
6hd6hd-6hd6hd- 10.7192211598 12.7337066247 0.435906881185
6hd6hd6hd 6.95307861311 8.73693524582 0.940015066026
6hd6hd6hd-6hd 13.1556451826 15.082505111 0.233129912055
6hd6hd6hd-6hd- 16.5327218557 18.1897825238 0.468198731645
6hd6hd6hd6hd 19.6209424411 21.3264171308 0.267291626731
6hd6hd6hd6hd- 16.6424219013 18.3055100234 0.421668616937
6he6he -4.1521576739 -3.11596027735 0.502870170315
6he6he- -3.98742855697 -1.55174479576 1.09190577252
6he6he-4he6he -6.25798683823 -5.17995349707 0.204950482534
6he6he-6he -2.95096223575 -0.852177321938 0.714570001681
6he6he-6he-6he -7.39086973021 -6.08916040284 0.410439392809
6he6he-6he-6he- -10.0788584897 -8.73600243797 0.336552346982
6he6he-6he6he- 0.234717438135 2.10365887257 0.624193116824
6he6he6he -6.81222810348 -5.57653250907 0.654719914169
6he6he6he-6he -7.39137906619 -6.02079739459 0.538323594701
6he6he6he-6he- -8.5779113908 -7.3967587943 0.664105495113
6he6he6he6he -9.03400907906 -8.47406432647 0.0543608556973
6he6he6he6he- -7.72716034543 -6.88607150547 0.290587559285
6hf6hf -7.4220282649 -3.59280569477 2.97590019136
6hf6hf- -3.86671113622 -1.61095257937 0.748022702654
6hf6hf-4hf6hf -7.95579910274 -6.34931599133 0.440416366876
6hf6hf-6hf -3.26470079865 -1.0959177005 0.774581818087
6hf6hf-6hf-6hf -11.2369140401 -9.43033094197 0.703425108685
6hf6hf-6hf-6hf- -11.6520947608 -10.3425577991 0.555170602109
6hf6hf-6hf6hf- -1.19549842575 0.808642512051 0.657679119903
6hf6hf6hf -8.76940854848 -6.01285068515 1.99503860468
6hf6hf6hf-6hf -7.66523669589 -6.231760311 0.317560392994
6hf6hf6hf-6hf- -10.8421840318 -8.9986027806 0.886962568875
6hf6hf6hf6hf -11.1029713324 -9.9342182961 0.479022869725
6hf6hf6hf6hf- -11.4293777642 -9.58339866479 1.03430635753
6hh -10.0887699106 -3.65973929047 5.09353547724
6hh6hh -13.7051552627 -9.02210381131 3.34175126632
6hh6hh6hh -48.1414646077 -46.2228744465 0.319177176481
6hh6hh6hh6hh -71.3996918789 -70.557842644 0.124028304712
6hi6hi -7.69879159896 -2.79498079554 3.9821787292
6hi6hi- -4.12296908965 -1.38283356292 0.868600473177
6hi6hi-4hi6hi -6.93320399989 -5.16832420257 0.668417103984
6hi6hi-6hi -3.08726294022 -0.59849091606 0.762831873801
6hi6hi-6hi-6hi -4.9905046115 -3.15959022781 0.617016309364
6hi6hi-6hi-6hi- -7.36191666343 -5.22077350882 0.577423731886
6hi6hi-6hi6hi- -1.41124093323 1.22144711519 1.03539317041
6hi6hi6hi -8.42979349612 -4.29657459284 3.28743887246
6hi6hi6hi-6hi -3.72147702876 -2.00176343612 0.419460455634
6hi6hi6hi-6hi- -7.22828818175 -5.09390586617 0.780430679521
6hi6hi6hi6hi -10.0409933282 -6.37171838447 2.85697510034
6hi6hi6hi6hi- -9.66622428201 -8.07309537333 0.593977106227
6hl6hl -7.37250042377 -3.24399162272 3.1743726534
6hl6hl- -2.93885103351 -0.68305117396 0.759409146026
6hl6hl6hl -8.780128055 -5.29445867088 2.57842928825
6hl6hl6hl6hl -11.3569007643 -8.51993971473 2.04881450587
6hl6hl6hl6hl- -8.86177085423 -6.86565016303 1.1828316043
6ia6ia -4.24922744921 0.67698017259 4.07890810403
6ia6ia- -4.12844086573 0.716372714595 3.95340613082
6ia6ia-4ia6ia -2.97416030308 0.674710770165 2.98696901573
6ia6ia-6ia -2.7036214661 1.39724631529 3.29580638789
6ia6ia-6ia-6ia -1.4159380387 2.21080691461 2.87324390394
6ia6ia-6ia-6ia- -1.36368300378 2.21944330538 2.83774754587
6ia6ia-6ia6ia- -1.46168859033 2.21418603864 2.91490831297
6ia6ia6ia -2.68041670184 1.37743746253 3.26229524908
6ia6ia6ia-6ia -1.45446498868 2.20056710813 2.89535465836
6ia6ia6ia-6ia- -1.43819020974 2.19038786845 2.87514050496
6ia6ia6ia6ia -1.33547423963 2.22288681324 2.81165898648
6ia6ia6ia6ia- -1.39426333695 2.20936022698 2.8481827231
6id6id 0.632368874044 5.53766048586 3.86218298916
6id6id- 1.30313815165 4.26715366827 1.87060881765
6id6id-4id6id 7.37644726288 9.42330470778 1.28367877242
6id6id-6id 5.79033123924 7.9348430227 1.29103895624
6id6id-6id-6id 12.0965276171 13.2851645056 0.515485404917
6id6id-6id-6id- 12.473611712 13.77487068 0.642575780555
6id6id-6id6id- 10.2047544921 11.4484619166 0.53041219529
6id6id6id 7.46218012295 10.2246860046 1.97388790898
6id6id6id-6id 11.6208329784 13.061373781 0.650067576275
6id6id6id-6id- 12.2519375864 14.1256242164 1.04728190952
6id6id6id6id 13.9603941599 15.3371050292 0.763725930391
6id6id6id6id- 12.7486458753 14.424183074 0.985991528506
6ie6ie -1.27101963796 0.551098843929 1.27877524784
6ie6ie- -0.543770867467 0.761346218124 0.416207875351
6ie6ie-4ie6ie 0.494317299269 1.4476207775 0.346121043526
6ie6ie-6ie 0.943687060862 1.89838166673 0.160062321767
6ie6ie-6ie-6ie 1.49045119877 2.28429456087 0.118829661543
6ie6ie-6ie-6ie- 1.46827244042 2.47914923165 0.343965258862
6ie6ie-6ie6ie- 2.07114757384 3.34091656841 0.552668214717
6ie6ie6ie 0.116676714072 1.43389152825 0.712449667249
6ie6ie6ie-6ie 1.80165779045 2.53935470774 0.0981381843194
6ie6ie6ie-6ie- 1.66011162146 2.61604702777 0.32880393694
6ie6ie6ie6ie 1.33059473368 2.40426809664 0.475973443635
6ie6ie6ie6ie- 1.40298881901 2.21584207126 0.175650360666
6if6if -3.70180132845 0.374288585812 3.18762510871
6if6if- -0.527483515335 1.71307392089 1.07676256883
6if6if-4if6if -0.0141195117931 1.10331542408 0.421296322264
6if6if-6if 1.1336496396 2.47791620982 0.320211909941
6if6if-6if-6if 1.06298357579 2.55372563531 0.633750632638
6if6if-6if-6if- 0.18694426628 1.95450547711 1.03372493128
6if6if-6if6if- 2.29163121691 3.39277255858 0.289352042129
6if6if6if -2.47829333459 0.859902799263 2.51454225414
6if6if6if-6if 1.46180859807 2.94869728366 0.646173409692
6if6if6if-6if- 0.648002269967 2.31765579552 0.937597992173
6if6if6if6if -1.3513331112 1.52283693067 2.1043810949
6if6if6if6if- 0.608990547426 2.17674641231 0.847290535552
6ih6ih -7.27757335672 -2.52677761487 3.71336927707
6ih6ih- -4.27136276336 -1.5547200448 0.82329150298
6ih6ih-4ih6ih -7.81747461754 -6.239404864 0.630892484509
6ih6ih-6ih -3.14898834991 -0.687771502903 0.73301129432
6ih6ih-6ih-6ih -3.09140912097 -0.896382388512 0.740097173634
6ih6ih-6ih-6ih- -14.7822893793 -12.7993211664 1.02829294116
6ih6ih-6ih6ih- -21.3899279412 -20.2593897417 0.510375940698
6ih6ih6ih -7.38970310833 -3.4713988016 2.95302425298
6ih6ih6ih-6ih -3.02968133867 -0.499947470104 0.774235186963
6ih6ih6ih-6ih- -6.21134952523 -4.1444983511 0.612181911225
6ih6ih6ih6ih -8.4965368911 -5.03804792515 2.54362411941
6ih6ih6ih6ih- -5.8887335697 -3.73141344109 0.50522152993
6ii -6.21294710291 0.516901354185 5.60782368399
6ii6ii -4.01010856962 0.818437391354 3.96751298234
6ii6ii6ii -2.43597592761 1.51493762549 3.16823314921
6ii6ii6ii6ii -1.06227173668 2.35448962987 2.69218435611
6il6il -3.54071516431 0.584132468865 3.24342388308
6il6il- -0.444360912231 1.76622629853 1.05211943548
6il6il6il -2.17100816994 1.1712100332 2.53068200363
6il6il6il6il -0.919656155086 1.94159258664 2.10865034344
6il6il6il6il- 0.974483396238 2.52712179738 0.843643453653
6la6la -3.35382195417 0.955801410044 3.48696526702
6la6la6la -1.68995036323 1.80093100761 2.73174806877
6la6la6la6la -0.26278040652 2.74601562339 2.30394895407
6ld6ld 1.22009850516 5.75294071775 3.59224848966
6ld6ld6ld 7.88393953919 10.6653757322 2.00935702792
6ld6ld6ld6ld 14.3163771244 15.6394286507 0.709152522252
6le6le -1.09559751226 0.902615784448 1.3699434797
6le6le6le 0.40889744077 1.8907293486 0.832245787863
6le6le6le6le 1.72198467321 2.92791498414 0.579503982725
6lf6lf -2.7992449024 0.709591519236 2.64867413036
6lf6lf6lf -1.35882594 1.40248745206 1.98153785404
6lf6lf6lf6lf -0.0516473779588 2.24804177113 1.5838488841
6lh6lh -6.32042238606 -2.22529261331 3.05876990419
6lh6lh6lh -6.12946149382 -2.83902345152 2.33099752805
6lh6lh6lh6lh -6.43844538271 -3.61890155242 1.91160855318
6li6li -3.12435733449 1.10692679775 3.40463329392
6li6li6li -1.44662943184 1.95390924326 2.65579609086
6li6li6li6li 0.0180458364336 2.90341858818 2.20114452413
6ll -4.62807652624 0.553390362597 4.16085334064
6ll6ll -2.64879036381 0.9065726614 2.70728147098
6ll6ll6ll -1.09187071682 1.68366653831 2.00960592537
6ll6ll6ll6ll 0.299839378012 2.60905792515 1.60914116936
Repulse
Repulse
Repulse
Repulse
Repulse
Repulse
Repulse
Using multi
