12dd -10.6274059659 0.778245578353 4.7365
12dd12dd -9.73813794144 -1.62043790877 3.7280
12dd12dd- -9.83501046797 -1.71023547551 3.8887
12dd12dd-12dd -9.41649938423 -2.34453283325 3.0497
12dd12dd-12dd-12dd -8.51580257851 -2.84304538554 0.3229
12dd12dd-12dd-12dd- -9.30438848273 -2.81447343248 2.7759
12dd12dd-12dd12dd- -9.21404668832 -2.72086627201 2.6778
12dd12dd-4dd12dd -8.53675534409 -3.03434141406 0.2441
12dd12dd12dd -9.43962906051 -2.37963551843 3.1484
12dd12dd12dd-12dd -9.27255116362 -2.77066310447 2.7543
12dd12dd12dd-12dd- -9.33540946033 -2.82426953067 2.8343
12dd12dd12dd12dd -9.33268832195 -2.85474628059 2.7997
12dd12dd12dd12dd- -9.30438848273 -2.81447343248 2.7760
12dh -9.03064196112 1.44410814137 4.8548
12dh12dh -8.00803815572 -0.0035374799016 3.5920
12dh12dh- -8.02790246593 0.068844801162 3.7741
12dh12dh-12dh -7.57320024166 -0.58069093154 3.0187
12dh12dh-12dh-12dh -7.31850168874 -0.91348615613 2.5937
12dh12dh-12dh-12dh- -7.36748217969 -1.0797477115 2.6878
12dh12dh-12dh12dh- -7.33700542976 -0.950221524339 2.6933
12dh12dh-4dh12dh -7.50408332666 -0.788858018058 2.7351
12dh12dh12dh -7.54517251628 -0.687903783943 3.0154
12dh12dh12dh-12dh -7.28965762185 -0.955935914949 2.7217
12dh12dh12dh-12dh- -7.32095071329 -1.0261412853 2.7474
12dh12dh12dh12dh -7.29999794772 -1.08655055747 2.6972
12dh12dh12dh12dh- -7.25809241658 -0.927636075736 2.7136
12hd -9.03173041647 1.44329179985 4.8536
12hd12hd -8.00885449723 -0.0035374799016 3.5926
12hd12hd- -8.02871880745 0.068844801162 3.7745
12hd12hd-12hd -7.57428869701 -0.580418817702 3.0195
12hd12hd-12hd-12hd -7.31986225793 -0.912669814614 2.5950
12hd12hd-12hd-12hd- -7.25945298577 -0.927091848059 2.7148
12hd12hd-12hd12hd- -7.33836599896 -0.949677296661 2.6945
12hd12hd-4hd12hd -7.63034414776 -1.00056258448 2.8621
12hd12hd12hd -7.54653308548 -0.687631670104 3.0165
12hd12hd12hd-12hd -7.36639372433 -1.02069900853 2.7161
12hd12hd12hd-12hd- -7.32231128248 -1.02586917147 2.7487
12hd12hd12hd12hd -7.30135851691 -1.08627844363 2.6985
12hd12hd12hd12hd- -7.36884274888 -1.07920348383 2.6891
12hh -8.10409434074 3.24033158987 5.8797
12hh12hh -6.55739928222 1.83323093055 3.7332
12hh12hh- -6.43930187627 2.06724883173 4.1077
12hh12hh-12hh -5.83412069926 1.40220261023 3.2467
12hh12hh-12hh-12hh -5.47220929394 0.975528111327 2.6829
12hh12hh-12hh-12hh- -5.4373787226 0.968725265362 2.6713
12hh12hh-12hh12hh- -5.492345718 1.02831819601 2.8078
12hh12hh-4hh12hh -5.68527442955 0.835661598294 2.8216
12hh12hh12hh -5.85616192019 1.25063520214 3.0697
12hh12hh12hh-12hh -5.46812758636 1.00273949519 2.7746
12hh12hh12hh-12hh- -5.43955563331 0.987501120225 2.7528
12hh12hh12hh12hh -5.43683449493 0.95756859798 2.6606
12hh12hh12hh12hh- -5.43765083644 0.968725265362 2.6713
13aa -8.85376796604 3.78102178714 6.6332
13aa13aa -7.41809535366 2.36548559882 5.0238
13aa13aa- -7.47986519502 2.36739039569 5.0454
13aa13aa-13aa -6.91577320764 1.74207279462 4.2765
13aa13aa-13aa-13aa -6.57971261698 1.34288179342 3.8177
13aa13aa-13aa-13aa- -6.56746749425 1.28927536722 3.7899
13aa13aa-13aa13aa- -6.62842099409 1.41444773296 3.8888
13aa13aa-4aa13aa -6.82080547797 0.684366304041 3.6101
13aa13aa13aa -6.83903710515 1.65281945556 4.2104
13aa13aa13aa-13aa -6.606651887 1.37227008798 3.8610
13aa13aa13aa-13aa- -6.58651546295 1.32927610149 3.8333
13aa13aa13aa13aa -6.55603871303 1.23757373788 3.7635
13aa13aa13aa13aa- -6.56746749425 1.28927536722 3.7899
13ad13ad -8.56260615875 0.717564192348 4.6175
13ad13ad- -8.64723356255 0.604364835497 4.6119
13ad13ad-13ad -8.24885890286 0.0764639886424 4.0160
13ad13ad-13ad-13ad -8.022732303 -0.312658800534 3.6405
13ad13ad-13ad-13ad- -8.01157563562 -0.369530592798 3.6148
13ad13ad-13ad13ad- -8.06001189889 -0.234017901183 3.7081
13ad13ad-4ad13ad -8.16014979148 -0.896342984299 3.4234
13ad13ad13ad -8.19579670434 -0.0179595133466 3.9756
13ad13ad13ad-13ad -8.10137320235 -0.357557583901 3.6791
13ad13ad13ad-13ad- -8.09212133184 -0.405993847169 3.6533
13ad13ad13ad13ad -8.06137246808 -0.496879869256 3.6018
13ad13ad13ad13ad- -8.08123677829 -0.482185721972 3.6161
13ae13ae -7.54408406093 1.53608261881 4.1639
13ae13ae- -7.62190861876 1.42342748964 4.2291
13ae13ae-13ae -7.1489747673 1.00491640589 3.9403
13ae13ae-13ae-13ae -6.87196287962 0.667767359887 3.5618
13ae13ae-13ae-13ae- -6.85400336628 0.622052235005 3.5402
13ae13ae-13ae13ae- -6.90679345096 0.761918748038 3.6415
13ae13ae-4ae13ae -7.05455126531 0.0628582967131 3.3662
13ae13ae13ae -7.06380313583 0.937432173925 3.9031
13ae13ae13ae-13ae -6.90189540187 0.672665408982 3.6079
13ae13ae13ae-13ae- -6.89101084832 0.626406056422 3.5831
13ae13ae13ae13ae -6.83087369 0.565452556579 3.5309
13ae13ae13ae13ae- -6.85726873234 0.57878613467 3.5466
13af13af -7.22190127604 2.38045185994 4.8778
13af13af- -7.24530306616 2.35568950063 4.8786
13af13af-13af -6.6031144071 1.79758401769 4.1298
13af13af-13af-13af -6.18405909568 1.43676106773 3.6690
13af13af-13af-13af- -6.17970527426 1.34832407019 3.6270
13af13af-13af13af- -6.33916398367 1.41934578206 3.7368
13af13af-4af13af -6.51549375108 0.949405182823 3.5749
13af13af13af -6.74025978175 1.59132172804 4.0861
13af13af13af-13af -6.40719244332 1.30723488056 3.7047
13af13af13af-13af- -6.40202228039 1.23403625798 3.6695
13af13af13af13af -6.5149495234 1.12328592568 3.6468
13af13af13af13af- -6.52420139391 1.14478291893 3.6593
13ah13ah -6.65998619937 2.68521935916 4.7310
13ah13ah- -6.71386473941 2.70780480776 4.7807
13ah13ah-13ah -6.15929673637 2.09826980933 4.0372
13ah13ah-13ah-13ah -5.84310045593 1.69989514964 3.5940
13ah13ah-13ah-13ah- -5.83820240684 1.64873774799 3.5705
13ah13ah-13ah13ah- -5.85725037554 1.76683515393 3.6488
13ah13ah-4ah13ah -6.19358308003 1.18315097017 3.4850
13ah13ah13ah -6.12364982351 1.99051272925 3.9772
13ah13ah13ah-13ah -5.8605157416 1.70424897106 3.6269
13ah13ah13ah-13ah- -5.85725037554 1.6615270984 3.6081
13ah13ah13ah13ah -5.84255622826 1.58914481734 3.5534
13ah13ah13ah13ah- -5.84963118806 1.63649262525 3.5776
13ai13ai -7.12747777405 2.48276666325 4.9326
13ai13ai- -7.15169590569 2.49963772124 4.9372
13ai13ai-13ai -6.57046074647 1.92683809102 4.1915
13ai13ai-13ai-13ai -6.25453657987 1.53118456972 3.7530
13ai13ai-13ai-13ai- -6.25698560442 1.47812237119 3.7357
13ai13ai-13ai13ai- -6.26868649948 1.62071002261 3.8117
13ai13ai-4ai13ai -6.51576586492 0.956208028787 3.6105
13ai13ai13ai -6.55930407909 1.79323019627 4.1482
13ai13ai13ai-13ai -6.28582967131 1.53662684649 3.7869
13ai13ai13ai-13ai- -6.28446910212 1.49091172161 3.7709
13ai13ai13ai13ai -6.27576145928 1.39322285355 3.7141
13ai13ai13ai13ai- -6.2765778008 1.44111488915 3.7314
13al13al -6.83658808061 2.54480861845 4.8025
13al13al- -6.98189687041 2.61174862274 4.9235
13al13al-13al -6.27167975171 1.89255174736 3.7769
13al13al-13al-13al -5.89452997143 1.47268009442 3.2329
13al13al-13al-13al- -5.88935980849 1.44764562127 3.1800
13al13al-13al13al- -5.98242274129 1.56030075045 3.4210
13al13al13al -6.19766478761 1.87105475411 3.9712
13al13al13al-13al -5.92473460751 1.57118530399 3.5031
13al13al13al-13al- -5.91385005397 1.55240944913 3.3892
13al13al13al13al -5.85725037554 1.48492521716 3.5131
13al13al13al13al- -5.89915590668 1.56111709196 3.5685
13da13da -8.56260615875 0.717564192348 4.6175
13da13da- -8.64723356255 0.604364835497 4.6119
13da13da-13da -8.24885890286 0.0767361024809 4.0161
13da13da-13da-13da -8.02246018916 -0.312658800534 3.6405
13da13da-13da-13da- -8.08123677829 -0.482185721972 3.6162
13da13da-13da13da- -8.06001189889 -0.234017901183 3.7081
13da13da-4da13da -8.11144141438 -1.00437217822 3.3219
13da13da13da -8.19579670434 -0.0179595133466 3.9756
13da13da13da-13da -8.04286872705 -0.273474407778 3.6835
13da13da13da-13da- -8.09212133184 -0.405993847169 3.6534
13da13da13da13da -8.06137246808 -0.496607755417 3.6018
13da13da13da13da- -8.01157563562 -0.369530592798 3.6148
13dd -10.2317524446 1.33444626442 4.8219
13dd13dd -9.19091701204 -0.656338578667 2.6544
13dd13dd- -9.56888313384 -0.906955424004 4.2681
13dd13dd-13dd -9.21595148519 -1.25798227578 3.7271
13dd13dd-13dd-13dd -8.93431366226 -1.60166205391 2.6533
13dd13dd-13dd-13dd- -8.87553707312 -1.76846783696 2.5927
13dd13dd-13dd13dd- -9.04778513295 -1.5148577394 3.4509
13dd13dd-4dd13dd -9.10356846986 -2.48004552486 2.9739
13dd13dd13dd -8.88642162667 -1.28927536722 2.5838
13dd13dd13dd-13dd -8.99254602372 -1.61309083513 2.6519
13dd13dd13dd-13dd- -8.97812399027 -1.72901133037 2.6509
13dd13dd13dd13dd -8.80097788135 -1.761664991 2.5388
13dd13dd13dd13dd- -8.87553707312 -1.76846783696 2.5927
13de13de -8.11742791883 0.0155104887993 1.9323
13de13de- -8.53838802712 -0.0802735823825 4.1544
13de13de-13de -8.12150962641 -0.445994581441 3.5099
13de13de-13de-13de -7.77129911615 -0.787769562703 1.9306
13de13de-13de-13de- -7.70109374579 -0.868587372763 1.8922
13de13de-13de13de- -7.90490701089 -0.647630935832 3.2217
13de13de-4de13de -7.97239124286 -1.7151335246 2.6215
13de13de13de -7.73401952026 -0.480280925102 1.8760
13de13de13de-13de -7.79116342636 -0.675930775045 1.9248
13de13de13de-13de- -7.76966643311 -0.767633138648 1.9152
13de13de13de13de -7.57020698943 -0.851444200932 1.8398
13de13de13de13de- -7.65782764546 -0.787497448865 1.8718
13df13df -8.17484393877 0.708856549514 4.1285
13df13df- -8.37947354538 0.575248654769 4.3552
13df13df-13df -7.86980432571 0.161635620119 3.7833
13df13df-13df-13df -7.53347162122 -0.19619407762 3.3822
13df13df-13df-13df- -7.53537641809 -0.48653954339 3.2908
13df13df-13df13df- -7.7152436654 -0.195921963781 3.4644
13df13df-4df13df -7.7772856206 -0.589670688214 3.2813
13df13df13df -7.84123237266 -0.0429939864964 3.5481
13df13df13df-13df -7.71497155156 -0.281093595258 3.3845
13df13df13df-13df- -7.75116269209 -0.490893364807 3.3270
13df13df13df13df -7.72912147117 -0.536336375851 3.2054
13df13df13df13df- -7.76748952241 -0.442457101539 3.2624
13dh13dh -7.53619275961 0.984235754162 3.8259
13dh13dh- -7.78653749111 0.994303966189 4.2633
13dh13dh-13dh -7.36203990291 0.468035802366 3.6143
13dh13dh-13dh-13dh -7.07904151079 0.0731986225793 3.1372
13dh13dh-13dh-13dh- -7.029788906 -0.151567408092 3.0218
13dh13dh-13dh13dh- -7.15278436104 0.165173100021 3.2920
13dh13dh-4dh13dh -7.36911486272 -0.291433921124 3.1505
13dh13dh13dh -7.14706997043 0.279188798388 3.2788
13dh13dh13dh-13dh -7.10625289464 0.118641633623 3.2320
13dh13dh13dh-13dh- -7.08666069827 -0.0331978883074 3.1443
13dh13dh13dh13dh -6.98026418738 -0.17306440134 2.9599
13dh13dh13dh13dh- -7.03577541045 0.0231296762797 3.0733
13di13di -8.07661084304 0.789130131896 3.9855
13di13di- -8.25919922873 0.785864765833 4.4810
13di13di-13di -7.81266041961 0.300685791636 3.8469
13di13di-13di-13di -7.53102259668 -0.100410006438 3.3554
13di13di-13di-13di- -7.53456007658 -0.285991644353 3.2593
13di13di-13di13di- -7.59551357642 0.0160547164765 3.5275
13di13di-4di13di -7.71143407166 -0.669944270596 3.2285
13di13di13di -7.66408626374 0.105035941694 3.5222
13di13di13di-13di -7.56884642024 -0.0571439061028 3.4631
13di13di13di-13di- -7.57973097378 -0.195649849943 3.3851
13di13di13di13di -7.49864104988 -0.342863436617 3.1884
13di13di13di13di- -7.50462755433 -0.189663345494 3.2833
13dl13dl -7.86463416278 0.981786729614 4.2623
13dl13dl- -8.08368580284 0.979881932744 4.4793
13dl13dl-13dl -7.48666804099 0.331978883074 3.4132
13dl13dl-13dl-13dl -6.50896301895 -0.481097266618 0.5258
13dl13dl-13dl-13dl- -6.30025170476 -0.772803301581 0.4933
13dl13dl-13dl13dl- -7.28067786518 -0.00952398435047 3.0432
13dl13dl13dl -7.39278876667 0.243813999372 3.5830
13dl13dl13dl-13dl -7.22462241443 0.0585044752958 3.2276
13dl13dl13dl13dl -7.17509769581 -0.217418957029 3.2007
13dl13dl13dl13dl- -7.21210517785 0.0141499196064 3.2942
13ea13ea -7.54408406093 1.53608261881 4.1640
13ea13ea- -7.62190861876 1.42342748964 4.2291
13ea13ea-13ea -7.1489747673 1.00491640589 3.9403
13ea13ea-13ea-13ea -6.87196287962 0.668039473726 3.5618
13ea13ea-13ea-13ea- -6.85726873234 0.579058248509 3.5466
13ea13ea-13ea13ea- -6.90679345096 0.761918748038 3.6416
13ea13ea-4ea13ea -7.03223793055 0.00489804909453 3.3290
13ea13ea13ea -7.06380313583 0.937704287764 3.9031
13ea13ea13ea-13ea -6.88937816529 0.724639152152 3.6186
13ea13ea13ea-13ea- -6.89101084832 0.626406056422 3.5832
13ea13ea13ea13ea -6.83087369 0.565452556579 3.5309
13ea13ea13ea13ea- -6.85400336628 0.622052235005 3.5402
13ed13ed -8.11742791883 0.0155104887993 1.9323
13ed13ed- -8.53838802712 -0.0802735823825 4.1544
13ed13ed-13ed -8.12150962641 -0.445722467602 3.5099
13ed13ed-13ed-13ed -7.77129911615 -0.787497448865 1.9306
13ed13ed-13ed-13ed- -7.65782764546 -0.787497448865 1.8718
13ed13ed-13ed13ed- -7.90517912473 -0.647630935832 3.2217
13ed13ed-4ed13ed -8.09429824255 -1.40873334235 2.8999
13ed13ed13ed -7.7342916341 -0.480280925102 1.8760
13ed13ed13ed-13ed -7.84259294186 -0.732258339632 1.9525
13ed13ed13ed-13ed- -7.76966643311 -0.767633138648 1.9153
13ed13ed13ed13ed -7.57020698943 -0.851444200932 1.8398
13ed13ed13ed13ed- -7.70109374579 -0.868587372763 1.8922
13ee -8.69784673653 2.37065576175 4.1869
13ee13ee -7.29754892317 0.554568003036 1.2397
13ee13ee- -7.70000529044 0.681100937978 4.1204
13ee13ee-13ee -7.22815989433 0.263678309589 3.3260
13ee13ee-13ee-13ee -6.84475149576 -0.0639467520675 1.2736
13ee13ee-13ee-13ee- -6.71985124385 -0.0476199217524 1.1973
13ee13ee-13ee13ee- -6.99060451325 0.0745591917723 3.0288
13ee13ee-4ee13ee -7.13945078295 -0.766816797132 2.4425
13ee13ee13ee -6.83930921899 0.176057653564 1.1832
13ee13ee13ee-13ee -6.87087442427 0.075375533288 1.2568
13ee13ee13ee-13ee- -6.78488645128 0.0639467520675 1.2582
13ee13ee13ee13ee -6.61291050529 -0.127349276458 1.1489
13ee13ee13ee13ee- -6.71985124385 -0.0476199217524 1.1972
13ef13ef -7.27006542547 1.5162183086 3.8803
13ef13ef- -7.49564779766 1.3836988692 4.0745
13ef13ef-13ef -6.88366377468 1.07430543473 3.7588
13ef13ef-13ef-13ef -6.47630935832 0.731714111955 3.3224
13ef13ef-13ef-13ef- -6.43331537182 0.553207433843 3.2430
13ef13ef-13ef13ef- -6.6580814025 0.76926582168 3.4355
13ef13ef-4ef13ef -6.76992019015 0.360006608448 3.2742
13ef13ef13ef -6.7794441745 0.912669814614 3.4838
13ef13ef13ef-13ef -6.63740075076 0.706407524966 3.3523
13ef13ef13ef-13ef- -6.63957766147 0.530894099079 3.2873
13ef13ef13ef13ef -6.55168489161 0.529533529886 3.1386
13ef13ef13ef13ef- -6.65944197169 0.538785400398 3.2016
13eh13eh -6.73128002507 1.72193637057 3.6915
13eh13eh- -6.99250931012 1.77418222757 4.0907
13eh13eh-13eh -6.45671716194 1.32383382472 3.5961
13eh13eh-13eh-13eh -6.09017982137 0.957296484142 3.0697
13eh13eh-13eh-13eh- -5.99439575019 0.840015419712 2.9505
13eh13eh-13eh13eh- -6.17916104659 1.07104006867 3.2652
13eh13eh-4eh13eh -6.42732886738 0.588038005182 3.1199
13eh13eh13eh -6.20174649519 1.14968096802 3.1910
13eh13eh13eh-13eh -6.12038445745 1.02287591924 3.1874
13eh13eh13eh-13eh- -6.06242420983 0.920289002094 3.0881
13eh13eh13eh13eh -5.93371436418 0.793211839475 2.8718
13eh13eh13eh13eh- -6.02949843536 0.906411196326 2.9872
13ei13ei -7.14979110882 1.51023180415 3.3629
13ei13ei- -7.3372775436 1.57064107631 4.1776
13ei13ei-13ei -6.80230173695 1.15811649702 3.7639
13ei13ei-13ei-13ei -6.45998252801 0.796477205538 3.1960
13ei13ei-13ei-13ei- -6.39984536968 0.684366304041 3.0921
13ei13ei-13ei13ei- -6.52801098765 0.929812986445 3.4438
13ei13ei-4ei13ei -6.70542921041 0.260957171203 3.1927
13ei13ei13ei -6.61726432671 0.95947339485 3.2482
13ei13ei13ei-13ei -6.49617366854 0.859335502251 3.3125
13ei13ei13ei-13ei- -6.46188732488 0.758925495813 3.2224
13ei13ei13ei13ei -6.35657926934 0.607902315399 3.0153
13ei13ei13ei13ei- -6.42270293212 0.7115776879 3.1182
13el13el -7.08666069827 1.68547311619 3.6259
13el13el- -7.25918087193 1.74479393301 4.0515
13el13el-13el -6.63005367712 1.16192609076 3.4591
13el13el-13el-13el -5.87330509202 0.284086847483 0.5136
13el13el-13el-13el- -5.78976614357 -0.0552391092327 0.4895
13el13el-13el13el- -6.38678390543 0.816341515755 3.0774
13el13el13el -6.49753423773 1.06967949948 3.5341
13el13el13el-13el -6.29943536324 0.925731278866 3.2430
13el13el13el-13el- -5.65452556579 0.457423362661 0.4963
13el13el13el13el -6.19439942155 0.698244109809 3.1538
13el13el13el13el- -6.25018275846 0.857430705381 3.2382
13fa13fa -6.95495760039 2.59134008484 4.9085
13fa13fa- -7.24557518 2.35568950063 4.8787
13fa13fa-13fa -6.52392928007 1.91622565131 4.1562
13fa13fa-13fa-13fa -6.30134016011 1.43431204318 3.6941
13fa13fa-13fa-13fa- -6.52447350775 1.14451080509 3.6593
13fa13fa-13fa13fa- -6.33916398367 1.41934578206 3.7368
13fa13fa-4fa13fa -6.38297431169 0.957840711819 3.5759
13fa13fa13fa -6.33208902387 1.90452475626 4.0863
13fa13fa13fa-13fa -6.18433120952 1.52302115456 3.7098
13fa13fa13fa-13fa- -6.40202228039 1.23403625798 3.6695
13fa13fa13fa13fa -6.00528030373 1.51186448718 3.6359
13fa13fa13fa13fa- -6.1799773881 1.34805195635 3.6270
13fd13fd -7.99769782985 0.943146564535 4.3343
13fd13fd- -8.37947354538 0.575248654769 4.3553
13fd13fd-13fd -7.80721814284 0.256875463624 3.7953
13fd13fd-13fd-13fd -7.61047983754 -0.196738305297 3.3285
13fd13fd-13fd-13fd- -7.76748952241 -0.442729215378 3.2624
13fd13fd-13fd13fd- -7.7152436654 -0.19619407762 3.4644
13fd13fd-4fd13fd -7.74898578138 -0.507220195122 3.4379
13fd13fd13fd -7.54898211002 0.191296028525 3.6641
13fd13fd13fd-13fd -7.57891463227 -0.22313334764 3.3980
13fd13fd13fd-13fd- -7.75116269209 -0.491165478646 3.3270
13fd13fd13fd13fd -7.35251591856 -0.282998392128 3.2894
13fd13fd13fd13fd- -7.53537641809 -0.486811657228 3.2908
13fe13fe -7.11877013122 1.71703832147 3.8879
13fe13fe- -7.49564779766 1.3836988692 4.0745
13fe13fe-13fe -6.81944490878 1.15974918005 3.7707
13fe13fe-13fe-13fe -6.53209269523 0.764095658746 3.2783
13fe13fe-13fe-13fe- -6.65944197169 0.538785400398 3.2016
13fe13fe-13fe13fe- -6.6580814025 0.76926582168 3.4355
13fe13fe-4fe13fe -6.71332051173 0.400823684236 3.3742
13fe13fe13fe -6.53508594746 1.1036937293 3.5992
13fe13fe13fe-13fe -6.49127561944 0.777701350676 3.3631
13fe13fe13fe-13fe- -6.63984977531 0.530894099079 3.2873
13fe13fe13fe13fe -6.2384818634 0.731714111955 3.2230
13fe13fe13fe13fe- -6.43331537182 0.552935320005 3.2429
13ff -8.28532215723 3.75299406176 5.8555
13ff13ff -6.85264279708 2.61610244416 4.8009
13ff13ff- -7.17237655742 2.37881917691 4.6891
13ff13ff-13ff -6.33998032519 2.0035741935 4.1198
13ff13ff-13ff-13ff -5.97208241542 1.54778351387 3.5724
13ff13ff-13ff-13ff- -6.1680043792 1.23730162405 3.4956
13ff13ff-13ff13ff- -6.17725624972 1.46261188239 3.6762
13ff13ff-4ff13ff -6.17535145285 1.16736836753 3.5120
13ff13ff13ff -6.25072698613 1.86778938805 3.9499
13ff13ff13ff-13ff -6.06868282812 1.50342895818 3.6194
13ff13ff13ff-13ff- -6.27222397938 1.19131438532 3.5426
13ff13ff13ff13ff -5.94677582843 1.43267936015 3.4828
13ff13ff13ff13ff- -6.1680043792 1.23730162405 3.4956
13fh13fh -6.39739634513 2.79896294368 4.5506
13fh13fh- -6.71849067466 2.69692025422 4.7841
13fh13fh-13fh -5.95521135743 2.25881697409 4.0354
13fh13fh-13fh-13fh -5.66432166398 1.6876500269 3.4076
13fh13fh-13fh-13fh- -5.84772639119 1.36247398979 3.2868
13fh13fh-13fh13fh- -5.74650004324 1.77254954454 3.5916
13fh13fh-4fh13fh -5.85208021261 1.32492228007 3.3743
13fh13fh13fh -5.74731638475 2.1453455034 3.7586
13fh13fh13fh-13fh -5.58921824453 1.82806076761 3.5142
13fh13fh13fh-13fh- -5.77915370387 1.5113202595 3.4043
13fh13fh13fh13fh -5.3992827852 1.76982840616 3.3087
13fh13fh13fh13fh- -5.59357206595 1.64819352031 3.3581
13fi13fi -6.69862636444 2.57719016524 4.6513
13fi13fi- -6.9797199597 2.49310698911 4.8231
13fi13fi-13fi -6.21562430096 2.09609289862 4.0886
13fi13fi-13fi-13fi -5.89861167901 1.58234197137 3.4784
13fi13fi-13fi-13fi- -6.0678664866 1.26859471548 3.3646
13fi13fi-13fi13fi- -6.00854566979 1.62724075474 3.6642
13fi13fi-4fi13fi -6.09643843966 1.18451153936 3.5285
13fi13fi13fi -6.04337624113 1.90071516252 3.8297
13fi13fi13fi-13fi -5.88174062101 1.65091465869 3.5860
13fi13fi13fi-13fi- -6.05562136387 1.34043276887 3.4768
13fi13fi13fi13fi -5.69833589381 1.51268082869 3.3824
13fi13fi13fi13fi- -5.88337330404 1.41091025306 3.4271
13fl13fl -6.59440676427 2.81365709097 4.8048
13fl13fl- -6.93073946876 2.62100049325 4.9018
13fl13fl-13fl -6.11385372533 2.09065062185 3.8885
13fl13fl-13fl13fl- -5.907047208 1.60737644452 3.4787
13fl13fl13fl -5.89289728839 2.18262509929 3.9514
13fl13fl13fl-13fl -5.72255402544 1.76084864948 3.5218
13fl13fl13fl13fl -5.51411482508 1.83050979216 3.4798
13fl13fl13fl13fl- -5.70922044735 1.69309230368 3.5066
13ha13ha -6.65998619937 2.68549147299 4.7312
13ha13ha- -6.71386473941 2.7080769216 4.7809
13ha13ha-13ha -6.15956885021 2.09826980933 4.0373
13ha13ha-13ha-13ha -5.84310045593 1.69989514964 3.5941
13ha13ha-13ha-13ha- -5.84963118806 1.63649262525 3.5778
13ha13ha-13ha13ha- -5.85752248938 1.76656304009 3.6488
13ha13ha-4ha13ha -6.16065730556 1.07811502847 3.4939
13ha13ha13ha -6.12364982351 1.99078484309 3.9774
13ha13ha13ha-13ha -5.85180809877 1.72492962279 3.6292
13ha13ha13ha-13ha- -5.85725037554 1.6615270984 3.6082
13ha13ha13ha13ha -5.8428283421 1.58914481734 3.5536
13ha13ha13ha13ha- -5.83847452068 1.64873774799 3.5707
13hd13hd -7.53646487345 0.984507868 3.8266
13hd13hd- -7.78653749111 0.994576080028 4.2633
13hd13hd-13hd -7.36203990291 0.468035802366 3.6144
13hd13hd-13hd-13hd -7.07931362463 0.0731986225793 3.1376
13hd13hd-13hd-13hd- -7.03604752429 0.0231296762797 3.0738
13hd13hd-13hd13hd- -7.15278436104 0.165173100021 3.2920
13hd13hd-4hd13hd -7.44693942055 -0.334427907621 3.3175
13hd13hd13hd -7.14706997043 0.279460912227 3.2794
13hd13hd13hd-13hd -7.11115094374 0.0206806517325 3.1859
13hd13hd13hd-13hd- -7.08666069827 -0.0331978883074 3.1447
13hd13hd13hd13hd -6.98053630122 -0.17306440134 2.9605
13hd13hd13hd13hd- -7.03006101984 -0.151567408092 3.0224
13he13he -6.73155213891 1.7222084844 3.6929
13he13he- -6.99250931012 1.77418222757 4.0908
13he13he-13he -6.45671716194 1.32383382472 3.5962
13he13he-13he-13he -6.09045193521 0.957296484142 3.0702
13he13he-13he-13he- -6.0297705492 0.906411196326 2.9879
13he13he-13he13he- -6.17916104659 1.07104006867 3.2653
13he13he-4he13he -6.47249976458 0.540690197268 3.2606
13he13he13he -6.20201860903 1.14995308186 3.1917
13he13he13he-13he -6.10432974098 0.970902176071 3.1397
13he13he13he-13he- -6.06269632367 0.920289002094 3.0887
13he13he13he13he -5.93425859186 0.793483953314 2.8726
13he13he13he13he- -5.99493997786 0.840015419712 2.9512
13hf13hf -6.63386327086 2.52820967429 4.4122
13hf13hf- -6.71821856082 2.69746448189 4.7851
13hf13hf-13hf -6.03494071214 2.16657038281 4.0151
13hf13hf-13hf-13hf -5.59819800121 1.76547458474 3.4399
13hf13hf-13hf-13hf- -5.59329995211 1.64846563415 3.3583
13hf13hf-13hf13hf- -5.7462279294 1.77254954454 3.5917
13hf13hf-4hf13hf -5.96337477259 1.24247178698 3.3960
13hf13hf13hf -6.0833769754 1.74424970533 3.6393
13hf13hf13hf-13hf -5.77915370387 1.6220705918 3.4752
13hf13hf13hf-13hf- -5.77915370387 1.51159237334 3.4045
13hf13hf13hf13hf -5.80745354308 1.28519365964 3.2024
13hf13hf13hf13hf- -5.84772639119 1.36301821747 3.2871
13hh -7.4874843825 3.84469642537 5.5265
13hh13hh -6.19412730771 2.65474260923 3.8749
13hh13hh- -6.29997959092 3.01366076233 4.7596
13hh13hh-13hh -5.67683890056 2.40385365006 3.9214
13hh13hh-13hh-13hh -5.2991448926 1.8618028836 3.1652
13hh13hh-13hh-13hh- -5.27792001319 1.71458929692 3.0155
13hh13hh-13hh13hh- -5.33968985455 2.06099021344 3.4994
13hh13hh-4hh13hh -5.65452556579 1.38587577991 3.2585
13hh13hh13hh -5.58023848786 1.97962817571 3.2758
13hh13hh13hh-13hh -5.31792074746 1.90670166696 3.2784
13hh13hh13hh-13hh- -5.30023334796 1.78152930122 3.1585
13hh13hh13hh13hh -5.25506245075 1.58615156511 2.9008
13hh13hh13hh13hh- -5.27792001319 1.71458929692 3.0154
13hi13hi -6.37780414875 2.54317593541 4.1719
13hi13hi- -6.4839285458 2.85148091453 4.7494
13hi13hi-13hi -5.87330509202 2.27269477986 3.9625
13hi13hi-13hi-13hi -5.49996490548 1.75867173877 3.3000
13hi13hi-13hi-13hi- -5.47547466001 1.5994851432 3.1658
13hi13hi-13hi13hi- -5.54377523349 1.95160045033 3.5564
13hi13hi-4hi13hi -5.8724887505 1.28573788731 3.4172
13hi13hi13hi -5.76799703648 1.86833361572 3.4551
13hi13hi13hi-13hi -5.52037344337 1.82316271852 3.3973
13hi13hi13hi-13hi- -5.50023701932 1.67921449791 3.2954
13hi13hi13hi13hi -5.4458142516 1.48165985109 3.0494
13hi13hi13hi13hi- -5.4719371801 1.62397538867 3.1591
13hl13hl -6.33535438993 2.82345318916 4.5072
13hl13hl- -6.46950651236 2.95923799461 4.8260
13hl13hl-13hl -5.84663793584 2.23731998085 3.8298
13hl13hl-13hl-13hl -5.70187337371 1.78806003334 3.5270
13hl13hl-13hl-13hl- -5.70432239826 1.80982914043 3.5970
13hl13hl-13hl13hl- -5.5064956376 1.891463292 3.4168
13hl13hl13hl -5.68336963268 2.18589046535 3.7332
13hl13hl13hl-13hl -5.4387392918 1.92112370041 3.4379
13hl13hl13hl-13hl- -5.4648622203 1.92520540799 3.4977
13hl13hl13hl13hl -5.32880530101 1.82697231226 3.2909
13hl13hl13hl13hl- -5.3527513188 1.92057947273 3.3656
13ia13ia -7.12720566022 2.48249454941 4.9320
13ia13ia- -7.15169590569 2.49963772124 4.9370
13ia13ia-13ia -6.57046074647 1.92683809102 4.1913
13ia13ia-13ia-13ia -6.25453657987 1.53091245588 3.7526
13ia13ia-13ia-13ia- -6.27630568696 1.44084277531 3.7307
13ia13ia-13ia13ia- -6.26868649948 1.62071002261 3.8115
13ia13ia-4ia13ia -6.50814667744 0.933078352508 3.6169
13ia13ia13ia -6.55930407909 1.79295808244 4.1476
13ia13ia13ia-13ia -6.26514901958 1.57635546692 3.7954
13ia13ia13ia-13ia- -6.28419698828 1.49091172161 3.7704
13ia13ia13ia13ia -6.27548934545 1.39295073972 3.7134
13ia13ia13ia13ia- -6.25671349058 1.47785025735 3.7351
13id13id -8.07661084304 0.788858018058 3.9839
13id13id- -8.25919922873 0.785864765833 4.4810
13id13id-13id -7.81266041961 0.300685791636 3.8468
13id13id-13id-13id -7.53075048284 -0.100682120276 3.3549
13id13id-13id-13id- -7.50435544049 -0.189663345494 3.2827
13id13id-13id13id- -7.59551357642 0.0157826026379 3.5274
13id13id-4id13id -7.78762594646 -0.572527516383 3.4120
13id13id13id -7.66408626374 0.105035941694 3.5215
13id13id13id-13id -7.58898284429 -0.114287812206 3.4323
13id13id13id-13id- -7.57945885994 -0.195649849943 3.3846
13id13id13id13id -7.49836893605 -0.342863436617 3.1878
13id13id13id13id- -7.53428796274 -0.285991644353 3.2586
13ie13ie -7.15006322266 1.51023180415 3.3616
13ie13ie- -7.3372775436 1.57064107631 4.1776
13ie13ie-13ie -6.80230173695 1.15784438318 3.7638
13ie13ie-13ie-13ie -6.45971041417 0.796477205538 3.1950
13ie13ie-13ie-13ie- -6.42270293212 0.7115776879 3.1173
13ie13ie-13ie13ie- -6.52801098765 0.929812986445 3.4437
13ie13ie-4ie13ie -6.74733474155 0.298508880928 3.3162
13ie13ie13ie -6.61726432671 0.95947339485 3.2467
13ie13ie13ie-13ie -6.48093529358 0.83266834607 3.2575
13ie13ie13ie-13ie- -6.46188732488 0.758925495813 3.2213
13ie13ie13ie13ie -6.3563071555 0.608174429237 3.0144
13ie13ie13ie13ie- -6.39984536968 0.684366304041 3.0911
13if13if -6.84039767435 2.39514600722 4.4838
13if13if- -6.9797199597 2.49310698911 4.8228
13if13if-13if -6.28637389899 2.00166939663 4.0654
13if13if-13if-13if -5.85969940009 1.57118530399 3.5160
13if13if-13if-13if- -5.88310119021 1.41091025306 3.4271
13if13if-13if13if- -6.00827355595 1.62724075474 3.6640
13if13if-4if13if -6.20990991035 1.18015771794 3.5374
13if13if13if -6.2765778008 1.65690116314 3.7116
13if13if13if-13if -6.01834176798 1.49363285999 3.5493
13if13if13if-13if- -6.05562136387 1.34016065503 3.4766
13if13if13if13if -5.99793323009 1.22532861515 3.2805
13if13if13if13if- -6.0678664866 1.26832260164 3.3645
13ih13ih -6.37807626259 2.54317593541 4.1723
13ih13ih- -6.4839285458 2.85093668685 4.7491
13ih13ih-13ih -5.87357720586 2.27242266602 3.9622
13ih13ih-13ih-13ih -5.49969279164 1.75839962494 3.2997
13ih13ih-13ih-13ih- -5.4719371801 1.62370327484 3.1589
13ih13ih-13ih13ih- -5.54377523349 1.95160045033 3.5562
13ih13ih-4ih13ih -5.88609444243 1.37063740495 3.4110
13ih13ih13ih -5.76826915032 1.86778938805 3.4551
13ih13ih13ih-13ih -5.51901287418 1.78533889496 3.4057
13ih13ih13ih-13ih- -5.50023701932 1.67894238407 3.2952
13ih13ih13ih13ih -5.4458142516 1.48111562342 3.0493
13ih13ih13ih13ih- -5.47547466001 1.59894091552 3.1656
13ii -8.25484540731 4.07136725291 6.8576
13ii13ii -6.63631229541 2.33065502748 3.9752
13ii13ii- -6.84066978819 2.64630708024 4.8519
13ii13ii-13ii -6.21535218712 2.09418810175 4.0637
13ii13ii-13ii-13ii -5.79221516812 1.59676400482 3.2856
13ii13ii-13ii-13ii- -5.73915296959 1.4541763534 3.1299
13ii13ii-13ii13ii- -5.88691078395 1.79676767618 3.6674
13ii13ii-4ii13ii -6.18024950194 1.17389909966 3.5479
13ii13ii13ii -6.0120831497 1.69717401125 3.3715
13ii13ii13ii-13ii -5.82758996713 1.65418002476 3.4203
13ii13ii13ii-13ii- -5.77806524851 1.53689896033 3.2921
13ii13ii13ii13ii -5.68799556794 1.32845975997 3.0065
13ii13ii13ii13ii- -5.73942508343 1.4541763534 3.1299
13il13il -6.66733327301 2.5720200023 4.6186
13il13il- -6.75577027055 2.74834976971 4.8820
13il13il-13il -6.06215209599 2.06479980718 3.7845
13il13il-13il-13il -5.88827135314 1.51567408092 1.8622
13il13il-13il-13il- -5.90378184194 1.2764860168 1.8262
13il13il-13il13il- -5.74214622182 1.72846710269 3.4050
13il13il13il -6.0001101408 1.91813044819 3.8051
13il13il13il-13il -5.68228117733 1.73935165623 3.4698
13il13il13il-13il- -5.69507052774 1.51893944698 1.8795
13il13il13il13il -5.64472946761 1.54615083084 3.3587
13il13il13il13il- -5.64663426448 1.67758181488 3.4405
13la13la -6.89482044206 2.3420838087 3.6483
13la13la- -6.98189687041 2.61174862274 4.9235
13la13la-13la -6.39440309291 1.72737864734 3.7290
13la13la-13la-13la -6.01289949121 1.37335854334 3.4063
13la13la-13la-13la- -5.89915590668 1.56084497812 3.5686
13la13la-13la13la- -5.98242274129 1.56002863661 3.4210
13la13la13la -6.25426446604 1.65526848011 3.3749
13la13la13la-13la -6.03575705365 1.37172586031 3.3269
13la13la13la-13la- -5.91385005397 1.55240944913 3.3894
13la13la13la13la -5.92228558296 1.25471690972 3.0833
13la13la13la13la- -5.88935980849 1.44764562127 3.1802
13ld13ld- -8.08368580284 0.979609818906 4.4794
13ld13ld-13ld -7.61211252057 0.117008950592 3.2894
13ld13ld-13ld-13ld -7.31714111955 -0.163812530828 3.1006
13ld13ld-13ld-13ld- -7.21237729169 0.0141499196064 3.2942
13ld13ld-13ld13ld- -7.28067786518 -0.00952398435047 3.0432
13ld13ld13ld -6.07031551115 -0.443273443055 -0.5491
13ld13ld13ld-13ld -6.37290609966 -0.456607021145 0.5117
13ld13ld13ld13ld -6.40474341877 -1.12736763326 0.4432
13le13le -5.79575264802 0.614160933686 0.4803
13le13le- -7.25918087193 1.74452181917 4.0515
13le13le-13le -6.76964807632 0.888995910657 3.3244
13le13le-13le-13le -6.36800805056 0.666678904533 3.0802
13le13le-13le-13le- -6.25018275846 0.857430705381 3.2382
13le13le-13le13le- -6.38705601927 0.816341515755 3.0774
13le13le13le -5.92473460751 -0.0506131739768 0.4694
13le13le13le-13le -5.70214548755 0.326264492463 0.4891
13le13le13le-13le- -5.65425345196 0.457151248823 0.4960
13le13le13le13le -5.96827282168 -0.493070275516 0.4563
13le13le13le13le- -5.78949402973 -0.0555112230713 0.4893
13lf13lf- -6.93073946876 2.62100049325 4.9017
13lf13lf-13lf -6.28827869586 1.86071442824 3.6723
13lf13lf-13lf-13lf -5.81316793369 1.58805636198 3.4289
13lf13lf-13lf-13lf- -5.70894833351 1.69309230368 3.5066
13lf13lf-13lf13lf- -5.907047208 1.60737644452 3.4786
13lh13lh- -6.46977862619 2.95896588077 4.8257
13lh13lh-13lh -5.93997298247 2.08520834508 3.7626
13lh13lh-13lh-13lh -5.49887645012 1.78044084586 3.3200
13lh13lh-13lh-13lh- -5.35247920497 1.92057947273 3.3654
13lh13lh-13lh13lh- -5.50622352377 1.89119117817 3.4165
13li13li -6.16909283456 1.8843883322 1.8949
13li13li- -6.75577027055 2.74862188355 4.8823
13li13li-13li -6.1644668993 1.88547678755 3.7140
13li13li-13li-13li -5.7652758981 1.56030075045 3.3532
13li13li-13li-13li- -5.64690637831 1.67758181488 3.4408
13li13li-13li13li- -5.74241833566 1.72873921653 3.4056
13li13li13li -6.17888893275 1.33254146755 1.8322
13li13li13li-13li -5.80772565692 1.37635179556 1.8872
13li13li13li-13li- -5.70459451209 1.51866733314 1.8904
13li13li13li13li -6.23276747279 0.985868437193 1.8203
13li13li13li13li- -5.91847598922 1.27675813064 1.8369
13ll -8.11579523579 3.90075187611 6.1788
13ll13ll -6.95087589281 2.48276666325 3.9929
13ll13ll- -6.64855741815 2.92984970004 4.9341
13ll13ll-13ll -6.09344518743 1.90017093484 3.6537
13ll13ll-13ll-13ll -6.00528030373 1.52111635769 3.4004
13ll13ll-13ll-13ll- -5.88663867011 1.7545900312 3.5053
13ll13ll-13ll13ll- -5.61398060385 1.74071222543 3.2985
13ll13ll13ll -6.42705675354 1.84384337025 3.7664
13ll13ll13ll-13ll -5.79112671276 1.60111782623 3.3679
13ll13ll13ll-13ll- -5.76554801194 1.80003304224 3.5260
13ll13ll13ll13ll -6.16528324082 1.47812237119 3.4617
13ll13ll13ll13ll- -5.88663867011 1.7545900312 3.5054
3 -10.399646683 3.13638410353 2.3674
33 -9.24942148734 0.777973464514 1.8857
333 -8.63607689517 -0.566268898095 2.3145
3333 -8.2420560569 -1.39703244729 2.0393
4dd -10.5993782406 -0.702597931226 4.7929
4dd4dd -10.1060358512 -1.60955335523 3.8704
4dd4dd4dd -9.63636736581 -2.16874729352 3.5132
4dd4dd4dd4dd -9.38085247138 -2.49800503821 3.1881
4dh -8.9881922023 1.20546430493 4.9898
4dh4dh -8.71498990836 0.0527900846855 4.3303
4dh4dh- -6.26678170261 -0.00707495980321 0.9297
4dh4dh-4dh -5.86459744918 -0.463954094787 0.9086
4dh4dh-4dh-4dh -6.18977348629 -0.900152578039 0.8864
4dh4dh-4dh-4dh- -6.24637316472 -0.756204357427 0.9412
4dh4dh-4dh4dh -5.86595801837 -0.782871513609 0.9040
4dh4dh-4dh4dh- -5.73561548969 -0.702870045065 0.8752
4dh4dh4dh -8.43525688229 -0.469940599236 3.9058
4dh4dh4dh-4dh -5.93126533964 -0.907499651681 0.8840
4dh4dh4dh-4dh- -6.36365422915 -0.908043879358 0.9028
4dh4dh4dh4dh -8.23933491851 -0.775252326128 3.6362
4dh4dh4dh4dh- -6.43005000576 -0.939881198472 0.8833
4hd -8.98302203937 1.23294780263 5.0333
4hd4hd -8.69022754905 0.106668624725 4.2081
4hd4hd- -6.66434002078 -0.0862600868314 0.6552
4hd4hd-4hd -6.3075987784 -0.577425565477 0.5987
4hd4hd-4hd-4hd -6.58433855224 -0.867498917409 0.6456
4hd4hd-4hd-4hd- -6.88747336842 -0.911309245421 0.6550
4hd4hd-4hd4hd -6.39385886523 -0.967092582331 0.5977
4hd4hd-4hd4hd- -6.13861608464 -0.851716314771 0.5489
4hd4hd4hd -8.38682061903 -0.407898644039 3.9065
4hd4hd4hd-4hd -6.24474048169 -0.791851270282 0.5995
4hd4hd4hd-4hd- -6.72039547153 -0.838654850519 0.6543
4hd4hd4hd4hd -8.17620450796 -0.708584435675 3.6312
4hd4hd4hd4hd- -6.52773887381 -0.695795085262 0.6530
4hh -7.37455713949 2.44412649817 4.5572
4hh4hh -6.90107906035 1.31648675107 3.8229
4hh4hh4hh -6.60066538255 0.772259073904 3.4163
4hh4hh4hh4hh -6.40501553261 0.465586777819 3.1639
6aa -10.2910732614 1.73200458259 4.7085
6aa6aa -9.00968919555 0.321638557207 4.4230
6aa6aa- -9.03363521334 0.312658800534 4.5841
6aa6aa-4aa6aa -7.96232303083 -0.563819873548 3.5412
6aa6aa-6aa -8.45811444473 -0.357285470062 3.9420
6aa6aa-6aa-6aa -8.12504710631 -0.715659395478 3.5310
6aa6aa-6aa-6aa- -8.11497889428 -0.71348248477 3.5269
6aa6aa-6aa6aa- -8.14708832723 -0.718924761541 3.5417
6aa6aa6aa -8.41539257208 -0.34422400581 3.9293
6aa6aa6aa-6aa -8.12423076479 -0.709945004868 3.5334
6aa6aa6aa-6aa- -8.11361832509 -0.708312321837 3.5285
6aa6aa6aa6aa -8.091849218 -0.702597931226 3.5189
6aa6aa6aa6aa- -8.10164531619 -0.704774841935 3.5229
6ad6ad -9.8309287604 -0.797021433215 4.0719
6ad6ad- -9.77568965116 -0.824232817074 3.2012
6ad6ad-4ad6ad -8.85812178745 -1.61200237978 3.0620
6ad6ad-6ad -9.28207514797 -1.37825659243 3.1358
6ad6ad-6ad-6ad -9.04914570214 -1.73826320088 3.1101
6ad6ad-6ad-6ad- -9.06520041862 -1.73581417633 3.2540
6ad6ad-6ad6ad- -8.99962098352 -1.71050758934 3.1102
6ad6ad6ad -9.37595442228 -1.42778131106 3.8648
6ad6ad6ad-6ad -9.05921391417 -1.7687399508 3.0927
6ad6ad6ad-6ad- -9.08071090742 -1.76955629232 3.1578
6ad6ad6ad6ad -9.12098375553 -1.79186962708 3.4891
6ad6ad6ad6ad- -9.10628960824 -1.7962234485 3.1015
6ae6ae -8.82846137905 -0.00707495980321 3.4229
6ae6ae- -8.74465031676 0.00380959374019 2.7297
6ae6ae-4ae6ae -7.85755920298 -0.675386547368 2.6708
6ae6ae-6ae -8.26654630237 -0.472389623783 2.7351
6ae6ae-6ae-6ae -8.00939872491 -0.792395497959 2.7283
6ae6ae-6ae-6ae- -8.03715433644 -0.801103140794 2.7788
6ae6ae-6ae6ae- -7.95579229871 -0.755932243589 2.7390
6ae6ae6ae -8.37892931771 -0.565180442741 3.3840
6ae6ae6ae-6ae -8.01701791239 -0.832940459908 2.7270
6ae6ae6ae-6ae- -8.04749466231 -0.84028753355 2.7646
6ae6ae6ae6ae -8.09783572245 -0.877022901759 3.3563
6ae6ae6ae6ae- -8.06844742788 -0.86722680357 2.7277
6af6af -8.70900340391 0.163268303151 4.2580
6af6af- -8.89050333425 0.147757814352 4.3576
6af6af-4af6af -7.71361098237 -0.581235159217 3.4236
6af6af-6af -8.29484614158 -0.433749458704 3.7638
6af6af-6af-6af -7.85184481237 -0.730081428923 3.3818
6af6af-6af-6af- -7.86109668288 -0.763279317231 3.3817
6af6af-6af6af- -8.05701864666 -0.808178100597 3.4053
6af6af6af -8.28124044965 -0.563003532032 3.6184
6af6af6af-6af -8.06300515111 -0.887907455303 3.3427
6af6af6af-6af- -8.07851563991 -0.920561115933 3.3378
6af6af6af6af -8.04395718241 -0.968725265362 3.2578
6af6af6af6af- -8.1108971867 -0.984779981839 3.2849
6ah6ah -8.14463930268 0.542050766461 4.1810
6ah6ah- -8.42382810107 0.525451822307 4.3531
6ah6ah-4ah6ah -7.52966202748 -0.263678309589 3.4655
6ah6ah-6ah -8.00123530975 -0.0963282988591 3.7955
6ah6ah-6ah-6ah -7.62680666786 -0.431844661834 3.3922
6ah6ah-6ah-6ah- -7.5410908087 -0.445722467602 3.3548
6ah6ah-6ah6ah- -7.73891756935 -0.438103280122 3.4593
6ah6ah6ah -7.70816870559 -0.0647630935832 3.6312
6ah6ah6ah-6ah -7.61701056967 -0.393476610594 3.4000
6ah6ah6ah-6ah- -7.5530638176 -0.404905391814 3.3669
6ah6ah6ah6ah -7.43986446075 -0.402728481106 3.3042
6ah6ah6ah6ah- -7.50898137575 -0.388306447661 3.3350
6ai6ai -8.66764210045 0.513750927248 4.2792
6ai6ai- -8.71771104674 0.547220929394 3.9870
6ai6ai-4ai6ai -7.6877601677 -0.231296762797 3.6029
6ai6ai-6ai -8.14980946562 -0.0440824418508 3.7225
6ai6ai-6ai-6ai -7.81837481022 -0.385041081598 3.5658
6ai6ai-6ai-6ai- -7.81701424103 -0.404633277976 3.5796
6ai6ai-6ai6ai- -7.82327285932 -0.363816202188 3.5773
6ai6ai6ai -8.12042117105 -0.0925187051189 3.9319
6ai6ai6ai-6ai -7.81619789951 -0.381503601696 3.5599
6ai6ai6ai-6ai- -7.81456521648 -0.40000734272 3.5440
6ai6ai6ai6ai -7.80803448436 -0.424497588192 3.5702
6ai6ai6ai6ai- -7.80912293971 -0.404089050299 3.5550
6al6al -8.33947281111 0.504226942898 4.3795
6al6al- -8.42355598723 0.542867107977 4.4115
6al6al6al -7.73918968319 -0.0696611426777 3.7110
6al6al6al6al -7.37918307475 -0.389122789176 3.3235
6al6al6al6al- -7.38244844081 -0.343407664294 3.3355
6da6da -9.71582460667 -0.677291344238 3.3087
6da6da- -9.71011021606 -0.860151843767 3.5473
6da6da-4da6da -8.89322447263 -1.6114581521 3.3849
6da6da-6da -9.26248295159 -1.36356244515 3.5068
6da6da-6da-6da -9.02819293657 -1.73091612724 3.3474
6da6da-6da-6da- -9.08071090742 -1.78207352889 3.2066
6da6da-6da6da- -9.01295456161 -1.66969051356 3.5038
6da6da6da -9.2575849025 -1.3611134206 3.1984
6da6da6da-6da -8.95254528944 -1.64792140647 3.3470
6da6da6da-6da- -9.03363521334 -1.74343336381 3.3080
6da6da6da6da -9.00179789423 -1.73526994866 3.1406
6da6da6da6da- -8.95118472025 -1.69200384832 3.2089
6dd -10.9343503759 -0.992943396996 4.3824
6dd6dd -10.4102591227 -1.85581637915 3.2437
6dd6dd6dd -10.0886205655 -2.44249381514 3.1043
6dd6dd6dd6dd -9.89814087853 -2.80277253742 3.0389
6de6de -9.42003686413 -1.08355730525 3.2343
6de6de6de -9.10302424218 -1.59295441108 3.0935
6de6de6de6de -8.89240813112 -1.89962670716 3.0193
6df6df -9.35745068126 -0.745591917723 3.2952
6df6df- -8.19225922444 -0.776340781483 0.3321
6df6df-4df6df -5.92555094903 -1.01824998398 0.4867
6df6df-6df -6.12854787261 -0.69035280849 0.1472
6df6df-6df-6df -6.06868282812 -1.03757006652 0.1327
6df6df-6df-6df- -8.38654850519 -1.58179774369 0.4594
6df6df-6df6df- -6.23113478976 -1.15321844792 0.1567
6df6df6df -9.06111871104 -1.50261261667 3.2036
6df6df6df-6df -6.31984390113 -1.27430910609 0.2420
6df6df6df-6df- -8.62464811395 -1.8569048345 0.3739
6df6df6df6df -8.89458504183 -1.92765443254 3.1498
6df6df6df6df- -8.63961437507 -1.96602248378 0.1217
6dh6dh -8.82111430541 -0.36925847896 3.3227
6dh6dh- -6.85618027699 -0.351298965613 0.6824
6dh6dh-4dh6dh -6.63876131996 -1.27784658599 0.5849
6dh6dh-6dh -6.43222691647 -0.89416607359 0.4443
6dh6dh-6dh-6dh -6.66080254088 -1.36329033131 0.6577
6dh6dh-6dh-6dh- -7.04094557338 -1.33961642735 0.6832
6dh6dh-6dh6dh- -6.30705455072 -1.17607601036 0.2385
6dh6dh6dh -8.51416989548 -0.995664535382 3.2603
6dh6dh6dh-6dh -6.44828163295 -1.30315317298 0.4259
6dh6dh6dh-6dh- -6.9881554887 -1.41335927761 0.6763
6dh6dh6dh6dh -8.3217854116 -1.34614715948 3.2261
6dh6dh6dh6dh- -6.85264279708 -1.37172586031 0.6668
6di6di -9.3337767773 -0.462321411756 3.2702
6di6di- -7.83388529902 -0.392388155239 0.5731
6di6di-4di6di -7.62544609866 -1.20546430493 0.4326
6di6di-6di -7.48857283786 -0.926275506543 0.5557
6di6di-6di-6di -7.65918821465 -1.3159425234 0.5614
6di6di-6di-6di- -7.88422635916 -1.346963501 0.6007
6di6di-6di6di- -7.34489673108 -1.25308422668 0.5505
6di6di6di -8.92288488104 -1.07376120706 3.1949
6di6di6di-6di -7.47904885351 -1.33417415058 0.5509
6di6di6di-6di- -7.85755920298 -1.37553545405 0.5909
6di6di6di6di -8.68015933702 -1.41716887135 3.1468
6di6di6di6di- -7.81102773658 -1.38886903214 0.5657
6dl6dl -9.02846505041 -0.425586043547 3.3434
6dl6dl- -5.80935833995 0.404089050299 0.3721
6dl6dl6dl -8.57648396452 -1.0239643746 3.2484
6dl6dl6dl6dl -8.29430191391 -1.35376634696 3.2235
6dl6dl6dl6dl- -5.80473240469 -0.746952486916 0.6806
6ea6ea -8.65539697771 0.105580169371 2.6751
6ea6ea- -8.68124779237 -0.0214969932482 2.9619
6ea6ea-4ea6ea -7.84014391731 -0.665862563017 2.7987
6ea6ea-6ea -8.20613703021 -0.441096532346 2.9265
6ea6ea-6ea-6ea -7.93756067152 -0.782871513609 2.7567
6ea6ea-6ea-6ea- -8.00939872491 -0.865049892861 2.5890
6ea6ea-6ea6ea- -7.91769636131 -0.696611426777 2.9270
6ea6ea6ea -8.20450434717 -0.497696210772 2.5830
6ea6ea6ea-6ea -7.85511017843 -0.68654321475 2.7686
6ea6ea6ea-6ea- -7.953615388 -0.824504930912 2.6747
6ea6ea6ea6ea -7.93783278536 -0.825865500105 2.5525
6ea6ea6ea6ea- -7.86218513823 -0.748585169947 2.6545
6ed6ed -9.36370929955 -1.11648307971 2.5501
6ed6ed6ed -9.05268318204 -1.59540343562 2.4489
6ed6ed6ed6ed -8.85866601513 -1.90316418706 2.4030
6ee -9.03281887183 0.169799035277 4.0472
6ee6ee -8.445869322 -0.385041081598 2.6172
6ee6ee6ee -8.10572702377 -0.793483953314 2.5209
6ee6ee6ee6ee -7.88613115603 -1.05199209997 2.4731
6ef6ef -8.27443760369 0.020952765571 2.7229
6ef6ef- -7.16829484984 -0.0152383749608 0.3442
6ef6ef-4ef6ef -4.99737064561 -0.238915950278 0.2096
6ef6ef-6ef -5.26785180117 -0.0628582967131 0.3317
6ef6ef-6ef-6ef -5.13778138632 -0.247079365435 0.3331
6ef6ef-6ef-6ef- -7.31686900571 -0.7461361454 0.3910
6ef6ef-6ef6ef- -5.24036830347 -0.285175302837 0.3087
6ef6ef6ef -7.95116636345 -0.668855815242 2.6325
6ef6ef6ef-6ef -5.41697018471 -0.409803440909 0.3024
6ef6ef6ef-6ef- -7.4112925077 -0.980426160421 0.3014
6ef6ef6ef6ef -7.76612895321 -1.05280844149 2.6119
6ef6ef6ef6ef- -7.46816429996 -1.05199209997 0.2029
6eh6eh -7.78517692191 0.376605552602 2.7566
6eh6eh- -5.89888379284 0.351571079452 0.5362
6eh6eh-4eh6eh -5.70894833351 -0.479192469748 0.3290
6eh6eh-6eh -5.50622352377 -0.202724809746 0.2170
6eh6eh-6eh-6eh -5.72935687141 -0.562731418194 0.5171
6eh6eh-6eh-6eh- -6.06732225893 -0.559466052131 0.5320
6eh6eh-6eh6eh- -5.41887498158 -0.500961576835 0.2032
6eh6eh6eh -7.43605486701 -0.195377736104 2.7079
6eh6eh6eh-6eh -5.49615531174 -0.520009545536 0.1908
6eh6eh6eh-6eh- -5.97099396007 -0.588038005182 0.5373
6eh6eh6eh6eh -7.21999647917 -0.512118244217 2.6978
6eh6eh6eh6eh- -5.81752175511 -0.523819139276 0.5343
6ei6ei -8.27743085591 0.303679043861 2.6784
6ei6ei- -6.48719391186 0.407082302523 0.4353
6ei6ei-4ei6ei -6.29834690789 -0.352659534806 0.1152
6ei6ei-6ei -5.86105996928 -0.157009684863 0.4424
6ei6ei-6ei-6ei -6.31929967346 -0.454702224275 0.4322
6ei6ei-6ei-6ei- -6.61916912358 -0.506131739768 0.4316
6ei6ei-6ei6ei- -5.61642962839 -0.485723201874 0.4416
6ei6ei6ei -7.86599473197 -0.248984162305 2.6156
6ei6ei6ei-6ei -5.82704573946 -0.500689462996 0.4523
6ei6ei6ei-6ei- -6.52447350775 -0.515111496441 0.4550
6ei6ei6ei6ei -7.61537788664 -0.55375166152 2.5955
6ei6ei6ei6ei- -6.39358675139 -0.510485561185 0.4595
6el6el -7.98790173166 0.323271240239 2.7367
6el6el- -5.07465097577 0.983419412646 0.6699
6el6el6el -7.5234034092 -0.220140095415 2.6853
6el6el6el6el -7.22815989433 -0.51728840715 2.6581
6el6el6el6el- -4.93315177971 0.0163268303151 0.8642
6fa6fa -8.57376282613 0.222861233801 4.1162
6fa6fa- -8.43852224836 0.536608489689 4.4160
6fa6fa-4fa6fa -7.75388383048 -0.520553773213 3.4527
6fa6fa-6fa -8.23743012164 -0.384768967759 3.7443
6fa6fa-6fa-6fa -7.85238904004 -0.698244109809 3.3796
6fa6fa-6fa-6fa- -7.53673698729 -0.391299699885 3.3737
6fa6fa-6fa6fa- -7.77810196211 -0.537152717367 3.3701
6fa6fa6fa -8.16069401916 -0.460144501047 3.4964
6fa6fa6fa-6fa -7.87715139936 -0.708856549514 3.3115
6fa6fa6fa-6fa- -7.57483292469 -0.422048563645 3.3050
6fa6fa6fa6fa -7.93892124071 -0.836205825971 3.1517
6fa6fa6fa6fa- -7.69537935518 -0.564908328902 3.1947
6fd6fd -9.3302392974 -0.732258339632 4.0595
6fd6fd- -5.90133281739 0.255242780593 0.4676
6fd6fd-4fd6fd -5.97725257836 -0.883009406208 0.3943
6fd6fd-6fd -6.07739047096 -0.673481750498 0.1509
6fd6fd-6fd-6fd -6.04854640407 -0.994031852351 0.0763
6fd6fd-6fd-6fd- -6.04337624113 -0.876750787921 0.3834
6fd6fd-6fd6fd- -5.62459304355 -0.654433781797 0.3882
6fd6fd6fd -9.07662919984 -1.41662464367 3.5464
6fd6fd6fd-6fd -5.81724964127 -1.25798227578 0.0977
6fd6fd6fd-6fd- -5.7568403691 -1.18750479158 0.3694
6fd6fd6fd6fd -8.93404154842 -1.80928491275 3.2632
6fd6fd6fd6fd- -5.56200686068 -1.40737277316 0.4560
6fe6fe -8.26436939166 0.0296604084058 3.5390
6fe6fe- -5.10159024579 0.535247920497 0.4037
6fe6fe-4fe6fe -5.07220195122 -0.10775708008 0.3787
6fe6fe-6fe -5.23927984811 0.0726543949022 0.2302
6fe6fe-6fe-6fe -5.13669293097 -0.210343997226 0.0893
6fe6fe-6fe-6fe- -5.11546805156 -0.0748313056109 0.3640
6fe6fe-6fe6fe- -4.65423509516 0.0938792743118 0.2638
6fe6fe6fe -7.97837774731 -0.589670688214 3.4408
6fe6fe6fe-6fe -4.9796832461 -0.40572173333 0.2763
6fe6fe6fe-6fe- -4.8773684428 -0.317012621951 0.3578
6fe6fe6fe6fe -7.81075562274 -0.937160060086 3.1588
6fe6fe6fe6fe- -4.74484900341 -0.549397840103 0.3784
6ff -8.83254308663 1.61064181058 4.9764
6ff6ff -8.10191743003 -0.049796832461 3.6436
6ff6ff- -7.25645973354 0.316196280436 3.1097
6ff6ff-4ff6ff -6.74434148933 -0.552935320005 2.5271
6ff6ff-6ff -7.00121695295 -0.572527516383 2.4867
6ff6ff-6ff-6ff -6.82379873019 -0.691713377683 2.4610
6ff6ff-6ff-6ff- -6.82842466545 -0.431844661834 2.6876
6ff6ff-6ff6ff- -6.3527696756 -0.718924761541 1.9867
6ff6ff6ff -7.77320391302 -0.853621111641 3.0248
6ff6ff6ff-6ff -6.91931068754 -1.02233169156 2.2429
6ff6ff6ff-6ff- -6.87849361175 -0.728176632053 2.4583
6ff6ff6ff6ff -7.59442512107 -1.31675886491 2.6702
6ff6ff6ff6ff- -7.04285037025 -0.983419412646 2.4253
6fh6fh -7.4959199115 0.30776075144 3.4989
6fh6fh- -6.35249756176 0.500961576835 2.0207
6fh6fh-4fh6fh -6.20882145499 -0.387762219983 1.8918
6fh6fh-6fh -6.42787309505 -0.358373925416 1.8339
6fh6fh-6fh-6fh -6.27222397938 -0.570894833351 1.8473
6fh6fh-6fh-6fh- -6.15820828102 -0.31537993892 1.8816
6fh6fh-6fh6fh- -6.1263709619 -0.510757675024 1.7100
6fh6fh6fh -7.1383623276 -0.379870918665 2.9625
6fh6fh6fh-6fh -6.22841365137 -0.64028386219 1.6793
6fh6fh6fh-6fh- -6.05698193306 -0.376605552602 1.7380
6fh6fh6fh6fh -6.92801833037 -0.779061919869 2.6436
6fh6fh6fh6fh- -6.1002480334 -0.51347881341 1.7593
6fi6fi -8.09674726709 0.362727746834 3.9250
6fi6fi- -4.97151983095 0.514295154925 0.8656
6fi6fi-4fi6fi -4.86621177541 -0.283814733644 0.7813
6fi6fi-6fi -5.09206626144 -0.25007261766 0.7806
6fi6fi-6fi-6fi -4.94458056093 -0.445178239925 0.7672
6fi6fi-6fi-6fi- -4.82294567508 -0.215786273998 0.7815
6fi6fi-6fi6fi- -4.84716380671 -0.394837179787 0.6817
6fi6fi6fi -7.70218220115 -0.29225026264 3.3675
6fi6fi6fi-6fi -4.9775063354 -0.527084505339 0.5391
6fi6fi6fi-6fi- -4.78675453455 -0.306400182247 0.5273
6fi6fi6fi6fi -7.47986519502 -0.663957766147 3.0455
6fi6fi6fi6fi- -4.82376201659 -0.442729215378 0.4848
6fl6fl -7.76150301796 0.337149046007 3.7153
6fl6fl- -7.57156755863 0.494975072386 3.2182
6fl6fl6fl -7.31768534723 -0.277284001518 3.1423
6fl6fl6fl6fl -7.05509549299 -0.628038739454 2.8003
6fl6fl6fl6fl- -6.78978450037 -0.424225474354 2.6915
6ha6ha -7.97293547054 0.610079226107 3.9820
6ha6ha- -8.3528063892 0.602732152466 4.3573
6ha6ha-4ha6ha -7.45891242945 -0.180139361143 3.3872
6ha6ha-6ha -7.91034928766 -0.0136056919292 3.7726
6ha6ha-6ha-6ha -7.54490040244 -0.350482624097 3.2994
6ha6ha-6ha-6ha- -7.40857136931 -0.30776075144 3.1924
6ha6ha-6ha6ha- -7.64585463656 -0.351026851775 3.4270
6ha6ha6ha -7.54680519931 0.02884406689 3.4349
6ha6ha6ha-6ha -7.53700910112 -0.345584575003 3.3358
6ha6ha6ha-6ha- -7.45864031561 -0.334155793782 3.2482
6ha6ha6ha6ha -7.30680079368 -0.288168555061 3.1276
6ha6ha6ha6ha- -7.41401364608 -0.332250996912 3.2099
6hd6hd -8.80397113358 -0.329801972365 3.9728
6hd6hd- -6.80611133069 -0.392116041401 0.6776
6hd6hd-4hd6hd -6.60529131781 -1.20328739422 0.5673
6hd6hd-6hd -6.46814594316 -0.965187785461 0.5728
6hd6hd-6hd-6hd -6.62542774187 -1.36873260808 0.6741
6hd6hd-6hd-6hd- -7.10897403303 -1.37716813708 0.6804
6hd6hd-6hd6hd- -6.3337217069 -1.27077162619 0.4470
6hd6hd6hd -8.54927258066 -0.891989162881 3.5298
6hd6hd6hd-6hd -6.31249682749 -1.33281358139 0.6184
6hd6hd6hd-6hd- -6.85237068325 -1.37553545405 0.6851
6hd6hd6hd6hd -8.4064128154 -1.21009024019 3.2816
6hd6hd6hd6hd- -6.59576733346 -1.21988633838 0.6908
6he6he -7.8118440781 0.40381693646 3.5860
6he6he- -5.84854273271 0.322727012562 0.5261
6he6he-4he6he -5.64799483367 -0.39429295211 0.4696
6he6he-6he -5.49044092113 -0.247351479274 0.3845
6he6he-6he-6he -5.68200906349 -0.54994206778 0.5567
6he6he-6he-6he- -6.0656895759 -0.51728840715 0.5970
6he6he-6he6he- -5.39193571156 -0.563003532032 0.2739
6he6he6he -7.50843714807 -0.101226347954 3.4264
6he6he6he-6he -5.31057367382 -0.545044018686 0.4314
6he6he6he-6he- -5.81724964127 -0.54994206778 0.6061
6he6he6he6he -7.32965835612 -0.379054577149 3.1735
6he6he6he6he- -5.59139515524 -0.429123523448 0.5676
6hf6hf -7.50462755433 0.320277988014 3.4831
6hf6hf- -7.31142672894 0.320005874176 3.0221
6hf6hf-4hf6hf -5.73888085576 -0.37878246331 1.4889
6hf6hf-6hf -6.399301142 -0.322454898723 1.7395
6hf6hf-6hf-6hf -6.21752909783 -0.495791413902 1.7781
6hf6hf-6hf-6hf- -6.72420506527 -0.431300434157 2.5605
6hf6hf-6hf6hf- -6.34134089438 -0.628310853293 1.7136
6hf6hf6hf -7.13645753073 -0.391027586047 2.9133
6hf6hf6hf-6hf -6.44120667314 -0.752666877526 1.6493
6hf6hf6hf-6hf- -6.83658808061 -0.665862563017 2.4427
6hf6hf6hf6hf -6.92556930582 -0.802191596148 2.5837
6hf6hf6hf6hf- -6.88230320549 -0.798382002408 2.4418
6hh -7.75714919654 1.90370841474 4.3878
6hh6hh -6.99904004224 0.695522971423 3.4036
6hh6hh6hh -6.61780855439 0.103675372501 2.9068
6hh6hh6hh6hh -6.39004927149 -0.235106356537 2.6062
6hi6hi -7.55007056538 0.747768828431 3.8075
6hi6hi- -4.48361971836 1.08165250838 0.2829
6hi6hi-4hi6hi -3.80578414645 0.552118978489 0.0682
6hi6hi-6hi -3.47543794641 0.689264353136 0.1737
6hi6hi-6hi-6hi -4.07163936675 0.406538074846 0.0762
6hi6hi-6hi-6hi- -4.71981453026 0.180411474982 0.2718
6hi6hi-6hi6hi- -3.21148752298 0.52109800089 0.0477
6hi6hi6hi -7.1418998075 0.189935459332 3.3039
6hi6hi6hi-6hi -3.41448444656 0.355380673192 0.2333
6hi6hi6hi-6hi- -4.61423436088 0.138778057678 0.1350
6hi6hi6hi6hi -6.90597710945 -0.120546430493 3.0100
6hi6hi6hi6hi- -4.45395930996 0.145308789804 0.0968
6hl6hl -7.25455493667 0.743687120853 3.6351
6hl6hl- -6.21888966702 0.586133208312 2.0193
6hl6hl6hl -6.80094116775 0.223405461478 3.1134
6hl6hl6hl6hl -6.52855521533 -0.0663957766147 2.7994
6hl6hl6hl6hl- -5.89752322365 -0.116736836753 1.7587
6ia6ia -8.60260689302 0.498240438449 3.7770
6ia6ia- -8.6567575469 0.592119712761 4.3802
6ia6ia-4ia6ia -7.66000455617 -0.222044892285 3.5647
6ia6ia-6ia -8.08531848587 0.00979609818906 3.9430
6ia6ia-6ia-6ia -7.7949730201 -0.380143032503 3.5071
6ia6ia-6ia-6ia- -7.83361318518 -0.460688728724 3.4086
6ia6ia-6ia6ia- -7.76123090412 -0.302862702345 3.5875
6ia6ia6ia -8.08803962426 -0.132247325552 3.5361
6ia6ia6ia-6ia -7.75034635058 -0.331162541558 3.5299
6ia6ia6ia-6ia- -7.81919115174 -0.43456580022 3.4803
6ia6ia6ia6ia -7.80095952455 -0.477287672878 3.3368
6ia6ia6ia6ia- -7.76340781483 -0.398374659688 3.4104
6id6id -9.39717930169 -0.582323614572 3.7778
6id6id- -7.77782984827 -0.400551570397 0.4428
6id6id-4id6id -7.58925495813 -1.21988633838 0.2477
6id6id-6id -7.51578422172 -0.971990631425 0.4337
6id6id-6id-6id -7.57973097378 -1.37009317728 0.4480
6id6id-6id-6id- -8.09674726709 -1.50615009657 0.4633
6id6id-6id6id- -7.39360510819 -1.30777910824 0.4367
6id6id6id -9.0298256196 -1.15974918005 3.5082
6id6id6id-6id -7.35442071543 -1.32192902785 0.4355
6id6id6id-6id- -7.81483733032 -1.45907440249 0.4591
6id6id6id6id -8.81621625631 -1.50478952737 3.3412
6id6id6id6id- -7.52204284 -1.37335854334 0.4481
6ie6ie -8.38709273286 0.17687399508 3.4213
6ie6ie- -6.4648805771 0.397014090495 0.1899
6ie6ie-4ie6ie -6.25018275846 -0.320277988014 0.1565
6ie6ie-6ie -5.83956297603 -0.172792287501 0.0647
6ie6ie-6ie-6ie -6.29970747708 -0.460960842563 0.1187
6ie6ie-6ie-6ie- -6.77481823925 -0.598650444887 0.1911
6ie6ie-6ie6ie- -5.58840190302 -0.501505804512 0.0238
6ie6ie6ie -8.01157563562 -0.339325956715 3.3234
6ie6ie6ie-6ie -5.72337036696 -0.463137753272 0.0484
6ie6ie6ie-6ie- -6.52528984927 -0.567629467288 0.1404
6ie6ie6ie6ie -7.77701350676 -0.638923292997 3.2258
6ie6ie6ie6ie- -6.23467226966 -0.507492308961 0.2066
6if6if -8.18981019989 0.293882945672 3.6147
6if6if- -8.07144068011 0.337149046007 3.6617
6if6if-4if6if -4.59981232744 -0.312114572857 0.7200
6if6if-6if -5.09261048912 -0.2383717226 0.7719
6if6if-6if-6if -4.92145088465 -0.456062793468 0.7580
6if6if-6if-6if- -7.32067859945 -0.523819139276 3.0503
6if6if-6if6if- -5.31900920282 -0.58640532215 0.7770
6if6if6if -7.80585757365 -0.425586043547 3.2634
6if6if6if-6if -5.19819065849 -0.653073212604 0.7393
6if6if6if-6if- -7.50136218827 -0.726271835183 2.9936
6if6if6if6if -7.59143186884 -0.834845256779 2.9857
6if6if6if6if- -7.56449259882 -0.823416475558 2.9782
6ih6ih -7.64912000262 0.662052969277 3.5841
6ih6ih- -4.50321191474 0.98260307113 0.3810
6ih6ih-4ih6ih -4.0226588758 0.430484092641 0.2968
6ih6ih-6ih -3.70727893688 0.698788337486 0.2628
6ih6ih-6ih-6ih -4.25586043547 0.317556849629 0.4078
6ih6ih-6ih-6ih- -4.82104087821 -0.0617698413588 0.3964
6ih6ih-6ih6ih- -3.42863436617 0.558377596776 0.2348
6ih6ih6ih -7.24829631839 0.0555112230713 3.2755
6ih6ih6ih-6ih -3.79870918665 0.376061324924 0.3100
6ih6ih6ih-6ih- -4.77396518413 -0.00571439061028 0.5023
6ih6ih6ih6ih -7.00421020518 -0.2884406689 3.0137
6ih6ih6ih6ih- -4.58783931854 0.12490025191 0.5298
6ii -9.12833082917 1.87840182775 4.8194
6ii6ii -8.21484467304 0.67293752282 3.6718
6ii6ii6ii -7.73946179703 0.0802735823825 3.4806
6ii6ii6ii6ii -7.46272202319 -0.247895706951 3.3260
6il6il -7.8951109127 0.654978009474 3.6477
6il6il- -4.7426720927 0.689536466974 0.8615
6il6il6il -7.37047543191 0.0900696805716 3.3958
6il6il6il6il -7.04992533006 -0.22694294138 3.1126
6il6il6il6il- -4.50756573616 -0.0590487029729 0.7243
6la6la -8.29158077552 0.493614503193 4.2845
6la6la6la -7.73646854481 -0.102314803308 3.6284
6la6la6la6la -7.41374153225 -0.431028320319 3.2639
6ld6ld -9.15962392061 -0.466403119335 4.2440
6ld6ld6ld -8.77866454659 -1.03131144824 3.7035
6ld6ld6ld6ld -8.5566196543 -1.34641927332 3.3917
6le6le -8.19824572889 0.271841724746 3.5751
6le6le6le -7.78980285717 -0.234290015022 3.5505
6le6le6le6le -7.53211105203 -0.509124991992 3.3195
6lf6lf -7.88667538371 0.253065869884 3.7630
6lf6lf6lf -7.44775576207 -0.434837914059 3.1576
6lf6lf6lf6lf -7.18761493238 -0.831852004554 2.8049
6lh6lh -7.43061259024 0.662052969277 3.7398
6lh6lh6lh -6.99468622083 0.0949677296661 3.2115
6lh6lh6lh6lh -6.72284449608 -0.224493916833 2.8881
6li6li -7.945179859 0.666134676856 4.1515
6li6li6li -7.43986446075 0.112383015336 3.5774
6li6li6li6li -7.13700175841 -0.194561394588 3.2405
6ll -8.59145022564 1.75214100665 4.9816
6ll6ll -7.6496642303 0.691441263844 3.9836
6ll6ll6ll -7.10081061787 0.17306440134 3.3743
6ll6ll6ll6ll -6.76393368571 -0.11156667382 3.0116
