1212 -5.25615090611 -0.616337844395 4.5575
1212- -5.268123915 -0.6114397953 4.5646
1212-12 -4.91872974626 -1.06995161332 3.7059
1212-1212- -4.73614136057 -1.31811943411 3.2310
1212-124- -4.81015632467 -1.35866439605 3.2338
1212-13-8 -5.14023041087 -2.5995035 2.0362
1212-4 -5.04226942898 -1.14777617115 3.6995
1212-4-13 -4.74893071098 -1.26043130033 3.2830
1212-413 -4.74893071098 -1.26043130033 3.2829
1212-5 -4.97805056307 -1.28056772438 3.5240
1212-5- -4.95818625286 -1.27893504135 3.5168
1212-55- -4.84716380671 -1.69554132822 2.9587
1212-58- -5.32281879656 -2.6961039127 2.1791
1212-8-13 -5.32989375636 -2.43677942453 2.2377
1212128- -5.23519814054 -2.56902675008 2.1822
121213 -4.67627631608 -0.861784526798 3.6627
121213- -4.66729655941 -0.80382427918 3.6973
1212134 -4.6030776935 -1.13961275599 3.2425
12124-4 -4.96145161892 -1.41880155438 3.3168
12125 -4.9345123489 -1.25281211284 3.5324
12125-12 -4.77505363949 -1.54098066791 3.0625
121254- -4.83274177327 -1.56547091338 3.0685
12128-13- -5.31411115372 -2.40303730854 2.2344
12128-5- -5.48826401042 -2.49882137973 2.2244
1213 -4.92716527526 -0.23646692573 4.5735
1213- -4.94566901628 -0.220956436931 4.5981
1213-12 -4.70239924459 -0.767088910971 3.7925
1213-125- -4.60906419795 -1.25689382042 3.1299
1213-13 -4.50266768706 -0.503682715221 3.8193
1213-13- -4.47981012462 -0.549397840103 3.7842
1213-13-4 -4.45940158673 -0.98260307113 3.2570
1213-13-5 -4.44960548854 -1.09716299717 3.1453
1213-13-8- -4.95328820376 -2.58508146656 1.8713
1213-134- -4.47790532775 -0.911853473098 3.3231
1213-4 -4.8104284385 -0.890900707527 3.7287
1213-4-5 -4.75491721543 -1.39131805668 3.1519
1213-48- -5.12335935288 -2.67542326097 2.0497
1213-8 -5.49397840103 -2.64413016953 2.2532
121312 -4.64824859071 -0.727360290537 3.7918
121312- -4.67328306386 -0.748585169947 3.7885
121313-8 -4.94077096719 -2.53664520329 1.9162
12131313- -4.22483945787 -0.681917279494 3.3320
1213135 -4.39654329002 -1.07675445928 3.1248
12135- -4.74049518199 -1.00165103983 3.5696
12138 -5.47601888768 -2.60059195536 2.2509
12138- -5.47601888768 -2.60059195536 2.2509
12138-13- -5.11900553146 -2.40548633309 2.1863
124 -5.51955710186 -0.783415741286 4.5603
124- -5.51955710186 -0.783415741286 4.5603
124-12 -5.14812171219 -1.19485186523 3.8057
124-128- -5.48690344123 -2.64902821862 2.2280
124-13 -4.92036242929 -1.01171925186 3.7485
124-13- -4.91954608778 -1.00981445499 3.7481
124-5 -5.23683082357 -1.37961716163 3.6745
124-5-12- -4.95736991134 -1.5959476633 3.1705
124-8- -5.86514167686 -2.7341998501 2.1799
124-812 -5.65425345196 -2.52031837297 2.1722
124-85 -5.68092060814 -2.57474114069 2.1821
12413 -4.92090665697 -1.01008656883 3.7499
12413- -4.9190018601 -1.01144713802 3.7467
12413-4- -4.80063234032 -1.25852650346 3.3218
12413-5 -4.76063160604 -1.33199723987 3.2213
1244 -5.33642448849 -1.26396878023 3.8659
1244- -5.33642448849 -1.26396878023 3.8659
1244-12- -5.12254301136 -1.45961863017 3.4384
1244-4- -5.24798749095 -1.50016359212 3.4946
1248- -5.86514167686 -2.7341998501 2.1799
125 -5.35601668487 -0.97879347739 4.2417
125- -5.36907814912 -0.982875184969 4.2301
125-12 -5.00825519916 -1.39839301649 3.4693
125-124 -4.88063380886 -1.58914481734 3.0922
125-13 -4.79355738051 -1.18559999471 3.4427
125-13- -4.78403339616 -1.21961422454 3.4246
125-13-8 -5.20961943971 -2.63106870528 2.0832
125-135- -4.68688875579 -1.47159163907 3.0219
125-4 -5.15084285057 -1.45036675966 3.5068
125-4- -5.15084285057 -1.45009464582 3.5070
125-412- -4.97805056307 -1.61417929049 3.1653
125-413 -4.82947640721 -1.50696643808 3.1204
125-5 -5.07710000032 -1.56601514106 3.3442
125-8 -5.76935760568 -2.73039025636 2.2375
125-84- -5.60064702575 -2.57310845766 2.1848
125128 -5.30894099079 -2.60603423213 2.2271
12513- -4.76634599665 -1.17335487198 3.4365
125138- -5.18594553575 -2.60195252455 2.0864
1255 -5.0346502415 -1.54451814781 3.3468
1258-5- -5.5424146643 -2.55950276573 2.2353
128 -6.43304325799 -2.77637749508 2.2217
128- -6.43304325799 -2.77637749508 2.2217
128-12- -6.01153892202 -2.54290382158 2.2129
128-12-8- -6.2765778008 -2.92304685408 2.2149
128-124 -5.63656605245 -2.48929739537 2.2179
128-13 -5.71847231786 -2.48684837083 2.2395
128-4 -6.18106584346 -2.58807471878 2.1693
128-4-4 -5.92364615215 -2.55269991977 2.1721
128-5- -6.07222030802 -2.60059195536 2.2217
128-512- -5.52554360631 -2.53256349571 2.2298
128-54- -5.72173768392 -2.54698552915 2.2264
128-84- -6.17671202204 -2.98427246776 1.9791
12812-12- -5.45751514666 -2.44194958746 2.2157
12813 -5.71847231786 -2.48684837083 2.2395
12813- -5.71792809018 -2.48848105386 2.2330
12813-4 -5.41424904632 -2.47814072799 2.2376
1284 -6.18106584346 -2.58807471878 2.1693
1284-13 -5.36390798619 -2.4683446298 2.1724
12844- -5.92391826599 -2.55242780593 2.1717
1285 -6.0727645357 -2.59977561384 2.2239
12858- -6.30977568911 -2.97910230483 2.2232
1288- -6.41154626474 -3.2038683355 2.0014
1312 -4.92798161677 -0.235922698053 4.5745
1312- -4.94566901628 -0.220956436931 4.5981
1312-12 -4.69450794327 -0.814980946562 3.7049
1312-12- -4.66729655941 -0.80382427918 3.6973
1312-13- -4.50702150848 -0.58259572841 3.7427
1312-134- -4.46810922956 -0.966548354654 3.2587
1312-4 -4.79736697425 -0.925187051189 3.6429
1312-4- -4.79736697425 -0.92491493735 3.6429
1312-5 -4.75001916634 -1.07702657312 3.4673
1312-55 -4.6531466398 -1.56574302722 2.8884
1312-8 -5.42268457532 -2.54970666754 2.2282
1312-8- -5.42268457532 -2.54970666754 2.2282
1312-8-4 -5.27928058239 -2.41147283754 2.1745
1312-813- -5.10812097792 -2.3385463288 2.2445
131212- -4.70348769994 -0.873757535696 3.6722
13121313- -4.28878620994 -0.777429236837 3.2889
13124 -4.79791120193 -0.989133803256 3.5972
13124- -4.79845542961 -0.98831746174 3.5983
131244 -4.77042770423 -1.3575759407 3.1787
131244- -4.77015559039 -1.3575759407 3.1788
13125 -4.73859038512 -1.1431502359 3.4179
13125- -4.75573355695 -1.1417896667 3.4257
131285- -5.24962017398 -2.48603202931 2.2321
131288- -5.63030743416 -3.02372897436 2.0030
1313 -4.62511891443 0.199731557521 4.7069
1313- -4.66784078709 0.219323753899 4.7320
1313-12 -4.50266768706 -0.503682715221 3.8193
1313-12-13- -4.28878620994 -0.777429236837 3.2889
1313-124 -4.46566020502 -1.00600486125 3.2027
1313-13- -4.30103133267 -0.2383717226 3.8858
1313-5 -4.56470964226 -0.839199078196 3.5129
1313-813 -4.9296142998 -2.35541738679 2.0494
1313-84 -5.09859699357 -2.41392186209 2.1380
131312- -4.47981012462 -0.549397840103 3.7842
131312-5 -4.43273443055 -1.16110974924 3.0452
1313128- -4.85750413258 -2.56929886392 1.8187
131313- -4.30103133267 -0.2383717226 3.8858
131313-8 -4.75654989846 -2.50671268104 1.7863
13131312 -4.21994140877 -0.734979478018 3.2916
13134 -4.56743078065 -0.724639152152 3.6488
13134- -4.56688655297 -0.724094924474 3.6488
13135- -4.54021939679 -0.881104609338 3.4773
131355- -4.48416394604 -1.49308863232 2.8162
13138-12- -5.02811950937 -2.40793535764 2.0796
13138-5- -5.05614723475 -2.46535137758 2.0512
134 -5.1573735827 -0.491165478646 4.4657
134- -5.1573735827 -0.491165478646 4.4656
134-12- -4.91954608778 -1.00981445499 3.7481
134-128 -5.24581058024 -2.61719089951 2.2059
134-13- -4.73695770209 -0.803007937664 3.7674
134-13-13- -4.57559419581 -0.878111357114 3.4212
134-13-5 -4.63954094787 -1.20192682503 3.2231
134-412- -4.93750560112 -1.34478659029 3.3642
134-5- -4.99437739339 -1.22913820889 3.5736
134-8 -5.53016954156 -2.66834830116 2.1808
134-8- -5.53016954156 -2.66834830116 2.1808
134-8-13- -5.27274985026 -2.42779966785 2.1956
13412-8- -5.24308944185 -2.60467366293 2.2156
13413 -4.74049518199 -0.801647368471 3.7696
1341312- -4.59573061986 -1.06668624725 3.3241
1344 -5.05832414545 -1.09825145253 3.7438
1345- -4.99437739339 -1.22913820889 3.5735
13454- -4.914103811 -1.54533448932 3.1325
1348 -5.53016954156 -2.668620415 2.1809
1348- -5.53016954156 -2.668620415 2.1809
1348-8 -5.68690711259 -3.10046507684 1.9772
135 -5.03410601382 -0.715931509317 4.1535
135- -5.04825593343 -0.691441263844 4.1626
135-12- -4.76634599665 -1.17335487198 3.4365
135-13- -4.59709118905 -0.993487624674 3.4396
135-13-12- -4.44742857783 -1.19022592997 3.0769
135-4 -4.90866153423 -1.25526113739 3.4372
135-4-8 -5.17751000676 -2.67814439935 2.1321
135-5- -4.83627925317 -1.3801613893 3.2800
135-5-13 -4.54130785214 -1.46451667926 2.8972
135-58 -5.18240805585 -2.64576285256 2.1161
135-8- -5.47547466001 -2.62236106244 2.2377
135-8-4- -5.33696871617 -2.48086186638 2.1841
13512 -4.75736623998 -1.20764121564 3.4193
13512- -4.78403339616 -1.21961422454 3.4246
13512-4- -4.70348769994 -1.45390423956 3.0509
13513- -4.59709118905 -0.993487624674 3.4397
13513-13 -4.35246084817 -1.08246884989 3.0662
1354 -4.89614429766 -1.28954748105 3.4156
1358 -5.47275352162 -2.63814366508 2.2405
138 -6.15956885021 -2.67923285471 2.2468
138- -6.15956885021 -2.67923285471 2.2468
138-12 -5.71847231786 -2.48684837083 2.2395
138-125 -5.37016660447 -2.43405828614 2.2436
138-13 -5.4874476689 -2.44276592898 2.2557
138-13- -5.48472653052 -2.45011300262 2.2600
138-1312 -5.12662471894 -2.400588284 2.2005
138-4 -5.86486956302 -2.52957024349 2.1925
138-5-4 -5.54078198127 -2.50671268104 2.2477
138-5-5- -5.43601815341 -2.50317520114 2.2504
138-8- -6.33181691003 -3.11298231341 2.0116
13812 -5.71847231786 -2.48684837083 2.2395
13812-13 -5.09968544892 -2.33881844264 2.2372
13812-13- -5.10567195337 -2.400588284 2.1912
1381313- -4.93859405648 -2.3491587685 2.0663
1384 -5.86486956302 -2.52957024349 2.1925
1384-5- -5.60636141636 -2.50507999801 2.1957
1385- -5.76772492265 -2.54807398451 2.2463
1385-13- -5.16063894876 -2.43215348927 2.2355
1388 -6.33181691003 -3.11298231341 2.0116
1388- -6.33181691003 -3.11298231341 2.0116
1388-12- -6.09208461824 -2.86399815111 2.0109
412 -5.51955710186 -0.783415741286 4.5603
412- -5.51955710186 -0.783415741286 4.5602
412-12-13 -4.59709118905 -1.17498755501 3.1750
412-13 -4.79736697425 -0.925187051189 3.6429
412-4 -5.19982334152 -1.20927389867 3.7549
412-5 -5.11057000246 -1.32709919078 3.5768
412-5-8- -5.43248067351 -2.67379057794 2.2364
41212 -5.02213300492 -1.12519072255 3.7148
41213 -4.79791120193 -0.989405917095 3.5971
41213-5 -4.68307916205 -1.27104374003 3.1787
4121312 -4.5875672047 -1.15185787873 3.2015
4124- -5.19982334152 -1.20927389867 3.7549
41248- -5.4888082381 -2.72059415817 2.1804
4128 -5.9451431454 -2.6925664328 2.2261
412812 -5.63656605245 -2.48929739537 2.2178
413 -5.15710146886 -0.491437592484 4.4655
413- -5.1573735827 -0.491437592484 4.4656
413-12 -4.81015632467 -0.891717049043 3.7281
413-12- -4.78648242071 -0.864777779023 3.7407
413-13 -4.59382582299 -0.678651913431 3.6890
413-13-8 -5.0466232504 -2.58480935272 1.9436
413-4- -4.94675747164 -0.97879347739 3.7437
413-55 -4.74348843421 -1.54778351387 2.9873
41312 -4.78648242071 -0.864777779023 3.7406
41312-5- -4.65967737193 -1.28628211499 3.1471
41313 -4.56688655297 -0.724094924474 3.6488
41313- -4.59382582299 -0.678107685754 3.6893
41313-5- -4.50620516697 -1.08600632979 3.1883
4135 -4.86158584016 -1.11240137214 3.5634
4135- -4.88145015037 -1.09770722485 3.5808
413512- -4.69396371559 -1.44002643379 3.0671
4138- -5.6841859742 -2.65093301549 2.2518
4138-8- -5.89398574375 -3.05039613054 2.0134
44 -5.92282981064 -0.920561115933 4.7368
44- -5.92310192448 -0.921649571287 4.7361
44-12 -5.33642448849 -1.26396878023 3.8659
44-124 -5.10757675024 -1.47186375291 3.3747
44-13 -5.05832414545 -1.09825145253 3.7438
44-4 -5.59738165969 -1.32465016623 4.0023
44-4-12- -5.24798749095 -1.50016359212 3.4946
44-5-12- -5.05859625929 -1.63023400696 3.2136
44-8- -6.22814153753 -2.7736563567 2.1796
44-813 -5.70976467503 -2.50263097347 2.1953
44-84 -6.03575705365 -2.59406122323 2.1294
4412- -5.33642448849 -1.26396878023 3.8659
441212- -4.98267649833 -1.44492448289 3.3042
4413- -5.05832414545 -1.09825145253 3.7438
4413-13 -4.58511818016 -1.15920495237 3.1867
444 -5.59738165969 -1.32437805239 4.0026
444- -5.59738165969 -1.32465016623 4.0024
4445- -5.33179855323 -1.6079206722 3.4560
445 -5.44445368241 -1.43077456328 3.7793
445-4- -5.22594627002 -1.67377222114 3.2875
445-8- -5.75547979991 -2.7306623702 2.2343
448 -6.22786942369 -2.7736563567 2.1797
448-8- -6.35930040773 -3.19380012347 1.9787
4485 -5.96174208956 -2.60630634597 2.1817
45 -5.67085239611 -1.09389763111 4.3414
45- -5.67085239611 -1.09389763111 4.3414
45-12 -5.15084285057 -1.45009464582 3.5070
45-13- -4.89614429766 -1.28954748105 3.4156
45-413- -4.91383169717 -1.54506237549 3.1325
45-48- -5.61125946546 -2.75025456658 2.1809
45-5 -5.23274911599 -1.60166205391 3.4182
45-5- -5.21315691961 -1.59894091552 3.4128
45-8 -6.03194745991 -2.74943822506 2.2340
45-8- -6.03194745991 -2.74943822506 2.2340
45124- -4.95492088679 -1.61717254271 3.1088
4513- -4.90866153423 -1.25526113739 3.4372
4513-13 -4.53232809547 -1.30886756359 2.9884
455 -5.21288480577 -1.59921302936 3.4124
455- -5.23247700215 -1.60193416775 3.4178
4554- -5.04988861646 -1.81064548194 3.0168
4555- -4.99437739339 -1.8808508523 2.9157
4558 -5.53724450136 -2.70834903544 2.2370
458 -6.03194745991 -2.74943822506 2.2339
458- -6.03194745991 -2.74943822506 2.2339
48 -6.43603651021 -2.83052814896 2.1765
48- -6.43603651021 -2.83052814896 2.1765
48-12 -6.18106584346 -2.58780260494 2.1695
48-12- -6.18106584346 -2.58807471878 2.1695
48-1212 -5.53479547682 -2.48358300476 2.1724
48-1212- -5.54840116875 -2.51678089307 2.1751
48-1213 -5.28172960693 -2.46997731284 2.1800
48-13 -5.86459744918 -2.52875390197 2.1926
48-4 -6.17725624972 -2.63242927447 2.1269
48-44- -6.03575705365 -2.59406122323 2.1294
48-5 -6.24229145714 -2.64331382801 2.1792
48-5-8- -6.48447277348 -3.00685791636 2.1784
48-513 -5.33234278091 -2.50045406276 2.1873
48-88 -6.49671789621 -3.60741315812 1.8873
4812 -6.18106584346 -2.58780260494 2.1695
4812- -6.18106584346 -2.58807471878 2.1695
4813- -5.86459744918 -2.52875390197 2.1926
4813-12- -5.31792074746 -2.47024942667 2.1961
485 -6.24229145714 -2.64331382801 2.1792
485- -6.24229145714 -2.64331382801 2.1792
488 -6.43576439637 -3.25801898938 1.9787
488-12- -6.17698413588 -2.9845445816 1.9791
512 -5.35601668487 -0.97879347739 4.2417
512- -5.36907814912 -0.982875184969 4.2301
512-12 -4.97805056307 -1.28056772438 3.5240
512-12- -4.95328820376 -1.25662170659 3.5363
512-12-13- -4.60090078279 -1.36056919292 3.0184
512-12-4- -4.8308369764 -1.46424456543 3.1338
512-124- -4.85532722187 -1.47975505422 3.1516
512-13- -4.75573355695 -1.1417896667 3.4257
512-48 -5.39329628075 -2.72739700414 2.1807
512-5 -5.03845983524 -1.42886976641 3.4266
512-8-5 -5.56445588522 -2.54997878138 2.2275
51212- -4.95818625286 -1.27893504135 3.5168
51213- -4.72879428693 -1.07294486554 3.4623
51213-12 -4.59056045693 -1.25526113739 3.1213
512138 -5.16363220099 -2.58508146656 2.0696
5124 -5.0917941476 -1.32465016623 3.5701
5124- -5.0917941476 -1.32465016623 3.5702
5124-8 -5.37370408437 -2.70862114927 2.1806
5125- -5.01805129734 -1.42642074186 3.4188
51254 -4.88226649189 -1.66642514749 3.0092
513 -5.03410601382 -0.715931509317 4.1535
513- -5.04825593343 -0.691441263844 4.1626
513-12 -4.76716233817 -1.03158356208 3.5575
513-12- -4.74049518199 -1.00165103983 3.5696
513-1213 -4.4768168724 -1.1298166578 3.1261
513-13 -4.56470964226 -0.839199078196 3.5129
513-13- -4.54021939679 -0.881104609338 3.4773
513-1312 -4.43953727651 -1.00546063357 3.2055
513-4- -4.88117803654 -1.09770722485 3.5808
513-4-5 -4.81206112154 -1.46941472836 3.1255
513-48 -5.18648976343 -2.69419911583 2.0887
513-5- -4.81070055234 -1.21553251696 3.4284
513-512- -4.68688875579 -1.47159163907 3.0219
513-8 -5.57098661735 -2.6699809842 2.2517
51312 -4.71927030258 -1.01770575631 3.5503
51312- -4.74593745876 -1.05144787229 3.5354
513124 -4.64525533848 -1.29444553015 3.1203
51313 -4.52062720041 -0.907771765519 3.4508
51313- -4.54185207982 -0.85960761609 3.4910
5134 -4.86158584016 -1.11240137214 3.5633
5134- -4.86158584016 -1.11240137214 3.5633
5135 -4.7878429899 -1.22260747676 3.4131
5135- -4.81070055234 -1.21553251696 3.4284
5135-4- -4.73750192976 -1.50887123495 3.0154
5138-12- -5.31356692605 -2.4732426789 2.2390
5138-5 -5.34241099294 -2.52766544662 2.2517
54 -5.67085239611 -1.09389763111 4.3414
54- -5.67085239611 -1.09389763111 4.3414
54-13 -4.9965543041 -1.23022666424 3.5721
54-13-8- -5.42622205522 -2.65283781236 2.2526
54-1312- -4.75518932927 -1.39050171517 3.1510
54-4 -5.44418156857 -1.43050244944 3.7793
54-4-12 -5.18812244646 -1.57417855621 3.3744
54-4-5- -5.25968838601 -1.66696937517 3.3409
54-44 -5.33179855323 -1.6079206722 3.4560
54-5-13 -4.84199364378 -1.57553912541 3.0459
54-55- -5.09560374134 -1.8046589775 3.0686
54-8- -5.99085827029 -2.77011887679 2.1808
54-8-4- -5.83520915461 -2.59433333707 2.1308
5412-12 -4.94485267477 -1.53200091123 3.1961
5412-12- -4.92281145384 -1.50506164121 3.2074
5413 -4.9965543041 -1.23022666424 3.5721
541313- -4.56879134984 -1.27512544761 3.0708
544 -5.44445368241 -1.43050244944 3.7793
544-13 -4.98675820591 -1.47893871271 3.2676
545 -5.3301658702 -1.52492595143 3.6014
545- -5.32989375636 -1.52465383759 3.6019
545-5- -5.07764422799 -1.80193783911 3.0623
545-8- -5.62785840961 -2.73120659788 2.2349
548 -5.99085827029 -2.77011887679 2.1807
548- -5.99085827029 -2.77011887679 2.1807
548-12 -5.7582009383 -2.55242780593 2.1731
54812 -5.7582009383 -2.55242780593 2.1731
55 -5.47302563546 -1.25771016194 4.0248
55- -5.48826401042 -1.25988707265 4.0267
55-13 -4.85668779106 -1.38206618617 3.2857
55-4 -5.23247700215 -1.60193416775 3.4178
55-4- -5.23274911599 -1.60193416775 3.4181
55-5 -5.14812171219 -1.69907880812 3.2662
55-5- -5.12825740197 -1.6960855559 3.2608
55-8 -5.86078785544 -2.75488050183 2.2369
55-8- -5.86078785544 -2.75488050183 2.2369
55-8-4- -5.68282540501 -2.59569390626 2.1843
55-88 -6.02568884162 -3.13665621737 2.0091
5512 -5.0346502415 -1.54451814781 3.3468
5512- -5.05669146242 -1.56465457186 3.3376
551212- -4.80362559254 -1.68193563629 2.9426
5513- -4.83627925317 -1.3801613893 3.2800
5513-4- -4.74348843421 -1.54778351387 2.9873
555- -5.12825740197 -1.6960855559 3.2608
555-5- -4.93886617032 -1.93037557092 2.8305
558 -5.84609370816 -2.73855367152 2.2369
558- -5.84609370816 -2.73855367152 2.2369
558-4- -5.66731491621 -2.5804555313 2.1833
558-5- -5.61670174223 -2.59542179242 2.2372
58 -6.49345253015 -2.83161660431 2.2309
58- -6.49345253015 -2.83161660431 2.2309
58-12 -6.0727645357 -2.59977561384 2.2239
58-13-8 -6.11358161149 -2.91869303266 2.2445
58-134- -5.44690270695 -2.53283560955 2.2506
58-4 -6.2420193433 -2.64331382801 2.1790
58-4- -6.2420193433 -2.64331382801 2.1790
58-4-5 -5.78758923286 -2.60685057364 2.1829
58-48 -6.44637683608 -2.95570051471 2.1789
58-5 -6.13399014938 -2.65474260923 2.2323
58-5- -6.13371803554 -2.65610317843 2.2321
58-54- -5.75765671062 -2.60059195536 2.2350
58-55 -5.61534117304 -2.59460545091 2.2377
58-58- -6.36419845682 -3.00576946101 2.2297
58-8-13- -6.13072478332 -2.89910083628 2.0168
5812-5- -5.54459157501 -2.52848178813 2.2264
5812-8 -6.33127268236 -2.93828522904 2.2209
5813-4- -5.44771904847 -2.53555674793 2.2510
581313- -5.06893658516 -2.42970446472 2.1006
584 -6.2420193433 -2.64331382801 2.1790
584-8- -6.44637683608 -2.95570051471 2.1789
585- -6.13371803554 -2.65610317843 2.2321
588-13 -6.13045266948 -2.90018929164 2.0163
588-4 -6.21154259338 -3.01610978688 1.9833
812 -6.43358748566 -2.77692172276 2.2218
812- -6.43358748566 -2.77692172276 2.2218
812-12- -5.70976467503 -2.63841577892 2.2249
812-12-12- -5.23547025437 -2.56902675008 2.1824
812-12-5 -5.31002944615 -2.62780333921 2.1918
812-12-8 -6.02922632153 -2.84467806857 2.2219
812-1212- -5.30023334796 -2.64467439721 2.1819
812-124- -5.42758262441 -2.65474260923 2.2283
812-13- -5.42458937219 -2.60739480132 2.2338
812-4-13- -5.24581058024 -2.61719089951 2.2059
812-5- -5.77806524851 -2.67052521187 2.2268
812-5-8- -6.07167608035 -2.92086994337 2.2260
812-8 -6.72093969921 -3.07543060369 2.2200
81212 -5.70976467503 -2.63841577892 2.2249
81212-13- -5.0811817079 -2.59787081697 2.0326
8128- -6.72093969921 -3.07543060369 2.2200
8128-12 -6.27848259767 -2.91651612195 2.2131
813 -6.15902462253 -2.67868862703 2.2471
813- -6.15902462253 -2.67868862703 2.2471
813-12 -5.49425051487 -2.64358594185 2.2524
813-12- -5.47601888768 -2.60086406919 2.2507
813-13 -5.2300279776 -2.52957024349 2.1347
813-1313 -4.75654989846 -2.50671268104 1.7858
813-4-4- -5.51302636973 -2.64766764943 2.2520
813-5 -5.57044238967 -2.66943675652 2.2529
813-5- -5.55248287633 -2.64494651105 2.2528
813-513 -5.01777918351 -2.59977561384 1.9556
813-8 -6.53726285816 -3.04359328457 2.2434
813-8- -6.53726285816 -3.04359328457 2.2434
813-8-5- -6.11385372533 -2.91488343892 2.2439
813-85 -6.11412583916 -2.91869303266 2.2443
81312 -5.47629100152 -2.59977561384 2.2500
81312- -5.49425051487 -2.64358594185 2.2524
81312-13- -4.9464853578 -2.59868715849 1.8854
81313 -5.21342903345 -2.55923065189 2.0882
81313- -5.2300279776 -2.52957024349 2.1347
81313-5 -5.01859552502 -2.58426512504 1.9428
8131312 -4.92634893374 -2.54508073228 1.8825
8131313- -4.76825079352 -2.49827715205 1.7876
813138 -5.63166800335 -2.85120880069 2.2412
8134 -5.68554654339 -2.64902821862 2.2512
8134- -5.68445808804 -2.65066090166 2.2517
8135 -5.55248287633 -2.64494651105 2.2528
8135-4 -5.35356766032 -2.66453870742 2.1642
8138-5 -6.11385372533 -2.91488343892 2.2439
81388 -6.5876039183 -3.35788476814 2.0138
84 -6.43522016869 -2.83025603512 2.1757
84- -6.43522016869 -2.83025603512 2.1757
84-12 -5.8654137907 -2.73474407778 2.1795
84-12- -5.8654137907 -2.73474407778 2.1795
84-128 -6.20310706438 -2.93284295227 2.1806
84-13 -5.5304416554 -2.66916464268 2.1803
84-13- -5.5304416554 -2.66943675652 2.1803
84-13-4 -5.25859993065 -2.67868862703 2.1605
84-4- -6.22841365137 -2.77392847053 2.1796
84-4-12 -5.57778946331 -2.74045846839 2.1794
84-4-8 -6.47549301681 -2.93202661075 2.1802
84-5 -5.99113038412 -2.77011887679 2.1805
84-5- -5.99113038412 -2.77011887679 2.1805
84-512- -5.41887498158 -2.73991424071 2.1810
84-513- -5.17751000676 -2.67841651319 2.1321
84-55- -5.4958831979 -2.75760164022 2.1811
84-8 -6.65100644269 -3.08441036036 2.1788
84-8- -6.65100644269 -3.08441036036 2.1788
8412 -5.8654137907 -2.73474407778 2.1795
8412- -5.8654137907 -2.73474407778 2.1795
8413-8 -5.95276233288 -2.91352286973 2.1818
844- -6.22814153753 -2.77392847053 2.1795
84412 -5.57778946331 -2.74045846839 2.1794
8448- -6.47549301681 -2.93202661075 2.1802
845 -5.99113038412 -2.77011887679 2.1805
845- -5.99113038412 -2.77011887679 2.1805
8454- -5.61180369314 -2.75079879425 2.1807
848- -6.65100644269 -3.08441036036 2.1788
848-5- -6.44664894992 -2.95542840087 2.1784
848-8- -6.6080124562 -3.41176330818 1.9819
84812- -6.39168195452 -2.94073425359 2.1733
85 -6.49372464399 -2.83134449048 2.2314
85- -6.49372464399 -2.83134449048 2.2314
85-13 -5.47547466001 -2.62263317628 2.2374
85-13- -5.47248140778 -2.63868789276 2.2407
85-134- -5.24608269408 -2.62807545305 2.1457
85-138 -5.88310119021 -2.93229872459 2.2374
85-4- -6.03221957375 -2.74943822506 2.2338
85-5 -5.86078785544 -2.75488050183 2.2366
85-5-4 -5.53724450136 -2.70834903544 2.2370
8512 -5.75765671062 -2.69909716492 2.2348
85124 -5.43275278735 -2.67406269177 2.2361
85125 -5.32880530101 -2.65474260923 2.2132
8513 -5.47248140778 -2.63868789276 2.2407
8513- -5.47547466001 -2.62263317628 2.2374
854 -6.03221957375 -2.74943822506 2.2338
854- -6.03221957375 -2.74943822506 2.2338
854-4 -5.75575191375 -2.73093448404 2.2340
854-8 -6.2801152807 -2.96005433613 2.1821
854-8- -6.2801152807 -2.96005433613 2.1821
85513 -5.15574089967 -2.63950423427 2.0919
858 -6.74053189559 -3.11842459018 2.2287
858- -6.74053189559 -3.11842459018 2.2287
858-8- -6.64583627976 -3.52877225877 2.0086
88 -6.75658661206 -3.52713957574 2.0062
88- -6.75658661206 -3.52713957574 2.0062
88-13 -6.33290536539 -3.11352654109 2.0119
88-13- -6.33290536539 -3.11352654109 2.0119
88-13-12 -5.71085313038 -3.03978369083 2.0137
88-1312- -5.71085313038 -3.03978369083 2.0137
88-4 -6.43549228253 -3.25774687554 1.9785
88-4-8 -6.60774034236 -3.41149119434 1.9818
88-48- -6.60774034236 -3.41149119434 1.9818
88-5- -6.45181911285 -3.23325663007 2.0076
88-5-12- -5.93289802267 -3.09583914158 2.0073
88-5-5- -6.01289949121 -3.1227784116 2.0088
88-8 -6.76937596248 -3.79217845452 1.9010
88-8- -6.76937596248 -3.79217845452 1.9010
88-84- -6.49726212389 -3.60768527196 1.8878
8813-5- -5.76255475971 -3.03488564174 2.0137
