1212 -6.62025757893 0.648719391186 4.7546
1212- -6.63114213248 0.654433781797 4.7683
1212-12 -6.19929747064 0.118641633623 3.9850
1212-1212- -5.97044973239 -0.17306440134 3.5678
1212-124- -6.03249168759 -0.210071883388 3.5912
1212-13-8 -6.31875544578 -1.33199723987 2.4609
1212-4 -6.30950357527 0.0323815467916 4.0137
1212-4-13 -5.98786501806 -0.155921229509 3.6575
1212-413 -5.98759290422 -0.155921229509 3.6574
1212-5 -6.25127121381 -0.123267568879 3.8279
1212-5- -6.22950210672 -0.12490025191 3.8176
1212-55- -6.07358087722 -0.619603210458 3.3076
1212-58- -6.50760244976 -1.42968610793 2.4481
1212-8-13 -6.57780782011 -1.17879714875 2.4415
1212128- -6.42297504596 -1.29743878237 2.4379
121213 -5.9500411945 0.317012621951 3.9636
121213- -5.94378257621 0.381503601696 3.9963
1212134 -5.80391606318 0.0127893504135 3.5971
12124-4 -6.19222251084 -0.297692539412 3.7265
12125 -6.20610031661 -0.0979609818906 3.8307
12125-12 -6.00745721444 -0.450348402858 3.3891
121254- -6.05153965629 -0.467763688527 3.4173
12128-13- -6.56202521748 -1.14369446357 2.4384
12128-5- -6.72910311437 -1.23566894101 2.4297
1213 -6.27603357312 1.02423648843 4.7849
1213- -6.2956257695 1.04056331875 4.8077
1213-12 -5.9641911141 0.425313929708 4.0713
1213-125- -5.82133134885 -0.125716593426 3.5221
1213-13 -5.76636435345 0.689264353136 4.1217
1213-13- -5.73752028656 0.635113699257 4.0777
1213-13-4 -5.6460900368 0.16354041699 3.6387
1213-13-5 -5.64364101225 0.0312930914373 3.5253
1213-13-8- -6.10432974098 -1.33662317513 2.4657
1213-134- -5.67384564833 0.243541885533 3.7188
1213-4 -6.053716567 0.285175302837 4.0516
1213-4-5 -5.96664013865 -0.298508880928 3.6013
1213-48- -6.29290463111 -1.40710065932 2.3977
1213-8 -6.7116878287 -1.36655569737 2.4615
121312 -5.90650298032 0.469940599236 4.0804
121312- -5.93317013651 0.446538809118 4.0730
121313-8 -6.1002480334 -1.27893504135 2.4625
12131313- -5.43411335654 0.471845396106 3.7063
1213135 -5.5840480816 0.0530621985241 3.5115
12135- -5.99085827029 0.158642367895 3.8776
12138 -6.69236774616 -1.32002423098 2.4596
12138- -6.69236774616 -1.32002423098 2.4596
12138-13- -6.34052455287 -1.15621170015 2.4627
124 -6.8654321475 0.445994581441 4.8135
124- -6.86570426134 0.445722467602 4.8134
124-12 -6.43277114415 -0.0546948815556 4.1268
124-128- -6.69427254303 -1.36437878666 2.4409
124-13 -6.19439942155 0.117825292107 4.0830
124-13- -6.19412730771 0.120274316655 4.0839
124-5 -6.51712643411 -0.257419691301 4.0117
124-5-12- -6.19793690145 -0.52109800089 3.5246
124-8- -7.1299267986 -1.43431204318 2.3967
124-812 -6.92312028128 -1.24573715304 2.3840
124-85 -6.94706629907 -1.29716666853 2.3906
12413 -6.19521576306 0.119730088977 4.0850
12413- -6.19331096619 0.118097405946 4.0818
12413-4- -6.00038225464 -0.143131879096 3.6950
12413-5 -5.97044973239 -0.228303510573 3.5914
1244 -6.61209416377 -0.119730088977 4.2226
1244- -6.61182204994 -0.119730088977 4.2226
1244-12- -6.3718176443 -0.364632543704 3.8597
1244-4- -6.4888265949 -0.395381407464 3.9275
1248- -7.1299267986 -1.43431204318 2.3967
125 -6.71223205637 0.225582372187 4.4568
125- -6.72610986214 0.22313334764 4.4540
125-12 -6.28882292354 -0.278372456872 3.7311
125-124 -6.10215283027 -0.489260681776 3.4128
125-13 -6.0678664866 -0.072110167225 3.7129
125-13- -6.05480502235 -0.111838787658 3.6867
125-13-8 -6.38705601927 -1.36274610363 2.4629
125-135- -5.89561842678 -0.384224740082 3.3496
125-4 -6.42052602141 -0.325448150948 3.7947
125-4- -6.42052602141 -0.325448150948 3.7949
125-412- -6.22025023621 -0.539873855752 3.5207
125-413 -6.06895494196 -0.442729215378 3.4957
125-5 -6.35168122025 -0.464770436303 3.6193
125-8 -7.01373418953 -1.44247545834 2.4471
125-84- -6.84203035738 -1.31866366178 2.3929
125128 -6.49699001005 -1.33308569523 2.4397
12513- -6.03956664739 -0.0604092721659 3.7101
125138- -6.3612052046 -1.33308569523 2.4625
1255 -6.30623820921 -0.445450353764 3.6180
1258-5- -6.78543067895 -1.36383455899 2.4372
128 -7.96694896609 -1.45499269491 2.4357
128- -7.96694896609 -1.45499269491 2.4357
128-12- -7.32584876238 -1.25308422668 2.4216
128-12-8- -7.52449186455 -1.70887490631 2.4261
128-124 -6.87413979033 -1.2109065817 2.4267
128-13 -7.00665922972 -1.21117869554 2.4432
128-4 -7.52857357213 -1.28764268418 2.3815
128-4-4 -7.18244476945 -1.26342455255 2.3843
128-5- -7.38462535152 -1.30777910824 2.4275
128-512- -6.77400189773 -1.3230174832 2.4346
128-54- -6.96584215394 -1.31621463724 2.4321
128-84- -7.88994074977 -1.85581637915 2.2797
12812-12- -6.70270807202 -1.17716446572 2.4240
12813 -7.00665922972 -1.21117869554 2.4432
12813- -7.00665922972 -1.21172292322 2.4373
12813-4 -6.61644798519 -1.20492007725 2.4421
1284 -7.52857357213 -1.28764268418 2.3815
1284-13 -6.6080124562 -1.20845755716 2.3837
12844- -7.18244476945 -1.26342455255 2.3839
1285 -7.38516957919 -1.30723488056 2.4295
12858- -7.56122723276 -1.85717694834 2.4328
1288- -8.10218954387 -1.90425264242 2.3081
1312 -6.27684991464 1.02478071611 4.7861
1312- -6.2956257695 1.04056331875 4.8077
1312-12 -5.97153818775 0.370346934314 3.9997
1312-12- -5.94378257621 0.381503601696 3.9963
1312-13- -5.78459598064 0.594296623469 4.0243
1312-134- -5.67819946975 0.176601881242 3.6466
1312-4 -6.05915884377 0.245718796242 4.0001
1312-4- -6.05915884377 0.245718796242 4.0002
1312-5 -6.01834176798 0.0718380533864 3.8113
1312-55 -5.87684257192 -0.502050032189 3.2774
1312-8 -6.6447478244 -1.27675813064 2.4403
1312-8- -6.6447478244 -1.27675813064 2.4403
1312-8-4 -6.49726212389 -1.14804828499 2.3855
1312-813- -6.34515048812 -1.09389763111 2.4469
131212- -5.97806891987 0.304767499215 3.9671
13121313- -5.51765230499 0.358373925416 3.6344
13124 -6.05589347771 0.173880742856 3.9568
13124- -6.05670981922 0.17496919821 3.9583
131244 -5.99630054706 -0.256603349786 3.6468
131244- -5.99630054706 -0.256603349786 3.6468
13125 -6.00065436847 -0.00598650444887 3.7589
13125- -6.01997445101 -0.00163268303151 3.7703
131285- -6.46460846326 -1.23539682718 2.4357
131288- -6.78053262986 -1.85363946844 2.3114
1313 -5.96800070784 1.45608115027 4.9027
1313- -6.01398794657 1.47893871271 4.9354
1313-12 -5.76636435345 0.689264353136 4.1217
1313-12-13- -5.51765230499 0.358373925416 3.6344
1313-124 -5.67602255904 0.137417488485 3.6428
1313-13- -5.5650001129 0.947228272114 4.1722
1313-5 -5.81779386895 0.31157034518 3.8691
1313-813 -6.14732372747 -1.12002055962 2.4651
1313-84 -6.29698633869 -1.15920495237 2.4051
131312- -5.73752028656 0.635113699257 4.0777
131312-5 -5.6425525569 -0.043266100335 3.4862
1313128- -6.00119859615 -1.34152122422 2.4483
131313- -5.5650001129 0.947228272114 4.1722
131313-8 -5.91439428164 -1.26696203245 2.4613
13131312 -5.42431725835 0.411980351618 3.6677
13134 -5.80446029085 0.435926369413 4.0155
13134- -5.80391606318 0.436198483252 4.0154
13135- -5.78622866367 0.260412943526 3.8228
131355- -5.67901581127 -0.444634012248 3.2086
13138-12- -6.22433194379 -1.16627991217 2.4444
13138-5- -6.24610105088 -1.22206324908 2.4550
134 -6.48284009045 0.722190127604 4.7455
134- -6.48284009045 0.721918013766 4.7454
134-12- -6.19412730771 0.120274316655 4.0838
134-128 -6.44283935617 -1.34777984251 2.4406
134-13- -6.00854566979 0.315107825081 4.0828
134-13-13- -5.82840630865 0.233473673506 3.8688
134-13-5 -5.8534407818 -0.105308055532 3.5926
134-412- -6.18324275416 -0.260685057364 3.8159
134-5- -6.26297210887 -0.118097405946 3.9527
134-8 -6.76420579954 -1.38642000759 2.3969
134-8- -6.76420579954 -1.38642000759 2.3969
134-8-13- -6.52392928007 -1.1763481242 2.4021
13412-8- -6.44039033163 -1.33471837826 2.4403
13413 -6.01235526353 0.317012621951 4.0865
1341312- -5.81806598278 0.0334700021459 3.6936
1344 -6.32283715336 0.0331978883074 4.1471
1345- -6.26297210887 -0.118097405946 3.9526
13454- -6.1418814507 -0.470212713075 3.5456
1348 -6.76420579954 -1.38669212143 2.3971
1348- -6.76420579954 -1.38669212143 2.3971
1348-8 -6.87386767649 -1.85309524076 2.2848
135 -6.37072918895 0.477559786717 4.3915
135- -6.38787236078 0.504226942898 4.4047
135-12- -6.03956664739 -0.0604092721659 3.7101
135-13- -5.8689512706 0.109389763111 3.6997
135-13-12- -5.66323320863 -0.106124397048 3.3955
135-4 -6.16990917607 -0.139322285355 3.7518
135-4-8 -6.37290609966 -1.40574009013 2.3967
135-5- -6.10133648875 -0.288712782739 3.5782
135-5-13 -5.77507199629 -0.430211978803 3.2140
135-58 -6.36202154612 -1.39431130891 2.4466
135-8- -6.69590522606 -1.34941252554 2.4466
135-8-4- -6.55631082686 -1.21906999686 2.3916
13512 -6.02650518314 -0.100410006438 3.6844
13512- -6.05480502235 -0.111838787658 3.6867
13512-4- -5.92310192448 -0.364360429865 3.3802
13513- -5.8689512706 0.109389763111 3.6997
13513-13 -5.57778946331 -0.0089797566733 3.4049
1354 -6.15222177657 -0.179595133466 3.7212
1358 -6.68447644484 -1.37009317728 2.4487
138 -7.46625950309 -1.37580756789 2.4557
138- -7.46598738925 -1.37580756789 2.4557
138-12 -7.00665922972 -1.21145080938 2.4431
138-125 -6.61291050529 -1.17117796127 2.4469
138-13 -6.76665482409 -1.18097405946 2.4540
138-13- -6.76366157187 -1.18859324694 2.4590
138-1312 -6.34841585419 -1.15076942338 2.4590
138-4 -7.1454372874 -1.24301601466 2.3999
138-5-4 -6.78298165441 -1.23621316869 2.4487
138-5-5- -6.68229953413 -1.25417268204 2.4508
138-8- -7.63578642453 -1.81010125427 2.3163
13812 -7.00665922972 -1.21145080938 2.4431
13812-13 -6.33644284529 -1.09280917576 2.4404
13812-13- -6.33644284529 -1.16165397692 2.4460
1381313- -6.15630348415 -1.11348982749 2.4610
1384 -7.1454372874 -1.24301601466 2.3999
1384-5- -6.86842539972 -1.23512471334 2.4029
1385- -7.05210224077 -1.26859471548 2.4472
1385-13- -6.39113772684 -1.19077015765 2.4525
1388 -7.63578642453 -1.81010125427 2.3163
1388- -7.63578642453 -1.81010125427 2.3163
1388-12- -7.4112925077 -1.73499783482 2.3099
412 -6.8654321475 0.445722467602 4.8134
412- -6.8654321475 0.445994581441 4.8134
412-12-13 -5.81997077965 -0.0340142298231 3.5668
412-13 -6.05915884377 0.245718796242 4.0001
412-4 -6.45045854366 -0.0310209775987 4.0648
412-5 -6.37100130279 -0.16735001073 3.8737
412-5-8- -6.60393074862 -1.39784878881 2.4460
41212 -6.28909503737 0.0560554507485 4.0254
41213 -6.05616559155 0.173608629017 3.9567
41213-5 -5.88146850717 -0.131975211714 3.5466
4121312 -5.78840557438 -0.00408170757877 3.5991
4124- -6.45045854366 -0.0310209775987 4.0647
41248- -6.67658514352 -1.42859765257 2.3970
4128 -7.17809094803 -1.3885969183 2.4392
412812 -6.87413979033 -1.2109065817 2.4266
413 -6.48284009045 0.721918013766 4.7452
413- -6.48284009045 0.721918013766 4.7453
413-12 -6.05344445316 0.284358961321 4.0508
413-12- -6.02786575233 0.315107825081 4.0611
413-13 -5.83820240684 0.490077023291 4.0664
413-13-8 -6.17888893275 -1.32437805239 2.4654
413-4- -6.1680043792 0.192928711557 4.0575
413-55 -5.93561916105 -0.46340986711 3.3270
41312 -6.02786575233 0.315107825081 4.0610
41312-5- -5.85425712332 -0.151295294253 3.5166
41313 -5.80391606318 0.43647059709 4.0155
41313- -5.83820240684 0.490621250969 4.0668
41313-5- -5.68826768178 0.0546948815556 3.5781
4135 -6.09154039056 0.0419055311421 3.8614
4135- -6.11548640836 0.0587765891343 3.8790
413512- -5.89017615001 -0.346400916519 3.3801
4138- -6.88475223004 -1.35648748535 2.4607
4138-8- -7.03958500419 -1.78207352889 2.3185
44 -7.24421461081 0.294699287187 5.0040
44- -7.24421461081 0.293338717995 5.0031
44-12 -6.61182204994 -0.119730088977 4.2226
44-124 -6.32202081184 -0.34422400581 3.7609
44-13 -6.32283715336 0.0331978883074 4.1470
44-4 -6.85318702476 -0.17496919821 4.3524
44-4-12- -6.48855448106 -0.395381407464 3.9275
44-5-12- -6.29127194808 -0.543955563331 3.5712
44-8- -7.48013730886 -1.45662537795 2.3969
44-813 -6.96339312939 -1.22342381828 2.4026
44-84 -7.28421534508 -1.29498975783 2.3447
4412- -6.61209416377 -0.119730088977 4.2226
441212- -6.21399161793 -0.325448150948 3.7157
4413- -6.32283715336 0.0331978883074 4.1471
4413-13 -5.79548053418 -0.0552391092327 3.6961
444 -6.85318702476 -0.174697084372 4.3526
444- -6.85318702476 -0.17496919821 4.3525
4445- -6.56583481122 -0.508852878154 3.8659
445 -6.71413685324 -0.299869450121 4.1105
445-4- -6.44474415305 -0.576609223961 3.6402
445-8- -6.95060377897 -1.4351283847 2.4447
448 -7.47959308118 -1.45635326411 2.3970
448-8- -7.58136365681 -1.91731410667 2.2848
4485 -7.21673111311 -1.31403772653 2.3904
45 -7.01210150649 0.100682120276 4.5735
45- -7.01210150649 0.100682120276 4.5735
45-12 -6.42052602141 -0.325176037109 3.7949
45-13- -6.15222177657 -0.179595133466 3.7211
45-413- -6.1418814507 -0.469940599236 3.5457
45-48- -6.80883246907 -1.45308789804 2.3978
45-5 -6.49726212389 -0.490893364807 3.6927
45-5- -6.47630935832 -0.489532795614 3.6867
45-8 -7.27142599467 -1.44410814137 2.4445
45-8- -7.27142599467 -1.44410814137 2.4445
45124- -6.1609294194 -0.511029788862 3.4418
4513- -6.16990917607 -0.139322285355 3.7519
4513-13 -5.73724817272 -0.221772778447 3.4103
455 -6.47603724448 -0.490077023291 3.6863
455- -6.49699001005 -0.491165478646 3.6921
4554- -6.25889040129 -0.736067933372 3.3301
4555- -6.20990991035 -0.823688589397 3.2289
4558 -6.71685799163 -1.44084277531 2.4466
458 -7.27142599467 -1.44410814137 2.4445
458- -7.27142599467 -1.44410814137 2.4445
48 -8.19742938737 -1.49526554302 2.3941
48- -8.19742938737 -1.49526554302 2.3941
48-12 -7.52830145829 -1.28737057035 2.3818
48-12- -7.52830145829 -1.28737057035 2.3818
48-1212 -6.77155287319 -1.20600853261 2.3842
48-1212- -6.78515856511 -1.24056699011 2.3866
48-1213 -6.49209196096 -1.21308349241 2.3900
48-13 -7.14489305972 -1.2419275593 2.4000
48-4 -7.79442879243 -1.32138480017 2.3424
48-44- -7.28421534508 -1.29498975783 2.3448
48-5 -7.599595284 -1.34016065503 2.3881
48-5-8- -7.76422415634 -1.85799328986 2.3904
48-513 -6.54324936261 -1.24464869769 2.3942
48-88 -8.24232817074 -2.43786787988 2.2342
4812 -7.52830145829 -1.28737057035 2.3818
4812- -7.52830145829 -1.28737057035 2.3818
4813- -7.14489305972 -1.2419275593 2.4000
4813-12- -6.52365716623 -1.20138259735 2.4036
485 -7.599595284 -1.34016065503 2.3881
485- -7.599595284 -1.34016065503 2.3881
488 -8.18545637847 -1.9260217495 2.2836
488-12- -7.88994074977 -1.85608849299 2.2798
512 -6.71223205637 0.225582372187 4.4568
512- -6.72610986214 0.222861233801 4.4540
512-12 -6.25127121381 -0.123267568879 3.8279
512-12- -6.22623674066 -0.0985052095677 3.8380
512-12-13- -5.82568517026 -0.247079365435 3.4223
512-12-4- -6.045281038 -0.327352947818 3.4898
512-124- -6.07004339731 -0.343407664294 3.5069
512-13- -6.01997445101 -0.00163268303151 3.7703
512-48 -6.59059717053 -1.44138700298 2.3973
512-5 -6.30514975385 -0.287896441223 3.7210
512-8-5 -6.80366230614 -1.29825512389 2.4327
51212- -6.22950210672 -0.12490025191 3.8176
51213- -5.99493997786 0.0729265087408 3.8001
51213-12 -5.80065069711 -0.127077162619 3.5106
512138 -6.33426593458 -1.31077236046 2.4605
5124 -6.35032065106 -0.167622124568 3.8658
5124- -6.35059276489 -0.167622124568 3.8658
5124-8 -6.56910017728 -1.42179480661 2.3972
5125- -6.28256430525 -0.288168555061 3.7121
51254 -6.09344518743 -0.573615971737 3.3475
513 -6.37072918895 0.477559786717 4.3915
513- -6.38787236078 0.504226942898 4.4047
513-12 -6.01970233718 0.124628138072 3.8664
513-12- -5.99085827029 0.158642367895 3.8776
513-1213 -5.69425418623 -0.0089797566733 3.5230
513-13 -5.81779386895 0.31157034518 3.8691
513-13- -5.78622866367 0.260412943526 3.8227
513-1312 -5.64010353235 0.135240577777 3.6034
513-4- -6.11548640836 0.0587765891343 3.8789
513-4-5 -6.01589274344 -0.377149780279 3.5337
513-48 -6.35004853722 -1.42097846509 2.3981
513-5- -6.04990697326 -0.0780966716739 3.7238
513-512- -5.89561842678 -0.384224740082 3.3496
513-8 -6.78407010976 -1.38750846294 2.4603
51312 -5.96582379714 0.138778057678 3.8592
51312- -5.99412363635 0.101770575631 3.8457
513124 -5.83575338229 -0.158642367895 3.4936
51313 -5.76146630436 0.229936193604 3.7970
51313- -5.79058248509 0.287352213546 3.8462
5134 -6.09154039056 0.0416334173035 3.8613
5134- -6.09154039056 0.0416334173035 3.8613
5135 -6.02296770324 -0.0876206560243 3.7088
5135- -6.04990697326 -0.0780966716739 3.7238
5135-4- -5.92881631509 -0.413613034649 3.3675
5138-12- -6.52175236936 -1.20845755716 2.4434
5138-5 -6.54515415948 -1.26396878023 2.4525
54 -7.01210150649 0.100682120276 4.5736
54- -7.01210150649 0.100682120276 4.5735
54-13 -6.26487690574 -0.118913747462 3.9531
54-13-8- -6.60719611468 -1.37009317728 2.4614
54-1312- -5.96691225249 -0.297692539412 3.6017
54-4 -6.71413685324 -0.299869450121 4.1105
54-4-12 -6.43331537182 -0.485723201874 3.8024
54-4-5- -6.50025537612 -0.58259572841 3.7589
54-44 -6.56583481122 -0.508852878154 3.8660
54-5-13 -6.07602990176 -0.51538361028 3.4505
54-55- -6.32827943013 -0.739877527112 3.4270
54-8- -7.25564339203 -1.46533302078 2.3978
54-8-4- -7.09754525181 -1.30533008369 2.3459
5412-12 -6.17970527426 -0.433477344866 3.6096
5412-12- -6.15711982566 -0.404905391814 3.6196
5413 -6.26487690574 -0.118913747462 3.9531
541313- -5.78187484225 -0.191023914687 3.5803
544 -6.71413685324 -0.299869450121 4.1105
544-13 -6.22814153753 -0.400551570397 3.7547
545 -6.60637977316 -0.414157262326 3.9307
545- -6.60610765933 -0.414157262326 3.9310
545-5- -6.30895934759 -0.738244844081 3.4201
545-8- -6.8344111699 -1.44465236905 2.4452
548 -7.25564339203 -1.46533302078 2.3977
548- -7.25564339203 -1.46533302078 2.3977
548-12 -7.02570719842 -1.27430910609 2.3851
54812 -7.02570719842 -1.27430910609 2.3851
55 -6.82515929939 -0.0889812252173 4.2387
55- -6.84066978819 -0.0903417944102 4.2393
55-13 -6.12310559584 -0.288984896577 3.5850
55-4 -6.49699001005 -0.491165478646 3.6922
55-4- -6.49726212389 -0.490893364807 3.6926
55-5 -6.41780488303 -0.609807112269 3.5369
55-5- -6.39630788978 -0.608446543076 3.5308
55-8 -7.10598078081 -1.46261188239 2.4468
55-8- -7.10598078081 -1.46261188239 2.4468
55-8-4- -6.92393662279 -1.37526334021 2.3927
55-88 -7.22407818675 -2.01881256846 2.3137
5512 -6.30623820921 -0.445450353764 3.6180
5512- -6.32991211316 -0.465042550142 3.6123
551212- -6.0262330693 -0.60953499843 3.2861
5513- -6.10133648875 -0.288712782739 3.5782
5513-4- -5.93561916105 -0.46340986711 3.3270
555- -6.39630788978 -0.608446543076 3.5308
555-5- -6.15848039485 -0.889268024495 3.1491
558 -7.08883760898 -1.44655716592 2.4468
558- -7.08883760898 -1.44655716592 2.4468
558-4- -6.90570499561 -1.36873260808 2.3915
558-5- -6.85944564305 -1.43322358783 2.4390
58 -8.06137246808 -1.5077827796 2.4418
58- -8.06137246808 -1.5077827796 2.4418
58-12 -7.38516957919 -1.30723488056 2.4295
58-13-8 -7.3217670548 -1.64166278818 2.4500
58-134- -6.64365936905 -1.25961495881 2.4515
58-4 -7.59986739784 -1.34016065503 2.3879
58-4- -7.59986739784 -1.34016065503 2.3879
58-4-5 -7.05237435461 -1.32492228007 2.3915
58-48 -7.75306748896 -1.69907880812 2.3933
58-5 -7.44503462368 -1.35948073757 2.4347
58-5- -7.44503462368 -1.36056919292 2.4347
58-54- -6.99795158689 -1.3815219585 2.4374
58-55 -6.85781296002 -1.43295147399 2.4395
58-58- -7.61456154512 -1.89527288574 2.4379
58-8-13- -7.43333372862 -1.78561100879 2.3142
5812-5- -6.78189319905 -1.28764268418 2.4316
5812-8 -7.57755406307 -1.75622271423 2.4308
5813-4- -6.6447478244 -1.26124764184 2.4520
581313- -6.27004706867 -1.18206251481 2.4521
584 -7.59986739784 -1.34016065503 2.3879
584-8- -7.75306748896 -1.69907880812 2.3933
585- -7.44503462368 -1.36056919292 2.4347
588-13 -7.43333372862 -1.78561100879 2.3141
588-4 -7.95443172951 -1.90207573171 2.2820
812 -7.96694896609 -1.45526480875 2.4357
812- -7.96694896609 -1.45526480875 2.4357
812-12- -6.95142012049 -1.34886829787 2.4380
812-12-12- -6.4232471598 -1.29743878237 2.4373
812-12-5 -6.49345253015 -1.35458268848 2.4394
812-12-8 -7.19686680289 -1.54397392013 2.4369
812-1212- -6.48855448106 -1.37363065718 2.4412
812-124- -6.6031144071 -1.37281431566 2.4410
812-13- -6.63876131996 -1.3420654519 2.4449
812-4-13- -6.44311147001 -1.34777984251 2.4406
812-5- -7.01645532791 -1.37716813708 2.4397
812-5-8- -7.2385002202 -1.71975945986 2.4407
812-8 -8.14327873349 -1.73635840401 2.4367
81212 -6.95142012049 -1.34886829787 2.4380
81212-13- -6.25780194594 -1.34587504564 2.4409
8128- -8.14327873349 -1.73635840401 2.4367
8128-12 -7.52666877526 -1.70724222328 2.4254
813 -7.46544316158 -1.37499122637 2.4559
813- -7.46544316158 -1.37499122637 2.4559
813-12 -6.71195994254 -1.36573935586 2.4608
813-12- -6.69263986 -1.32029634481 2.4594
813-13 -6.4387576486 -1.26560146326 2.4607
813-1313 -5.91439428164 -1.26696203245 2.4626
813-4-4- -6.68229953413 -1.35784805454 2.4608
813-5 -6.78352588208 -1.38696423527 2.4616
813-5- -6.761756775 -1.36029707909 2.4616
813-513 -6.19385519387 -1.34832407019 2.4621
813-8 -7.73973391087 -1.70724222328 2.4564
813-8- -7.73973391087 -1.70724222328 2.4564
813-8-5- -7.32203916864 -1.63975799131 2.4493
813-85 -7.32231128248 -1.64139067434 2.4499
81312 -6.69291197383 -1.31893577562 2.4587
81312- -6.71195994254 -1.36573935586 2.4608
81312-13- -6.12228925432 -1.35158943625 2.4621
81313 -6.41100203706 -1.30152048995 2.4645
81313- -6.4387576486 -1.26560146326 2.4607
81313-5 -6.17344665598 -1.32192902785 2.4625
8131312 -6.07548567409 -1.29362918863 2.4647
8131313- -5.92201346912 -1.26179186952 2.4650
813138 -6.74434148933 -1.54723928619 2.4634
8134 -6.88584068539 -1.35458268848 2.4600
8134- -6.88502434388 -1.35621537151 2.4606
8135 -6.761756775 -1.36029707909 2.4616
8135-4 -6.52039180017 -1.38533155224 2.4622
8138-5 -7.32203916864 -1.63975799131 2.4493
81388 -7.85728708914 -2.16548192746 2.3185
84 -8.19634093202 -1.49499342919 2.3933
84- -8.19634093202 -1.49499342919 2.3933
84-12 -7.13047102628 -1.43485627086 2.3963
84-12- -7.13047102628 -1.43485627086 2.3963
84-128 -7.38680226223 -1.59758034633 2.3986
84-13 -6.76447791338 -1.38723634911 2.3965
84-13- -6.76447791338 -1.38723634911 2.3965
84-13-4 -6.40936935403 -1.399209358 2.3973
84-4- -7.4804094227 -1.45662537795 2.3969
84-4-12 -6.80747189988 -1.44138700298 2.3965
84-4-8 -7.677147728 -1.59268229724 2.3983
84-5 -7.25591550587 -1.46533302078 2.3975
84-5- -7.25591550587 -1.46533302078 2.3975
84-512- -6.62842099409 -1.4541763534 2.3977
84-513- -6.3731782135 -1.40601220397 2.3966
84-55- -6.70298018586 -1.46723781765 2.3980
84-8 -8.3922628958 -1.73146035492 2.3984
84-8- -8.3922628958 -1.73146035492 2.3984
8412 -7.13047102628 -1.43485627086 2.3963
8412- -7.13047102628 -1.43485627086 2.3963
8413-8 -7.10081061787 -1.5888727035 2.3995
844- -7.48013730886 -1.45689749178 2.3969
84412 -6.80747189988 -1.44138700298 2.3965
8448- -7.677147728 -1.59268229724 2.3983
845 -7.25591550587 -1.46533302078 2.3975
845- -7.25591550587 -1.46533302078 2.3975
8454- -6.80937669675 -1.45363212572 2.3976
848- -8.3922628958 -1.73146035492 2.3984
848-5- -7.7533396028 -1.69880669429 2.3935
848-8- -8.34545931556 -2.2264354273 2.2859
84812- -7.68667171235 -1.65145888637 2.3874
85 -8.06137246808 -1.50751066576 2.4422
85- -8.06137246808 -1.50751066576 2.4422
85-13 -6.6961773399 -1.34968463938 2.4463
85-13- -6.68447644484 -1.37063740495 2.4490
85-134- -6.38923292997 -1.35784805454 2.4471
85-138 -7.02189760468 -1.64764929263 2.4481
85-4- -7.2716981085 -1.44383602753 2.4444
85-5 -7.10625289464 -1.46288399623 2.4466
85-5-4 -6.71713010547 -1.44084277531 2.4466
8512 -7.0001284976 -1.41091025306 2.4446
85124 -6.60420286246 -1.39784878881 2.4457
85125 -6.50542553905 -1.38642000759 2.4454
8513 -6.68447644484 -1.37063740495 2.4490
8513- -6.6961773399 -1.34968463938 2.4463
854 -7.2716981085 -1.44383602753 2.4444
854- -7.2716981085 -1.44410814137 2.4443
854-4 -6.95114800665 -1.43540049854 2.4444
854-8 -7.47034121067 -1.7066979956 2.4002
854-8- -7.47034121067 -1.7066979956 2.4002
85513 -6.32365349487 -1.399209358 2.4472
858 -8.19171499676 -1.90153150403 2.4432
858- -8.19171499676 -1.90153150403 2.4432
858-8- -8.28260101885 -2.37990763226 2.3131
88 -8.47879509647 -2.15595794311 2.3139
88- -8.47879509647 -2.15595794311 2.3139
88-13 -7.63551431069 -1.81091759578 2.3166
88-13- -7.63551431069 -1.81091759578 2.3166
88-13-12 -6.86815328588 -1.79567922082 2.3185
88-1312- -6.86815328588 -1.79567922082 2.3185
88-4 -8.1849121508 -1.92547752183 2.2834
88-4-8 -8.34518720172 -2.22616331346 2.2858
88-48- -8.34518720172 -2.22616331346 2.2858
88-5- -8.18083044322 -1.95622638559 2.3115
88-5-12- -7.12475663567 -1.96139654852 2.3125
88-5-5- -7.20802347028 -2.00820012876 2.3134
88-8 -8.4875027393 -2.55133935057 2.2445
88-8- -8.4875027393 -2.55133935057 2.2445
88-84- -8.24314451225 -2.43841210756 2.2351
8813-5- -6.91386841077 -1.80302629446 2.3185
