1212 -8.16205458835 1.72384116744 5.1105
1212- -8.17402759725 1.72683441966 5.1269
1212-12 -7.69211398912 1.08301307757 4.3776
1212-1212- -7.43959234691 0.733074681148 3.9870
1212-124- -7.49673625301 0.656338578667 4.0092
1212-13-8 -7.73184260955 -0.122723341202 2.1617
1212-4 -7.79959895536 0.91729574987 4.4044
1212-4-13 -7.45809608794 0.626678170261 4.0566
1212-413 -7.4578239741 0.6269502841 4.0566
1212-5 -7.73374740642 0.784776310479 4.2172
1212-5- -7.70653602256 0.78450419664 4.2069
1212-55- -7.52857357213 0.175785539726 3.7041
1212-58- -7.92994148404 -0.515655724118 2.1479
1212-8-13 -8.05674653282 -0.240004405632 2.1467
1212128- -7.84721887711 -0.160819278604 2.1400
121213 -7.42761933801 1.28655422883 4.3674
121213- -7.42353763043 1.35621537151 4.4010
1212134 -7.24149347242 0.911309245421 4.0356
12124-4 -7.66952854052 0.463137753272 4.1391
12125 -7.68177366325 0.820151109495 4.2235
12125-12 -7.46680373077 0.375244983409 3.7902
121254- -7.50272275746 0.333067338428 3.8261
12128-13- -8.03987547483 -0.207078631163 2.1431
12128-5- -8.2025995503 -0.466675233173 2.1341
1213 -7.79660570313 2.11105915974 5.1609
1213- -7.81837481022 2.12711387622 5.1827
1213-12 -7.43360584246 1.42097846509 4.4889
1213-125- -7.26435103486 0.763279317231 3.9635
1213-13 -7.23115314656 1.69418075903 4.5559
1213-13- -7.19849948593 1.63349937303 4.5082
1213-13-4 -7.07060598179 1.04274022946 4.0963
1213-13-5 -7.06598004653 0.937160060086 3.9840
1213-13-8- -7.48830072402 -0.144764562127 3.7762
1213-134- -7.10516443929 1.13172145467 4.1815
1213-4 -7.51741690475 1.17362698582 4.4613
1213-4-5 -7.41564632912 0.462865639433 4.0235
1213-48- -7.71796480378 -0.249528389982 2.1045
1213-8 -8.14436718885 -0.138233830001 2.1619
121312 -7.37101965959 1.48057139574 4.5131
121312- -7.3993194988 1.45009464582 4.4983
121313-8 -7.48911706553 -0.0715659395478 2.1627
12131313- -6.86488791982 1.43893797844 4.1875
1213135 -6.99822370073 0.965187785461 3.9814
12135- -7.44612307904 1.09471397263 4.2914
12138 -8.12423076479 -0.0838110622842 2.1600
12138- -8.12423076479 -0.0838110622842 2.1600
12138-13- -7.79252399556 -0.0541506538784 2.1699
124 -8.41239931985 1.36138553444 5.1678
124- -8.41267143369 1.3611134206 5.1678
124-12 -7.93620010233 0.752122649849 4.4962
124-128- -8.14491141652 -0.262045626557 2.1432
124-13 -7.68259000477 0.916207294515 4.4507
124-13- -7.68286211861 0.91920054674 4.4522
124-5 -8.0156573432 0.525179708469 4.3774
124-5-12- -7.66599106061 0.224221802994 3.9131
124-8- -8.6341720983 -0.215242046321 2.1057
124-812 -8.43988281755 -0.427762954255 2.0953
124-85 -8.45838655857 -0.52109800089 2.1003
12413 -7.68367846012 0.918384205224 4.4532
12413- -7.68177366325 0.917023636031 4.4497
12413-4- -7.44721153439 0.629127194808 4.0976
12413-5 -7.41346941841 0.560826621324 4.0002
1244 -8.12586344782 0.642732886738 4.6004
1244- -8.12586344782 0.642732886738 4.6004
1244-12- -7.86708318733 0.343679778133 4.2561
1244-4- -7.98953441469 0.296331970219 4.3255
1248- -8.6341720983 -0.215242046321 2.1057
125 -8.23797434932 1.19376340987 4.7973
125- -8.25675020418 1.18804901926 4.7936
125-12 -7.77374814069 0.574432313253 4.0941
125-124 -7.5601387774 0.317012621951 3.8047
125-13 -7.54190715022 0.779061919869 4.0773
125-13- -7.52503609223 0.738789071758 4.0491
125-13-8 -7.7914355402 -0.222861233801 3.6980
125-135- -7.32993046996 0.443001329216 3.7567
125-4 -7.90572335241 0.483002063488 4.1612
125-4- -7.90572335241 0.483274177327 4.1615
125-412- -7.69347455831 0.199187329844 3.9070
125-413 -7.53673698729 0.291433921124 3.8843
125-5 -7.82789879457 0.357557583901 3.9748
125-8 -8.46899899828 -0.408442871716 2.1481
125-84- -8.31389411028 -0.5768813378 2.0999
125128 -7.90980505999 -0.334427907621 2.1424
12513- -7.50816503423 0.796205091699 4.0791
125138- -7.76014244876 -0.190479687009 3.7031
1255 -7.77265968534 0.382047829373 3.9791
1258-5- -8.24940313054 -0.628582967131 2.1401
128 -9.5150045938 -0.154832774155 2.1413
128- -9.5150045938 -0.154832774155 2.1413
128-12- -8.85893812897 -0.253065869884 2.1294
128-12-8- -9.01676415535 -0.86151241296 2.1309
128-124 -8.3612419182 -0.388850675338 2.1337
128-13 -8.50899973255 -0.0813620377369 2.1493
128-4 -9.07526863065 -0.260957171203 2.0942
128-4-4 -8.71362933917 -0.441368646185 2.0959
128-5- -8.90873496143 -0.378510349472 2.1338
128-512- -8.24967524438 -0.578514020832 2.1373
128-54- -8.45212794029 -0.570078491835 2.1359
128-84- -9.43962906051 -1.08382941908 2.0104
12812-12- -8.18300735393 -0.361911405318 2.1289
12813 -8.50899973255 -0.0813620377369 2.1493
12813- -8.50899973255 -0.0764639886424 2.1443
12813-4 -8.06844742788 -0.241909202502 2.1471
1284 -9.07526863065 -0.260957171203 2.0942
1284-13 -8.09729149477 -0.365720999058 2.0949
12844- -8.71362933917 -0.441640760023 2.0954
1285 -8.90900707527 -0.378238235633 2.1358
12858- -9.0488735883 -1.0606997428 2.1368
1288- -9.6306529752 -1.02586917147 2.0370
1312 -7.79742204465 2.11160338742 5.1623
1312- -7.81837481022 2.12711387622 5.1827
1312-12 -7.4542864942 1.33934431351 4.4004
1312-12- -7.42353763043 1.35621537151 4.4010
1312-13- -7.26190201032 1.56928050712 4.4288
1312-134- -7.12312395264 1.04328445713 4.0858
1312-4 -7.53619275961 1.11593885204 4.4035
1312-4- -7.53646487345 1.11593885204 4.4036
1312-5 -7.49047763473 0.97307908678 4.2141
1312-55 -7.32367185167 0.282998392128 3.6862
1312-8 -8.07742718455 -0.0370074820475 2.1425
1312-8- -8.07742718455 -0.0370074820475 2.1425
1312-8-4 -7.94817311123 -0.291433921124 2.0954
1312-813- -7.80721814284 -0.127893504135 2.1509
131212- -7.45809608794 1.26968317084 4.3659
13121313- -6.96665849545 1.28900325338 4.0824
13124 -7.52993414132 1.03702583885 4.3591
13124- -7.53075048284 1.03838640804 4.3608
131244 -7.46217779551 0.473750192976 4.0660
131244- -7.46217779551 0.474022306815 4.0661
13125 -7.4648989339 0.891444935204 4.1624
13125- -7.4888449517 0.893621845913 4.1713
131285- -7.9070839216 -0.46531466398 2.1400
131288- -8.17620450796 -1.06777470261 2.0372
1313 -7.47904885351 2.56195179028 5.3087
1313- -7.52639666142 2.58807471878 5.3418
1313-12 -7.23115314656 1.69418075903 4.5559
1313-12-13- -6.96665849545 1.28900325338 4.0824
1313-124 -7.11849801738 0.993215510835 4.0952
1313-13- -7.02679565378 1.9619407762 4.6203
1313-5 -7.27088176699 1.2299545504 4.2936
1313-813 -7.58843861662 -0.00163268303151 2.1723
1313-84 -7.72667244662 -0.162179847797 2.1130
131312- -7.19849948593 1.63349937303 4.5082
131312-5 -7.0798578523 0.831852004554 3.9391
1313128- -7.37700616404 -0.174424970533 3.6219
131313- -7.02679565378 1.9619407762 4.6203
131313-8 -7.29999794772 -0.0756476471266 3.8159
13131312 -6.85182645557 1.37390277102 4.1488
13134 -7.25727607506 1.30206471763 4.4407
13134- -7.25673184738 1.30260894531 4.4405
13135- -7.23469062646 1.17308275814 4.2425
131355- -7.10053850403 0.337149046007 3.6250
13138-12- -7.65238536868 -0.193200825395 2.1475
13138-5- -7.66653528829 -0.320277988014 3.6660
134 -8.00286799278 1.61880522574 5.1076
134- -8.00286799278 1.61880522574 5.1074
134-12- -7.68286211861 0.91920054674 4.4522
134-128 -7.87878408239 -0.222317006124 2.1427
134-13- -7.4888449517 1.10423795698 4.4443
134-13-13- -7.30734502136 1.00899811347 4.2998
134-13-5 -7.29646046782 0.683549962525 3.9994
134-412- -7.66762374365 0.438103280122 4.2131
134-5- -7.74653675684 0.657154920183 4.3267
134-8 -8.23389264174 -0.133335780907 2.1057
134-8- -8.23389264174 -0.133335780907 2.1057
134-8-13- -8.01239197713 -0.222589119962 3.9895
13412-8- -7.876062944 -0.212520907935 2.1424
13413 -7.49292665927 1.10587064001 4.4483
1341312- -7.27060965315 0.817429971109 4.1011
1344 -7.81728635487 0.781510944416 4.5294
1345- -7.74653675684 0.657154920183 4.3266
13454- -7.60721447148 0.248167820789 3.9393
1348 -8.23389264174 -0.133607894745 2.1059
1348- -8.23389264174 -0.133607894745 2.1059
1348-8 -8.32749980221 -1.05063153078 2.0131
135 -7.87633505784 1.43921009228 4.7507
135- -7.89701570957 1.46560513462 4.7541
135-12- -7.50816503423 0.796205091699 4.0791
135-13- -7.33646120209 0.960017622528 4.0658
135-13-12- -7.1002663902 0.732258339632 3.8079
135-4 -7.64041235979 0.658787603214 4.1216
135-4-8 -7.80939505355 -0.382319943212 2.1031
135-5- -7.56231568811 0.527356619178 3.9432
135-5-13 -7.22244550372 0.321910671046 3.5945
135-58 -7.76803375008 -0.562731418194 3.4808
135-8- -8.12150962641 -0.274018635455 2.1477
135-8-4- -8.00096319591 -0.472661737622 3.7058
13512 -7.49129397624 0.755115902073 4.0519
13512- -7.52503609223 0.738789071758 4.0491
13512-4- -7.37292445646 0.435654255574 3.7705
13513- -7.33646120209 0.960017622528 4.0658
13513-13 -7.02162549085 0.812804035853 3.8161
1354 -7.61782691118 0.617154185911 4.0886
1358 -8.10191743003 -0.31728473579 2.1494
138 -8.96315772915 -0.102314803308 2.1588
138- -8.96315772915 -0.102314803308 2.1588
138-12 -8.50899973255 -0.0816341515755 2.1493
138-125 -8.07960409526 -0.285719530514 2.1508
138-13 -8.25457329347 0.0405449619492 2.1585
138-13- -8.25076369973 0.0220412209254 2.1677
138-1312 -7.80068741071 -0.0408170757877 2.1617
138-4 -8.6496825871 -0.0982330957292 2.1107
138-5-4 -8.25974345641 -0.442457101539 3.8107
138-5-5- -8.14436718885 -0.509124991992 3.6776
138-8- -9.10628960824 -0.89035647985 2.0428
13812 -8.50899973255 -0.0816341515755 2.1493
13812-13 -7.79796627233 -0.125444479588 2.1460
13812-13- -7.79197976788 -0.197554646813 2.1517
1381313- -7.59850682865 0.0179595133466 2.1628
1384 -8.6496825871 -0.0982330957292 2.1107
1384-5- -8.36559573962 -0.366537340574 4.0379
1385- -8.5446466454 -0.222044892285 2.1526
1385-13- -7.84014391731 -0.373884414216 3.6070
1388 -9.10628960824 -0.89035647985 2.0428
1388- -9.10628960824 -0.89035647985 2.0428
1388-12- -8.91281666901 -0.982330957292 2.0364
412 -8.41239931985 1.3611134206 5.1677
412- -8.41239931985 1.36138553444 5.1677
412-12-13 -7.27768461295 0.826409727782 3.9993
412-13 -7.53619275961 1.11593885204 4.4035
412-4 -7.93919335455 0.810082897467 4.4477
412-5 -7.85048424317 0.699332565163 4.2536
412-5-8- -8.01892270926 -0.485178974197 2.1465
41212 -7.77810196211 0.950493638177 4.4201
41213 -7.52993414132 1.03702583885 4.3589
41213-5 -7.31659689187 0.737700616404 3.9808
4121312 -7.22571086978 0.86913160044 4.0490
4124- -7.93919335455 0.810082897467 4.4476
41248- -8.13130572459 -0.321910671046 2.1054
4128 -8.64859413174 -0.138233830001 2.1418
412812 -8.3612419182 -0.388850675338 2.1336
413 -8.00259587894 1.61880522574 5.1072
413- -8.00286799278 1.61880522574 5.1073
413-12 -7.51714479091 1.1728106443 4.4604
413-12- -7.48911706553 1.21526040312 4.4770
413-13 -7.2956441263 1.36220187596 4.4965
413-13-8 -7.55442438679 -0.128437731812 3.7848
413-4- -7.6257182125 1.03294413127 4.4513
413-55 -7.3612235614 0.332795224589 3.7272
41312 -7.48911706553 1.21498828928 4.4768
41312-5- -7.28584802811 0.717564192348 3.9491
41313 -7.25673184738 1.30288105914 4.4407
41313- -7.2956441263 1.36274610363 4.4970
41313-5- -7.10516443929 0.939881198472 4.0396
4135 -7.53945812567 0.91729574987 4.2602
4135- -7.56721373721 0.933350466346 4.2719
413512- -7.32203916864 0.466675233173 3.7780
4138- -8.31879215938 -0.120818544332 2.1612
4138-8- -8.45076737109 -0.967908923847 2.0438
44 -8.8140393456 1.122741698 5.3791
44- -8.8140393456 1.12138112881 5.3780
44-12 -8.12586344782 0.642732886738 4.6004
44-124 -7.79769415849 0.40000734272 4.1604
44-13 -7.81701424103 0.781510944416 4.5293
44-4 -8.38001777306 0.556200686068 4.7367
44-4-12- -7.98953441469 0.296331970219 4.3255
44-5-12- -7.76204724563 0.185037410238 3.9582
44-8- -9.01213822009 -0.238915950278 2.1063
44-813 -8.4684547706 -0.308304979117 4.1430
44-84 -8.82138641925 -0.444089784571 3.8371
4412- -8.12586344782 0.642732886738 4.6004
441212- -7.69320244447 0.42694661274 4.1241
4413- -7.81728635487 0.781510944416 4.5293
4413-13 -7.24421461081 0.674842319691 4.1385
444 -8.38001777306 0.556472799906 4.7370
444- -8.38001777306 0.556200686068 4.7369
4445- -8.06137246808 0.18068358882 4.2553
445 -8.22219174668 0.45198108589 4.4748
445-4- -7.92096172737 0.136056919292 4.0251
445-8- -8.40913395379 -0.533071009788 3.9256
448 -9.01186610626 -0.239460177955 2.1065
448-8- -9.10520115289 -1.09743511101 2.0141
4485 -8.74192917838 -0.533343123626 2.1002
45 -8.55226583289 0.972534859102 4.9038
45- -8.55226583289 0.972806972941 4.9039
45-12 -7.90572335241 0.483274177327 4.1615
45-13- -7.61782691118 0.617154185911 4.0885
45-413- -7.60721447148 0.248439934628 3.9395
45-48- -8.26763475773 -0.456334907307 2.1048
45-5 -7.97402392589 0.303134816184 4.0456
45-5- -7.94817311123 0.305039613054 4.0425
45-8 -8.74247340606 -0.40572173333 2.1470
45-8- -8.74247340606 -0.40572173333 2.1470
45124- -7.6102077237 0.272658066262 3.8394
4513- -7.64041235979 0.658787603214 4.1217
4513-13 -7.17156021591 0.555112230713 3.8368
455 -7.94790099739 0.304495385377 4.0420
455- -7.97375181205 0.302862702345 4.0450
4554- -7.70517545337 0.00408170757877 3.7076
4555- -7.65129691333 -0.0791851270282 3.6041
4558 -8.13239417995 -0.634025243903 3.5987
458 -8.74247340606 -0.40572173333 2.1470
458- -8.74247340606 -0.40572173333 2.1470
48 -9.95664535382 -0.191568142364 2.1048
48- -9.95664535382 -0.191568142364 2.1048
48-12 -9.07499651681 -0.260957171203 2.0945
48-12- -9.07499651681 -0.260957171203 2.0945
48-1212 -8.24777044751 -0.36544888522 2.0940
48-1212- -8.26192036712 -0.398374659688 2.0964
48-1213 -7.93511164697 -0.360278722286 2.0995
48-13 -8.64886624558 -0.0987773234063 2.1108
48-4 -9.3683352348 -0.269936927876 2.0591
48-44- -8.82111430541 -0.444089784571 3.8372
48-5 -9.13758269968 -0.382319943212 2.0989
48-5-8- -9.26221083775 -1.05444112452 2.0988
48-513 -7.98001043034 -0.509941333508 2.1007
48-88 -10.1038589405 -1.59458709411 1.9786
4812 -9.07499651681 -0.260957171203 2.0945
4812- -9.07499651681 -0.260957171203 2.0945
4813- -8.64886624558 -0.0987773234063 2.1108
4813-12- -7.9691258768 -0.214697818643 2.1125
485 -9.13758269968 -0.382319943212 2.0989
485- -9.13758269968 -0.382319943212 2.0989
488 -10.0483477174 -1.01307982105 2.0142
488-12- -9.43962906051 -1.08382941908 2.0106
512 -8.23797434932 1.19376340987 4.7973
512- -8.25675020418 1.18804901926 4.7936
512-12 -7.73374740642 0.784776310479 4.2172
512-12- -7.7068081364 0.817702084948 4.2306
512-12-13- -7.27741249911 0.623140690359 3.8588
512-12-4- -7.49918527756 0.533615237465 3.9127
512-124- -7.52530820607 0.512390358055 3.9230
512-13- -7.4888449517 0.893621845913 4.1713
512-48 -8.03742645028 -0.359462380771 2.1053
512-5 -7.7772856206 0.594568737308 4.1033
512-8-5 -8.27035589611 -0.53851328656 2.1375
51212- -7.70653602256 0.78450419664 4.2069
51213- -7.46190568168 0.975800225165 4.2027
51213-12 -7.23904444787 0.763007203392 3.9527
512138 -7.73456374794 -0.102314803308 2.1609
5124 -7.82544977002 0.700965248195 4.2465
5124- -7.82544977002 0.700965248195 4.2466
5124-8 -8.0107592941 -0.342591322778 2.1056
5125- -7.7498021229 0.595385078824 4.0943
51254 -7.5340158489 0.222589119962 3.7503
513 -7.87633505784 1.43921009228 4.7507
513- -7.89701570957 1.46560513462 4.7541
513-12 -7.47768828431 1.05063153078 4.2738
513-12- -7.44612307904 1.09471397263 4.2914
513-1213 -7.13645753073 0.881648837015 3.9682
513-13 -7.27088176699 1.2299545504 4.2936
513-13- -7.23469062646 1.17308275814 4.2425
513-1312 -7.06489159118 1.05634592139 4.0701
513-4- -7.56721373721 0.933078352508 4.2718
513-4-5 -7.45455860803 0.388306447661 3.9471
513-48 -7.7653126117 -0.280277253742 3.8678
513-5- -7.4923824316 0.820695337172 4.1266
513-512- -7.32993046996 0.443001329216 3.7567
513-8 -8.20722548556 -0.161091392442 2.1608
51312 -7.41755112599 1.07185641019 4.2789
51312- -7.44829998975 1.02559705763 4.2604
513124 -7.26299046567 0.707768094159 3.9363
51313 -7.20584655957 1.14015698367 4.2251
51313- -7.23958867555 1.20410373574 4.2782
5134 -7.53945812567 0.917023636031 4.2601
5134- -7.53945812567 0.917023636031 4.2601
5135 -7.461361454 0.810355011306 4.1154
5135- -7.4923824316 0.820695337172 4.1266
5135-4- -7.35306014624 0.386401650791 3.7813
5138-12- -7.96150668932 -0.281637822935 2.1481
5138-5 -7.97701717812 -0.392116041401 3.7352
54 -8.55226583289 0.972534859102 4.9039
54- -8.55253794672 0.972534859102 4.9038
54-13 -7.74844155371 0.656338578667 4.3269
54-13-8- -8.02790246593 -0.197826760651 3.9353
54-1312- -7.41646267063 0.463137753272 4.0238
54-4 -8.22219174668 0.45198108589 4.4747
54-4-12 -7.92477132111 0.216330501675 4.1952
54-4-5- -7.98735750398 0.113199356851 4.1482
54-44 -8.06137246808 0.18068358882 4.2553
54-5-13 -7.53646487345 0.200547899037 3.8405
54-55- -7.79089131252 -0.0155104887993 3.8072
54-8- -8.75526275647 -0.314835711243 2.1067
54-8-4- -8.60859339747 -0.49606352774 2.0611
5412-12 -7.65156902717 0.327625061656 4.0158
5412-12- -7.62680666786 0.364360429865 4.0295
5413 -7.74844155371 0.656338578667 4.3269
541313- -7.22679932514 0.559466052131 4.0186
544 -8.22219174668 0.45198108589 4.4748
544-13 -7.70952927479 0.293610831833 4.1538
545 -8.09865206396 0.350210510259 4.2901
545- -8.09919629164 0.350482624097 4.2912
545-5- -7.76640106705 -0.0122451227363 3.8015
545-8- -8.28042410814 -0.57497654093 3.8420
548 -8.75526275647 -0.314835711243 2.1066
548- -8.75526275647 -0.314835711243 2.1066
548-12 -8.53702745792 -0.495247186225 2.0963
54812 -8.53702745792 -0.495247186225 2.0963
55 -8.34110549414 0.816069401916 4.5548
55- -8.36069769052 0.814980946562 4.5521
55-13 -7.58789438894 0.527900846855 3.9464
55-4 -7.97375181205 0.302862702345 4.0451
55-4- -7.97402392589 0.303134816184 4.0454
55-5 -7.88504270067 0.193472939234 3.8845
55-5- -7.85973611369 0.19428928075 3.8812
55-8 -8.55444274359 -0.497151983095 2.1479
55-8- -8.55444274359 -0.497151983095 2.1479
55-8-4- -8.39063021277 -0.637290609966 2.0999
55-88 -8.65566909155 -1.23621316869 2.0378
5512 -7.77265968534 0.382047829373 3.9791
5512- -7.80177586607 0.356741242385 3.9709
551212- -7.47251812138 0.188030662462 3.6874
5513- -7.56231568811 0.527356619178 3.9432
5513-4- -7.3612235614 0.332795224589 3.7272
555- -7.85973611369 0.19428928075 3.8812
555-5- -7.5946972349 -0.139594399194 3.5255
558 -8.53267363651 -0.491709706323 2.1486
558- -8.53267363651 -0.491709706323 2.1486
558-4- -8.36641208113 -0.630215650163 2.0991
558-5- -8.31715947635 -0.703414272742 2.1420
58 -9.60180890831 -0.204357492777 2.1449
58- -9.60180890831 -0.204357492777 2.1449
58-12 -8.90873496143 -0.378238235633 2.1358
58-13-8 -8.77022901759 -0.775252326128 3.9228
58-134- -8.08776751042 -0.358646039255 2.1543
58-4 -9.13785481352 -0.382319943212 2.0986
58-4- -9.13785481352 -0.382319943212 2.0986
58-4-5 -8.55770810966 -0.580418817702 2.1014
58-48 -9.2730953913 -0.928180303413 2.1028
58-5 -8.95934813541 -0.484906860358 2.1400
58-5- -8.95934813541 -0.485178974197 2.1391
58-54- -8.47716241344 -0.647630935832 2.1394
58-55 -8.31579890715 -0.702870045065 2.1409
58-58- -9.09322814399 -1.10532641233 2.1403
58-8-13- -8.92887138549 -1.03974697723 2.0390
5812-5- -8.24260028458 -0.525179708469 2.1363
5812-8 -9.06139082488 -0.921649571287 2.1351
5813-4- -8.08885596578 -0.359734494609 2.1568
581313- -7.69918894892 -0.274834976971 3.7194
584 -9.13785481352 -0.382319943212 2.0986
584-8- -9.2730953913 -0.928180303413 2.1028
585- -8.95934813541 -0.485178974197 2.1391
588-13 -8.92859927165 -1.03947486339 2.0393
588-4 -9.49867776348 -1.13580316225 2.0117
812 -9.51527670764 -0.155104887993 2.1414
812- -9.51527670764 -0.155104887993 2.1414
812-12- -8.41158297834 -0.0957840711819 2.1400
812-12-12- -7.84749099095 -0.161091392442 2.1394
812-12-5 -7.91034928766 -0.244086113211 2.1414
812-12-8 -8.61240299121 -0.602732152466 2.1399
812-1212- -7.91660790595 -0.237283267246 2.1436
812-124- -8.02871880745 -0.234017901183 2.1436
812-13- -8.06382149263 -0.109389763111 2.1462
812-4-13- -7.87878408239 -0.222317006124 2.1426
812-5- -8.46246826615 -0.20000367136 2.1417
812-5-8- -8.64233551346 -0.843825013452 2.1475
812-8 -9.63663947965 -0.757020698943 2.1400
81212 -8.41158297834 -0.0957840711819 2.1400
81212-13- -7.66844008516 -0.209799769549 2.1431
8128- -9.63663947965 -0.757020698943 2.1400
8128-12 -9.01975740757 -0.858791274574 2.1316
813 -8.96206927379 -0.101770575631 2.1590
813- -8.96206927379 -0.101770575631 2.1590
813-12 -8.14463930268 -0.137417488485 2.1612
813-12- -8.12423076479 -0.0840831761227 2.1598
813-13 -7.85402172308 -0.0476199217524 2.1606
813-1313 -7.29972583388 -0.0756476471266 3.8163
813-4-4- -8.11035295902 -0.164628872344 4.0139
813-5 -8.20668125788 -0.160547164765 2.1621
813-5- -8.18083044322 -0.131975211714 2.1615
813-513 -7.59279243803 -0.180955702659 3.6733
813-8 -9.18220936921 -0.585316866796 2.1598
813-8- -9.18220936921 -0.585316866796 2.1598
813-8-5- -8.77131747295 -0.77307541542 3.9221
813-85 -8.77104535911 -0.774708098451 3.9237
81312 -8.12450287863 -0.0827226069298 2.1591
81312- -8.14463930268 -0.137417488485 2.1612
81312-13- -7.52748511677 -0.158098140218 2.1621
81313 -7.81755846871 -0.0927908189575 2.1629
81313- -7.85402172308 -0.0476199217524 2.1606
81313-5 -7.5566012975 -0.115104153721 3.8310
8131312 -7.45619129107 -0.0941513881504 2.1639
8131313- -7.3027190861 -0.0775524439967 3.7584
813138 -8.09729149477 -0.408987099393 3.7845
8134 -8.31988061473 -0.118913747462 2.1605
8134- -8.31906427322 -0.120546430493 2.1611
8135 -8.18083044322 -0.131975211714 2.1615
8135-4 -7.92585977646 -0.222589119962 3.7811
8138-5 -8.77131747295 -0.77307541542 3.9221
81388 -9.29132701848 -1.28791479802 2.0455
84 -9.95691746766 -0.191296028525 2.1039
84- -9.95691746766 -0.191296028525 2.1039
84-12 -8.63471632598 -0.214697818643 2.1053
84-12- -8.63471632598 -0.214697818643 2.1053
84-128 -8.83744113572 -0.696339312939 2.1076
84-13 -8.23443686942 -0.134152122422 2.1052
84-13- -8.23443686942 -0.134152122422 2.1052
84-13-4 -7.8295314776 -0.239732291793 3.9463
84-4- -9.01268244777 -0.238643836439 2.1063
84-4-12 -8.29838362149 -0.35565278703 2.1056
84-4-8 -9.18465839376 -0.741782323982 2.1078
84-5 -8.75553487031 -0.314835711243 2.1063
84-5- -8.75553487031 -0.314563597404 2.1063
84-512- -8.08314157516 -0.463137753272 2.1044
84-513- -7.80939505355 -0.382319943212 2.1030
84-55- -8.15089792097 -0.510757675024 2.1047
84-8 -10.0393679608 -0.792123384121 2.1081
84-8- -10.0393679608 -0.792123384121 2.1081
8412 -8.63471632598 -0.214697818643 2.1053
8412- -8.63471632598 -0.214697818643 2.1053
8413-8 -8.51335355397 -0.588038005182 2.1081
844- -9.01241033393 -0.2383717226 2.1063
84412 -8.29838362149 -0.355924900869 2.1056
8448- -9.18465839376 -0.741782323982 2.1078
845 -8.75553487031 -0.314563597404 2.1063
845- -8.75553487031 -0.314835711243 2.1063
8454- -8.26845109924 -0.45579067963 2.1045
848- -10.0393679608 -0.792123384121 2.1081
848-5- -9.27336750514 -0.927908189575 2.1030
848-8- -10.1158319494 -1.38723634911 2.0166
84812- -9.214590916 -0.874029649535 2.0988
85 -9.60208102215 -0.204085378939 2.1452
85- -9.60208102215 -0.204085378939 2.1452
85-13 -8.12205385408 -0.273746521616 2.1474
85-13- -8.10191743003 -0.316740508113 2.1497
85-134- -7.77701350676 -0.381775715535 3.6073
85-138 -8.39906574176 -0.7306256566 3.7144
85-4- -8.74274551989 -0.405449619492 2.1468
85-5 -8.55498697127 -0.496879869256 2.1477
85-5-4 -8.13239417995 -0.634025243903 3.5990
8512 -8.45022314342 -0.376333438763 2.1466
85124 -8.0191948231 -0.484906860358 2.1461
85125 -7.90898871847 -0.503410601382 3.5928
8513 -8.10191743003 -0.316740508113 2.1497
8513- -8.12205385408 -0.273746521616 2.1474
854 -8.74274551989 -0.405449619492 2.1468
854- -8.74274551989 -0.405449619492 2.1468
854-4 -8.40967818147 -0.533071009788 3.9263
854-8 -8.92152431184 -0.893621845913 2.1074
854-8- -8.92152431184 -0.893621845913 2.1074
85513 -7.71687634843 -0.598378331048 2.1465
858 -9.67800078311 -1.00301160902 2.1472
858- -9.67800078311 -1.00301160902 2.1472
858-8- -9.76344452843 -1.54098066791 2.0391
88 -11.3280991003 -0.896887211976 2.0437
88- -11.3280991003 -0.896887211976 2.0436
88-13 -9.10601749441 -0.889812252173 2.0432
88-13- -9.10601749441 -0.889812252173 2.0432
88-13-12 -8.27552605904 -0.987773234063 2.0431
88-1312- -8.27552605904 -0.987773234063 2.0431
88-4 -10.0483477174 -1.01362404873 2.0140
88-4-8 -10.1158319494 -1.38723634911 2.0165
88-48- -10.1158319494 -1.38723634911 2.0165
88-5- -9.70357948394 -1.09362551727 2.0387
88-5-12- -8.55553119895 -1.17308275814 2.0368
88-5-5- -8.63362787062 -1.22532861515 2.0380
88-8 -11.3566710533 -1.61118603826 1.9889
88-8- -11.3566710533 -1.61118603826 1.9889
88-84- -10.103042599 -1.59513132178 1.9798
8813-5- -8.30899606119 -0.992127055481 2.0436
