1212 -5.13778138632 -1.01797787015 4.1487
1212- -5.14104675238 -1.00627697509 4.1555
1212-12 -4.73831827128 -1.48302042029 3.2546
1212-1212- -4.52824638789 -1.73935165623 2.7621
1212-124- -4.61096899482 -1.77118897535 2.7702
1212-13-8 -5.06703178829 -2.53283560955 2.0306
1212-4 -4.86838868612 -1.5303682282 3.2658
1212-4-13 -4.50729362232 -1.57390644238 2.8674
1212-413 -4.51300801293 -1.57744392228 2.8678
1212-5 -4.76661811049 -1.53662684649 3.1767
1212-5- -4.75192396321 -1.54288546478 3.1732
1212-55- -4.58076435874 -1.86833361572 2.6472
1212-58- -5.22376935931 -2.61691878567 2.0671
1212-8-13 -5.1502986229 -2.35351258992 2.1058
1212128- -5.14023041087 -2.47297056506 2.0520
121213 -4.53695403073 -1.21634885847 3.3063
121213- -4.53151175395 -1.16519145682 3.3231
1212134 -4.46212272512 -1.51703465011 2.8554
12124-4 -4.6912425772 -1.76547458474 2.8454
12125 -4.73233176683 -1.52383749608 3.1862
12125-12 -4.53613768921 -1.80275418063 2.7054
121254- -4.60090078279 -1.84438759793 2.6936
12128-13- -5.13669293097 -2.31133494494 2.1010
12128-5- -5.2800969239 -2.49664446902 2.0924
1213 -4.87845689815 -0.533071009788 4.3101
1213- -4.90566828201 -0.522186456244 4.3293
1213-12 -4.61205745018 -1.12083690113 3.4550
1213-125- -4.44334687025 -1.50751066576 2.8284
1213-13 -4.44035361803 -0.803280051503 3.5449
1213-13- -4.41559125872 -0.83838273668 3.5224
1213-13-4 -4.3886519887 -1.29063593641 2.9678
1213-13-5 -4.3372224732 -1.30478585601 2.9126
1213-13-8- -4.96362852963 -2.52167894217 1.9390
1213-134- -4.40633938821 -1.22015845221 3.0328
1213-4 -4.73151542531 -1.19838934513 3.4332
1213-4-5 -4.55137606417 -1.58696790663 2.8682
1213-48- -5.11655650691 -2.55324414744 2.0010
1213-8 -5.5113936867 -2.59052374333 2.0766
121312 -4.54566167356 -1.09199283424 3.4478
121312- -4.57641053732 -1.10587064001 3.4499
121313-8 -4.94621324396 -2.47596381728 1.9800
12131313- -4.13749091568 -0.979881932744 3.0456
1213135 -4.26864978588 -1.27839081367 2.8955
12135- -4.61069688098 -1.19893357281 3.3409
12138 -5.48853612426 -2.55052300906 2.0750
12138- -5.48853612426 -2.55052300906 2.0750
12138-13- -5.01369747593 -2.36657405417 2.1258
124 -5.39520107762 -1.1001562494 4.2001
124- -5.39166359772 -1.09416974495 4.2099
124-12 -4.89940966372 -1.50914334879 3.3856
124-128- -5.33152643939 -2.51786934843 2.0580
124-13 -4.73369233602 -1.25879861729 3.4318
124-13- -4.73967884047 -1.26750626013 3.4316
124-5 -4.94566901628 -1.57880449147 3.3082
124-5-12- -4.65369086748 -1.82697231226 2.7851
124-8- -5.77153451639 -2.62508220083 1.9982
124-812 -5.40390872046 -2.50099829043 2.0152
124-85 -5.42241246148 -2.50807325024 2.0401
12413 -4.74348843421 -1.27186008155 3.4290
12413- -4.73450867754 -1.26288032487 3.4260
12413-4- -4.61940452382 -1.55621904287 2.9639
12413-5 -4.55382508872 -1.55649115671 2.9057
1244 -5.05451455171 -1.56683148257 3.4044
1244- -5.0536982102 -1.56574302722 3.4021
1244-12- -4.75845469533 -1.75785539726 2.9347
1244-4- -4.86593966158 -1.80003304224 2.9552
1248- -5.77479988245 -2.6269869977 1.9982
125 -5.20907521203 -1.14641560196 4.0087
125- -5.21125212274 -1.13879641448 4.0011
125-12 -4.79110835596 -1.61445140432 3.1660
125-124 -4.65178607061 -1.85989808673 2.7207
125-13 -4.62756793898 -1.35567114383 3.2103
125-13- -4.60552671805 -1.3801613893 3.1944
125-13-8 -5.11519593772 -2.53446829258 2.0778
125-135- -4.49259947504 -1.62642441322 2.7724
125-4 -4.92471625071 -1.67132319659 3.1713
125-4- -4.92798161677 -1.67594913184 3.1709
125-412- -4.67083403931 -1.84574816712 2.7742
125-413 -4.55192029185 -1.69418075903 2.7887
125-5 -4.82702738266 -1.68003083942 3.0853
125-8 -5.708131992 -2.64195325882 2.0660
125-84- -5.40227603743 -2.57256422998 2.0536
125128 -5.2145174888 -2.5423595939 2.0556
12513- -4.61015265331 -1.35213366393 3.2103
125138- -5.09968544892 -2.50888959175 2.0774
1255 -4.79736697425 -1.67894238407 3.0884
1258-5- -5.3350639193 -2.54127113854 2.1020
128 -6.18705234791 -2.70399521402 2.0491
128- -6.18705234791 -2.70426732786 2.0490
128-12- -5.81861021046 -2.49555601366 2.0692
128-12-8- -6.11303738381 -3.25584207867 2.0392
128-124 -5.44363734089 -2.55868642421 2.0751
128-13 -5.64091987387 -2.42752755402 2.1056
128-4 -5.97398721229 -2.53909422784 2.0404
128-4-4 -5.59738165969 -2.54671341532 2.0387
128-5- -5.86296476615 -2.53337983723 2.0917
128-512- -5.36989449063 -2.57746227908 2.0964
128-54- -5.49833222245 -2.60140829687 2.0926
128-84- -5.88228484869 -3.32359842448 1.6010
12812-12- -5.30621985241 -2.51542032388 2.0669
12813 -5.64091987387 -2.42752755402 2.1056
12813- -5.64010353235 -2.42888812321 2.1008
12813-4 -5.33669660233 -2.39759503177 2.1029
1284 -5.97398721229 -2.538822114 2.0404
1284-13 -5.29860066493 -2.37228844478 2.0421
12844- -5.59765377353 -2.54752975683 2.0391
1285 -5.86378110767 -2.53174715419 2.0941
12858- -6.14950063818 -3.28713517011 2.0482
1288- -6.14950063818 -3.52278575432 1.5904
1312 -4.87818478431 -0.532798895949 4.3102
1312- -4.90566828201 -0.521914342406 4.3294
1312-12 -4.55627411327 -1.17389909966 3.3272
1312-12- -4.53123964012 -1.16491934298 3.3229
1312-13- -4.38076068738 -0.875934446405 3.4195
1312-134- -4.34729068523 -1.27458121993 2.9294
1312-4 -4.68471184508 -1.23784585172 3.3142
1312-4- -4.68634452811 -1.24219967314 3.3156
1312-5 -4.58511818016 -1.25716593426 3.2176
1312-55 -4.41776816943 -1.69173173448 2.6443
1312-8 -5.47139295243 -2.42643909866 2.0576
1312-8- -5.47139295243 -2.42643909866 2.0577
1312-8-4 -5.18512919424 -2.36004332205 2.0464
1312-813- -4.99682641793 -2.24629973752 2.1116
131212- -4.56362118691 -1.22614495666 3.3120
13121313- -4.14565433084 -1.06995161332 2.9634
13124 -4.68634452811 -1.29471764399 3.2947
13124- -4.68607241427 -1.29308496096 3.2922
131244 -4.56688655297 -1.64275124354 2.8269
131244- -4.56607021145 -1.64193490202 2.8263
13125 -4.5734172851 -1.32056845865 3.1919
13125- -4.59028834309 -1.31403772653 3.1963
131285- -5.13914195551 -2.40140462551 2.1038
131288- -5.76500378426 -3.27461793353 1.6492
1313 -4.62457468675 0.0204085378939 4.3293
1313- -4.67954168214 0.0201364240553 4.5595
1313-12 -4.44035361803 -0.803007937664 3.5450
1313-12-13- -4.145382217 -1.06995161332 2.9634
1313-124 -4.37286938606 -1.32465016623 2.8945
1313-13- -4.24225474354 -0.461777184079 3.6652
1313-5 -4.47409573401 -0.9499494105 3.3769
1313-813 -4.88226649189 -2.30670900968 2.0733
1313-84 -5.07029715435 -2.39133641348 2.0660
131312- -4.41531914488 -0.838110622842 3.5225
131312-5 -4.28905832378 -1.35077309474 2.8162
1313128- -4.91519226636 -2.41718722815 1.9876
131313- -4.24225474354 -0.461777184079 3.6652
131313-8 -4.80063234032 -2.43215348927 1.8823
13131312 -4.13204863891 -1.02478071611 3.0160
13134 -4.52552524951 -0.943690792212 3.4655
13134- -4.52824638789 -0.952126321209 3.4568
13135- -4.44742857783 -0.986956892547 3.3503
131355- -4.30728995096 -1.55839595358 2.6701
13138-12- -4.99029568581 -2.34670974396 2.0919
13138-5- -5.00226869471 -2.42507852947 2.0589
134 -5.14866593987 -0.680828824139 4.2842
134- -5.15465244431 -0.691985491521 4.2966
134-12- -4.73695770209 -1.260975528 3.4346
134-128 -5.19274838172 -2.44058901827 2.0602
134-13- -4.58566240783 -0.994848193866 3.5120
134-13-13- -4.25776523234 -1.15240210641 3.0071
134-13-5 -4.43980939035 -1.37254220182 2.9475
134-412- -4.63845249252 -1.6008457124 2.9497
134-5- -4.78185648545 -1.3611134206 3.3262
134-8 -5.58023848786 -2.56548927018 2.0007
134-8- -5.58023848786 -2.56548927018 2.0007
134-8-13- -5.14131886622 -2.37038364791 2.0520
13412-8- -5.18376862504 -2.42290161876 2.0595
13413 -4.58457395248 -0.985324209516 3.5135
1341312- -4.41994508013 -1.31920788946 3.0010
1344 -4.87709632896 -1.32818764613 3.4251
1345- -4.7772305502 -1.35567114383 3.3240
13454- -4.64280631394 -1.72955555805 2.7893
1348 -5.57506832493 -2.55950276573 2.0010
1348- -5.57506832493 -2.55950276573 2.0010
1348-8 -5.82405248723 -3.27679484424 1.6499
135 -4.95301608992 -0.766000455617 4.0744
135- -4.98566975055 -0.75566012975 4.0839
135-12- -4.61015265331 -1.35186155009 3.2104
135-13- -4.44089784571 -1.10423795698 3.2507
135-13-12- -4.27599685952 -1.38261041385 2.8208
135-4 -4.75709412614 -1.4266928557 3.1962
135-4-8 -5.13016219884 -2.50480788417 2.0008
135-5- -4.64525533848 -1.45472058107 3.0973
135-5-13 -4.31055531702 -1.56111709196 2.6718
135-58 -5.12444780823 -2.51596455156 2.0681
135-8- -5.52363880944 -2.54127113854 2.0678
135-8-4- -5.24689903559 -2.44521495352 2.0547
13512 -4.5889277739 -1.37580756789 3.1963
13512- -4.60552671805 -1.37988927546 3.1945
13512-4- -4.50185134555 -1.68492888852 2.7305
13513- -4.44089784571 -1.10423795698 3.2507
13513-13 -4.19055311421 -1.20954601251 2.8607
1354 -4.73695770209 -1.45444846724 3.1800
1358 -5.51248214205 -2.55242780593 2.0728
138 -6.16963706224 -2.65964065833 2.0739
138- -6.16963706224 -2.65964065833 2.0739
138-12 -5.62867475113 -2.44276592898 2.0907
138-125 -5.21234057809 -2.36167600508 2.0930
138-13 -5.4577872605 -2.41446608976 2.1241
138-13- -5.45479400827 -2.41854779734 2.1257
138-1312 -5.07084138203 -2.35351258992 2.1238
138-4 -5.76962971952 -2.5233116252 2.0610
138-5-4 -5.35710514022 -2.44956877494 2.1121
138-5-5- -5.2610489552 -2.43215348927 2.1171
138-8- -6.11303738381 -3.32604744902 1.7321
13812 -5.62867475113 -2.44276592898 2.0907
13812-13 -5.03383389998 -2.24711607903 2.0889
13812-13- -5.04798381959 -2.30806957888 2.0985
1381313- -4.94730169931 -2.29147063472 2.1271
1384 -5.76962971952 -2.52303951136 2.0610
1384-5- -5.36254741699 -2.41174495138 2.0628
1385- -5.66649857469 -2.51950203146 2.1142
1385-13- -5.08907300922 -2.36004332205 2.1209
1388 -6.11303738381 -3.32604744902 1.7321
1388- -6.11303738381 -3.32604744902 1.7322
1388-12- -5.82459671491 -3.15951377981 1.7073
412 -5.39873855752 -1.08410153292 4.2240
412- -5.40309237894 -1.09090437889 4.2141
412-12-13 -4.43545556893 -1.54261335094 2.7693
412-13 -4.69015412185 -1.23458048566 3.3249
412-4 -5.0262147125 -1.57227375934 3.3128
412-5 -4.91111055878 -1.57826026379 3.2184
412-5-8- -5.33179855323 -2.62045626557 2.0642
41212 -4.85070128661 -1.50723855192 3.2861
41213 -4.68988200801 -1.28573788731 3.3016
41213-5 -4.53559346153 -1.54070855407 2.8575
4121312 -4.4648438635 -1.5113202595 2.8429
4124- -5.02567048482 -1.57009684863 3.3074
41248- -5.37234351518 -2.59651024778 1.9991
4128 -5.8640532215 -2.59297276788 2.0579
412812 -5.41261636329 -2.54045479703 2.0755
413 -5.16227163179 -0.683549962525 4.3056
413- -5.15519667199 -0.67103272595 4.2944
413-12 -4.73260388067 -1.18723267775 3.4484
413-12- -4.70076656155 -1.17008950592 3.4520
413-13 -4.55763468246 -0.899064122685 3.5009
413-13-8 -5.07329040658 -2.52929812965 2.0212
413-4- -4.87627998744 -1.25308422668 3.4697
413-55 -4.55899525165 -1.6890105961 2.7543
41312 -4.70267135842 -1.17362698582 3.4465
41312-5- -4.50457248393 -1.54370180629 2.8423
41313 -4.53123964012 -0.944507133728 3.4652
41313- -4.55981159317 -0.906683310165 3.4943
41313-5- -4.4006249976 -1.28111195206 2.9664
4135 -4.74593745876 -1.28274463509 3.3468
4135- -4.77913534707 -1.27594178912 3.3609
413512- -4.52389256647 -1.65717327698 2.7887
4138- -5.70949256119 -2.60549000445 2.0761
4138-8- -5.97072184623 -3.2765227304 1.7188
44 -5.72119345625 -1.18614422239 4.2937
44- -5.72064922857 -1.18532788088 4.2812
44-12 -5.06186162536 -1.56329400267 3.4090
44-124 -4.83464657014 -1.82180214933 2.8806
44-13 -4.88335494724 -1.32573862159 3.4259
44-4 -5.24962017398 -1.61309083513 3.4564
44-4-12- -4.8689329138 -1.79486287931 2.9624
44-5-12- -4.7532845324 -1.86479613582 2.8063
44-8- -6.03058689072 -2.67188578107 1.9959
44-813 -5.45125652837 -2.4577321901 2.0471
44-84 -5.67847158359 -2.54889032602 1.9862
4412- -5.06186162536 -1.56356611651 3.4116
441212- -4.72008664409 -1.78615523647 2.8416
4413- -4.88335494724 -1.32601073542 3.4298
4413-13 -4.46429963582 -1.39539976426 2.9253
444 -5.2504365155 -1.61417929049 3.4616
444- -5.24962017398 -1.61309083513 3.4590
4445- -4.91111055878 -1.83704052429 2.9364
445 -5.1192776453 -1.62751286858 3.3543
445-4- -4.8879808825 -1.92139581425 2.8247
445-8- -5.51982921569 -2.62916390841 2.0644
448 -6.03058689072 -2.67134155339 1.9958
448-8- -6.03303591527 -3.42155940637 1.6105
4485 -5.60717775788 -2.54616918764 2.0381
45 -5.50323027154 -1.23512471334 4.0687
45- -5.50622352377 -1.23757373788 4.0669
45-12 -4.93233543819 -1.66941839972 3.1799
45-13- -4.74076729583 -1.44737350743 3.1889
45-413- -4.64743224919 -1.73363726562 2.7906
45-48- -5.43248067351 -2.60113618303 1.9991
45-5 -4.9796832461 -1.72955555805 3.1190
45-5- -4.9641727573 -1.73826320088 3.1113
45-8 -5.92908842893 -2.668620415 2.0631
45-8- -5.92936054277 -2.668620415 2.0631
45124- -4.72552892087 -1.89744979645 2.7146
4513- -4.76090371988 -1.42016212357 3.2045
4513-13 -4.40960475427 -1.47866659887 2.7807
455 -4.96090739124 -1.73445360714 3.1104
455- -4.97641788004 -1.72574596431 3.1185
4554- -4.76770656585 -2.00085305511 2.6575
4555- -4.6926031464 -1.99704346137 2.6081
4558 -5.38948668701 -2.66916464268 2.0680
458 -5.92582306286 -2.66372236591 2.0621
458- -5.92582306286 -2.66372236591 2.0621
48 -6.22895787905 -2.81746668471 1.9946
48- -6.22895787905 -2.81746668471 1.9946
48-12 -5.97806891987 -2.56385658715 2.0125
48-12- -5.97888526139 -2.56412870099 2.0130
48-1212 -5.40608563117 -2.5374615448 2.0101
48-1212- -5.41914709542 -2.55814219654 2.0165
48-1213 -5.26730757349 -2.41228917906 2.0247
48-13 -5.81588907208 -2.53337983723 2.0478
48-4 -6.01725331263 -2.64168114498 1.9861
48-44- -5.72527516383 -2.56821040856 1.9847
48-5 -6.06378477903 -2.63515041286 2.0379
48-5-8- -6.32283715336 -3.315979237 2.0282
48-513 -5.30839676311 -2.45555527939 2.0454
48-88 -6.24773373391 -4.1693282348 1.1316
4812 -5.97806891987 -2.56385658715 2.0125
4812- -5.97888526139 -2.56385658715 2.0131
4813- -5.81588907208 -2.53337983723 2.0471
4813-12- -5.28336228996 -2.45092934413 2.0471
485 -6.06378477903 -2.63515041286 2.0379
485- -6.06405689286 -2.63515041286 2.0376
488 -6.20065803983 -3.54809234131 1.6025
488-12- -5.88582232859 -3.33829257176 1.5929
512 -5.20907521203 -1.14614348812 4.0090
512- -5.21125212274 -1.13852430064 4.0014
512-12 -4.76661811049 -1.53635473265 3.1770
512-12- -4.74185575118 -1.51567408092 3.1879
512-12-13- -4.39491060698 -1.61390717665 2.6905
512-12-4- -4.6066151734 -1.7891484887 2.7023
512-124- -4.62838428049 -1.79486287931 2.7391
512-13- -4.59028834309 -1.31349349885 3.1967
512-48 -5.26268163823 -2.57065943311 1.9995
512-5 -4.79927177112 -1.58125351602 3.1231
512-8-5 -5.32581204878 -2.51705300691 2.0982
51212- -4.75192396321 -1.54261335094 3.1735
51213- -4.56933557752 -1.26342455255 3.2145
51213-12 -4.42865272297 -1.51295294253 2.8219
512138 -5.07410674809 -2.50099829043 2.0632
5124 -4.89260681776 -1.59023327269 3.2070
5124- -4.89070202089 -1.58506310976 3.2055
5124-8 -5.24798749095 -2.55351626128 1.9994
5125- -4.78294494081 -1.58560733743 3.1211
51254 -4.63110541888 -1.891463292 2.6587
513 -4.95301608992 -0.766000455617 4.0745
513- -4.98566975055 -0.75566012975 4.0840
513-12 -4.64552745232 -1.21961422454 3.3371
513-12- -4.61042476714 -1.19866145897 3.3410
513-1213 -4.30946686167 -1.32982032916 2.8639
513-13 -4.47409573401 -0.9499494105 3.3769
513-13- -4.44742857783 -0.986684778709 3.3504
513-1312 -4.32280043976 -1.2158046308 2.9708
513-4- -4.77287672878 -1.2800234967 3.3572
513-4-5 -4.57777110651 -1.614995632 2.8498
513-48 -5.15546878583 -2.55079512289 2.0010
513-5- -4.64879281838 -1.30070414844 3.2517
513-512- -4.49259947504 -1.62615229938 2.7725
513-8 -5.56908182048 -2.58589780807 2.0770
51312 -4.58022013106 -1.2073691018 3.3266
51312- -4.61178533634 -1.22859398121 3.3201
513124 -4.4874293121 -1.57499489773 2.7936
51313 -4.41259800649 -0.999746242961 3.3310
51313- -4.43899304884 -0.961922419398 3.3596
5134 -4.73967884047 -1.28764268418 3.3423
5134- -4.74185575118 -1.28818691186 3.3392
5135 -4.61722761311 -1.30614642521 3.2382
5135- -4.64879281838 -1.30097626227 3.2517
5135-4- -4.54756647043 -1.67431644881 2.7547
5138-12- -5.17560520989 -2.38915950278 2.0880
5138-5 -5.19138781252 -2.46535137758 2.1164
54 -5.49806010861 -1.2468256084 4.0525
54- -5.49479474255 -1.24383235617 4.0548
54-13 -4.77804689171 -1.35839228222 3.3186
54-13-8- -5.26839602884 -2.54154325238 2.0776
54-1312- -4.55164817801 -1.58424676824 2.8668
54-4 -5.1108421163 -1.6305061208 3.3435
54-4-12 -4.79301315283 -1.80220995295 2.8994
54-4-5- -4.82566681346 -1.83649629661 2.8748
54-44 -4.9034913713 -1.83731263813 2.9291
54-5-13 -4.55953947933 -1.70207206035 2.7571
54-55- -4.72688949006 -1.91214394374 2.7146
54-8- -5.85262444028 -2.64059268963 1.9985
54-8-4- -5.54187043662 -2.53065869884 1.9886
5412-12 -4.65613989203 -1.7962234485 2.7885
5412-12- -4.63301021575 -1.7722774307 2.7977
5413 -4.78757087606 -1.3695489496 3.3190
541313- -4.41042109578 -1.42723708338 2.8595
544 -5.1143795962 -1.63377148686 3.3443
544-13 -4.66185428264 -1.6495540895 2.8969
545 -4.99900332864 -1.64356758505 3.2513
545- -4.9987312148 -1.64492815425 3.2500
545-5- -4.71273957045 -1.91813044819 2.7082
545-8- -5.40744620036 -2.61229285042 2.0650
548 -5.85588980635 -2.64222537266 1.9986
548- -5.85588980635 -2.64195325882 1.9986
548-12 -5.45996417121 -2.51759723459 2.0149
54812 -5.45996417121 -2.51786934843 2.0149
55 -5.28771611138 -1.29226861944 3.8477
55- -5.2991448926 -1.27975138286 3.8566
55-13 -4.66348696567 -1.44356391369 3.1075
55-4 -4.97179194478 -1.73037189956 3.1114
55-4- -4.97478519701 -1.73554206249 3.1106
55-5 -4.86730023077 -1.73554206249 3.0280
55-5- -4.85015705894 -1.74343336381 3.0203
55-8 -5.77099028871 -2.64032057579 2.0653
55-8- -5.77099028871 -2.64032057579 2.0653
55-8-4- -5.44826327615 -2.58181610049 2.0527
55-88 -6.0120831497 -3.40115086847 1.6575
5512 -4.79736697425 -1.67867027023 3.0886
5512- -4.8104284385 -1.68928270994 3.0763
551212- -4.54538955972 -1.87432012017 2.6265
5513- -4.64525533848 -1.45472058107 3.0973
5513-4- -4.55681834094 -1.692548076 2.7496
555- -4.85015705894 -1.74343336381 3.0203
555-5- -4.61477858856 -1.98588679399 2.5646
558 -5.76364321507 -2.63433407134 2.0671
558- -5.76364321507 -2.63433407134 2.0671
558-4- -5.43928351947 -2.58236032817 2.0550
558-5- -5.37506465357 -2.56467292866 2.1063
58 -6.28093162222 -2.79079952853 2.0613
58- -6.28093162222 -2.79079952853 2.0612
58-12 -5.87657045808 -2.54889032602 2.0785
58-13-8 -6.04555315184 -3.0261779989 2.0626
58-134- -5.36744546609 -2.49065796457 2.1154
58-4 -6.04310412729 -2.62753122538 2.0501
58-4- -6.04283201346 -2.6269869977 2.0506
58-4-5 -5.52935320005 -2.54154325238 2.0517
58-48 -6.24936641694 -3.19924240024 1.9880
58-5 -5.92582306286 -2.62127260709 2.1028
58-5- -5.92446249367 -2.62181683477 2.1021
58-54- -5.5339791353 -2.60957171203 2.1012
58-55 -5.42622205522 -2.59705447545 2.1063
58-58- -6.2025628367 -3.28876785314 2.0487
58-8-13- -5.87493777505 -3.12359475312 1.7887
5812-5- -5.3696223768 -2.53936634167 2.0789
5812-8 -6.16174576092 -3.25529785099 2.0394
5813-4- -5.36554066922 -2.49528389982 2.1157
581313- -5.08607975699 -2.38045185994 2.1167
584 -6.04310412729 -2.62753122538 2.0502
584-8- -6.2490943031 -3.19869817257 1.9880
585- -5.92446249367 -2.62181683477 2.1021
588-13 -5.87493777505 -3.12413898079 1.7769
588-4 -5.94459891773 -3.32114939993 1.6660
812 -6.17562356668 -2.69365488815 2.0505
812- -6.17562356668 -2.69365488815 2.0506
812-12- -5.75248654769 -2.56167967644 2.0486
812-12-12- -5.21887131022 -2.5529720336 2.0464
812-12-5 -5.26757968733 -2.58616992191 2.0542
812-12-8 -6.05698193306 -3.21747402743 2.0380
812-1212- -5.29533529886 -2.62671488386 2.0551
812-124- -5.41343270481 -2.6460349664 2.0551
812-13- -5.57751734947 -2.45446682404 2.0640
812-4-13- -5.27030082571 -2.48793682618 2.0585
812-5- -5.8069093154 -2.58154398666 2.0542
812-5-8- -6.12011234361 -3.28931208081 2.0524
812-8 -6.48011895206 -3.47543794641 2.0344
81212 -5.75248654769 -2.56195179028 2.0486
81212-13- -5.14485634612 -2.49365121679 2.0551
8128- -6.48011895206 -3.47543794641 2.0344
8128-12 -6.1884129171 -3.28332557637 2.0417
813 -6.15113332121 -2.63351772982 2.0877
813- -6.15113332121 -2.63351772982 2.0877
813-12 -5.61316426233 -2.55025089522 2.0903
813-12- -5.59003458605 -2.51052227478 2.0875
813-13 -5.42458937219 -2.44004479059 2.0911
813-1313 -4.88389917492 -2.3850777952 2.0445
813-4-4- -5.44744693463 -2.51705300691 2.0906
813-5 -5.66976394076 -2.54508073228 2.0907
813-5- -5.64717849215 -2.52140682833 2.0905
813-513 -5.05206552717 -2.43324194463 2.0914
813-8 -6.52447350775 -3.1954328065 2.0576
813-8- -6.52447350775 -3.19597703418 2.0575
813-8-5- -6.1108604731 -3.05583840731 2.0814
813-85 -6.11058835926 -3.05230092741 2.0816
81312 -5.59003458605 -2.51025016095 2.0876
81312- -5.61316426233 -2.55025089522 2.0903
81312-13- -5.0107042237 -2.45365048252 2.0913
81313 -5.40880676955 -2.46426292222 2.0957
81313- -5.42458937219 -2.44004479059 2.0911
81313-5 -5.09342683063 -2.452834141 2.0914
8131312 -5.01342536209 -2.43133714776 2.0949
8131313- -4.8928789316 -2.37446535549 2.0495
813138 -5.83874663452 -2.9034546577 2.0711
8134 -5.79956224176 -2.56630561169 2.0904
8134- -5.80228338015 -2.56358447331 2.0899
8135 -5.64690637831 -2.52140682833 2.0905
8135-4 -5.34295522061 -2.52848178813 2.0908
8138-5 -6.1108604731 -3.05556629347 2.0815
81388 -6.43358748566 -3.8999355346 1.5621
84 -6.21861755318 -2.77746595044 2.0237
84- -6.21861755318 -2.77746595044 2.0237
84-12 -5.87629834424 -2.57474114069 2.0245
84-12- -5.87194452282 -2.57120366079 2.0241
84-128 -6.20065803983 -3.2313518332 2.0248
84-13 -5.67738312824 -2.50344731498 2.0264
84-13- -5.68364174652 -2.51161073014 2.0265
84-13-4 -5.33642448849 -2.50181463195 2.0267
84-4- -6.05099542861 -2.61338130577 2.0228
84-4-12 -5.46105262656 -2.59460545091 2.0227
84-4-8 -6.26188365352 -3.19053475741 1.9917
84-5 -5.95521135743 -2.5875304911 2.0254
84-5- -5.95276233288 -2.5888910603 2.0254
84-512- -5.36309164467 -2.64793976327 2.0255
84-513- -5.21315691961 -2.50208674579 2.0252
84-55- -5.40554140349 -2.65746374762 2.0254
84-8 -6.43494805486 -3.39162688412 1.9844
84-8- -6.43494805486 -3.39162688412 1.9844
8412 -5.87194452282 -2.57093154695 2.0242
8412- -5.87629834424 -2.57474114069 2.0245
8413-8 -6.06895494196 -3.04141637386 2.0269
844- -6.04990697326 -2.61256496425 2.0227
84412 -5.45724303282 -2.59025162949 2.0226
8448- -6.26188365352 -3.19053475741 1.9917
845 -5.95276233288 -2.58834683262 2.0254
845- -5.95521135743 -2.58725837727 2.0254
8454- -5.50921677599 -2.668620415 2.0253
848- -6.43494805486 -3.39162688412 1.9844
848-5- -6.22161080541 -3.21992305198 2.0172
848-8- -6.42215870444 -4.01667237135 1.4591
84812- -6.20365129206 -3.22944703633 2.0033
85 -6.26079519816 -2.76005066477 2.0772
85- -6.26079519816 -2.76005066477 2.0772
85-13 -5.62268824668 -2.49718869669 2.0800
85-13- -5.61207580698 -2.50752902256 2.0857
85-134- -5.32281879656 -2.5233116252 2.0801
85-138 -6.02432827243 -3.10590735361 2.0684
85-4- -6.01589274344 -2.67542326097 2.0771
85-5 -5.86704647373 -2.65828008914 2.0791
85-5-4 -5.46731124485 -2.74562863132 2.0814
8512 -5.80309972166 -2.62725911154 2.0756
85124 -5.41016733875 -2.69066163593 2.0769
85125 -5.29860066493 -2.65610317843 2.0760
8513 -5.61207580698 -2.50725690872 2.0857
8513- -5.62268824668 -2.49691658286 2.0800
854 -6.01589274344 -2.67542326097 2.0771
854- -6.01262737737 -2.66916464268 2.0761
854-4 -5.5911230414 -2.69202220512 2.0761
854-8 -6.24800584775 -3.26618240453 1.9931
854-8- -6.24800584775 -3.26618240453 1.9931
85513 -5.17859846211 -2.58725837727 2.0828
858 -6.55549448535 -3.50047241956 2.0432
858- -6.55549448535 -3.50020030572 2.0433
858-8- -6.48147952125 -4.08388448948 1.4759
88 -6.56882806344 -3.88551350115 1.5387
88- -6.56882806344 -3.88551350115 1.5387
88-13 -6.07602990176 -3.33638777489 1.7031
88-13- -6.07602990176 -3.33638777489 1.7029
88-13-12 -5.92663940438 -3.27516216121 1.6852
88-1312- -5.92663940438 -3.27516216121 1.6854
88-4 -6.1764399082 -3.57421526981 1.5759
88-4-8 -6.32909577165 -4.00061765488 1.4218
88-48- -6.32909577165 -4.00061765488 1.4218
88-5- -6.16963706224 -3.54292217838 1.6193
88-5-12- -5.95766038198 -3.4231920894 1.6065
88-5-5- -5.96800070784 -3.43189973223 1.6146
88-8 -6.58161741385 -4.53668191689 1.0529
88-8- -6.58161741385 -4.53668191689 1.0529
88-84- -6.23222324511 -4.16715132409 1.1265
8813-5- -5.91466639548 -3.25148825725 1.6906
