1212 -6.43304325799 0.211976680258 4.2612
1212- -6.43494805486 0.225310258348 4.2717
1212-12 -5.92310192448 -0.35374799016 3.4140
1212-1212- -5.64935540286 -0.669672156757 2.9593
1212-124- -5.72255402544 -0.693073946876 2.9787
1212-13-8 -6.1609294194 -1.27893504135 2.2737
1212-4 -6.04446469649 -0.399463115043 3.4438
1212-4-13 -5.64581792296 -0.525723936146 3.0906
1212-413 -5.65207654125 -0.529261416048 3.0918
1212-5 -5.95140176369 -0.422048563645 3.3517
1212-5- -5.9345307057 -0.431572547996 3.3475
1212-55- -5.70513873977 -0.838926964357 2.8596
1212-58- -6.31249682749 -1.58206985753 2.2638
1212-8-13 -6.28773446818 -1.27811869983 2.2977
1212128- -6.22569251298 -1.41689675751 2.2517
121213 -5.72772418837 -0.0884369975401 3.4738
121213- -5.72554727767 -0.0280277253742 3.4965
1212134 -5.57180295886 -0.422864905161 3.0789
12124-4 -5.81017468147 -0.706679638805 3.0864
12125 -5.91466639548 -0.411980351618 3.3598
12125-12 -5.66241686711 -0.766544683294 2.9067
121254- -5.71275792725 -0.800558913117 2.9030
12128-13- -6.27440089009 -1.25553325123 2.2933
12128-5- -6.40855301251 -1.48492521716 2.2863
1213 -6.17888893275 0.707223866482 4.4350
1213- -6.2074608858 0.720013216896 4.4585
1213-12 -5.80418817702 0.0302046360829 3.6436
1213-125- -5.57098661735 -0.424497588192 3.0737
1213-13 -5.64472946761 0.357013356223 3.7521
1213-13- -5.61343637617 0.31347514205 3.7202
1213-13-4 -5.50350238538 -0.184765296399 3.2325
1213-13-5 -5.46377376495 -0.210616111065 3.1766
1213-13-8- -6.05698193306 -1.26478512174 2.2783
1213-134- -5.53125799692 -0.103947486339 3.3135
1213-4 -5.90759143568 -0.0552391092327 3.6418
1213-4-5 -5.67874369743 -0.538241172721 3.1458
1213-48- -6.20446763357 -1.33607894745 2.2109
1213-8 -6.67440823281 -1.30369740066 2.2735
121312 -5.73262223747 0.0617698413588 3.6406
121312- -5.76554801194 0.0468035802366 3.6409
121313-8 -6.04636949336 -1.21117869554 2.2755
12131313- -5.27792001319 0.131975211714 3.3131
1213135 -5.3873097763 -0.182860499529 3.1637
12135- -5.79684110337 -0.0672121181305 3.5453
12138 -6.64855741815 -1.26124764184 2.2721
12138- -6.64855741815 -1.26124764184 2.2721
12138-13- -6.14950063818 -1.10968023375 2.3140
124 -6.67903416807 0.109933990788 4.3432
124- -6.67549668817 0.115920495237 4.3506
124-12 -6.09616632582 -0.414701490003 3.5797
124-128- -6.43957399011 -1.46397245159 2.2575
124-13 -5.93180956731 -0.164628872344 3.6318
124-13- -5.93834029944 -0.173880742856 3.6311
124-5 -6.13970453999 -0.496607755417 3.5115
124-5-12- -5.79031037125 -0.80763387292 3.0085
124-8- -6.94624995756 -1.3730864295 2.2087
124-812 -6.5530454608 -1.48982326625 2.2226
124-85 -6.57127708799 -1.49200017696 2.2432
12413 -5.9416056655 -0.178506678112 3.6289
12413- -5.93317013651 -0.168710579923 3.6265
12413-4- -5.73643183121 -0.489260681776 3.2106
12413-5 -5.68228117733 -0.500145235319 3.1567
1244 -6.23902609107 -0.468580030043 3.6133
1244- -6.23820974956 -0.467763688527 3.6116
1244-12- -5.90051647588 -0.726271835183 3.1926
1244-4- -5.99575631938 -0.759197609652 3.2176
1248- -6.94951532362 -1.37580756789 2.2086
125 -6.50678610824 0.0429939864964 4.1380
125- -6.50841879127 0.0514295154925 4.1363
125-12 -5.98432753816 -0.534159465142 3.3265
125-124 -5.76962971952 -0.814436718885 2.9212
125-13 -5.82867842249 -0.271297497069 3.3789
125-13- -5.80364394934 -0.302862702345 3.3536
125-13-8 -6.21535218712 -1.32328959704 2.2747
125-135- -5.62296036052 -0.579058248509 2.9954
125-4 -6.10705087936 -0.585861094473 3.3450
125-4- -6.11031624542 -0.590759143568 3.3434
125-412- -5.80826988459 -0.828042410814 2.9952
125-413 -5.69479841391 -0.680828824139 3.0119
125-5 -6.0191581095 -0.610623453785 3.2552
125-8 -6.87658881488 -1.48138773726 2.2630
125-84- -6.53590228897 -1.5649266857 2.2553
125128 -6.30868723375 -1.50642221041 2.2549
12513- -5.81017468147 -0.267487903329 3.3806
125138- -6.19848112913 -1.30070414844 2.2743
1255 -5.98759290422 -0.612256136816 3.2557
1258-5- -6.4719555369 -1.54533448932 2.2929
128 -7.89837627877 -1.3681883804 2.2493
128- -7.89837627877 -1.3681883804 2.2492
128-12- -7.02162549085 -1.41662464367 2.2664
128-12-8- -7.23877233404 -2.21527875992 2.2420
128-124 -6.57073286031 -1.53717107417 2.2715
128-13 -6.84339092657 -1.14369446357 2.2969
128-4 -7.17618615116 -1.41771309903 2.2453
128-4-4 -6.74189246478 -1.52900765901 2.2441
128-5- -7.06870118492 -1.42288326196 2.2849
128-512- -6.5114120435 -1.58696790663 2.2894
128-54- -6.63359115702 -1.59621977714 2.2866
128-84- -7.48966129321 -2.31786567707 2.0961
12812-12- -6.43766919324 -1.50506164121 2.2642
12813 -6.84339092657 -1.1431502359 2.2970
12813- -6.84284669889 -1.13798007296 2.2925
12813-4 -6.45889407265 -1.30206471763 2.2956
1284 -7.17618615116 -1.41771309903 2.2453
1284-13 -6.44664894992 -1.37553545405 2.2460
12844- -6.74216457862 -1.52955188669 2.2445
1285 -7.06951752644 -1.42342748964 2.2871
12858- -7.28231054821 -2.26997364148 2.2508
1288- -7.88558692835 -2.44140535978 2.0954
1312 -6.17888893275 0.707495980321 4.4352
1312- -6.2074608858 0.720285330734 4.4587
1312-12 -5.75167020617 -0.036735368209 3.4983
1312-12- -5.72527516383 -0.0280277253742 3.4964
1312-13- -5.58622499231 0.263950423427 3.5924
1312-134- -5.47356986314 -0.177418222757 3.1815
1312-4 -5.86922338444 -0.105580169371 3.5132
1312-4- -5.87003972595 -0.110206104627 3.5132
1312-5 -5.7794258177 -0.140682854548 3.4129
1312-55 -5.54894539642 -0.670216384435 2.8719
1312-8 -6.63331904318 -1.15240210641 2.2568
1312-8- -6.63331904318 -1.15267422025 2.2568
1312-8-4 -6.31059203062 -1.34369813493 2.2513
1312-813- -6.13888819848 -1.09825145253 2.3025
131212- -5.75602402759 -0.0979609818906 3.4772
13121313- -5.29397472967 0.0185037410238 3.1888
13124 -5.86514167686 -0.171431718308 3.4861
13124- -5.86514167686 -0.169799035277 3.4854
131244 -5.68935613713 -0.599466786403 3.0831
131244- -5.68853979562 -0.598650444887 3.0825
13125 -5.76119419052 -0.216330501675 3.3795
13125- -5.77997004538 -0.206806517325 3.3862
131285- -6.26324422271 -1.39812090265 2.2959
131288- -6.83305060071 -2.29065429321 2.1034
1313 -5.93344225034 1.27049951235 4.6929
1313- -5.99194672564 1.27213219538 4.7181
1313-12 -5.64445735377 0.357285470062 3.7523
1313-12-13- -5.29397472967 0.0187758548624 3.1889
1313-124 -5.50214181619 -0.231568876636 3.1644
1313-13- -5.45479400827 0.70178158971 3.8718
1313-5 -5.67411776217 0.181227816498 3.6125
1313-813 -6.02704941082 -1.05770649058 2.3166
1313-84 -6.19739267377 -1.18396731168 2.2673
131312- -5.61343637617 0.313747255888 3.7202
131312-5 -5.42214034764 -0.276739773841 3.0803
1313128- -5.99602843322 -1.24029487627 2.2673
131313- -5.45479400827 0.70178158971 3.8718
131313-8 -5.90514241113 -1.18396731168 2.2763
13131312 -5.26676334581 0.0802735823825 3.2821
13134 -5.70405028442 0.191568142364 3.6919
13134- -5.70649930896 0.18258838569 3.6867
13135- -5.64037564619 0.135512691615 3.5755
131355- -5.43248067351 -0.540690197268 2.9079
13138-12- -6.11385372533 -1.20002202816 2.2857
13138-5- -6.12446616503 -1.21988633838 2.3099
134 -6.42841732273 0.524363366953 4.4681
134- -6.43440382718 0.512390358055 4.4673
134-12- -5.93507493338 -0.166805783053 3.6334
134-128 -6.29834690789 -1.36247398979 2.2593
134-13- -5.78867768822 0.0968725265362 3.7066
134-13-13- -5.40254815126 -0.10585228321 3.2637
134-13-5 -5.57615678028 -0.317012621951 3.1970
134-412- -5.78350752528 -0.574160199414 3.2129
134-5- -5.97643623684 -0.282454164451 3.5431
134-8 -6.74542994468 -1.28410520428 2.2107
134-8- -6.74542994468 -1.28410520428 2.2107
134-8-13- -6.29372097263 -1.13716373145 2.2531
13412-8- -6.28936715121 -1.34859618403 2.2586
13413 -5.7878613467 0.10775708008 3.7114
1341312- -5.56091840532 -0.259052374333 3.2502
1344 -6.0607915268 -0.234290015022 3.6511
1345- -5.97181030158 -0.276467660002 3.5406
13454- -5.77207874406 -0.704774841935 3.0307
1348 -6.74053189559 -1.27811869983 2.2109
1348- -6.74053189559 -1.27811869983 2.2109
1348-8 -6.91522897996 -2.28031396734 2.0781
135 -6.25099909997 0.422592791322 4.2197
135- -6.28555755747 0.435110027897 4.2340
135-12- -5.81017468147 -0.26721578949 3.3807
135-13- -5.64908328902 -0.0217691070868 3.4179
135-13-12- -5.41180002178 -0.332795224589 3.0390
135-4 -5.94432680389 -0.340686525908 3.3829
135-4-8 -6.23140690359 -1.40220261023 2.2106
135-5- -5.84255622826 -0.387217992306 3.2777
135-5-13 -5.45914782969 -0.560010279808 2.8677
135-58 -6.2265088545 -1.49308863232 2.2646
135-8- -6.69073506313 -1.28056772438 2.2642
135-8-4- -6.37970894562 -1.41227082226 2.2561
13512 -5.78541232215 -0.298780994766 3.3569
13512- -5.8033718355 -0.302590588506 3.3536
13512-4- -5.62540938507 -0.643549228253 2.9328
13513- -5.64908328902 -0.0217691070868 3.4179
13513-13 -5.34404367597 -0.164628872344 3.0905
1354 -5.91956444458 -0.375517097247 3.3540
1358 -6.67250343594 -1.30124837611 2.2681
138 -7.59524146258 -1.34288179342 2.2704
138- -7.59524146258 -1.34288179342 2.2704
138-12 -6.82869677929 -1.18233462865 2.2836
138-125 -6.34950430954 -1.35104520857 2.2853
138-13 -6.66134676856 -1.13961275599 2.3104
138-13- -6.65835351633 -1.14287812206 2.3127
138-1312 -6.20909356883 -1.10287738778 2.3112
138-4 -6.96665849545 -1.22832186737 2.2619
138-5-4 -6.49617366854 -1.43403992934 2.3020
138-5-5- -6.40610398797 -1.44274757218 2.3055
138-8- -7.74055025239 -2.25146990045 2.1058
13812 -6.82869677929 -1.18260674249 2.2835
13812-13 -6.17698413588 -1.14396657741 2.2809
13812-13- -6.18623600639 -1.19730088977 2.2892
1381313- -6.09507787046 -1.0416517741 2.3130
1384 -6.96665849545 -1.22832186737 2.2619
1384-5- -6.51685432027 -1.36165764828 2.2631
1385- -6.86842539972 -1.22750552586 2.3032
1385-13- -6.23467226966 -1.26124764184 2.3077
1388 -7.74055025239 -2.25119778661 2.1058
1388- -7.74055025239 -2.25119778661 2.1058
1388-12- -7.20557444573 -2.17391745645 2.1170
412 -6.68338798948 0.127621390296 4.3684
412- -6.68801392474 0.120274316655 4.3605
412-12-13 -5.55574824239 -0.463681980949 2.9914
412-13 -5.87493777505 -0.101226347954 3.5253
412-4 -6.19249462468 -0.438103280122 3.4965
412-5 -6.08773079682 -0.458511818016 3.3972
412-5-8- -6.41399528928 -1.57608335308 2.2617
41212 -6.02677729698 -0.373884414216 3.4646
41213 -5.86976761212 -0.160819278604 3.4968
41213-5 -5.65180442741 -0.448987833665 3.1004
4121312 -5.57642889412 -0.417694742228 3.0892
4124- -6.19249462468 -0.435926369413 3.4925
41248- -6.45862195881 -1.4922722908 2.2093
4128 -7.02244183236 -1.39295073972 2.2579
412812 -6.537534972 -1.5148577394 2.2727
413 -6.44311147001 0.521914342406 4.4864
413- -6.43603651021 0.535247920497 4.4860
413-12 -5.90976834639 -0.0424497588192 3.6568
413-12- -5.87493777505 -0.0228575624411 3.6585
413-13 -5.7448673602 0.245990910081 3.7435
413-13-8 -6.15167754889 -1.25852650346 2.2784
413-4- -6.0346685983 -0.111294559981 3.6725
413-55 -5.67411776217 -0.638923292997 2.9790
41312 -5.87711468576 -0.0266671561813 3.6558
41312-5- -5.61615751455 -0.455518565791 3.0784
41313 -5.71058101654 0.191296028525 3.6990
41313- -5.74731638475 0.237827494923 3.7390
41313-5- -5.51738019115 -0.174152856694 3.2444
4135 -5.915482737 -0.155377001832 3.5491
4135- -5.95330656056 -0.146397245159 3.5634
413512- -5.63874296316 -0.605181177013 2.9975
4138- -6.86080621224 -1.30179260379 2.2736
4138-8- -7.04502728096 -2.25419103884 2.1079
44 -6.98625069183 0.00979609818906 4.4571
44- -6.98597857799 0.0106124397048 4.4485
44-12 -6.24746162007 -0.464226208626 3.6213
44-124 -5.94459891773 -0.754571674396 3.1170
44-13 -6.06813860044 -0.231296762797 3.6571
44-4 -6.4197096799 -0.50966921967 3.6692
44-4-12- -5.99956591312 -0.753483219042 3.2266
44-5-12- -5.87874736879 -0.834028915263 3.0331
44-8- -7.19795525825 -1.39349496739 2.2074
44-813 -6.59549521962 -1.28873113954 2.2498
44-84 -6.81318629049 -1.50995969031 2.2017
4412- -6.24746162007 -0.464498322464 3.6235
441212- -5.84173988674 -0.727904518215 3.0857
4413- -6.06813860044 -0.231296762797 3.6601
4413-13 -5.59275572444 -0.337965387522 3.2416
444 -6.42025390757 -0.510485561185 3.6739
444- -6.41943756606 -0.50966921967 3.6716
4445- -6.03711762284 -0.79810988857 3.1940
445 -6.30161227395 -0.538241172721 3.5598
445-4- -6.00119859615 -0.881104609338 3.0476
445-8- -6.61971335126 -1.5804371745 2.2622
448 -7.19795525825 -1.39295073972 2.2074
448-8- -7.33700542976 -2.39160852732 2.0757
4485 -6.74651840004 -1.50914334879 2.2422
45 -6.78706336198 -0.0555112230713 4.2146
45- -6.79005661421 -0.0574160199414 4.2118
45-12 -6.11548640836 -0.582867842249 3.3544
45-13- -5.92446249367 -0.367081568251 3.3653
45-413- -5.777248907 -0.709128663352 3.0313
45-48- -6.52665041846 -1.54887196923 2.2096
45-5 -6.16201787476 -0.651712643411 3.2892
45-5- -6.14514681676 -0.663141424631 3.2802
45-8 -7.09400777191 -1.49662611222 2.2611
45-8- -7.09400777191 -1.49689822606 2.2611
45124- -5.82895053633 -0.844641354968 2.9209
4513- -5.94895273914 -0.333339452267 3.3929
4513-13 -5.53914929823 -0.42885140961 3.0502
455 -6.1418814507 -0.659059717053 3.2800
455- -6.15875250869 -0.647903049671 3.2893
4554- -5.87520988889 -0.976072339004 2.8518
4555- -5.80935833995 -0.985324209516 2.8019
4558 -6.47984683822 -1.64683295112 2.2647
458 -7.09101451968 -1.49200017696 2.2604
458- -7.09101451968 -1.49172806312 2.2604
48 -7.95633652638 -1.48193196493 2.2054
48- -7.95633652638 -1.48193196493 2.2054
48-12 -7.20557444573 -1.42261114812 2.2195
48-12- -7.20584655957 -1.42288326196 2.2199
48-1212 -6.53100423988 -1.51349717021 2.2170
48-1212- -6.54406570413 -1.53499416346 2.2231
48-1213 -6.38896081614 -1.40329106558 2.2293
48-13 -7.01210150649 -1.24056699011 2.2494
48-4 -7.38925128677 -1.42342748964 2.2004
48-44- -6.86135043992 -1.53825952952 2.1995
48-5 -7.26516737638 -1.43050244944 2.2408
48-5-8- -7.45210958349 -2.28412356108 2.2390
48-513 -6.43821342092 -1.44737350743 2.2461
48-88 -7.97021433215 -3.13937735575 1.7316
4812 -7.20557444573 -1.42261114812 2.2195
4812- -7.20584655957 -1.42288326196 2.2199
4813- -7.01210150649 -1.24056699011 2.2488
4813-12- -6.40746455716 -1.28056772438 2.2495
485 -7.26516737638 -1.43050244944 2.2408
485- -7.26543949022 -1.43050244944 2.2406
488 -7.92368286575 -2.44902454726 2.0736
488-12- -7.53102259668 -2.33065502748 2.0797
512 -6.50678610824 0.043266100335 4.1383
512- -6.50841879127 0.0519737431697 4.1366
512-12 -5.95140176369 -0.421776449807 3.3519
512-12- -5.92555094903 -0.399735228881 3.3626
512-12-13- -5.51928498802 -0.55756125526 2.9099
512-12-4- -5.71493483796 -0.714570940124 2.9133
512-124- -5.73806451424 -0.720557444573 2.9497
512-13- -5.78024215922 -0.206534403486 3.3865
512-48 -6.35549081399 -1.48329253413 2.2096
512-5 -5.98405542432 -0.477015559039 3.2989
512-8-5 -6.45617293427 -1.50506164121 2.2917
51212- -5.9345307057 -0.431300434157 3.3477
51213- -5.7617384182 -0.14993472506 3.4067
51213-12 -5.5543876732 -0.432933117189 3.0664
512138 -6.16528324082 -1.25199577133 2.2729
5124 -6.06623380357 -0.474566534492 3.3838
5124- -6.06460112054 -0.46912425772 3.3839
5124-8 -6.338619756 -1.47458489129 2.2095
5125- -5.96582379714 -0.484362632681 3.2967
51254 -5.74024142495 -0.852804770125 2.8640
513 -6.25099909997 0.422592791322 4.2198
513- -6.28555755747 0.435110027897 4.2341
513-12 -5.83466492694 -0.0900696805716 3.5425
513-12- -5.79684110337 -0.0669400042919 3.5455
513-1213 -5.44499791008 -0.251161073014 3.1162
513-13 -5.67411776217 0.181499930336 3.6125
513-13- -5.64037564619 0.135784805454 3.5756
513-1312 -5.45533823595 -0.109117649273 3.2527
513-4- -5.94568737308 -0.151295294253 3.5554
513-4-5 -5.70160125987 -0.566813125772 3.1116
513-48 -6.2420193433 -1.33934431351 2.2109
513-5- -5.83058321936 -0.187214320946 3.4512
513-512- -5.62268824668 -0.57878613467 2.9954
513-8 -6.73318482195 -1.29580609934 2.2741
51312 -5.76255475971 -0.0789130131896 3.5315
51312- -5.79656898954 -0.102314803308 3.5263
513124 -5.5924836106 -0.489804909453 3.0317
51313 -5.60091913959 0.119457975139 3.5550
51313- -5.63493336942 0.166261555375 3.5930
5134 -5.90813566336 -0.161091392442 3.5404
5134- -5.91031257406 -0.161363506281 3.5398
5135 -5.79466419267 -0.195377736104 3.4380
5135- -5.83058321936 -0.187486434785 3.4512
5135-4- -5.65915150105 -0.620963779651 2.9870
5138-12- -6.29861902172 -1.30968390511 2.2826
5138-5 -6.31331316901 -1.32002423098 2.3063
54 -6.78107685754 -0.0680284596462 4.1948
54- -6.77781149147 -0.0653073212604 4.1974
54-13 -5.97289875694 -0.279188798388 3.5393
54-13-8- -6.37426666885 -1.28655422883 2.2748
54-1312- -5.67983215278 -0.534975806658 3.1500
54-4 -6.29263251728 -0.5423228803 3.5466
54-4-12 -5.93153745347 -0.774163870774 3.1598
54-4-5- -5.96010940653 -0.810899238983 3.1326
54-44 -6.02895420769 -0.799198343924 3.1855
54-5-13 -5.699696463 -0.688175897781 2.9977
54-55- -5.85861094473 -0.897431439653 2.9395
54-8- -7.02870045065 -1.40029781336 2.2090
54-8-4- -6.68529278635 -1.50751066576 2.2033
5412-12 -5.78486809448 -0.753483219042 3.0323
5412-12- -5.76064996284 -0.727360290537 3.0413
5413 -5.98215062745 -0.290617579609 3.5391
541313- -5.54704059955 -0.38449685392 3.1718
544 -6.2956257695 -0.545044018686 3.5472
544-13 -5.80309972166 -0.626678170261 3.1725
545 -6.19058982781 -0.570350605674 3.4523
545- -6.19031771397 -0.571439061028 3.4497
545-5- -5.8428283421 -0.905050627133 2.9318
545-8- -6.5149495234 -1.58016506066 2.2626
548 -7.03196581671 -1.40220261023 2.2091
548- -7.03196581671 -1.40220261023 2.2091
548-12 -6.60774034236 -1.50560586889 2.2224
54812 -6.60774034236 -1.50560586889 2.2224
55 -6.58733180446 -0.133607894745 3.9813
55- -6.59821635801 -0.119730088977 3.9909
55-13 -5.86214842463 -0.3730680727 3.2904
55-4 -6.15331023192 -0.653617440281 3.2810
55-4- -6.15630348415 -0.658515489375 3.2792
55-5 -6.05915884377 -0.673753864336 3.1959
55-5- -6.04038298891 -0.68463841788 3.1866
55-8 -6.94380093301 -1.49989147828 2.2625
55-8- -6.94380093301 -1.50016359212 2.2625
55-8-4- -6.58325009688 -1.57309010086 2.2547
55-88 -7.1108788299 -2.40167673935 2.1033
5512 -5.98759290422 -0.611984022977 3.2558
5512- -6.00147070999 -0.623140690359 3.2451
551212- -5.66541011934 -0.849539404062 2.8339
5513- -5.8428283421 -0.386945878468 3.2777
5513-4- -5.67112450995 -0.643277114415 2.9736
555- -6.04038298891 -0.68463841788 3.1866
555-5- -5.73969719727 -0.986140551032 2.7625
558 -6.93427694866 -1.50478952737 2.2638
558- -6.93427694866 -1.50451741354 2.2638
558-4- -6.5720934295 -1.57417855621 2.2563
558-5- -6.51222838501 -1.5698247348 2.2962
58 -8.00694970036 -1.45825806098 2.2586
58- -8.00694970036 -1.45825806098 2.2586
58-12 -7.08094630766 -1.42886976641 2.2719
58-13-8 -7.16775062217 -1.96384557307 2.2631
58-134- -6.4874660257 -1.31811943411 2.3041
58-4 -7.24639152152 -1.43050244944 2.2515
58-4- -7.24611940768 -1.4302303356 2.2519
58-4-5 -6.67957839574 -1.53825952952 2.2525
58-48 -7.39333299435 -2.16466558594 2.2022
58-5 -7.13292005083 -1.43540049854 2.2925
58-5- -7.13155948163 -1.4351283847 2.2920
58-54- -6.66842172836 -1.60247839543 2.2917
58-55 -6.56610692505 -1.60547164765 2.2952
58-58- -7.33646120209 -2.26915729996 2.2510
58-8-13- -7.27686827144 -2.13282826683 2.1225
5812-5- -6.50052748995 -1.53172879739 2.2719
5812-8 -7.28884128034 -2.21255762153 2.2421
5813-4- -6.48583334267 -1.32220114168 2.3046
581313- -6.2229713746 -1.1621982046 2.3037
584 -7.24639152152 -1.4302303356 2.2515
584-8- -7.39306088051 -2.1643934721 2.2022
585- -7.13155948163 -1.4351283847 2.2920
588-13 -7.27686827144 -2.13282826683 2.1218
588-4 -7.54843788235 -2.31351185565 2.1006
812 -7.91633579211 -1.35920862373 2.2475
812- -7.91633579211 -1.35893650989 2.2476
812-12- -6.90869824783 -1.46206765472 2.2449
812-12-12- -6.30324495698 -1.50751066576 2.2423
812-12-5 -6.35304178944 -1.54288546478 2.2498
812-12-8 -7.13564118921 -2.12929078693 2.2398
812-1212- -6.38106951482 -1.58179774369 2.2510
812-124- -6.49345253015 -1.58724002047 2.2511
812-13- -6.73019156972 -1.29934357924 2.2583
812-4-13- -6.37508301037 -1.45716960562 2.2538
812-5- -6.96665849545 -1.48955115241 2.2499
812-5-8- -7.20312542118 -2.22915656569 2.2508
812-8 -8.07252913546 -2.34072323951 2.2384
81212 -6.90869824783 -1.46206765472 2.2448
81212-13- -6.23140690359 -1.46506090694 2.2506
8128- -8.07252913546 -2.34072323951 2.2384
8128-12 -7.31088250126 -2.24058534691 2.2416
813 -7.69755626589 -1.3145819542 2.2802
813- -7.69755626589 -1.3145819542 2.2802
813-12 -6.77563458076 -1.26424089407 2.2828
813-12- -6.7497837661 -1.22260747676 2.2802
813-13 -6.59304619507 -1.15920495237 2.2827
813-1313 -5.99058615645 -1.1347147069 2.2832
813-4-4- -6.54352147645 -1.32111268633 2.2833
813-5 -6.83332271454 -1.25907073113 2.2833
813-5- -6.80583921685 -1.23730162405 2.2829
813-513 -6.16038519172 -1.24138333162 2.2834
813-8 -7.88286578997 -2.03296248807 2.2594
813-8- -7.88286578997 -2.03323460191 2.2594
813-8-5- -7.22924834969 -1.99704346137 2.2784
813-85 -7.22897623585 -1.99813191673 2.2785
81312 -6.7497837661 -1.22206324908 2.2802
81312- -6.77563458076 -1.26396878023 2.2828
81312-13- -6.11140470078 -1.22124690757 2.2833
81313 -6.56746749425 -1.18750479158 2.2866
81313- -6.59304619507 -1.15893283853 2.2827
81313-5 -6.19630421842 -1.18696056391 2.2833
8131312 -6.10596242401 -1.17362698582 2.2860
8131313- -5.99602843322 -1.12573495023 2.2868
813138 -6.9106030447 -1.73635840401 2.2694
8134 -6.94897109594 -1.26505723558 2.2833
8134- -6.95196434817 -1.2623360972 2.2829
8135 -6.80583921685 -1.23702951021 2.2829
8135-4 -6.43902976243 -1.3766239094 2.2834
8138-5 -7.22897623585 -1.99677134754 2.2784
81388 -7.96368360003 -2.83733099492 2.1000
84 -7.94028180991 -1.43839375076 2.2290
84- -7.94028180991 -1.43839375076 2.2290
84-12 -7.04965321622 -1.47893871271 2.2291
84-12- -7.04502728096 -1.4732243221 2.2288
84-128 -7.2921066464 -2.15650217079 2.2311
84-13 -6.84175824354 -1.29118016409 2.2304
84-13- -6.84801686183 -1.29988780692 2.2306
84-13-4 -6.41181837858 -1.42805342489 2.2309
84-4- -7.28475957276 -1.49499342919 2.2283
84-4-12 -6.57454245405 -1.56737571025 2.2278
84-4-8 -7.43768755004 -2.12548119319 2.2045
84-5 -7.1299267986 -1.50315684434 2.2301
84-5- -7.12747777405 -1.50234050283 2.2301
84-512- -6.46433634942 -1.63431571454 2.2300
84-513- -6.31412951052 -1.4958097707 2.2294
84-55- -6.50760244976 -1.64193490202 2.2299
84-8 -8.13756434288 -2.27487169057 2.1999
84-8- -8.13756434288 -2.27487169057 2.1999
8412 -7.04502728096 -1.4732243221 2.2288
8412- -7.04965321622 -1.47893871271 2.2291
8413-8 -7.15006322266 -1.95541004407 2.2328
844- -7.28448745892 -1.49444920151 2.2282
84412 -6.57046074647 -1.56274977499 2.2278
8448- -7.43768755004 -2.12548119319 2.2045
845 -7.12747777405 -1.50234050283 2.2301
845- -7.1299267986 -1.50315684434 2.2301
8454- -6.60284229326 -1.64030221899 2.2299
848- -8.13756434288 -2.27487169057 2.1999
848-5- -7.47986519502 -2.18425778232 2.2269
848-8- -8.13402686298 -2.95515628703 2.0516
84812- -7.42952413488 -2.19459810819 2.2158
85 -7.98490847944 -1.42506017267 2.2708
85- -7.98490847944 -1.42533228651 2.2708
85-13 -6.78869604502 -1.36002496525 2.2722
85-13- -6.77128075935 -1.38233830001 2.2768
85-134- -6.40338284958 -1.48410887564 2.2724
85-138 -7.10570866697 -2.03132980504 2.2681
85-4- -7.17809094803 -1.59377075259 2.2708
85-5 -7.03795232116 -1.59349863875 2.2722
85-5-4 -6.55739928222 -1.73608629017 2.2738
8512 -6.96856329232 -1.55839595358 2.2691
85124 -6.49181984712 -1.66533669214 2.2701
85125 -6.38487910856 -1.64356758505 2.2691
8513 -6.77128075935 -1.38233830001 2.2768
8513- -6.78869604502 -1.36002496525 2.2722
854 -7.17809094803 -1.59349863875 2.2708
854- -7.17482558197 -1.58669579279 2.2701
854-4 -6.69073506313 -1.6650645783 2.2698
854-8 -7.34462461725 -2.21555087376 2.2052
854-8- -7.34462461725 -2.21555087376 2.2052
85513 -6.27031918251 -1.60819278604 2.2743
858 -8.15225849017 -2.3992277148 2.2477
858- -8.15225849017 -2.3992277148 2.2477
858-8- -8.19824572889 -3.03842312164 2.0802
88 -8.26083191176 -2.65991277217 2.0529
88- -8.26083191176 -2.65991277217 2.0529
88-13 -7.81973537941 -2.25827274642 2.1021
88-13- -7.81973537941 -2.25827274642 2.1020
88-13-12 -7.01210150649 -2.26888518612 2.1027
88-1312- -7.01210150649 -2.26888518612 2.1028
88-4 -7.89755993725 -2.47786861415 2.0832
88-4-8 -8.04123604402 -2.94236693662 2.0417
88-48- -8.04123604402 -2.94236693662 2.0416
88-5- -7.89701570957 -2.46208601152 2.0994
88-5-12- -7.17727460652 -2.42834389553 2.0986
88-5-5- -7.23115314656 -2.43650731069 2.1001
88-8 -8.27090012379 -3.41611712959 1.6455
88-8- -8.27090012379 -3.41611712959 1.6455
88-84- -7.95497595719 -3.13529564818 1.7341
8813-5- -7.03876866268 -2.24276225762 2.1026
