1212 -7.88477058684 1.24219967314 4.5220
1212- -7.88585904219 1.25471690972 4.5349
1212-12 -7.30299119994 0.548309384749 3.6888
1212-1212- -6.99305353779 0.163268303151 3.2523
1212-124- -7.06978964027 0.111022446143 3.2724
1212-13-8 -7.47415080441 -0.380415146342 1.9088
1212-4 -7.4338779563 0.444634012248 3.7195
1212-4-13 -7.0191764663 0.220684323092 3.3749
1212-413 -7.02543508459 0.217963184707 3.3769
1212-5 -7.32829778693 0.454702224275 3.6309
1212-5- -7.306256566 0.447627264472 3.6278
1212-55- -7.04938110238 -0.0647630935832 3.1538
1212-58- -7.61483365896 -0.825049158589 1.8985
1212-8-13 -7.64830366111 -0.569534264158 1.9807
1212128- -7.52285918152 -0.608990770753 1.8982
121213 -7.11550476516 0.827770296975 3.7597
121213- -7.11496053748 0.891444935204 3.7847
1212134 -6.9225760536 0.426674498901 3.4088
12124-4 -7.18162842793 0.0114287812206 3.3802
12125 -7.28584802811 0.474566534492 3.6446
12125-12 -7.00665922972 0.0269392700199 3.2043
121254- -7.05754451754 -0.0340142298231 3.2073
12128-13- -7.63551431069 -0.537696945044 1.9759
12128-5- -7.75551651351 -0.779334033707 1.9633
1213 -7.6447661812 1.7687399508 4.7213
1213- -7.67605927264 1.77962450435 4.7442
1213-12 -7.20122062431 0.98641266487 3.9681
1213-125- -6.92556930582 0.434293686382 3.4085
1213-13 -7.05591183451 1.32764341846 4.0943
1213-13- -7.01972069397 1.27893504135 4.0588
1213-13-4 -6.86924174124 0.670760612112 3.6004
1213-13-5 -6.82352661636 0.681917279494 3.5524
1213-13-8- -7.37891096091 -0.248167820789 1.9101
1213-134- -6.90380019874 0.763007203392 3.6875
1213-4 -7.31006615975 0.813892491207 3.9575
1213-4-5 -7.05074167157 0.204901720454 3.4629
1213-48- -7.54190715022 -0.602732152466 1.8601
1213-8 -8.03933124715 -0.232385218152 1.9076
121312 -7.1228518388 1.03267201743 3.9828
121312- -7.15822663781 1.0106307965 3.9743
121313-8 -7.37210811494 -0.158370254056 1.9090
12131313- -6.65182278421 1.06260453967 3.7092
1213135 -6.73835498488 0.718108420026 3.5535
12135- -7.18380533864 0.859879729928 3.8770
12138 -8.01157563562 -0.191568142364 1.9069
12138- -8.01130352178 -0.191296028525 1.9069
12138-13- -7.51959381546 -0.299053108605 1.9913
124 -8.15334694552 1.01280770721 4.6021
124- -8.14926523794 1.02097112237 4.6104
124-12 -7.50381121282 0.366537340574 3.8437
124-128- -7.77429236837 -0.706951752644 1.9033
124-13 -7.34816209715 0.616337844395 3.8965
124-13- -7.35496494311 0.606541746206 3.8945
124-5 -7.54571674396 0.266399447975 3.7755
124-5-12- -7.15713818246 -0.0911581359259 3.2992
124-8- -8.33947281111 -0.60001101408 1.8586
124-812 -7.94354717597 -0.824777044751 1.8922
124-85 -7.95688075406 -0.825049158589 1.9264
12413 -7.35850242301 0.600555241757 3.8926
12413- -7.35061112169 0.610895567623 3.8910
12413-4- -7.11251151293 0.251161073014 3.5160
12413-5 -7.05128589925 0.261229285042 3.4706
1244 -7.66490260526 0.260140829687 3.8800
1244- -7.66599106061 0.259052374333 3.8786
1244-12- -7.29373932943 -0.0593208168115 3.4739
1244-4- -7.40068006799 -0.118913747462 3.4989
1248- -8.34328240485 -0.60382060782 1.8585
125 -7.95415961568 1.00899811347 4.4010
125- -7.95987400629 1.01307982105 4.3970
125-12 -7.37156388727 0.29796465325 3.5992
125-124 -7.1228518388 -0.0492526047839 3.2113
125-13 -7.22870412201 0.565724670418 3.6578
125-13- -7.19958794128 0.532526782111 3.6305
125-13-8 -7.53537641809 -0.497424096933 3.2743
125-135- -6.97890361819 0.231024648959 3.3173
125-4 -7.50381121282 0.196738305297 3.6176
125-4- -7.50762080656 0.191023914687 3.6153
125-412- -7.17863517571 -0.12109065817 3.2786
125-413 -7.07495980321 0.0242181316341 3.2967
125-5 -7.40476177557 0.201092126714 3.5246
125-8 -8.23253207255 -0.678379799592 1.8992
125-84- -7.90164164483 -0.897703553492 1.9276
125128 -7.61102406522 -0.722462241443 1.9000
12513- -7.20639078724 0.575792882446 3.6665
125138- -7.5149678802 -0.470212713075 3.2889
1255 -7.36584949665 0.204357492777 3.5344
1258-5- -7.82490554235 -0.857158591542 1.9640
128 -9.35336897368 -0.275379204648 1.8970
128- -9.35336897368 -0.275379204648 1.8969
128-12- -8.43199151623 -0.660148172407 1.9345
128-12-8- -8.59226656716 -1.46070708552 1.8885
128-124 -7.94137026526 -0.850899973255 1.9408
128-13 -8.25919922873 -0.371435389668 1.9827
128-4 -8.60832128363 -0.685998987073 1.9282
128-4-4 -8.15497962855 -0.891444935204 1.9283
128-5- -8.47471338889 -0.670760612112 1.9639
128-512- -7.87524660249 -0.910220790067 1.9670
128-54- -8.01266409097 -0.928996644929 1.9652
128-84- -8.90791861992 -1.66343189527 1.7881
12812-12- -7.79361245091 -0.801647368471 1.9290
12813 -8.25919922873 -0.371435389668 1.9828
12813- -8.25919922873 -0.370891161991 1.9776
12813-4 -7.83823912044 -0.593480281954 1.9785
1284 -8.60832128363 -0.685998987073 1.9283
1284-13 -7.84232082802 -0.730353542762 1.9330
12844- -8.15525174239 -0.891717049043 1.9288
1285 -8.4755297304 -0.671304839789 1.9664
12858- -8.63934226123 -1.54451814781 1.8879
1288- -9.39255336644 -1.65499636627 1.7704
1312 -7.64449406737 1.76901206464 4.7215
1312- -7.6757871588 1.77989661818 4.7444
1312-12 -7.14489305972 0.878383470952 3.7834
1312-12- -7.11496053748 0.891717049043 3.7847
1312-13- -6.99250931012 1.20002202816 3.8941
1312-134- -6.84393515425 0.653617440281 3.5181
1312-4 -7.27115388083 0.733074681148 3.7986
1312-4- -7.27115388083 0.727360290537 3.7957
1312-5 -7.16992753287 0.738789071758 3.7053
1312-55 -6.90243962954 0.0933350466346 3.1755
1312-8 -7.98735750398 -0.325176037109 1.9029
1312-8- -7.98735750398 -0.325176037109 1.9029
1312-8-4 -7.67279390658 -0.678379799592 1.9314
1312-813- -7.50626023736 -0.402728481106 1.9858
131212- -7.1454372874 0.815525174239 3.7591
13121313- -6.67141498059 0.908315993196 3.5369
13124 -7.26217412415 0.661780855439 3.7648
13124- -7.26271835183 0.663685652309 3.7664
131244 -7.06652427421 0.0895254528944 3.3698
131244- -7.06679638805 0.0887091113787 3.3691
13125 -7.14434883205 0.661780855439 3.6718
13125- -7.16666216681 0.669672156757 3.6758
131285- -7.60884715451 -0.718380533864 1.9706
131288- -8.13239417995 -1.6008457124 1.7748
1313 -7.41809535366 2.36548559882 5.0238
1313- -7.47986519502 2.36739039569 5.0454
1313-12 -7.05591183451 1.32791553229 4.0944
1313-12-13- -6.67114286675 0.908588107035 3.5369
1313-124 -6.87468401801 0.58259572841 3.4976
1313-13- -6.87794938407 1.69445287287 4.2413
1313-5 -7.07958573846 1.09634665566 3.9531
1313-813 -7.40857136931 -0.190751800848 1.9933
1313-84 -7.57401658317 -0.504226942898 1.9380
131312- -7.01972069397 1.27920715519 4.0589
131312-5 -6.78488645128 0.568717922642 3.4187
1313128- -7.30108640307 -0.474838648331 1.9091
131313- -6.87794938407 1.69445287287 4.2412
131313-8 -7.24040501707 -0.118369519784 3.4932
13131312 -6.63712863692 1.00682120276 3.6781
13134 -7.11359996829 1.04437291249 4.0170
13134- -7.11604899283 1.03430470046 4.0130
13135- -7.03985711803 1.04573348168 3.9116
131355- -6.79223352492 0.231296762797 3.2323
13138-12- -7.47986519502 -0.500145235319 1.9363
13138-5- -7.48503535796 -0.523547025437 1.9762
134 -7.91252619837 1.41880155438 4.7351
134- -7.91851270282 1.40601220397 4.7325
134-12- -7.35115534937 0.614433047525 3.8962
134-128 -7.63741910756 -0.615521502879 1.9049
134-13- -7.21700322695 0.873485421858 3.9711
134-13-13- -6.79522677714 0.64028386219 3.5794
134-13-5 -6.95631816958 0.447083036795 3.5130
134-412- -7.18516590783 0.0838110622842 3.4910
134-5- -7.39142819748 0.475927103685 3.8098
134-8 -8.14055759511 -0.437831166283 1.8599
134-8- -8.14055759511 -0.437831166283 1.8599
134-8-13- -7.69374667215 -0.481641494295 1.9426
13412-8- -7.62843935089 -0.601643697111 1.9039
13413 -7.21537054392 0.885186316917 3.9771
1341312- -6.94543361604 0.506948081284 3.5647
1344 -7.49292665927 0.484090518843 3.9184
1345- -7.38707437606 0.481369380457 3.8087
13454- -7.15659395478 -0.0244902454726 3.3179
1348 -8.13565954601 -0.43075620648 1.8601
1348- -8.13565954601 -0.43075620648 1.8601
1348-8 -8.2717164653 -1.58832847582 1.7407
135 -7.71279464085 1.39186228436 4.5076
135- -7.75061846441 1.40301895174 4.5085
135-12- -7.20639078724 0.576064996284 3.6666
135-13- -7.06135411128 0.821511678688 3.7098
135-13-12- -6.77889994683 0.492253934 3.3775
135-4 -7.35197169089 0.435654255574 3.6583
135-4-8 -7.57537715237 -0.706407524966 1.8597
135-5- -7.237139651 0.422320677484 3.5584
135-5-13 -6.83495539758 0.177146108919 3.1615
135-58 -7.54680519931 -0.765456227939 3.0719
135-8- -8.05157636989 -0.480008811264 1.8999
135-8-4- -7.74925789522 -0.757837040459 1.9276
13512 -7.17836306187 0.541778652623 3.6417
13512- -7.19931582744 0.532798895949 3.6306
13512-4- -6.98679491951 0.11728106443 3.2230
13513- -7.06135411128 0.821511678688 3.7098
13513-13 -6.72991945588 0.644909797446 3.4239
1354 -7.32339973784 0.39810254585 3.6260
1358 -8.02817457977 -0.507220195122 1.9020
138 -9.05513220659 -0.078640899351 1.9059
138- -9.05513220659 -0.0783687855125 1.9059
138-12 -8.24341662609 -0.417966856066 1.9390
138-125 -7.70844081943 -0.641100203706 1.9413
138-13 -8.08314157516 -0.103403258662 1.9861
138-13- -8.08042043678 -0.106940738564 1.9908
138-1312 -7.58381268136 -0.326536606302 1.9844
138-4 -8.40042631095 -0.456879134984 1.9342
138-5-4 -7.88123310693 -0.764639886424 1.9718
138-5-5- -7.77347602686 -0.760830292683 1.9763
138-8- -9.14220863494 -1.46179554088 1.7700
13812 -8.24341662609 -0.417966856066 1.9390
13812-13 -7.54680519931 -0.452525313567 1.9403
13812-13- -7.55034267922 -0.510757675024 1.9523
1381313- -7.4804094227 -0.20190846823 1.9887
1384 -8.40069842479 -0.456879134984 1.9341
1384-5- -7.91252619837 -0.711033460222 1.9379
1385- -8.27933565278 -0.447083036795 1.9729
1385-13- -7.60721447148 -0.593480281954 1.9814
1388 -9.14220863494 -1.46179554088 1.7700
1388- -9.14220863494 -1.46179554088 1.7700
1388-12- -8.60832128363 -1.5148577394 1.7893
412 -8.15851710845 1.03403258662 4.6316
412- -8.16423149906 1.0239643746 4.6218
412-12-13 -6.91359629693 0.337965387522 3.2977
412-13 -7.27768461295 0.737700616404 3.8100
412-4 -7.59632991794 0.361095063802 3.7718
412-5 -7.47605560128 0.3730680727 3.6728
412-5-8- -7.72748878813 -0.823416475558 1.8967
41212 -7.41673478447 0.480553038941 3.7472
41213 -7.26897697012 0.674298092013 3.7795
41213-5 -7.00965248195 0.380143032503 3.4323
4121312 -6.92910678573 0.419871652937 3.4304
4124- -7.59687414561 0.362999860672 3.7691
41248- -7.80095952455 -0.770354277034 1.8589
4128 -8.39824940025 -0.57116694719 1.9039
412812 -7.90599546625 -0.825049158589 1.9377
413 -7.92912514253 1.41553618832 4.7560
413- -7.92232229656 1.43050244944 4.7580
413-12 -7.31387575349 0.82885875233 3.9740
413-12- -7.27577981608 0.859335502251 3.9843
413-13 -7.16258045923 1.10532641233 4.0778
413-13-8 -7.47959308118 -0.254970666754 3.4527
413-4- -7.44639519288 0.702325817388 3.9769
413-55 -7.03196581671 0.13850594384 3.2968
41312 -7.27768461295 0.854437453157 3.9818
41312-5- -6.96774695081 0.376333438763 3.4069
41313 -7.12176338344 1.04355657097 4.0280
41313- -7.16475736994 1.0952582003 4.0733
41313-5- -6.88121475014 0.687359556265 3.6235
4135 -7.31088250126 0.700148906679 3.8687
4135- -7.35169957705 0.709128663352 3.8745
413512- -6.99822370073 0.179867247305 3.3124
4138- -8.24640987832 -0.260140829687 1.9078
4138-8- -8.38763696054 -1.5303682282 1.7726
44 -8.49865940668 0.8152530604 4.7387
44- -8.50083631739 0.813076149692 4.7313
44-12 -7.677147728 0.262317740396 3.8900
44-124 -7.3266651039 -0.0625861828745 3.4024
44-13 -7.50462755433 0.484906860358 3.9282
44-4 -7.87225335026 0.173336515179 3.9431
44-4-12- -7.40448966173 -0.111294559981 3.5089
44-5-12- -7.2575481889 -0.146669358997 3.3225
44-8- -8.63172307375 -0.647086708155 1.8577
44-813 -8.01266409097 -0.64218865906 1.9403
44-84 -8.23933491851 -0.873757535696 1.8882
4412- -7.67524293113 0.264222537266 3.8921
441212- -7.21537054392 -0.0174152856694 3.3751
4413- -7.50272275746 0.487083771067 3.9310
4413-13 -6.98706703334 0.358918153093 3.5673
444 -7.86871587036 0.176329767403 3.9469
444- -7.87007643955 0.175513425887 3.9450
4445- -7.43904811923 -0.158642367895 3.4735
445 -7.72667244662 0.180411474982 3.8232
445-4- -7.3908839698 -0.218507412384 3.3310
445-8- -7.97919408883 -0.873485421858 1.8979
448 -8.62954616304 -0.644909797446 1.8577
448-8- -8.73403787706 -1.69336441751 1.7398
4485 -8.15416328704 -0.854437453157 1.9257
45 -8.26355305015 0.806817531404 4.4689
45- -8.26709053005 0.804640620696 4.4686
45-12 -7.51469576636 0.199731557521 3.6282
45-13- -7.3302025838 0.407354416362 3.6400
45-413- -7.16366891459 -0.0299325222443 3.3186
45-48- -7.88123310693 -0.848723062546 1.8589
45-5 -7.55986666357 0.120002202816 3.5558
45-5- -7.53945812567 0.10775708008 3.5502
45-8 -8.48178834869 -0.714026712447 1.8978
45-8- -8.48178834869 -0.714026712447 1.8978
45124- -7.184893794 -0.105308055532 3.2176
4513- -7.35823030917 0.443817670732 3.6700
4513-13 -6.91495686612 0.3229991264 3.3783
455 -7.53510430425 0.112110901497 3.5498
455- -7.55578495599 0.124356024233 3.5559
4554- -7.23523485413 -0.274018635455 3.1371
4555- -7.16149200388 -0.268032131006 3.0862
4558 -7.80123163839 -0.91920054674 1.8996
458 -8.47743452727 -0.708312321837 1.8975
458- -8.47743452727 -0.708312321837 1.8975
48 -9.73704948608 -0.323543354077 1.8565
48- -9.73704948608 -0.323543354077 1.8565
48-12 -8.64097494426 -0.684094190202 1.8912
48-12- -8.64097494426 -0.684094190202 1.8916
48-1212 -7.89429457119 -0.820423223334 1.8855
48-1212- -7.90653969392 -0.851444200932 1.8954
48-1213 -7.74925789522 -0.739333299435 1.9080
48-13 -8.45022314342 -0.406265961007 1.9411
48-4 -8.8534958522 -0.709400777191 1.8882
48-44- -8.28967597865 -0.909404448551 1.8888
48-5 -8.69784673653 -0.695250857584 1.9256
48-5-8- -8.83390365582 -1.55975652277 1.8877
48-513 -7.80776237052 -0.795116636345 1.9337
48-88 -9.72099476961 -2.42861600937 1.7060
4812 -8.64097494426 -0.684094190202 1.8912
4812- -8.64097494426 -0.684094190202 1.8916
4813- -8.45022314342 -0.405993847169 1.9404
4813-12- -7.78136732817 -0.570894833351 1.9386
485 -8.69784673653 -0.695250857584 1.9256
485- -8.69784673653 -0.694978743746 1.9254
488 -9.71337558213 -1.66533669214 1.7392
488-12- -8.95445008631 -1.67241165194 1.7554
512 -7.95415961568 1.00927022731 4.4013
512- -7.95960189245 1.01362404873 4.3973
512-12 -7.32829778693 0.455246451953 3.6310
512-12- -7.29999794772 0.485451088035 3.6465
512-12-13- -6.86379946447 0.267487903329 3.2193
512-12-4- -7.05618394835 0.0884369975401 3.2160
512-124- -7.08067419382 0.0794572408668 3.2452
512-13- -7.16666216681 0.669944270596 3.6760
512-48 -7.6806852079 -0.753483219042 1.8592
512-5 -7.35795819534 0.382864170889 3.5776
512-8-5 -7.80041529688 -0.807361759081 1.9684
51212- -7.30598445217 0.448171492149 3.6280
51213- -7.14706997043 0.731986225793 3.7000
51213-12 -6.90434442641 0.427218726578 3.4025
512138 -7.47251812138 -0.369530592798 1.9079
5124 -7.44966055894 0.358101811578 3.6594
5124- -7.44857210358 0.363816202188 3.6615
5124-8 -7.66082089768 -0.741238096305 1.8592
5125- -7.33591697441 0.377694007956 3.5767
51254 -7.08149053533 -0.094423501989 3.1621
513 -7.71279464085 1.39186228436 4.5078
513- -7.75089057825 1.40301895174 4.5086
513-12 -7.22543875595 0.827226069298 3.8659
513-12- -7.18380533864 0.860151843767 3.8772
513-1213 -6.80856035523 0.613888819848 3.4613
513-13 -7.07958573846 1.0966187695 3.9533
513-13- -7.03985711803 1.04600559552 3.9118
513-1312 -6.81672377039 0.802463709987 3.6390
513-4- -7.34244770654 0.703958500419 3.8642
513-4-5 -7.06815695724 0.177962450435 3.4259
513-48 -7.5756492662 -0.604364835497 1.8602
513-5- -7.21210517785 0.706679638805 3.7760
513-512- -6.97890361819 0.231296762797 3.3174
513-8 -8.0953866979 -0.255242780593 1.9081
51312 -7.14734208427 0.844913468806 3.8714
51312- -7.18380533864 0.812531922015 3.8588
513124 -6.93863077008 0.335244249137 3.3671
51313 -6.99822370073 1.02777396834 3.9032
51313- -7.03686386581 1.08001982534 3.9443
5134 -7.30190274459 0.69416240223 3.8577
5134- -7.30435176913 0.693618174553 3.8581
5135 -7.17428135429 0.695795085262 3.7695
5135- -7.21210517785 0.706407524966 3.7760
5135-4- -7.01318996185 0.151295294253 3.3093
5138-12- -7.65619496243 -0.589942802052 1.9357
5138-5 -7.66463049142 -0.603004266304 1.9736
54 -8.25593386267 0.793483953314 4.4481
54- -8.25212426893 0.796477205538 4.4485
54-13 -7.38761860374 0.479464583587 3.8076
54-13-8- -7.71687634843 -0.468307916205 1.9090
54-1312- -7.05210224077 0.208711314195 3.4679
54-4 -7.71769268995 0.174424970533 3.8080
54-4-12 -7.32149494097 -0.11156667382 3.4388
54-4-5- -7.34680152795 -0.152383749608 3.4098
54-44 -7.43088470408 -0.161091392442 3.4634
54-5-13 -7.07904151079 0.00326536606302 3.2839
54-55- -7.22380607291 -0.199187329844 3.2206
54-8- -8.42246753188 -0.637018496127 1.8585
54-8-4- -8.08178100597 -0.860423957605 1.8889
5412-12 -7.14706997043 -0.0228575624411 3.3213
5412-12- -7.12094704193 0.0130614642521 3.3360
5413 -7.39741470193 0.467763688527 3.8075
541313- -6.93155581027 0.34422400581 3.4972
544 -7.71932537298 0.173336515179 3.8094
544-13 -7.2025811935 0.0272113838585 3.4538
545 -7.59442512107 0.177690336596 3.7119
545- -7.5946972349 0.175513425887 3.7096
545-5- -7.20639078724 -0.207078631163 3.2162
545-8- -7.85429383691 -0.865594120539 1.8983
548 -8.42600501178 -0.638923292997 1.8586
548- -8.42600501178 -0.638923292997 1.8586
548-12 -7.99660937449 -0.844369241129 1.8916
54812 -7.99660937449 -0.844369241129 1.8916
55 -8.03497742574 0.776612895321 4.2292
55- -8.04939945918 0.791034928766 4.2346
55-13 -7.26026932728 0.438103280122 3.5670
55-4 -7.54898211002 0.118369519784 3.5464
55-4- -7.55224747609 0.112110901497 3.5439
55-5 -7.44285771297 0.12299545504 3.4593
55-5- -7.41972803669 0.111838787658 3.4531
55-8 -8.30137687371 -0.703686386581 1.8988
55-8- -8.30137687371 -0.703686386581 1.8989
55-8-4- -7.94735676971 -0.904778513295 1.9271
55-88 -8.43008671936 -1.69826246661 1.7671
5512 -7.36584949665 0.204629606616 3.5345
5512- -7.38299266849 0.186942207108 3.5180
551212- -7.0036659775 -0.0745591917723 3.1350
5513- -7.23741176484 0.422320677484 3.5585
5513-4- -7.02788410913 0.134152122422 3.2908
555- -7.41972803669 0.111838787658 3.4531
555-5- -7.08312321837 -0.250344731498 3.0502
558 -8.28885963713 -0.709945004868 1.8988
558- -8.2885875233 -0.709945004868 1.8988
558-4- -7.93375107778 -0.905322740972 1.9284
558-5- -7.86272936591 -0.887091113787 1.9662
58 -9.46547987518 -0.331978883074 1.8961
58- -9.46547987518 -0.331978883074 1.8961
58-12 -8.48668639779 -0.675658661206 1.9300
58-13-8 -8.523421766 -1.18587210855 1.8991
58-134- -7.86136879672 -0.610351339946 1.9810
58-4 -8.67526128793 -0.700693134356 1.9263
58-4- -8.67526128793 -0.700693134356 1.9267
58-4-5 -8.06545417566 -0.885458430755 1.9298
58-48 -8.77975300194 -1.46669358997 1.9181
58-5 -8.53539477489 -0.685998987073 1.9641
58-5- -8.53348997802 -0.685726873234 1.9639
58-54- -8.04259661322 -0.933078352508 1.9628
58-55 -7.92041749969 -0.926547620382 1.9672
58-58- -8.69049966289 -1.53934798487 1.8881
58-8-13- -8.67689397096 -1.46560513462 1.7972
5812-5- -7.84558619408 -0.831852004554 1.9312
5812-8 -8.63852591972 -1.45363212572 1.8886
5813-4- -7.85946399985 -0.616065730556 1.9820
581313- -7.5946972349 -0.460688728724 1.9821
584 -8.67553340176 -0.700693134356 1.9263
584-8- -8.7794808881 -1.46669358997 1.8522
585- -8.53348997802 -0.685726873234 1.9639
588-13 -8.67662185712 -1.46533302078 1.7971
588-4 -8.96533463986 -1.6530915694 1.7823
812 -9.44425499577 -0.383952626243 1.9101
812- -9.44425499577 -0.383680512405 1.9101
812-12- -8.26055979792 -0.624773373391 1.9059
812-12-12- -7.60258853622 -0.714843053963 1.9011
812-12-5 -7.64912000262 -0.764095658746 1.9128
812-12-8 -8.43362419926 -1.28519365964 1.8872
812-1212- -7.68340634628 -0.80191948231 1.9148
812-124- -7.80667391516 -0.813892491207 1.9148
812-13- -8.08150889213 -0.491165478646 1.9280
812-4-13- -7.71687634843 -0.725727607506 1.9209
812-5- -8.31525467948 -0.663685652309 1.9144
812-5-8- -8.5030132281 -1.42125057893 1.8889
812-8 -9.45350686628 -1.45907440249 1.8850
81212 -8.26055979792 -0.624773373391 1.9059
81212-13- -7.53483219042 -0.705046955774 1.9157
8128- -9.45350686628 -1.45907440249 1.8850
8128-12 -8.66682575893 -1.49200017696 1.8936
813 -9.16180083132 -0.0457151248823 1.9585
813- -9.16180083132 -0.0459872387209 1.9585
813-12 -8.14654409956 -0.308032865278 1.9588
813-12- -8.11824426034 -0.268304244845 1.9560
813-13 -7.97239124286 -0.102314803308 1.9604
813-1313 -7.32993046996 -0.181499930336 1.9614
813-4-4- -7.90871660463 -0.562459304355 1.9598
813-5 -8.20151109495 -0.333883679944 1.9599
813-5- -8.17103434503 -0.328169289333 1.9597
813-513 -7.49347088695 -0.439735963153 1.9604
813-8 -9.26874156988 -1.12573495023 1.8953
813-8- -9.26874156988 -1.12600706406 1.8953
813-8-5- -8.58791274574 -1.22968243657 1.9497
813-85 -8.58791274574 -1.2313151196 1.9504
81312 -8.11824426034 -0.268032131006 1.9560
81312- -8.14654409956 -0.308032865278 1.9588
81312-13- -7.43605486701 -0.381231487857 1.9607
81313 -7.93919335455 -0.139322285355 1.9649
81313- -7.97239124286 -0.102042689469 1.9604
81313-5 -7.52612454758 -0.267487903329 1.9607
8131312 -7.42843567953 -0.267760017168 1.9645
8131313- -7.33183526683 -0.189119117817 1.9659
813138 -8.21919849446 -0.856886477704 1.9022
8134 -8.33892858343 -0.345312461164 1.9597
8134- -8.3421939495 -0.340686525908 1.9595
8135 -8.17103434503 -0.328169289333 1.9597
8135-4 -7.77810196211 -0.582051500733 1.9598
8138-5 -8.58791274574 -1.22941032273 1.9497
81388 -9.32017108537 -2.04874509071 1.7666
84 -9.80779908412 -0.434293686382 1.9060
84- -9.80779908412 -0.434293686382 1.9060
84-12 -8.44750200503 -0.722190127604 1.9070
84-12- -8.44205972826 -0.714298826285 1.9067
84-128 -8.62655291082 -1.38424309688 1.8978
84-13 -8.24096760154 -0.542594994138 1.9116
84-13- -8.24668199215 -0.551574750812 1.9119
84-13-4 -7.76204724563 -0.715931509317 1.9124
84-4- -8.71907161594 -0.761918748038 1.9070
84-4-12 -7.94953368042 -0.894982415106 1.9070
84-4-8 -8.82111430541 -1.41444773296 1.8537
84-5 -8.52859192893 -0.754299560557 1.9094
84-5- -8.52532656287 -0.752938991364 1.9094
84-512- -7.80612968749 -0.940969653827 1.9092
84-513- -7.66136512536 -0.814980946562 1.9095
84-55- -7.84721887711 -0.947772499791 1.9094
84-8 -9.70929387455 -1.47594546048 1.8496
84-8- -9.70929387455 -1.47594546048 1.8496
8412 -8.44205972826 -0.714298826285 1.9067
8412- -8.44750200503 -0.722190127604 1.9070
8413-8 -8.48831908082 -1.17253853046 1.9024
844- -8.72097641281 -0.762735089554 1.9069
84412 -7.94436351749 -0.888723796818 1.9069
8448- -8.82111430541 -1.41444773296 1.8537
845 -8.52532656287 -0.752938991364 1.9094
845- -8.52859192893 -0.754299560557 1.9094
8454- -7.95932977861 -0.952398435047 1.9096
848- -9.70929387455 -1.47594546048 1.8496
848-5- -8.87091113787 -1.49009538009 1.8993
848-8- -9.71419192364 -2.21718355679 1.7368
84812- -8.82329121612 -1.50478952737 1.8878
85 -9.5531005312 -0.430211978803 1.9435
85- -9.5531005312 -0.430211978803 1.9435
85-13 -8.15361905936 -0.579874590024 1.9476
85-13- -8.13130572459 -0.60763020156 1.9525
85-134- -7.72857724349 -0.737428502565 1.9464
85-138 -8.41375988905 -1.20954601251 1.9017
85-4- -8.56886477704 -0.824504930912 1.9440
85-5 -8.40042631095 -0.80953866979 1.9461
85-5-4 -7.88204944845 -1.02097112237 1.9476
8512 -8.32722768838 -0.761102406522 1.9420
85124 -7.80803448436 -0.926003392704 1.9424
85125 -7.68177366325 -0.893621845913 1.9412
8513 -8.13130572459 -0.607358087722 1.9524
8513- -8.15361905936 -0.579874590024 1.9476
854 -8.56886477704 -0.824504930912 1.9440
854- -8.56478306946 -0.816613629593 1.9435
854-4 -8.05456962211 -0.97117428991 1.9426
854-8 -8.68805063834 -1.47186375291 1.8538
854-8- -8.68805063834 -1.47186375291 1.8538
85513 -7.58163577065 -0.903962171779 1.9490
858 -9.54276020533 -1.56166131964 1.8855
858- -9.54276020533 -1.56166131964 1.8855
858-8- -9.56289662939 -2.28113030886 1.7613
88 -11.0687746121 -1.684112547 1.7517
88- -11.0687746121 -1.684112547 1.7517
88-13 -9.28098669262 -1.47594546048 1.7831
88-13- -9.28098669262 -1.47594546048 1.7831
88-13-12 -8.34437086021 -1.55649115671 1.7848
88-1312- -8.34437086021 -1.55649115671 1.7849
88-4 -9.80616640108 -1.70914702015 1.7693
88-4-8 -9.74330810437 -2.21555087376 1.7665
88-48- -9.74330810437 -2.21555087376 1.7665
88-5- -9.59854354224 -1.68275197781 1.7787
88-5-12- -8.50274111426 -1.73690263169 1.7798
88-5-5- -8.55689176814 -1.74887564059 1.7813
88-8 -11.0241479426 -2.58372089736 1.7118
88-8- -11.0241479426 -2.58372089736 1.7118
88-84- -9.83718737868 -2.43487462766 1.7214
8813-5- -8.36613996729 -1.52655863446 1.7846
