12ad12il4aa-4ia- -5.39737798833 -1.57172953167 3.5044
12ad13ei-4da-13hh -5.05342609636 -1.63567628373 3.0077
12ad13fi13ih-6ei -4.76716233817 -1.32982032916 3.0143
12ad4if-4if-12ee- -5.45479400827 -1.50587798273 3.5382
12ad6el-13ll12ai- -4.79029201445 -1.79867247305 2.7652
12ad6id-13li6hh- -5.11737284843 -1.97473012661 2.8047
12ae13ld-6ae-12dh -5.49860433629 -2.1192225749 3.0476
12ae4ad-12eh12fi -4.6770926576 -1.83976166267 2.5637
12ae4ee6eh-6fa- -5.64200832922 -1.82343483236 3.3582
12ae6fi12da-12da -5.83602549613 -2.20956436931 3.2566
12af12ad-13ld-12ad- -5.48608709971 -2.15486948775 3.0577
12af12id-13fe4fd- -5.19111569868 -1.66560880598 3.1742
12af6ea13da4ff -5.28989302209 -1.77173320303 3.1864
12ah12he-6ah13aa -4.51926663122 -1.29852723773 2.9177
12ah12hl12if-12fi- -4.21232222129 -0.630487764001 3.2809
12ai4af-6dh-6ah- -5.5375166152 -1.37254220182 3.7237
12al13fa-13da-4de -4.65722834738 -2.0726911085 2.2377
12al6lh-6ef13ea- -4.78757087606 -1.31512618188 3.0286
12da12al4lh-4ed -5.26730757349 -1.88248353533 2.9098
12da4he-4ah4af -5.45533823595 -1.36002496525 3.6218
12de12hh-13aa13id -5.01533015896 -1.51050391798 3.2051
12de13hf6lf4lf- -4.89804909453 -1.50315684434 3.0842
12de6hh4dl-4ed -5.32227456888 -2.07160265315 2.8092
12df4ei4if-13al -4.83274177327 -1.48002716806 2.9880
12df4ii-12id-4da -6.12854787261 -2.04439126929 3.6388
12dh12dl12if-4hi -4.93832194264 -1.64928197566 2.9133
12di13af-13ei-13fd- -4.89614429766 -1.35920862373 3.2186
12di13fa13lh13eh- -4.38593085031 -0.895254528944 3.1477
12di6ia-12df-6hf -5.41016733875 -2.26507559238 2.7446
12dl12ai-6fa-12lf -4.97941113227 -1.476761802 3.1953
12dl12dl-4af-13hh -4.58212492793 -1.77254954454 2.5192
12dl12hf-13hi-13fl- -4.20579148917 -0.821511678688 3.0740
12dl6le-12ee13ad- -5.54159832278 -1.96792728065 3.1858
12ea12hi13al-12la -4.3181745045 -0.809266555952 3.2469
12ea12lf4ea-4af -5.03328967231 -1.49853090909 3.1862
12ea4ai-4ea-4ad -5.68581865723 -1.57281798702 3.7414
12ed4ha-6ai-4ii -5.74377890485 -1.62315904716 3.5857
12ed4hh13ll4hf -4.72389623783 -1.46914261452 2.9133
12ee13dh12il6if -5.01886763886 -1.57363432854 3.1054
12ee4hf-4fa13he- -4.79763908809 -1.06015551513 3.2835
12ee4ih4ef-6fl- -5.49751588093 -1.3836988692 3.5721
12ee6eh13ih12lf -4.35518198655 -1.33771163048 2.7088
12ef13al-4if6ff -4.99029568581 -1.07131218251 3.5033
12ef6hh-13ea-13ha- -4.40198556679 -1.24328812849 2.7979
12ef6la4if-12fe- -5.1157401654 -1.36764415273 3.3680
12eh12fh-4hf12ll -4.3336849933 -0.847634607192 3.1676
12eh13le13fh12hf- -4.01640025751 -0.588310119021 3.1052
12eh6fh13hf-13hf- -4.02565212803 -0.906955424004 2.8608
12ei6ef13ea-4ee -5.29125359128 -1.65962230153 3.2138
12el12ii13df-13ae- -5.03628292453 -1.23621316869 3.4419
12el6if4lf-12fd -4.02565212803 -0.906955424004 2.8608
12fa12ae4ah-4dh- -5.02866373705 -1.38778057678 3.3159
12fa12ld12ee4fh- -5.04308577049 -1.70941913399 2.9644
12fa13fi-12ed-13di- -4.96607755417 -1.77091686151 2.8368
12fa13id13he-13fi- -4.42919695065 -0.848723062546 3.2415
12fd12eh-6ai4aa -5.33642448849 -1.97146476055 3.0823
12fd12hh13aa-6ih- -4.79083624213 -1.39703244729 3.1221
12fd4ll-12le6ef -4.60389403502 -0.981514615776 3.2525
12fe13di6id12ae -5.65452556579 -2.16194444756 3.0978
12fe4hh6il13df -4.95818625286 -1.38805269062 3.0462
12ff6dh6lf-4hd- -5.67085239611 -1.76982840616 3.4473
12fh12fe4id-4de -5.18676187727 -2.14452916189 2.7058
12fh12he4ha-12he -4.4041624775 -0.958112825657 3.0676
12fh4ef13if6da- -4.91682494939 -1.69907880812 2.8260
12fh6fh4ef-12ie -5.01750706967 -1.2490025191 3.3070
12fi12ii-12ae-12ai- -4.77450941181 -1.10968023375 3.3747
12fl13ea4af-13le- -4.70049444772 -0.94613981676 3.4285
12fl6aa-4ef13il- -4.94376421941 -1.50941546263 3.1346
12hd13id-12id-12ed -5.80037858328 -2.46371869455 2.9839
12hd4hl-4de-12af -5.16635333937 -1.8272444261 2.9996
12hd6ae13he13hi -4.43055751984 -1.64846563415 2.5567
12he12ie13dl-6ld- -5.2180549687 -1.82153003549 3.0617
12he4hd-13dd-12ld -5.74758849859 -2.21745567063 3.1524
12hf4hh-6dd13hh -4.92526047839 -2.24629973752 2.2108
12hh12aa4li6he -4.60498249037 -0.915663066838 3.3794
12hh12ed13hh-12ef -4.51055898838 -1.36301821747 2.8618
12hh13ae13al-6ll- -4.21640392887 -0.812259808176 3.1226
12hh4ef-13fa-13il- -4.23381921454 -0.693073946876 3.2399
12hh4lh13ed13ll- -4.74185575118 -1.09689088334 3.3061
12hh6aa4ia-4ll- -5.21642228567 -1.8724153233 2.8564
12hi12df-4di-13ld- -5.49506685638 -2.01772411311 3.1049
12hl13ed-4ff-6da- -5.18921090181 -1.76792360929 3.0435
12hl13hi-4hi4ll -4.94485267477 -0.951582093531 3.6221
12hl4ed12hi-13aa- -4.69287526024 -1.684112547 2.6246
12ia12hf4hd4lf -4.08742196938 -0.257419691301 3.4387
12ia13di-6el4li- -4.75056339402 -1.33635106129 3.0716
12ia13di12id-4hi- -5.29615164038 -1.40492374861 3.4120
12ia13fl6le12ih -4.60334980734 -1.10831966456 3.2285
12id12ai4da4ae -5.69044459249 -1.98425411096 3.3329
12id13ei6de4df -5.69289361703 -2.48548780163 2.7821
12ie6fd6eh-6ah- -5.49180149032 -2.01690777159 3.0284
12if4ia-4hd4eh -5.40581351733 -1.21988633838 3.7062
12if6el-12il4fl -4.85859258793 -1.17308275814 3.2790
12ih13ai-12hh-12ih- -4.07708164352 -0.316468394274 3.4292
12ih13la-12fa-13ha -3.68714251283 -0.386673764629 3.0677
12ih6ia-12ia-4he -4.82049665053 -1.15893283853 3.2903
12il12li4ii6hd -4.51110321606 -1.31648675107 2.8512
12il13dd-4dd-12fi- -5.75520768607 -2.4422217013 2.8884
12il13il-6fh13el -4.62729582514 -1.14723194347 3.1132
12la12ad-4ea-12ld -5.4648622203 -1.85527215147 3.2548
12la6df13fd4hi- -5.38567709327 -1.74778718523 3.2412
12le13ia12eh-4il- -4.5840297248 -1.08355730525 3.1881
12le4he13hf-13ai- -4.42293833236 -1.00546063357 3.0967
12lf12id4ea-6id -5.73534337585 -2.00901647027 3.2769
12lf13dh13lh12ae- -5.19628586162 -0.993759738512 3.7675
12lf6eh-12hi-13id- -4.98077170146 -1.33526260594 3.2605
12ll4df-13dl6el -5.41207213562 -1.78261775657 3.2665
12ll6ea13ii-13dh- -4.77124404575 -1.31349349885 3.1505
13aa6af13hi-12ea- -4.75927103685 -1.09825145253 3.3096
13ad12hh12ih12ea -4.64090151707 -1.23594105485 3.0839
13ae12il6ed13lh- -4.41586337256 -1.09117649273 3.0221
13ae13fi-12ia6fl -4.73804615744 -1.29988780692 3.0698
13ah4lh12fd-4fe- -4.54811069811 -1.65907807385 2.5794
13ah6hf6hh6he- -4.7187260749 -1.38533155224 2.9047
13ai12hf-4fe6ai- -4.53178386779 -1.21906999686 3.0010
13al12ea-13el6li -4.4648438635 -1.01716152863 3.1340
13al13de-12af-6af- -4.95165552073 -1.54125278174 3.0911
13al13dl-6fa6ee -5.18404073888 -1.65526848011 3.1723
13al13hi-12hh-13li- -3.77530739653 -0.105035941694 3.3369
13al4ei6eh13al -4.82294567508 -0.939609084634 3.4332
13al6ah-4af-13la -4.38647507799 -0.786953221188 3.2698
13al6ee-13ha12ee -4.48715719827 -1.54968831074 2.4796
13da12ai4ah-4ll- -4.93696137345 -1.88765369826 2.6462
13da12ha12fa-13ie- -4.60334980734 -1.18723267775 3.1610
13da13da6he13dd -6.04990697326 -2.40249308087 3.2610
13da4ei12ad13lf- -5.33615237465 -1.72792287501 3.2619
13dd4ll4ee13ae- -5.04635113656 -1.05171998613 3.6067
13dd6eh13el6ii- -5.42839896593 -2.06479980718 3.0137
13dd6ii6ee6if- -6.13861608464 -1.97772337884 3.6789
13de13dd13ha-4fi -5.19356472323 -1.50533375505 3.2659
13de13if-4de-4ef -5.54704059955 -2.17663859484 2.8814
13de13lf4dh-6af -5.354111888 -1.68139140862 3.2820
13de4al-12il-12il -5.19274838172 -1.44274757218 3.3492
13df12da13aa13ff -4.89124624856 -1.60002937088 2.9439
13df13aa12dd-13li -5.47792368455 -1.94234857982 3.2016
13df4ie-4fh13af- -4.97451308317 -1.25988707265 3.2992
13dh12ha6hi6ei -4.79355738051 -1.22396804595 3.2171
13dh6ie-13al-4fd -4.99410527955 -1.56002863661 3.1099
13di13ae12il6hi- -5.00036389784 -1.28900325338 3.3304
13dl12da13hh13di- -5.01451381744 -1.62751286858 3.0434
13dl13eh12hd4af -4.89423950079 -1.73581417633 2.7993
13dl13fl-12ia-12hh -4.5064772808 -0.733074681148 3.4511
13dl4ae6id-13il -5.51084945902 -1.52873554517 3.4951
13dl6ld13ah13ii -4.67437151921 -1.59213806956 2.8456
13ea13af4ef-4ff- -4.84743592055 -1.06532567806 3.3888
13ea13lh-4al4dl -4.73722981592 -0.833484687586 3.4044
13ea4ll4hh-6hh -5.4768352292 -1.81418296185 3.2496
13ed12fd4ll4fi- -4.66049371344 -1.10233316011 3.1997
13ed6ll-6ed12fe- -5.66758703005 -2.15405314624 3.1082
13ee12ld-12ea6ld- -5.45669880514 -2.20248940951 2.8961
13ee13de-4la6hi -5.15138707825 -1.57009684863 3.1624
13ee4ad-4ea-12he- -5.36581278306 -1.68247986397 3.2713
13ee4eh12de-12fh- -5.28553920067 -1.84302702874 3.0747
13ef13le12ae4la- -4.91845763242 -0.914574611484 3.5864
13ef4ed-6if-6di -5.73534337585 -2.23106136256 2.9749
13ef4fd13li-4id- -5.44363734089 -1.29118016409 3.6526
13ef4hf4af-4ll -5.20200025223 -1.66288766759 3.1527
13ei13ei-12lh4ii -4.61913240998 -1.24138333162 3.0396
13ei4dd6ie13ie -5.54622425804 -2.53365195106 2.6245
13el13id6eh4df- -5.32118611353 -1.74044011159 3.1904
13el4dh13fa4al -4.82539469963 -1.11838787658 3.3268
13el4ha-6ff-6ii -5.28581131451 -1.22043056605 3.5981
13el6ll6fi-12id -4.64906493222 -0.720557444573 3.5108
13fa12ih-12id-13ih- -4.62266988988 -0.965459899299 3.2456
13fa13fa4lf13hi- -4.15055237994 -0.765728341778 3.1023
13fa13id6fl12dh -5.03056853392 -2.02942500817 2.7238
13fa4la-6fe-4aa- -5.18431285272 -1.4111823669 3.4457
13fa6af-13di4ff- -5.08227016325 -1.5183952193 3.2265
13fd13hf-6fe-6hd- -5.31383903989 -2.07541224689 2.8895
13fd13il-6ld4ef- -4.40144133911 -1.13172145467 2.9778
13fe13fd4eh-13il -5.01832341118 -1.26369666639 3.3066
13ff4fd-12fi13de- -5.08499130164 -1.91676987899 2.8712
13fi13ad4dd12ii- -5.38622132095 -2.48195032173 2.5050
13fi13ee4hl-12ii- -4.80580250325 -0.898792008846 3.4617
13fi13he13ie-12el- -4.49477638575 -1.08029193918 3.0580
13fi13hf6ae-4el- -5.28962090825 -1.68628945771 3.2769
13fi6el13ef4al- -4.72906640077 -1.30533008369 3.0980
13ha12fl13af13dd- -4.81423803224 -1.42179480661 3.0918
13ha13fd6eh-12ad- -4.81124478002 -1.98615890783 2.5348
13hd12ff13dh-4if -4.87355884906 -1.49608188454 3.0788
13hd13da-12li-6ld -5.38486075176 -1.87187109563 3.1476
13hd6el-4df12ee -5.47411409081 -1.93608996153 3.1905
13he12eh6ll-4ei- -4.57613842348 -1.2383900794 2.9982
13he12hl-4af-12da -4.63437078494 -1.54669505852 2.8123
13he12ii-4fl-12df- -4.69097046337 -1.66288766759 2.7139
13he4la4fh12fh -4.52416468031 -1.18206251481 2.9197
13he6ai12lh-6fe -5.01805129734 -1.50234050283 3.1572
13he6ff-13dl6ia- -5.19165992636 -1.78370621192 3.0615
13hf4de-6af6ha- -5.16689756705 -2.05745273354 2.6523
13hf6ff12de-4ia -5.28826033906 -1.80493109133 3.1175
13hf6fh6ef12fa- -4.8498849451 -1.14804828499 3.2432
13hh12al-13ea12le -4.14130050942 -0.692801833037 3.1371
13hh12el4de4hh- -4.61749972695 -1.64792140647 2.5097
13hi12ff-13le4lf -4.43219020287 -0.759741837329 3.2907
13hi6aa-6ff-4al- -4.99274471036 -1.54968831074 3.0971
13hi6ef-12dh-12fe- -4.91791340475 -1.59268229724 2.9573
13hl12ia-13hl-13ae -4.19653961866 -0.552391092327 3.3508
13hl6ff-6ld4ie -5.25832781681 -1.54370180629 3.2878
13hl6ii4ee12he- -4.88934145169 -1.33172512603 3.1747
13ia12hd6hi4ie- -4.50674939464 -0.887363227625 3.2666
13id12ef6fe-12hh- -5.08145382173 -1.68438466084 3.0559
13ie6if-4dd4il -5.57234718654 -2.32602909222 2.8338
13if13df-6he13ei -4.85913681561 -1.6389416498 2.8817
13if6af-13ei-4el- -4.83600713933 -1.22859398121 3.2210
13ih12ih12eh-13lh -3.85857423113 -0.669400042919 2.8740
13ih4ff-12fe4id- -4.51300801293 -1.52846343133 2.6714
13ih4fl6ee4hh- -4.96988714791 -1.47594546048 3.1051
13ii4hh13il12ii- -4.37504629677 -0.469668485398 3.4817
13ii6de6lh-13ea- -4.98158804297 -2.00656744573 2.4902
13il13dd-13ad-13le- -5.345676359 -1.51812310547 3.4282
13il4de12ea13lf -4.85042917278 -1.85309524076 2.6105
13la12ff-6ai4li- -5.49533897022 -2.04874509071 3.0285
13la4ed-6ea-4df -4.47953801078 -1.43403992934 2.5941
13ld6hi-4eh13ll- -5.04907227494 -1.20791332948 3.4235
13le12ae4ai4lf- -4.52634159102 -1.07294486554 3.1764
13le6fe6dd6lf- -5.83656972381 -2.3731047863 2.9404
13lf6dd-6ah-6il -5.64745060599 -2.47269845122 2.7399
13lf6hi6hh-4hh- -4.89233470392 -1.26505723558 3.3147
13lf6lf6ea-13ah- -4.67409940537 -1.23594105485 3.0335
13lh12al-4ff-13fe- -4.17259360086 -0.628310853293 3.2099
13lh12fe4ha6ld- -4.35246084817 -1.5183952193 2.5076
13lh13ia-6la6ll -4.32633791966 -1.0917207204 2.9254
13lh4hh-12hi4df- -4.53151175395 -1.02505282995 2.9822
13lh6dl-13if-12ia -4.62239777604 -1.26641780477 3.0070
13lh6ee12ll12fe- -4.35164450665 -1.22696129818 2.7357
13li13dh-12lh13di -4.81750339831 -0.885730544594 3.5104
13li4fl-6if-12ll- -4.72743371774 -1.49145594928 2.7888
13li6dl-12da-4ae -5.4768352292 -2.05962964425 3.0907
13ll12fd13li-12di- -4.85042917278 -1.8046589775 2.7574
13ll12fi-13ae-13ld -4.42810849529 -0.878111357114 3.2167
13ll6de4lf-6li- -5.26023261368 -1.84656450864 2.8884
4aa12dl13il-12id- -5.17968691746 -1.81554353104 3.0007
4aa12fa6ii6ei- -5.14485634612 -1.40220261023 3.3963
4aa12ha4dh-4ee -5.0311127616 -1.64982620334 3.0381
4aa12if6ad-13he- -4.87491941825 -1.56002863661 2.9294
4aa4aa-12al-4il -4.96988714791 -1.13934064216 3.5087
4ae6hf13fe-12ei- -4.64933704606 -1.22668918434 3.0425
4af12ea-12ah-6fl -4.79655063274 -1.38424309688 3.0480
4af13al-6if-6hl- -4.67192249466 -1.13553104841 3.1503
4ah12ee4ii-13hd- -5.16635333937 -1.31349349885 3.3761
4ah12ha6ih-12ah -4.61069688098 -1.12682340558 3.1117
4ai12ll6hi-6al- -5.00635040229 -1.25417268204 3.3602
4ai13ah13eh-13id -4.48198703533 -0.900968919555 3.2009
4ai13eh-4il-12ff -4.67682054376 -0.683549962525 3.5255
4ai6fi-13ei13ie- -5.00798308532 -1.12872820245 3.4739
4da4dd4de-4fd- -6.87114653811 -2.85175302837 3.5910
4da4eh-4ia-4dd- -5.71493483796 -2.4803176387 2.8823
4da4ih-12di-13ad- -5.67629467288 -1.95595427175 3.3196
4dd13da-6ha12ea -5.65996784257 -2.69011740825 2.5543
4de4df-13ee-4fi- -5.33996196839 -2.08711314195 2.8916
4df13le-4he6ia- -5.31656017827 -1.25825438962 3.6443
4dh4ai12fa6le -5.22730683922 -1.48655790019 3.3574
4di6ae-13hh13li -4.47219093714 -1.2968945547 2.8019
4dl12aa6li-6de -5.79357573731 -2.27242266602 3.0975
4ea13dd-6aa-13fh- -5.31166212918 -1.69826246661 3.2988
4ea13ff12ih-12lh- -4.27681320104 -0.887907455303 3.1003
4ea13li6fl13lf- -4.72852217309 -1.2228795906 3.1713
4ea4ed-13ai-13de -5.49152937648 -2.25201412813 2.8252
4ea4ih-12ee-12al -4.92362779536 -1.35431057464 3.2016
4ea6di-13he-6ef -5.38649343479 -1.73962377007 3.1930
4ed12ee-6ih-6il -5.53316279379 -2.16820306584 2.9616
4ed13dl-13li-4ll -4.88553185795 -2.1467060726 2.3695
4ed13ie-13ai-13ai -4.54049151063 -2.02643175594 2.1458
4ee13ih13ad12fh- -4.54647801508 -1.5388037572 2.5728
4ee4af6li-12le- -5.43220855967 -1.42070635125 3.6186
4ef13li4la-12ih -4.59899598592 -0.941785995342 3.3435
4eh4fi-13he13ii -4.63192176039 -0.742054437821 3.4665
4eh4la-13da13hd- -5.3111179015 -1.46342822391 3.3626
4eh6ei-4ee4ea -5.28227383461 -1.53363359426 3.3690
4eh6lf-6al6df -5.36853392144 -1.86969418492 3.0819
4ei12ef-13la-13ee- -4.68307916205 -1.44710139359 2.8839
4ei12fh13ee12hi -4.60715940108 -1.13689161761 3.1356
4ei4ad-6af-6ff- -5.71956077322 -2.06180655496 3.2361
4ei4ih12hh-12ie- -4.60471037653 -0.696611426777 3.4937
4ei6if6ee-4fe- -5.83956297603 -1.72193637057 3.5576
4el12lh6ff-4ld -4.95927470821 -1.5232932684 3.0855
4el13af-4ae6dd- -5.18621764959 -2.60712268748 2.1908
4fa13ee-13de-12hh- -4.93424023506 -1.20818544332 3.3311
4fd12ei6ff6ii- -5.51112157286 -2.04547972464 3.0565
4fd12id-13lh-4lf- -4.73396444986 -1.87894605543 2.5018
4fd4ih12ei-13il- -4.85423876652 -1.23294780263 3.2206
4fd6ee-6hl4il -5.06812024364 -1.91921890354 2.5952
4fd6hl12il6lh- -4.78512185152 -1.25634959275 3.0965
4fe12ll13if-6aa -4.72634526238 -1.31050024662 3.0505
4fi13da6ea-4eh -5.49316205951 -1.68819425458 3.3580
4fi6aa-12df6li -5.62976320648 -1.84683662248 3.3921
4fi6al-4ll13dl -5.3696223768 -1.27839081367 3.6710
4fl12ia-6ld-4eh- -5.23519814054 -1.36927683576 3.4222
4fl13el-12ha-13fa- -4.07898644039 -0.816069401916 2.9435
4fl13hh-6fa-4df- -4.86485120622 -1.53118456972 2.9698
4fl6hi-6dh-6ia -5.51275425589 -1.3695489496 3.6247
4ha12hl6hl12df -4.76199217524 -1.5339057081 2.8920
4ha6ld6ia12fl- -5.51465905276 -1.70642588177 3.4130
4hd13ai-12li-6lf -4.57069614671 -1.15838861086 3.0400
4he12al12de-4ah- -4.99628219026 -1.58370254056 3.0449
4he12ff6he4fi- -4.87165405219 -1.19648454826 3.2659
4he13li-13ii-12li- -4.45668044834 -0.665046221502 3.3597
4he4da13li12el- -5.08880089538 -1.52519806527 3.2049
4he4ih-4ad-6hl- -5.18159171433 -1.45635326411 3.1259
4hf4ei4ha-6ie -5.04254154282 -0.954847459594 3.6147
4hh12fh13dd-6if -4.95927470821 -1.66071075688 2.8749
4hh12il-13ai13hl -4.25667677698 -0.58259572841 3.2726
4hh6ee-4he6ld -4.85668779106 -1.70506531257 2.5450
4hh6hl12fa6ia -4.69396371559 -1.07403332089 3.2169
4hi12ah-4hi-6di -4.78811510374 -1.4958097707 2.8591
4hi13hf-6da12li -4.88961356553 -1.37199797415 3.1505
4hl6id12fi-6da- -5.29234204664 -1.91432085444 2.9668
4ia13di-4ha13dl -5.44200465786 -1.35839228222 3.6169
4ia13ee-6fd-12hh -5.18240805585 -1.56002863661 3.2859
4ia13hf-12ha6la -4.28933043761 -1.05335266916 2.9150
4ia13li-4di-12if- -5.069208699 -1.41553618832 3.2174
4ia6ad-13af-6ah- -5.22567415618 -1.77935239051 3.1084
4id13fl-13de-13ae -5.0262147125 -1.97717915116 2.6587
4ie12df-4ii-4dh- -5.62540938507 -1.55213733529 3.6224
4ie12ef-6ih4la -5.09859699357 -1.33743951664 3.3337
4ie13fh6ae-13hl -4.60688728724 -1.31430984037 2.9234
4ie6fd-6hd-13fh- -5.12662471894 -1.83704052429 2.9612
4if12fh13fa12fl -4.01667237135 -0.570078491835 3.1870
4ih12ef-6ee12if -4.99029568581 -1.84874141935 2.6626
4ih12hd-12lh-4if -4.80226502335 -1.5007078198 2.9271
4ih4fa4al-6eh- -5.07437886193 -0.970357948394 3.6181
4ih4ih12ef-6ie -5.08907300922 -1.37063740495 3.2860
4ii4de6dh-13ea- -5.64935540286 -1.95268890569 3.2415
4ii4fl12da-6ei- -5.72200979776 -1.67567701801 3.5817
4ii4ha-12hf-13ff- -4.24497588192 -0.533343123626 3.4167
4ii4il12ha12eh -4.67110615315 -1.05961128745 3.3156
4il12di6he-6hd -5.59193938292 -1.89309597504 3.2345
4il12ih-12ah13la- -4.04769334895 -0.722734355282 2.9792
4la13af-4ed13fi -4.79845542961 -1.78724369183 2.5763
4la6ie-6ld-12af- -5.64663426448 -1.67785392871 3.6541
4ld12ee12da6al- -5.64200832922 -2.10779379368 3.1553
4ld13fd-12fl13eh -4.67001769779 -1.5698247348 2.7335
4ld13if13al-13al- -4.04714912127 -1.35675959918 2.3205
4le13fl-13dd13fd- -5.41778652623 -1.57989294682 3.4393
4le13ie12ha6lh -4.36388962939 -1.04110754643 2.9380
4le6le-13di-13al- -4.98349283984 -1.49091172161 3.1237
4lh12ee-6hd-13ai -5.04118097362 -1.74397759149 2.8970
4li12ll12fl13ia -4.48089857998 -0.791579156444 3.3621
4li4dd-13hi-12ed- -5.46731124485 -2.35677795598 2.6566
4li6dd-4hi-6le- -5.63874296316 -2.41800356967 2.5762
6aa12le-4ef12af- -5.22322513164 -1.46016285785 3.4014
6aa4dd13aa12hf -4.9119269003 -2.22072103669 2.4138
6aa6fh-13ah12fe- -4.23191441767 -1.46370033775 2.5540
6ad12af6fa4ha -5.3301658702 -2.16602615514 2.8321
6ad12fl-13ai-6hl -4.77069981807 -1.86697304653 2.5290
6af13hi-12ah12fd -4.58375761096 -1.15702804166 3.0927
6af4dd13la-12ha- -4.8653954339 -2.0762285884 2.4760
6ah6ed12ha13fh- -4.70158290307 -1.71731043531 2.5251
6ai4ad6hd-6fh -5.20825887052 -2.09582078478 2.7348
6ai6dh-13di6fi- -5.81316793369 -1.95214467801 3.4101
6al13ff-6af-12hl -4.61042476714 -1.11049657527 3.1967
6dd6di-13af12fh- -4.83845616388 -2.70753269392 1.8096
6df12de13hf6af- -5.18921090181 -2.20357786486 2.6047
6df13dh6ha4fi -5.2194155379 -1.91486508212 2.9129
6df6hd6fl4fh- -4.92716527526 -2.3575942975 2.2233
6dh12fi-12ea6fe- -5.42839896593 -1.80030515608 3.2185
6dh13ia-13fl13ae -4.58266915561 -1.30451374218 2.8528
6dh4ia13lh-13fe- -4.48661297059 -1.12736763326 3.0121
6dh4ii-6ll6ad -6.00201493767 -1.84329914257 3.7198
6dh6af12di6dd- -6.36202154612 -3.00930694091 2.9714
6dh6al-12ef12dh -5.29016513593 -1.97663492348 2.9663
6di12he6ah13li -4.83355811478 -1.55649115671 2.9428
6di13dd-12il-4he -5.35383977416 -2.11677355035 2.8563
6di13fh-12eh6aa- -5.02893585089 -1.64628872344 3.0613
6di6hi6dl-6hd -5.915482737 -2.15459737392 3.2616
6dl12ae13ea-6hh- -4.88634819947 -1.68846636842 2.8378
6dl4da-4ah-13fl -4.93668925961 -1.72982767188 2.8835
6dl6aa-13ai6ii -5.1848570804 -1.71540563844 3.1657
6ea13ae13de4fl- -5.22730683922 -1.40301895174 3.3584
6ea13eh13aa-4ea- -4.56035582084 -1.32737130462 2.8662
6ed12id12ai-6fh- -5.29642375422 -2.36330868811 2.5618
6ed13ie-13dd-6ie- -5.96283054491 -2.50997804711 2.9820
6ee4fe-12dd13dh- -5.69724743845 -2.36902307872 2.9415
6ee4ih13fa-4ld- -4.86321852319 -1.6340436007 2.8081
6ef13al4fi-6fe- -5.06675967445 -1.29825512389 3.3398
6ef6dl13hl13de- -5.19982334152 -1.90561321161 2.9905
6ef6ef-12ai-12ea- -5.56690490977 -1.64329547121 3.4867
6ef6eh-4fd13id- -5.85997151393 -1.92275638344 3.4499
6eh12hh-13eh-6el -4.56743078065 -1.18614422239 2.9753
6eh6dh-4ia-6ae -5.84473313897 -1.51404139789 3.7807
6eh6ei4fd-13le- -5.59411629363 -1.47540123281 3.6801
6ei4fe-12hh-6hl- -4.62239777604 -1.21498828928 2.9988
6el12ih-4aa-12hi- -4.40987686811 -1.01498461792 3.0257
6el13ah-6hd12il- -4.82185721972 -1.46560513462 2.9757
6el6fi4dh12if -5.32417936575 -1.57118530399 3.3601
6fa4ef6fl-4fe- -5.30023334796 -1.57853237763 3.2989
6fa6he-13ih-6ea- -4.70620883833 -1.48356464796 2.8439
6fd12di13hi12ie -4.97859479075 -1.94779085659 2.6571
6fd13df4ai-4di- -5.68173694965 -1.9570427271 3.3700
6fd4fe-6ii13lh -4.77695843636 -1.47785025735 2.9892
6fe13de-12ad-4fh- -5.3181928613 -1.84302702874 3.0825
6fh13ah6de-13dh -4.91464803868 -2.00384630734 2.4863
6fh13dl-6fe12ae -5.33098221172 -1.77799182131 3.1670
6fh4ei4id-12le -5.27764789935 -1.43240724631 3.5227
6fi4da4al-12ei -5.63520548325 -1.62615229938 3.6245
6fi6al-12ll-4ff- -4.80199290951 -1.3075069944 3.1279
6fl12ii4el-12il -5.0036292639 -1.15049730954 3.4217
6fl13di12lh13ld- -4.74539323108 -1.64193490202 2.7645
6fl4hl12ha12dh -4.77178827343 -1.37744025092 3.0505
6ha12if-12id-13ei- -5.07111349587 -1.40900545619 3.2745
6ha13eh-6fd-13fe13li -4.75355664624 -1.53907587104 2.8657
6he13da-12hh12fl -4.48960622281 -1.1728106443 2.9768
6he13de13ll12de- -5.28200172077 -1.76819572312 3.1364
6he4fh-13ii-6ha- -4.77886323323 -0.829402980007 3.4474
6he6al-12he-6hf -4.60144501047 -1.44873407663 2.8029
6hf12al-12ad-4eh -5.01832341118 -1.49771456757 3.1649
6hf12ei13ea-13ef- -4.74947493866 -1.36927683576 2.9968
6hf4dl-12li4fi -5.15873415189 -1.44492448289 3.3411
6hh13fl-12aa6ai -4.45123817157 -1.1453271466 3.0254
6hi12ed-13fe-4ia- -5.15247553361 -1.33254146755 3.4158
6hi12ei-12fe13hd -4.78593819303 -1.2158046308 3.2021
6hi13ed6ha12dl -5.53261856611 -2.04275858626 3.1264
6hi13hl-12al6ii -4.44008150419 -0.962738760913 3.1616
6hi6ae-12eh12la- -5.08036536638 -1.41145448074 3.2372
6hi6ai-12fa6fa -5.24336155569 -1.39757667497 3.4531
6hi6hd-4hf-4hi -4.83383022862 -1.4315909048 2.9224
6hl12aa4le4ai- -4.75165184937 -1.15947706621 3.2676
6ia12ha4fd-6fi -5.24989228782 -1.67486067649 3.2670
6id13el-13ah-4dd -5.15655724118 -2.27078998299 2.4372
6id6df-4if-4fd -6.22351560228 -2.06153444112 3.7269
6if12ff-12de12dl -5.51357059741 -2.19867981577 2.9862
6if13aa-12ia-13il- -4.48280337685 -1.07104006867 3.0842
6if13di-12ii-6fi -5.38894245934 -1.56111709196 3.4108
6if4ai-6aa-4eh- -5.37043871831 -1.32410593855 3.6064
6ih6dl12dh-6hh -4.76063160604 -2.09609289862 2.2924
6ii6hf6fe6ha- -5.17370041301 -1.82914922297 2.9347
6il13ad4de12di -5.73153378211 -2.31079071726 2.9739
6il13ie-6id4he -5.23383757134 -1.63622051141 3.0501
6la12fh12fi-4de- -4.84770803439 -2.0035741935 2.4766
6la12ha13ff13ef- -4.39436637931 -1.03729795269 3.0815
6ld12ae12ee-13fh -4.84226575762 -1.90615743929 2.5969
6ld12fd13dh-6df -5.81752175511 -2.48929739537 2.9669
6ld13ia6ad-13he -5.18975512949 -1.85880963137 2.8794
6le6fd-12ha-6ff- -5.28227383461 -2.08357566204 2.8690
6lf12ee-12hd-4ed -5.28608342835 -2.36194811892 2.5530
6lf4ae-13aa4fi -4.86675600309 -1.40002569952 3.1246
6lf4ia12el4ii -5.33261489475 -1.42914188025 3.5068
6lh13dd-6fa6hd -5.82976687784 -2.3075253512 3.0951
6li12ai-13fi12ed- -4.83546291165 -1.47621757432 3.0409
6ll12eh13ai4fh- -4.23245864535 -1.15076942338 2.7632
6ll13al-12if13de -4.6256631421 -1.399209358 2.9189
6ll13id6ei13ea- -5.21669439951 -1.67513279033 3.1501
