12ad12il4aa-4ia- -6.65019010118 -0.407898644039 3.8960
12ad13ei-4da-13hh -6.33317747923 -0.518376862504 3.6359
12ad13fi13ih-6ei -5.98759290422 -0.18068358882 3.5660
12ad4if-4if-12ee- -6.76393368571 -0.328713517011 4.2462
12ad6el-13ll12ai- -5.98895347342 -0.731169884278 3.3376
12ad6id-13li6hh- -6.36283788763 -0.88464208924 3.4157
12ae13ld-6ae-12dh -6.76583848258 -1.03539315582 3.6523
12ae4ad-12eh12fi -5.91684330619 -0.801647368471 3.1512
12ae4ee6eh-6fa- -6.93046735492 -0.709400777191 3.9424
12ae6fi12da-12da -7.10353175626 -1.08219673605 3.7132
12af12ad-13ld-12ad- -6.7116878287 -1.01525673176 3.5226
12af12id-13fe4fd- -6.43630862405 -0.506131739768 3.7337
12af6ea13da4ff -6.54324936261 -0.673209636659 3.6640
12ah12he-6ah13aa -5.78269118377 -0.233201559667 3.4265
12ah12hl12if-12fi- -5.49071303497 0.509941333508 3.7209
12ai4af-6dh-6ah- -6.86597637517 -0.217963184707 4.2743
12al13fa-13da-4de -5.84881484654 -0.963555102429 3.2626
12al6lh-6ef13ea- -6.07521356025 -0.203269037423 3.5977
12da12al4lh-4ed -6.52719464614 -0.71538728164 3.7290
12da4he-4ah4af -6.78896815885 -0.189119117817 4.2007
12de12hh-13aa13id -6.23576072501 -0.374156528054 3.5735
12de13hf6lf4lf- -6.10922779007 -0.37878246331 3.5224
12de6hh4dl-4ed -6.63495172622 -0.91920054674 3.3775
12df4ei4if-13al -6.14705161363 -0.312386686695 4.2679
12df4ii-12id-4da -7.44775576207 -0.85579802235 4.2795
12dh12dl12if-4hi -6.183514868 -0.477559786717 3.5575
12di13af-13ei-13fd- -6.10841144855 -0.178506678112 3.6889
12di13fa13lh13eh- -5.64881117518 0.272385952423 3.7025
12di6ia-12df-6hf -6.69508888454 -1.15403478944 3.4486
12dl12ai-6fa-12lf -6.23276747279 -0.337149046007 3.6455
12dl12dl-4af-13hh -5.82187557652 -0.641644431383 3.3949
12dl12hf-13hi-13fl- -5.44200465786 0.339053842877 3.6040
12dl6le-12ee13ad- -6.78951238653 -0.839743305873 3.7077
12ea12hi13al-12la -5.54704059955 0.334972135298 3.6500
12ea12lf4ea-4af -6.28773446818 -0.386401650791 3.6841
12ea4ai-4ea-4ad -7.00094483911 -0.369802706637 4.5441
12ed4ha-6ai-4ii -7.07169443714 -0.451164744374 4.0439
12ed4hh13ll4hf -5.9810621721 -0.353475876322 3.5380
12ee13dh12il6if -6.24582893704 -0.435382141736 3.5827
12ee4hf-4fa13he- -6.0988874642 0.0835389484456 3.7864
12ee4ih4ef-6fl- -6.83686019445 -0.231296762797 4.1546
12ee6eh13ih12lf -5.59493263514 -0.235922698053 3.4089
12ef13al-4if6ff -6.28174796373 0.0917023636031 4.0684
12ef6hh-13ea-13ha- -5.65697459034 -0.142043423741 3.3117
12ef6la4if-12fe- -6.4041991911 -0.242453430179 3.9116
12eh12fh-4hf12ll -5.59193938292 0.251705300691 3.5992
12eh13le13fh12hf- -5.24445001105 0.55184686465 3.5582
12eh6fh13hf-13hf- -5.24825960479 0.161635620119 3.2861
12ei6ef13ea-4ee -6.50923513279 -0.522186456244 3.6802
12el12ii13df-13ae- -6.30705455072 -0.068844801162 3.8818
12el6if4lf-12fd -5.24825960479 0.161635620119 3.2861
12fa12ae4ah-4dh- -6.31276894133 -0.273746521616 3.7909
12fa12ld12ee4fh- -6.32909577165 -0.602732152466 3.5157
12fa13fi-12ed-13di- -6.21752909783 -0.65388955412 3.4904
12fa13id13he-13fi- -5.6686754854 0.29034546577 3.6362
12fd12eh-6ai4aa -6.58978082901 -0.86913160044 3.5028
12fd12hh13aa-6ih- -6.04800217639 -0.297148311735 3.4767
12fd4ll-12le6ef -5.92282981064 0.101770575631 3.8448
12fe13di6id12ae -6.94107979462 -1.02859030985 3.7836
12fe4hh6il13df -6.32610251942 -0.268848472522 3.7083
12ff6dh6lf-4hd- -7.00965248195 -0.6269502841 3.9859
12fh12fe4id-4de -6.50705822208 -1.02559705763 3.7207
12fh12he4ha-12he -5.68962825097 0.155649115671 3.6224
12fh4ef13if6da- -6.13698340161 -0.557017027583 3.4536
12fh6fh4ef-12ie -6.34378991893 -0.128709845651 3.7628
12fi12ii-12ae-12ai- -6.04147144426 0.0506131739768 3.8124
12fl13ea4af-13le- -5.9486806253 0.176601881242 3.8851
12fl6aa-4ef13il- -6.21970600854 -0.441912873862 3.7754
12hd13id-12id-12ed -7.06407524966 -1.33390203674 3.5784
12hd4hl-4de-12af -6.40800878484 -0.739333299435 3.4398
12hd6ae13he13hi -5.62976320648 -0.615521502879 3.0808
12he12ie13dl-6ld- -6.44664894992 -0.694978743746 3.5204
12he4hd-13dd-12ld -7.06516370502 -1.11648307971 3.7498
12hf4hh-6dd13hh -6.29072772041 -1.12029267345 3.0582
12hh12aa4li6he -5.87657045808 0.228303510573 3.8586
12hh12ed13hh-12ef -5.72173768392 -0.280549367581 3.2619
12hh13ae13al-6ll- -5.42077977845 0.311026117503 3.5652
12hh4ef-13fa-13il- -5.48635921355 0.383136284728 3.7207
12hh4lh13ed13ll- -6.0107225805 -0.00625861828745 3.7637
12hh6aa4ia-4ll- -6.56583481122 -0.781510944416 3.5749
12hi12df-4di-13ld- -6.78896815885 -0.915390953 3.6363
12hl13ed-4ff-6da- -6.47494878913 -0.573343857898 3.8991
12hl13hi-4hi4ll -6.25127121381 0.185309524076 4.1279
12hl4ed12hi-13aa- -5.9345307057 -0.640828089867 3.1946
12ia12hf4hd4lf -5.38431652408 0.921921685126 4.0871
12ia13di-6el4li- -6.0262330693 -0.233473673506 3.7164
12ia13di12id-4hi- -6.56420212818 -0.214697818643 3.9076
12ia13fl6le12ih -5.84582159432 -0.0146941472836 3.6822
12id12ai4da4ae -6.95931142181 -0.841375988905 3.8068
12id13ei6de4df -6.9296510134 -1.37689602324 3.4917
12ie6fd6eh-6ah- -6.80910458291 -0.895798756622 3.8078
12if4ia-4hd4eh -6.74570205852 -0.0699332565163 4.3356
12if6el-12il4fl -6.14759584131 -0.0440824418508 3.8016
12ih13ai-12hh-12ih- -5.35383977416 0.837294281326 3.8727
12ih13la-12fa-13ha -4.91111055878 0.724094924474 3.4965
12ih6ia-12ia-4he -6.08609811379 -0.0234017901183 3.7726
12il12li4ii6hd -5.76636435345 -0.140954968387 3.6512
12il13dd-4dd-12fi- -7.03604752429 -1.35675959918 3.6141
12il13il-6fh13el -5.88364541788 -0.0563275645871 3.5038
12la12ad-4ea-12ld -6.75413758752 -0.734979478018 3.8174
12la6df13fd4hi- -6.66842172836 -0.63647426845 3.7687
12le13ia12eh-4il- -5.82160346269 0.0391843927562 3.5755
12le4he13hf-13ai- -5.67411776217 0.0778245578353 3.5832
12lf12id4ea-6id -7.09155874736 -0.854981680834 4.0582
12lf13dh13lh12ae- -6.55739928222 0.234834242699 4.4986
12lf6eh-12hi-13id- -6.25480869371 -0.231024648959 3.6906
12ll4df-13dl6el -6.65726506098 -0.694706629907 3.7234
12ll6ea13ii-13dh- -6.03711762284 -0.229119852088 3.6786
13aa6af13hi-12ea- -6.00092648231 0.0351026851775 3.7194
13ad12hh12ih12ea -5.89398574375 -0.118641633623 3.5069
13ae12il6ed13lh- -5.63302857255 0.0364632543704 3.5095
13ae13fi-12ia6fl -5.98541599351 -0.156465457186 3.6597
13ah4lh12fd-4fe- -5.80092281095 -0.54994206778 3.3478
13ah6hf6hh6he- -6.0036476207 -0.275923432325 3.3903
13ai12hf-4fe6ai- -5.79548053418 -0.112655129174 3.6930
13al12ea-13el6li -5.66459377782 0.131975211714 3.5700
13al13de-12af-6af- -6.18868503094 -0.412524579295 3.6174
13al13dl-6fa6ee -6.45018642982 -0.505587512091 3.9076
13al13hi-12hh-13li- -5.04553479504 1.02995087904 3.7818
13al4ei6eh13al -6.13779974312 0.214969932482 3.9701
13al6ah-4af-13la -5.64772271983 0.303134816184 3.7814
13al6ee-13ha12ee -5.6771110144 -0.45388588276 3.1333
13da12ai4ah-4ll- -6.17371876981 -0.822600134042 3.2566
13da12ha12fa-13ie- -5.83956297603 -0.0568717922642 3.5637
13da13da6he13dd -7.30897770439 -1.27349276458 3.8311
13da4ei12ad13lf- -6.60746822852 -0.616065730556 3.8093
13dd4ll4ee13ae- -6.32093235649 0.114559926044 4.0593
13dd6eh13el6ii- -6.63495172622 -0.965732013138 3.4826
13dd6ii6ee6if- -7.50979771727 -0.807905986759 4.5122
13de13dd13ha-4fi -6.44147878698 -0.345584575003 3.7121
13de13if-4de-4ef -6.822438161 -1.06478145038 3.5831
13de13lf4dh-6af -6.63359115702 -0.555112230713 3.8676
13de4al-12il-12il -6.48964293641 -0.306400182247 3.9597
13df12da13aa13ff -6.14242567838 -0.453341655082 3.5864
13df13aa12dd-13li -6.72148392689 -0.80763387292 3.6165
13df4ie-4fh13af- -6.31086414446 -0.130342528682 3.9958
13dh12ha6hi6ei -6.05670981922 -0.0598650444887 3.7283
13dh6ie-13al-4fd -6.21780121167 -0.450076289019 3.5574
13di13ae12il6hi- -6.23548861117 -0.127893504135 3.7507
13dl12da13hh13di- -6.25589714907 -0.482185721972 3.5704
13dl13eh12hd4af -6.12201714048 -0.608990770753 3.4150
13dl13fl-12ia-12hh -5.7758883378 0.420687994452 3.8639
13dl4ae6id-13il -6.822438161 -0.379054577149 4.1091
13dl6ld13ah13ii -5.90405395578 -0.553479547682 3.3009
13ea13af4ef-4ff- -6.11711909139 0.0552391092327 3.8587
13ea13lh-4al4dl -6.07956738166 0.306944409924 3.9900
13ea4ll4hh-6hh -6.75114433529 -0.705046955774 3.8608
13ed12fd4ll4fi- -5.91820387538 0.0302046360829 3.7930
13ed6ll-6ed12fe- -6.93917499775 -1.06314876735 3.6570
13ee12ld-12ea6ld- -6.69155140464 -1.06369299503 3.4719
13ee13de-4la6hi -6.40746455716 -0.435382141736 3.6388
13ee4ad-4ea-12he- -6.66352367927 -0.560282393646 3.9533
13ee4eh12de-12fh- -6.54542627332 -0.743142893175 3.5222
13ef13le12ae4la- -6.22405982995 0.211160338742 4.0711
13ef4ed-6if-6di -7.05291858228 -1.10124470475 3.6224
13ef4fd13li-4id- -6.73400116346 -0.109933990788 4.2257
13ef4hf4af-4ll -6.46569691862 -0.556200686068 3.7036
13ei13ei-12lh4ii -5.84554948048 -0.097688868052 3.6202
13ei4dd6ie13ie -6.85046588638 -1.40165838255 3.7132
13el13id6eh4df- -6.5889644875 -0.616065730556 3.8073
13el4dh13fa4al -6.07140396651 0.0100682120276 3.7954
13el4ha-6ff-6ii -6.60474709013 -0.0552391092327 4.1379
13el6ll6fi-12id -5.90514241113 0.462865639433 4.0287
13fa12ih-12id-13ih- -5.92228558296 0.179323019627 3.8015
13fa13fa4lf13hi- -5.42458937219 0.288168555061 3.5710
13fa13id6fl12dh -6.30596609537 -1.00546063357 3.3004
13fa4la-6fe-4aa- -6.51168415734 -0.28463107516 4.1135
13fa6af-13di4ff- -6.38188585633 -0.425858157385 3.7086
13fd13hf-6fe-6hd- -6.5995769272 -0.973351200618 3.5025
13fd13il-6ld4ef- -5.64690637831 -0.051157401654 3.4209
13fe13fd4eh-13il -6.34487837428 -0.157281798702 3.9623
13ff4fd-12fi13de- -6.35603504167 -0.873757535696 3.3886
13fi13ad4dd12ii- -6.72039547153 -1.40111415487 3.4779
13fi13ee4hl-12ii- -6.10623453785 0.251705300691 4.0113
13fi13he13ie-12el- -5.76935760568 0.0435382141736 3.7093
13fi13hf6ae-4el- -6.54624261484 -0.568173694965 3.8157
13fi6el13ef4al- -5.97153818775 -0.234834242699 3.5168
13ha12fl13af13dd- -6.07956738166 -0.306128068408 3.5630
13ha13fd6eh-12ad- -6.07902315399 -0.93253412483 3.2594
13hd12ff13dh-4if -6.17018128991 -0.420143766775 3.5054
13hd13da-12li-6ld -6.66216311007 -0.688175897781 3.8216
13hd6el-4df12ee -6.7998527124 -0.854981680834 3.7747
13he12eh6ll-4ei- -5.83575338229 -0.135240577777 3.4773
13he12hl-4af-12da -5.90078858971 -0.477831900555 3.4251
13he12ii-4fl-12df- -5.98051794442 -0.580146703863 3.5130
13he4la4fh12fh -5.8118073645 -0.0571439061028 3.7748
13he6ai12lh-6fe -6.31494585204 -0.397014090495 3.7126
13he6ff-13dl6ia- -6.47630935832 -0.710217118707 3.5009
13hf4de-6af6ha- -6.53535806129 -0.971990631425 3.5204
13hf6ff12de-4ia -6.62923733561 -0.695250857584 3.6793
13hf6fh6ef12fa- -6.20582820277 -0.0171431718308 3.8146
13hh12al-13ea12le -5.35873782325 0.46150507024 3.5692
13hh12el4de4hh- -5.88609444243 -0.55184686465 3.3501
13hi12ff-13le4lf -5.74650004324 0.342047095101 3.7890
13hi6aa-6ff-4al- -6.31140837214 -0.473205965299 3.5907
13hi6ef-12dh-12fe- -6.22514828531 -0.485995315713 3.5642
13hl12ia-13hl-13ae -5.45316132524 0.583684183765 3.7509
13hl6ff-6ld4ie -6.58461066608 -0.368714251283 4.0152
13hl6ii4ee12he- -6.24528470936 -0.214425704805 3.9526
13ia12hd6hi4ie- -5.75792882446 0.255514894431 3.7231
13id12ef6fe-12hh- -6.36583113986 -0.590759143568 3.5754
13ie6if-4dd4il -6.89400410055 -1.18587210855 3.8555
13if13df-6he13ei -6.11276526997 -0.520009545536 3.4282
13if6af-13ei-4el- -6.10405762714 -0.121906999686 3.6527
13ih12ih12eh-13lh -5.11546805156 0.415517831519 3.3292
13ih4ff-12fe4id- -5.78758923286 -0.40191213959 3.5206
13ih4fl6ee4hh- -6.23820974956 -0.375789211086 3.6381
13ii4hh13il12ii- -5.6460900368 0.673753864336 3.9089
13ii6de6lh-13ea- -6.28310853293 -0.888179569141 3.4953
13il13dd-13ad-13le- -6.58107318618 -0.337149046007 3.8890
13il4de12ea13lf -6.10949990391 -0.806817531404 3.2443
13la12ff-6ai4li- -6.84420726809 -0.938520629279 3.8299
13la4ed-6ea-4df -5.82078712117 -0.287080099707 3.6438
13ld6hi-4eh13ll- -6.36800805056 -0.0778245578353 4.1188
13le12ae4ai4lf- -5.80092281095 0.0410891896263 3.7468
13le6fe6dd6lf- -7.17890728955 -1.24165544546 3.8988
13lf6dd-6ah-6il -6.95495760039 -1.38233830001 3.4442
13lf6hi6hh-4hh- -6.14977275202 -0.143676106773 3.7560
13lf6lf6ea-13ah- -5.98432753816 -0.157009684863 3.7089
13lh12al-4ff-13fe- -5.43683449493 0.466947347012 3.6395
13lh12fe4ha6ld- -5.63112377568 -0.384224740082 3.4021
13lh13ia-6la6ll -5.5805106017 0.0263950423427 3.6421
13lh4hh-12hi4df- -5.87303297818 0.0933350466346 3.5667
13lh6dl-13if-12ia -5.86949549828 -0.208167086517 3.5324
13lh6ee12ll12fe- -5.64091987387 -0.102314803308 3.5161
13li13dh-12lh13di -6.19031771397 0.274290749294 4.2030
13li4fl-6if-12ll- -6.00827355595 -0.402456367267 3.4846
13li6dl-12da-4ae -6.75849140893 -0.969541606878 3.6022
13ll12fd13li-12di- -6.09970380572 -0.721645899927 3.2930
13ll12fi-13ae-13ld -5.66704280237 0.279733026065 3.7058
13ll6de4lf-6li- -6.59005294285 -0.731714111955 3.6922
4aa12dl13il-12id- -6.39549154826 -0.662052969277 3.6334
4aa12fa6ii6ei- -6.40392707726 -0.242453430179 3.9236
4aa12ha4dh-4ee -6.29317674495 -0.52109800089 3.6855
4aa12if6ad-13he- -6.10977201775 -0.462321411756 3.4501
4aa4aa-12al-4il -6.24093088794 -0.00054422767717 3.9772
4ae6hf13fe-12ei- -5.88963192233 -0.0895254528944 3.5279
4af12ea-12ah-6fl -6.03249168759 -0.241637088663 3.5191
4af13al-6if-6hl- -5.8964347683 0.00136056919292 3.6369
4ah12ee4ii-13hd- -6.4564450481 -0.151023180415 3.9401
4ah12ha6ih-12ah -5.89888379284 -0.0231296762797 3.6590
4ai12ll6hi-6al- -6.26188365352 -0.108301307757 3.7855
4ai13ah13eh-13id -5.72609150534 0.258508146656 3.6988
4ai13eh-4il-12ff -5.97834103371 0.475110762169 4.1010
4ai6fi-13ei13ie- -6.27630568696 0.0378238235633 4.0478
4da4dd4de-4fd- -8.21130719314 -1.71132393086 4.4039
4da4eh-4ia-4dd- -7.03359849974 -1.29662244086 4.2486
4da4ih-12di-13ad- -6.93400483482 -0.809266555952 3.7533
4dd13da-6ha12ea -6.88965027913 -1.55730749822 3.4138
4de4df-13ee-4fi- -6.55930407909 -0.957024370303 3.8091
4df13le-4he6ia- -6.5650184697 -0.0723822810636 4.1738
4dh4ai12fa6le -6.468418057 -0.302046360829 3.8731
4di6ae-13hh13li -5.67085239611 -0.159458709411 3.4017
4dl12aa6li-6de -7.07713671392 -1.10532641233 3.9599
4ea13dd-6aa-13fh- -6.56773960809 -0.563275645871 3.8315
4ea13ff12ih-12lh- -5.52499937863 0.226126599864 3.5722
4ea13li6fl13lf- -5.99847745777 -0.11537626756 3.6482
4ea4ed-13ai-13de -6.72556563446 -1.15430690328 3.4928
4ea4ih-12ee-12al -6.17616779436 -0.214425704805 3.6422
4ea6di-13he-6ef -6.62080180661 -0.59620142034 3.7549
4ed12ee-6ih-6il -6.81617954271 -1.05416901068 3.7239
4ed13dl-13li-4ll -6.0918125044 -1.0726727517 3.1740
4ed13ie-13ai-13ai -5.74105776646 -0.935799490894 3.0742
4ee13ih13ad12fh- -5.77371142709 -0.408987099393 3.4561
4ee4af6li-12le- -6.74597417236 -0.259324488171 4.3833
4ef13li4la-12ih -5.81752175511 0.177146108919 3.7915
4eh4fi-13he13ii -5.90840777719 0.416062059196 3.9829
4eh4la-13da13hd- -6.61345473297 -0.302046360829 4.0744
4eh6ei-4ee4ea -6.62134603429 -0.370074820475 4.3814
4eh6lf-6al6df -6.69781002293 -0.722190127604 3.9838
4ei12ef-13la-13ee- -5.89398574375 -0.312658800534 3.5288
4ei12fh13ee12hi -5.82405248723 -0.00598650444887 3.6090
4ei4ad-6af-6ff- -7.05536760683 -0.924642823512 3.8544
4ei4ih12hh-12ie- -5.88228484869 0.487355884906 3.9047
4ei6if6ee-4fe- -7.18761493238 -0.546948815556 4.4089
4el12lh6ff-4ld -6.18188218497 -0.400823684236 3.5376
4el13af-4ae6dd- -6.39603577594 -1.41880155438 3.5104
4fa13ee-13de-12hh- -6.18433120952 -0.0484362632681 3.8923
4fd12ei6ff6ii- -6.78951238653 -0.940153312311 3.6365
4fd12id-13lh-4lf- -5.94078932399 -0.802191596148 3.1365
4fd4ih12ei-13il- -6.12555462038 -0.0933350466346 3.7437
4fd6ee-6hl4il -6.37916471795 -0.786681107349 3.4274
4fd6hl12il6lh- -6.07412510489 -0.0881648837015 3.7250
4fe12ll13if-6aa -5.93561916105 -0.194017166911 3.4916
4fi13da6ea-4eh -6.77781149147 -0.562459304355 3.9777
4fi6aa-12df6li -6.91849434602 -0.701237362033 3.8815
4fi6al-4ll13dl -6.67604091584 -0.139322285355 4.1419
4fl12ia-6ld-4eh- -6.54542627332 -0.2038132651 4.0884
4fl13el-12ha-13fa- -5.28798822522 0.302590588506 3.5012
4fl13hh-6fa-4df- -6.10759510704 -0.422048563645 3.5838
4fl6hi-6dh-6ia -6.86652060285 -0.177690336596 4.2376
4ha12hl6hl12df -6.02813786617 -0.456607021145 3.3006
4ha6ld6ia12fl- -6.85563604931 -0.580963045379 4.0753
4hd13ai-12li-6lf -5.77616045164 -0.0334700021459 3.5012
4he12al12de-4ah- -6.22487617147 -0.463954094787 3.4872
4he12ff6he4fi- -6.12038445745 -0.0726543949022 3.6846
4he13li-13ii-12li- -5.70731565048 0.476199217524 3.9366
4he4da13li12el- -6.32909577165 -0.403272708783 3.7513
4he4ih-4ad-6hl- -6.54080033807 -0.275379204648 3.9190
4hf4ei4ha-6ie -6.42787309505 0.247623593112 4.3340
4hh12fh13dd-6if -6.24147511562 -0.539873855752 3.4914
4hh12il-13ai13hl -5.53261856611 0.568990036481 3.7895
4hh6ee-4he6ld -6.23086267592 -0.528445074532 3.6172
4hh6hl12fa6ia -5.96772859401 0.0862600868314 3.7042
4hi12ah-4hi-6di -6.07793469863 -0.258508146656 3.8977
4hi13hf-6da12li -6.12310559584 -0.26531099262 3.5986
4hl6id12fi-6da- -6.66624481765 -0.757020698943 3.7881
4ia13di-4ha13dl -6.73019156972 -0.202180582069 4.1473
4ia13ee-6fd-12hh -6.44719317759 -0.45579067963 3.6963
4ia13hf-12ha6la -5.48499864436 0.103131144824 3.4892
4ia13li-4di-12if- -6.33236113771 -0.290073351932 3.7817
4ia6ad-13af-6ah- -6.4529075682 -0.674570205852 3.6059
4id13fl-13de-13ae -6.23548861117 -0.865049892861 3.3621
4ie12df-4ii-4dh- -6.93727020088 -0.391571813724 4.1089
4ie12ef-6ih4la -6.36746382289 -0.198915216006 3.8425
4ie13fh6ae-13hl -5.82976687784 -0.247079365435 3.4233
4ie6fd-6hd-13fh- -6.39059349917 -0.728448745892 3.5179
4if12fh13fa12fl -5.2349260267 0.554568003036 3.5790
4ih12ef-6ee12if -6.26433267806 -0.739061185597 3.4621
4ih12hd-12lh-4if -6.07085973883 -0.396469862818 3.4179
4ih4fa4al-6eh- -6.4387576486 0.189935459332 4.3909
4ih4ih12ef-6ie -6.35712349702 -0.210071883388 3.7634
4ii4de6dh-13ea- -6.92502507815 -0.813620377369 3.9050
4ii4fl12da-6ei- -7.02189760468 -0.507764422799 4.0627
4ii4ha-12hf-13ff- -5.53533970449 0.58450052528 3.8630
4ii4il12ha12eh -5.9571161543 0.0764639886424 3.7006
4il12di6he-6hd -6.83277848687 -0.724367038313 3.7235
4il12ih-12ah13la- -5.29996123412 0.429395637287 3.6286
4la13af-4ed13fi -6.0311311184 -0.708584435675 3.1640
4la6ie-6ld-12af- -6.98026418738 -0.543955563331 4.1167
4ld12ee12da6al- -6.88230320549 -0.983691526484 3.6131
4ld13fd-12fl13eh -5.91085680174 -0.494702958547 3.2565
4ld13if13al-13al- -5.2694844842 -0.26531099262 3.2129
4le13fl-13dd13fd- -6.66107465472 -0.441368646185 3.8446
4le13ie12ha6lh -5.57642889412 0.103403258662 3.4702
4le6le-13di-13al- -6.27576145928 -0.377694007956 3.7751
4lh12ee-6hd-13ai -6.3075987784 -0.662325083116 3.4666
4li12ll12fl13ia -5.74405101869 0.343679778133 3.7843
4li4dd-13hi-12ed- -6.69944270596 -1.24709772223 3.2497
4li6dd-4hi-6le- -7.00502654669 -1.22941032273 3.5705
6aa12le-4ef12af- -6.52637830462 -0.335516362975 3.9322
6aa4dd13aa12hf -6.10895567623 -1.17852503491 3.0664
6aa6fh-13ah12fe- -5.41234424945 -0.401367911913 3.1074
6ad12af6fa4ha -6.58352221072 -1.04464502633 3.4629
6ad12fl-13ai-6hl -5.95031330834 -0.746680373077 3.2412
6af13hi-12ah12fd -5.80255549398 0.0193200825395 3.5833
6af4dd13la-12ha- -6.05045120094 -1.01362404873 3.0538
6ah6ed12ha13fh- -5.92473460751 -0.625317601068 3.1840
6ai4ad6hd-6fh -6.54896375322 -0.939064856957 3.4987
6ai6dh-13di6fi- -7.08012996614 -0.786136879672 3.8401
6al13ff-6af-12hl -5.84418891129 -0.00598650444887 3.6257
6dd6di-13af12fh- -5.9952120917 -1.59567554946 3.0505
6df12de13hf6af- -6.39168195452 -1.05335266916 3.2979
6df13dh6ha4fi -6.43685285173 -0.764639886424 3.4854
6df6hd6fl4fh- -6.27494511777 -1.2468256084 3.2740
6dh12fi-12ea6fe- -6.66842172836 -0.63456947158 3.6801
6dh13ia-13fl13ae -5.79221516812 -0.119730088977 3.5403
6dh4ia13lh-13fe- -5.73126166828 0.0770082163195 3.7895
6dh4ii-6ll6ad -7.30843347671 -0.650624188057 4.1521
6dh6af12di6dd- -7.66027667 -1.81472718952 3.9419
6dh6al-12ef12dh -6.57590302324 -0.847090379515 3.5830
6di12he6ah13li -6.0847375446 -0.442729215378 3.4813
6di13dd-12il-4he -6.61291050529 -0.920561115933 3.7574
6di13fh-12eh6aa- -6.23440015582 -0.514567268764 3.4670
6di6hi6dl-6hd -7.19795525825 -0.986140551032 3.8355
6dl12ae13ea-6hh- -6.0833769754 -0.545588246363 3.4466
6dl4da-4ah-13fl -6.22705308218 -0.577697679316 3.9062
6dl6aa-13ai6ii -6.4028386219 -0.571711174867 3.7596
6ea13ae13de4fl- -6.46896228468 -0.19619407762 3.9959
6ea13eh13aa-4ea- -5.73915296959 -0.187486434785 3.4297
6ed12id12ai-6fh- -6.56746749425 -1.21825365534 3.4431
6ed13ie-13dd-6ie- -7.20448599037 -1.35022886706 3.8335
6ee4fe-12dd13dh- -7.00421020518 -1.26859471548 3.5915
6ee4ih13fa-4ld- -6.07847892631 -0.447355150634 3.7635
6ef13al4fi-6fe- -6.31739487659 -0.120818544332 3.8358
6ef6dl13hl13de- -6.42460772899 -0.814164605046 3.4218
6ef6ef-12ai-12ea- -6.85155434173 -0.466947347012 4.0003
6ef6eh-4fd13id- -7.15169590569 -0.775252326128 4.0255
6eh12hh-13eh-6el -5.77343931326 -0.0579602476186 3.4408
6eh6dh-4ia-6ae -7.19360143683 -0.303951157699 4.3772
6eh6ei4fd-13le- -6.88584068539 -0.3229991264 4.1951
6ei4fe-12hh-6hl- -5.89208094688 -0.0805456962211 3.5444
6el12ih-4aa-12hi- -5.65343711044 0.14993472506 3.6574
6el13ah-6hd12il- -6.04500892416 -0.330346200042 3.4608
6el6fi4dh12if -6.64746896279 -0.425313929708 3.9075
6fa4ef6fl-4fe- -6.60746822852 -0.437559052445 4.0535
6fa6he-13ih-6ea- -5.92636729054 -0.352659534806 3.4216
6fd12di13hi12ie -6.22052235005 -0.810627125144 3.4337
6fd13df4ai-4di- -6.9465220714 -0.821239564849 3.8198
6fd4fe-6ii13lh -6.14024876767 -0.284903188998 4.2156
6fe13de-12ad-4fh- -6.58107318618 -0.689264353136 3.6834
6fh13ah6de-13dh -6.15684771182 -0.942874450697 3.1233
6fh13dl-6fe12ae -6.58216164153 -0.640555976029 3.6246
6fh4ei4id-12le -6.66651693149 -0.249256276144 4.1960
6fi4da4al-12ei -6.93509329018 -0.477831900555 4.2186
6fi6al-12ll-4ff- -6.08446543076 -0.172520173663 3.7835
6fl12ii4el-12il -6.28963926505 -0.00108845535434 3.9199
6fl13di12lh13ld- -5.97589200916 -0.524635480792 3.4741
6fl4hl12ha12dh -6.04419258265 -0.260412943526 3.5263
6ha12if-12id-13ei- -6.33807552832 -0.263950423427 3.7368
6ha13eh-6fd-13fe13li -5.96963339088 -0.450076289019 3.3747
6he13da-12hh12fl -5.72200979776 -0.0413613034649 3.5383
6he13de13ll12de- -6.49753423773 -0.619603210458 3.6445
6he4fh-13ii-6ha- -6.06841071428 0.359190266932 4.0423
6he6al-12he-6hf -5.83357647158 -0.350754737936 3.3241
6hf12al-12ad-4eh -6.27440089009 -0.354564331676 3.6366
6hf12ei13ea-13ef- -5.98976981493 -0.229119852088 3.5938
6hf4dl-12li4fi -6.41317894777 -0.32109432953 3.8718
6hh13fl-12aa6ai -5.63792662164 -0.00925187051189 3.4362
6hi12ed-13fe-4ia- -6.39195406836 -0.150478952737 3.8923
6hi12ei-12fe13hd -6.02187924788 -0.046531466398 3.6603
6hi13ed6ha12dl -6.78624702047 -0.929540872606 3.6674
6hi13hl-12al6ii -5.65779093186 0.174697084372 3.5753
6hi6ae-12eh12la- -6.44147878698 -0.270209041715 3.9890
6hi6ai-12fa6fa -6.51875911714 -0.238643836439 3.9146
6hi6hd-4hf-4hi -6.18650812023 -0.252793756045 3.7264
6hl12aa4le4ai- -5.98677656271 -0.0228575624411 3.6950
6ia12ha4fd-6fi -6.50406496986 -0.543955563331 3.7609
6id13el-13ah-4dd -6.33208902387 -1.14396657741 3.0676
6id6df-4if-4fd -7.55687341134 -0.867771031247 4.5261
6if12ff-12de12dl -6.75250490448 -1.09607454182 3.4274
6if13aa-12ia-13il- -5.71221369957 0.0734707364179 3.6137
6if13di-12ii-6fi -6.64202668602 -0.379054577149 3.9343
6if4ai-6aa-4eh- -6.70053116131 -0.158098140218 4.3187
6ih6dl12dh-6hh -6.01752542647 -1.01416827641 3.0954
6ii6hf6fe6ha- -6.45317968204 -0.708856549514 3.4979
6il13ad4de12di -6.98706703334 -1.20981812635 3.6872
6il13ie-6id4he -6.49535732702 -0.464498322464 3.7673
6la12fh12fi-4de- -6.0763020156 -0.894982415106 3.3662
6la12ha13ff13ef- -5.62867475113 0.0612256136816 3.4726
6ld12ae12ee-13fh -6.05045120094 -0.800558913117 3.2919
6ld12fd13dh-6df -7.06189833896 -1.39431130891 3.3894
6ld13ia6ad-13he -6.42814520889 -0.746952486916 3.4571
6le6fd-12ha-6ff- -6.52311293856 -1.00627697509 3.3525
6lf12ee-12hd-4ed -6.50025537612 -1.25199577133 3.3026
6lf4ae-13aa4fi -6.06813860044 -0.290889693447 3.5862
6lf4ia12el4ii -6.61073359458 -0.288712782739 3.9887
6lh13dd-6fa6hd -7.08693281211 -1.16383088763 3.6108
6li12ai-13fi12ed- -6.01834176798 -0.324359695593 3.4754
6ll12eh13ai4fh- -5.44472579625 -0.0359190266932 3.3472
6ll13al-12if13de -5.81480061672 -0.281909936774 3.3462
6ll13id6ei13ea- -6.44909797446 -0.56926215032 3.6363
