12ad12il4aa-4ia- -8.17783719099 0.429667751126 4.3204
12ad13ei-4da-13hh -7.89728782341 0.247895706951 4.1302
12ad13fi13ih-6ei -7.49864104988 0.604636949336 4.0394
12ad4if-4if-12ee- -8.37784086235 0.444089784571 4.3240
12ad6el-13ll12ai- -7.47442291825 -0.0119730088977 3.8142
12ad6id-13li6hh- -7.91034928766 -0.186125865592 3.8357
12ae13ld-6ae-12dh -8.32722768838 -0.292794490317 4.1910
12ae4ad-12eh12fi -7.47415080441 -0.126805048781 3.6915
12ae4ee6eh-6fa- -8.54491875924 -0.0421776449807 4.2510
12ae6fi12da-12da -8.67798242631 -0.294699287187 4.1805
12af12ad-13ld-12ad- -8.27470971753 -0.125172365749 4.0131
12af12id-13fe4fd- -8.02382075835 0.305039613054 4.2007
12af6ea13da4ff -8.13756434288 0.0304767499215 4.1241
12ah12he-6ah13aa -7.33646120209 0.466131005496 3.8832
12ah12hl12if-12fi- -7.07795305543 1.32328959704 4.1655
12ai4af-6dh-6ah- -8.47933932414 0.466947347012 4.5829
12al13fa-13da-4de -7.38761860374 -0.232113104313 3.9097
12al6lh-6ef13ea- -7.71442732388 0.49415873087 4.0703
12da12al4lh-4ed -8.10627125144 0.0565996784257 4.2343
12da4he-4ah4af -8.40831761227 0.535792148174 4.3867
12de12hh-13aa13id -7.72776090197 0.45198108589 3.9384
12de13hf6lf4lf- -7.70544756721 0.39619774898 4.0000
12de6hh4dl-4ed -8.25049158589 -0.195649849943 3.8256
12df4ei4if-13al -7.78055098666 0.419599539098 4.4906
12df4ii-12id-4da -9.06520041862 -0.0274834976971 4.7717
12dh12dl12if-4hi -7.75742131038 0.386129536952 4.0071
12di13af-13ei-13fd- -7.65918821465 0.737156388727 4.2049
12di13fa13lh13eh- -7.20176485199 1.16546357066 4.2159
12di6ia-12df-6hf -8.35253427536 -0.415245717681 4.0091
12dl12ai-6fa-12lf -7.83061993296 0.422592791322 4.0886
12dl12dl-4af-13hh -7.41591844295 0.1692548076 3.9511
12dl12hf-13hi-13fl- -7.02325817388 1.18696056391 4.0574
12dl6le-12ee13ad- -8.32831614373 -0.0887091113787 4.1828
12ea12hi13al-12la -7.0678848434 1.21689308615 4.1150
12ea12lf4ea-4af -7.84803521863 0.301502133152 4.1150
12ea4ai-4ea-4ad -8.56396672794 0.406538074846 4.3491
12ed4ha-6ai-4ii -8.66410462054 0.324087581755 4.3577
12ed4hh13ll4hf -7.58217999833 0.382047829373 4.0148
12ee13dh12il6if -7.79769415849 0.417694742228 4.1127
12ee4hf-4fa13he- -7.72340708056 0.783687855125 4.2191
12ee4ih4ef-6fl- -8.52614290438 0.4421849877 4.3278
12ee6eh13ih12lf -7.15849875165 0.488988567937 3.9521
12ef13al-4if6ff -7.93021359788 0.79810988857 4.3743
12ef6hh-13ea-13ha- -7.23523485413 0.565996784257 3.7444
12ef6la4if-12fe- -8.05511384979 0.420415880614 4.3622
12eh12fh-4hf12ll -7.18298899713 0.915118839161 3.9931
12eh13le13fh12hf- -6.81100937978 1.36410667283 4.0290
12eh6fh13hf-13hf- -6.8273362101 0.807905986759 3.6574
12ei6ef13ea-4ee -8.03633799493 0.234834242699 4.1454
12el12ii13df-13ae- -7.8809609931 0.830219321523 4.3742
12el6if4lf-12fd -6.8273362101 0.807905986759 3.6575
12fa12ae4ah-4dh- -7.88259367613 0.455518565791 4.2413
12fa12ld12ee4fh- -7.93429530546 0.202180582069 4.0190
12fa13fi-12ed-13di- -7.78027887282 0.210616111065 4.0253
12fa13id13he-13fi- -7.19768314441 1.13906852832 4.0670
12fd12eh-6ai4aa -8.14409507501 -0.0857158591542 3.9549
12fd12hh13aa-6ih- -7.57619349388 0.477559786717 3.7893
12fd4ll-12le6ef -7.55986666357 0.732530453471 4.2961
12fe13di6id12ae -8.51444200932 -0.283542619805 4.2668
12fe4hh6il13df -8.02518132755 0.454430110437 4.1466
12ff6dh6lf-4hd- -8.71281299765 0.0331978883074 4.4159
12fh12fe4id-4de -8.18028621554 -0.316468394274 4.3029
12fh12he4ha-12he -7.27741249911 0.866410462054 4.0509
12fh4ef13if6da- -7.6757871588 0.184765296399 3.9258
12fh6fh4ef-12ie -8.05674653282 0.521370114729 4.2025
12fi12ii-12ae-12ai- -7.57837040459 0.937160060086 4.2716
12fl13ea4af-13le- -7.49700836685 0.922738026641 4.3310
12fl6aa-4ef13il- -7.78844228798 0.202452695907 4.2544
12hd13id-12id-12ed -8.61267510505 -0.454974338114 4.1076
12hd4hl-4de-12af -8.00749392804 -0.0410891896263 3.9092
12hd6ae13he13hi -7.09455199959 0.0263950423427 3.4028
12he12ie13dl-6ld- -7.97456815357 0.134152122422 4.0217
12he4hd-13dd-12ld -8.65294795316 -0.377966121794 4.1995
12hf4hh-6dd13hh -7.96041823396 -0.400279456558 3.6492
12hh12aa4li6he -7.45265381116 0.952126321209 4.2842
12hh12ed13hh-12ef -7.24394249697 0.493614503193 3.6540
12hh13ae13al-6ll- -6.9486989821 1.10668698152 4.0617
12hh4ef-13fa-13il- -7.06761272957 1.00872599963 4.1280
12hh4lh13ed13ll- -7.58354056752 0.664501993824 4.1829
12hh6aa4ia-4ll- -8.24722621983 -0.10775708008 4.0757
12hi12df-4di-13ld- -8.38137834225 -0.235378470376 4.0679
12hl13ed-4ff-6da- -8.07307336314 0.193200825395 4.2792
12hl13hi-4hi4ll -7.86300147975 0.875662332566 4.5150
12hl4ed12hi-13aa- -7.43442218398 -0.00272113838585 3.6264
12ia12hf4hd4lf -6.97427768293 1.68003083942 4.5344
12ia13di-6el4li- -7.60857504067 0.41143612394 4.1581
12ia13di12id-4hi- -8.1024616577 0.659876058568 4.3433
12ia13fl6le12ih -7.40149640951 0.697699882132 4.1435
12id12ai4da4ae -8.48559794243 -0.0563275645871 4.2449
12id13ei6de4df -8.4423318421 -0.656338578667 4.0359
12ie6fd6eh-6ah- -8.43770590684 -0.199731557521 4.2636
12if4ia-4hd4eh -8.368316878 0.607358087722 4.3908
12if6el-12il4fl -7.7688500916 0.652256871088 4.2499
12ih13ai-12hh-12ih- -6.93835865624 1.66207132608 4.3397
12ih13la-12fa-13ha -6.48284009045 1.54152489558 3.9702
12ih6ia-12ia-4he -7.64041235979 0.712666143254 4.1984
12il12li4ii6hd -7.31360363965 0.589942802052 4.1003
12il13dd-4dd-12fi- -8.6080491698 -0.664229879986 4.1078
12il13il-6fh13el -7.45238169732 0.675114433529 3.9323
12la12ad-4ea-12ld -8.32858825757 0.017687399508 4.2838
12la6df13fd4hi- -8.27198857914 0.0563275645871 4.2299
12le13ia12eh-4il- -7.32856990077 0.874573877212 4.0257
12le4he13hf-13ai- -7.22081282069 0.756748585105 4.0048
12lf12id4ea-6id -8.76995690375 -0.1191858613 4.2780
12lf13dh13lh12ae- -8.23906280467 1.02042689469 4.9833
12lf6eh-12hi-13id- -7.84232082802 0.425858157385 4.0836
12ll4df-13dl6el -8.23225995871 -0.017687399508 4.1788
12ll6ea13ii-13dh- -7.57673772156 0.475382876008 4.1327
13aa6af13hi-12ea- -7.53156682435 0.839471192034 4.1746
13ad12hh12ih12ea -7.42299340276 0.698516223647 3.9258
13ae12il6ed13lh- -7.18761493238 0.878111357114 4.0159
13ae13fi-12ia6fl -7.55415227296 0.64409345593 4.1685
13ah4lh12fd-4fe- -7.38707437606 0.191568142364 3.8991
13ah6hf6hh6he- -7.63687487989 0.362999860672 3.8039
13ai12hf-4fe6ai- -7.37238022878 0.537424831205 4.1624
13al12ea-13el6li -7.16013143468 0.98831746174 4.0438
13al13de-12af-6af- -7.74163870774 0.361367177641 4.0981
13al13dl-6fa6ee -8.04695043463 0.219323753899 4.1586
13al13hi-12hh-13li- -6.61726432671 1.85853751753 4.2445
13al4ei6eh13al -7.75170691977 0.947772499791 4.3253
13al6ah-4af-13la -7.22489452827 0.968997379201 4.2038
13al6ee-13ha12ee -7.16149200388 0.223949689155 3.6282
13da12ai4ah-4ll- -7.70191008731 -0.160819278604 3.7405
13da12ha12fa-13ie- -7.37782250555 0.779606147546 3.9989
13da13da6he13dd -8.85567276291 -0.516472065634 4.2634
13da4ei12ad13lf- -8.18191889857 0.0949677296661 4.2513
13dd4ll4ee13ae- -7.86599473197 0.900968919555 4.4934
13dd6eh13el6ii- -8.14219027814 -0.219051640061 3.9356
13dd6ii6ee6if- -9.22411490035 -0.0734707364179 4.2183
13de13dd13ha-4fi -7.98164311337 0.477015559039 4.1275
13de13if-4de-4ef -8.39471192034 -0.366809454412 4.1605
13de13lf4dh-6af -8.23035516184 0.127349276458 4.2974
13de4al-12il-12il -8.0657262895 0.437559052445 4.3265
13df12da13aa13ff -7.72694456046 0.387490106145 4.0905
13df13aa12dd-13li -8.27035589611 0.0370074820475 4.0642
13df4ie-4fh13af- -7.98300368257 0.515927837957 4.3620
13dh12ha6hi6ei -7.61782691118 0.715659395478 4.1473
13dh6ie-13al-4fd -7.77402025453 0.244902454726 3.9900
13di13ae12il6hi- -7.7617751318 0.709672891029 4.2031
13dl12da13hh13di- -7.79442879243 0.389939130692 4.0674
13dl13eh12hd4af -7.677147728 0.153472204962 3.9778
13dl13fl-12ia-12hh -7.37428502565 1.25471690972 4.3205
13dl4ae6id-13il -8.3838273668 0.3385096152 4.3819
13dl6ld13ah13ii -7.44775576207 0.104219600178 3.7275
13ea13af4ef-4ff- -7.69673992437 0.705046955774 4.2717
13ea13lh-4al4dl -7.74299927693 0.980426160421 4.4187
13ea4ll4hh-6hh -8.28831540946 -0.0165989441537 4.3189
13ed12fd4ll4fi- -7.46462682006 0.727632404376 4.2273
13ed6ll-6ed12fe- -8.54872835298 -0.397014090495 4.1298
13ee12ld-12ea6ld- -8.22491288507 -0.235106356537 3.9905
13ee13de-4la6hi -7.96150668932 0.32109432953 4.0640
13ee4ad-4ea-12he- -8.22790613729 0.142859765257 4.3263
13ee4eh12de-12fh- -8.14572775804 -0.0152383749608 4.0077
13ef13le12ae4la- -7.87633505784 0.84409712729 4.3869
13ef4ed-6if-6di -8.66192770983 -0.39810254585 4.2076
13ef4fd13li-4id- -8.30300955674 0.64218865906 4.3074
13ef4hf4af-4ll -8.04422929625 0.125716593426 4.1360
13ei13ei-12lh4ii -7.38680226223 0.71729207851 4.1545
13ei4dd6ie13ie -8.38709273286 -0.65388955412 4.2964
13el13id6eh4df- -8.15416328704 0.108301307757 4.3073
13el4dh13fa4al -7.6532017102 0.706407524966 4.2419
13el4ha-6ff-6ii -8.23579743861 0.643005000576 4.3925
13el6ll6fi-12id -7.43986446075 1.27675813064 4.3730
13fa12ih-12id-13ih- -7.51333519717 1.02450860227 4.2521
13fa13fa4lf13hi- -7.02244183236 0.950765752016 4.0234
13fa13id6fl12dh -7.9106214015 -0.322454898723 3.7978
13fa4la-6fe-4aa- -8.16014979148 0.391299699885 4.3486
13fa6af-13di4ff- -8.00177953743 0.318645304983 4.1850
13fd13hf-6fe-6hd- -8.22001483597 -0.307216523762 3.9407
13fd13il-6ld4ef- -7.21673111311 0.641644431383 3.8137
13fe13fd4eh-13il -7.98382002408 0.556200686068 4.3396
13ff4fd-12fi13de- -7.96885376296 -0.231296762797 3.8281
13fi13ad4dd12ii- -8.34654777092 -0.697699882132 4.1190
13fi13ee4hl-12ii- -7.69891683508 0.999474129122 4.3306
13fi13he13ie-12el- -7.34353616189 0.899336236523 4.2312
13fi13hf6ae-4el- -8.11906060186 0.145853017482 4.3047
13fi6el13ef4al- -7.53075048284 0.45198108589 3.9634
13ha12fl13af13dd- -7.64912000262 0.51919320402 4.0307
13ha13fd6eh-12ad- -7.6842226878 -0.231568876636 3.8630
13hd12ff13dh-4if -7.78708171878 0.359734494609 3.9732
13hd13da-12li-6ld -8.22409654355 0.149662611222 4.3590
13hd6el-4df12ee -8.42219541804 -0.185581637915 4.2567
13he12eh6ll-4ei- -7.39632624658 0.581235159217 3.9243
13he12hl-4af-12da -7.46326625087 0.226398713703 3.9102
13he12ii-4fl-12df- -7.56367625731 0.127077162619 4.0695
13he4la4fh12fh -7.43088470408 0.63075987784 4.2869
13he6ai12lh-6fe -7.9155194506 0.32680872014 4.1925
13he6ff-13dl6ia- -8.09157710416 0.00435382141736 3.9802
13hf4de-6af6ha- -8.21865426678 -0.327625061656 4.0773
13hf6ff12de-4ia -8.31743159019 0.0185037410238 4.1739
13hf6fh6ef12fa- -7.93674433001 0.645181911285 4.2567
13hh12al-13ea12le -6.8950925559 1.32111268633 4.0294
13hh12el4de4hh- -7.44258559914 0.108845535434 3.8635
13hi12ff-13le4lf -7.40204063719 0.989678030933 4.2268
13hi6aa-6ff-4al- -7.97484026741 0.156465457186 4.0436
13hi6ef-12dh-12fe- -7.83415741286 0.249528389982 4.0898
13hl12ia-13hl-13ae -6.99904004224 1.43893797844 4.2081
13hl6ff-6ld4ie -8.28940386481 0.335244249137 4.4076
13hl6ii4ee12he- -7.87443026097 0.470756940752 4.2707
13ia12hd6hi4ie- -7.29455567095 1.06342088119 4.1853
13id12ef6fe-12hh- -7.9655883969 0.133607894745 3.9641
13ie6if-4dd4il -8.48587005627 -0.434021572543 4.3604
13if13df-6he13ei -7.65429016555 0.243541885533 3.9099
13if6af-13ei-4el- -7.67252179274 0.617154185911 4.0959
13ih12ih12eh-13lh -6.66570058998 1.16192609076 3.7272
13ih4ff-12fe4id- -7.41591844295 0.330890427719 4.0447
13ih4fl6ee4hh- -7.82735456689 0.306128068408 4.0869
13ii4hh13il12ii- -7.20475810421 1.42152269277 4.3332
13ii6de6lh-13ea- -7.89973684796 -0.159186595572 4.0102
13il13dd-13ad-13le- -8.10599913761 0.600555241757 4.3825
13il4de12ea13lf -7.66218146687 -0.161635620119 3.7665
13la12ff-6ai4li- -8.4959382683 -0.250616845337 4.2279
13la4ed-6ea-4df -7.47496714593 0.429123523448 4.2278
13ld6hi-4eh13ll- -7.98790173166 0.648447277348 4.3964
13le12ae4ai4lf- -7.40204063719 0.754843788235 4.2172
13le6fe6dd6lf- -8.84206707098 -0.530621985241 4.3285
13lf6dd-6ah-6il -8.58709640422 -0.718108420026 3.9909
13lf6hi6hh-4hh- -7.68259000477 0.617154185911 4.2078
13lf6lf6ea-13ah- -7.63252105847 0.472933851461 4.1878
13lh12al-4ff-13fe- -7.0537349238 1.12818397477 4.0602
13lh12fe4ha6ld- -7.25782030274 0.326536606302 3.9987
13lh13ia-6la6ll -7.15278436104 0.742598665498 4.1729
13lh4hh-12hi4df- -7.57020698943 0.740693868628 4.0315
13lh6dl-13if-12ia -7.43278950095 0.433749458704 3.9586
13lh6ee12ll12fe- -7.26244623799 0.594840851147 4.0140
13li13dh-12lh13di -7.88694749755 1.01280770721 4.6282
13li4fl-6if-12ll- -7.61592211431 0.242181316341 4.0140
13li6dl-12da-4ae -8.32777191605 -0.252793756045 4.0368
13ll12fd13li-12di- -7.66898431284 0.114559926044 3.8141
13ll12fi-13ae-13ld -7.20775135644 1.17689235188 4.2054
13ll6de4lf-6li- -8.26600207469 -0.0182316271852 4.2205
4aa12dl13il-12id- -7.91497522292 0.168438466084 4.1991
4aa12fa6ii6ei- -7.97756140579 0.514839382603 4.3298
4aa12ha4dh-4ee -7.84449773873 0.185309524076 4.1302
4aa12if6ad-13he- -7.63524219685 0.215242046321 3.7845
4aa4aa-12al-4il -7.81374887497 0.739605413274 4.4192
4ae6hf13fe-12ei- -7.48557958563 0.7115776879 4.0091
4af12ea-12ah-6fl -7.61211252057 0.554568003036 4.0019
4af13al-6if-6hl- -7.46979698299 0.717836306187 4.0945
4ah12ee4ii-13hd- -8.01973905077 0.600283127918 4.3080
4ah12ha6ih-12ah -7.49211031776 0.695522971423 4.1166
4ai12ll6hi-6al- -7.82354497315 0.625589714907 4.1819
4ai13ah13eh-13id -7.27060965315 1.07648234544 4.1561
4ai13eh-4il-12ff -7.59388089339 1.19566820674 4.3451
4ai6fi-13ei13ie- -7.82463342851 0.816885743432 4.3481
4da4dd4de-4fd- -9.89678030933 -0.98641266487 4.2495
4da4eh-4ia-4dd- -8.63145095991 -0.489260681776 4.3868
4da4ih-12di-13ad- -8.47906721031 -0.0361911405318 4.1768
4dd13da-6ha12ea -8.41702525511 -0.780150375223 4.0286
4de4df-13ee-4fi- -8.09511458406 -0.230480421281 4.2808
4df13le-4he6ia- -8.1144346666 0.705591183451 4.3660
4dh4ai12fa6le -8.0488552315 0.474294420654 4.3410
4di6ae-13hh13li -7.1418998075 0.535792148174 3.7323
4dl12aa6li-6de -8.68832275218 -0.330890427719 4.2730
4ea13dd-6aa-13fh- -8.14137393662 0.189935459332 4.2385
4ea13ff12ih-12lh- -7.08312321837 0.985596323355 4.0223
4ea13li6fl13lf- -7.61347308977 0.587493777505 4.0771
4ea4ed-13ai-13de -8.23144361719 -0.434293686382 4.0326
4ea4ih-12ee-12al -7.71388309621 0.579058248509 4.0676
4ea6di-13he-6ef -8.16831320664 0.104763827855 4.2119
4ed12ee-6ih-6il -8.41239931985 -0.320822215692 4.2398
4ed13dl-13li-4ll -7.6270787817 -0.34612880268 3.8730
4ed13ie-13ai-13ai -7.20448599037 -0.205173834293 3.7805
4ee13ih13ad12fh- -7.33292372219 0.314835711243 4.1269
4ee4af6li-12le- -8.39552826186 0.473750192976 4.3107
4ef13li4la-12ih -7.33074681148 0.8998804642 4.2338
4eh4fi-13he13ii -7.47360657673 1.12219747032 4.3515
4eh4la-13da13hd- -8.21049085162 0.457967590338 4.4403
4eh6ei-4ee4ea -8.20613703021 0.365993112897 4.2783
4eh6lf-6al6df -8.34110549414 -0.046531466398 4.4178
4ei12ef-13la-13ee- -7.42435397195 0.460960842563 4.1066
4ei12fh13ee12hi -7.34897843866 0.770082163195 4.0775
4ei4ad-6af-6ff- -8.84886991694 -0.252521642207 4.3561
4ei4ih12hh-12ie- -7.46517104774 1.2658735771 4.2821
4ei6if6ee-4fe- -8.87363227625 0.192656597718 4.1880
4el12lh6ff-4ld -7.78408846656 0.287080099707 3.9901
4el13af-4ae6dd- -7.9296693702 -0.571983288705 4.1609
4fa13ee-13de-12hh- -7.73646854481 0.790762814928 4.2855
4fd12ei6ff6ii- -8.45240005412 -0.227487169057 4.1364
4fd12id-13lh-4lf- -7.45591917723 -0.116736836753 3.6162
4fd4ih12ei-13il- -7.67497081729 0.632936788549 4.1488
4fd6ee-6hl4il -8.02899092129 -0.114832039883 3.9396
4fd6hl12il6lh- -7.70925716095 0.641100203706 4.1899
4fe12ll13if-6aa -7.46544316158 0.54041808343 3.9601
4fi13da6ea-4eh -8.34790834011 0.14231553758 4.3835
4fi6aa-12df6li -8.55879656501 0.0718380533864 4.3793
4fi6al-4ll13dl -8.30437012593 0.587493777505 4.5952
4fl12ia-6ld-4eh- -8.20042263959 0.537152717367 4.3731
4fl13el-12ha-13fa- -6.82107759181 1.05144787229 4.0072
4fl13hh-6fa-4df- -7.72313496672 0.237555381085 4.1011
4fl6hi-6dh-6ia -8.54927258066 0.543139221815 4.5749
4ha12hl6hl12df -7.62163650492 0.238643836439 3.7291
4ha6ld6ia12fl- -8.51063241558 0.0772803301581 4.5167
4hd13ai-12li-6lf -7.28475957276 0.737972730242 3.9782
4he12al12de-4ah- -7.76422415634 0.312930914373 3.9349
4he12ff6he4fi- -7.6926582168 0.617426299749 4.0764
4he13li-13ii-12li- -7.23387428494 1.23648528253 4.4168
4he4da13li12el- -7.85266115388 0.329529858526 4.2038
4he4ih-4ad-6hl- -8.23688589397 0.451164744374 4.4086
4hf4ei4ha-6ie -8.19144288292 0.974439655973 4.3590
4hh12fh13dd-6if -7.88204944845 0.236194811892 3.9970
4hh12il-13ai13hl -7.11251151293 1.35866439605 4.2548
4hh6ee-4he6ld -7.93266262243 0.214969932482 4.1811
4hh6hl12fa6ia -7.61619422815 0.837294281326 4.1436
4hi12ah-4hi-6di -7.67170545122 0.597289875694 4.3478
4hi13hf-6da12li -7.69238610296 0.407898644039 4.0060
4hl6id12fi-6da- -8.39960996944 0.00108845535434 4.2221
4ia13di-4ha13dl -8.29783939381 0.577153451639 4.5956
4ia13ee-6fd-12hh -7.99960262672 0.219867981577 3.9852
4ia13hf-12ha6la -7.01264573417 0.884369975401 3.9796
4ia13li-4di-12if- -7.87143700875 0.41334092081 4.2455
4ia6ad-13af-6ah- -8.00341222046 0.0334700021459 4.0341
4id13fl-13de-13ae -7.73701277248 -0.124356024233 3.9076
4ie12df-4ii-4dh- -8.55852445117 0.386401650791 4.2832
4ie12ef-6ih4la -7.95252693264 0.544499791008 4.2967
4ie13fh6ae-13hl -7.36612161049 0.399735228881 3.8117
4ie6fd-6hd-13fh- -7.96368360003 -0.0908860220874 3.8547
4if12fh13fa12fl -6.82842466545 1.31512618188 4.0427
4ih12ef-6ee12if -7.83742277892 -0.0751034194494 3.9642
4ih12hd-12lh-4if -7.66000455617 0.367897909767 3.8906
4ih4fa4al-6eh- -8.1264076755 0.862328754476 4.3562
4ih4ih12ef-6ie -7.92205018272 0.531166212918 4.1555
4ii4de6dh-13ea- -8.45865867241 -0.0756476471266 4.2576
4ii4fl12da-6ei- -8.6461451072 0.272658066262 4.2464
4ii4ha-12hf-13ff- -7.17128810207 1.2645130079 4.2641
4ii4il12ha12eh -7.52802934445 0.870220055795 4.1286
4il12di6he-6hd -8.3541669584 0.0383680512405 4.1288
4il12ih-12ah13la- -6.85373125244 1.22696129818 4.1162
4la13af-4ed13fi -7.58925495813 -0.0519737431697 3.6914
4la6ie-6ld-12af- -8.62872982153 0.165717327698 4.3337
4ld12ee12da6al- -8.42464444259 -0.186397979431 4.0890
4ld13fd-12fl13eh -7.46381047855 0.211704566419 3.7208
4ld13if13al-13al- -6.84012556051 0.46912425772 3.8953
4le13fl-13dd13fd- -8.2349810971 0.345040347326 4.3238
4le13ie12ha6lh -7.09455199959 0.894438187429 3.9679
4le6le-13di-13al- -7.86681107349 0.363816202188 4.2779
4lh12ee-6hd-13ai -7.85048424317 0.0451708972051 3.8582
4li12ll12fl13ia -7.32856990077 1.1192042181 4.2309
4li4dd-13hi-12ed- -8.22464077123 -0.521642228567 3.7783
4li6dd-4hi-6le- -8.67526128793 -0.41143612394 4.4079
6aa12le-4ef12af- -8.12776824469 0.402184253428 4.2921
6aa4dd13aa12hf -7.62082016341 -0.516744179473 3.6103
6aa6fh-13ah12fe- -6.95876719413 0.274834976971 3.5989
6ad12af6fa4ha -8.18300735393 -0.304767499215 3.9586
6ad12fl-13ai-6hl -7.45156535581 -0.00408170757877 3.7209
6af13hi-12ah12fd -7.35550917079 0.876478674082 4.0684
6af4dd13la-12ha- -7.54544463012 -0.35184319329 3.5470
6ah6ed12ha13fh- -7.44122502994 0.0253065869884 3.5785
6ai4ad6hd-6fh -8.2836894742 -0.242453430179 4.0375
6ai6dh-13di6fi- -8.66056714064 0.0234017901183 4.2719
6al13ff-6af-12hl -7.43278950095 0.706951752644 4.0689
6dd6di-13af12fh- -7.56095511892 -0.848450948708 3.7229
6df12de13hf6af- -7.91633579211 -0.250616845337 3.8087
6df13dh6ha4fi -8.022732303 0.0557833369099 4.0598
6df6hd6fl4fh- -8.02109961997 -0.606269632367 3.7639
6dh12fi-12ea6fe- -8.23634166629 0.184765296399 4.1537
6dh13ia-13fl13ae -7.30979404591 0.742870779337 4.0920
6dh4ia13lh-13fe- -7.31278729813 0.853893225479 4.2979
6dh4ii-6ll6ad -9.01213822009 0.109389763111 4.6014
6dh6af12di6dd- -9.27826555423 -0.98260307113 4.4235
6dh6al-12ef12dh -8.17348336957 -0.0966004126976 4.0433
6di12he6ah13li -7.60449333309 0.290889693447 3.9148
6di13dd-12il-4he -8.13756434288 -0.0644909797446 4.2835
6di13fh-12eh6aa- -7.7533396028 0.276467660002 3.9175
6di6hi6dl-6hd -8.74927625202 -0.276195546164 4.2526
6dl12ae13ea-6hh- -7.58326845368 0.272658066262 3.9779
6dl4da-4ah-13fl -7.86490627662 0.146941472836 4.4778
6dl6aa-13ai6ii -7.90409066938 0.185853751753 4.2232
6ea13ae13de4fl- -7.99715360217 0.684366304041 4.3232
6ea13eh13aa-4ea- -7.21700322695 0.64028386219 3.9826
6ed12id12ai-6fh- -8.18083044322 -0.448171492149 3.9668
6ed13ie-13dd-6ie- -8.72179275432 -0.569806377997 4.2565
6ee4fe-12dd13dh- -8.60260689302 -0.530621985241 4.1116
6ee4ih13fa-4ld- -7.64313349817 0.326536606302 4.2622
6ef13al4fi-6fe- -7.93973758223 0.670488498273 4.3422
6ef6dl13hl13de- -7.94436351749 -0.151023180415 3.7856
6ef6ef-12ai-12ea- -8.44124338674 0.31918953266 4.2695
6ef6eh-4fd13id- -8.75852812253 -0.0794572408668 4.2983
6eh12hh-13eh-6el -7.3076171352 0.69225760536 3.9048
6eh6dh-4ia-6ae -8.84288341249 0.449259947504 4.3682
6eh6ei4fd-13le- -8.45620964786 0.38449685392 4.2649
6ei4fe-12hh-6hl- -7.4959199115 0.59620142034 3.9652
6el12ih-4aa-12hi- -7.19768314441 0.926547620382 4.1218
6el13ah-6hd12il- -7.59823471481 0.420415880614 3.9395
6el6fi4dh12if -8.26055979792 0.298236767089 4.3489
6fa4ef6fl-4fe- -8.32559500534 0.230480421281 4.3690
6fa6he-13ih-6ea- -7.43850389156 0.368170023605 3.8542
6fd12di13hi12ie -7.77157122999 -0.0285719530514 4.1109
6fd13df4ai-4di- -8.55199371905 -0.0487083771067 4.3117
6fd4fe-6ii13lh -7.79361245091 0.442729215378 4.3983
6fe13de-12ad-4fh- -8.15770076694 0.129798301005 4.2142
6fh13ah6de-13dh -7.72776090197 -0.29796465325 3.6302
6fh13dl-6fe12ae -8.17729296332 0.130342528682 4.0985
6fh4ei4id-12le -8.43307997159 0.533615237465 4.3282
6fi4da4al-12ei -8.51335355397 0.235650584215 4.3531
6fi6al-12ll-4ff- -7.74381561845 0.525723936146 4.2705
6fl12ii4el-12il -7.88177733461 0.7461361454 4.3706
6fl13di12lh13ld- -7.51959381546 0.269936927876 4.0240
6fl4hl12ha12dh -7.63524219685 0.50966921967 3.9877
6ha12if-12id-13ei- -7.90109741715 0.57878613467 4.2016
6ha13eh-6fd-13fe13li -7.50245064362 0.22503814451 3.7867
6he13da-12hh12fl -7.2836711174 0.739333299435 4.0561
6he13de13ll12de- -8.00858238339 0.229664079766 4.1419
6he4fh-13ii-6ha- -7.66599106061 1.09933990788 4.3603
6he6al-12he-6hf -7.36176778908 0.31918953266 3.7194
6hf12al-12ad-4eh -7.86844375652 0.439191735476 4.1260
6hf12ei13ea-13ef- -7.53428796274 0.578241906993 4.1158
6hf4dl-12li4fi -7.98626904863 0.37497286957 4.3209
6hh13fl-12aa6ai -7.13727387224 0.775524439967 3.8592
6hi12ed-13fe-4ia- -7.94245872062 0.683549962525 4.3050
6hi12ei-12fe13hd -7.56803007872 0.78831379038 4.0636
6hi13ed6ha12dl -8.35035736466 -0.161091392442 4.1525
6hi13hl-12al6ii -7.17917940339 0.970902176071 4.0183
6hi6ae-12eh12la- -8.12341442328 0.456062793468 4.2861
6hi6ai-12fa6fa -8.13157783843 0.508580764315 4.3527
6hi6hd-4hf-4hi -7.89211766048 0.462593525594 4.2950
6hl12aa4le4ai- -7.53347162122 0.719468989219 4.1283
6ia12ha4fd-6fi -8.07933198142 0.154832774155 4.1938
6id13el-13ah-4dd -7.80395277678 -0.389667016854 3.6123
6id6df-4if-4fd -9.28479628636 -0.125716593426 4.6147
6if12ff-12de12dl -8.34654777092 -0.32490392327 3.8584
6if13aa-12ia-13il- -7.21564265776 0.910765017744 4.1091
6if13di-12ii-6fi -8.22681768194 0.49796832461 4.4477
6if4ai-6aa-4eh- -8.32586711918 0.55756125526 4.3881
6ih6dl12dh-6hh -7.62190861876 -0.320550101853 3.7219
6ii6hf6fe6ha- -8.03443319806 -0.0514295154925 3.9130
6il13ad4de12di -8.53675534409 -0.481097266618 4.2068
6il13ie-6id4he -8.03089571816 0.300413677798 4.2717
6la12fh12fi-4de- -7.66626317445 -0.170071149116 3.9631
6la12ha13ff13ef- -7.18870338774 0.80763387292 3.8987
6ld12ae12ee-13fh -7.57619349388 -0.0476199217524 3.8408
6ld12fd13dh-6df -8.63281152911 -0.625861828745 3.8648
6ld13ia6ad-13he -7.92177806888 -0.0375517097247 3.8043
6le6fd-12ha-6ff- -8.09429824255 -0.400551570397 3.6663
6lf12ee-12hd-4ed -8.05048791453 -0.501777918351 3.8466
6lf4ae-13aa4fi -7.5840847952 0.394020838271 4.0222
6lf4ia12el4ii -8.19688515969 0.437014824767 4.3177
6lh13dd-6fa6hd -8.661655596 -0.436198483252 4.0257
6li12ai-13fi12ed- -7.52802934445 0.521642228567 3.9788
6ll12eh13ai4fh- -6.98842760254 0.743687120853 3.9140
6ll13al-12if13de -7.32530453471 0.525723936146 3.8155
6ll13id6ei13ea- -7.9846363656 0.168982693761 4.1189
