1212 -5.32200245504 -0.448171492149 4.7428
1212- -5.33343123626 -0.444906126086 4.7488
1212-12 -5.00553406077 -0.876206560243 3.9204
1212-1212- -4.83627925317 -1.10777543688 3.4691
1212-124- -4.90049811908 -1.16981739208 3.4473
1212-13-8 -5.20009545536 -2.52957024349 2.1596
1212-4 -5.1157401654 -0.989950144772 3.8738
1212-4-13 -4.90757307888 -1.08410153292 3.5279
1212-413 -4.8259389273 -1.10859177839 3.4598
1212-5 -5.0656712191 -1.10097259091 3.7236
1212-5- -5.04743959191 -1.10124470475 3.7152
1212-55- -4.95219974841 -1.50506164121 3.1790
1212-58- -5.3802348165 -2.64494651105 2.1909
1212-8-13 -5.40635774501 -2.40330942238 2.1978
1212128- -5.29261416048 -2.51569243772 2.1741
121213 -4.75763835382 -0.685998987073 3.8524
121213- -4.74403266189 -0.623140690359 3.8904
1212134 -4.69369160175 -0.8653220067 3.5232
12124-4 -5.07846056951 -1.11294559981 3.6672
12125 -5.02430991563 -1.07212852402 3.7338
12125-12 -4.88253860573 -1.34233756574 3.2907
121254- -4.97532942469 -1.2454650392 3.4338
12128-13- -5.39166359772 -2.37201633094 2.1955
12128-5- -5.55928572229 -2.4683446298 2.1869
1213 -4.97777844923 -0.0887091113787 4.7257
1213- -4.99492162106 -0.0726543949022 4.7519
1213-12 -4.76362485827 -0.582867842249 3.9814
1213-125- -4.68716086963 -1.0691352718 3.3299
1213-13 -4.71273957045 -0.22884773825 4.1865
1213-13- -4.78185648545 -0.238915950278 4.2331
1213-13-4 -4.75546144311 -0.522458570083 3.8055
1213-13-5 -4.74076729583 -0.697699882132 3.6457
1213-13-8- -5.1228151252 -2.57038731927 2.0803
1213-134- -4.6757320884 -0.533615237465 3.7454
1213-4 -4.92389990919 -0.601643697111 3.9897
1213-4-5 -4.91492015252 -1.03430470046 3.5277
1213-48- -5.17832634827 -2.63542252669 2.1292
1213-8 -5.52255035408 -2.56222390412 2.2006
121312 -4.71246745661 -0.545044018686 3.9786
121312- -4.73831827128 -0.565180442741 3.9775
121313-8 -4.97424096933 -2.47895706951 2.0046
12131313- -4.5995402136 -0.31157034518 3.9115
1213135 -4.71790973339 -0.631031991678 3.6665
12135- -4.80498616173 -0.836205825971 3.7367
12138 -5.50758409296 -2.52031837297 2.1995
12138- -5.50758409296 -2.52031837297 2.1995
12138-13- -5.17914268979 -2.36711828185 2.2241
124 -5.56663279593 -0.674025978175 4.6782
124- -5.56663279593 -0.674025978175 4.6782
124-12 -5.2145174888 -1.05825071826 3.9593
124-128- -5.52880897237 -2.57800650675 2.1779
124-13 -5.07165772355 -0.84028753355 3.9433
124-13- -5.07437886193 -0.839471192034 3.9426
124-5 -5.40662985884 -1.10532641233 4.0212
124-5-12- -5.12417569439 -1.30288105914 3.5152
124-8- -5.89616265446 -2.62807545305 2.1331
124-812 -5.7103089027 -2.46045332848 2.1350
124-85 -5.73643183121 -2.51623666539 2.1463
12413 -5.07165772355 -0.84028753355 3.9433
12413- -5.07437886193 -0.839471192034 3.9425
12413-4- -4.95900259437 -0.988045347902 3.6256
12413-5 -4.97097560327 -1.02586917147 3.5932
1244 -5.4564266913 -0.960017622528 4.2124
1244- -5.4564266913 -0.960017622528 4.2124
1244-12- -5.29451895735 -1.12301381184 3.8390
1244-4- -5.4218682338 -1.08981592353 3.9920
1248- -5.89616265446 -2.62807545305 2.1331
125 -5.42513359987 -0.832396232231 4.4066
125- -5.4387392918 -0.837022167487 4.3942
125-12 -5.0953316275 -1.22260747676 3.6636
125-124 -4.97777844923 -1.39975358568 3.3072
125-13 -4.87083771067 -1.02478071611 3.6142
125-13- -5.00526194693 -0.984779981839 3.7267
125-13-8 -5.27084505339 -2.55841431038 2.2016
125-135- -4.91682494939 -1.14940885418 3.4259
125-4 -5.27002871187 -1.15920495237 3.8239
125-4- -5.27002871187 -1.15947706621 3.8237
125-412- -5.14812171219 -1.30369740066 3.5247
125-413 -5.07818845567 -1.20492007725 3.5331
125-5 -5.16526488402 -1.39322285355 3.5372
125-8 -5.81262370601 -2.65501472307 2.1873
125-84- -5.65887938721 -2.52385585288 2.1501
125128 -5.36880603528 -2.55106723673 2.1778
12513- -4.98594186439 -0.948860955146 3.7386
125138- -5.36064262012 -2.55188357825 2.1988
1255 -5.12363146672 -1.37471911253 3.5381
1258-5- -5.61615751455 -2.52031837297 2.1962
128 -6.28283641909 -2.66671561813 2.1710
128- -6.28283641909 -2.66671561813 2.1710
128-12- -6.08038372318 -2.48439934628 2.1734
128-12-8- -6.33344959306 -2.815289774 2.1716
128-124 -5.70513873977 -2.4492966611 2.1802
128-13 -5.76663646729 -2.42861600937 2.1993
128-4 -6.07711835712 -2.51215495782 2.1329
128-4-4 -6.05398868084 -2.49147430608 2.1357
128-5- -6.14569104444 -2.54480861845 2.1848
128-512- -5.60037491192 -2.49528389982 2.1922
128-54- -5.8879992393 -2.49174641992 2.1857
128-84- -6.07847892631 -2.91161807286 1.9461
12812-12- -5.53071376924 -2.41147283754 2.1770
12813 -5.76663646729 -2.42861600937 2.1993
12813- -5.76663646729 -2.43324194463 2.1929
12813-4 -5.52391092327 -2.41501031744 2.1955
1284 -6.07711835712 -2.51215495782 2.1329
1284-13 -5.44989595918 -2.452834141 2.1357
12844- -6.05426079468 -2.49174641992 2.1357
1285 -6.14677949979 -2.54099902471 2.1856
12858- -6.36719170905 -2.86073278504 2.1818
1288- -6.2871902405 -3.10236987371 1.9622
1312 -4.97777844923 -0.0887091113787 4.7257
1312- -4.99546584874 -0.0718380533864 4.7530
1312-12 -4.77124404575 -0.634841585419 3.8987
1312-12- -4.74403266189 -0.623140690359 3.8904
1312-13- -4.58511818016 -0.418783197582 3.9269
1312-134- -4.58539029399 -0.671576953628 3.5692
1312-4 -4.8583204741 -0.788585904219 3.7869
1312-4- -4.8583204741 -0.788585904219 3.7869
1312-5 -4.82566681346 -0.915663066838 3.6396
1312-55 -4.74784225563 -1.39159017052 3.0854
1312-8 -5.44173254402 -2.49038585073 2.1774
1312-8- -5.44173254402 -2.49038585073 2.1774
1312-8-4 -5.31166212918 -2.37582592468 2.1371
1312-813- -5.16907447776 -2.31024648959 2.2036
131212- -4.78104014394 -0.698244109809 3.8612
13121313- -4.50538882545 -0.502594259866 3.6767
13124 -4.86376275087 -0.860151843767 3.7355
13124- -4.86376275087 -0.860151843767 3.7355
131244 -4.84471478217 -1.06178819816 3.4823
131244- -4.84471478217 -1.06178819816 3.4823
13125 -4.81968030902 -0.989950144772 3.5829
13125- -4.8308369764 -0.985324209516 3.5909
131285- -5.29261416048 -2.47814072799 2.1943
131288- -5.6235045882 -2.98481669544 1.9673
1313 -4.98267649833 0.659876058568 5.2731
1313- -4.71137900126 0.345040347326 4.8633
1313-12 -4.71273957045 -0.229119852088 4.1864
1313-12-13- -4.37722320748 -0.60382060782 3.4897
1313-124 -4.65913314425 -0.825593386267 3.5027
1313-13- -4.67301095002 0.226398713703 4.5154
1313-5 -4.8224014474 -0.537969058882 3.9010
1313-813 -5.09152203376 -2.34480494709 2.2135
1313-84 -5.12254301136 -2.37147210327 2.1604
131312- -4.78158437161 -0.238643836439 4.2329
131312-5 -4.70756940752 -0.966548354654 3.4250
1313128- -5.05968471465 -2.56630561169 2.0249
131313- -4.67301095002 0.226398713703 4.5154
131313-8 -5.04689536423 -2.50807325024 2.0759
13131312 -4.67165038083 -0.325448150948 3.9768
13134 -4.90947787575 -0.387762219983 4.0906
13134- -4.90947787575 -0.387762219983 4.0906
13135- -4.88743665482 -0.58259572841 3.9244
131355- -4.85287819732 -1.13988486983 3.3392
13138-12- -5.25506245075 -2.41582665896 2.1958
13138-5- -5.2836344038 -2.47569170345 2.2109
134 -5.18458496656 -0.411164010102 4.5236
134- -5.26839602884 -0.286263758191 4.5360
134-12- -5.07437886193 -0.839471192034 3.9425
134-128 -5.34486001748 -2.58208821433 2.1781
134-13- -4.9775063354 -0.539873855752 4.0843
134-13-13- -4.77668632252 -0.659876058568 3.7414
134-13-5 -4.90947787575 -0.845729810322 3.6798
134-412- -5.1454005738 -1.01743364247 3.7685
134-5- -5.21179635042 -0.8998804642 3.9532
134-8 -5.53670027369 -2.57365268534 2.1343
134-8- -5.53670027369 -2.57365268534 2.1343
134-8-13- -5.3111179015 -2.37990763226 2.1594
13412-8- -5.34758115587 -2.5720200023 2.1782
13413 -5.00390137774 -0.542867107977 4.1077
1341312- -4.8082515278 -0.75566012975 3.6906
1344 -5.22703472538 -0.739877527112 4.1047
1345- -5.04635113656 -1.11376194133 3.6984
13454- -5.1489380537 -1.14233389438 3.6389
1348 -5.53670027369 -2.57365268534 2.1343
1348- -5.53670027369 -2.57365268534 2.1343
1348-8 -5.67738312824 -3.0155655592 1.9433
135 -5.08499130164 -0.592663940438 4.2780
135- -5.09859699357 -0.56926215032 4.2853
135-12- -4.97941113227 -0.950221524339 3.7350
135-13- -4.91002210343 -0.656882806344 3.8866
135-13-12- -4.53586557537 -1.01607307328 3.2691
135-4 -5.13614870329 -0.897431439653 3.8662
135-4-8 -5.34622058668 -2.65283781236 2.1339
135-5- -5.13941406935 -0.993215510835 3.7795
135-5-13 -4.97043137559 -1.04464502633 3.5170
135-58 -5.39438473611 -2.64984456014 2.1865
135-8- -5.60282393646 -2.60521789061 2.1860
135-8-4- -5.48200539213 -2.47922918335 2.1466
13512 -4.98186015681 -0.969813720717 3.7227
13512- -5.00526194693 -0.984779981839 3.7267
13512-4- -4.92526047839 -1.23349203031 3.3708
13513- -4.90974998959 -0.656882806344 3.8865
13513-13 -4.75246819089 -0.711033460222 3.6229
1354 -5.14703325683 -0.918656319063 3.8453
1358 -5.60064702575 -2.63161293295 2.1892
138 -6.15848039485 -2.58072764514 2.1969
138- -6.15848039485 -2.58072764514 2.1969
138-12 -5.76663646729 -2.42861600937 2.1993
138-125 -5.45343343908 -2.40031617016 2.2052
138-13 -5.53234645227 -2.38453356752 2.2156
138-13- -5.52989742772 -2.39813925945 2.2220
138-1312 -5.18703399111 -2.35650584215 2.2200
138-4 -5.88691078395 -2.45854853161 2.1556
138-5-4 -5.66595434702 -2.45201779949 2.2071
138-5-5- -5.63928719083 -2.47977341102 2.2089
138-8- -6.21671275631 -3.02019149445 1.9732
13812 -5.76663646729 -2.42861600937 2.1993
13812-13 -5.15900626573 -2.31568876636 2.1970
13812-13- -5.16363220099 -2.38752681974 2.2038
1381313- -5.10512772569 -2.33201559667 2.2181
1384 -5.88691078395 -2.45854853161 2.1556
1384-5- -5.74214622182 -2.46535137758 2.1590
1385- -5.81507273056 -2.49256276144 2.2080
1385-13- -5.22050399325 -2.40984015451 2.2130
1388 -6.21698487015 -3.02046360829 1.9732
1388- -6.21671275631 -3.02019149445 1.9732
1388-12- -6.01507640192 -2.81256863561 1.9776
412 -5.56663279593 -0.674025978175 4.6782
412- -5.56663279593 -0.674025978175 4.6782
412-12-13 -4.68307916205 -1.00301160902 3.3707
412-13 -4.8583204741 -0.788585904219 3.7869
412-4 -5.2610489552 -1.07158429635 3.9081
412-5 -5.18540130807 -1.16600779834 3.7563
412-5-8- -5.48527075819 -2.61392553345 2.1871
41212 -5.09723642437 -0.963827216268 3.8929
41213 -4.86376275087 -0.860151843767 3.7355
41213-5 -4.82321778892 -1.00600486125 3.4833
4121312 -4.65750046122 -0.98641266487 3.3760
4124- -5.2610489552 -1.07158429635 3.9081
41248- -5.53016954156 -2.62807545305 2.1357
4128 -5.98024583058 -2.60630634597 2.1773
412812 -5.70513873977 -2.4492966611 2.1802
413 -5.26839602884 -0.287352213546 4.5367
413- -5.26839602884 -0.28653587203 4.5364
413-12 -4.92362779536 -0.60191581095 3.9893
413-12- -4.8689329138 -0.599738900241 3.9673
413-13 -4.82321778892 -0.37687766644 4.0323
413-13-8 -5.27411041945 -2.55106723673 2.1983
413-4- -5.09369894447 -0.592119712761 4.1082
413-55 -5.01369747593 -1.07158429635 3.5543
41312 -4.8689329138 -0.599738900241 3.9673
41312-5- -4.77015559039 -1.02178746389 3.4312
41313 -4.88036169502 -0.432388889511 4.0585
41313- -4.82294567508 -0.377149780279 4.0321
41313-5- -4.75627778463 -0.667495246049 3.6784
4135 -5.09642008286 -0.685182645557 4.0164
4135- -5.07410674809 -0.750217852979 3.9522
413512- -4.94185942254 -1.06342088119 3.5153
4138- -5.78568443599 -2.54698552915 2.1983
4138-8- -5.97643623684 -2.91624400811 2.1028
44 -6.13997665383 -0.543683449493 5.1474
44- -6.13997665383 -0.543683449493 5.1474
44-12 -5.4564266913 -0.960017622528 4.2124
44-124 -5.21370114729 -1.18559999471 3.6999
44-13 -5.23138854679 -0.697427768293 4.1436
44-4 -5.86350899383 -0.850899973255 4.6094
44-4-12- -5.4218682338 -1.08981592353 3.9919
44-5-12- -5.23166066063 -1.21607674464 3.6894
44-8- -6.23467226966 -2.66535504894 2.1327
44-813 -5.81099102298 -2.44358227049 2.1580
44-84 -6.03956664739 -2.51950203146 2.0960
4412- -5.4564266913 -0.960017622528 4.2124
441212- -5.07900479719 -1.15784438318 3.6222
4413- -5.23138854679 -0.697427768293 4.1436
4413-13 -4.79029201445 -0.774435984613 3.6431
444 -5.86350899383 -0.850899973255 4.6094
444- -5.86350899383 -0.850899973255 4.6095
4445- -5.65534190731 -1.08791112666 4.1545
445 -5.70840410583 -1.00165103983 4.3280
445-4- -5.47411409081 -1.20900178483 3.8733
445-8- -6.01997445101 -2.64739553559 2.1841
448 -6.23467226966 -2.66535504894 2.1327
448-8- -6.37535512421 -3.03134816184 2.0889
4485 -6.11603063603 -2.54752975683 2.1461
45 -5.86813492908 -0.774708098451 4.7368
45- -5.86813492908 -0.77498021229 4.7365
45-12 -5.27002871187 -1.15947706621 3.8236
45-13- -5.14648902916 -0.918656319063 3.8451
45-413- -5.1658091117 -1.15076942338 3.6458
45-48- -5.79901801408 -2.67814439935 2.1333
45-5 -5.37696945044 -1.29934357924 3.7708
45-5- -5.52635994782 -1.14478291893 4.0089
45-8 -6.2074608858 -2.65773586146 2.1863
45-8- -6.2074608858 -2.65746374762 2.1862
45124- -5.08798455386 -1.2968945547 3.4688
4513- -5.13587658945 -0.897431439653 3.8660
4513-13 -4.81559860144 -0.923554368157 3.4670
455 -5.52608783398 -1.1453271466 4.0084
455- -5.37642522276 -1.30179260379 3.7702
4554- -5.39547319146 -1.26641780477 3.7126
4555- -5.30621985241 -1.40220261023 3.5381
4558 -5.77207874406 -2.66072911368 2.1864
458 -6.2074608858 -2.65746374762 2.1862
458- -6.2074608858 -2.65746374762 2.1862
48 -6.26895861332 -2.70072984796 2.1302
48- -6.26895861332 -2.70072984796 2.1302
48-12 -6.07602990176 -2.51161073014 2.1325
48-12- -6.07602990176 -2.51161073014 2.1325
48-1212 -5.59030669989 -2.43786787988 2.1356
48-1212- -5.60445661949 -2.46752828829 2.1369
48-1213 -5.3111179015 -2.44630340888 2.1430
48-13 -5.88691078395 -2.45854853161 2.1556
48-4 -6.05834250225 -2.53963845551 2.0934
48-44- -6.03956664739 -2.51950203146 2.0960
48-5 -6.14269779222 -2.57038731927 2.1445
48-5-8- -6.36283788763 -2.88331823365 2.1437
48-513 -5.36526855538 -2.47215422354 2.1510
48-88 -6.36664748137 -3.52577900654 1.8523
4812 -6.07602990176 -2.51161073014 2.1325
4812- -6.07602990176 -2.51161073014 2.1325
4813- -5.88691078395 -2.45854853161 2.1556
4813-12- -5.35628879871 -2.4182756835 2.1586
485 -6.14269779222 -2.57038731927 2.1445
485- -6.14269779222 -2.57038731927 2.1445
488 -6.29589788334 -3.13774467272 1.9422
488-12- -6.07820681247 -2.91161807286 1.9461
512 -5.42458937219 -0.832940459908 4.4056
512- -5.4387392918 -0.837022167487 4.3942
512-12 -5.0656712191 -1.10124470475 3.7235
512-12- -5.04090885979 -1.07539389009 3.7371
512-12-13- -4.69858965085 -1.18070194562 3.2240
512-12-4- -4.92335568152 -1.27131585387 3.3512
512-124- -4.94485267477 -1.28737057035 3.3669
512-13- -4.8308369764 -0.985324209516 3.5909
512-48 -5.44799116231 -2.63542252669 2.1348
512-5 -5.12934585733 -1.24927463294 3.6300
512-8-5 -5.64091987387 -2.51569243772 2.1894
51212- -5.04743959191 -1.10124470475 3.7152
51213- -4.80553038941 -0.911853473098 3.6338
51213-12 -4.66974558396 -1.06750258877 3.3211
512138 -5.22268090396 -2.50916170559 2.1967
5124 -5.16961870544 -1.16355877379 3.7507
5124- -5.16907447776 -1.16383088763 3.7500
5124-8 -5.43166433199 -2.61909569638 2.1357
5125- -5.10839309175 -1.24709772223 3.6208
51254 -5.03410601382 -1.34070488271 3.3870
513 -5.08499130164 -0.592663940438 4.2780
513- -5.09859699357 -0.56926215032 4.2853
513-12 -4.82838795185 -0.866682575893 3.7228
513-12- -4.80498616173 -0.836205825971 3.7367
513-1213 -4.59736330289 -0.828042410814 3.4384
513-13 -4.82267356124 -0.537696945044 3.9015
513-13- -4.88743665482 -0.58259572841 3.9244
513-1312 -4.65287452596 -0.657971261698 3.6225
513-4- -5.07383463425 -0.750217852979 3.9521
513-4-5 -5.06539910526 -1.06233242584 3.6206
513-48 -5.21478960264 -2.60276886606 2.1337
513-5- -5.06594333294 -0.843008671936 3.8594
513-512- -4.91682494939 -1.14940885418 3.4258
513-8 -5.60500084717 -2.58480935272 2.2005
51312 -4.88879722402 -0.694434516069 3.8668
51312- -4.93886617032 -0.718924761541 3.8749
513124 -4.71627705035 -1.12056478729 3.3016
51313 -4.88852511018 -0.564908328902 3.9195
51313- -4.82158510589 -0.536880603528 3.8919
5134 -5.08798455386 -0.734163136502 3.9672
5134- -5.08798455386 -0.734163136502 3.9673
5135 -5.08145382173 -0.821511678688 3.8826
5135- -5.0656712191 -0.843280785775 3.8593
5135-4- -5.00090812551 -1.07022372715 3.5472
5138-12- -5.37152717367 -2.4337861723 2.1990
5138-5 -5.39873855752 -2.48494357396 2.2125
54 -5.86813492908 -0.77498021229 4.7365
54- -5.86813492908 -0.774708098451 4.7368
54-13 -5.22757895305 -0.909404448551 3.9559
54-13-8- -5.64554580912 -2.56004699341 2.1991
54-1312- -4.93560080425 -1.053624783 3.5225
54-4 -5.71330215493 -1.02423648843 4.3121
54-4-12 -5.41370481865 -1.18940958845 3.8718
54-4-5- -5.60445661949 -1.20791332948 3.9927
54-44 -5.66214475327 -1.10995234759 4.1388
54-5-13 -5.11247479933 -1.20818544332 3.5395
54-55- -5.41016733875 -1.38397098304 3.6563
54-8- -6.0333080291 -2.66236179671 2.1347
54-8-4- -5.98623233503 -2.53963845551 2.0970
5412-12 -5.0798211387 -1.27430910609 3.5120
5412-12- -5.09968544892 -1.2348525995 3.5649
5413 -5.22757895305 -0.909404448551 3.9558
541313- -4.80634673093 -0.95566380111 3.4944
544 -5.71330215493 -1.02423648843 4.3121
544-13 -5.2335654575 -1.05607380755 3.8015
545 -5.63520548325 -1.15457901712 4.1206
545- -5.63166800335 -1.15866072469 4.1146
545-5- -5.4338412427 -1.36927683576 3.6872
545-8- -5.90133281739 -2.66780407349 2.1841
548 -6.0333080291 -2.66236179671 2.1347
548- -6.0333080291 -2.66236179671 2.1347
548-12 -5.92201346912 -2.51324341317 2.1362
54812 -5.92174135528 -2.51297129933 2.1363
55 -5.54758482723 -1.11893210426 4.1895
55- -5.56227897451 -1.11702730739 4.1949
55-13 -5.14159098006 -1.05961128745 3.6919
55-4 -5.46241319575 -1.20954601251 3.9127
55-4- -5.46268530959 -1.20954601251 3.9127
55-5 -5.44717482079 -1.31267715733 3.7727
55-5- -5.43220855967 -1.29526187166 3.8005
55-8 -5.91357794013 -2.67406269177 2.1863
55-8- -5.91357794013 -2.67406269177 2.1863
55-8-4- -5.75112597849 -2.54317593541 2.1493
55-88 -6.06623380357 -3.06862775772 1.9716
5512 -5.12335935288 -1.37499122637 3.5378
5512- -5.14648902916 -1.39322285355 3.5296
551212- -4.90974998959 -1.49063960777 3.1627
5513- -4.91355958333 -1.22614495666 3.4445
5513-4- -5.0142417036 -1.10151681859 3.5269
555- -5.22159244861 -1.52138847153 3.4597
555-5- -5.37696945044 -1.42043423741 3.5496
558 -5.90051647588 -2.66481082126 2.1891
558- -5.90051647588 -2.66481082126 2.1891
558-4- -5.91085680174 -2.54916243986 2.1457
558-5- -5.69915223532 -2.55514894431 2.1980
58 -6.35195333409 -2.72658066262 2.1846
58- -6.3527696756 -2.72739700414 2.1849
58-12 -6.14677949979 -2.54099902471 2.1856
58-13-8 -6.15793616718 -2.80930326955 2.1948
58-134- -5.55928572229 -2.46643983293 2.2097
58-4 -6.14269779222 -2.57038731927 2.1445
58-4- -6.14269779222 -2.57038731927 2.1445
58-4-5 -5.95085753601 -2.56684983937 2.1469
58-48 -6.33453804842 -2.83406562886 2.1325
58-5 -6.21371950409 -2.59514967858 2.1946
58-5- -6.21371950409 -2.60140829687 2.1972
58-54- -5.92555094903 -2.54671341532 2.1963
58-55 -5.70024069068 -2.55514894431 2.2000
58-58- -6.42787309505 -2.88005286758 2.1820
58-8-13- -6.05643770538 -2.85039245918 1.9844
5812-5- -5.62377670203 -2.49555601366 2.1882
5812-8 -6.39521943442 -2.82807912441 2.1714
5813-4- -5.49044092113 -2.49310698911 2.2130
581313- -5.22785106689 -2.41990836654 2.2086
584 -6.14269779222 -2.57038731927 2.1445
584-8- -6.33426593458 -2.83406562886 2.1325
585- -6.21371950409 -2.60140829687 2.1972
588-13 -6.05262811164 -2.84903188998 1.9828
588-4 -6.11494218068 -2.94590441652 1.9511
812 -6.28310853293 -2.66671561813 2.1710
812- -6.28283641909 -2.66671561813 2.1710
812-12- -5.7533028892 -2.56521715634 2.1759
812-12-12- -5.29234204664 -2.51569243772 2.1741
812-12-5 -5.37098294599 -2.5720200023 2.1759
812-12-8 -6.0678664866 -2.72848545949 2.1704
812-1212- -5.35520034335 -2.58807471878 2.1773
812-124- -5.47547466001 -2.59406122323 2.1782
812-13- -5.44445368241 -2.56467292866 2.1835
812-4-13- -5.34486001748 -2.58208821433 2.1782
812-5- -5.83058321936 -2.59542179242 2.1765
812-5-8- -6.11194892846 -2.80358887894 2.1767
812-8 -6.54978009474 -2.94209482278 2.1723
81212 -5.7533028892 -2.56521715634 2.1759
81212-13- -5.12145455601 -2.56793829473 2.1165
8128- -6.5495079809 -2.94209482278 2.1723
8128-12 -6.33562650377 -2.80957538339 2.1716
813 -6.15902462253 -2.58127187282 2.1966
813- -6.15902462253 -2.58127187282 2.1966
813-12 -5.52282246792 -2.56222390412 2.2005
813-12- -5.50758409296 -2.52031837297 2.1995
813-13 -5.24717114943 -2.46371869455 2.2015
813-1313 -5.04689536423 -2.50807325024 2.0759
813-4-4- -5.69534264158 -2.54018268319 2.1986
813-5 -5.60500084717 -2.58508146656 2.2005
813-5- -5.72037711473 -2.57773439291 2.1990
813-513 -5.30431505554 -2.58099975898 2.1995
813-8 -6.53943976887 -2.91461132508 2.1944
813-8- -6.53943976887 -2.91461132508 2.1944
813-8-5- -6.15766405334 -2.80712635884 2.1961
813-85 -6.15793616718 -2.80903115571 2.1948
81312 -5.5078562068 -2.52031837297 2.1994
81312- -5.52282246792 -2.56222390412 2.2005
81312-13- -4.991656255 -2.55759796886 1.9772
81313 -5.42404514451 -2.54399227693 2.1993
81313- -5.37288774286 -2.49555601366 2.1986
81313-5 -5.24091253115 -2.54045479703 2.1967
8131312 -5.07410674809 -2.53501252026 2.0682
8131313- -4.79655063274 -2.45609950707 1.8610
813138 -5.79956224176 -2.74807765587 2.1991
8134 -5.78595654983 -2.54698552915 2.1982
8134- -5.78595654983 -2.54725764299 2.1983
8135 -5.72064922857 -2.57800650675 2.1991
8135-4 -5.56064629148 -2.57773439291 2.1992
8138-5 -6.15766405334 -2.80712635884 2.1961
81388 -6.4493700883 -3.25257671261 1.9744
84 -6.26895861332 -2.70072984796 2.1302
84- -6.26895861332 -2.70072984796 2.1302
84-12 -5.89697899597 -2.6269869977 2.1326
84-12- -5.89697899597 -2.6269869977 2.1326
84-128 -6.23113478976 -2.80222830975 2.1355
84-13 -5.58513653696 -2.61637455799 2.1326
84-13- -5.58513653696 -2.61637455799 2.1326
84-13-4 -5.35547245719 -2.62100049325 2.1320
84-4- -6.23467226966 -2.66535504894 2.1327
84-4-12 -5.65452556579 -2.65419838156 2.1323
84-4-8 -6.36283788763 -2.79379278075 2.1330
84-5 -6.0333080291 -2.66236179671 2.1347
84-5- -6.03303591527 -2.66236179671 2.1347
84-512- -5.49180149032 -2.68385878996 2.1335
84-513- -5.34622058668 -2.65256569853 2.1339
84-55- -5.69153304784 -2.69637602654 2.1343
84-8 -6.47222765074 -2.94345539197 2.1322
84-8- -6.47222765074 -2.94345539197 2.1322
8412 -5.89697899597 -2.6269869977 2.1326
8412- -5.89697899597 -2.6269869977 2.1326
8413-8 -6.01779754031 -2.81610611552 2.1347
844- -6.23630495269 -2.66644350429 2.1331
84412 -5.65452556579 -2.65419838156 2.1323
8448- -6.36283788763 -2.79379278075 2.1330
845 -6.0333080291 -2.66236179671 2.1347
845- -6.0333080291 -2.66236179671 2.1347
8454- -5.79901801408 -2.67814439935 2.1333
848- -6.47222765074 -2.94345539197 2.1322
848-5- -6.33426593458 -2.83406562886 2.1325
848-8- -6.45535659275 -3.30645525265 1.9446
84812- -6.27684991464 -2.81719457087 2.1320
85 -6.35113699257 -2.72576432111 2.1848
85- -6.3527696756 -2.72739700414 2.1848
85-13 -5.6030960503 -2.60521789061 2.1861
85-13- -5.60146336727 -2.63161293295 2.1892
85-134- -5.38322806873 -2.60249675223 2.1857
85-138 -5.90133281739 -2.8103917249 2.1898
85-4- -6.2074608858 -2.65773586146 2.1863
85-5 -5.91330582629 -2.67406269177 2.1865
85-5-4 -5.80173915247 -2.66617139045 2.1855
8512 -5.80309972166 -2.62562642851 2.1868
85124 -5.48527075819 -2.61419764729 2.1871
85125 -5.39411262227 -2.59895927232 2.1869
8513 -5.60091913959 -2.63188504679 2.1892
8513- -5.6030960503 -2.60521789061 2.1861
854 -6.2074608858 -2.65746374762 2.1862
854- -6.07031551115 -2.66481082126 2.1875
854-4 -6.01181103586 -2.64712342175 2.1833
854-8 -6.40120593887 -2.84195693018 2.1345
854-8- -6.40120593887 -2.84168481634 2.1345
85513 -5.3886703455 -2.66834830116 2.1866
858 -6.57671936476 -2.99134742756 2.1824
858- -6.57671936476 -2.99134742756 2.1824
858-8- -6.49807846541 -3.40087875463 1.9684
88 -6.56637903889 -3.37638850916 1.9596
88- -6.56637903889 -3.37638850916 1.9596
88-13 -6.21698487015 -3.02046360829 1.9732
88-13- -6.21698487015 -3.02046360829 1.9732
88-13-12 -5.72119345625 -2.97066677583 1.9750
88-1312- -5.72119345625 -2.97066677583 1.9749
88-4 -6.29589788334 -3.13774467272 1.9422
88-4-8 -6.45535659275 -3.30645525265 1.9446
88-48- -6.45535659275 -3.30645525265 1.9446
88-5- -6.33100056852 -3.13720044505 1.9695
88-5-12- -5.9620142034 -3.02699434042 1.9692
88-5-5- -6.20446763357 -3.02917125113 2.0797
88-8 -6.59903269952 -3.71190487214 1.8527
88-8- -6.59903269952 -3.71190487214 1.8527
88-84- -6.36637536753 -3.52577900654 1.8522
8813-5- -5.77969793154 -2.97148311735 1.9769
