1212 -6.70270807202 0.833756801424 4.9652
1212- -6.71332051173 0.837838509003 4.9778
1212-12 -6.31304105517 0.339598070554 4.2391
1212-1212- -6.10405762714 0.0718380533864 3.8536
1212-124- -6.15494291495 0.00789130131896 3.8576
1212-13-8 -6.41263472009 -1.24600926688 2.4109
1212-4 -6.40746455716 0.210343997226 4.2340
1212-4-13 -6.18786868942 0.0625861828745 3.9702
1212-413 -6.09099616288 0.0198643102167 3.8758
1212-5 -6.36746382289 0.0827226069298 4.0751
1212-5- -6.34732739883 0.0797293547054 4.0637
1212-55- -6.21644064247 -0.392932382917 3.5887
1212-58- -6.60774034236 -1.35730382686 2.4031
1212-8-13 -6.68556490019 -1.13525893458 2.4051
1212128- -6.52039180017 -1.22532861515 2.3898
121213 -6.05752616074 0.520009545536 4.2041
121213- -6.04555315184 0.588582232859 4.2348
1212134 -5.94214989318 0.327897175495 3.9422
12124-4 -6.35358601712 0.0568717922642 4.1069
12125 -6.32446983639 0.10966187695 4.0795
12125-12 -6.15167754889 -0.215242046321 3.6726
121254- -6.24936641694 -0.0946956158275 3.8528
12128-13- -6.67114286675 -1.10233316011 2.4030
12128-5- -6.83305060071 -1.18641633623 2.3957
1213 -6.34106878054 1.18750479158 4.9645
1213- -6.35984463541 1.20410373574 4.9869
1213-12 -6.0488185179 0.633208902387 4.2925
1213-125- -5.93180956731 0.0938792743118 3.7828
1213-13 -6.02432827243 1.01253559337 4.5681
1213-13- -6.10432974098 1.00763754428 4.6257
1213-13-4 -6.04011087507 0.705591183451 4.3898
1213-13-5 -6.0191581095 0.510757675024 4.2024
1213-13-8- -6.35657926934 -1.28981959489 2.4095
1213-134- -5.94459891773 0.687087442427 4.2982
1213-4 -6.2180733255 0.620419551974 4.4406
1213-4-5 -6.191950397 0.128437731812 4.1300
1213-48- -6.41345106161 -1.33798374432 2.3523
1213-8 -6.76420579954 -1.27186008155 2.4116
121312 -5.99466786403 0.676747116561 4.3013
121312- -6.02187924788 0.654161667958 4.2959
121313-8 -6.16419478546 -1.20628064645 2.4130
12131313- -5.89425785759 0.921649571287 4.4209
1213135 -5.99793323009 0.588038005182 4.2630
12135- -6.08065583702 0.34803359955 4.0876
12138 -6.74842319691 -1.22696129818 2.4109
12138- -6.74842319691 -1.22696129818 2.4109
12138-13- -6.42868943657 -1.10695909536 2.4268
124 -6.9261135335 0.565180442741 4.9618
124- -6.9261135335 0.565180442741 4.9618
124-12 -6.51930334482 0.100410006438 4.3116
124-128- -6.7652942549 -1.27730235832 2.3937
124-13 -6.39086561301 0.327897175495 4.3932
124-13- -6.39521943442 0.329801972365 4.3983
124-5 -6.72556563446 0.0606813860044 4.4255
124-5-12- -6.41562797232 -0.175513425887 3.9622
124-8- -7.18407745248 -1.31349349885 2.3523
124-812 -7.00421020518 -1.17389909966 2.3500
124-85 -7.02761199529 -1.22668918434 2.3578
12413 -6.39086561301 0.327897175495 4.3932
12413- -6.39521943442 0.329801972365 4.3984
12413-4- -6.22188291924 0.174152856694 4.1150
12413-5 -6.24718950623 0.133880008584 4.0937
1244 -6.77209710086 0.22694294138 4.6124
1244- -6.77209710086 0.22694294138 4.6124
1244-12- -6.59222985356 0.0282998392128 4.3410
1244-4- -6.72066758537 0.0761918748038 4.4790
1248- -7.18407745248 -1.31349349885 2.3523
125 -6.7998527124 0.388850675338 4.6525
125- -6.81427474584 0.385585309275 4.6500
125-12 -6.40392707726 -0.0745591917723 3.9683
125-124 -6.23412804198 -0.266671561813 3.6794
125-13 -6.17208608678 0.116192609076 3.9319
125-13- -6.32991211316 0.174697084372 4.1029
125-13-8 -6.48284009045 -1.27403699225 2.4128
125-135- -6.19358308003 0.0 3.8659
125-4 -6.58515489375 0.00843552899613 4.1852
125-4- -6.58488277992 0.00816341515755 4.1850
125-412- -6.44447203921 -0.173336515179 3.9827
125-413 -6.38243008401 -0.0731986225793 4.0175
125-5 -6.46923439852 -0.263134081912 3.8580
125-8 -7.0882933813 -1.35240577777 2.3996
125-84- -6.93373272098 -1.23539682718 2.3612
125128 -6.59712790265 -1.25961495881 2.3934
12513- -6.31059203062 0.213881477128 4.1225
125138- -6.60393074862 -1.25852650346 2.4104
1255 -6.42487984283 -0.247079365435 3.8545
1258-5- -6.89318775903 -1.23947853475 2.4014
128 -8.00803815572 -1.3336299229 2.3876
128- -8.00803815572 -1.3336299229 2.3876
128-12- -7.4183674675 -1.18505576704 2.3856
128-12-8- -7.6115682929 -1.54696717236 2.3894
128-124 -6.96910752 -1.16029340773 2.3925
128-13 -7.0763203724 -1.14396657741 2.4062
128-4 -7.59796260097 -1.20219893887 2.3481
128-4-4 -7.37074754575 -1.1883211331 2.3509
128-5- -7.48231421957 -1.24274390082 2.3940
128-512- -6.88311954701 -1.22070267989 2.4004
128-54- -7.18081208642 -1.19893357281 2.3945
128-84- -7.86381782127 -1.7545900312 2.2494
12812-12- -6.80828824139 -1.13226568235 2.3888
12813 -7.0763203724 -1.14396657741 2.4062
12813- -7.0763203724 -1.14750405731 2.4006
12813-4 -6.77046441783 -1.13199356851 2.4033
1284 -7.59796260097 -1.20219893887 2.3481
1284-13 -6.75522604287 -1.17362698582 2.3507
12844- -7.37074754575 -1.18859324694 2.3509
1285 -7.48340267492 -1.23920642092 2.3945
12858- -7.64912000262 -1.69145962064 2.3968
1288- -8.05756287434 -1.81200605114 2.2698
1312 -6.34106878054 1.18750479158 4.9645
1312- -6.36038886308 1.20492007725 4.9881
1312-12 -6.07330876338 0.576609223961 4.2373
1312-12- -6.04555315184 0.588582232859 4.2348
1312-13- -5.88636655627 0.78259939977 4.2478
1312-134- -5.84854273271 0.522186456244 4.0505
1312-4 -6.14433047525 0.402184253428 4.2033
1312-4- -6.14433047525 0.402184253428 4.2033
1312-5 -6.12092868513 0.259868715849 4.0441
1312-55 -6.00881778363 -0.290889693447 3.5504
1312-8 -6.69263986 -1.20301528038 2.3924
1312-8- -6.69263986 -1.20301528038 2.3924
1312-8-4 -6.5614809898 -1.10070047708 2.3513
1312-813- -6.43712496556 -1.05444112452 2.4095
131212- -6.0812000647 0.506948081284 4.2037
13121313- -5.78731711902 0.685726873234 4.0867
13124 -6.14732372747 0.323271240239 4.1612
13124- -6.14732372747 0.323271240239 4.1612
131244 -6.11249315613 0.0878927698629 3.9941
131244- -6.11249315613 0.0878927698629 3.9941
13125 -6.11004413159 0.17496919821 3.9919
13125- -6.12310559584 0.182044158013 4.0018
131285- -6.5410724519 -1.21689308615 2.4016
131288- -6.81155360746 -1.77744759364 2.2748
1313 -6.38351853936 1.98289354177 5.6121
1313- -6.07058762499 1.61771677039 5.0866
1313-12 -6.02405615859 1.01253559337 4.5679
1313-12-13- -5.63520548325 0.562459304355 3.8808
1313-124 -5.92038078609 0.354836445515 4.0238
1313-13- -6.01017835282 1.48955115241 4.9180
1313-5 -6.13916031231 0.675386547368 4.4248
1313-813 -6.35984463541 -1.09253706192 2.4259
1313-84 -6.34841585419 -1.10559852617 2.3698
131312- -6.10405762714 1.00763754428 4.6255
131312-5 -5.98378331048 0.199459443683 3.9227
1313128- -6.28120373606 -1.30533008369 2.3966
131313- -6.01017835282 1.48955115241 4.9180
131313-8 -6.29725845253 -1.23321991647 2.4093
13131312 -5.97534778149 0.910492903905 4.4733
13134 -6.24038666027 0.846546151838 4.7124
13134- -6.24038666027 0.846546151838 4.7123
13135- -6.21290316257 0.628310853293 4.4363
131355- -6.15222177657 0.0035374799016 3.9456
13138-12- -6.5269225323 -1.15240210641 2.4029
13138-5- -6.55222911929 -1.20954601251 2.4146
134 -6.52284082472 0.81144346666 4.8516
134- -6.63903343379 0.962194533236 5.0527
134-12- -6.39521943442 0.329529858526 4.3983
134-128 -6.60474709013 -1.28873113954 2.3937
134-13- -6.31031991678 0.638106951482 4.5427
134-13-13- -6.08065583702 0.497424096933 4.2849
134-13-5 -6.19739267377 0.322727012562 4.1752
134-412- -6.46161521104 0.134968463938 4.3708
134-5- -6.54651472868 0.275107090809 4.4970
134-8 -6.79386620795 -1.27675813064 2.3529
134-8- -6.79386620795 -1.27675813064 2.3529
134-8-13- -6.58678757679 -1.11729942123 2.3689
13412-8- -6.60937302539 -1.27757447216 2.3939
13413 -6.33698707297 0.635385813096 4.5639
1341312- -6.09398941511 0.411708237779 4.1890
1344 -6.56447424202 0.45388588276 4.6871
1345- -6.33535438993 0.0160547164765 4.1176
13454- -6.45698927578 0.00517016293311 4.1972
1348 -6.79386620795 -1.27675813064 2.3529
1348- -6.79386620795 -1.27675813064 2.3529
1348-8 -6.89563678358 -1.76683515393 2.2513
135 -6.43848553476 0.616609958233 4.5550
135- -6.45508447891 0.641916545222 4.5645
135-12- -6.30297284314 0.211976680258 4.1172
135-13- -6.24855007543 0.518104748666 4.2884
135-13-12- -5.78459598064 0.100682120276 3.6383
135-4 -6.46624114629 0.281093595258 4.3479
135-4-8 -6.63549595389 -1.34478659029 2.3536
135-5- -6.47658147216 0.174697084372 4.2459
135-5-13 -6.2956257695 0.0925187051189 4.0154
135-58 -6.67604091584 -1.35376634696 2.3991
135-8- -6.88828970994 -1.30913967743 2.3983
135-8-4- -6.77019230399 -1.19621243442 2.3577
13512 -6.30596609537 0.190207573171 4.1071
13512- -6.32963999932 0.174697084372 4.1029
13512-4- -6.20120226751 -0.0908860220874 3.7926
13513- -6.24827796159 0.518104748666 4.2882
13513-13 -6.06269632367 0.453613768921 4.1238
1354 -6.4803910659 0.259868715849 4.3453
1358 -6.88203109165 -1.33934431351 2.4012
138 -7.47850462583 -1.26668991861 2.4085
138- -7.47850462583 -1.26668991861 2.4085
138-12 -7.0763203724 -1.14396657741 2.4062
138-125 -6.72801465901 -1.1276397471 2.4119
138-13 -6.83332271454 -1.11348982749 2.4171
138-13- -6.83032946232 -1.12736763326 2.4245
138-1312 -6.43630862405 -1.09634665566 2.4217
138-4 -7.18598224935 -1.16274243227 2.3658
138-5-4 -6.95087589281 -1.16900105056 2.4111
138-5-5- -6.93400483482 -1.20111048351 2.4130
138-8- -7.64231715666 -1.70887490631 2.2783
13812 -7.0763203724 -1.14396657741 2.4062
13812-13 -6.4267846397 -1.05933917361 2.4038
13812-13- -6.42651252586 -1.13798007296 2.4098
1381313- -6.37399455501 -1.07947559767 2.4202
1384 -7.18598224935 -1.16274243227 2.3658
1384-5- -7.03768020732 -1.18070194562 2.3694
1385- -7.12040281425 -1.2038316219 2.4121
1385-13- -6.48474488732 -1.15702804166 2.4155
1388 -7.6425892705 -1.70914702015 2.2782
1388- -7.64231715666 -1.70887490631 2.2783
1388-12- -7.45700763258 -1.64030221899 2.2789
412 -6.9261135335 0.565180442741 4.9618
412- -6.9261135335 0.565180442741 4.9618
412-12-13 -5.93888452712 0.16735001073 3.8274
412-13 -6.14433047525 0.402184253428 4.2033
412-4 -6.53290903675 0.124356024233 4.2551
412-5 -6.47086708155 0.0163268303151 4.0942
412-5-8- -6.69372831535 -1.31893577562 2.3996
41212 -6.38923292997 0.238099608762 4.2497
41213 -6.14732372747 0.323271240239 4.1612
41213-5 -6.06868282812 0.176329767403 3.9349
4121312 -5.88908769465 0.188030662462 3.8378
4124- -6.53290903675 0.124356024233 4.2551
41248- -6.74679051387 -1.32002423098 2.3548
4128 -7.23523485413 -1.28981959489 2.3932
412812 -6.96910752 -1.16029340773 2.3925
413 -6.63876131996 0.961106077882 5.0515
413- -6.63903343379 0.961650305559 5.0523
413-12 -6.2180733255 0.620147438135 4.4401
413-12- -6.15467080111 0.619875324296 4.3966
413-13 -6.13943242615 0.853348997802 4.6313
413-13-8 -6.5043370837 -1.26369666639 2.4103
413-4- -6.38351853936 0.634841585419 4.5704
413-55 -6.29018349273 0.0955119573433 4.0440
41312 -6.15467080111 0.619875324296 4.3966
41312-5- -6.01779754031 0.152655863446 3.8758
41313 -6.20011381216 0.790490701089 4.6244
41313- -6.13916031231 0.853076883964 4.6310
41313-5- -6.02460038627 0.54422767717 4.2329
4135 -6.40011748352 0.536336375851 4.4700
4135- -6.37072918895 0.460960842563 4.3788
413512- -6.22133869157 0.0982330957292 3.9603
4138- -7.02815622297 -1.24029487627 2.4097
4138-8- -7.17836306187 -1.60846489988 2.3596
44 -7.50027373292 0.712666143254 5.4027
44- -7.50027373292 0.712666143254 5.4027
44-12 -6.77209710086 0.22694294138 4.6124
44-124 -6.46787382932 -0.014422033445 4.1128
44-13 -6.57454245405 0.502050032189 4.7349
44-4 -7.17455346813 0.358918153093 5.0490
44-4-12- -6.72066758537 0.0761918748038 4.4790
44-5-12- -6.53345326442 -0.0634025243903 4.1226
44-8- -7.69211398912 -1.33036455684 2.3523
44-813 -7.098905821 -1.15240210641 2.3681
44-84 -7.49782470837 -1.20600853261 2.3140
4412- -6.77209710086 0.22694294138 4.6124
441212- -6.35059276489 0.00707495980321 4.0613
4413- -6.57454245405 0.502050032189 4.7349
4413-13 -6.08201640621 0.404361164137 4.3262
444 -7.17455346813 0.358918153093 5.0490
444- -7.17455346813 0.358918153093 5.0490
4445- -6.96584215394 0.0895254528944 4.6534
445 -7.04094557338 0.190479687009 4.7535
445-4- -6.76393368571 -0.0462593525594 4.3105
445-8- -7.2850316866 -1.32982032916 2.3971
448 -7.69211398912 -1.33036455684 2.3523
448-8- -7.80531334597 -1.69173173448 2.3359
4485 -7.42979624872 -1.24165544546 2.3579
45 -7.25237802597 0.458511818016 5.0639
45- -7.25210591213 0.458239704177 5.0636
45-12 -6.58488277992 0.00816341515755 4.1849
45-13- -6.47984683822 0.259868715849 4.3449
45-413- -6.47440456145 -0.00380959374019 4.2033
45-48- -7.07169443714 -1.35594325767 2.3529
45-5 -6.69345620151 -0.14422033445 4.0994
45-5- -6.86135043992 0.0340142298231 4.4012
45-8 -7.49564779766 -1.33635106129 2.3994
45-8- -7.49564779766 -1.33607894745 2.3993
45124- -6.34651105732 -0.140682854548 3.8707
4513- -6.46596903245 0.28082148142 4.3475
4513-13 -6.11603063603 0.251433186852 4.1227
455 -6.86107832608 0.0334700021459 4.4007
455- -6.69182351848 -0.147213586674 4.0985
4554- -6.69944270596 -0.104763827855 4.1605
4555- -6.60610765933 -0.264494651105 3.9670
4558 -7.03278215823 -1.35267789161 2.3993
458 -7.4959199115 -1.33607894745 2.3993
458- -7.4959199115 -1.33607894745 2.3993
48 -8.03062360432 -1.3540384608 2.3500
48- -8.03062360432 -1.3540384608 2.3500
48-12 -7.59823471481 -1.20138259735 2.3477
48-12- -7.59823471481 -1.20138259735 2.3477
48-1212 -6.85835718769 -1.14886462651 2.3505
48-1212- -6.87277922114 -1.17961349027 2.3515
48-1213 -6.55386180232 -1.17852503491 2.3564
48-13 -7.18598224935 -1.16274243227 2.3658
48-4 -7.82681033922 -1.21852576918 2.3114
48-44- -7.49836893605 -1.20600853261 2.3140
48-5 -7.67769195567 -1.25771016194 2.3564
48-5-8- -7.83660643741 -1.69200384832 2.3582
48-513 -6.61100570842 -1.20111048351 2.3611
48-88 -8.11361832509 -2.34317226405 2.2036
4812 -7.59823471481 -1.20138259735 2.3477
4812- -7.59823471481 -1.20138259735 2.3477
4813- -7.18598224935 -1.16274243227 2.3658
4813-12- -6.5889644875 -1.1382521868 2.3690
485 -7.67769195567 -1.25771016194 2.3564
485- -7.67769195567 -1.25771016194 2.3564
488 -8.04667832079 -1.80846857124 2.2492
488-12- -7.86381782127 -1.7545900312 2.2493
512 -6.79903637088 0.388034333822 4.6514
512- -6.81427474584 0.385585309275 4.6500
512-12 -6.36746382289 0.0827226069298 4.0750
512-12- -6.34242934974 0.109389763111 4.0861
512-12-13- -5.95956517885 -0.0315652052758 3.7033
512-12-4- -6.17208608678 -0.103675372501 3.7608
512-124- -6.19331096619 -0.120274316655 3.7745
512-13- -6.12310559584 0.182044158013 4.0018
512-48 -6.67957839574 -1.33199723987 2.3538
512-5 -6.42596829818 -0.0805456962211 3.9694
512-8-5 -6.91277995541 -1.23104300576 2.3981
51212- -6.34732739883 0.0797293547054 4.0637
51213- -6.0988874642 0.260412943526 4.0315
51213-12 -5.91248948477 0.0925187051189 3.7709
512138 -6.42705675354 -1.21961422454 2.4098
5124 -6.45399602356 0.0165989441537 4.0885
5124- -6.45345179588 0.0163268303151 4.0876
5124-8 -6.66243522391 -1.3145819542 2.3547
5125- -6.40311073574 -0.0808178100597 3.9594
51254 -6.30351707082 -0.19428928075 3.7948
513 -6.43848553476 0.616609958233 4.5550
513- -6.45508447891 0.641916545222 4.5645
513-12 -6.10596242401 0.313747255888 4.0750
513-12- -6.08065583702 0.34803359955 4.0876
513-1213 -5.86105996928 0.348849941066 3.9298
513-13 -6.13943242615 0.675658661206 4.4253
513-13- -6.21290316257 0.628310853293 4.4363
513-1312 -5.9190202169 0.548853612426 4.1670
513-4- -6.37072918895 0.460960842563 4.3787
513-4-5 -6.34759951267 0.103947486339 4.1657
513-48 -6.40936935403 -1.3124050435 2.3523
513-5- -6.37208975814 0.359462380771 4.2877
513-512- -6.19358308003 0.0 3.8658
513-8 -6.84203035738 -1.29009170873 2.4118
51312 -6.18596389255 0.519465317859 4.3143
51312- -6.24147511562 0.49415873087 4.3292
513124 -5.93915664095 0.0440824418508 3.7320
51313 -6.21698487015 0.653073212604 4.4761
51313- -6.13916031231 0.678924027269 4.4360
5134 -6.38841658846 0.481369380457 4.4108
5134- -6.38841658846 0.481369380457 4.4108
5135 -6.39195406836 0.385857423113 4.3260
5135- -6.3718176443 0.359462380771 4.2875
5135-4- -6.27821048383 0.0998657787607 4.0441
5138-12- -6.60828457003 -1.15838861086 2.4068
5138-5 -6.63032579096 -1.20981812635 2.4164
54 -7.25210591213 0.458239704177 5.0636
54- -7.25237802597 0.458511818016 5.0639
54-13 -6.56229733131 0.264766764943 4.5047
54-13-8- -6.8844801162 -1.25798227578 2.4106
54-1312- -6.21616852863 0.108029193918 4.1440
54-4 -7.04393882561 0.16544521386 4.7337
54-4-12 -6.71495319476 -0.0361911405318 4.3868
54-4-5- -6.91713377683 -0.0459872387209 4.5083
54-44 -6.96992386151 0.0650352074218 4.6336
54-5-13 -6.42487984283 -0.072110167225 4.1114
54-55- -6.71495319476 -0.244902454726 4.1152
54-8- -7.32013437177 -1.34342602109 2.3541
54-8-4- -7.2991816062 -1.23349203031 2.3150
5412-12 -6.35249756176 -0.129798301005 3.9682
5412-12- -6.37807626259 -0.0862600868314 4.0274
5413 -6.56202521748 0.264766764943 4.5043
541313- -6.09643843966 0.200547899037 4.1744
544 -7.04393882561 0.16544521386 4.7337
544-13 -6.5650184697 0.10585228321 4.4827
545 -6.97046808919 0.0174152856694 4.5526
545- -6.96611426777 0.0127893504135 4.5453
545-5- -6.74107612326 -0.227487169057 4.1497
545-8- -7.184893794 -1.35240577777 2.3972
548 -7.32013437177 -1.34342602109 2.3541
548- -7.32013437177 -1.34342602109 2.3541
548-12 -7.23686753717 -1.21716519999 2.3517
54812 -7.23659542333 -1.21716519999 2.3517
55 -6.91931068754 0.0677563458076 4.4322
55- -6.93427694866 0.0707495980321 4.4362
55-13 -6.47630935832 0.103131144824 4.1625
55-4 -6.78733547582 -0.0413613034649 4.2768
55-4- -6.78733547582 -0.0413613034649 4.2768
55-5 -6.78134897137 -0.154560660316 4.1527
55-5- -6.76665482409 -0.138233830001 4.1777
55-8 -7.18924761541 -1.36709992505 2.3989
55-8- -7.18924761541 -1.36709992505 2.3989
55-8-4- -7.02543508459 -1.25199577133 2.3606
55-88 -7.30380754146 -1.90234784555 2.2765
5512 -6.42460772899 -0.247351479274 3.8542
5512- -6.44964220214 -0.264494651105 3.8515
551212- -6.17018128991 -0.381775715535 3.5673
5513- -6.2074608858 -0.106396510887 3.8005
5513-4- -6.28882292354 0.0625861828745 4.0167
555- -6.52093602785 -0.40381693646 3.7747
555-5- -6.6948167707 -0.278372456872 3.9953
558 -7.17455346813 -1.3575759407 2.4018
558- -7.17455346813 -1.3575759407 2.4018
558-4- -7.21373786089 -1.24981886062 2.3574
558-5- -6.97536613829 -1.28056772438 2.4032
58 -8.11633946347 -1.39131805668 2.3980
58- -8.11661157731 -1.3921343982 2.3983
58-12 -7.48340267492 -1.23920642092 2.3945
58-13-8 -7.39006762829 -1.50859912111 2.4094
58-134- -6.80121328159 -1.18206251481 2.4136
58-4 -7.67769195567 -1.25771016194 2.3564
58-4- -7.67769195567 -1.25771016194 2.3564
58-4-5 -7.26407892102 -1.26832260164 2.3588
58-48 -7.82653822538 -1.57309010086 2.3536
58-5 -7.54925422386 -1.29063593641 2.4003
58-5- -7.54870999618 -1.2968945547 2.4031
58-54- -7.21400997472 -1.25063520214 2.4018
58-55 -6.97754304899 -1.28247252125 2.4051
58-58- -7.70735236408 -1.72765076118 2.3978
58-8-13- -7.47796039815 -1.68792214074 2.2842
5812-5- -6.89454832823 -1.21009024019 2.3970
5812-8 -7.67061699587 -1.59132172804 2.3898
5813-4- -6.71059937334 -1.20927389867 2.4172
581313- -6.48637757035 -1.15457901712 2.4121
584 -7.67769195567 -1.25771016194 2.3564
584-8- -7.82653822538 -1.57309010086 2.3536
585- -7.54870999618 -1.2968945547 2.4031
588-13 -7.47768828431 -1.68792214074 2.2829
588-4 -7.89320611583 -1.79758401769 2.2524
812 -8.00803815572 -1.33390203674 2.3876
812- -8.00803815572 -1.3336299229 2.3876
812-12- -7.02489085691 -1.26179186952 2.3919
812-12-12- -6.52011968633 -1.22532861515 2.3898
812-12-5 -6.59413465043 -1.28111195206 2.3915
812-12-8 -7.26897697012 -1.38914114598 2.3880
812-1212- -6.58243375537 -1.29852723773 2.3929
812-124- -6.68474855868 -1.29607821318 2.3939
812-13- -6.68828603858 -1.28573788731 2.3978
812-4-13- -6.60447497629 -1.28873113954 2.3938
812-5- -7.09917793484 -1.28818691186 2.3924
812-5-8- -7.31360363965 -1.50995969031 2.3940
812-8 -8.1955245905 -1.58288619905 2.3914
81212 -7.02489085691 -1.26179186952 2.3919
81212-13- -6.33943609751 -1.29526187166 2.3942
8128- -8.1955245905 -1.58261408521 2.3914
8128-12 -7.61374520361 -1.54778351387 2.3891
813 -7.47904885351 -1.26750626013 2.4080
813- -7.47904885351 -1.26750626013 2.4080
813-12 -6.76447791338 -1.27158796771 2.4116
813-12- -6.74842319691 -1.22696129818 2.4109
813-13 -6.4803910659 -1.18668845007 2.4120
813-1313 -6.29725845253 -1.23321991647 2.4093
813-4-4- -6.92175971208 -1.23621316869 2.4100
813-5 -6.84230247122 -1.29009170873 2.4118
813-5- -6.97917573203 -1.27566967529 2.4107
813-513 -6.57399822637 -1.29526187166 2.4110
813-8 -7.7604145626 -1.56683148257 2.4097
813-8- -7.7604145626 -1.56683148257 2.4097
813-8-5- -7.38952340061 -1.51050391798 2.4105
813-85 -7.38979551445 -1.50859912111 2.4094
81312 -6.74869531074 -1.22696129818 2.4108
81312- -6.76447791338 -1.27158796771 2.4116
81312-13- -6.20365129206 -1.29254073328 2.4144
81313 -6.69726579525 -1.25934284497 2.4099
81313- -6.63604018157 -1.21063446786 2.4095
81313-5 -6.47249976458 -1.25308422668 2.4103
8131312 -6.30242861547 -1.25308422668 2.4098
8131313- -5.98187851361 -1.20355950806 2.4161
813138 -6.98244109809 -1.42560440035 2.4113
8134 -7.02815622297 -1.24029487627 2.4096
8134- -7.02842833681 -1.24056699011 2.4097
8135 -6.97944784586 -1.27594178912 2.4107
8135-4 -6.79468254947 -1.27947926903 2.4107
8138-5 -7.38952340061 -1.51050391798 2.4105
81388 -7.87579083016 -2.04058167555 2.2808
84 -8.03062360432 -1.3540384608 2.3500
84- -8.03062360432 -1.3540384608 2.3500
84-12 -7.184893794 -1.3124050435 2.3517
84-12- -7.184893794 -1.3124050435 2.3517
84-128 -7.44040868843 -1.45526480875 2.3556
84-13 -6.88039840862 -1.31077236046 2.3519
84-13- -6.88067052246 -1.31077236046 2.3519
84-13-4 -6.58188952769 -1.31648675107 2.3517
84-4- -7.69211398912 -1.33036455684 2.3523
84-4-12 -6.94543361604 -1.32927610149 2.3520
84-4-8 -7.9035464417 -1.4422033445 2.3532
84-5 -7.32013437177 -1.34315390726 2.3541
84-5- -7.32013437177 -1.34315390726 2.3541
84-512- -6.76828750712 -1.36927683576 2.3534
84-513- -6.63549595389 -1.34478659029 2.3536
84-55- -6.97672670748 -1.37744025092 2.3541
84-8 -8.2145725592 -1.5804371745 2.3538
84-8- -8.2145725592 -1.5804371745 2.3538
8412 -7.184893794 -1.3124050435 2.3517
8412- -7.184893794 -1.3124050435 2.3517
8413-8 -7.21645899927 -1.47349643594 2.3549
844- -7.69211398912 -1.33172512603 2.3527
84412 -6.94543361604 -1.32927610149 2.3520
8448- -7.90381855554 -1.4422033445 2.3531
845 -7.32013437177 -1.34315390726 2.3540
845- -7.32013437177 -1.34315390726 2.3541
8454- -7.07196655098 -1.35594325767 2.3529
848- -8.2145725592 -1.5804371745 2.3538
848-5- -7.82653822538 -1.57309010086 2.3536
848-8- -8.19416402131 -2.1121476151 2.2515
84812- -7.7498021229 -1.52873554517 2.3525
85 -8.11416255276 -1.39050171517 2.3983
85- -8.11661157731 -1.3921343982 2.3983
85-13 -6.88856182378 -1.30913967743 2.3984
85-13- -6.88284743317 -1.33961642735 2.4013
85-134- -6.60393074862 -1.30832333592 2.3980
85-138 -7.07169443714 -1.49308863232 2.4030
85-4- -7.49564779766 -1.33635106129 2.3994
85-5 -7.18897550157 -1.36709992505 2.3992
85-5-4 -7.07087809563 -1.35567114383 2.3984
8512 -7.07686460008 -1.32274536936 2.3995
85124 -6.69372831535 -1.31920788946 2.3996
85125 -6.61399896064 -1.30805122208 2.3994
8513 -6.88230320549 -1.33961642735 2.4012
8513- -6.88856182378 -1.30913967743 2.3984
854 -7.4959199115 -1.33607894745 2.3993
854- -7.33183526683 -1.34669138716 2.4007
854-4 -7.27197022234 -1.32954821533 2.3964
854-8 -7.66000455617 -1.49091172161 2.3549
854-8- -7.65973244233 -1.49091172161 2.3549
85513 -6.67685725736 -1.37118163263 2.3993
858 -8.24668199215 -1.73853531472 2.3992
858- -8.24668199215 -1.73853531472 2.3992
858-8- -8.24396085377 -2.23051713488 2.2751
88 -8.28940386481 -1.99568289218 2.2693
88- -8.28940386481 -1.99568289218 2.2693
88-13 -7.6425892705 -1.70914702015 2.2782
88-13- -7.6425892705 -1.70914702015 2.2782
88-13-12 -6.90897036167 -1.70642588177 2.2796
88-1312- -6.90897036167 -1.70642588177 2.2796
88-4 -8.04667832079 -1.80846857124 2.2492
88-4-8 -8.19416402131 -2.1121476151 2.2515
88-48- -8.19416402131 -2.1121476151 2.2515
88-5- -8.09320978719 -1.85962597289 2.2746
88-5-12- -7.19360143683 -1.85064621622 2.2743
88-5-5- -7.48231421957 -1.79649556234 2.3440
88-8 -8.31852004554 -2.46426292222 2.2102
88-8- -8.31852004554 -2.46426292222 2.2102
88-84- -8.11334621125 -2.34290015022 2.2038
8813-5- -6.96176044636 -1.7066979956 2.2819
