1212 -8.2681789854 1.92874288789 5.3480
1212- -8.28069622198 1.92983134324 5.3631
1212-12 -7.83959968963 1.33226935371 4.6679
1212-1212- -7.61211252057 1.01226347954 4.3131
1212-124- -7.6567391901 0.896342984299 4.3141
1212-13-8 -7.86844375652 -0.00489804909453 2.1157
1212-4 -7.92776457333 1.10886389223 4.6582
1212-4-13 -7.70109374579 0.875934446405 4.4077
1212-413 -7.59088764116 0.817702084948 4.3045
1212-5 -7.88585904219 1.01444039024 4.5023
1212-5- -7.85973611369 1.01307982105 4.4909
1212-55- -7.71333886853 0.43075620648 4.0273
1212-58- -8.08178100597 -0.306128068408 2.1083
1212-8-13 -8.20287166414 -0.0824504930912 2.1184
1212128- -7.99361612227 0.0315652052758 2.0967
121213 -7.56721373721 1.51676253627 4.6474
121213- -7.55632918366 1.58996115885 4.6765
1212134 -7.4303404764 1.26424089407 4.4201
12124-4 -7.87306969178 0.86722680357 4.5455
12125 -7.83551798205 1.05199209997 4.5102
12125-12 -7.65156902717 0.641100203706 4.1160
121254- -7.75497228583 0.754843788235 4.3036
12128-13- -8.18763328918 -0.0470756940752 2.1159
12128-5- -8.34763622627 -0.29796465325 2.1089
1213 -7.8831379038 2.28956583785 5.3663
1213- -7.90409066938 2.30589266817 5.3872
1213-12 -7.54680519931 1.65118677253 4.7400
1213-125- -7.41183673538 1.00818177196 4.2642
1213-13 -7.54353983325 2.05582005051 5.0446
1213-13- -7.63741910756 2.05092200141 5.0989
1213-13-4 -7.5601387774 1.61662831503 4.9101
1213-13-5 -7.52938991364 1.47023106987 4.7331
1213-13-8- -7.82871513609 -0.0476199217524 2.1130
1213-134- -7.44884421742 1.60275050927 4.8184
1213-4 -7.73538008945 1.53635473265 4.9072
1213-4-5 -7.70354277034 0.937160060086 4.6156
1213-48- -7.90409066938 -0.0780966716739 2.0637
1213-8 -8.23171573103 -0.020952765571 2.1161
121312 -7.48830072402 1.70941913399 4.7643
121312- -7.51714479091 1.68003083942 4.7516
121313-8 -7.5925203242 0.0282998392128 2.1179
12131313- -7.41074828002 1.9499677673 4.9348
1213135 -7.5065323512 1.56002863661 4.8002
12135- -7.56694162337 1.30097626227 4.5336
12138 -8.21538890072 0.0315652052758 2.1153
12138- -8.21538890072 0.0315652052758 2.1153
12138-13- -7.9155194506 0.0723822810636 2.1421
124 -8.49185656072 1.48628578635 5.3385
124- -8.49185656072 1.48628578635 5.3385
124-12 -8.04667832079 0.920833229771 4.7063
124-128- -8.25103581357 -0.0778245578353 2.1009
124-13 -7.92422709343 1.15131365105 4.8097
124-13- -7.92939725636 1.15403478944 4.8163
124-5 -8.26328093631 0.875118104889 4.8295
124-5-12- -7.93021359788 0.612528250655 4.3962
124-8- -8.71716681907 -0.0873485421858 2.0653
124-812 -8.5495446945 -0.281637822935 2.0694
124-85 -8.56832054936 -0.3730680727 2.0757
12413 -7.92395497959 1.15131365105 4.8096
12413- -7.9296693702 1.15430690328 4.8165
12413-4- -7.73102626804 0.976072339004 4.5681
12413-5 -7.75796553806 0.950765752016 4.5618
1244 -8.31988061473 1.03022299288 5.0086
1244- -8.31988061473 1.03022299288 5.0086
1244-12- -8.1264076755 0.788858018058 4.7596
1244-4- -8.26436939166 0.825049158589 4.8899
1248- -8.71716681907 -0.0873485421858 2.0653
125 -8.35144582001 1.37199797415 5.0211
125- -8.37131013023 1.3646509005 5.0179
125-12 -7.92150595505 0.802735823825 4.3685
125-124 -7.7307541542 0.566813125772 4.1117
125-13 -7.67769195567 0.989133803256 4.3348
125-13- -7.85783131682 1.06287665351 4.5256
125-13-8 -7.92939725636 -0.05768813378 3.9757
125-135- -7.69701203821 0.87103639731 4.3346
125-4 -8.11416255276 0.85579802235 4.5927
125-4- -8.11416255276 0.855525908511 4.5924
125-412- -7.96531628306 0.611711909139 4.4153
125-413 -7.90735603544 0.716203623155 4.4505
125-5 -7.97946620266 0.58259572841 4.2503
125-8 -8.58546372119 -0.227759282896 2.1050
125-84- -8.44614143584 -0.407898644039 2.0761
125128 -8.05756287434 -0.111838787658 2.1011
12513- -7.83415741286 1.11104080294 4.5528
125138- -8.07361759081 -0.00870764283472 2.1150
1255 -7.92585977646 0.603276380143 4.2526
1258-5- -8.39797728641 -0.448443605988 2.1125
128 -9.58548207799 -0.0179595133466 2.0971
128- -9.58548207799 -0.0179595133466 2.0971
128-12- -8.98438260856 -0.110750332304 2.1015
128-12-8- -9.14438554565 -0.675658661206 2.0969
128-124 -8.49022387769 -0.222589119962 2.1081
128-13 -8.60832128363 0.0440824418508 2.1196
128-4 -9.17186904334 -0.137145374647 2.0682
128-4-4 -8.93485788994 -0.231840990474 2.0689
128-5- -9.03934960395 -0.233745787344 2.1086
128-512- -8.39960996944 -0.397014090495 2.1112
128-54- -8.7152620222 -0.312658800534 2.1075
128-84- -9.53241987947 -0.966004126976 1.9892
12812-12- -8.32913248525 -0.192928711557 2.1022
12813 -8.60832128363 0.0440824418508 2.1196
12813- -8.60859339747 0.051157401654 2.1153
12813-4 -8.27062800995 -0.0359190266932 2.1160
1284 -9.17186904334 -0.137145374647 2.0682
1284-13 -8.30355378442 -0.224766030671 2.0692
12844- -8.93513000377 -0.231568876636 2.0690
1285 -9.03989383163 -0.232113104313 2.1088
12858- -9.1764949786 -0.870764283472 2.1051
1288- -9.70575639465 -0.919472660578 2.0061
1312 -7.8831379038 2.28956583785 5.3663
1312- -7.90463489705 2.30670900968 5.3885
1312-12 -7.58735016126 1.57200164551 4.6745
1312-12- -7.55632918366 1.58996115885 4.6765
1312-13- -7.39360510819 1.78016873202 4.6856
1312-134- -7.34788998331 1.42342748964 4.5338
1312-4 -7.65102479949 1.28410520428 4.6441
1312-4- -7.65102479949 1.28410520428 4.6441
1312-5 -7.62680666786 1.18342308401 4.4886
1312-55 -7.49673625301 0.52300279776 4.0052
1312-8 -8.16668052361 0.0590487029729 2.0995
1312-8- -8.16668052361 0.0590487029729 2.0995
1312-8-4 -8.0523927114 -0.157281798702 2.0690
1312-813- -7.9381048992 0.0136056919292 2.1205
131212- -7.59306455187 1.49825879525 4.6405
13121313- -7.29319510175 1.65581270779 4.5707
13124 -7.65238536868 1.19811723129 4.6043
13124- -7.65238536868 1.19811723129 4.6043
131244 -7.61701056967 0.865594120539 4.4439
131244- -7.61701056967 0.865594120539 4.4439
13125 -7.60966349603 1.09498608647 4.4409
13125- -7.62653455402 1.09988413556 4.4469
131285- -8.02572555522 -0.315652052758 2.1151
131288- -8.25838288721 -0.958112825657 2.0088
1313 -7.96640473841 3.14481963253 6.0922
1313- -7.60204430855 2.73583253313 5.5111
1313-12 -7.54326771941 2.05554793667 5.0444
1313-12-13- -7.11686533435 1.51893944698 4.3634
1313-124 -7.41863958134 1.22451227363 4.5133
1313-13- -7.55360804528 2.56113544876 5.4245
1313-5 -7.66381414991 1.63730896677 4.9331
1313-813 -7.85837554449 0.102042689469 2.1409
1313-84 -7.81293253345 -0.0438103280122 2.0849
131312- -7.63714699372 2.05092200141 5.0987
131312-5 -7.49292665927 1.10587064001 4.4043
1313128- -7.74327139077 -0.0636746382289 2.1025
131313- -7.55360804528 2.56113544876 5.4245
131313-8 -7.78218366969 0.00598650444887 2.1143
13131312 -7.50326698514 1.93989955527 4.9783
13134 -7.79116342636 1.73826320088 5.2311
13134- -7.79116342636 1.73826320088 5.2311
13135- -7.7498021229 1.58451888208 4.9310
131355- -7.677147728 0.854437453157 4.4491
13138-12- -8.03633799493 -0.0318373191144 2.1152
13138-5- -8.05647441898 -0.164900986182 2.1266
134 -8.06110035424 1.71186815854 5.2370
134- -8.20668125788 1.87486434785 5.4873
134-12- -7.9296693702 1.15403478944 4.8163
134-128 -8.10082897467 -0.0468035802366 2.1011
134-13- -7.85021212934 1.45716960562 4.9686
134-13-13- -7.61184040674 1.29471764399 4.7524
134-13-5 -7.71306675469 1.15212999257 4.6438
134-412- -8.00314010662 0.891172821366 4.8053
134-5- -8.09293767335 1.09362551727 4.9368
134-8 -8.29321345855 -0.0168710579923 2.0659
134-8- -8.29321345855 -0.0168710579923 2.0659
134-8-13- -8.10436645457 -0.101226347954 4.1806
13412-8- -8.10708759296 -0.0386401650791 2.1013
13413 -7.87660717168 1.45472058107 4.9860
1341312- -7.6066702438 1.23512471334 4.6557
1344 -8.12069328489 1.24709772223 5.1320
1345- -7.84395351105 0.803007937664 4.5174
13454- -7.99035075621 0.776340781483 4.6415
1348 -8.29321345855 -0.0168710579923 2.0659
1348- -8.29321345855 -0.0168710579923 2.0659
1348-8 -8.38546004983 -0.940969653827 1.9888
135 -7.9691258768 1.58914481734 4.9451
135- -7.9881738455 1.61417929049 4.9425
135-12- -7.82572188386 1.10859177839 4.5469
135-13- -7.78163944201 1.41989000974 4.7292
135-13-12- -7.25727607506 0.961650305559 4.0890
135-4 -8.00232376511 1.12655129174 4.7977
135-4-8 -8.15634019774 -0.139050171517 2.0656
135-5- -8.01103140794 1.05444112452 4.6950
135-5-13 -7.82762668073 0.926547620382 4.4852
135-58 -8.18055832938 -0.25578700827 2.1049
135-8- -8.39035809893 -0.0824504930912 2.1040
135-8-4- -8.2885875233 -0.303406930022 2.0738
13512 -7.8295314776 1.0846457606 4.5365
13512- -7.85783131682 1.06287665351 4.5255
13512-4- -7.70980138863 0.744503462368 4.2349
13513- -7.78136732817 1.4196178959 4.7289
13513-13 -7.591159755 1.33471837826 4.6102
1354 -8.02082750613 1.10342161546 4.7990
1358 -8.38246679761 -0.118369519784 2.1066
138 -9.00098155271 0.0220412209254 2.1150
138- -9.00098155271 0.0220412209254 2.1150
138-12 -8.60832128363 0.0440824418508 2.1196
138-125 -8.23416475558 -0.11728106443 2.1236
138-13 -8.35090159233 0.121634885847 2.1270
138-13- -8.34709199859 0.102042689469 2.1406
138-1312 -7.92368286575 0.0936071604732 2.1300
138-4 -8.71635047755 0.00870764283472 2.0835
138-5-4 -8.46954322596 -0.185037410238 2.1237
138-5-5- -8.45131159877 -0.251161073014 2.1253
138-8- -9.14465765948 -0.797565660892 2.0120
13812 -8.60832128363 0.0440824418508 2.1196
13812-13 -7.92722034566 0.0179595133466 2.1175
13812-13- -7.92205018272 -0.0582323614572 2.1238
1381313- -7.87415814713 0.127621390296 2.1276
1384 -8.71635047755 0.00870764283472 2.0835
1384-5- -8.56940900472 -0.181227816498 2.0852
1385- -8.64287974113 -0.0927908189575 2.1251
1385-13- -7.97484026741 -0.218507412384 3.8674
1388 -9.14520188716 -0.797565660892 2.0119
1388- -9.14465765948 -0.797565660892 2.0120
1388-12- -8.98873642998 -0.86913160044 2.0153
412 -8.49185656072 1.48628578635 5.3385
412- -8.49185656072 1.48628578635 5.3385
412-12-13 -7.43360584246 1.04845462007 4.3004
412-13 -7.65102479949 1.28410520428 4.6441
412-4 -8.04831100383 0.977977135874 4.6665
412-5 -7.98245945489 0.900152578039 4.5075
412-5-8- -8.15606808391 -0.274562863132 2.1052
41212 -7.90871660463 1.1466877158 4.6781
41213 -7.65238536868 1.19811723129 4.6043
41213-5 -7.55741763902 1.06532567806 4.4179
4121312 -7.3612235614 1.07430543473 4.3261
4124- -8.04831100383 0.977977135874 4.6665
41248- -8.23661378013 -0.17115960447 2.0677
4128 -8.73893592615 -0.00680284596462 2.1001
412812 -8.49022387769 -0.222589119962 2.1081
413 -8.20613703021 1.87350377866 5.4857
413- -8.20640914404 1.87432012017 5.4866
413-12 -7.73510797561 1.53581050497 4.9065
413-12- -7.66245358071 1.545878717 4.8616
413-13 -7.67170545122 1.74751507139 5.1482
413-13-8 -7.9832757964 -0.0171431718308 2.1143
413-4- -7.90980505999 1.5113202595 5.0407
413-55 -7.79959895536 0.95566380111 4.5224
41312 -7.66245358071 1.545878717 4.8616
41312-5- -7.50489966817 1.05444112452 4.3519
41313 -7.7413665939 1.67812604255 5.1287
41313- -7.67143333739 1.74724295755 5.1479
41313-5- -7.53156682435 1.47268009442 4.7679
4135 -7.92749245949 1.45798594714 4.9548
4135- -7.89075709129 1.37145374647 4.8449
413512- -7.73401952026 0.968181037685 4.4217
4138- -8.51063241558 0.0206806517325 2.1141
4138-8- -8.64941047326 -0.70178158971 2.0755
44 -9.10329635602 1.57771603612 5.6880
44- -9.10329635602 1.57771603612 5.6880
44-12 -8.31988061473 1.03022299288 5.0086
44-124 -7.98137099953 0.77307541542 4.5341
44-13 -8.13565954601 1.29988780692 5.1848
44-4 -8.74601088596 1.14070121135 5.4642
44-4-12- -8.26436939166 0.825049158589 4.8899
44-5-12- -8.05946767121 0.7306256566 4.5463
44-8- -9.26275506543 -0.036735368209 2.0647
44-813 -8.63281152911 -0.08653220067 2.0842
44-84 -9.07009846771 -0.245174568565 2.0355
4412- -8.31988061473 1.03022299288 5.0086
441212- -7.86817164268 0.806273303727 4.4945
4413- -8.13565954601 1.29988780692 5.1848
4413-13 -7.60639812996 1.18451153936 4.8357
444 -8.74601088596 1.14070121135 5.4642
444- -8.74601088596 1.14070121135 5.4642
4445- -8.52151696913 0.845185582645 5.0710
445 -8.60124632383 0.992399169319 5.1574
445-4- -8.29892784916 0.718652647703 4.7317
445-8- -8.80505958893 -0.154288546478 2.1030
448 -9.26275506543 -0.036735368209 2.0647
448-8- -9.37949190218 -0.811987694337 2.0577
4485 -8.98928065765 -0.323815467916 2.0745
45 -8.83526422501 1.36165764828 5.4444
45- -8.83499211117 1.36138553444 5.4441
45-12 -8.11416255276 0.855253794672 4.5924
45-13- -8.02028327845 1.10342161546 4.7986
45-413- -8.00776604188 0.767633138648 4.6459
45-48- -8.59689250241 -0.157826026379 2.0649
45-5 -8.21892638062 0.691713377683 4.4828
45-5- -8.40396379086 0.882465178531 4.8212
45-8 -9.01894106606 -0.124356024233 2.1054
45-8- -9.01894106606 -0.124356024233 2.1054
45124- -7.84830733247 0.687087442427 4.3097
4513- -8.00205165127 1.1262791779 4.7972
4513-13 -7.64014024595 1.0881832405 4.6366
455 -8.40369167702 0.881920950854 4.8206
455- -8.21620524223 0.688175897781 4.4823
4554- -8.23117150335 0.706135411128 4.6038
4555- -8.12395865095 0.546676701717 4.4051
4558 -8.52804770125 -0.254698552915 2.1048
458 -9.01894106606 -0.124356024233 2.1053
458- -9.01894106606 -0.124356024233 2.1053
48 -9.99610186042 -0.0380959374019 2.0640
48- -9.99610186042 -0.0380959374019 2.0640
48-12 -9.17241327102 -0.137145374647 2.0677
48-12- -9.17241327102 -0.137145374647 2.0677
48-1212 -8.37457549629 -0.215514160159 2.0682
48-1212- -8.38954175741 -0.248984162305 2.0689
48-1213 -8.0382427918 -0.229119852088 2.0739
48-13 -8.71635047755 0.00870764283472 2.0835
48-4 -9.43473101142 -0.164628872344 2.0349
48-44- -9.07064269539 -0.244902454726 2.0355
48-5 -9.24289075521 -0.252521642207 2.0745
48-5-8- -9.36751889329 -0.869675828117 2.0739
48-513 -8.09157710416 -0.358918153093 2.0756
48-88 -10.1520230899 -1.48982326625 1.9566
4812 -9.17241327102 -0.137145374647 2.0677
4812- -9.17241327102 -0.137145374647 2.0677
4813- -8.71635047755 0.00870764283472 2.0835
4813-12- -8.0692637694 -0.0810899238983 2.0853
485 -9.24289075521 -0.252521642207 2.0745
485- -9.24289075521 -0.252521642207 2.0745
488 -10.0954234115 -0.916479408354 1.9877
488-12- -9.53241987947 -0.966004126976 1.9892
512 -8.35062947849 1.37118163263 5.0198
512- -8.37131013023 1.3646509005 5.0179
512-12 -7.88558692835 1.01444039024 4.5021
512-12- -7.85837554449 1.04954307542 4.5162
512-12-13- -7.45129324197 0.869675828117 4.1858
512-12-4- -7.6651747191 0.78259939977 4.2235
512-124- -7.6877601677 0.760286065006 4.2299
512-13- -7.62653455402 1.09988413556 4.4469
512-48 -8.16668052361 -0.20190846823 2.0661
512-5 -7.93565587465 0.825049158589 4.3897
512-8-5 -8.42001850733 -0.363544088349 2.1117
51212- -7.85973611369 1.01307982105 4.4909
51213- -7.59905105632 1.18587210855 4.4757
51213-12 -7.38789071758 1.00818177196 4.2531
512138 -7.87089278107 0.0263950423427 2.1144
5124 -7.96150668932 0.902601602586 4.5034
5124- -7.9606903478 0.902329488748 4.5023
5124-8 -8.14599987188 -0.182044158013 2.0676
5125- -7.90735603544 0.826409727782 4.3795
51254 -7.80123163839 0.651984757249 4.2413
513 -7.9691258768 1.58914481734 4.9451
513- -7.9881738455 1.61417929049 4.9426
513-12 -7.5946972349 1.25662170659 4.5148
513-12- -7.56694162337 1.30097626227 4.5336
513-1213 -7.3541486016 1.28519365964 4.4212
513-13 -7.66435837758 1.6375810806 4.9337
513-13- -7.7498021229 1.58451888208 4.9310
513-1312 -7.41428575992 1.51458562556 4.6998
513-4- -7.89075709129 1.37145374647 4.8447
513-4-5 -7.86490627662 0.915118839161 4.6442
513-48 -7.8619130244 -0.140682854548 4.0974
513-5- -7.89021286361 1.30369740066 4.7661
513-512- -7.69701203821 0.87103639731 4.3346
513-8 -8.30056053219 -0.040000734272 2.1164
51312 -7.69537935518 1.49798668141 4.8031
51312- -7.75796553806 1.46315611007 4.8165
513124 -7.40367332022 0.927091848059 4.2130
51313 -7.75796553806 1.614995632 4.9955
51313- -7.66544683294 1.64139067434 4.9548
5134 -7.91361465373 1.39458342275 4.8867
5134- -7.91361465373 1.39458342275 4.8867
5135 -7.91606367827 1.33281358139 4.8128
5135- -7.89021286361 1.30369740066 4.7659
5135-4- -7.78762594646 0.947772499791 4.5329
5138-12- -8.08423003052 -0.119457975139 2.1198
5138-5 -8.09919629164 -0.23456212886 3.9681
54 -8.83499211117 1.36138553444 5.4441
54- -8.83526422501 1.36165764828 5.4444
54-13 -8.10926450367 1.08301307757 4.9436
54-13-8- -8.36532362578 -0.00816341515755 2.1156
54-1312- -7.73157049571 0.914302497645 4.6328
54-4 -8.60233477918 0.965459899299 5.1360
54-4-12 -8.25375695196 0.718380533864 4.8055
54-4-5- -8.46437306302 0.709128663352 4.9292
54-44 -8.52423810751 0.816885743432 5.0492
54-5-13 -7.95388750184 0.699332565163 4.5697
54-55- -8.24069548771 0.535792148174 4.5461
54-8- -8.84886991694 -0.182860499529 2.0669
54-8-4- -8.85676121826 -0.3229991264 2.0366
5412-12 -7.8654505043 0.667495246049 4.4077
5412-12- -7.89538302654 0.718108420026 4.4724
5413 -8.10899238983 1.08301307757 4.9432
541313- -7.61646634199 0.997569332252 4.6801
544 -8.60233477918 0.965459899299 5.1360
544-13 -8.12069328489 0.865049892861 4.9300
545 -8.51934005842 0.826681841621 4.9604
545- -8.51416989548 0.821511678688 4.9525
545-5- -8.2695395546 0.55184686465 4.5819
545-8- -8.70192844411 -0.216874729352 2.1031
548 -8.84886991694 -0.182860499529 2.0669
548- -8.84886991694 -0.182860499529 2.0669
548-12 -8.79308658003 -0.306672296085 2.0696
54812 -8.79281446619 -0.306944409924 2.0696
55 -8.46274037999 0.986140551032 4.7742
55- -8.48151623485 0.989950144772 4.7774
55-13 -8.01130352178 0.975528111327 4.6061
55-4 -8.32015272857 0.802191596148 4.6842
55-4- -8.32015272857 0.802191596148 4.6842
55-5 -8.31389411028 0.704774841935 4.5672
55-5- -8.29675093845 0.72110167225 4.5928
55-8 -8.67852665399 -0.305855954569 2.1042
55-8- -8.67852665399 -0.305855954569 2.1042
55-8-4- -8.53212940883 -0.460416614886 2.0756
55-88 -8.78410682336 -1.08682267131 2.0081
5512 -7.92558766262 0.603276380143 4.2522
5512- -7.95660864022 0.580146703863 4.2477
551212- -7.65837187313 0.445178239925 4.0118
5513- -7.70245431498 0.731441998116 4.2068
5513-4- -7.79769415849 0.919744774417 4.4956
555- -8.02082750613 0.421776449807 4.1619
555-5- -8.22518499891 0.549125726264 4.4389
558 -8.65975079913 -0.298508880928 2.1085
558- -8.65975079913 -0.298508880928 2.1085
558-4- -8.7449224306 -0.382864170889 2.0741
558-5- -8.47389704737 -0.518104748666 2.1144
58 -9.68616419827 -0.0729265087408 2.1049
58- -9.68643631211 -0.0737428502565 2.1053
58-12 -9.03989383163 -0.232113104313 2.1087
58-13-8 -8.87363227625 -0.606541746206 2.1153
58-134- -8.29430191391 -0.159730823249 2.1229
58-4 -9.24289075521 -0.252521642207 2.0745
58-4- -9.24289075521 -0.252521642207 2.0745
58-4-5 -8.8153999148 -0.397286204334 2.0754
58-48 -9.37785921915 -0.787769562703 2.0669
58-5 -9.09676562389 -0.336060590652 2.1135
58-5- -9.09594928238 -0.340686525908 2.1157
58-54- -8.74029649535 -0.404361164137 2.1131
58-55 -8.47770664111 -0.517016293311 2.1146
58-58- -9.22465912803 -0.914846725322 2.1046
58-8-13- -9.00424691877 -0.922738026641 2.0190
5812-5- -8.39688883105 -0.348577827227 2.1105
5812-8 -9.19391026427 -0.733891022664 2.0966
5813-4- -8.18572849231 -0.210616111065 2.1303
581313- -7.97864986115 -0.128709845651 2.1212
584 -9.24289075521 -0.252521642207 2.0745
584-8- -9.37785921915 -0.787769562703 2.0668
585- -9.09594928238 -0.340686525908 2.1157
588-13 -9.0037026911 -0.922465912803 2.0182
588-4 -9.60235313598 -1.01416827641 1.9912
812 -9.58548207799 -0.0182316271852 2.0972
812- -9.58548207799 -0.0179595133466 2.0971
812-12- -8.5269592459 0.0198643102167 2.0988
812-12-12- -7.99334400843 0.0315652052758 2.0967
812-12-5 -8.06055612656 -0.0440824418508 2.0985
812-12-8 -8.73294942171 -0.371979617346 2.0953
812-1212- -8.05946767121 -0.0457151248823 2.1004
812-124- -8.15470751471 -0.0438103280122 2.1015
812-13- -8.15634019774 -0.0296604084058 2.1038
812-4-13- -8.10055686083 -0.0470756940752 2.1011
812-5- -8.58709640422 -0.0244902454726 2.0989
812-5-8- -8.7653309685 -0.601371583273 2.1020
812-8 -9.7258928187 -0.582051500733 2.0990
81212 -8.5269592459 0.0198643102167 2.0988
81212-13- -7.80068741071 -0.0443545556893 2.1018
8128- -9.7258928187 -0.581779386895 2.0989
8128-12 -9.14737879787 -0.674570205852 2.0972
813 -9.00207000807 0.0212248794096 2.1145
813- -9.00207000807 0.0212248794096 2.1145
813-12 -8.23198784487 -0.020952765571 2.1160
813-12- -8.21566101456 0.0312930914373 2.1153
813-13 -7.9310299394 0.0538785400398 2.1160
813-1313 -7.78218366969 0.00598650444887 2.1143
813-4-4- -8.4042359047 0.0136056919292 2.1142
813-5 -8.30056053219 -0.0402728481106 2.1163
813-5- -8.4600192416 -0.0133335780907 2.1155
813-513 -8.06599840333 -0.0527900846855 2.1152
813-8 -9.23527156773 -0.435926369413 2.1163
813-8- -9.23527156773 -0.435926369413 2.1163
813-8-5- -8.87363227625 -0.60763020156 4.1322
813-85 -8.87336016242 -0.606541746206 4.1360
81312 -8.21593312839 0.0315652052758 2.1152
81312- -8.23198784487 -0.020952765571 2.1160
81312-13- -7.65347382404 -0.0663957766147 2.1192
81313 -8.19062654141 -0.00925187051189 2.1138
81313- -8.11633946347 0.0397286204334 2.1139
81313-5 -7.94082603758 -0.00680284596462 2.1143
8131312 -7.76667318089 -0.00625861828745 2.1134
8131313- -7.40258486486 0.011156667382 3.9990
813138 -8.41756948279 -0.170343262954 2.1155
8134 -8.51063241558 0.0206806517325 2.1140
8134- -8.51090452942 0.0204085378939 2.1142
8135 -8.46029135544 -0.0136056919292 2.1156
8135-4 -8.26845109924 -0.0310209775987 2.1147
8138-5 -8.87363227625 -0.60763020156 4.1322
81388 -9.34520555852 -1.15158576489 2.0145
84 -9.99610186042 -0.0380959374019 2.0640
84- -9.99610186042 -0.0380959374019 2.0640
84-12 -8.71825527442 -0.0873485421858 2.0647
84-12- -8.71825527442 -0.0873485421858 2.0647
84-128 -8.92751081629 -0.510485561185 4.3245
84-13 -8.41321566137 -0.0340142298231 2.0636
84-13- -8.41321566137 -0.0340142298231 2.0636
84-13-4 -8.07851563991 -0.0489804909453 2.0631
84-4- -9.26275506543 -0.036735368209 2.0647
84-4-12 -8.48478160092 -0.0614977275202 2.0648
84-4-8 -9.45758857386 -0.394565065948 2.0659
84-5 -8.8485978031 -0.182860499529 2.0669
84-5- -8.8485978031 -0.182860499529 2.0669
84-512- -8.28341736036 -0.199731557521 2.0653
84-513- -8.15634019774 -0.139322285355 2.0656
84-55- -8.49430558527 -0.2038132651 2.0661
84-8 -10.0913417039 -0.674298092013 2.0670
84-8- -10.0913417039 -0.674298092013 2.0670
8412 -8.71825527442 -0.0873485421858 2.0647
8412- -8.71825527442 -0.0873485421858 2.0647
8413-8 -8.68342470308 -0.347489371873 2.0667
844- -9.26275506543 -0.0380959374019 2.0652
84412 -8.48478160092 -0.0614977275202 2.0648
8448- -9.4578606877 -0.394565065948 2.0661
845 -8.8485978031 -0.182860499529 2.0669
845- -8.8485978031 -0.182860499529 2.0669
8454- -8.59716461625 -0.157826026379 2.0649
848- -10.0913417039 -0.674298092013 2.0670
848-5- -9.37785921915 -0.787769562703 2.0668
848-8- -10.1732479693 -1.26342455255 1.9904
84812- -9.30983075951 -0.737156388727 2.0663
85 -9.68317094604 -0.072110167225 2.1052
85- -9.68670842595 -0.0737428502565 2.1052
85-13 -8.39063021277 -0.0821783792526 2.1041
85-13- -8.38328313912 -0.118641633623 2.1066
85-134- -8.07797141223 -0.129798301005 2.1031
85-138 -8.49348924375 -0.514839382603 2.1080
85-4- -9.01894106606 -0.124356024233 2.1054
85-5 -8.67771031247 -0.305855954569 2.1045
85-5-4 -8.57593973684 -0.234290015022 2.1040
8512 -8.56832054936 -0.19238448388 2.1063
85124 -8.15606808391 -0.274562863132 2.1052
85125 -8.07035222475 -0.281365709097 2.1049
8513 -8.38273891145 -0.118369519784 2.1066
8513- -8.39063021277 -0.0821783792526 2.1042
854 -9.01894106606 -0.124356024233 2.1053
854- -8.83417576966 -0.236194811892 2.1081
854-4 -8.78846064478 -0.176601881242 2.1027
854-8 -9.16588253889 -0.562731418194 2.0669
854-8- -9.16561042506 -0.562731418194 2.0670
85513 -8.18872174454 -0.252793756045 2.1051
858 -9.76670989449 -0.822600134042 2.1073
858- -9.76670989449 -0.822600134042 2.1073
858-8- -9.85868437193 -1.37499122637 2.0077
88 -11.138163641 -0.834028915263 2.0040
88- -11.138163641 -0.834028915263 2.0040
88-13 -9.14520188716 -0.797565660892 2.0119
88-13- -9.14520188716 -0.797565660892 2.0119
88-13-12 -8.3577044383 -0.875390218728 2.0111
88-1312- -8.3577044383 -0.875390218728 2.0111
88-4 -10.0954234115 -0.916479408354 1.9877
88-4-8 -10.1735200832 -1.26342455255 1.9904
88-48- -10.1735200832 -1.26342455255 1.9904
88-5- -9.79392127835 -0.98069827426 2.0093
88-5-12- -8.67417283257 -1.02940665137 2.0060
88-5-5- -8.99281813755 -0.962738760913 2.0627
88-8 -11.1885047011 -1.52302115456 1.9623
88-8- -11.1885047011 -1.52302115456 1.9623
88-84- -10.1520230899 -1.48955115241 3.1785
8813-5- -8.39879362792 -0.872124852665 2.0146
