11 -7.29673258165 -1.17145007511 4.0597
1111 -7.25509916435 -3.13992158343 2.4571
1111- -7.32775355925 -3.11624767947 2.5482
1111-11- -7.12911045709 -3.91000374663 1.7311
1111-11-11 -7.1263893187 -3.61693714247 2.1178
1111-11-11- -7.32775355925 -4.300487105 1.6558
1111-1111 -7.10271541474 -4.06538074846 1.6584
1111-1111- -7.12611720486 -3.61612080095 2.1185
111111 -7.18924761541 -4.02320310348 1.6785
111111- -7.12911045709 -3.91000374663 1.7311
111111-11 -7.10298752858 -4.06456440694 1.6593
111111-11- -7.06679638805 -4.37858377667 1.3053
11111111 -7.26680005941 -4.19300213875 1.6792
11111111- -7.17346501278 -4.10456514121 1.7126
12aa -6.12228925432 0.505315398252 6.4982
12aa12aa -5.25615090611 -0.616337844395 4.5575
12aa12aa- -5.268123915 -0.6114397953 4.5646
12aa12aa-12aa -4.91872974626 -1.06995161332 3.7059
12aa12aa-12aa-12aa -4.71001843207 -1.30696276672 3.2094
12aa12aa-12aa-12aa- -4.68117436518 -1.28029561054 3.2136
12aa12aa-12aa12aa -4.7116511151 -1.29879935157 3.2324
12aa12aa-12aa12aa- -4.73614136057 -1.31811943411 3.2310
12aa12aa12aa -4.87192616602 -1.03865852188 3.7127
12aa12aa12aa-12aa -4.7116511151 -1.29879935157 3.2324
12aa12aa12aa-12aa- -4.68743298346 -1.27947926903 3.2339
12aa12aa12aa12aa -4.65423509516 -1.25580536507 3.2187
12aa12aa12aa12aa- -4.68117436518 -1.28029561054 3.2136
12ae -6.13262958019 -0.243541885533 5.7088
12ae12ae -5.47465831849 -1.23702951021 4.0719
12ae12ae- -5.46459010646 -1.22124690757 4.0901
12ae12ae-12ae -5.16635333937 -1.62016579493 3.3269
12ae12ae-12ae-12ae -5.00090812551 -1.83976166267 2.8930
12ae12ae-12ae-12ae- -4.9796832461 -1.81744832791 2.9013
12ae12ae-12ae12ae -4.98757454742 -1.81772044175 2.9276
12ae12ae-12ae12ae- -5.00852731299 -1.8378568658 2.9202
12ae12ae12ae -5.15574089967 -1.61880522574 3.3666
12ae12ae12ae-12ae -5.00444560542 -1.84248280106 2.9357
12ae12ae12ae-12ae- -4.98240438449 -1.82071369397 2.9443
12ae12ae12ae12ae -4.97805056307 -1.82343483236 2.9413
12ae12ae12ae12ae- -4.99138414116 -1.84112223187 2.9307
12af -5.75520768607 0.582323614572 6.0187
12af12af -5.03791560756 -0.545044018686 4.3811
12af12af- -5.00825519916 -0.613616706009 4.2864
12af12af-12af -4.61450647472 -1.01090291034 3.4580
12af12af-12af-12af -4.32361678128 -1.20981812635 2.9290
12af12af-12af-12af- -4.30456881257 -1.19838934513 2.9318
12af12af-12af12af -4.42810849529 -1.2383900794 3.0174
12af12af-12af12af- -4.44389109793 -1.30152048995 2.9757
12af12af12af -4.70566461065 -1.00382795054 3.5712
12af12af12af-12af -4.46457174966 -1.29417341631 3.0025
12af12af12af-12af- -4.4422584149 -1.29009170873 2.9949
12af12af12af12af -4.51708972051 -1.24818617759 3.0868
12af12af12af12af- -4.53532134769 -1.32437805239 3.0344
12ai -5.95330656056 0.650624188057 6.4264
12ai12ai -5.10267870114 -0.440008076992 4.5264
12ai12ai- -5.07383463425 -0.435110027897 4.5059
12ai12ai-12ai -4.71355591197 -0.873757535696 3.6516
12ai12ai-12ai-12ai -4.49341581655 -1.12301381184 3.1451
12ai12ai-12ai-12ai- -4.44987760238 -1.10614275385 3.1383
12ai12ai-12ai12ai -4.48361971836 -1.10287738778 3.1748
12ai12ai-12ai12ai- -4.50702150848 -1.1276397471 3.1643
12ai12ai12ai -4.67001769779 -0.878655584791 3.6480
12ai12ai12ai-12ai -4.49151101968 -1.11539462436 3.1677
12ai12ai12ai-12ai- -4.46076215592 -1.09498608647 3.1701
12ai12ai12ai12ai -4.42729215378 -1.0917207204 3.1465
12ai12ai12ai12ai- -4.46348329431 -1.10614275385 3.1481
12al -5.55030596562 0.536064262012 5.7895
12al12al -4.70620883833 -0.420143766775 4.1851
12al12al- -4.7772305502 -0.381775715535 4.2630
12al12al-12al -4.421849877 -0.808722328274 3.4161
12al12al-12al-12al -4.28334393317 -1.02233169156 2.9793
12al12al-12al-12al- -4.26266328143 -0.933894694023 3.0495
12al12al-12al12al -4.15681099822 -1.02859030985 2.9285
12al12al-12al12al- -4.20361457846 -1.0381142942 2.9490
12al12al12al -4.26728921669 -0.79810988857 3.3627
12al12al12al-12al -4.14864758307 -1.02804608217 2.9293
12al12al12al-12al- -4.14075628175 -0.969269493039 2.9826
12al12al12al12al -3.99789651649 -0.986684778709 2.8625
12al12al12al12al- -4.04116261682 -0.997841446091 2.8807
12ea -6.13262958019 -0.243541885533 5.7088
12ea12ea -5.47465831849 -1.23702951021 4.0718
12ea12ea- -5.46459010646 -1.22124690757 4.0901
12ea12ea-12ea -5.16635333937 -1.62016579493 3.3270
12ea12ea-12ea-12ea -5.00090812551 -1.83976166267 2.8930
12ea12ea-12ea-12ea- -4.99138414116 -1.84112223187 2.9307
12ea12ea-12ea12ea -5.00444560542 -1.84248280106 2.9357
12ea12ea-12ea12ea- -5.00852731299 -1.8378568658 2.9202
12ea12ea12ea -5.15574089967 -1.61880522574 3.3666
12ea12ea12ea-12ea -4.98757454742 -1.81772044175 2.9277
12ea12ea12ea-12ea- -4.98240438449 -1.82071369397 2.9443
12ea12ea12ea12ea -4.97805056307 -1.82343483236 2.9414
12ea12ea12ea12ea- -4.9796832461 -1.81744832791 2.9012
12ee -6.27031918251 -0.46531466398 5.1744
12ee12ee -5.56636068209 -1.6615270984 3.6810
12ee12ee- -5.56717702361 -1.64710506495 3.7478
12ee12ee-12ee -5.31982554434 -1.92221215576 3.1154
12ee12ee-12ee-12ee- -5.28771611138 -2.00738378724 2.9237
12ee12ee-12ee12ee -5.21397326113 -2.07432379153 2.8320
12ee12ee-12ee12ee- -5.18295228353 -2.08493623124 2.7830
12ee12ee12ee -5.27982481006 -1.98697524935 3.0723
12ee12ee12ee-12ee -5.21397326113 -2.07432379153 2.8321
12ee12ee12ee-12ee- -5.12172666985 -2.1622165614 2.7016
12ee12ee12ee12ee -5.12825740197 -2.16384924443 2.6988
12ee12ee12ee12ee- -5.28771611138 -2.00738378724 2.9238
12ef -5.9952120917 -0.210343997226 5.2739
12ef12ef -5.23737505124 -1.15784438318 3.8468
12ef12ef- -5.29996123412 -1.26723414629 3.8648
12ef12ef-12ef -4.88036169502 -1.54016432639 3.0746
12ef12ef-12ef-12ef -4.63192176039 -1.76737938161 2.5652
12ef12ef-12ef-12ef- -4.69097046337 -1.80765222972 2.6339
12ef12ef-12ef12ef -4.70566461065 -1.73554206249 2.7174
12ef12ef-12ef12ef- -4.75872680917 -1.82125792165 2.6853
12ef12ef12ef -4.92907007213 -1.53200091123 3.1811
12ef12ef12ef-12ef -4.73178753915 -1.77391011374 2.7017
12ef12ef12ef-12ef- -4.78539396535 -1.85010198854 2.7142
12ef12ef12ef12ef -4.7617200614 -1.7412564531 2.7717
12ef12ef12ef12ef- -4.81505437376 -1.83404727206 2.7193
12ei -6.03085900456 -0.172792287501 5.6230
12ei12ei -5.46731124485 -0.946956158275 4.2244
12ei12ei- -5.26676334581 -1.05961128745 4.0373
12ei12ei-12ei -4.96281218811 -1.43104667712 3.2811
12ei12ei-12ei-12ei -4.87845689815 -1.54615083084 2.9863
12ei12ei-12ei-12ei- -4.95845836669 -1.48982326625 3.1296
12ei12ei-12ei12ei -4.86022527097 -1.58479099592 2.9933
12ei12ei-12ei12ei- -4.80933998315 -1.61826099806 2.9035
12ei12ei12ei -5.21832708254 -1.25471690972 3.6263
12ei12ei12ei-12ei -4.844986896 -1.5839746544 2.9699
12ei12ei12ei-12ei- -4.91981820162 -1.52764708982 3.0930
12ei12ei12ei12ei -5.08716821234 -1.40601220397 3.2943
12ei12ei12ei12ei- -4.95682568366 -1.48165985109 3.1107
12el -5.79031037125 -0.260685057364 4.9666
12el12el -4.95192763457 -0.993215510835 3.7343
12el12el- -4.98512552288 -0.934166807862 3.8388
12el12el-12el -4.9655333265 -1.48438098948 3.2326
12el12el-12el-12el -4.81314957689 -1.68084718094 2.8049
12el12el-12el-12el- -4.77124404575 -1.40220261023 3.0378
12el12el-12el12el -4.83056486256 -1.61690042887 2.9215
12el12el-12el12el- -4.72634526238 -1.62941766545 2.8146
12el12el12el -4.5579067963 -1.32056845865 3.0210
12el12el12el-12el -4.75954315069 -1.61880522574 2.8534
12el12el12el-12el- -4.45749678986 -1.45009464582 2.7467
12el12el12el12el -4.32742637502 -1.48900692474 2.5854
12el12el12el12el- -4.32797060269 -1.48438098948 2.5531
12fa -5.67520621753 0.537424831205 5.9028
12fa12fa -4.82430624427 -0.441912873862 4.2848
12fa12fa- -5.00825519916 -0.613616706009 4.2864
12fa12fa-12fa -4.53586557537 -0.931717783315 3.4744
12fa12fa-12fa-12fa -4.40171345295 -1.19702877594 3.0234
12fa12fa-12fa-12fa- -4.53532134769 -1.32437805239 3.0344
12fa12fa-12fa12fa -4.25967002921 -1.11974844578 2.9821
12fa12fa-12fa12fa- -4.44389109793 -1.30152048995 2.9757
12fa12fa12fa -4.39137312708 -0.833484687586 3.4466
12fa12fa12fa-12fa -4.30239190187 -1.15512324479 2.9880
12fa12fa12fa-12fa- -4.4422584149 -1.29009170873 2.9949
12fa12fa12fa12fa -4.12823904517 -1.03022299288 2.9397
12fa12fa12fa12fa- -4.3040245849 -1.19893357281 2.9311
12fe -5.97208241542 -0.415789945358 5.0031
12fe12fe -5.13995829703 -1.12410226719 3.7977
12fe12fe- -5.29996123412 -1.26723414629 3.8648
12fe12fe-12fe -4.8428099853 -1.50043570596 3.1377
12fe12fe-12fe-12fe -4.706753066 -1.73227669643 2.7078
12fe12fe-12fe-12fe- -4.81505437376 -1.8343193859 2.7192
12fe12fe-12fe12fe -4.59192102612 -1.66914628588 2.6872
12fe12fe-12fe12fe- -4.75872680917 -1.82125792165 2.6853
12fe12fe12fe -4.75709412614 -1.47594546048 3.0719
12fe12fe12fe-12fe -4.6686571286 -1.73363726562 2.7170
12fe12fe12fe-12fe- -4.78512185152 -1.85010198854 2.7141
12fe12fe12fe12fe -4.53559346153 -1.66588091982 2.6266
12fe12fe12fe12fe- -4.69097046337 -1.80765222972 2.6339
12ff -5.66241686711 0.731169884278 5.6867
12ff12ff -4.77777477787 -0.343679778133 4.3543
12ff12ff- -4.9619958466 -0.543955563331 4.3580
12ff12ff-12ff -4.40824418508 -0.782871513609 3.5027
12ff12ff-12ff-12ff -4.18211758521 -1.03920274956 2.9810
12ff12ff-12ff-12ff- -4.33749458704 -1.21879788302 2.9843
12ff12ff-12ff12ff -4.14647067236 -0.974167542134 3.0348
12ff12ff-12ff12ff- -4.34783491291 -1.18913747462 3.0178
12ff12ff12ff -4.37504629677 -0.780966716739 3.5051
12ff12ff12ff-12ff -4.23790092212 -1.07784291463 3.0237
12ff12ff12ff-12ff- -4.39001255789 -1.26560146326 3.0086
12ff12ff12ff12ff -4.1418447371 -1.00654908893 3.0038
12ff12ff12ff12ff- -4.33749458704 -1.21879788302 2.9843
12fi -5.58840190302 0.700421020518 5.9690
12fi12fi -4.82321778892 -0.198643102167 4.4214
12fi12fi- -4.85532722187 -0.429667751126 4.3011
12fi12fi-12fi -4.37422995525 -0.734163136502 3.4771
12fi12fi-12fi-12fi -4.34157629462 -0.918112091385 3.1492
12fi12fi-12fi-12fi- -4.63954094787 -0.993215510835 3.3329
12fi12fi-12fi12fi -4.13694668801 -0.891989162881 3.0397
12fi12fi-12fi12fi- -4.26864978588 -1.10124470475 2.9723
12fi12fi12fi -4.41423068952 -0.565724670418 3.6263
12fi12fi12fi-12fi -4.18701563431 -0.936615832409 3.0465
12fi12fi12fi-12fi- -4.42919695065 -1.04274022946 3.1546
12fi12fi12fi12fi -4.21558758736 -0.719741103057 3.1972
12fi12fi12fi12fi- -4.24470376809 -0.961650305559 3.0376
12fl -5.56282320219 0.68273362101 5.8657
12fl12fl -4.5304232986 -0.201364240553 4.2558
12fl12fl- -4.68498395892 -0.334155793782 4.2648
12fl12fl-12fl -4.21259433513 -0.623140690359 3.4392
12fl12fl-12fl-12fl -4.22783271009 -1.03566526965 2.9938
12fl12fl-12fl-12fl- -4.34810702675 -1.17689235188 2.9911
12fl12fl-12fl12fl -3.92360943856 -0.799470457762 2.9508
12fl12fl-12fl12fl- -4.09585749838 -0.943418678374 2.9744
12fl12fl12fl -4.05422408108 -0.524363366953 3.4299
12fl12fl12fl-12fl -3.94020838271 -0.814980946562 2.9600
12fl12fl12fl-12fl- -4.06701343149 -0.877567129436 3.0166
12fl12fl12fl12fl -3.76469495682 -0.67103272595 2.9369
12fl12fl12fl12fl- -3.90673838056 -0.823960703235 2.9078
12ia -5.95330656056 0.650624188057 6.4264
12ia12ia -5.10240658731 -0.440008076992 4.5262
12ia12ia- -5.07383463425 -0.435110027897 4.5059
12ia12ia-12ia -4.71382802581 -0.873757535696 3.6517
12ia12ia-12ia-12ia -4.49341581655 -1.12301381184 3.1451
12ia12ia-12ia-12ia- -4.46348329431 -1.10614275385 3.1482
12ia12ia-12ia12ia -4.49123890584 -1.1156667382 3.1675
12ia12ia-12ia12ia- -4.50702150848 -1.1276397471 3.1643
12ia12ia12ia -4.67001769779 -0.878655584791 3.6480
12ia12ia12ia-12ia -4.48361971836 -1.10287738778 3.1748
12ia12ia12ia-12ia- -4.46076215592 -1.09498608647 3.1701
12ia12ia12ia12ia -4.42729215378 -1.0917207204 3.1465
12ia12ia12ia12ia- -4.44987760238 -1.10614275385 3.1383
12ie -6.03085900456 -0.172792287501 5.6230
12ie12ie -5.46731124485 -0.947228272114 4.2244
12ie12ie- -5.26703545965 -1.05961128745 4.0374
12ie12ie-12ie -4.96281218811 -1.43104667712 3.2811
12ie12ie-12ie-12ie -4.87927323967 -1.54451814781 2.9885
12ie12ie-12ie-12ie- -4.96172373276 -1.47404066361 3.1190
12ie12ie-12ie12ie -4.844986896 -1.5839746544 2.9700
12ie12ie-12ie12ie- -4.80961209699 -1.61798888423 2.9040
12ie12ie12ie -5.21859919638 -1.25471690972 3.6263
12ie12ie12ie-12ie -4.86022527097 -1.58479099592 2.9933
12ie12ie12ie-12ie- -4.91981820162 -1.52764708982 3.0929
12ie12ie12ie12ie -5.08716821234 -1.40628431781 3.2941
12ie12ie12ie12ie- -4.95845836669 -1.48982326625 3.1295
12if -5.65425345196 0.761646634199 6.0640
12if12if -5.12091032833 -0.211704566419 4.5948
12if12if- -4.85532722187 -0.429667751126 4.3011
12if12if-12if -4.44144207338 -0.789674359573 3.4630
12if12if-12if-12if -4.19762807401 -0.968725265362 2.9726
12if12if-12if-12if- -4.24470376809 -0.961650305559 3.0376
12if12if-12if12if -4.33912727008 -0.97117428991 3.1373
12if12if-12if12if- -4.26864978588 -1.10124470475 2.9723
12if12if12if -4.90457982665 -0.604909063174 3.9335
12if12if12if-12if -4.38620296415 -1.03838640804 3.1138
12if12if12if-12if- -4.42919695065 -1.04274022946 3.1546
12if12if12if12if -4.79736697425 -0.794844522507 3.5827
12if12if12if12if- -4.63954094787 -0.993215510835 3.3329
12ii -5.81017468147 0.78831379038 6.4589
12ii12ii -5.21206846426 -0.0704774841935 4.7951
12ii12ii- -4.90485194049 -0.268848472522 4.4752
12ii12ii-12ii -4.58566240783 -0.649807846541 3.6881
12ii12ii-12ii-12ii -4.51409646829 -0.773347529258 3.3749
12ii12ii-12ii-12ii- -4.6305611912 -0.652256871088 3.5931
12ii12ii-12ii12ii -4.49423215807 -0.788858018058 3.3962
12ii12ii-12ii12ii- -4.41559125872 -0.859335502251 3.2632
12ii12ii12ii -4.90784519272 -0.423409132838 4.1085
12ii12ii12ii-12ii -4.49423215807 -0.788858018058 3.3961
12ii12ii12ii-12ii- -4.56062793468 -0.729537201246 3.5050
12ii12ii12ii12ii -4.78974778677 -0.546676701717 3.8011
12ii12ii12ii12ii- -4.63028907736 -0.651984757249 3.5931
12il -5.89534631294 0.632392560871 6.3541
12il12il -5.16853025008 -0.358101811578 4.5524
12il12il- -4.92009031545 -0.37497286957 4.3855
12il12il-12il -4.61695549927 -0.899608350362 3.5244
12il12il-12il-12il -4.47001402643 -1.04981518926 3.1290
12il12il-12il-12il- -4.43899304884 -0.880288267822 3.2460
12il12il-12il12il -4.46566020502 -1.0571622629 3.1645
12il12il-12il12il- -4.39708751769 -1.03049510672 3.1228
12il12il12il-12il -4.42647581226 -1.03484892814 3.1482
12il12il12il-12il- -4.43273443055 -1.03022299288 3.1585
12il12il12il12il -4.63437078494 -0.868315258924 3.4136
12il12il12il12il- -4.48906199514 -0.936615832409 3.2486
12la -5.72309825312 0.635930040773 5.9947
12la12la -4.92471625071 -0.417150514551 4.3010
12la12la- -4.7772305502 -0.381775715535 4.2630
12la12la-12la -4.46457174966 -0.883553633885 3.4027
12la12la-12la-12la -4.1813012437 -1.09825145253 2.8931
12la12la-12la-12la- -4.04034627531 -0.998385673768 2.8799
12la12la-12la12la -4.28334393317 -1.08192462221 2.9782
12la12la-12la12la- -4.20361457846 -1.0381142942 2.9490
12la12la12la -4.55192029185 -0.786136879672 3.5405
12la12la12la-12la -4.27028246891 -1.05879494593 2.9951
12la12la12la-12la- -4.14075628175 -0.969269493039 2.9826
12la12la12la12la -4.33640613169 -0.969813720717 3.0849
12la12la12la12la- -4.26266328143 -0.933894694023 3.0496
12le -5.96255843107 -0.174424970533 5.2240
12le12le -5.20336082142 -1.01389616257 3.9435
12le12le- -4.98512552288 -0.934166807862 3.8388
12le12le-12le -4.73178753915 -1.38043350314 3.1061
12le12le-12le-12le- -4.72444046551 -1.52410960991 2.8708
12le12le-12le12le -4.8964164115 -1.51649042243 3.0279
12le12le-12le12le- -4.72634526238 -1.62941766545 2.8145
12le12le12le -4.88852511018 -1.31811943411 3.2918
12le12le12le-12le -4.60253346583 -1.54506237549 2.7885
12le12le12le-12le- -4.45749678986 -1.45009464582 2.7467
12le12le12le12le -4.72688949006 -1.48764635554 2.8942
12le12le12le12le- -4.77124404575 -1.40220261023 3.0379
12lf -5.66432166398 0.818246312625 6.0080
12lf12lf -5.37125505983 -0.0484362632681 4.8174
12lf12lf- -4.68498395892 -0.334155793782 4.2648
12lf12lf-12lf -4.32388889511 -0.729537201246 3.4457
12lf12lf-12lf-12lf -4.00633204549 -0.921649571287 2.8975
12lf12lf-12lf-12lf- -3.90673838056 -0.823960703235 2.9078
12lf12lf-12lf12lf -4.19599539098 -0.977705022036 3.0298
12lf12lf-12lf12lf- -4.09585749838 -0.943418678374 2.9743
12lf12lf12lf -4.43545556893 -0.771442732388 3.5211
12lf12lf12lf-12lf -4.27191515194 -1.07158429635 3.0107
12lf12lf12lf-12lf- -4.45722467602 -1.27893504135 2.9972
12lf12lf12lf12lf -4.22538368555 -1.00600486125 3.0363
12lf12lf12lf12lf- -4.22674425474 -0.863689323669 3.0954
12li -5.63085166184 0.810627125144 6.0882
12li12li -4.99220048268 -0.118913747462 4.5698
12li12li- -4.92009031545 -0.375244983409 4.3854
12li12li-12li -4.5579067963 -0.844369241129 3.5155
12li12li-12li-12li -4.41069320962 -1.01171925186 3.1142
12li12li-12li-12li- -4.47763321391 -0.933350466346 3.2432
12li12li-12li12li -4.3802164597 -1.0775708008 3.0713
12li12li-12li12li- -4.39708751769 -1.03049510672 3.1228
12li12li12li -4.5579067963 -0.844641354968 3.5154
12li12li12li-12li -4.37967223202 -1.07811502847 3.0706
12li12li12li-12li- -4.43273443055 -1.03022299288 3.1585
12li12li12li12li -4.3802164597 -1.07729868696 3.0715
12li12li12li12li- -4.40579516053 -1.01117502418 3.1124
12ll -5.48663132739 0.792395497959 5.9815
12ll12ll -4.6150507024 -0.122179113525 4.3423
12ll12ll- -4.39327792395 -0.0440824418508 4.2365
12ll12ll-12ll -4.78376128232 -0.577969793154 3.8752
12ll12ll-12ll-12ll -4.49613695494 -0.925187051189 3.2578
12ll12ll-12ll-12ll- -4.47926589695 -0.632936788549 3.4605
12ll12ll-12ll12ll -4.68688875579 -0.729809315085 3.5472
12ll12ll-12ll12ll- -4.44035361803 -0.770898504711 3.3185
12ll12ll12ll -4.2003492124 -0.43647059709 3.5532
12ll12ll12ll-12ll -3.91653447875 -0.661236627761 3.0264
12ll12ll12ll-12ll- -3.77013723359 -0.50966921967 3.0308
12ll12ll12ll12ll -3.96170537596 -0.580418817702 3.0867
12ll12ll12ll12ll- -4.4887898813 -0.646814594316 3.4615
2 -7.27768461295 0.473205965299 8.2968
22 -6.24991064462 -0.640828089867 6.0300
22- -6.20582820277 -0.848450948708 5.5054
22-2 -5.65887938721 -1.46750993149 4.3253
22-2- -5.68581865723 -1.34995675322 4.5720
22-2-2 -5.34050619607 -1.73744685936 3.8308
22-2-2- -5.35846570941 -1.66941839972 3.9588
22-22 -5.34377156213 -1.76220921868 3.7610
22-22- -5.32417936575 -1.83241458903 3.6364
222 -5.71085313038 -1.23049877808 4.8618
222- -5.68581865723 -1.3505009809 4.5718
222-2 -5.34377156213 -1.76193710484 3.7611
222-2- -5.36554066922 -1.68166352245 3.9135
2222 -5.37778579195 -1.59077750037 4.1317
2222- -5.35846570941 -1.66941839972 3.9589
4aa -6.71821856082 0.0710217118707 5.5340
4aa4aa -5.92282981064 -0.920561115933 4.7368
4aa4aa- -5.92310192448 -0.921649571287 4.7361
4aa4aa-4aa -5.59738165969 -1.32465016623 4.0023
4aa4aa-4aa-4aa -5.43112010432 -1.53798741568 3.5979
4aa4aa-4aa-4aa- -5.64282467074 -1.19974991432 4.0519
4aa4aa-4aa4aa -5.43112010432 -1.53798741568 3.5979
4aa4aa-4aa4aa- -5.6496275167 -1.21253926473 4.0443
4aa4aa4aa -5.59738165969 -1.32437805239 4.0026
4aa4aa4aa-4aa -5.43112010432 -1.53798741568 3.5979
4aa4aa4aa-4aa- -5.43112010432 -1.53771530184 3.5980
4aa4aa4aa4aa -5.43112010432 -1.53798741568 3.5980
4aa4aa4aa4aa- -5.64935540286 -1.21308349241 4.0439
4ae -6.29616999718 -0.795932977861 5.0587
4ae4ae -6.12854787261 -1.11729942123 4.5058
4ae4ae- -6.10188071643 -1.10968023375 4.4624
4ae4ae-4ae -5.9451431454 -1.33308569523 4.1627
4ae4ae-4ae-4ae -5.86160419696 -1.46424456543 3.9567
4ae4ae-4ae-4ae- -5.86759070141 -1.45580903643 3.9698
4ae4ae-4ae4ae -5.86078785544 -1.45989074401 3.9497
4ae4ae-4ae4ae- -5.85480135099 -1.4612513132 3.9434
4ae4ae4ae -5.9655516833 -1.33390203674 4.2108
4ae4ae4ae-4ae -5.86078785544 -1.45880228865 3.9610
4ae4ae4ae-4ae- -5.86731858757 -1.45907440249 3.9667
4ae4ae4ae4ae -5.86922338444 -1.45580903643 3.9821
4ae4ae4ae4ae- -5.86786281525 -1.45689749178 3.9796
4af -5.96745648017 0.0146941472836 5.2093
4af4af -5.67275719298 -0.60382060782 4.5513
4af4af- -5.65017174438 -0.552935320005 4.5573
4af4af-4af -5.5184686465 -0.891989162881 4.1191
4af4af-4af-4af -5.44608636544 -1.09580242798 3.8542
4af4af-4af-4af- -5.40254815126 -1.06614201958 3.8433
4af4af-4af4af -5.47846791223 -1.11185714446 3.8799
4af4af-4af4af- -5.43465758422 -1.06178819816 3.8843
4af4af4af -5.44989595918 -0.90178526107 4.1190
4af4af4af-4af -5.34486001748 -1.00818177196 3.8745
4af4af4af-4af- -5.30295448634 -0.969269493039 3.8687
4af4af4af4af -5.14159098006 -1.41716887135 3.4174
4af4af4af4af- -5.1157401654 -1.37063740495 3.4327
4ai -6.41181837858 0.122179113525 5.4250
4ai4ai -6.05643770538 -0.44028019083 5.0295
4ai4ai- -6.05153965629 -0.447355150634 5.0348
4ai4ai-4ai -5.83711395148 -0.703414272742 4.6652
4ai4ai-4ai-4ai -5.7258193915 -0.839199078196 4.4070
4ai4ai-4ai-4ai- -5.71738386251 -0.845185582645 4.3950
4ai4ai-4ai4ai -5.72445882231 -0.84409712729 4.3983
4ai4ai-4ai4ai- -5.72255402544 -0.848178834869 4.3931
4ai4ai4ai -5.82867842249 -0.708040207998 4.6575
4ai4ai4ai-4ai -5.72146557009 -0.847634607192 4.3965
4ai4ai4ai-4ai- -5.72636361918 -0.835661598294 4.4113
4ai4ai4ai4ai -5.7236424808 -0.833756801424 4.4126
4ai4ai4ai4ai- -5.72309825312 -0.837022167487 4.4099
4al -5.86432533534 0.0843552899613 5.1811
4ea -6.29589788334 -0.795932977861 5.0587
4ea4ea -6.12881998645 -1.11757153507 4.5060
4ea4ea- -6.10188071643 -1.10968023375 4.4625
4ea4ea-4ea -5.94541525924 -1.33281358139 4.1629
4ea4ea-4ea-4ea -5.85969940009 -1.46261188239 3.9576
4ea4ea-4ea-4ea- -5.87031183979 -1.45798594714 3.9779
4ea4ea-4ea4ea -5.86024362776 -1.4647887931 3.9509
4ea4ea-4ea4ea- -5.85480135099 -1.46152342704 3.9432
4ea4ea4ea -5.96527956946 -1.33417415058 4.2104
4ea4ea4ea-4ea -5.85942728625 -1.45145521501 3.9595
4ea4ea4ea-4ea- -5.86242053847 -1.46016285785 3.9603
4ea4ea4ea4ea -5.86922338444 -1.45580903643 3.9821
4ea4ea4ea4ea- -5.8640532215 -1.45254367037 3.9732
4ee -6.13671128777 -1.39104594285 4.7626
4ee4ee -6.06351266519 -1.58996115885 4.0421
4ee4ee4ee -5.99466786403 -1.70261628803 3.8835
4ee4ee4ee4ee -5.94677582843 -1.76928417848 3.7732
4ef -5.80745354308 -0.487627998744 4.8381
4ef4ef -5.65969572873 -0.867498917409 4.2827
4ef4ef- -5.67058028227 -0.698788337486 4.3739
4ef4ef-4ef -5.62676995426 -1.12301381184 3.9333
4ef4ef-4ef-4ef -5.5184686465 -1.37744025092 3.6537
4ef4ef-4ef-4ef- -5.47248140778 -1.2919965056 3.6887
4ef4ef-4ef4ef- -5.55602035623 -1.12464649487 3.8704
4ef4ef4ef -5.55465978703 -1.09280917576 3.9841
4ef4ef4ef-4ef -5.51955710186 -1.08845535434 3.8900
4ef4ef4ef-4ef- -5.46186896808 -1.07294486554 3.8550
4ef4ef4ef4ef -5.483910189 -1.21743731383 3.8046
4ef4ef4ef4ef- -5.47003238323 -1.11621096588 3.8748
4ei -6.08963559369 -0.693346060714 4.9894
4ei4ei -6.01126680818 -0.88464208924 4.4948
4ei4ei- -6.01181103586 -0.880016153984 4.5002
4ei4ei-4ei -5.97698046452 -0.948588841307 4.4536
4ei4ei-4ei-4ei -5.94895273914 -1.01688941479 4.4113
4ei4ei-4ei-4ei- -5.9486806253 -1.04083543259 4.4034
4ei4ei-4ei4ei -5.95085753601 -1.04001909107 4.4054
4ei4ei-4ei4ei- -5.95466712975 -1.00328372286 4.4269
4ei4ei4ei -5.97181030158 -0.979881932744 4.4349
4ei4ei4ei-4ei -5.95493924359 -0.997569332252 4.4279
4ei4ei4ei-4ei- -5.94840851147 -1.02342014692 4.4097
4ei4ei4ei4ei -5.9486806253 -1.04110754643 4.4032
4ei4ei4ei4ei- -5.96664013865 -0.998929901445 4.4486
4el -5.72554727767 -0.460960842563 4.8307
4fa -5.96745648017 0.0146941472836 5.2093
4fa4fa -5.57234718654 -0.843280785775 4.3155
4fa4fa- -5.8118073645 -0.719741103057 4.4728
4fa4fa-4fa -5.5184686465 -0.89226127672 4.1190
4fa4fa-4fa-4fa -5.4458142516 -1.0952582003 3.8543
4fa4fa-4fa-4fa- -5.63438914174 -1.2919965056 3.8625
4fa4fa-4fa4fa -5.34486001748 -1.00818177196 3.8743
4fa4fa-4fa4fa- -5.56880970664 -1.17199430279 3.9127
4fa4fa4fa -5.45016807302 -0.90178526107 4.1191
4fa4fa4fa-4fa -5.47846791223 -1.11158503062 3.8801
4fa4fa4fa-4fa- -5.68690711259 -1.28383309044 3.9137
4fa4fa4fa4fa -5.31574383676 -1.05607380755 3.8436
4fa4fa4fa4fa- -5.51738019115 -1.22015845221 3.8629
4fe -5.80636508772 -0.488716454099 4.8379
4fe4fe -5.65942361489 -0.867771031247 4.2822
4fe4fe- -5.71194158574 -1.03239990359 4.0439
4fe4fe-4fe -5.63302857255 -1.10260527395 3.9490
4fe4fe-4fe-4fe -5.52118978489 -1.38206618617 3.6503
4fe4fe-4fe-4fe- -5.55520401471 -1.49145594928 3.6468
4fe4fe-4fe4fe -5.52908108621 -1.14777617115 3.8618
4fe4fe-4fe4fe- -5.65044385822 -1.28573788731 3.8788
4fe4fe4fe -5.55465978703 -1.09253706192 3.9844
4fe4fe4fe-4fe -5.61724596991 -1.28900325338 3.8039
4fe4fe4fe-4fe- -5.61996710829 -1.50805489344 3.6523
4fe4fe4fe4fe -5.48363807516 -1.21743731383 3.8046
4fe4fe4fe4fe- -5.64636215064 -1.37009317728 3.7893
4ff -5.41615384319 -0.0772803301581 4.7702
4ff4ff -5.19764643081 -0.557017027583 4.1137
4ff4ff- -5.28309017613 -0.71348248477 4.0065
4ff4ff-4ff -5.15900626573 -0.918656319063 3.7092
4ff4ff-4ff-4ff -5.22268090396 -1.09961202172 3.6002
4ff4ff-4ff-4ff- -5.38812611782 -1.22260747676 3.6293
4ff4ff-4ff4ff -5.07846056951 -1.04274022946 3.5361
4ff4ff-4ff4ff- -5.2109800089 -1.18804901926 3.5198
4ff4ff4ff -5.03927617675 -0.808722328274 3.7538
4ff4ff4ff-4ff -5.08417496012 -1.03893063572 3.5474
4ff4ff4ff-4ff- -5.24608269408 -1.15267422025 3.5976
4ff4ff4ff4ff -4.93287966587 -0.9499494105 3.5251
4ff4ff4ff4ff- -5.08771244002 -1.06831893028 3.5502
4fi -5.74405101869 0.049796832461 5.0765
4fi4fi -5.57153084503 -0.313203028211 4.6205
4fi4fi- -5.67547833137 -0.536880603528 4.4559
4fi4fi-4fi -5.54268677814 -0.51538361028 4.4042
4fi4fi-4fi-4fi -5.44608636544 -0.742054437821 4.1172
4fi4fi-4fi-4fi- -5.55193864865 -0.941785995342 4.0999
4fi4fi-4fi4fi -5.43901140564 -0.569534264158 4.3014
4fi4fi-4fi4fi- -5.62404881587 -0.744503462368 4.2983
4fi4fi4fi -5.43411335654 -0.568445808804 4.3207
4fi4fi4fi-4fi -5.54921751026 -0.691713377683 4.2641
4fi4fi4fi-4fi- -5.6235045882 -0.908588107035 4.1698
4fi4fi4fi4fi -5.3696223768 -0.651712643411 4.2045
4fi4fi4fi4fi- -5.51384271125 -0.792123384121 4.2517
4fl -5.36145896164 -0.00680284596462 4.7733
4ia -6.41181837858 0.122179113525 5.4250
4ia4ia -6.05670981922 -0.440008076992 5.0300
4ia4ia- -6.05153965629 -0.447083036795 5.0349
4ia4ia-4ia -5.83711395148 -0.703686386581 4.6649
4ia4ia-4ia-4ia -5.72554727767 -0.839471192034 4.4068
4ia4ia-4ia-4ia- -5.72092134241 -0.840015419712 4.4054
4ia4ia-4ia4ia -5.71983288705 -0.849539404062 4.3937
4ia4ia-4ia4ia- -5.72282613928 -0.848178834869 4.3934
4ia4ia4ia -5.82840630865 -0.708040207998 4.6572
4ia4ia4ia-4ia -5.72445882231 -0.84409712729 4.3981
4ia4ia4ia-4ia- -5.72527516383 -0.837566395164 4.4087
4ia4ia4ia4ia -5.72337036696 -0.834028915263 4.4125
4ia4ia4ia4ia- -5.71765597635 -0.845185582645 4.3951
4ie -6.08963559369 -0.693073946876 4.9894
4ie4ie -6.01126680818 -0.884914203078 4.4948
4ie4ie- -6.0120831497 -0.879199812468 4.5010
4ie4ie-4ie -5.97561989532 -0.992671283158 4.4352
4ie4ie-4ie-4ie -5.95112964985 -1.03348835895 4.4075
4ie4ie-4ie-4ie- -5.94895273914 -1.01716152863 4.4113
4ie4ie-4ie4ie -5.9486806253 -1.01797787015 4.4106
4ie4ie-4ie4ie- -5.95466712975 -1.00056258448 4.4276
4ie4ie4ie -5.97208241542 -0.979609818906 4.4352
4ie4ie4ie-4ie -5.95493924359 -0.997025104575 4.4283
4ie4ie4ie-4ie- -5.95085753601 -1.04137966026 4.4051
4ie4ie4ie4ie -5.9486806253 -1.04056331875 4.4030
4ie4ie4ie4ie- -5.94813639763 -1.045189254 4.4022
4if -5.74377890485 0.0500689462996 5.0765
4if4if -5.57125873119 -0.314291483566 4.6198
4if4if- -5.56554434058 -0.258780260494 4.6894
4if4if-4if -5.54268677814 -0.515111496441 4.4043
4if4if-4if-4if -5.44608636544 -0.742054437821 4.1172
4if4if-4if-4if- -5.38812611782 -0.767905252487 4.0551
4if4if-4if4if -5.54921751026 -0.691713377683 4.2641
4if4if-4if4if- -5.52227824024 -0.625861828745 4.2929
4if4if4if -5.4338412427 -0.568717922642 4.3206
4if4if4if-4if -5.43846717796 -0.57116694719 4.2997
4if4if4if-4if- -5.34812538355 -0.551030523134 4.1997
4if4if4if4if -5.36935026296 -0.651712643411 4.2045
4if4if4if4if- -5.37588099508 -0.589942802052 4.2590
4ii -6.14106510918 0.164356758505 5.3122
4ii4ii -6.10895567623 0.065579435099 5.2463
4ii4ii4ii -6.08528177227 0.00217691070868 5.1863
4ii4ii4ii4ii -6.07684624328 -0.0356469128546 5.1780
4il -5.66132841176 0.128165617973 5.0639
4la -5.86432533534 0.0843552899613 5.1812
4la4la- -5.57180295886 -0.446538809118 4.5639
4la4la-4la-4la- -5.20091179687 -0.869675828117 3.8871
4le -5.72500304999 -0.46150507024 4.8306
4le4le- -5.5805106017 -0.638651179159 4.3473
4le4le-4le-4le- -5.37397619821 -0.995392421544 3.8966
4lf -5.36091473396 -0.00680284596462 4.7728
4lf4lf- -5.12689683278 -0.233201559667 4.3051
4lf4lf-4lf-4lf- -4.81206112154 -0.867498917409 3.4594
4li -5.66132841176 0.128165617973 5.0639
4li4li- -5.49533897022 -0.140138626871 4.7207
4li4li-4li-4li- -5.32826107333 -0.404905391814 4.3671
4ll -5.28309017613 0.0424497588192 4.7500
