11 -9.00125366655 0.456879134984 4.0298
1111 -8.92805504397 -1.60220628159 2.6255
1111- -9.01621992767 -1.59213806956 2.7305
1111-11- -8.79880097064 -2.4302486924 2.0253
1111-11-11 -8.7843789372 -2.13010712844 2.4377
1111-11-11- -9.00424691877 -2.83978001947 2.0044
1111-1111 -8.7617934886 -2.60603423213 2.0000
1111-1111- -8.7843789372 -2.12929078693 2.4384
111111 -8.860570812 -2.53991056935 1.9690
111111- -8.79880097064 -2.4302486924 2.0253
111111-11 -8.76206560243 -2.60521789061 2.0008
111111-11- -8.73186096635 -2.92876124469 1.6755
11111111 -8.9345857761 -2.73039025636 2.0113
11111111- -8.84125072946 -2.64032057579 2.0690
12aa -7.6447661812 1.94044378295 6.5746
12aa12aa -6.62025757893 0.648719391186 4.7546
12aa12aa- -6.63114213248 0.654433781797 4.7683
12aa12aa-12aa -6.19929747064 0.118641633623 3.9850
12aa12aa-12aa-12aa -5.94378257621 -0.161907733958 3.5459
12aa12aa-12aa-12aa- -5.91439428164 -0.1346963501 3.5533
12aa12aa-12aa12aa -5.9451431454 -0.153200091123 3.5712
12aa12aa-12aa12aa- -5.97044973239 -0.17306440134 3.5678
12aa12aa12aa -6.15194966273 0.149662611222 3.9922
12aa12aa12aa-12aa -5.9451431454 -0.153200091123 3.5712
12aa12aa12aa-12aa- -5.91983655841 -0.133335780907 3.5744
12aa12aa12aa12aa -5.88718289778 -0.110206104627 3.5603
12aa12aa12aa12aa- -5.91439428164 -0.1346963501 3.5533
12ae -7.5876222751 1.12573495023 5.8682
12ae12ae -6.79060084189 -0.0160547164765 4.3286
12ae12ae- -6.77889994683 -0.00190479687009 4.3552
12ae12ae-12ae -6.40256650806 -0.468580030043 3.6483
12ae12ae-12ae-12ae -6.19222251084 -0.727088176699 3.2608
12ae12ae-12ae-12ae- -6.17072551759 -0.702053703549 3.2743
12ae12ae-12ae12ae -6.17807259123 -0.703958500419 3.2947
12ae12ae-12ae12ae- -6.20065803983 -0.725727607506 3.2862
12ae12ae12ae -6.39059349917 -0.466947347012 3.6861
12ae12ae12ae-12ae -6.1954878769 -0.731986225793 3.3031
12ae12ae12ae-12ae- -6.17181397294 -0.708584435675 3.3127
12ae12ae12ae12ae -6.16664381001 -0.710761346384 3.3114
12ae12ae12ae12ae- -6.18079372962 -0.730081428923 3.2999
12af -7.29074607721 1.99024061541 6.2778
12af12af -6.41998179373 0.683005734848 4.6235
12af12af- -6.38515122239 0.60763020156 4.5272
12af12af-12af -5.9119452571 0.127077162619 3.7772
12af12af-12af-12af -5.57044238967 -0.122451227363 3.3267
12af12af-12af-12af- -5.55003385178 -0.113743584528 3.3244
12af12af-12af12af -5.67683890056 -0.142859765257 3.3987
12af12af-12af12af- -5.69207727552 -0.212248794096 3.3609
12af12af12af -6.00691298676 0.139866513033 3.8839
12af12af12af-12af -5.7187444317 -0.207078631163 3.3879
12af12af12af-12af- -5.69343784471 -0.20571806197 3.3750
12af12af12af12af -5.77371142709 -0.15183952193 3.4598
12af12af12af12af- -5.79085459893 -0.234290015022 3.4135
12ai -7.46217779551 2.08139875134 6.5406
12ai12ai -6.45671716194 0.819606881818 4.7416
12ai12ai- -6.42515195667 0.822600134042 4.7192
12ai12ai-12ai -5.98351119664 0.30776075144 3.9385
12ai12ai-12ai-12ai -5.71384638261 0.00979609818906 3.4815
12ai12ai-12ai-12ai- -5.66649857469 0.0234017901183 3.4701
12ai12ai-12ai12ai -5.7032339429 0.0318373191144 3.5117
12ai12ai-12ai12ai- -5.72854052989 0.00680284596462 3.4992
12ai12ai12ai -5.93480281954 0.296604084058 3.9298
12ai12ai12ai-12ai -5.7103089027 0.0204085378939 3.5104
12ai12ai12ai-12ai- -5.67683890056 0.040000734272 3.5113
12ai12ai12ai12ai -5.6411919877 0.0383680512405 3.4828
12ai12ai12ai12ai- -5.68037638046 0.0269392700199 3.4915
12al -7.05645606218 1.93636207537 6.0616
12al12al -6.05834250225 0.806545417566 4.4539
12al12al- -6.13507860474 0.852804770125 4.5326
12al12al-12al -5.708131992 0.348577827227 3.7764
12al12al-12al-12al -5.53561181833 0.0993215510835 3.4007
12al12al-12al-12al- -5.51193791438 0.19428928075 3.4428
12al12al-12al12al -5.38948668701 0.0745591917723 3.3285
12al12al-12al12al- -5.44009986099 0.0696611426777 3.3472
12al12al12al -5.53016954156 0.341502867424 3.6950
12al12al12al-12al -5.37914636115 0.0794572408668 3.3514
12al12al12al-12al- -5.36798969376 0.145308789804 3.3833
12al12al12al12al -5.20907521203 0.103675372501 3.2574
12al12al12al12al- -5.2539739954 0.0974167542134 3.2743
12ea -7.5876222751 1.12573495023 5.8682
12ea12ea -6.79060084189 -0.0160547164765 4.3286
12ea12ea- -6.77889994683 -0.00190479687009 4.3551
12ea12ea-12ea -6.40256650806 -0.468307916205 3.6484
12ea12ea-12ea-12ea -6.19222251084 -0.727088176699 3.2608
12ea12ea-12ea-12ea- -6.18079372962 -0.730081428923 3.2999
12ea12ea-12ea12ea -6.1954878769 -0.731986225793 3.3031
12ea12ea-12ea12ea- -6.20065803983 -0.725727607506 3.2862
12ea12ea12ea -6.39059349917 -0.466947347012 3.6861
12ea12ea12ea-12ea -6.17807259123 -0.703958500419 3.2947
12ea12ea12ea-12ea- -6.17181397294 -0.708584435675 3.3127
12ea12ea12ea12ea -6.16664381001 -0.710489232545 3.3115
12ea12ea12ea12ea- -6.17072551759 -0.702053703549 3.2743
12ee -7.71415521004 0.914302497645 5.8687
12ee12ee -6.85890141537 -0.493342389354 3.9556
12ee12ee- -6.8499216587 -0.478920355909 4.0240
12ee12ee-12ee -6.53236480907 -0.806545417566 3.4453
12ee12ee-12ee-12ee- -6.49481309934 -0.897159325814 3.3542
12ee12ee-12ee12ee -6.39685211745 -0.98641266487 3.2143
12ee12ee-12ee12ee- -6.35521870015 -1.00301160902 3.1603
12ee12ee12ee -6.49508521318 -0.880288267822 3.4172
12ee12ee12ee-12ee -6.39712423129 -0.98641266487 3.2144
12ee12ee12ee-12ee- -6.28936715121 -1.09144860656 3.0847
12ee12ee12ee12ee -6.30134016011 -1.09117649273 3.0943
12ee12ee12ee12ee- -6.49481309934 -0.897159325814 3.3543
12ef -7.49129397624 1.13607527609 5.7749
12ef12ef -6.57127708799 0.0342863436617 4.1133
12ef12ef- -6.63005367712 -0.0889812252173 4.1508
12ef12ef-12ef -6.13018055564 -0.427490840417 3.4225
12ef12ef-12ef-12ef -5.83711395148 -0.700148906679 3.0212
12ef12ef-12ef-12ef- -5.89616265446 -0.740693868628 3.0906
12ef12ef-12ef12ef -5.90595875265 -0.658243375537 3.1165
12ef12ef-12ef12ef- -5.95793249582 -0.752666877526 3.0759
12ef12ef12ef -6.17834470507 -0.410075554747 3.5146
12ef12ef12ef-12ef -5.93616338873 -0.704502728096 3.0933
12ef12ef12ef-12ef- -5.98976981493 -0.785864765833 3.1210
12ef12ef12ef12ef -5.9641911141 -0.658515489375 3.1591
12ef12ef12ef12ef- -6.01670908495 -0.761102406522 3.1027
12ei -7.48557958563 1.18696056391 5.8370
12ei12ei -6.80393441998 0.295515628703 4.5371
12ei12ei- -6.57046074647 0.151023180415 4.2920
12ei12ei-12ei -6.18922925861 -0.287080099707 3.5962
12ei12ei-12ei-12ei -6.08228852005 -0.416878400712 3.3862
12ei12ei-12ei-12ei- -6.17780047739 -0.345584575003 3.5495
12ei12ei-12ei12ei -6.05453290851 -0.465858891657 3.3636
12ei12ei-12ei12ei- -5.99439575019 -0.509397105831 3.2676
12ei12ei12ei -6.49508521318 -0.0625861828745 4.0196
12ei12ei12ei-12ei -6.03929453355 -0.465586777819 3.3376
12ei12ei12ei-12ei- -6.12909210029 -0.393748724432 3.4823
12ei12ei12ei12ei -6.33263325155 -0.2383717226 3.7423
12ei12ei12ei12ei- -6.17970527426 -0.334427907621 3.5309
12el -7.28557591427 1.08301307757 5.5095
12el12el -6.27249609322 0.2038132651 4.0551
12el12el- -6.29861902172 0.266671561813 4.1619
12el12el-12el -6.20065803983 -0.350482624097 3.5516
12el12el-12el-12el -6.01698119879 -0.579330362347 3.2301
12el12el-12el-12el- -5.9952120917 -0.275107090809 3.4414
12el12el-12el12el -6.03766185052 -0.511846130378 3.3074
12el12el-12el12el- -5.92527883519 -0.539329628075 3.1972
12el12el12el -5.79194305428 -0.197554646813 3.4102
12el12el12el-12el -5.95847672349 -0.515655724118 3.2550
12el12el12el-12el- -5.64472946761 -0.352387420967 3.1683
12el12el12el12el -5.51357059741 -0.40572173333 3.0382
12el12el12el12el- -5.51003311751 -0.400551570397 2.9978
12fa -7.2025811935 1.94370914901 6.1583
12fa12fa -6.19684844609 0.78831379038 4.5561
12fa12fa- -6.38515122239 0.60763020156 4.5272
12fa12fa-12fa -5.82568517026 0.213337249451 3.7933
12fa12fa-12fa-12fa -5.64799483367 -0.0987773234063 3.3904
12fa12fa-12fa-12fa- -5.79085459893 -0.234290015022 3.4135
12fa12fa-12fa12fa -5.49806010861 -0.0187758548624 3.3831
12fa12fa-12fa12fa- -5.69207727552 -0.212248794096 3.3609
12fa12fa12fa -5.67738312824 0.30966554831 3.7942
12fa12fa12fa-12fa -5.5459521442 -0.0623140690359 3.3618
12fa12fa12fa-12fa- -5.69343784471 -0.20571806197 3.3750
12fa12fa12fa12fa -5.36554066922 0.0647630935832 3.3593
12fa12fa12fa12fa- -5.5494896241 -0.114287812206 3.3236
12fe -7.47877673967 0.920289002094 5.5329
12fe12fe -6.47059496771 0.0737428502565 4.1538
12fe12fe- -6.63005367712 -0.0889812252173 4.1508
12fe12fe-12fe -6.08419331692 -0.384224740082 3.4776
12fe12fe-12fe-12fe -5.90133281739 -0.654978009474 3.0805
12fe12fe-12fe-12fe- -6.01670908495 -0.761102406522 3.1026
12fe12fe-12fe12fe -5.78323541145 -0.586677435989 3.1196
12fe12fe-12fe12fe- -5.95793249582 -0.752666877526 3.0758
12fe12fe12fe -6.00255916534 -0.352931648645 3.4990
12fe12fe12fe-12fe -5.86677435989 -0.664501993824 3.1148
12fe12fe12fe-12fe- -5.98976981493 -0.785864765833 3.1209
12fe12fe12fe12fe -5.73452703434 -0.58259572841 3.1266
12fe12fe12fe12fe- -5.89616265446 -0.740693868628 3.0906
12ff -7.20775135644 2.10833802136 6.2509
12ff12ff -6.16691592385 0.851444200932 4.5671
12ff12ff- -6.35576292783 0.63837906532 4.5711
12ff12ff-12ff -5.71466272412 0.320822215692 3.7761
12ff12ff-12ff-12ff -5.4387392918 0.00789130131896 3.3086
12ff12ff-12ff-12ff- -5.60336816414 -0.184765296399 3.3086
12ff12ff-12ff12ff -5.39846644369 0.0838110622842 3.3579
12ff12ff-12ff12ff- -5.61180369314 -0.145853017482 3.3356
12ff12ff12ff -5.67956003894 0.32109432953 3.7859
12ff12ff12ff-12ff -5.50159758851 -0.0334700021459 3.3446
12ff12ff12ff-12ff- -5.66132841176 -0.235922698053 3.3281
12ff12ff12ff12ff -5.39819432985 0.0419055311421 3.3411
12ff12ff12ff12ff- -5.60336816414 -0.184765296399 3.3086
12fi -7.11414419596 2.10289574458 6.2403
12fi12fi -6.2074608858 1.04709405087 4.7212
12fi12fi- -6.22269926076 0.785592651995 4.5319
12fi12fi-12fi -5.6531649966 0.407082302523 3.7817
12fi12fi-12fi-12fi -5.60227970879 0.20000367136 3.5383
12fi12fi-12fi-12fi- -5.93425859186 0.139866513033 3.7428
12fi12fi-12fi12fi -5.37207140134 0.213609363289 3.4267
12fi12fi-12fi12fi- -5.50540718225 -0.0160547164765 3.3282
12fi12fi12fi -5.72119345625 0.603548493981 4.0030
12fi12fi12fi-12fi -5.42540571371 0.161363506281 3.4062
12fi12fi12fi-12fi- -5.69343784471 0.060953499843 3.5259
12fi12fi12fi12fi -5.48799189658 0.416878400712 3.6547
12fi12fi12fi12fi- -5.49642742558 0.13660114697 3.4212
12fl -7.09128663352 2.06398346567 6.2869
12fl12fl -5.8950741991 1.00301160902 4.4729
12fl12fl- -6.05262811164 0.859335502251 4.4744
12fl12fl-12fl -5.49778799477 0.495791413902 3.7267
12fl12fl-12fl-12fl -5.47302563546 0.0302046360829 3.3192
12fl12fl-12fl-12fl- -5.60010279808 -0.12109065817 3.3183
12fl12fl-12fl12fl -5.15710146886 0.270753269392 3.2868
12fl12fl-12fl12fl- -5.33778505768 0.115104153721 3.2987
12fl12fl12fl -5.33261489475 0.593480281954 3.7090
12fl12fl12fl-12fl -5.17397252685 0.252521642207 3.2871
12fl12fl12fl-12fl- -5.31166212918 0.187758548624 3.3475
12fl12fl12fl12fl -4.99301682419 0.398374659688 3.2662
12fl12fl12fl12fl- -5.14159098006 0.234290015022 3.2257
12ia -7.46217779551 2.08139875134 6.5406
12ia12ia -6.45671716194 0.819334767979 4.7413
12ia12ia- -6.42515195667 0.822600134042 4.7192
12ia12ia-12ia -5.98351119664 0.30776075144 3.9385
12ia12ia-12ia-12ia -5.71384638261 0.00979609818906 3.4815
12ia12ia-12ia-12ia- -5.68037638046 0.0269392700199 3.4915
12ia12ia-12ia12ia -5.71003678887 0.0204085378939 3.5102
12ia12ia-12ia12ia- -5.72854052989 0.00680284596462 3.4992
12ia12ia12ia -5.93480281954 0.296604084058 3.9297
12ia12ia12ia-12ia -5.7032339429 0.0318373191144 3.5117
12ia12ia12ia-12ia- -5.67683890056 0.040000734272 3.5113
12ia12ia12ia12ia -5.6411919877 0.0383680512405 3.4828
12ia12ia12ia12ia- -5.66649857469 0.0234017901183 3.4701
12ie -7.48557958563 1.18696056391 5.8370
12ie12ie -6.80393441998 0.295515628703 4.5371
12ie12ie- -6.57073286031 0.151023180415 4.2921
12ie12ie-12ie -6.18922925861 -0.287080099707 3.5963
12ie12ie-12ie-12ie -6.08310486157 -0.414973603842 3.3882
12ie12ie-12ie-12ie- -6.18569177871 -0.325176037109 3.5418
12ie12ie-12ie12ie -6.03929453355 -0.465586777819 3.3377
12ie12ie-12ie12ie- -5.99466786403 -0.508852878154 3.2679
12ie12ie12ie -6.49508521318 -0.0625861828745 4.0197
12ie12ie12ie-12ie -6.05453290851 -0.465858891657 3.3636
12ie12ie12ie-12ie- -6.12909210029 -0.393748724432 3.4822
12ie12ie12ie12ie -6.33263325155 -0.238643836439 3.7420
12ie12ie12ie12ie- -6.17780047739 -0.345584575003 3.5495
12if -7.18734281854 2.16357713059 6.3697
12if12if -6.53236480907 1.05090364461 4.9058
12if12if- -6.22269926076 0.785592651995 4.5319
12if12if-12if -5.72990109908 0.347761485712 3.7682
12if12if-12if-12if -5.44363734089 0.125988707265 3.3658
12if12if-12if-12if- -5.49642742558 0.13660114697 3.4212
12if12if-12if12if -5.59329995211 0.138778057678 3.4909
12if12if-12if12if- -5.50540718225 -0.0160547164765 3.3282
12if12if12if -6.25997885665 0.596473534178 4.3245
12if12if12if-12if -5.64663426448 0.0628582967131 3.4812
12if12if12if-12if- -5.69343784471 0.060953499843 3.5259
12if12if12if12if -6.12501039271 0.377694007956 4.0304
12if12if12if12if- -5.93425859186 0.139866513033 3.7428
12ii -7.31088250126 2.21310184921 6.5526
12ii12ii -6.59903269952 1.22696129818 5.1087
12ii12ii- -6.24637316472 0.982058843453 4.6935
12ii12ii-12ii -5.85616192019 0.535247920497 3.9923
12ii12ii-12ii-12ii -5.76908549184 0.396741976657 3.7944
12ii12ii-12ii-12ii- -5.90650298032 0.5423228803 4.0126
12ii12ii-12ii12ii -5.73942508343 0.37497286957 3.7611
12ii12ii-12ii12ii- -5.64636215064 0.288712782739 3.6292
12ii12ii12ii -6.23630495269 0.815797288078 4.5031
12ii12ii12ii-12ii -5.73915296959 0.37497286957 3.7610
12ii12ii12ii-12ii- -5.8188823243 0.448171492149 3.8856
12ii12ii12ii12ii -6.09453364279 0.67293752282 4.2585
12ii12ii12ii12ii- -5.90623086649 0.5423228803 4.0125
12il -7.40557811709 2.04656818 6.4987
12il12il -6.54542627332 0.904234285618 4.8225
12il12il- -6.28038739454 0.854165339318 4.6249
12il12il-12il -5.88146850717 0.25578700827 3.8027
12il12il-12il-12il -5.70568296745 0.0772803301581 3.4978
12il12il-12il-12il- -5.69398207239 0.254426439077 3.6252
12il12il-12il12il -5.69724743845 0.0683005734848 3.5084
12il12il-12il12il- -5.63384491406 0.0838110622842 3.4747
12il12il12il-12il -5.66377743631 0.0827226069298 3.4973
12il12il12il-12il- -5.67058028227 0.0884369975401 3.5061
12il12il12il12il -5.90731932184 0.298236767089 3.8342
12il12il12il12il- -5.74377890485 0.202180582069 3.6427
12la -7.24448672465 2.04711240767 6.2887
12la12la -6.3027007293 0.818790540302 4.5675
12la12la- -6.13507860474 0.852804770125 4.5326
12la12la-12la -5.74894906778 0.257419691301 3.7219
12la12la-12la-12la -5.40826254188 -0.0108845535434 3.2641
12la12la-12la-12la- -5.25342976772 0.0968725265362 3.2734
12la12la-12la12la -5.53261856611 0.0214969932482 3.3815
12la12la-12la12la- -5.44009986099 0.0696611426777 3.3472
12la12la12la -5.85643403402 0.37687766644 3.8864
12la12la12la-12la -5.51329848357 0.0484362632681 3.3852
12la12la12la-12la- -5.36798969376 0.145308789804 3.3833
12la12la12la12la -5.60146336727 0.154288546478 3.4951
12la12la12la12la- -5.51193791438 0.19428928075 3.4428
12le -7.45591917723 1.17389909966 5.7675
12le12le -6.53835131352 0.171975945986 4.2464
12le12le- -6.29861902172 0.266671561813 4.1619
12le12le-12le -5.97181030158 -0.274018635455 3.4388
12le12le-12le-12le- -5.94051721015 -0.411164010102 3.3110
12le12le-12le12le -6.1383439708 -0.398646773527 3.4298
12le12le-12le12le- -5.92500672135 -0.539329628075 3.1972
12le12le12le -6.15086120737 -0.192928711557 3.6716
12le12le12le-12le -5.80092281095 -0.466131005496 3.1835
12le12le12le-12le- -5.64472946761 -0.352387420967 3.1683
12le12le12le12le -5.95167387753 -0.394020838271 3.3316
12le12le12le12le- -5.9952120917 -0.275107090809 3.4416
12lf -7.20611867341 2.19813558809 6.4118
12lf12lf -6.83522751141 1.22396804595 5.2382
12lf12lf- -6.05262811164 0.859335502251 4.4744
12lf12lf-12lf -5.61887865294 0.368442137444 3.7109
12lf12lf-12lf-12lf -5.24962017398 0.123539682718 3.2099
12lf12lf-12lf-12lf- -5.14159098006 0.234290015022 3.2257
12lf12lf-12lf12lf -5.44009986099 0.0979609818906 3.3575
12lf12lf-12lf12lf- -5.33751294384 0.114832039883 3.2986
12lf12lf12lf -5.73316646515 0.348849941066 3.8028
12lf12lf12lf-12lf -5.52363880944 -0.00843552899613 3.3378
12lf12lf12lf-12lf- -5.71820020402 -0.228031396734 3.3259
12lf12lf12lf12lf -5.47411409081 0.0653073212604 3.3704
12lf12lf12lf12lf- -5.49044092113 0.216602615514 3.4686
12li -7.15142379185 2.2158229876 6.3818
12li12li -6.38569545007 1.13988486983 4.8652
12li12li- -6.28038739454 0.854165339318 4.6248
12li12li-12li -5.83194378855 0.304767499215 3.8033
12li12li-12li-12li -5.64935540286 0.108845535434 3.4830
12li12li-12li-12li- -5.73207800979 0.20571806197 3.6373
12li12li-12li12li -5.60581718869 0.0299325222443 3.4130
12li12li-12li12li- -5.63384491406 0.0838110622842 3.4747
12li12li12li -5.83194378855 0.304767499215 3.8032
12li12li12li-12li -5.60527296101 0.0293882945672 3.4122
12li12li12li-12li- -5.67058028227 0.0884369975401 3.5061
12li12li12li12li -5.60608930253 0.0302046360829 3.4134
12li12li12li12li- -5.64445735377 0.10966187695 3.4816
12ll -7.01046882346 2.17391745645 6.2796
12ll12ll -5.98541599351 1.07893136999 4.5875
12ll12ll- -5.74214622182 1.1608376354 4.4561
12ll12ll-12ll -6.13262958019 0.603276380143 4.2519
12ll12ll-12ll-12ll -5.77153451639 0.195921963781 3.6426
12ll12ll-12ll-12ll- -5.78323541145 0.52109800089 3.8927
12ll12ll-12ll12ll -6.01317160505 0.429123523448 3.9996
12ll12ll-12ll12ll- -5.73316646515 0.364088316027 3.7552
12ll12ll12ll -5.49615531174 0.687631670104 3.8781
12ll12ll12ll-12ll -5.15519667199 0.416062059196 3.3707
12ll12ll12ll-12ll- -4.9951937349 0.579874590024 3.3795
12ll12ll12ll12ll -5.21832708254 0.503410601382 3.4724
12ll12ll12ll12ll- -5.79357573731 0.506675967445 3.8915
2 -8.91308878285 1.98561468015 8.2958
22 -7.70980138863 0.732530453471 6.1955
22- -7.70082163195 0.54041808343 5.6640
22-2 -7.05264646844 -0.172248059824 4.5205
22-2- -7.05618394835 -0.0666678904533 4.7710
22-2-2 -6.63930554763 -0.524091253115 4.0589
22-2-2- -6.64229879986 -0.465042550142 4.1942
22-22 -6.64882953198 -0.545044018686 3.9792
22-22- -6.64393148289 -0.607085973883 3.8536
222 -7.05754451754 0.0378238235633 5.0769
222- -7.05618394835 -0.0672121181305 4.7706
222-2 -6.64882953198 -0.545044018686 3.9794
222-2- -6.65536026411 -0.475110762169 4.1317
2222 -6.6461083936 -0.398646773527 4.3760
2222- -6.6425709137 -0.465042550142 4.1943
4aa -8.17321125574 1.41444773296 5.6236
4aa4aa -7.24421461081 0.294699287187 5.0040
4aa4aa- -7.24421461081 0.293338717995 5.0031
4aa4aa-4aa -6.85318702476 -0.17496919821 4.3524
4aa4aa-4aa-4aa -6.65236701189 -0.423953360515 4.0117
4aa4aa-4aa-4aa- -6.90652133712 -0.0370074820475 4.5223
4aa4aa-4aa4aa -6.65236701189 -0.423681246677 4.0118
4aa4aa-4aa4aa- -6.91277995541 -0.0508852878154 4.5114
4aa4aa4aa -6.85318702476 -0.174697084372 4.3526
4aa4aa4aa-4aa -6.65236701189 -0.423681246677 4.0118
4aa4aa4aa-4aa- -6.65236701189 -0.423681246677 4.0120
4aa4aa4aa4aa -6.65236701189 -0.423681246677 4.0118
4aa4aa4aa4aa- -6.91250784157 -0.0514295154925 4.5109
4ae -7.68966496457 0.466403119335 5.2855
4ae4ae -7.47469503209 0.0960561850205 4.9798
4ae4ae- -7.44829998975 0.109389763111 4.9623
4ae4ae-4ae -7.24992900142 -0.151023180415 4.6787
4ae4ae-4ae-4ae -7.14434883205 -0.305583840731 4.5007
4ae4ae-4ae-4ae- -7.15169590569 -0.296876197896 4.5122
4ae4ae-4ae4ae -7.14380460437 -0.299869450121 4.4947
4ae4ae-4ae4ae- -7.13781809992 -0.300413677798 4.4924
4ae4ae4ae -7.27115388083 -0.156737571025 4.7055
4ae4ae4ae-4ae -7.14516517356 -0.299325222443 4.5126
4ae4ae4ae-4ae- -7.15169590569 -0.300413677798 4.5142
4ae4ae4ae4ae -7.1538728164 -0.299053108605 4.5257
4ae4ae4ae4ae- -7.1525122472 -0.299053108605 4.5267
4af -7.40448966173 1.3349904921 5.3487
4af4af -7.04693207783 0.618786868942 4.9331
4af4af- -7.02842833681 0.671849067466 4.9357
4af4af-4af -6.85726873234 0.290617579609 4.5746
4af4af-4af-4af -6.77073653167 0.0691169150006 4.4055
4af4af-4af-4af- -6.72692620366 0.102586917147 4.4039
4af4af-4af4af -6.79577100482 0.0386401650791 4.3928
4af4af-4af4af- -6.75168856297 0.0911581359259 4.3972
4af4af4af -6.77372978389 0.268848472522 4.5747
4af4af4af-4af -6.64910164582 0.145853017482 4.3716
4af4af4af-4af- -6.60583554549 0.185853751753 4.3687
4af4af4af4af -6.38787236078 -0.332523110751 3.9039
4af4af4af4af- -6.35848406621 -0.283814733644 3.9054
4ai -7.83878334812 1.45907440249 5.5306
4ai4ai -7.42272128892 0.816613629593 5.2960
4ai4ai- -7.41646267063 0.808450214436 5.2959
4ai4ai-4ai -7.16203623155 0.513206699571 5.1197
4ai4ai-4ai-4ai -7.0311494752 0.357285470062 4.9198
4ai4ai-4ai-4ai- -7.02216971852 0.350210510259 4.9067
4ai4ai-4ai4ai -7.02897256449 0.351571079452 4.9043
4ai4ai-4ai4ai- -7.0262514261 0.346945144196 4.8998
4ai4ai4ai -7.15468915791 0.508308650477 5.1147
4ai4ai4ai-4ai -7.02570719842 0.347761485712 4.9079
4ai4ai4ai-4ai- -7.03196581671 0.360822949964 4.9227
4ai4ai4ai4ai -7.03060524752 0.363544088349 4.9312
4ai4ai4ai4ai- -7.02924467833 0.359734494609 4.9280
4al -7.28748071114 1.40519586245 5.3404
4ea -7.68939285073 0.466403119335 5.2854
4ea4ea -7.47469503209 0.0957840711819 4.9800
4ea4ea- -7.44829998975 0.10966187695 4.9624
4ea4ea-4ea -7.25020111526 -0.151023180415 4.6789
4ea4ea-4ea-4ea -7.14271614902 -0.303679043861 4.5029
4ea4ea-4ea-4ea- -7.15523338559 -0.299869450121 4.5249
4ea4ea-4ea4ea -7.14380460437 -0.306128068408 4.4999
4ea4ea-4ea4ea- -7.13781809992 -0.300685791636 4.4921
4ea4ea4ea -7.27088176699 -0.157009684863 4.7051
4ea4ea4ea-4ea -7.14326037669 -0.290073351932 4.5080
4ea4ea4ea-4ea- -7.14570940124 -0.301774246991 4.5076
4ea4ea4ea4ea -7.15360070256 -0.299053108605 4.5256
4ea4ea4ea4ea- -7.14761419811 -0.293338717995 4.5180
4ee -7.47387869057 -0.198915216006 4.8806
4ee4ee -7.38299266849 -0.435926369413 4.6980
4ee4ee4ee -7.29754892317 -0.570350605674 4.5284
4ee4ee4ee4ee -7.2385002202 -0.649535732702 4.4265
4ef -7.17455346813 0.763551431069 5.0902
4ef4ef -7.0001284976 0.343407664294 4.7532
4ef4ef- -7.01972069397 0.531710440595 4.8597
4ef4ef-4ef -6.960671991 0.068844801162 4.5226
4ef4ef-4ef-4ef -6.84856108951 -0.20190846823 4.3861
4ef4ef-4ef-4ef- -6.8033901923 -0.105308055532 4.4164
4ef4ef-4ef4ef- -6.88965027913 0.0563275645871 4.5094
4ef4ef4ef -6.87277922114 0.0827226069298 4.5149
4ef4ef4ef-4ef -6.83822076364 0.0952398435047 4.4981
4ef4ef4ef-4ef- -6.7794441745 0.112110901497 4.4704
4ef4ef4ef4ef -6.78706336198 -0.0628582967131 4.3812
4ef4ef4ef4ef- -6.7794441745 0.0476199217524 4.4402
4ei -7.45918454329 0.560282393646 5.2213
4ei4ei -7.37292445646 0.350210510259 5.0501
4ei4ei- -7.37346868414 0.35565278703 5.0505
4ei4ei-4ei -7.33265160835 0.275651318487 4.9712
4ei4ei-4ei-4ei -7.29782103701 0.195105622265 4.9348
4ei4ei-4ei-4ei- -7.29727680933 0.169799035277 4.9334
4ei4ei-4ei4ei -7.29890949236 0.171703832147 4.9306
4ei4ei-4ei4ei- -7.30516811065 0.213065135612 4.9423
4ei4ei4ei -7.32639299006 0.241092860986 4.9633
4ei4ei4ei-4ei -7.30571233833 0.218507412384 4.9428
4ei4ei4ei-4ei- -7.29673258165 0.188574890139 4.9335
4ei4ei4ei4ei -7.29700469549 0.169799035277 4.9330
4ei4ei4ei4ei- -7.31877380258 0.213881477128 4.9687
4el -7.08257899069 0.787769562703 5.0868
4fa -7.4042175479 1.33526260594 5.3488
4fa4fa -6.92175971208 0.34612880268 4.7137
4fa4fa- -7.20965615331 0.512662471894 4.9085
4fa4fa-4fa -6.85726873234 0.29034546577 4.5744
4fa4fa-4fa-4fa -6.77046441783 0.0693890288392 4.4056
4fa4fa-4fa-4fa- -6.9846180088 -0.129798301005 4.4346
4fa4fa-4fa4fa -6.64910164582 0.145580903643 4.3715
4fa4fa-4fa4fa- -6.88937816529 -0.0179595133466 4.4181
4fa4fa4fa -6.77372978389 0.268848472522 4.5748
4fa4fa4fa-4fa -6.79577100482 0.0389122789176 4.3929
4fa4fa4fa-4fa- -7.02788410913 -0.131703097875 4.4617
4fa4fa4fa4fa -6.61372684681 0.0878927698629 4.3573
4fa4fa4fa4fa- -6.8295131208 -0.0764639886424 4.3938
4fe -7.17319289894 0.762462975715 5.0900
4fe4fe -6.99985638376 0.342863436617 4.7527
4fe4fe- -7.06815695724 0.18258838569 4.6824
4fe4fe-4fe -6.96720272313 0.0922465912803 4.5351
4fe4fe-4fe-4fe -6.85182645557 -0.207078631163 4.3840
4fe4fe-4fe-4fe- -6.90597710945 -0.317828963467 4.3895
4fe4fe-4fe4fe -6.84720052031 0.0312930914373 4.4740
4fe4fe-4fe4fe- -6.99849581457 -0.108029193918 4.4988
4fe4fe4fe -6.87305133498 0.0829947207684 4.5151
4fe4fe4fe-4fe -6.9416240223 -0.126532934942 4.4413
4fe4fe4fe-4fe- -6.96992386151 -0.354836445515 4.3873
4fe4fe4fe4fe -6.78679124815 -0.0628582967131 4.3811
4fe4fe4fe4fe- -6.96230467403 -0.216058387836 4.4184
4ff -6.83468328374 1.21689308615 4.9388
4ff4ff -6.57644725092 0.647358821994 4.5200
4ff4ff- -6.6806668511 0.488716454099 4.5259
4ff4ff-4ff -6.52773887381 0.2383717226 4.2244
4ff4ff-4ff-4ff -6.57508668173 0.0446266695279 4.1242
4ff4ff-4ff-4ff- -6.74651840004 -0.0756476471266 4.1332
4ff4ff-4ff4ff -6.42487984283 0.0846274037999 4.0942
4ff4ff-4ff4ff- -6.56474635586 -0.0653073212604 4.0978
4ff4ff4ff -6.38297431169 0.343407664294 4.2144
4ff4ff4ff-4ff -6.43005000576 0.0892533390559 4.1039
4ff4ff4ff-4ff- -6.59440676427 -0.022313334764 4.1261
4ff4ff4ff4ff -6.25290389684 0.172248059824 4.0249
4ff4ff4ff4ff- -6.4218865906 0.0525179708469 4.0722
4fi -7.15496127175 1.36410667283 5.2222
4fi4fi -6.96502581242 0.943418678374 5.0140
4fi4fi- -7.07441557553 0.714843053963 4.9231
4fi4fi-4fi -6.91876645986 0.709945004868 4.8772
4fi4fi-4fi-4fi -6.81944490878 0.468580030043 4.6995
4fi4fi-4fi-4fi- -6.94216824998 0.260685057364 4.6873
4fi4fi-4fi4fi -6.79822002937 0.638651179159 4.8021
4fi4fi-4fi4fi- -6.99332565163 0.4576954765 4.8195
4fi4fi4fi -6.79958059856 0.645454025123 4.7893
4fi4fi4fi-4fi -6.91631743531 0.512390358055 4.7995
4fi4fi4fi-4fi- -7.01482264488 0.29034546577 4.7565
4fi4fi4fi4fi -6.72529352063 0.549125726264 4.7143
4fi4fi4fi4fi- -6.88828970994 0.407354416362 4.8252
4fl -6.76801539328 1.28981959489 4.9574
4ia -7.83878334812 1.45907440249 5.5306
4ia4ia -7.42299340276 0.816613629593 5.2964
4ia4ia- -7.41646267063 0.808450214436 5.2960
4ia4ia-4ia -7.16203623155 0.512934585733 5.1194
4ia4ia-4ia-4ia -7.03087736136 0.357013356223 4.9194
4ia4ia-4ia-4ia- -7.02706776762 0.356469128546 4.9245
4ia4ia-4ia4ia -7.02434662923 0.345856688841 4.9059
4ia4ia-4ia4ia- -7.02652353994 0.347217258034 4.9001
4ia4ia4ia -7.15441704407 0.508308650477 5.1144
4ia4ia4ia-4ia -7.02870045065 0.351298965613 4.9040
4ia4ia4ia-4ia- -7.0311494752 0.358646039255 4.9210
4ia4ia4ia4ia -7.03060524752 0.363271974511 4.9311
4ia4ia4ia4ia- -7.02216971852 0.350210510259 4.9068
4ie -7.45918454329 0.560282393646 5.2213
4ie4ie -7.37292445646 0.350210510259 5.0499
4ie4ie- -7.37374079797 0.356469128546 5.0512
4ie4ie-4ie -7.33183526683 0.220956436931 4.9835
4ie4ie-4ie-4ie -7.29890949236 0.178234564273 4.9312
4ie4ie-4ie-4ie- -7.29754892317 0.194561394588 4.9348
4ie4ie-4ie4ie -7.29727680933 0.193745053072 4.9339
4ie4ie-4ie4ie- -7.30544022449 0.215786273998 4.9424
4ie4ie4ie -7.3266651039 0.241364974825 4.9634
4ie4ie4ie-4ie -7.30571233833 0.219323753899 4.9432
4ie4ie4ie-4ie- -7.29863737852 0.170343262954 4.9308
4ie4ie4ie4ie -7.29700469549 0.170071149116 4.9329
4ie4ie4ie4ie- -7.29673258165 0.165717327698 4.9326
4if -7.15496127175 1.36437878666 5.2221
4if4if -6.96448158474 0.94233022302 5.0137
4if4if- -6.95958353565 0.993759738512 5.0721
4if4if-4if -6.91876645986 0.709945004868 4.8774
4if4if-4if-4if -6.81944490878 0.468580030043 4.6995
4if4if-4if-4if- -6.75767506742 0.444089784571 4.6551
4if4if-4if4if -6.91631743531 0.512118244217 4.7995
4if4if-4if4if- -6.89019450681 0.579058248509 4.8222
4if4if4if -6.79930848472 0.645454025123 4.7895
4if4if4if-4if -6.79740368785 0.636746382289 4.8003
4if4if4if-4if- -6.71087148718 0.660420286246 4.7315
4if4if4if4if -6.72502140679 0.549397840103 4.7143
4if4if4if4if- -6.73046368356 0.616065730556 4.7513
4ii -7.54217926406 1.49499342919 5.4298
4ii4ii -7.50435544049 1.37771236476 5.3864
4ii4ii4ii -7.47605560128 1.30424162834 5.3474
4ii4ii4ii4ii -7.46653161693 1.26151975568 5.3439
4il -7.06026565592 1.44383602753 5.2271
4la -7.28775282498 1.40519586245 5.3405
4la4la- -6.94244036382 0.783687855125 4.9561
4la4la-4la-4la- -6.49345253015 0.287624327384 4.3949
4le -7.08176264917 0.787225335026 5.0866
4le4le- -6.91985491521 0.588854346698 4.8428
4le4le-4le-4le- -6.67522457433 0.174424970533 4.4640
4lf -6.76719905177 1.28981959489 4.9569
4lf4lf- -6.51113992966 1.00083469832 4.7183
4lf4lf-4lf-4lf- -6.16283421627 0.309393434471 4.1544
4li -7.05999354209 1.44410814137 5.2270
4li4li- -6.8795820671 1.11947633194 5.0890
4li4li-4li-4li- -6.67957839574 0.817974198786 4.8407
4ll -6.67522457433 1.338527972 4.9437
