1111 -8.80764207416 -1.95704490331 2.90807858693
1111- -8.98415376365 -2.08878999698 2.93124947873
1111-11- -8.63345566364 -3.02433311498 1.86547472493
1111-11-11 -8.58968759493 -2.65635516571 2.31151040097
1111-11-11- -8.70869273597 -3.47675400568 1.65296231139
1111-1111 -8.64960866307 -3.1978167397 1.85005657085
1111-1111- -8.58957663392 -2.65529839936 2.31239163465
111111 -8.50933265985 -2.96508036941 1.82279292211
111111- -8.63350350911 -3.0243843617 1.86546899244
111111-11 -8.64984409726 -3.19687491411 1.8511518357
111111-11- -8.55159236056 -3.64506074802 1.31848141049
11111111 -8.57239978936 -3.10326489568 1.89056741407
11111111- -8.5611428026 -3.18038412777 1.81389306899
12aa -7.9265027325 1.6690442821 6.42422281568
12aa12aa -6.73620680883 0.673075725462 4.56314770994
12aa12aa- -6.75152077659 0.661574017507 4.56837878122
12aa12aa-12aa -6.27875849179 0.263095848151 3.86254039433
12aa12aa-12aa-12aa -6.01883358252 0.0617172371505 3.49483924626
12aa12aa-12aa-12aa- -6.00316983038 0.0785810192666 3.50177119583
12aa12aa-12aa12aa -6.02270814832 0.0572950822357 3.51413599458
12aa12aa-12aa12aa- -6.03701164613 0.0438161180929 3.51011129779
12aa12aa12aa -6.24494499657 0.294988584273 3.87371662281
12aa12aa12aa-12aa -6.02270817546 0.0572951405783 3.51413633849
12aa12aa12aa-12aa- -6.0083348307 0.0706621105755 3.51798848187
12aa12aa12aa12aa -5.98692871501 0.0947663112785 3.5078903751
12aa12aa12aa12aa- -6.00316969519 0.0785810567849 3.50177142247
12ae -7.76459675542 1.03276212302 5.8246065626
12ae12ae -6.74389126137 0.191110782684 4.15377719576
12ae12ae- -6.75217313922 0.184275478074 4.17141469652
12ae12ae-12ae -6.33179270947 -0.150818195086 3.54730919772
12ae12ae-12ae-12ae -6.10846987838 -0.33851649409 3.22521751389
12ae12ae-12ae-12ae- -6.09976639131 -0.331150946816 3.22875195294
12ae12ae-12ae12ae -6.10741203177 -0.33979101594 3.24366373779
12ae12ae-12ae12ae- -6.11818375126 -0.344770540518 3.24293450868
12ae12ae12ae -6.32246450288 -0.157200908892 3.57624169172
12ae12ae12ae-12ae -6.1252221696 -0.360659687536 3.25743745153
12ae12ae12ae-12ae- -6.1149807252 -0.355764982121 3.25913025078
12ae12ae12ae12ae -6.10996496727 -0.355526363542 3.25728481737
12ae12ae12ae12ae- -6.12087570974 -0.363471392275 3.25464163429
12af -7.49917779826 1.61157195103 5.96028687201
12af12af -6.42727383306 0.63635497134 4.26000800569
12af12af- -6.42600725344 0.56601297826 4.19151630852
12af12af-12af -5.94127392001 0.192679059119 3.51409881215
12af12af-12af-12af -5.65167702122 -0.00749574656498 3.14524537669
12af12af-12af-12af- -5.65239990481 -0.0157473808291 3.13980488718
12af12af-12af12af -5.69962431609 -0.0202515072698 3.18882364449
12af12af-12af12af- -5.72435537311 -0.0766178675097 3.16230353807
12af12af12af -5.98868307026 0.217783370773 3.59082983599
12af12af12af-12af -5.73931079941 -0.0675235409325 3.18359899892
12af12af12af-12af- -5.73803481244 -0.0798534496751 3.1720808109
12af12af12af12af -5.76328545461 -0.0144978017669 3.23075206669
12af12af12af12af- -5.78818490932 -0.0811704830331 3.19828754146
12ai -7.58101352245 1.76658839455 6.20025130879
12ai12ai -6.4324642592 0.852359071008 4.44479746707
12ai12ai- -6.41666069243 0.82053412309 4.41498889609
12ai12ai-12ai -5.94077600739 0.448115231507 3.72622931952
12ai12ai-12ai-12ai -5.66627274098 0.253007090045 3.35239380243
12ai12ai-12ai-12ai- -5.63259620142 0.269522646282 3.34260349489
12ai12ai-12ai12ai -5.65984346361 0.254394455508 3.37071111516
12ai12ai-12ai12ai- -5.68070479767 0.232965010538 3.36331558447
12ai12ai12ai -5.89889617247 0.473475531134 3.7280143597
12ai12ai12ai-12ai -5.6692003832 0.248814828485 3.37608708555
12ai12ai12ai-12ai- -5.64293972324 0.265795397388 3.37446251487
12ai12ai12ai12ai -5.61321089514 0.286692524258 3.3546140623
12ai12ai12ai12ai- -5.64528370353 0.270485110327 3.36295124452
12al -7.19112787512 1.67590499279 5.74973230755
12al12al -6.1020140652 0.795736431659 4.13162432316
12al12al- -6.14406747452 0.825278334541 4.18697212679
12al12al-12al -5.73226230722 0.410426692743 3.52752132314
12al12al-12al-12al -5.5513637799 0.21460361068 3.21872397878
12al12al-12al-12al- -5.52143869093 0.286266882682 3.24411384303
12al12al-12al12al -5.44599523384 0.191430631659 3.16012893789
12al12al-12al12al- -5.46155073743 0.204650496873 3.17863812693
12al12al12al -5.59606175496 0.428356459307 3.46161247811
12al12al12al-12al -5.43590512442 0.210728797837 3.18041495697
12al12al12al-12al- -5.41129319727 0.267060091816 3.20244941448
12al12al12al12al -5.31173124495 0.23863544681 3.10085993386
12al12al12al12al- -5.32646015462 0.250159989687 3.11747680006
12ea -7.764596993 1.0327593232 5.82460478333
12ea12ea -6.74387524643 0.191109301668 4.15375890597
12ea12ea- -6.75220574505 0.184182281736 4.17138501759
12ea12ea-12ea -6.33180186557 -0.150646011576 3.54745769523
12ea12ea-12ea-12ea -6.10847057716 -0.338521191035 3.22521561956
12ea12ea-12ea-12ea- -6.12087589475 -0.363476183058 3.25463764522
12ea12ea-12ea12ea -6.12521968059 -0.360668530121 3.25742646161
12ea12ea-12ea12ea- -6.11819526132 -0.344771467555 3.24294787659
12ea12ea12ea -6.32246596357 -0.157187095753 3.57625452776
12ea12ea12ea-12ea -6.10742207416 -0.339775875969 3.24368289797
12ea12ea12ea-12ea- -6.1149788478 -0.35574991727 3.25914035462
12ea12ea12ea12ea -6.10997342101 -0.355488301759 3.2573307787
12ea12ea12ea12ea- -6.09974938088 -0.331144142325 3.22873830321
12ee -7.79832751646 0.789814595013 5.6230684563
12ee12ee -6.78422640586 -0.189662768358 3.8557856629
12ee12ee- -6.77492500955 -0.210924880743 3.86337472972
12ee12ee-12ee -6.42281060908 -0.420526498695 3.38212460569
12ee12ee-12ee-12ee- -6.37998116107 -0.506938938219 3.31700388381
12ee12ee-12ee12ee -6.28920671998 -0.568162237746 3.18783302653
12ee12ee-12ee12ee- -6.2436959445 -0.573529834302 3.14351710306
12ee12ee12ee -6.42061064814 -0.496411876933 3.37441466912
12ee12ee12ee-12ee -6.28930416549 -0.568150926237 3.18792016254
12ee12ee12ee-12ee- -6.22810355967 -0.683771011753 3.07254026665
12ee12ee12ee12ee -6.25306253963 -0.68315290717 3.0980020015
12ee12ee12ee12ee- -6.38001260476 -0.506878949771 3.31707416608
12ef -7.62157560768 0.980049664948 5.57482339976
12ef12ef -6.50462722955 0.176403780653 3.89783322142
12ef12ef- -6.54812297429 0.0778867263445 3.88335323354
12ef12ef-12ef -6.06759659139 -0.203543513742 3.25227454314
12ef12ef-12ef-12ef -5.82529064666 -0.406643237704 2.93042013532
12ef12ef-12ef-12ef- -5.87989514527 -0.465344241988 2.96123860898
12ef12ef-12ef12ef -5.85881113672 -0.408365531654 2.97939305669
12ef12ef-12ef12ef- -5.88486164129 -0.462074305874 2.93993578785
12ef12ef12ef -6.10475369595 -0.19677470732 3.32610249853
12ef12ef12ef-12ef -5.880167717 -0.437110161336 2.95467227508
12ef12ef12ef-12ef- -5.93184889489 -0.504251413211 2.96825336139
12ef12ef12ef12ef -5.9125457064 -0.419273695807 3.00859390066
12ef12ef12ef12ef- -5.93571296056 -0.471204218943 2.95647856978
12ei -7.61251925469 1.07358870678 5.69687114438
12ei12ei -6.66336686176 0.493057410735 4.31090435888
12ei12ei- -6.48017786533 0.331097771396 4.04968125924
12ei12ei-12ei -6.05090647949 0.0249239460328 3.44415128233
12ei12ei-12ei-12ei -5.92187801409 -0.0514554632242 3.28814332639
12ei12ei-12ei-12ei- -6.00595772425 -0.00387809650801 3.42357707909
12ei12ei-12ei12ei -5.89597096169 -0.106409848211 3.24835563147
12ei12ei-12ei12ei- -5.84336414103 -0.136268661015 3.17058756481
12ei12ei12ei -6.29427040746 0.246929051547 3.84796638268
12ei12ei12ei-12ei -5.88273775727 -0.0940656249039 3.23401003453
12ei12ei12ei-12ei- -5.95891107505 -0.0350511793144 3.36056767112
12ei12ei12ei12ei -6.11556994758 0.118762862125 3.61175580324
12ei12ei12ei12ei- -5.99939496831 0.0341822875788 3.42249246077
12el -7.33046693312 0.965474454477 5.29327944297
12el12el -6.22740601799 0.341972849885 3.81927312343
12el12el- -6.24481188576 0.372867955677 3.87716270335
12el12el-12el -6.16765055408 -0.142001451232 3.40067094833
12el12el-12el-12el -5.99220089023 -0.309511820738 3.14771938254
12el12el-12el-12el- -5.92725144322 -0.066138286516 3.28184336844
12el12el-12el12el -5.98729310802 -0.277776933046 3.18287592744
12el12el-12el12el- -5.89558292407 -0.289147985797 3.09489060783
12el12el12el -5.77528296753 0.0228596765684 3.24945359222
12el12el12el-12el -5.94134214604 -0.262671372826 3.15496504945
12el12el12el-12el- -5.63212876809 -0.131850375708 3.02545733089
12el12el12el12el -5.5390889423 -0.152172707779 2.93655336711
12el12el12el12el- -5.51168788923 -0.108955747665 2.91210250618
12fa -7.43986782695 1.6090866653 5.89014917952
12fa12fa -6.30810385146 0.701821487818 4.2231608885
12fa12fa- -6.42600767887 0.565999163365 4.19150795894
12fa12fa-12fa -5.89112036135 0.248385574389 3.52679602482
12fa12fa-12fa-12fa -5.68848772246 0.0129247410922 3.18092166624
12fa12fa-12fa-12fa- -5.78818324751 -0.081171771292 3.1982850116
12fa12fa-12fa12fa -5.6053019115 0.0610490888547 3.19253924734
12fa12fa-12fa12fa- -5.72435012014 -0.0766272438115 3.16229111888
12fa12fa12fa -5.80840777688 0.317426204036 3.54254085693
12fa12fa12fa-12fa -5.63933965092 0.0183341752053 3.16444980038
12fa12fa12fa-12fa- -5.73803572898 -0.0798533014542 3.17208155689
12fa12fa12fa12fa -5.53564363015 0.11520923051 3.18026512932
12fa12fa12fa12fa- -5.65163069872 -0.0163208694535 3.13879148163
12fe -7.59707441925 0.858989621953 5.4431140266
12fe12fe -6.45275365141 0.208292328603 3.92138777253
12fe12fe- -6.54811756916 0.0778855805858 3.88334864571
12fe12fe-12fe -6.03896857156 -0.178361128774 3.26718408204
12fe12fe-12fe-12fe -5.84771932076 -0.389832230084 2.94211827588
12fe12fe-12fe-12fe- -5.93562804756 -0.471265655188 2.95634647141
12fe12fe-12fe12fe -5.78565935943 -0.342409157336 2.97772658027
12fe12fe-12fe12fe- -5.88483009405 -0.462122014302 2.93988058523
12fe12fe12fe -6.00835557689 -0.141705768158 3.32882713819
12fe12fe12fe-12fe -5.84406877605 -0.417307844649 2.96139126623
12fe12fe12fe-12fe- -5.93163480329 -0.504305235086 2.96806670698
12fe12fe12fe12fe -5.7826400113 -0.340671696757 3.00881749479
12fe12fe12fe12fe- -5.87989856501 -0.465338365367 2.96124429723
12ff -7.51457461745 1.60994050409 6.02349327245
12ff12ff -6.27884101487 0.653189186361 4.14567292946
12ff12ff- -6.41412870189 0.491012339769 4.13252106339
12ff12ff-12ff -5.8349474884 0.209008160518 3.421354988
12ff12ff-12ff-12ff -5.5948837431 -0.0410448705959 3.04300837738
12ff12ff-12ff-12ff- -5.71411586437 -0.177771995634 3.04385351383
12ff12ff-12ff12ff -5.55950371931 0.0127510630604 3.08061375464
12ff12ff-12ff12ff- -5.70757012742 -0.150080401815 3.05576784892
12ff12ff12ff -5.81118427987 0.225122710886 3.45042844524
12ff12ff12ff-12ff -5.64238822976 -0.0814098532945 3.06729819404
12ff12ff12ff-12ff- -5.75713286831 -0.221136196773 3.05684035227
12ff12ff12ff12ff -5.57040235922 -0.0133511078796 3.07848318935
12ff12ff12ff12ff- -5.71411710224 -0.177765060426 3.04386077889
12fi -7.36874344702 1.72610963215 5.95600858222
12fi12fi -6.24621433811 0.953402910743 4.36407864126
12fi12fi- -6.2304423062 0.720039805217 4.15786677099
12fi12fi-12fi -5.67481358632 0.428444148811 3.48147120433
12fi12fi-12fi-12fi -5.57900150736 0.301673961307 3.30682150729
12fi12fi-12fi-12fi- -5.82362612657 0.30797788519 3.50852191853
12fi12fi-12fi12fi -5.41500598971 0.295291304251 3.20030670135
12fi12fi-12fi12fi- -5.49961619851 0.117253831744 3.11273047282
12fi12fi12fi -5.74970540988 0.620452538345 3.71821933767
12fi12fi12fi-12fi -5.44893466691 0.241704557739 3.17152304434
12fi12fi12fi-12fi- -5.6422480758 0.213761582624 3.29826617135
12fi12fi12fi12fi -5.51368765728 0.483775345206 3.42261800305
12fi12fi12fi12fi- -5.5060563535 0.240856304582 3.19705959789
12fl -7.30656198743 1.70890761372 5.93689740383
12fl12fl -6.0148110686 0.86277797157 4.09850072108
12fl12fl- -6.09765931093 0.741671950928 4.06786291485
12fl12fl-12fl -5.60990371038 0.409217652796 3.4034656114
12fl12fl-12fl-12fl -5.59009285888 0.0253505378352 3.09295881704
12fl12fl-12fl-12fl- -5.68910762936 -0.0827916454614 3.09834509309
12fl12fl-12fl12fl -5.32461263218 0.232290728948 3.06364884163
12fl12fl-12fl12fl- -5.42988565901 0.111485543665 3.04155381854
12fl12fl12fl -5.49848255169 0.524716662289 3.43043341421
12fl12fl12fl-12fl -5.3356469332 0.218078113976 3.05766237621
12fl12fl12fl-12fl- -5.43342509835 0.171462625912 3.10487378014
12fl12fl12fl12fl -5.21301605951 0.353077433907 3.06491697864
12fl12fl12fl12fl- -5.29973246657 0.242193787423 3.02260027219
12ia -7.58103065886 1.7665811376 6.20026040645
12ia12ia -6.43225643077 0.852151604994 4.44443851567
12ia12ia- -6.41668455468 0.820543952218 4.41501882207
12ia12ia-12ia -5.94080255938 0.448140408386 3.72628314133
12ia12ia-12ia-12ia -5.66627277754 0.25300707627 3.35239384103
12ia12ia-12ia-12ia- -5.64528694359 0.270494845945 3.36296149066
12ia12ia-12ia12ia -5.66909768537 0.248677450207 3.37588537757
12ia12ia-12ia12ia- -5.68070042425 0.2329656068 3.36331302495
12ia12ia12ia -5.89892614948 0.473393855274 3.72798199912
12ia12ia12ia-12ia -5.65984323815 0.254394907406 3.37071141515
12ia12ia12ia-12ia- -5.64293958907 0.265796737671 3.37446344242
12ia12ia12ia12ia -5.61320630885 0.286688721633 3.35460754421
12ia12ia12ia12ia- -5.63258303084 0.269516493944 3.34258553787
12ie -7.61252093346 1.07358874576 5.69687413238
12ie12ie -6.66340392602 0.492974877987 4.31089054307
12ie12ie- -6.4803292565 0.3310790831 4.04979062643
12ie12ie-12ie -6.05094091097 0.0249432337541 3.44419173768
12ie12ie-12ie-12ie -5.9230438134 -0.0509001737022 3.28939377595
12ie12ie-12ie-12ie- -6.00567313554 0.0387029531309 3.43107652356
12ie12ie-12ie12ie -5.88278292867 -0.094056699455 3.23405585299
12ie12ie-12ie12ie- -5.84343726129 -0.136331085878 3.17041959712
12ie12ie12ie -6.29431290315 0.246969364157 3.8480320291
12ie12ie12ie-12ie -5.89595687154 -0.106428768527 3.24832589245
12ie12ie12ie-12ie- -5.95885688075 -0.0350725660588 3.36051643207
12ie12ie12ie12ie -6.11538666213 0.118603797839 3.61144837495
12ie12ie12ie12ie- -6.00594652843 -0.00388353162031 3.42356255092
12if -7.41221219112 1.72928637329 6.01783578747
12if12if -6.47500250804 0.996385520495 4.56415245486
12if12if- -6.23043849883 0.720038328206 4.15786215928
12if12if-12if -5.73204816248 0.386367728745 3.48119804373
12if12if-12if-12if -5.47161860049 0.22519282471 3.15479188253
12if12if-12if-12if- -5.50606196824 0.240860844626 3.19706784935
12if12if-12if12if -5.55594533985 0.251409240071 3.25557436528
12if12if-12if12if- -5.49961693778 0.117254180086 3.11273136252
12if12if12if -6.11668423597 0.689143415618 4.03540442666
12if12if12if-12if -5.60954012785 0.207012799115 3.26180689238
12if12if12if-12if- -5.64225261471 0.213765380549 3.29827263656
12if12if12if12if -5.94790613497 0.531855038457 3.78030398196
12if12if12if12if- -5.82362523559 0.307977097292 3.50852054156
12ii -7.39085944979 1.87028942349 6.14792108675
12ii12ii -6.43577904652 1.25210901168 4.75601623106
12ii12ii- -6.14905645075 0.981764036974 4.32127816169
12ii12ii-12ii -5.70601671814 0.679846254787 3.70963568672
12ii12ii-12ii-12ii -5.57000282573 0.623075643676 3.57003918717
12ii12ii-12ii-12ii- -5.67254857794 0.768185042915 3.766279056
12ii12ii-12ii12ii -5.53560559145 0.6050696142 3.52621808944
12ii12ii-12ii12ii- -5.47383754219 0.510725876468 3.40751213783
12ii12ii12ii -6.00051980928 0.998332150375 4.22059800356
12ii12ii12ii-12ii -5.53550525447 0.605029450938 3.52610532743
12ii12ii12ii-12ii- -5.58715769364 0.696075316324 3.64852717473
12ii12ii12ii12ii -5.8074128159 0.925444611506 4.01248480903
12ii12ii12ii12ii- -5.67246375213 0.768085255282 3.76610769019
12il -7.56067594515 1.71176687074 6.1581621146
12il12il -6.49628689982 0.90078049251 4.51801857911
12il12il- -6.25839972185 0.802881649166 4.26607415652
12il12il-12il -5.84479617387 0.358174569499 3.56444310475
12il12il-12il-12il -5.66752712485 0.225340960581 3.31552554263
12il12il-12il-12il- -5.62973558906 0.382705975476 3.41064314621
12il12il-12il12il -5.64539801499 0.221022731913 3.31725392554
12il12il-12il12il- -5.57489174046 0.241454225954 3.28047426889
12il12il12il-12il -5.6174434097 0.243645370006 3.31312456665
12il12il12il-12il- -5.62621095112 0.239259665756 3.31589277004
12il12il12il12il -5.83527146132 0.435314497298 3.63289596027
12il12il12il12il- -5.69720115346 0.335532983373 3.44081631986
12la -7.34296086425 1.68558647905 5.89073320009
12la12la -6.27717998505 0.776248994622 4.24449749742
12la12la- -6.14406347943 0.825277605318 4.18696818803
12la12la-12la -5.7442904805 0.357791123371 3.497531308
12la12la-12la-12la -5.44330239111 0.154739982789 3.11334951513
12la12la-12la-12la- -5.32594064277 0.249415528552 3.11646730233
12la12la-12la12la -5.55031174902 0.142576385242 3.20560674453
12la12la-12la12la- -5.46154386385 0.204650870178 3.17863299985
12la12la12la -5.84115123696 0.417727146819 3.6218585119
12la12la12la-12la -5.52281521226 0.179528755368 3.20832380016
12la12la12la-12la- -5.41129211784 0.267066218066 3.20245278698
12la12la12la12la -5.61362365094 0.228103623213 3.28451371211
12la12la12la12la- -5.52146400921 0.286295434163 3.24416512088
12le -7.48940376892 1.02744806395 5.48950049235
12le12le -6.4278876965 0.285892742476 3.95262587838
12le12le- -6.24481517956 0.372874259861 3.87716989423
12le12le-12le -5.88511518019 -0.0600595685717 3.23939663561
12le12le-12le-12le- -5.9245222391 -0.155309716645 3.21594723197
12le12le-12le12le -6.05220496874 -0.134959094267 3.31051620792
12le12le-12le12le- -5.89542275219 -0.289064514561 3.09480570214
12le12le12le -6.05659356717 -0.032141225032 3.42619721203
12le12le12le-12le -5.73691937726 -0.243784684091 3.01681386286
12le12le12le-12le- -5.6321326362 -0.131848830426 3.0254607969
12le12le12le12le -5.88741716661 -0.220629309749 3.13205770195
12le12le12le12le- -5.92732309612 -0.0660236810163 3.28198030169
12lf -7.41296494434 1.69432339222 6.01275756258
12lf12lf -6.78408850707 1.11363856138 4.92056765666
12lf12lf- -6.09769129477 0.741676603351 4.06789378327
12lf12lf-12lf -5.67758048418 0.315686831418 3.380111832
12lf12lf-12lf-12lf -5.3795980037 0.136846730896 2.99822076356
12lf12lf-12lf-12lf- -5.2997335015 0.242193258987 3.02260005156
12lf12lf-12lf12lf -5.5658273823 0.0685585412483 3.12265524058
12lf12lf-12lf12lf- -5.42981684298 0.111489985859 3.04149641582
12lf12lf12lf -5.83950083842 0.285981755211 3.51211673959
12lf12lf12lf-12lf -5.62317612804 -0.00795597985322 3.1041980312
12lf12lf12lf-12lf- -5.77886122751 -0.164594592865 3.10053433861
12lf12lf12lf12lf -5.61387795462 0.0434299387021 3.14579218156
12lf12lf12lf12lf- -5.5702695008 0.154913614121 3.17277790529
12li -7.28187392441 1.80263995911 5.9605097669
12li12li -6.32091758964 1.06348524592 4.50500541832
12li12li- -6.25829158881 0.802820408185 4.26593087714
12li12li-12li -5.79179983447 0.408375424721 3.56499112508
12li12li-12li-12li -5.60951257005 0.258652553764 3.30017046358
12li12li-12li-12li- -5.68926647208 0.333062999073 3.43317175842
12li12li-12li12li -5.56620997947 0.190323720621 3.23282289151
12li12li-12li12li- -5.57487385692 0.241433891635 3.28044450627
12li12li12li -5.79173468579 0.40827171965 3.56486831211
12li12li12li-12li -5.56582696698 0.189860458174 3.23216017094
12li12li12li-12li- -5.62620167242 0.239266297266 3.31588315147
12li12li12li12li -5.56627318881 0.190613055805 3.23310975108
12li12li12li12li- -5.60684109058 0.255350629096 3.29642580039
12ll -7.22521619581 1.77072246115 5.90548527047
12ll12ll -6.00741120179 0.930603554043 4.15830861943
12ll12ll- -5.79470893095 1.00336826552 4.03308374262
12ll12ll-12ll -6.12173186714 0.573281282694 3.96510174929
12ll12ll-12ll-12ll -5.81664782108 0.21513213461 3.43250514382
12ll12ll-12ll-12ll- -5.85336252184 0.475140603676 3.67169716703
12ll12ll-12ll12ll -6.00589782376 0.439264815321 3.77525420648
12ll12ll-12ll12ll- -5.79091155733 0.352600027427 3.54580678054
12ll12ll12ll -5.54835528336 0.611035816692 3.53731784217
12ll12ll12ll-12ll -5.24386003878 0.377465773349 3.11068259954
12ll12ll12ll-12ll- -5.12436743432 0.514563131218 3.12972344386
12ll12ll12ll12ll -5.30906433047 0.449720134976 3.19991900567
12ll12ll12ll12ll- -5.86056519347 0.468971167742 3.67541883406
2 -10.2485794114 1.34582176716 7.16444955072
22 -8.49098762318 0.271717517743 6.03035448459
22- -8.52681428622 0.263158247537 5.84821854309
22-2 -7.67619406861 -0.319304456702 4.61797645977
22-2- -7.6433374568 -0.309852668342 4.68539825236
22-2-2 -7.13239271187 -0.67849463842 3.95498208769
22-2-2- -7.11260189815 -0.675382989183 4.00672205113
22-22 -7.14813504221 -0.679155288656 3.94074185487
22-22- -7.17051143901 -0.685638370545 3.91120098511
222 -7.61378768258 -0.307998250417 4.79630660178
222- -7.64306453635 -0.310334845458 4.68491218552
222-2 -7.14832776909 -0.67896934225 3.94102406838
222-2- -7.12696938474 -0.6711191651 3.96513323576
2222 -7.09264620951 -0.674039116768 4.06976646986
2222- -7.11271242157 -0.67520895462 4.00691454197
4aa -9.06066347872 0.977647382124 6.15749358319
4aa4aa -7.77990479625 0.17033359496 5.13750414276
4aa4aa- -7.77965973837 0.169438844474 5.13656995523
4aa4aa-4aa -7.27464232373 -0.172258778541 4.48100741729
4aa4aa-4aa-4aa -7.0205865724 -0.350906037174 4.16173738206
4aa4aa-4aa-4aa- -7.20177204696 0.00855834945214 4.59983676605
4aa4aa-4aa4aa -7.02059846033 -0.350872160341 4.16177713062
4aa4aa-4aa4aa- -7.19682900659 -0.00673153425334 4.58369436393
4aa4aa4aa -7.2747518554 -0.172016305285 4.48128582926
4aa4aa4aa-4aa -7.02060316015 -0.350869151378 4.16178379242
4aa4aa4aa-4aa- -7.02067569117 -0.350713050796 4.16196945304
4aa4aa4aa4aa -7.02059883731 -0.350774981264 4.16184814934
4aa4aa4aa4aa- -7.19646700495 -0.00700593564793 4.58312245009
4ae -8.35224785567 0.324668867107 5.74549892942
4ae4ae -7.86216837145 0.103795747702 5.16680603764
4ae4ae- -7.84195391378 0.122830079805 5.14220380835
4ae4ae-4ae -7.48255834779 -0.0451406495766 4.7488452804
4ae4ae-4ae-4ae -7.31737839038 -0.140165435044 4.57479404308
4ae4ae-4ae-4ae- -7.32331962139 -0.135537045075 4.58478732033
4ae4ae-4ae4ae -7.30226136289 -0.142641429863 4.55472005806
4ae4ae-4ae4ae- -7.29838090889 -0.141930612774 4.55248501513
4ae4ae4ae -7.51326213623 -0.0489174920339 4.79056723749
4ae4ae4ae-4ae -7.31733037032 -0.133523095585 4.58166909773
4ae4ae4ae-4ae- -7.32190065161 -0.135952647688 4.58381664821
4ae4ae4ae4ae -7.33858425864 -0.132876780264 4.60904556699
4ae4ae4ae4ae- -7.33822773069 -0.129982443313 4.61028010804
4af -8.07898575828 0.886815443918 5.57755441706
4af4af -7.53706547672 0.39178309803 4.98437814868
4af4af- -7.50495314147 0.443331218035 4.99897726502
4af4af-4af -7.20824404788 0.194569334999 4.62786593099
4af4af-4af-4af -7.08217863999 0.0746005775537 4.47151371916
4af4af-4af-4af- -7.03972163601 0.113433611538 4.47372671609
4af4af-4af4af -7.07751708926 0.0257638008774 4.42742956275
4af4af-4af4af- -7.03042181996 0.0750923022236 4.43066095407
4af4af4af -7.16586044128 0.150550462665 4.57401884264
4af4af4af-4af -6.96469503275 0.0771973814948 4.38827233099
4af4af4af-4af- -6.93011228017 0.120343035442 4.39513434067
4af4af4af4af -6.78792146587 -0.365131747083 3.93142103749
4af4af4af4af- -6.74904529826 -0.319278446001 3.93423288546
4ai -8.28749044362 1.06204236743 5.83277962199
4ai4ai -7.71297494102 0.713073057349 5.43065583256
4ai4ai- -7.69972097012 0.705326738265 5.43386447532
4ai4ai-4ai -7.29943430565 0.538414825815 5.04430041938
4ai4ai-4ai-4ai -7.12033576543 0.46468895594 4.87396450458
4ai4ai-4ai-4ai- -7.11287373803 0.459586119344 4.86305788375
4ai4ai-4ai4ai -7.09560837455 0.448730927126 4.84079077989
4ai4ai-4ai4ai- -7.09216586836 0.445800965223 4.83650492018
4ai4ai4ai -7.32531315296 0.549724000505 5.07252738493
4ai4ai4ai-4ai -7.11619961347 0.456133462147 4.86401411264
4ai4ai4ai-4ai- -7.12217502265 0.466595719359 4.87644299488
4ai4ai4ai4ai -7.14519462722 0.481856572319 4.90729224089
4ai4ai4ai4ai- -7.14372758522 0.477066379367 4.9031341925
4al -7.81363394776 0.965726343688 5.46788330788
4ea -8.35210674222 0.324578349644 5.74540765275
4ea4ea -7.86236076985 0.103759908003 5.16703227812
4ea4ea- -7.84209066463 0.122892276285 5.14241379778
4ea4ea-4ea -7.48259942182 -0.045061125755 4.74895320901
4ea4ea-4ea-4ea -7.31500685837 -0.139320542677 4.57500285543
4ea4ea-4ea-4ea- -7.3273571959 -0.137213792956 4.59571042934
4ea4ea-4ea4ea -7.3045114955 -0.147546419675 4.55926486556
4ea4ea-4ea4ea- -7.29828666548 -0.142116577919 4.55226153855
4ea4ea4ea -7.5130170654 -0.0492287802609 4.79012695873
4ea4ea4ea-4ea -7.31529373299 -0.128885611315 4.57710930467
4ea4ea4ea-4ea- -7.31864352408 -0.139714451033 4.57715937098
4ea4ea4ea4ea -7.33850489374 -0.132881813534 4.60889659344
4ea4ea4ea4ea- -7.33289968496 -0.127050108212 4.60099246932
4ee -7.95646376193 -0.126186682593 5.10590351934
4ee4ee -7.72085838995 -0.278898412677 4.84385776747
4ee4ee4ee -7.51090320572 -0.358966149561 4.5921679189
4ee4ee4ee4ee -7.39264478853 -0.402797655434 4.48752293358
4ef -7.65875171287 0.551222475004 5.21789908121
4ef4ef -7.36736778909 0.276743912826 4.79266828335
4ef4ef- -7.38240126384 0.431791757727 4.90710574788
4ef4ef-4ef -7.23866090123 0.127039610894 4.60221208286
4ef4ef-4ef-4ef -7.11714526032 -0.0420588501552 4.44339006309
4ef4ef-4ef-4ef- -7.07394138134 0.0564682044538 4.48577120581
4ef4ef-4ef4ef- -7.12958650913 0.156158344557 4.55331314819
4ef4ef4ef -7.14813010964 0.101375546802 4.52547528396
4ef4ef4ef-4ef -7.06296890567 0.13439318414 4.50924681477
4ef4ef4ef-4ef- -7.01180065517 0.157795561078 4.49491418738
4ef4ef4ef4ef -7.02067879142 0.00125760174429 4.37974721177
4ef4ef4ef4ef- -6.99087250429 0.094441530508 4.42676544472
4ei -7.83264527099 0.472351145922 5.45016357534
4ei4ei -7.62191683196 0.424543001675 5.20645165433
4ei4ei- -7.6238850449 0.424959769184 5.20792517687
4ei4ei-4ei -7.42452398391 0.404867681004 5.01184262666
4ei4ei-4ei-4ei -7.32412991824 0.37931570821 4.96787385095
4ei4ei-4ei-4ei- -7.33354329698 0.372924047073 4.97245760853
4ei4ei-4ei4ei -7.31500059484 0.370070985192 4.96928318452
4ei4ei-4ei4ei- -7.3160129082 0.387360644921 4.97411980809
4ei4ei4ei -7.42957101768 0.391390165233 5.01188706842
4ei4ei4ei-4ei -7.31686117293 0.388713144356 4.97418209343
4ei4ei4ei-4ei- -7.32130436235 0.377836685582 4.96630823566
4ei4ei4ei4ei -7.33335069551 0.372731038311 4.97216966472
4ei4ei4ei4ei- -7.34572512098 0.377016801533 4.99314302145
4el -7.46776664444 0.619603323458 5.14186549566
4fa -8.07891332377 0.886940910022 5.57759371168
4fa4fa -7.42889534522 0.15006141698 4.73368123627
4fa4fa- -7.64756128899 0.375726917129 5.03559880577
4fa4fa-4fa -7.20815297841 0.19438750562 4.62767264629
4fa4fa-4fa-4fa -7.08207670583 0.0749910848845 4.47167202903
4fa4fa-4fa-4fa- -7.22491813728 -0.0349890487137 4.49158213806
4fa4fa-4fa4fa -6.9647377815 0.0770650304404 4.3882058057
4fa4fa-4fa4fa- -7.11378817808 0.0102826016371 4.44081801343
4fa4fa4fa -7.16594162527 0.150610748594 4.57414318824
4fa4fa4fa-4fa -7.07736013525 0.0260206597367 4.42745093043
4fa4fa4fa-4fa- -7.24982849254 -0.0484261841862 4.4949740422
4fa4fa4fa4fa -6.97032710601 0.0277404703802 4.36511132215
4fa4fa4fa4fa- -7.11376727297 -0.0391038156704 4.4127547203
4fe -7.65716917334 0.550286418369 5.21716514063
4fe4fe -7.36689358329 0.276345774784 4.79193925336
4fe4fe- -7.44949712212 0.223873878068 4.79962666776
4fe4fe-4fe -7.23866082684 0.14360437856 4.61144728861
4fe4fe-4fe-4fe -7.12941432325 -0.0441144678958 4.44728772456
4fe4fe-4fe-4fe- -7.19630388557 -0.10406786929 4.43571993962
4fe4fe-4fe4fe -7.08446632304 0.0961329907827 4.5022724235
4fe4fe-4fe4fe- -7.2223080058 0.0221789612429 4.54238157414
4fe4fe4fe -7.14826416136 0.101671620299 4.52579421346
4fe4fe4fe-4fe -7.14907857544 -0.0147613669651 4.45538721996
4fe4fe4fe-4fe- -7.2247721409 -0.163553863578 4.40175847139
4fe4fe4fe4fe -7.02063407188 0.00124070278684 4.37969183224
4fe4fe4fe4fe- -7.1390358831 -0.0769312011464 4.40812488781
4ff -7.36349092803 0.76095394599 4.91549953037
4ff4ff -6.99738406518 0.335526775826 4.42260175901
4ff4ff- -7.12768465316 0.266468804757 4.4894458703
4ff4ff-4ff -6.88867689875 0.0572381799604 4.19120581072
4ff4ff-4ff-4ff -6.84199898328 -0.0454451281836 4.08843691239
4ff4ff-4ff-4ff- -6.91707168212 -0.0728090170994 4.1069202952
4ff4ff-4ff4ff -6.72108308438 -0.0643280919768 3.99777869773
4ff4ff-4ff4ff- -6.80846787209 -0.127542995384 4.02432730333
4ff4ff4ff -6.73960810476 0.109170204898 4.09934425008
4ff4ff4ff-4ff -6.72747587569 -0.058417791403 4.00813868712
4ff4ff4ff-4ff- -6.79752453155 -0.0830204095911 4.02921066986
4ff4ff4ff4ff -6.58690470104 -0.0241643223992 3.91268159468
4ff4ff4ff4ff- -6.67334203977 -0.0755624361492 3.94060601336
4fi -7.52437502027 0.95534595347 5.20468794039
4fi4fi -7.2433744977 0.760329903647 4.95595102582
4fi4fi- -7.30436770783 0.631838889138 4.90353218016
4fi4fi-4fi -7.04312308396 0.628388512151 4.76284539355
4fi4fi-4fi-4fi -6.93719870593 0.514162284896 4.62714500685
4fi4fi-4fi-4fi- -7.04969381921 0.396581279386 4.61225968555
4fi4fi-4fi4fi -6.87099408781 0.588839806011 4.6437530786
4fi4fi-4fi4fi- -7.00622571411 0.502837466909 4.66506711788
4fi4fi4fi -6.97404278691 0.579496327766 4.68215030227
4fi4fi4fi-4fi -6.98600558756 0.536939943685 4.66865756438
4fi4fi4fi-4fi- -7.09161036314 0.415033285342 4.64847757802
4fi4fi4fi4fi -6.85766734375 0.53855684632 4.59987577599
4fi4fi4fi4fi- -7.00609869028 0.473059930282 4.65687414959
4fl -7.17643521543 0.839088607686 4.84441555996
4ia -8.287461037 1.06207075302 5.8327754872
4ia4ia -7.71325776565 0.7134865867 5.43113997405
4ia4ia- -7.69982216748 0.705476137536 5.43403641035
4ia4ia-4ia -7.29930975964 0.538178737854 5.04402044324
4ia4ia-4ia-4ia -7.11999431331 0.464705206486 4.8736359748
4ia4ia-4ia-4ia- -7.14220968784 0.475381034224 4.900904824
4ia4ia-4ia4ia -7.11481088507 0.455607253458 4.86262802947
4ia4ia-4ia4ia- -7.09237060387 0.445902421088 4.83677030434
4ia4ia4ia -7.32515250162 0.549501364375 5.0722359325
4ia4ia4ia-4ia -7.09538797048 0.448659688144 4.84050562717
4ia4ia4ia-4ia- -7.12144269884 0.46597496767 4.87548740566
4ia4ia4ia4ia -7.14509497279 0.481792537954 4.90714280079
4ia4ia4ia4ia- -7.11293804708 0.459627672782 4.8631480473
4ie -7.83259413113 0.472410965202 5.45016474275
4ie4ie -7.62183763958 0.424414421815 5.20630821786
4ie4ie- -7.62436677371 0.425565760467 5.20878459736
4ie4ie-4ie -7.43492837772 0.373227874696 5.01696612679
4ie4ie-4ie-4ie -7.31509014969 0.371321353871 4.96940224516
4ie4ie-4ie-4ie- -7.3240958094 0.379276132685 4.96794839795
4ie4ie-4ie4ie -7.32212204395 0.378810774095 4.96648394522
4ie4ie-4ie4ie- -7.31606369292 0.386725074027 4.97446048935
4ie4ie4ie -7.4298917586 0.391331793208 5.01218615047
4ie4ie4ie-4ie -7.317247911 0.388922285169 4.97463613411
4ie4ie4ie-4ie- -7.3145730395 0.370209429323 4.96926572758
4ie4ie4ie4ie -7.33333295374 0.372693160002 4.97208936238
4ie4ie4ie4ie- -7.33235895005 0.371786700723 4.97173030205
4if -7.52419041807 0.955397009402 5.20457926951
4if4if -7.24277922746 0.759669134362 4.95521273736
4if4if- -7.22843091203 0.777295549083 4.96350850785
4if4if-4if -7.04309867382 0.628478148764 4.76288332266
4if4if-4if-4if -6.9372277373 0.514182329616 4.62718358682
4if4if-4if-4if- -6.88538014819 0.517371982573 4.6028657305
4if4if-4if4if -6.98604200297 0.53687317888 4.66864330327
4if4if-4if4if- -6.93779540944 0.583342985784 4.67258710122
4if4if4if -6.97381552962 0.579690023259 4.68215531453
4if4if4if-4if -6.87039676476 0.586851660679 4.64199395343
4if4if4if-4if- -6.82348918113 0.624599166993 4.63468176859
4if4if4if4if -6.85759072482 0.538705332293 4.59990088807
4if4if4if4if- -6.8197513732 0.596183407235 4.61684478963
4ii -7.70127918901 1.13799809385 5.48213672692
4ii4ii -7.5197328748 1.20963594539 5.37665947698
4ii4ii4ii -7.29183003291 1.22689764017 5.24592502031
4ii4ii4ii4ii -7.25935784356 1.23956229453 5.22133812498
4il -7.32297413729 1.03355457322 5.12578592555
4la -7.81376611915 0.965747063585 5.46802362904
4la4la- -7.30805858146 0.571529157764 4.93681784999
4la4la-4la-4la- -6.74845520486 0.257589796323 4.35810051104
4le -7.46678729316 0.619210252941 5.14138060295
4le4le- -7.18062845474 0.517825497375 4.82110002856
4le4le-4le-4le- -6.81390971255 0.261364725755 4.41387096887
4lf -7.17573586655 0.83893775015 4.84367992873
4lf4lf- -6.81341415172 0.675340281958 4.5395457939
4lf4lf-4lf-4lf- -6.4336072456 0.270934464805 4.06642113267
4li -7.32276315716 1.03361797852 5.12566310205
4li4li- -7.05010562765 0.898955173792 4.91613080094
4li4li-4li-4li- -6.67788950885 0.815319283586 4.65411262567
4ll -6.99563909118 0.910391065573 4.76682990569
