1111 -7.12969548991 -0.907940560252 0.473043897741
1111- -6.87514610984 -0.983798526746 0.213414804937
1111-11- -6.85755517163 -1.56728151474 0.0952915957275
1111-11-11 -7.03271949292 -1.02374857121 0.578764169706
1111-11-11- -6.63323184408 -1.78928176164 0.0395633087328
1111-1111 -7.04536782801 -1.47855369231 0.45926067012
1111-1111- -7.03276016358 -1.02286234128 0.579081951352
111111 -7.27100620305 -1.53504451847 0.407490754116
111111- -6.85754226734 -1.56731524038 0.0952514077674
111111-11 -7.04555122749 -1.47784668798 0.459556115761
111111-11- -6.89394329539 -1.89753755247 0.081769268756
11111111 -7.34140989161 -1.30480187419 0.705311595268
11111111- -6.97160393557 -1.45166610606 0.442446732501
12aa -6.98249926436 1.34795825414 4.37700052661
12aa12aa -6.08565394853 0.529925035332 3.20068220092
12aa12aa- -6.1107409405 0.520067934416 3.21922612473
12aa12aa-12aa -5.76278927849 0.140954167129 2.67889630059
12aa12aa-12aa-12aa -5.57710207482 -0.0814261483777 2.37093720107
12aa12aa-12aa-12aa- -5.56943847235 -0.085737281139 2.36784891991
12aa12aa-12aa12aa -5.57909742905 -0.0806895038417 2.39226734622
12aa12aa-12aa12aa- -5.58723658649 -0.0770584724049 2.39722652109
12aa12aa12aa -5.73238079706 0.140009437527 2.66410259431
12aa12aa12aa-12aa -5.57909753926 -0.0806893568691 2.39226776088
12aa12aa12aa-12aa- -5.57140852341 -0.0844680383967 2.38738924165
12aa12aa12aa12aa -5.5610714507 -0.0898423201093 2.36408353239
12aa12aa12aa12aa- -5.569438474 -0.0857372503203 2.36784922324
12ae -7.00395849874 0.887415207594 3.96634455231
12ae12ae -6.20691953733 0.0827950978901 2.96446795228
12ae12ae- -6.24049346693 0.0535543506492 2.98446078027
12ae12ae-12ae -5.93040532644 -0.31131430871 2.46316673689
12ae12ae-12ae-12ae -5.77365124623 -0.533823705286 2.18004684703
12ae12ae-12ae-12ae- -5.76789832146 -0.54180957379 2.17634356377
12ae12ae-12ae12ae -5.76683734723 -0.52910220645 2.20089697888
12ae12ae-12ae12ae- -5.77614034613 -0.523754943165 2.20594398174
12ae12ae12ae -5.89871832349 -0.308665537019 2.47467412828
12ae12ae12ae-12ae -5.77495248936 -0.535460873553 2.21404988034
12ae12ae12ae-12ae- -5.76747389319 -0.541880462656 2.21006538968
12ae12ae12ae12ae -5.7564161254 -0.544247734405 2.19991448025
12ae12ae12ae12ae- -5.76905816931 -0.544262452414 2.20442913805
12af -6.8862366229 1.32111808761 4.27288529335
12af12af -5.97258680897 0.516275831116 3.10063981369
12af12af- -6.00097238904 0.476449562931 3.09582546284
12af12af-12af -5.61689968613 0.130709136446 2.56122903258
12af12af-12af-12af -5.40756601601 -0.0867723164599 2.25380811821
12af12af-12af-12af- -5.40651133472 -0.109468194348 2.24657995999
12af12af-12af12af -5.41747904848 -0.0871607759506 2.28176279777
12af12af-12af12af- -5.43776587921 -0.106531196593 2.27729715049
12af12af12af -5.61499844745 0.127153344695 2.57068808101
12af12af12af-12af -5.43721162056 -0.102669440748 2.2811172405
12af12af12af-12af- -5.43719997917 -0.126208540997 2.27074034375
12af12af12af12af -5.43872082463 -0.103621513192 2.2721573707
12af12af12af12af- -5.45840907667 -0.123137493677 2.26625995133
12ai -6.8849667167 1.36579178727 4.29707575823
12ai12ai -6.00123453682 0.589775070411 3.1603889158
12ai12ai- -6.00809881597 0.561117590689 3.16045777191
12ai12ai-12ai -5.66660181561 0.187730695774 2.62813778913
12ai12ai-12ai-12ai -5.4763064431 -0.0418036133431 2.31843646655
12ai12ai-12ai-12ai- -5.45091134266 -0.0506969115276 2.30383535127
12ai12ai-12ai12ai -5.47006463338 -0.039257693932 2.33851137787
12ai12ai-12ai12ai- -5.48489552733 -0.0415534996925 2.33880234158
12ai12ai12ai -5.62110675421 0.18265052933 2.60715316389
12ai12ai12ai-12ai -5.47640004402 -0.0372949024993 2.34096273209
12ai12ai12ai-12ai- -5.45816308004 -0.0401293698407 2.33436631958
12ai12ai12ai12ai -5.43620710861 -0.0499775712685 2.30297030973
12ai12ai12ai12ai- -5.4612399273 -0.0416454075044 2.31728390762
12al -6.7177364125 1.44342321071 4.21427196582
12al12al -5.77647600264 0.673203396271 3.06278876664
12al12al- -5.78901479595 0.700188145287 3.10492644482
12al12al-12al -5.48942505314 0.293089680019 2.57292097903
12al12al-12al-12al -5.35851495136 0.0625707980235 2.28886218749
12al12al-12al-12al- -5.33157766042 0.0939432070291 2.30074929255
12al12al-12al12al -5.28254106917 0.0599898792871 2.27580188702
12al12al-12al12al- -5.27866869686 0.0906158734761 2.2888023567
12al12al12al -5.38267791789 0.306144830041 2.53170762583
12al12al12al-12al -5.25606495511 0.102748060691 2.28628836406
12al12al12al-12al- -5.23659336175 0.12512587657 2.2957627073
12al12al12al12al -5.17428784789 0.0935431737933 2.23151071359
12al12al12al12al- -5.17147218879 0.124116043646 2.242869591
12ea -7.00395794837 0.887414081731 3.96634125951
12ea12ea -6.20690681504 0.0827915241465 2.96445155798
12ea12ea- -6.24049650426 0.0535131910583 2.98445606969
12ea12ea-12ea -5.93045171516 -0.311244739061 2.46323751683
12ea12ea-12ea-12ea -5.77365181502 -0.533825208532 2.18004781413
12ea12ea-12ea-12ea- -5.76905973432 -0.544266711371 2.20442729388
12ea12ea-12ea12ea -5.77495533234 -0.535472130986 2.21404272728
12ea12ea-12ea12ea- -5.77613989529 -0.52374202007 2.20595717205
12ea12ea12ea -5.89871956439 -0.308656047625 2.47468181155
12ea12ea12ea-12ea -5.76686953061 -0.52911926487 2.20090392847
12ea12ea12ea-12ea- -5.7674740282 -0.5418756751 2.21006757821
12ea12ea12ea12ea -5.75642606762 -0.544233042745 2.19993621497
12ea12ea12ea12ea- -5.7678963297 -0.54182045416 2.17632860781
12ee -7.07582051556 0.638620916223 3.93503180018
12ee12ee -6.27327667455 -0.23495639942 2.77084372169
12ee12ee- -6.31026573265 -0.291178697772 2.7792255432
12ee12ee-12ee -6.05723783085 -0.568034161385 2.36194697173
12ee12ee-12ee-12ee- -6.01400232332 -0.671216995534 2.25350374921
12ee12ee-12ee12ee -5.9583320324 -0.730762510731 2.18037717809
12ee12ee-12ee12ee- -5.92726566018 -0.744361575865 2.15728563879
12ee12ee12ee -6.01216429955 -0.621751105766 2.32856056547
12ee12ee12ee-12ee -5.95838612405 -0.730735733745 2.18043668458
12ee12ee12ee-12ee- -5.9003982075 -0.868358652279 2.0627538021
12ee12ee12ee12ee -5.90646082023 -0.857564915334 2.07703643378
12ee12ee12ee12ee- -6.01408230934 -0.671183074509 2.25357275364
12ef -6.96408696903 0.861654855103 3.96849903896
12ef12ef -6.07912660758 0.0889043371826 2.8557777062
12ef12ef- -6.13928402942 0.0210682658072 2.88016103183
12ef12ef-12ef -5.77831629336 -0.293697710134 2.3453885748
12ef12ef-12ef-12ef -5.61113268274 -0.516025047387 2.07452641309
12ef12ef-12ef-12ef- -5.62916935337 -0.55553174496 2.10296003067
12ef12ef-12ef12ef -5.60252880355 -0.510198553283 2.1007569076
12ef12ef-12ef12ef- -5.61886957512 -0.525103329109 2.0831356085
12ef12ef12ef -5.76266100541 -0.295301862491 2.37067534743
12ef12ef12ef-12ef -5.61647428954 -0.51771476998 2.08433637817
12ef12ef12ef-12ef- -5.64020375385 -0.5641299308 2.09945992603
12ef12ef12ef12ef -5.61658147893 -0.530407086157 2.09400676892
12ef12ef12ef12ef- -5.63964513904 -0.549746819401 2.06181543095
12ei -6.96273794817 0.880551859845 3.94987685565
12ei12ei -6.24258352095 0.287342022548 3.08625760527
12ei12ei- -6.13469431714 0.0990612514122 2.92015771769
12ei12ei-12ei -5.83440315534 -0.245391184008 2.419005988
12ei12ei-12ei-12ei -5.76364097096 -0.366526700313 2.2604112307
12ei12ei-12ei-12ei- -5.80969154527 -0.315145014409 2.36037868853
12ei12ei-12ei12ei -5.73660865773 -0.40545031754 2.2451668167
12ei12ei-12ei12ei- -5.6975974896 -0.433868474526 2.18796430614
12ei12ei12ei -5.98019332941 -0.0137651336207 2.68412500683
12ei12ei12ei-12ei -5.72713255566 -0.390367475359 2.23072967722
12ei12ei12ei-12ei- -5.77722944817 -0.334058064395 2.31783356509
12ei12ei12ei12ei -5.86824076535 -0.189730251118 2.472990422
12ei12ei12ei12ei- -5.80918044455 -0.275221153448 2.35043292794
12el -6.8535906389 0.915053105081 3.87116904947
12el12el -5.97578925925 0.18215491107 2.84573567016
12el12el- -5.94606075168 0.225438903964 2.87613456944
12el12el-12el -5.68532353731 -0.161837404304 2.36776166997
12el12el-12el-12el -5.59783486752 -0.34552627728 2.16181580984
12el12el-12el-12el- -5.59689595652 -0.208170934567 2.27139058808
12el12el-12el12el -5.61373722833 -0.327066509215 2.19860979297
12el12el-12el12el- -5.51436703524 -0.332977787878 2.12675346426
12el12el12el -5.65326006888 -0.186669383763 2.37025273906
12el12el12el-12el -5.54931840676 -0.306916858058 2.17007711435
12el12el12el-12el- -5.5146455715 -0.359866765522 2.13899585405
12el12el12el12el -5.50033270183 -0.411056273666 2.09636291152
12el12el12el12el- -5.46450981012 -0.362195950413 2.06413092515
12fa -6.85857543905 1.32217253337 4.23346961058
12fa12fa -5.93966578844 0.527844513609 3.08003164898
12fa12fa- -6.00097862178 0.476456664929 3.0958383856
12fa12fa-12fa -5.61247693017 0.126034004849 2.55967606724
12fa12fa-12fa-12fa -5.42543882187 -0.0960602509607 2.25728770851
12fa12fa-12fa-12fa- -5.45840723653 -0.123139610165 2.26625729015
12fa12fa-12fa12fa -5.40553781399 -0.0781711084815 2.27755821541
12fa12fa-12fa12fa- -5.43776329109 -0.106534559697 2.27729380748
12fa12fa12fa -5.56485172145 0.143416225623 2.54917613511
12fa12fa12fa-12fa -5.41086677921 -0.100324665688 2.26759294612
12fa12fa12fa-12fa- -5.43720114347 -0.126208950981 2.27074084637
12fa12fa12fa12fa -5.37336475372 -0.0827712478283 2.25103940682
12fa12fa12fa12fa- -5.40587439255 -0.109873461103 2.24595291092
12fe -6.96780043915 0.819852537994 3.92830193155
12fe12fe -6.08018958664 0.0869095498308 2.87739234913
12fe12fe- -6.13928343759 0.0210672079705 2.8801600727
12fe12fe-12fe -5.77625297273 -0.303289764427 2.35403680999
12fe12fe-12fe-12fe -5.61037633049 -0.523302262806 2.05983427205
12fe12fe-12fe-12fe- -5.63958388301 -0.54983875489 2.06171555068
12fe12fe-12fe12fe -5.59942166556 -0.495518805111 2.09871373097
12fe12fe-12fe12fe- -5.61885372798 -0.525134234034 2.0831130519
12fe12fe12fe -5.75587035832 -0.287115770594 2.393361039
12fe12fe12fe-12fe -5.61376529627 -0.535937769923 2.10076865214
12fe12fe12fe-12fe- -5.6400551599 -0.564204673065 2.09935603379
12fe12fe12fe12fe -5.60187828163 -0.514736727453 2.11788294479
12fe12fe12fe12fe- -5.62917657591 -0.555528038169 2.10296612408
12ff -6.84646684432 1.3130588367 4.23757004792
12ff12ff -5.88145192753 0.543381508029 3.03973573547
12ff12ff- -5.96535919277 0.473396930216 3.06832563553
12ff12ff-12ff -5.5372106118 0.174986561911 2.51887144725
12ff12ff-12ff-12ff -5.33261487791 -0.037612720328 2.21227343083
12ff12ff-12ff-12ff- -5.36727253055 -0.0943480182796 2.20854377643
12ff12ff-12ff12ff -5.31839774665 -0.0156446617363 2.23957573162
12ff12ff-12ff12ff- -5.37360589478 -0.0643298862122 2.23798005209
12ff12ff12ff -5.5034717155 0.170929849837 2.50916268416
12ff12ff12ff-12ff -5.35335561208 -0.05466716885 2.23171941212
12ff12ff12ff-12ff- -5.39117241976 -0.113423535557 2.22457875917
12ff12ff12ff12ff -5.31345278265 -0.046032206038 2.21254205671
12ff12ff12ff12ff- -5.36727797645 -0.0943452236401 2.20854975562
12fi -6.82145395176 1.35820786944 4.24495685078
12fi12fi -5.96068513493 0.684465484577 3.17159120461
12fi12fi- -5.92368364761 0.535027032404 3.07366570315
12fi12fi-12fi -5.53971271109 0.198948789911 2.53783244398
12fi12fi-12fi-12fi -5.44919891524 0.0997301818469 2.37091030013
12fi12fi-12fi-12fi- -5.56258411686 0.178891345561 2.49911124123
12fi12fi-12fi12fi -5.37298439846 0.0367338284701 2.30424192028
12fi12fi-12fi12fi- -5.3712753788 -0.0306296245587 2.25359263116
12fi12fi12fi -5.6182946854 0.348746682122 2.68590637739
12fi12fi12fi-12fi -5.3751996369 0.0103326837837 2.28631357572
12fi12fi12fi-12fi- -5.46338178167 0.0704372583065 2.37640963278
12fi12fi12fi12fi -5.45525469095 0.169743696578 2.43156928687
12fi12fi12fi12fi- -5.41159170969 0.0267181181921 2.30224317639
12fl -6.71844321605 1.43252036853 4.21751021813
12fl12fl -5.75517378951 0.679682200717 3.04901727034
12fl12fl- -5.7566808172 0.666260053531 3.04788691942
12fl12fl-12fl -5.42543206649 0.286508445317 2.51865587308
12fl12fl-12fl-12fl -5.21104749504 0.0973434648984 2.21557524869
12fl12fl-12fl-12fl- -5.22984297495 0.0605445263562 2.20972174517
12fl12fl-12fl12fl -5.23861873776 0.0812423104088 2.24717801051
12fl12fl-12fl12fl- -5.23185295379 0.0886261450026 2.24298075261
12fl12fl12fl -5.37690454282 0.333166835072 2.52923189609
12fl12fl12fl-12fl -5.21365505571 0.109980301349 2.24727979907
12fl12fl12fl-12fl- -5.24131317104 0.113328221794 2.27472501434
12fl12fl12fl12fl -5.18440850389 0.134494028976 2.23424369823
12fl12fl12fl12fl- -5.17654648446 0.146157934432 2.22207312831
12ia -6.88497608001 1.36579399053 4.29708481631
12ia12ia -6.00116143686 0.589757181916 3.16036879137
12ia12ia- -6.00809684269 0.561117227372 3.16045739003
12ia12ia-12ia -5.6666234893 0.187767591115 2.62818453474
12ia12ia-12ia-12ia -5.47630647149 -0.0418036739451 2.31843646142
12ia12ia-12ia-12ia- -5.46124607226 -0.0416410889143 2.31729151387
12ia12ia-12ia12ia -5.47631716808 -0.0374152938309 2.3408255004
12ia12ia-12ia12ia- -5.48489210854 -0.0415544681242 2.33879952406
12ia12ia12ia -5.62108855277 0.182621561563 2.60712978264
12ia12ia12ia-12ia -5.47006468562 -0.0392575481377 2.33851158518
12ia12ia12ia-12ia- -5.4581638832 -0.0401288413132 2.33436720675
12ia12ia12ia12ia -5.43620395308 -0.0499819556773 2.30296575767
12ia12ia12ia12ia- -5.45090216837 -0.050705947362 2.30382122534
12ie -6.96273834279 0.88055120597 3.94987016471
12ie12ie -6.2426086245 0.287255433094 3.08625567944
12ie12ie- -6.13487704166 0.0991754691242 2.92035886453
12ie12ie-12ie -5.834417596 -0.245366239786 2.41902795234
12ie12ie-12ie-12ie -5.76395183822 -0.366186217803 2.26088389874
12ie12ie-12ie-12ie- -5.81055057443 -0.271688117168 2.3549649364
12ie12ie-12ie12ie -5.72715285139 -0.390329795493 2.23076671859
12ie12ie-12ie12ie- -5.69740635612 -0.433904677409 2.18778262376
12ie12ie12ie -5.98022430935 -0.0137302052274 2.68416286351
12ie12ie12ie-12ie -5.73659694832 -0.405481118447 2.24513973083
12ie12ie12ie-12ie- -5.77720204228 -0.334091024245 2.31780025893
12ie12ie12ie12ie -5.86811901689 -0.189886373177 2.47278654561
12ie12ie12ie12ie- -5.80967813377 -0.315157348706 2.36035734811
12if -6.8298780794 1.35219200594 4.25420443209
12if12if -6.06035407994 0.786888024034 3.2771963732
12if12if- -5.92368126364 0.535024923149 3.07366243465
12if12if-12if -5.5511837828 0.212197992 2.54466633257
12if12if-12if-12if -5.38789000779 0.0220968394 2.27477966777
12if12if-12if-12if- -5.41159691099 0.0267239889141 2.30225021141
12if12if-12if12if -5.41103312068 0.0852847954393 2.34919475357
12if12if-12if12if- -5.3712754049 -0.0306292270033 2.25359288191
12if12if12if -5.76009095846 0.510930771633 2.85810419533
12if12if12if-12if -5.4377938463 0.0694922534877 2.35345241686
12if12if12if-12if- -5.46338565671 0.0704408242022 2.37641476927
12if12if12if12if -5.62457567982 0.356193002227 2.64605173988
12if12if12if12if- -5.56258320347 0.17889058334 2.49911000907
12ii -6.82381226044 1.39948380827 4.25854645113
12ii12ii -6.10390445838 0.878363707 3.36713106766
12ii12ii- -5.92205136854 0.618019100776 3.12687323268
12ii12ii-12ii -5.61592587094 0.301827267465 2.64486343537
12ii12ii-12ii-12ii -5.55699869499 0.210136787097 2.51782852472
12ii12ii-12ii-12ii- -5.61607852535 0.331732867131 2.63927346762
12ii12ii-12ii12ii -5.50942486584 0.190697088489 2.4800906758
12ii12ii-12ii12ii- -5.46660218501 0.110902512372 2.40178638851
12ii12ii12ii -5.83107701981 0.621027572008 2.98446048019
12ii12ii12ii-12ii -5.50937174429 0.190619160322 2.48000527325
12ii12ii12ii-12ii- -5.56172381108 0.281382891666 2.57294646194
12ii12ii12ii12ii -5.7120622849 0.489861237451 2.79580483746
12ii12ii12ii12ii- -5.61601609876 0.331467616402 2.63914931965
12il -6.70557004651 1.4630422918 4.22314180767
12il12il -5.89523276957 0.816927218511 3.193786916
12il12il- -5.75460020554 0.705995523334 3.07030170476
12il12il-12il -5.41936639478 0.311776009389 2.51809869309
12il12il-12il-12il -5.30936253025 0.155492582933 2.30447774432
12il12il-12il-12il- -5.32162592341 0.235261361242 2.37291367985
12il12il-12il12il -5.28897452591 0.174465041649 2.32080052502
12il12il-12il12il- -5.24859155036 0.176224798559 2.29517069095
12il12il12il-12il -5.26459888882 0.178974701039 2.31168149816
12il12il12il-12il- -5.27176327118 0.189181224677 2.32081545965
12il12il12il12il -5.39506616803 0.353669845085 2.50221415423
12il12il12il12il- -5.31524998797 0.260313655313 2.38892589412
12la -6.76543298361 1.45044427891 4.28208691136
12la12la -5.8783023884 0.652796157843 3.13462489614
12la12la- -5.78901359098 0.700187932694 3.10492598615
12la12la-12la -5.48684413693 0.268291341392 2.56881288652
12la12la-12la-12la -5.26069594228 0.0516143298842 2.24846357574
12la12la-12la-12la- -5.171025298 0.123581758193 2.24222962342
12la12la-12la12la -5.33946475115 0.0487055077526 2.30862730153
12la12la-12la12la- -5.27866316522 0.0906135703231 2.2887970023
12la12la12la -5.54535753588 0.278699435869 2.61858051691
12la12la12la-12la -5.32252358801 0.0569129930916 2.30706852852
12la12la12la-12la- -5.23659535824 0.125129412975 2.29576597805
12la12la12la12la -5.3901023307 0.0561740531089 2.32480034822
12la12la12la12la- -5.3315975258 0.0939896481413 2.30080001772
12le -6.85789691346 0.967598949172 3.9675156936
12le12le -6.04810957266 0.169125101904 2.92303330975
12le12le- -5.94606615477 0.225441355651 2.87613956177
12le12le-12le -5.68925853779 -0.211440073265 2.35226140603
12le12le-12le-12le- -5.5552400279 -0.24098106419 2.20337462906
12le12le-12le12le -5.67872994105 -0.229879295843 2.28332022694
12le12le-12le12le- -5.51438863452 -0.333022801704 2.12673130331
12le12le12le -5.79063623525 -0.206681443786 2.46202459295
12le12le12le-12le -5.57918597581 -0.43403808159 2.13822181191
12le12le12le-12le- -5.51464536036 -0.359868146084 2.1389931488
12le12le12le12le -5.69657495804 -0.445309704921 2.19366775006
12le12le12le12le- -5.59698628586 -0.208105210421 2.27146718637
12lf -6.73841074434 1.42976955167 4.25125401803
12lf12lf -6.15411248884 1.0439697427 3.49014361463
12lf12lf- -5.75670024929 0.666272611607 3.04790907252
12lf12lf-12lf -5.42729417652 0.283920974022 2.52243844252
12lf12lf-12lf-12lf -5.22394410365 0.0896539252454 2.21812713874
12lf12lf-12lf-12lf- -5.17654724556 0.146156427547 2.22207222934
12lf12lf-12lf12lf -5.15292647959 0.16408120953 2.23774830927
12lf12lf-12lf12lf- -5.23180783917 0.0885636960461 2.24288831682
12lf12lf12lf -5.34893631971 0.356297652488 2.51532807592
12lf12lf12lf-12lf -5.21043316525 0.099388585954 2.22779821293
12lf12lf12lf-12lf- -5.24656351713 0.076835551033 2.24226572889
12lf12lf12lf12lf -5.15931598319 0.149284426514 2.22629793725
12lf12lf12lf12lf- -5.33900864783 0.0752727515443 2.28885795339
12li -6.71433077256 1.47814582123 4.26569589525
12li12li -5.91124131664 0.851478280456 3.2330849577
12li12li- -5.75456536433 0.705897898896 3.07021899526
12li12li-12li -5.39685272323 0.334802199543 2.51933277327
12li12li-12li-12li -5.27308062965 0.172950507055 2.29414512932
12li12li-12li-12li- -5.31396093159 0.263200851831 2.39090648687
12li12li-12li12li -5.22840802125 0.125815608813 2.25438055068
12li12li-12li12li- -5.24856865481 0.176209089093 2.29514344032
12li12li12li -5.39672355172 0.334745153874 2.51920336578
12li12li12li-12li -5.22810161227 0.125396797372 2.25394019836
12li12li12li-12li- -5.27174604196 0.189199388168 2.32080841101
12li12li12li12li -5.22855504919 0.125963414718 2.25457039872
12li12li12li12li- -5.2760994761 0.178242483311 2.30022661913
12ll -6.5916337434 1.55942038057 4.22173664714
12ll12ll -5.67028272058 0.802091753815 3.08666557348
12ll12ll- -5.52323909402 0.889272199786 3.0369314736
12ll12ll-12ll -5.49710426773 0.696240337749 2.80928199181
12ll12ll-12ll-12ll -5.20034399922 0.396832070116 2.38654652892
12ll12ll-12ll-12ll- -5.23874657929 0.562534828671 2.52999136163
12ll12ll-12ll12ll -5.41741200693 0.535224465979 2.62972860029
12ll12ll-12ll12ll- -5.2674946596 0.474354525425 2.49257736651
12ll12ll12ll -5.33804990235 0.460116865567 2.588807025
12ll12ll12ll-12ll -5.13745594235 0.238769564444 2.28487399274
12ll12ll12ll-12ll- -5.03099829648 0.351770834302 2.2894027286
12ll12ll12ll12ll -5.18755481873 0.260230520072 2.30492027396
12ll12ll12ll12ll- -5.24907634016 0.573085623915 2.54206342267
2 -8.83137512953 1.70565710172 6.6842059319
22 -7.54560163021 0.79610015037 5.00443705551
22- -7.57565202324 0.826762859841 4.81566596908
22-2 -6.97556820383 0.321150405024 3.92892957719
22-2- -6.94178064198 0.309148526128 3.99577205993
22-2-2 -6.5790099345 -0.0133139228824 3.45602487505
22-2-2- -6.5602245143 -0.0257821446945 3.50495532136
22-22 -6.59996284593 -0.0149501447672 3.4373595111
22-22- -6.62190387443 -0.00573627086138 3.41063296758
222 -6.91478088872 0.287378593994 4.10772972615
222- -6.94159116183 0.308680442985 3.99544615464
222-2 -6.60011191205 -0.0147752026338 3.43756826012
222-2- -6.57807189646 -0.0221043516274 3.46018571732
2222 -6.54227796358 -0.0401308915408 3.56643025419
2222- -6.56037504245 -0.0256677463553 3.5050879235
4aa -7.72906762992 1.33872933289 4.23762237726
4aa4aa -6.87675117189 0.603587943565 3.98293706592
4aa4aa- -6.87651657043 0.602832660142 3.98273243299
4aa4aa-4aa -6.55813047247 0.266133503651 3.58219323431
4aa4aa-4aa-4aa -6.41079228848 0.0796269000979 3.354438785
4aa4aa-4aa-4aa- -6.5692027362 0.37851296369 3.68714212108
4aa4aa-4aa4aa -6.41080461563 0.0796555179356 3.35446934012
4aa4aa-4aa4aa- -6.58637306138 0.38127968622 3.69178717978
4aa4aa4aa -6.55823421535 0.266329237897 3.58239687977
4aa4aa4aa-4aa -6.41080818335 0.0796581346118 3.35447408105
4aa4aa4aa-4aa- -6.4108877786 0.0797725575394 3.35461235369
4aa4aa4aa4aa -6.41078983133 0.0797535877281 3.35451758118
4aa4aa4aa4aa- -6.58609386628 0.381034045488 3.69137066636
4ae -7.33638481655 0.746838379985 3.92921121224
4ae4ae -7.00720591661 0.46279811406 3.60480410337
4ae4ae- -6.92904816643 0.491631203372 3.60237706306
4ae4ae-4ae -6.72956953434 0.309855204676 3.55881480098
4ae4ae-4ae-4ae -6.65388889111 0.174520143799 3.49731265442
4ae4ae-4ae-4ae- -6.66718205898 0.177798850669 3.50389121388
4ae4ae-4ae4ae -6.65212843469 0.199222558694 3.5048831001
4ae4ae-4ae4ae- -6.64261850764 0.199595843269 3.50394622165
4ae4ae4ae -6.78689798444 0.267389630768 3.54149832541
4ae4ae4ae-4ae -6.65330953245 0.170991477835 3.49705037679
4ae4ae4ae-4ae- -6.66501091875 0.169665451234 3.49846131388
4ae4ae4ae4ae -6.68260409886 0.149062716747 3.49321182433
4ae4ae4ae4ae- -6.67108841361 0.150714301155 3.49216813034
4af -7.37825565182 1.3144602277 4.12220373805
4af4af -6.8800701312 0.824200873264 3.89899046999
4af4af- -6.85973600926 0.843389041637 3.91635792332
4af4af-4af -6.64370851283 0.627312162294 3.7590024994
4af4af-4af-4af -6.54429716117 0.509045338486 3.67250365938
4af4af-4af-4af- -6.53214820218 0.525728727688 3.6724088822
4af4af-4af4af -6.5448889025 0.490982350022 3.66276030085
4af4af-4af4af- -6.52735372443 0.509642607824 3.66636363895
4af4af4af -6.59087288599 0.565550731638 3.72583931728
4af4af4af-4af -6.50138475214 0.488398339241 3.64277965249
4af4af4af-4af- -6.46839898261 0.485539653432 3.63101517233
4af4af4af4af -6.29133309587 0.116288709308 3.28452207657
4af4af4af4af- -6.27922854973 0.131700577328 3.28664371243
4ai -7.4079115277 1.33352745999 4.13538373821
4ai4ai -7.0090665804 0.939355429095 3.94648330394
4ai4ai- -6.99470993965 0.935622871307 3.94778168545
4ai4ai-4ai -6.76934936486 0.743004671131 3.81738811646
4ai4ai-4ai-4ai -6.66064109733 0.612357502169 3.77527973656
4ai4ai-4ai-4ai- -6.65615674447 0.607520590646 3.77075204253
4ai4ai-4ai4ai -6.67689860536 0.632744885211 3.78782124741
4ai4ai-4ai4ai- -6.6741647645 0.630499831727 3.78831940422
4ai4ai4ai -6.75552197516 0.71483245771 3.81587340335
4ai4ai4ai-4ai -6.65819861793 0.604602648069 3.78756912085
4ai4ai4ai-4ai- -6.66249064365 0.611778508499 3.78691009764
4ai4ai4ai4ai -6.64788020511 0.593845450716 3.77516635468
4ai4ai4ai4ai- -6.64592212774 0.590997809793 3.77765840422
4al -7.27911832395 1.4130244593 4.12583648089
4ea -7.33626999454 0.746770892521 3.92915500654
4ea4ea -7.00766512447 0.462686981917 3.60586456994
4ea4ea- -6.92918491447 0.491799136543 3.60247751387
4ea4ea-4ea -6.72974029216 0.309949126661 3.5591155641
4ea4ea-4ea-4ea -6.65754049521 0.168509454673 3.49646057812
4ea4ea-4ea-4ea- -6.68397287641 0.1611216966 3.49384065889
4ea4ea-4ea4ea -6.6603681689 0.182935618722 3.4967320555
4ea4ea-4ea4ea- -6.64272866811 0.19936967664 3.50396435685
4ea4ea4ea -6.78686939009 0.267190072738 3.5417017333
4ea4ea4ea-4ea -6.64249821492 0.188184668888 3.50373324046
4ea4ea4ea-4ea- -6.65913349301 0.169234571409 3.49261246979
4ea4ea4ea4ea -6.68254941534 0.149050052061 3.49316997425
4ea4ea4ea4ea- -6.65927354312 0.161544125574 3.50153294593
4ee -7.12441433537 0.310559509246 3.87687406826
4ee4ee -6.98755213461 0.0850627845449 3.52805345381
4ee4ee4ee -6.81536353181 -0.0498176830481 3.36550741259
4ee4ee4ee4ee -6.73067732217 -0.134353142547 3.31524606412
4ef -7.08618070388 0.808093333844 3.93026204148
4ef4ef -6.86314851952 0.549273096785 3.60294499479
4ef4ef- -6.83947027473 0.658001427442 3.68135204017
4ef4ef-4ef -6.71111372112 0.421901191987 3.56072922153
4ef4ef-4ef-4ef -6.65573974354 0.30554343091 3.52299041756
4ef4ef-4ef-4ef- -6.64815995808 0.335582469014 3.54330648822
4ef4ef-4ef4ef- -6.62098733807 0.37884430469 3.55289853729
4ef4ef4ef -6.66437331401 0.36123994697 3.5219818218
4ef4ef4ef-4ef -6.63151925164 0.413467725194 3.54443751959
4ef4ef4ef-4ef- -6.62309814656 0.407365727267 3.54105444729
4ef4ef4ef4ef -6.55950697595 0.242798376543 3.48067821401
4ef4ef4ef4ef- -6.56250638385 0.328049450555 3.5081501223
4ei -7.11384338174 0.799514823132 3.93083983216
4ei4ei -6.95931670148 0.641607450206 3.71757904887
4ei4ei- -6.96031918194 0.641737730509 3.71738031399
4ei4ei-4ei -6.860156795 0.564352804229 3.64340666307
4ei4ei-4ei-4ei -6.80472127962 0.475483545694 3.62322876633
4ei4ei-4ei-4ei- -6.79108132239 0.436604767601 3.61690049599
4ei4ei-4ei4ei -6.81060232693 0.45908313326 3.62040609183
4ei4ei-4ei4ei- -6.83182615658 0.508022558787 3.6294265203
4ei4ei4ei -6.84236531566 0.527987334627 3.63512452556
4ei4ei4ei-4ei -6.83222922288 0.506681293797 3.62937111401
4ei4ei4ei-4ei- -6.80273832741 0.476136677382 3.62283237138
4ei4ei4ei4ei -6.7909825184 0.436376329345 3.61681172224
4ei4ei4ei4ei- -6.8438560532 0.453046853472 3.61368604967
4el -6.9987895437 0.900424534488 3.93146939315
4fa -7.37819608733 1.31451312555 4.12222064543
4fa4fa -6.76513203119 0.620879582036 3.83663147622
4fa4fa- -6.95131275567 0.863112585238 3.92785132214
4fa4fa-4fa -6.64359098031 0.627115147225 3.75883441395
4fa4fa-4fa-4fa -6.54438968979 0.509293586134 3.6725849551
4fa4fa-4fa-4fa- -6.63175825686 0.519234171223 3.70056170725
4fa4fa-4fa4fa -6.50142918743 0.488338261378 3.64270544627
4fa4fa-4fa4fa- -6.5524656951 0.503515263784 3.67330241015
4fa4fa4fa -6.59083365646 0.565564585977 3.72587254316
4fa4fa4fa-4fa -6.54497646938 0.491089766607 3.66289599647
4fa4fa4fa-4fa- -6.59423589383 0.482941108448 3.69392097392
4fa4fa4fa4fa -6.4526362043 0.424677255169 3.59327225314
4fa4fa4fa4fa- -6.49949541081 0.435057199446 3.61958575135
4fe -7.08485014973 0.807291651986 3.92909883978
4fe4fe -6.86261398564 0.549049459395 3.60231678064
4fe4fe- -6.85574438357 0.585014096359 3.6709626753
4fe4fe-4fe -6.7188052332 0.452306294321 3.58175544489
4fe4fe-4fe-4fe -6.64096712737 0.289982260512 3.51930261688
4fe4fe-4fe-4fe- -6.6793548923 0.32891473043 3.53488165798
4fe4fe-4fe4fe -6.61237567975 0.327494542171 3.53648723951
4fe4fe-4fe4fe- -6.65573769459 0.325746224084 3.55446704679
4fe4fe4fe -6.66452696599 0.361421775557 3.52211938324
4fe4fe4fe-4fe -6.62232316328 0.270722112383 3.50487371031
4fe4fe4fe-4fe- -6.65737510941 0.25569173581 3.5010517852
4fe4fe4fe4fe -6.55944587398 0.242846650379 3.48059998896
4fe4fe4fe4fe- -6.64452978455 0.292700443914 3.51134747817
4ff -7.09907461633 1.2726613702 3.98495407576
4ff4ff -6.73495900365 0.844402575051 3.75752519233
4ff4ff- -6.76373533599 0.82518759329 3.78664198062
4ff4ff-4ff -6.52666697532 0.600160932557 3.60076663796
4ff4ff-4ff-4ff -6.47765987168 0.551484074946 3.54126005245
4ff4ff-4ff-4ff- -6.51289109296 0.568634778089 3.55875894065
4ff4ff-4ff4ff -6.41009806828 0.489761820437 3.50734474668
4ff4ff-4ff4ff- -6.44136288376 0.476777915063 3.51977696967
4ff4ff4ff -6.46536883672 0.599318215387 3.57769417312
4ff4ff4ff-4ff -6.39132515748 0.470769100309 3.49874281624
4ff4ff4ff-4ff- -6.43284006158 0.5064812791 3.52699698895
4ff4ff4ff4ff -6.32351338503 0.455807253441 3.4514495232
4ff4ff4ff4ff- -6.39903208216 0.490995762883 3.49308435834
4fi -7.1097589021 1.30116537388 4.00179024593
4fi4fi -6.89890858779 1.02420158171 3.84447218752
4fi4fi- -6.90756186673 0.983636157714 3.83266856314
4fi4fi-4fi -6.74515330874 0.880278659996 3.75006672104
4fi4fi-4fi-4fi -6.65610478025 0.753577106193 3.68727716178
4fi4fi-4fi-4fi- -6.68097561514 0.722573743738 3.67479570241
4fi4fi-4fi4fi -6.65704989836 0.811188101367 3.71848840087
4fi4fi-4fi4fi- -6.68980075988 0.807132756224 3.73225733659
4fi4fi4fi -6.65987732568 0.784502455557 3.70495399736
4fi4fi4fi-4fi -6.66288636717 0.754263026356 3.71909396608
4fi4fi4fi-4fi- -6.69128828911 0.732580926302 3.71195065093
4fi4fi4fi4fi -6.57239209428 0.688397335576 3.66421497414
4fi4fi4fi4fi- -6.65093517711 0.752762586986 3.72871311863
4fl -7.00361551026 1.37433249623 3.99155686822
4ia -7.40785943644 1.33358939894 4.13537683098
4ia4ia -7.00935769058 0.93971706982 3.94667837033
4ia4ia- -6.99478169404 0.935746449009 3.9478145361
4ia4ia-4ia -6.76924058652 0.742819687322 3.81735000428
4ia4ia-4ia-4ia -6.66050429532 0.612324832723 3.77521704895
4ia4ia-4ia-4ia- -6.64420882118 0.590096366212 3.77734130292
4ia4ia-4ia4ia -6.65697373349 0.604527757165 3.78747573718
4ia4ia-4ia4ia- -6.67433433627 0.630605727149 3.78836652095
4ia4ia4ia -6.75537506191 0.714678332091 3.81581280945
4ia4ia4ia-4ia -6.6767093423 0.632646598105 3.78778642137
4ia4ia4ia-4ia- -6.66193032557 0.61172750084 3.78690146421
4ia4ia4ia4ia -6.64783818198 0.593767892897 3.77513592802
4ia4ia4ia4ia- -6.65620969728 0.60755556602 3.77078075045
4ie -7.11383999213 0.799553179188 3.93082887213
4ie4ie -6.95949533176 0.641557772222 3.71783790607
4ie4ie- -6.96065721033 0.642144280134 3.71767160669
4ie4ie-4ie -6.86200201963 0.491348850201 3.62918298877
4ie4ie-4ie-4ie -6.8100920444 0.458051059376 3.61998674724
4ie4ie-4ie-4ie- -6.80474319582 0.475561546688 3.6232881059
4ie4ie-4ie4ie -6.80307949972 0.47565496569 3.62275341543
4ie4ie-4ie4ie- -6.8316119512 0.509116534671 3.62929295899
4ie4ie4ie -6.842696986 0.52799626739 3.6352369156
4ie4ie4ie-4ie -6.83246558472 0.506732949279 3.62947189359
4ie4ie4ie-4ie- -6.81003396756 0.458959842535 3.62032228246
4ie4ie4ie4ie -6.79100628482 0.436317040205 3.61674917274
4ie4ie4ie4ie- -6.78967020893 0.4348014859 3.61658897895
4if -7.10967160645 1.30119425402 4.00174856193
4if4if -6.89823694945 1.0237045033 3.84430077711
4if4if- -6.88206657289 1.02274316124 3.8615821749
4if4if-4if -6.74523397612 0.880350312636 3.75015648362
4if4if-4if-4if -6.65615236552 0.753596716352 3.68728278985
4if4if-4if-4if- -6.60418490339 0.715704464686 3.6726334002
4if4if-4if4if -6.66287214748 0.754201518961 3.71908069935
4if4if-4if4if- -6.68154539194 0.823844964122 3.73398548564
4if4if4if -6.65970759471 0.784638831875 3.70495711857
4if4if4if-4if -6.65589574923 0.809648286164 3.71762691585
4if4if4if-4if- -6.60972380395 0.781802427121 3.71689881536
4if4if4if4if -6.57234499817 0.688452000308 3.66421229337
4if4if4if4if- -6.59324106284 0.750465269179 3.67725275017
4ii -7.13180611976 1.32303806701 4.01900403588
4ii4ii -7.08784082633 1.19336020654 3.90491493939
4ii4ii4ii -6.95770316397 1.07038691245 3.78970978559
4ii4ii4ii4ii -6.97114536076 0.996013010312 3.77827185337
4il -7.01507947109 1.39897862606 4.00774287159
4la -7.27915685004 1.413088546 4.12588946608
4la4la- -6.74569475531 0.986438604442 3.92058327951
4la4la-4la-4la- -6.35355027232 0.628800342391 3.64568665252
4le -6.99805531268 0.899956648292 3.93089442163
4le4le- -6.72813973749 0.749892828619 3.68169614345
4le4le-4le-4le- -6.45976566597 0.475490498068 3.51530420481
4lf -7.00337472648 1.37407272399 3.99127972091
4lf4lf- -6.66584298251 1.1342470114 3.84770681328
4lf4lf-4lf-4lf- -6.33229604007 0.803709265516 3.59258121202
4li -7.01498520453 1.39901178781 4.00771352777
4li4li- -6.77540755832 1.15780728534 3.87124501114
4li4li-4li-4li- -6.52005851851 0.947198310456 3.70234215775
4ll -6.90489028058 1.46575499093 3.98978197771
