1111 -10.6779204065 0.274950975641 3.19806340267
1111- -11.0807639905 0.114784105528 3.47348915488
1111-11- -10.6590199242 -0.739708853372 2.77367040186
1111-11-11 -10.5526353927 -0.409651960955 3.50943566313
1111-11-11- -10.653813804 -1.15715348496 2.70521947686
1111-1111 -10.7646531736 -0.7987551641 3.1093775211
1111-1111- -10.5526266382 -0.408891899182 3.51062458582
111111 -10.3055927717 -0.666289388456 2.50631860529
111111- -10.6590484625 -0.739774130096 2.77362891351
111111-11 -10.7647524767 -0.797776884284 3.10993576365
111111-11- -10.570262825 -1.29821076806 2.5257285794
11111111 -10.1920971188 -0.795207327077 2.68887084495
11111111- -10.3142284039 -0.927045611142 2.83301920542
12aa -9.32538649442 2.89514359209 7.29834961432
12aa12aa -8.06205694803 1.66370384735 5.40784191704
12aa12aa- -8.08995079268 1.64478540377 5.42427299393
12aa12aa-12aa -7.59122860721 1.14759132508 4.67013858769
12aa12aa-12aa-12aa -7.31990054214 0.883440418365 4.25676773677
12aa12aa-12aa-12aa- -7.30586088634 0.889828552035 4.25622514388
12aa12aa-12aa12aa -7.32711190158 0.87944150895 4.27803386738
12aa12aa-12aa12aa- -7.34141133687 0.873839263187 4.28060094305
12aa12aa12aa -7.54839619075 1.16808752581 4.66225330175
12aa12aa12aa-12aa -7.32711189103 0.879441622593 4.27803431348
12aa12aa12aa-12aa- -7.31303252287 0.884970281606 4.27538130872
12aa12aa12aa12aa -7.29103593203 0.895509268553 4.25463905271
12aa12aa12aa12aa- -7.30586067292 0.889828674784 4.25622545478
12ae -9.28466172564 2.13650719068 4.40167552328
12ae12ae -8.24442564331 0.970534969942 4.32442019409
12ae12ae- -8.26824214042 0.946445020028 4.36491404091
12ae12ae-12ae -7.82528646666 0.509593208565 4.26981287203
12ae12ae-12ae-12ae -7.59716868119 0.249815692422 3.9469359469
12ae12ae-12ae-12ae- -7.59060458291 0.244635523507 3.94253174771
12ae12ae-12ae12ae -7.59343011843 0.255396167611 3.96857842487
12ae12ae-12ae12ae- -7.60455736581 0.25990197567 3.97445405715
12ae12ae12ae -7.8056800634 0.4913140845 4.27872125145
12ae12ae12ae-12ae -7.61147448205 0.233128528389 3.98032178223
12ae12ae12ae-12ae- -7.60174414409 0.227815064218 3.97514179679
12ae12ae12ae12ae -7.59407720154 0.216445450301 3.96302389553
12ae12ae12ae12ae- -7.605600253 0.21760096815 3.96838371087
12af -8.97967399572 2.68061845925 6.725655142
12af12af -7.91103791028 1.41869168379 5.09395509308
12af12af- -7.90102380208 1.3351113278 5.02201351855
12af12af-12af -7.39249136358 0.865604495808 4.3085447282
12af12af-12af-12af -7.08827963729 0.599717598814 3.9120982716
12af12af-12af-12af- -7.08159323452 0.581823112607 3.8981815618
12af12af-12af12af -7.16223174308 0.580170547786 3.95884445648
12af12af-12af12af- -7.17560891756 0.53528350012 3.93333223032
12af12af12af -7.46792875536 0.879678408395 4.39035178984
12af12af12af-12af -7.19047658877 0.545337757515 3.95352789171
12af12af12af-12af- -7.18153051031 0.524640243543 3.93396107567
12af12af12af12af -7.25117748058 0.576742321611 4.00455235216
12af12af12af12af- -7.26152554552 0.524300994221 3.97435076109
12ai -9.08514657693 2.92994057299 7.12751010725
12ai12ai -7.86283184728 1.78223111108 5.30397870097
12ai12ai- -7.85803497121 1.73441661648 5.2850304698
12ai12ai-12ai -7.36506387065 1.24921105511 4.54750989366
12ai12ai-12ai-12ai -7.08645230668 0.978488108976 4.13112223808
12ai12ai-12ai-12ai- -7.04907700404 0.985589434193 4.11400162352
12ai12ai-12ai12ai -7.08028361543 0.981264640437 4.15133728169
12ai12ai-12ai12ai- -7.10404674249 0.966338148944 4.15051394035
12ai12ai12ai -7.30351259384 1.27046961339 4.53377390323
12ai12ai12ai-12ai -7.08697446676 0.98270029417 4.15859006783
12ai12ai12ai-12ai- -7.05741060005 0.992293344091 4.15056161885
12ai12ai12ai12ai -7.02072815212 1.00198302824 4.1207861398
12ai12ai12ai12ai- -7.0565397296 0.995778578591 4.13731068234
12al -8.56471680733 2.82060767033 6.65378619676
12al12al -7.45587022758 1.67225473633 4.96678874329
12al12al- -7.52244031512 1.70763945872 5.0374886506
12al12al-12al -7.10028838881 1.17265013018 4.32904955773
12al12al-12al-12al -6.94208797909 0.905277855819 3.99588923632
12al12al-12al-12al- -6.93171430236 0.972026136201 4.01994361032
12al12al-12al12al -6.79237017256 0.888405069763 3.9279303667
12al12al-12al12al- -6.81774461348 0.911445716207 3.95328805496
12al12al12al -6.93182636879 1.1846092018 4.25639451774
12al12al12al-12al -6.79910468217 0.912070729683 3.95700758245
12al12al12al-12al- -6.79105542864 0.959396663536 3.97981788445
12al12al12al12al -6.64665399258 0.92229420362 3.86579469199
12al12al12al12al- -6.66779466273 0.94770375359 3.89101727674
12ea -9.28465860711 2.13650523895 4.40167164506
12ea12ea -8.24440495244 0.970535662314 4.32442745423
12ea12ea- -8.2682772878 0.946326025382 4.36479141355
12ea12ea-12ea -7.82532893869 0.509783381074 4.26997341017
12ea12ea-12ea-12ea -7.59716738924 0.249812326788 3.94693422427
12ea12ea-12ea-12ea- -7.60560084121 0.217594897605 3.96837959981
12ea12ea-12ea12ea -7.61147330823 0.233116223725 3.980310266
12ea12ea-12ea12ea- -7.60456585089 0.259904355486 3.97446673353
12ea12ea12ea -7.80568282847 0.491329129217 4.27873500464
12ea12ea12ea-12ea -7.59345056119 0.255407582956 3.9685967582
12ea12ea12ea-12ea- -7.60174425525 0.227830392699 3.97515200291
12ea12ea12ea12ea -7.59408246608 0.216493830916 3.96306790236
12ea12ea12ea12ea- -7.59059055272 0.244641217226 3.94251799182
12ee -9.48852105439 1.89368092538 4.38097772992
12ee12ee -8.3766620523 0.486164197723 3.92847690992
12ee12ee- -8.39197037371 0.436334875902 4.33113555252
12ee12ee-12ee -8.01329751076 0.154438225279 4.09053874626
12ee12ee-12ee-12ee- -7.97653047284 0.0327768305932 4.00659887692
12ee12ee-12ee12ee -7.8744144062 -0.0376341741657 3.90066631882
12ee12ee-12ee12ee- -7.82033148402 -0.0414449167458 3.86782068899
12ee12ee12ee -7.98627474613 0.050767552749 3.85949842473
12ee12ee12ee-12ee -7.8745350804 -0.0375881423016 3.90077212358
12ee12ee12ee-12ee- -7.7947425992 -0.204174733967 3.75265648694
12ee12ee12ee12ee -7.81741740389 -0.2111632297 3.75481846842
12ee12ee12ee12ee- -7.97655546807 0.0327870248192 4.0066140273
12ef -9.30572638091 1.96210384531 4.4146876491
12ef12ef -8.1235105228 0.816340878299 4.08761137219
12ef12ef- -8.18135987595 0.686663611931 4.30780315798
12ef12ef-12ef -7.66915908127 0.310874716081 3.9851968922
12ef12ef-12ef-12ef -7.40702657511 0.0347056486408 3.65956913119
12ef12ef-12ef-12ef- -7.44631922072 -0.0391308761175 3.68091806366
12ef12ef-12ef12ef -7.46288219348 0.0314108890184 3.70428266122
12ef12ef-12ef12ef- -7.48125807221 -0.0064943015311 3.67139186628
12ef12ef12ef -7.71463266245 0.313158134418 4.02484928277
12ef12ef12ef-12ef -7.47723638792 0.0217279114649 3.6833859423
12ef12ef12ef-12ef- -7.51689082167 -0.0614107668613 3.68739555573
12ef12ef12ef12ef -7.52924050613 0.0160277361143 3.72193932257
12ef12ef12ef12ef- -7.55140359771 -0.0222514481326 3.68096438949
12ei -9.24710230486 2.12988513958 4.39687494491
12ei12ei -8.27955160485 1.29402892097 4.29998004319
12ei12ei- -8.06959931154 1.06437402873 4.34784886987
12ei12ei-12ei -7.62905180833 0.644944612855 4.1843351784
12ei12ei-12ei-12ei -7.51893723567 0.5222538302 4.02530912172
12ei12ei-12ei-12ei- -7.61972935397 0.574870329099 4.15149829621
12ei12ei-12ei12ei -7.49208606377 0.452329833196 3.99007158524
12ei12ei-12ei12ei- -7.425559667 0.424696199778 3.91709940259
12ei12ei12ei -7.90817237917 0.930995739695 4.28620985607
12ei12ei12ei-12ei -7.46664046799 0.48007558108 3.97452096808
12ei12ei12ei-12ei- -7.55794907193 0.547388900509 4.09164991868
12ei12ei12ei12ei -7.7397784645 0.734969334411 4.2755530026
12ei12ei12ei12ei- -7.59898239049 0.639717138484 4.14817173366
12el -8.88212954424 2.00475129844 4.30335425736
12el12el -7.74251119802 1.04568813692 4.20440734961
12el12el- -7.78394678255 1.08064522214 4.30353868455
12el12el-12el -7.79719767509 0.402441308286 4.1354545195
12el12el-12el-12el -7.63424306242 0.175146941047 3.89183775059
12el12el-12el-12el- -7.52557173474 0.483906025733 3.99556314543
12el12el-12el12el -7.60680117256 0.237015028749 3.92360334739
12el12el-12el12el- -7.50774699553 0.213183329099 3.84161009637
12el12el12el -7.27125667733 0.596717216037 3.96896269397
12el12el12el-12el -7.56576496257 0.257457678875 3.89732906062
12el12el12el-12el- -7.17514127677 0.386806664919 3.75588884094
12el12el12el12el -7.04029071824 0.342495483103 3.65200972602
12el12el12el12el- -7.02154852117 0.398816280385 3.63639311846
12fa -8.88414283083 2.69197224739 6.74609372783
12fa12fa -7.74450995892 1.50614559721 5.05086527162
12fa12fa- -7.90101675236 1.33510291139 5.02200683055
12fa12fa-12fa -7.34842593175 0.926806362352 4.32644445284
12fa12fa-12fa-12fa -7.15522631651 0.627396810161 3.9531620538
12fa12fa-12fa-12fa- -7.26152328191 0.524299339022 3.9743478994
12fa12fa-12fa12fa -7.05607355799 0.6844399253 3.96630558906
12fa12fa-12fa12fa- -7.17560194586 0.535273437368 3.93331915723
12fa12fa12fa -7.23214444957 0.998656594958 4.33446169653
12fa12fa12fa-12fa -7.08162123263 0.629513267038 3.92516662112
12fa12fa12fa-12fa- -7.18153166782 0.52463999156 3.93396186447
12fa12fa12fa12fa -6.96206038541 0.722395872948 3.94416190894
12fa12fa12fa12fa- -7.08058872844 0.581096152196 3.89710996156
12fe -9.23980325578 1.84207475985 4.37650798441
12fe12fe -8.03589247989 0.857825303811 4.23950719164
12fe12fe- -8.18135530776 0.686660830217 4.30781078313
12fe12fe-12fe -7.64096100511 0.341653559872 4.00585507374
12fe12fe-12fe-12fe -7.45792767546 0.0623529798332 3.66762928012
12fe12fe-12fe-12fe- -7.5513028481 -0.0223666878909 3.68083794194
12fe12fe-12fe12fe -7.37476860162 0.125903065485 3.71081698806
12fe12fe-12fe12fe- -7.48121899026 -0.00654970055696 3.67134092855
12fe12fe12fe -7.57022452059 0.378143678005 4.04795187919
12fe12fe12fe-12fe -7.42691141866 0.0297920212962 3.68343291917
12fe12fe12fe-12fe- -7.51660010199 -0.0614994149732 3.68720847045
12fe12fe12fe12fe -7.34473984992 0.103390269264 3.72864414637
12fe12fe12fe12fe- -7.44632580378 -0.0391240737495 3.68092465452
12ff -9.13975675996 2.47524336199 6.57801188205
12ff12ff -7.90929894297 1.22919401603 4.87971267396
12ff12ff- -8.06798776361 1.02209220496 4.88329577417
12ff12ff-12ff -7.45477518399 0.668812630982 4.14057633617
12ff12ff-12ff-12ff -7.22667217651 0.354657096029 3.74165893254
12ff12ff-12ff-12ff- -7.35576387296 0.209476369078 3.74024191618
12ff12ff-12ff12ff -7.19520100986 0.411747597666 3.7814490388
12ff12ff-12ff12ff- -7.33742151382 0.247597106844 3.75167572143
12ff12ff12ff -7.44770933416 0.683652988523 4.17184244502
12ff12ff12ff-12ff -7.2709439534 0.315523568458 3.75842775629
12ff12ff12ff-12ff- -7.39017044194 0.167726331822 3.74541826658
12ff12ff12ff12ff -7.22139930948 0.377248480631 3.78038776128
12ff12ff12ff12ff- -7.35576601548 0.209483896791 3.74025005838
12fi -8.9047936798 2.75757441434 6.79490295144
12fi12fi -7.79786977154 1.73362451791 5.16868320863
12fi12fi- -7.79288670266 1.43552520283 4.973831368
12fi12fi-12fi -7.22830752168 1.04123825147 4.26451198855
12fi12fi-12fi-12fi -7.16739648391 0.886013826755 4.07397326988
12fi12fi-12fi-12fi- -7.42171800069 0.925208759698 4.2733354971
12fi12fi-12fi12fi -6.97867483231 0.855088110646 3.95988795481
12fi12fi-12fi12fi- -7.05992471553 0.656395525808 3.86703261008
12fi12fi12fi -7.30285366761 1.28440121232 4.50133939364
12fi12fi12fi-12fi -7.01019463427 0.787880535889 3.9202479397
12fi12fi12fi-12fi- -7.20994348022 0.78782080819 4.04913020859
12fi12fi12fi12fi -7.08483047252 1.07416807871 4.1755180936
12fi12fi12fi12fi- -7.06790384236 0.784965665619 3.94408198685
12fl -8.87471759006 2.65137424355 6.43224419968
12fl12fl -7.52920403176 1.53493672869 4.81957526754
12fl12fl- -7.6379423633 1.38818809604 4.82074791996
12fl12fl-12fl -7.15582629723 0.947879101493 4.12285489134
12fl12fl-12fl-12fl -7.21407692959 0.486052567841 3.81636967346
12fl12fl-12fl-12fl- -7.31830313915 0.376438894498 3.82253148325
12fl12fl-12fl12fl -6.86769609899 0.719563433842 3.75913589848
12fl12fl-12fl12fl- -6.9733436897 0.598391620501 3.73465025664
12fl12fl12fl -7.01114074278 1.08725445786 4.13929422518
12fl12fl12fl-12fl -6.88167341949 0.701607433284 3.75049983197
12fl12fl12fl-12fl- -6.98188084209 0.655361821237 3.79655855611
12fl12fl12fl12fl -6.74152093191 0.84562478608 3.75520163536
12fl12fl12fl12fl- -6.82761719045 0.734151983003 3.71107365467
12ia -9.08516345277 2.92993683555 7.12751776391
12ia12ia -7.86256925107 1.78206778395 5.30367101968
12ia12ia- -7.85806453994 1.73441906021 5.28505254
12ia12ia-12ia -7.36510094995 1.24923724343 4.54756352657
12ia12ia-12ia-12ia -7.08645236999 0.978488035468 4.13112226859
12ia12ia-12ia-12ia- -7.05654253811 0.995788686649 4.137319495
12ia12ia-12ia12ia -7.08684526597 0.982536009505 4.15837575761
12ia12ia-12ia12ia- -7.10404122712 0.966338572078 4.15051081282
12ia12ia12ia -7.30353612543 1.27037246673 4.53373627402
12ia12ia12ia-12ia -7.08028351459 0.981265012324 4.15133761026
12ia12ia12ia-12ia- -7.05741064198 0.992294897308 4.15056266194
12ia12ia12ia12ia -7.02072246065 1.00197807739 4.12077925848
12ia12ia12ia12ia- -7.04906241234 0.98558101146 4.1139821553
12ie -9.24710047637 2.12988508105 4.39686789166
12ie12ie -8.27954873371 1.29393121215 4.29982411747
12ie12ie- -8.06979822741 1.06439742386 4.34796341261
12ie12ie-12ie -7.62908903282 0.644963838422 4.18436774238
12ie12ie-12ie-12ie -7.51998826944 0.522724837721 4.02613901349
12ie12ie-12ie-12ie- -7.60444565348 0.644966587835 4.15441512752
12ie12ie-12ie12ie -7.46669066167 0.480104762105 3.97457417709
12ie12ie-12ie12ie- -7.42564446886 0.424442313775 3.9168454949
12ie12ie12ie -7.9082321515 0.931045602316 4.2862281476
12ie12ie12ie-12ie -7.49207066216 0.452306905008 3.9900443709
12ie12ie12ie-12ie- -7.5578850017 0.547351106557 4.09159682053
12ie12ie12ie12ie -7.73954722474 0.734749299658 4.27542139771
12ie12ie12ie12ie- -7.61971425291 0.574867261692 4.15148706726
12if -8.98855142465 2.74309834597 6.77050318469
12if12if -8.07576132469 1.80990671509 5.37295120794
12if12if- -7.79288218279 1.43552316148 4.97382647546
12if12if-12if -7.27902873441 1.00077659821 4.25847955556
12if12if-12if-12if -7.02905435994 0.765825325002 3.90673957272
12if12if-12if-12if- -7.06791094939 0.784971826793 3.94409103493
12if12if-12if12if -7.13316102193 0.811251659463 4.01295614899
12if12if-12if12if- -7.05992546602 0.656395886095 3.86703339138
12if12if12if -7.7327952373 1.4040286876 4.81406848131
12if12if12if-12if -7.17258174893 0.781695927979 4.01688013386
12if12if12if-12if- -7.20994909294 0.787825439783 4.04913729243
12if12if12if12if -7.58328417373 1.18778138353 4.53278116468
12if12if12if12if- -7.42171700504 0.925207491403 4.27333384966
12ii -8.98281998855 2.99075857684 7.02983695902
12ii12ii -8.00458835775 2.19764780281 5.60206406188
12ii12ii- -7.67381635619 1.84589593582 5.19125900679
12ii12ii-12ii -7.23312677152 1.43189070773 4.53426810485
12ii12ii-12ii-12ii -7.13291758261 1.33137796406 4.36677689923
12ii12ii-12ii-12ii- -7.2469663887 1.5044896732 4.5569902523
12ii12ii-12ii12ii -7.08754414784 1.30217036612 4.31769282628
12ii12ii-12ii12ii- -7.01551095389 1.19201213918 4.20096777383
12ii12ii12ii -7.57592501965 1.8490818817 5.039893813
12ii12ii12ii-12ii -7.0874374805 1.30211795799 4.31758699379
12ii12ii12ii-12ii- -7.15153406204 1.41888548269 4.44231475036
12ii12ii12ii12ii -7.40779911707 1.70945223069 4.79496273418
12ii12ii12ii12ii- -7.24685432221 1.50431840868 4.55681659589
12il -9.21280781869 2.74150335202 6.96957543314
12il12il -8.10442476403 1.705942557 5.31997187772
12il12il- -7.82647989234 1.56555191596 5.1021491052
12il12il-12il -7.43013294527 0.986960902079 4.36013766225
12il12il-12il-12il -7.26819587898 0.799336128413 4.07844755699
12il12il-12il-12il- -7.18593493073 1.01652316754 4.16818561707
12il12il-12il12il -7.24648348451 0.795263780511 4.08488943698
12il12il-12il12il- -7.16465651971 0.815508640395 4.056534494
12il12il12il-12il -7.20793526367 0.821605980176 4.0807653378
12il12il12il-12il- -7.22155507049 0.822330217112 4.08704180057
12il12il12il12il -7.4743774422 1.07106815566 4.4062701458
12il12il12il12il- -7.30868223682 0.931902262315 4.21021132664
12la -8.75288227396 2.82036302688 6.68388277494
12la12la -7.68025958986 1.64165688719 5.07952814154
12la12la- -7.52243542413 1.7076389748 5.03748525285
12la12la-12la -7.10413607762 1.11776181175 4.29853472777
12la12la-12la-12la -6.78694472409 0.849508305104 3.8820107266
12la12la-12la-12la- -6.6672001527 0.946803416682 3.8899531002
12la12la-12la12la -6.913663235 0.842583431504 3.98316316234
12la12la-12la12la- -6.81773509532 0.911446887222 3.95328250639
12la12la12la -7.24282776958 1.16627469898 4.42557924083
12la12la12la-12la -6.90301498271 0.866300654044 3.98417283771
12la12la12la-12la- -6.79105508414 0.959404420109 3.9798222898
12la12la12la12la -7.03296243812 0.902462859148 4.06526366783
12la12la12la12la- -6.93174610772 0.972069100668 4.02000385017
12le -9.09111545449 2.06018412408 4.412657298
12le12le -7.98682997675 0.997328307286 4.0552818832
12le12le- -7.78395159715 1.0806516023 4.30354163334
12le12le-12le -7.40585895584 0.527602045981 3.97657497789
12le12le-12le-12le- -7.54430606276 0.372564517995 3.94707932247
12le12le-12le12le -7.63649601867 0.471218524626 4.03763780546
12le12le-12le12le- -7.50755897803 0.213258635038 3.84150984441
12le12le12le -7.61701424085 0.548788124183 4.04929652996
12le12le12le-12le -7.28204138848 0.265805832712 3.74985033293
12le12le12le-12le- -7.17514661256 0.386809635574 3.7558928617
12le12le12le12le -7.47562416752 0.274030342456 3.870948952
12le12le12le12le- -7.52566024878 0.484080161988 3.99571072049
12lf -8.96601561822 2.62370365085 6.55318799529
12lf12lf -8.3899790486 1.88126768186 5.58568904915
12lf12lf- -7.63798192599 1.38819400481 4.82078062644
12lf12lf-12lf -7.20592565686 0.866001522194 4.0946879361
12lf12lf-12lf-12lf -6.90799662417 0.629486965741 3.68543720488
12lf12lf-12lf-12lf- -6.82761880103 0.734150939449 3.71107316749
12lf12lf-12lf12lf -7.18494339202 0.523531224291 3.84249288766
12lf12lf-12lf12lf- -6.97323190141 0.598425855053 3.73458709759
12lf12lf12lf -7.46411735082 0.821067188008 4.26193983325
12lf12lf12lf-12lf -7.22693641694 0.451081693961 3.8121686315
12lf12lf12lf-12lf- -7.41310218671 0.255473335185 3.80773274068
12lf12lf12lf12lf -7.25882361617 0.511779389714 3.87982642037
12lf12lf12lf12lf- -7.15019016142 0.624923477842 3.87203504617
12li -8.77520931442 2.87847106878 6.72517313446
12li12li -7.85547380774 1.92420215305 5.33203404218
12li12li- -7.82630860207 1.56546196146 5.10191035105
12li12li-12li -7.35616745561 1.04847570188 4.36187618424
12li12li-12li-12li -7.20266904074 0.83778113687 4.06707727916
12li12li-12li-12li- -7.30259659619 0.928120483248 4.20685923357
12li12li-12li12li -7.1455234473 0.760378039917 4.00084967471
12li12li-12li12li- -7.16462819756 0.815484477994 4.05649808506
12li12li12li -7.35610678141 1.04835592263 4.36178488777
12li12li12li-12li -7.14513757414 0.759818592382 4.0002274414
12li12li12li-12li- -7.22153583238 0.822322464867 4.08701689575
12li12li12li12li -7.14555773666 0.760712402154 4.00110225283
12li12li12li12li- -7.20327106713 0.834746872769 4.06834913982
12ll -8.66619262745 2.75819892813 6.4605287811
12ll12ll -7.48232387743 1.64685795153 4.88257383432
12ll12ll- -7.21908720126 1.75795473026 4.78816873377
12ll12ll-12ll -7.72514145483 1.2423548544 4.74186371137
12ll12ll-12ll-12ll -7.46371496527 0.773232745496 4.20350594217
12ll12ll-12ll-12ll- -7.53875662322 1.05070062171 4.43788376783
12ll12ll-12ll12ll -7.62025347177 1.0871695483 4.52441107172
12ll12ll-12ll12ll- -7.4035973239 0.97471046091 4.32385362281
12ll12ll12ll -7.03651698503 1.21625406789 4.25022710052
12ll12ll12ll-12ll -6.73552717679 0.921507068661 3.80522430006
12ll12ll12ll-12ll- -6.6087641061 1.07031853508 3.82850426853
12ll12ll12ll12ll -6.8294730537 0.975720054583 3.89553538137
12ll12ll12ll12ll- -7.54573430239 1.05273478706 4.44628025203
2 -11.341415889 3.29570286881 7.17914874859
22 -9.51306525374 1.85831760688 7.02188510872
22- -9.58107863729 1.87142289156 6.77442252179
22-2 -8.73976887644 1.07122872192 5.53297471851
22-2- -8.68014765391 1.06878272375 5.62582661987
22-2-2 -8.17508560678 0.56078582812 4.85368990244
22-2-2- -8.13894528476 0.556528827299 4.92023727622
22-22 -8.20042175736 0.562397569144 4.82772414084
22-22- -8.24096564389 0.564050664481 4.78899162714
222 -8.62642151695 1.05911578776 5.77431065754
222- -8.67976682246 1.0681773358 5.62536925544
222-2 -8.20066550071 0.562639613884 4.82801429277
222-2- -8.16200729114 0.561416516659 4.86235252744
2222 -8.10304398647 0.551013420767 5.00228058555
2222- -8.13909232284 0.556788456057 4.92050319285
4aa -10.1461966614 2.25349261937 6.32683704191
4aa4aa -8.88984577566 1.16136086896 5.62157810214
4aa4aa- -8.88937476328 1.16036521396 5.62059825917
4aa4aa-4aa -8.40730311969 0.676752136192 4.9994560349
4aa4aa-4aa-4aa -8.17663070904 0.416413009367 4.67897486471
4aa4aa-4aa-4aa- -8.41996108666 0.846955688352 5.12635888431
4aa4aa-4aa4aa -8.1766494334 0.416455021231 4.67901873048
4aa4aa-4aa4aa- -8.42664242069 0.839904628826 5.12137615395
4aa4aa4aa -8.40746834023 0.677032836049 4.99974685307
4aa4aa4aa-4aa -8.17665467916 0.416459056785 4.67902551958
4aa4aa4aa-4aa- -8.17677492619 0.41662725677 4.67922704335
4aa4aa4aa4aa -8.17663160473 0.416598978015 4.67910018443
4aa4aa4aa4aa- -8.42623070254 0.839554711023 5.12081510898
4ae -9.56746692702 1.40419220825 4.32639308287
4ae4ae -9.14242965061 0.991976482193 4.13746365803
4ae4ae- -9.07135386418 1.03025727009 4.14214177278
4ae4ae-4ae -8.76194419218 0.750181317533 4.13694303853
4ae4ae-4ae-4ae -8.63644631852 0.571789362267 4.1295334631
4ae4ae-4ae-4ae- -8.65024282621 0.577118973982 4.12990540505
4ae4ae-4ae4ae -8.62518744966 0.588466788502 4.13254495263
4ae4ae-4ae4ae- -8.61540187325 0.589077919084 4.13403156161
4ae4ae4ae -8.82588165127 0.715426841832 4.13011587247
4ae4ae4ae-4ae -8.6353112204 0.576757484686 4.13303030001
4ae4ae4ae-4ae- -8.64714226786 0.574705840421 4.13319802414
4ae4ae4ae4ae -8.67098768253 0.558099720452 4.12839756896
4ae4ae4ae4ae- -8.6619480562 0.561337666413 4.13078005795
4af -9.22037417491 2.0760499794 5.91461658034
4af4af -8.75922880117 1.33608788609 5.46820142917
4af4af- -8.71285367218 1.38153013103 5.48389417485
4af4af-4af -8.4712446927 1.01445888101 5.12420122598
4af4af-4af-4af -8.40152492242 0.81060206352 4.95816476597
4af4af-4af-4af- -8.37213888003 0.843042883331 4.96313285586
4af4af-4af4af -8.36488996543 0.785154289199 4.91477488757
4af4af-4af4af- -8.32223876482 0.827349402706 4.91800432035
4af4af4af -8.42728101 0.957480591095 5.08059224294
4af4af4af-4af -8.27350557273 0.822724241123 4.89979678402
4af4af4af-4af- -8.24708130823 0.845845885328 4.90012169505
4af4af4af4af -8.02879001918 0.29495594879 4.46533751194
4af4af4af4af- -8.00196115972 0.334671656057 4.46943323407
4ai -9.51921311571 2.29295371258 6.1356856572
4ai4ai -8.98674025886 1.73334642255 5.84470119761
4ai4ai- -8.95958593051 1.72661956776 5.87118375527
4ai4ai-4ai -8.6080430095 1.44866905945 5.53897520462
4ai4ai-4ai-4ai -8.45548032463 1.29191025312 5.35611577132
4ai4ai-4ai-4ai- -8.45010234412 1.28529393834 5.34754186293
4ai4ai-4ai4ai -8.44768201388 1.29242251946 5.34424093722
4ai4ai-4ai4ai- -8.44205698044 1.28929364386 5.34102113267
4ai4ai4ai -8.6249978275 1.43889241141 5.54546355207
4ai4ai4ai-4ai -8.44914794188 1.28194681933 5.35049045301
4ai4ai4ai-4ai- -8.45786508714 1.29294565847 5.35967111809
4ai4ai4ai4ai -8.46740230402 1.29154530708 5.37090305819
4ai4ai4ai4ai- -8.46238397392 1.28642821713 5.36723314718
4al -8.94457743395 2.21492308943 5.87376744594
4ea -9.56728509568 1.40410836801 4.32634662983
4ea4ea -9.14280860628 0.991829395813 4.13848532999
4ea4ea- -9.07151116873 1.03049433551 4.14220407362
4ea4ea-4ea -8.76208034575 0.750300929277 4.13714645509
4ea4ea-4ea-4ea -8.63610667094 0.56999987839 4.13102929916
4ea4ea-4ea-4ea- -8.66710397262 0.565950005662 4.13199702867
4ea4ea-4ea4ea -8.63704074477 0.574694376334 4.13351199928
4ea4ea-4ea4ea- -8.6154218686 0.588816218044 4.13423728385
4ea4ea4ea -8.82569358019 0.715094322676 4.13039840043
4ea4ea4ea-4ea -8.62422097711 0.589973798927 4.13423115243
4ea4ea4ea-4ea- -8.6439270299 0.569971598803 4.13363860846
4ea4ea4ea4ea -8.67091547643 0.558041011251 4.12843105023
4ea4ea4ea4ea- -8.64623384447 0.571312875609 4.12998061579
4ee -9.23899530517 0.783933942444 4.30769651247
4ee4ee -9.0797093265 0.475975968742 4.13451527358
4ee4ee4ee -8.89025454565 0.296096261631 4.12628842645
4ee4ee4ee4ee -8.78454348907 0.189557294501 4.12006308238
4ef -8.89679541245 1.47705500739 4.35136438531
4ef4ef -8.6937570776 1.04701705239 4.16741393959
4ef4ef- -8.68672353522 1.22594592764 4.23418519501
4ef4ef-4ef -8.62445238916 0.791776152659 4.12235611876
4ef4ef-4ef-4ef -8.54647505599 0.565157477055 4.11099031552
4ef4ef-4ef-4ef- -8.5101323379 0.664028928781 4.18490892626
4ef4ef-4ef4ef- -8.52876362783 0.751743369431 4.21194533377
4ef4ef4ef -8.51372465974 0.75726628456 4.161378977
4ef4ef4ef-4ef -8.48264060965 0.780140470281 4.15828822912
4ef4ef4ef-4ef- -8.44305105672 0.792424571509 4.1582745725
4ef4ef4ef4ef -8.41091875126 0.585778864885 4.15684526435
4ef4ef4ef4ef- -8.38919674942 0.696634173531 4.15663357749
4ei -9.11836580418 1.54123231919 4.34035959621
4ei4ei -8.96995319959 1.35542582166 4.22377007066
4ei4ei- -8.97183243575 1.35562905885 4.22347979221
4ei4ei-4ei -8.8297388983 1.25305732538 4.21898273286
4ei4ei-4ei-4ei -8.75894425336 1.14794407009 4.21559058186
4ei4ei-4ei-4ei- -8.75319648102 1.11995832657 4.21812836486
4ei4ei-4ei4ei -8.75408346972 1.14147080129 4.21371609205
4ei4ei-4ei4ei- -8.76931140183 1.18673129907 4.21433195373
4ei4ei4ei -8.82061566157 1.22125040096 4.2190830954
4ei4ei4ei-4ei -8.76998898248 1.18568054467 4.21420527142
4ei4ei4ei-4ei- -8.75604202037 1.1472653788 4.21574017342
4ei4ei4ei4ei -8.75302398022 1.11954383585 4.21808939623
4ei4ei4ei4ei- -8.79977855759 1.13372969064 4.20516048317
4el -8.68148470886 1.60220486106 4.35387145039
4fa -9.22022052996 2.07612471864 5.91459450355
4fa4fa -8.62082177483 1.04246075584 5.26103843431
4fa4fa- -8.85705038539 1.32254339731 5.49736970625
4fa4fa-4fa -8.47103679065 1.01418848143 5.12389419239
4fa4fa-4fa-4fa -8.40145023925 0.811076121306 4.95827820706
4fa4fa-4fa-4fa- -8.57183680098 0.717015135159 4.9900054587
4fa4fa-4fa4fa -8.27350423703 0.822593491161 4.8996978887
4fa4fa-4fa4fa- -8.39690857702 0.766241816948 4.92328510774
4fa4fa4fa -8.42740411552 0.957509269208 5.08068614753
4fa4fa4fa-4fa -8.36490008379 0.785423212146 4.91488325517
4fa4fa4fa-4fa- -8.53773320865 0.701245118098 4.96581040889
4fa4fa4fa4fa -8.25768219638 0.756174440358 4.86615280544
4fa4fa4fa4fa- -8.37614042911 0.6968594825 4.88651592114
4fe -8.89456290318 1.4763167401 4.34994107074
4fe4fe -8.69308658453 1.0467074561 4.16701022624
4fe4fe- -8.77271467682 1.00205116179 4.2236663033
4fe4fe-4fe -8.63492887948 0.835253576417 4.14144117803
4fe4fe-4fe-4fe -8.54944475114 0.552027724455 4.10827228515
4fe4fe-4fe-4fe- -8.62952484914 0.520498300678 4.17909478825
4fe4fe-4fe4fe -8.49308027044 0.691435957004 4.1215912178
4fe4fe-4fe4fe- -8.6276733805 0.619964670786 4.12768362503
4fe4fe4fe -8.51388804324 0.757575019683 4.16136451366
4fe4fe4fe-4fe -8.5638380455 0.563853741729 4.09897796542
4fe4fe4fe-4fe- -8.64790353027 0.425469580566 4.11110739515
4fe4fe4fe4fe -8.41086743164 0.585780135999 4.15676109305
4fe4fe4fe4fe- -8.5501153998 0.54170897224 4.16223487411
4ff -8.54116274072 1.84517650563 5.40521157658
4ff4ff -8.27889371264 1.17849415758 4.95869845967
4ff4ff- -8.47181396745 1.08564853051 5.0686263479
4ff4ff-4ff -8.31358705534 0.751146521821 4.7699430932
4ff4ff-4ff-4ff -8.27990741124 0.568634498194 4.59653714858
4ff4ff-4ff-4ff- -8.35217886274 0.530208358422 4.58855645458
4ff4ff-4ff4ff -8.16244840013 0.561715980609 4.55937431188
4ff4ff-4ff4ff- -8.28579682339 0.482709739705 4.60902831323
4ff4ff4ff -8.07026391705 0.808800807628 4.61702704187
4ff4ff4ff-4ff -8.16298279552 0.553608830466 4.55898423184
4ff4ff4ff-4ff- -8.22138224738 0.523134468763 4.5562110836
4ff4ff4ff4ff -7.94949389257 0.590701339554 4.41731972152
4ff4ff4ff4ff- -8.07837601116 0.549732302855 4.4736763508
4fi -8.74718456287 2.09165044288 5.66925626179
4fi4fi -8.5637843279 1.69658418404 5.40385123961
4fi4fi- -8.62307319052 1.54530707163 5.35887448646
4fi4fi-4fi -8.43357061743 1.45378597682 5.22601181909
4fi4fi-4fi-4fi -8.37172950437 1.24080627828 5.06426498977
4fi4fi-4fi-4fi- -8.47335315441 1.11120964043 5.03684806426
4fi4fi-4fi4fi -8.30886731713 1.35308862916 5.10378583373
4fi4fi-4fi4fi- -8.42515303061 1.26829797458 5.11011170391
4fi4fi4fi -8.33858440645 1.37441806514 5.13648197139
4fi4fi4fi-4fi -8.39108253641 1.27860612924 5.09704900946
4fi4fi4fi-4fi- -8.49272300645 1.15092884807 5.07145297752
4fi4fi4fi4fi -8.25626376734 1.25809657632 5.03138839818
4fi4fi4fi4fi- -8.38615367256 1.22901097606 5.08935815436
4fl -8.32493734242 1.983767185 5.38131394573
4ia -9.51913089053 2.29304711768 6.13567895126
4ia4ia -8.9871693865 1.7338961247 5.84503840264
4ia4ia- -8.95970251824 1.72680114665 5.87125800604
4ia4ia-4ia -8.60786874126 1.4483964659 5.538761435
4ia4ia-4ia-4ia -8.45521266034 1.2918795621 5.3558827411
4ia4ia-4ia-4ia- -8.4601616059 1.28490007261 5.36537501544
4ia4ia-4ia4ia -8.44750794997 1.28165745631 5.34942364495
4ia4ia-4ia4ia- -8.44229931735 1.28944989747 5.34127751309
4ia4ia4ia -8.62478386036 1.43863925615 5.54523198313
4ia4ia4ia-4ia -8.44742103983 1.29229807659 5.3439692856
4ia4ia4ia-4ia- -8.45709956842 1.29272152371 5.3591279051
4ia4ia4ia4ia -8.46731191011 1.29144199743 5.37077574067
4ia4ia4ia4ia- -8.45017923993 1.28534736927 5.34762467491
4ie -9.11834059924 1.54129692228 4.34033103483
4ie4ie -8.97003552387 1.35528179699 4.22388551035
4ie4ie- -8.97232491813 1.35630517876 4.22378680679
4ie4ie-4ie -8.8403860477 1.17368808579 4.20657250655
4ie4ie-4ie-4ie -8.75374502122 1.141887108 4.21365417828
4ie4ie-4ie-4ie- -8.75893924757 1.14798592415 4.2156834405
4ie4ie-4ie4ie -8.75662205437 1.14712307105 4.21580633559
4ie4ie-4ie4ie- -8.76903272759 1.18694213032 4.21452831979
4ie4ie4ie -8.82100371367 1.22132446905 4.21933777126
4ie4ie4ie-4ie -8.77040092508 1.18592733369 4.2140188536
4ie4ie4ie-4ie- -8.75349348522 1.14179205493 4.21374686416
4ie4ie4ie4ie -8.75300914116 1.11930650624 4.21810103226
4ie4ie4ie4ie- -8.75159499781 1.11862283124 4.21822306088
4if -8.74697701188 2.09173472227 5.66916961037
4if4if -8.56305950498 1.69586439949 5.40337138342
4if4if- -8.54770458554 1.70145608948 5.43410437083
4if4if-4if -8.43365170143 1.45392198191 5.22612681189
4if4if-4if-4if -8.37177176701 1.24084113361 5.0642895197
4if4if-4if-4if- -8.32222646184 1.20807126793 5.03440677126
4if4if-4if4if -8.39111231498 1.27851403427 5.09703533482
4if4if-4if4if- -8.36846984915 1.34425155452 5.11729854238
4if4if4if -8.338386587 1.37466949094 5.13649791897
4if4if4if-4if -8.30756725964 1.35065653266 5.10209582428
4if4if4if-4if- -8.26373521897 1.35261589524 5.08635880556
4if4if4if4if -8.25618132927 1.25823246805 5.03140572233
4if4if4if4if- -8.24181597361 1.32962569108 5.05936243724
4ii -8.99413262215 2.31911338187 5.91445559857
4ii4ii -8.93741682828 2.18420862185 5.74427216839
4ii4ii4ii -8.76768403897 2.06342928688 5.56770711249
4ii4ii4ii4ii -8.79022328342 1.98940797905 5.52623009896
4il -8.51217411249 2.22627094927 5.6376722305
4la -8.94470141912 2.21496672934 5.87387783083
4la4la- -8.48708247459 1.57986119858 5.45810726316
4la4la-4la-4la- -8.02152163951 1.06670509409 4.89443944344
4le -8.68018178008 1.60189562712 4.35321503817
4le4le- -8.44101364953 1.36790945803 4.23631004238
4le4le-4le-4le- -8.17890919229 0.929516261395 4.16299692164
4lf -8.32413127 1.98357029704 5.38063119643
4lf4lf- -8.02531736748 1.61985971322 5.08119111762
4lf4lf-4lf-4lf- -7.79758108029 0.998408205116 4.58944123945
4li -8.51191217832 2.22635509532 5.63756829341
4li4li- -8.32716696689 1.88578430209 5.41428707121
4li4li-4li-4li- -8.07391632723 1.62719056141 5.10125195433
4ll -8.10741075494 2.10790942208 5.33853765807
Using multi
