1111 -10.4912353747 -1.38989368672 2.32774198218
1111- -10.6706717699 -1.53261371622 2.40979568099
1111-11- -10.4169369989 -2.18966340188 1.95669208941
1111-11-11 -10.3212987699 -1.93195039502 2.27836595703
1111-11-11- -10.4575468099 -2.47735344622 1.89386656612
1111-1111 -10.3725681635 -2.32816969401 2.00664080025
1111-1111- -10.3210243046 -1.93118853774 2.27879415034
111111 -10.3738618393 -2.11730832037 1.91425256777
111111- -10.4169607204 -2.18969315456 1.95667169916
111111-11 -10.3726337638 -2.32745105289 2.00695774781
111111-11- -10.3332424861 -2.61851914633 1.74763397063
11111111 -10.3680511514 -2.23555944291 1.99983533115
11111111- -10.3112969135 -2.31479419416 2.00324905494
12aa -8.26328943547 0.801791147168 4.75066124332
12aa12aa -7.22933890233 -0.0353715067027 3.49915353273
12aa12aa- -7.22525457275 -0.0268524269682 3.51096003899
12aa12aa-12aa -6.79270307916 -0.387867576939 2.94493260922
12aa12aa-12aa-12aa -6.550356525 -0.57346178719 2.62930390001
12aa12aa-12aa-12aa- -6.53287191611 -0.555908686157 2.63344468821
12aa12aa-12aa12aa -6.54954923018 -0.573519453573 2.64945547343
12aa12aa-12aa12aa- -6.56261306238 -0.584877278422 2.64789943762
12aa12aa12aa -6.77299706674 -0.372234004857 2.94530970436
12aa12aa12aa-12aa -6.54954940823 -0.57351943741 2.64945584578
12aa12aa12aa-12aa- -6.53616253393 -0.562002732504 2.65088462687
12aa12aa12aa12aa -6.51735423948 -0.540060063762 2.63755903086
12aa12aa12aa12aa- -6.53287187722 -0.555908631672 2.63344494298
12ae -8.09293063923 0.468557980927 4.19724819267
12ae12ae -7.20140740563 -0.371261125075 3.24094602779
12ae12ae- -7.18198864921 -0.357287620183 3.25416553727
12ae12ae-12ae -6.79202817296 -0.701768572634 2.71273228772
12ae12ae-12ae-12ae -6.57985919529 -0.883834799921 2.42399732128
12ae12ae-12ae-12ae- -6.56872876927 -0.869324055708 2.42851973503
12ae12ae-12ae12ae -6.57378470909 -0.880841383163 2.44437290519
12ae12ae-12ae12ae- -6.58396629703 -0.890226055901 2.4418687793
12ae12ae12ae -6.79763546286 -0.707342820917 2.74067848587
12ae12ae12ae-12ae -6.58450632287 -0.894093416404 2.4576119116
12ae12ae12ae-12ae- -6.57322087047 -0.883289168427 2.46075500663
12ae12ae12ae12ae -6.57470543912 -0.879872251056 2.46054437417
12ae12ae12ae12ae- -6.58077399212 -0.889105276452 2.45635346227
12af -8.17758207329 0.695454938592 4.60816472374
12af12af -7.19595439964 -0.172202265004 3.36318931714
12af12af- -7.18847545288 -0.192589382012 3.34469203475
12af12af-12af -6.72982970987 -0.523844282967 2.79157377067
12af12af-12af-12af -6.45047017978 -0.695385926438 2.4794366617
12af12af-12af-12af- -6.44935435715 -0.692967747426 2.47915432608
12af12af-12af12af -6.48937674718 -0.714112432514 2.50796189937
12af12af-12af12af- -6.50853251083 -0.753193014261 2.49547803876
12af12af12af -6.76979846253 -0.537503865467 2.82009717906
12af12af12af-12af -6.51887912531 -0.755892338929 2.50606276766
12af12af12af-12af- -6.51499065662 -0.758183141998 2.50023071664
12af12af12af12af -6.5338100387 -0.728554546642 2.51570895673
12af12af12af12af- -6.55448196143 -0.776462011438 2.50058364357
12ai -8.12356865721 0.868122222346 4.69056594546
12ai12ai -7.10062805029 0.0773847682344 3.46831883014
12ai12ai- -7.06562441595 0.0780255292515 3.45790669659
12ai12ai-12ai -6.63030921235 -0.265607552731 2.89893326646
12ai12ai-12ai-12ai -6.37720831502 -0.454405882756 2.57785240555
12ai12ai-12ai-12ai- -6.34875102453 -0.444501038896 2.56739933038
12ai12ai-12ai12ai -6.37172052787 -0.450373756141 2.59713342705
12ai12ai-12ai12ai- -6.38532177621 -0.465682120172 2.59173519782
12ai12ai12ai -6.60653317196 -0.270461975227 2.88956765736
12ai12ai12ai-12ai -6.37331682267 -0.455037320291 2.60001288072
12ai12ai12ai-12ai- -6.35377182747 -0.443863869762 2.59783848736
12ai12ai12ai12ai -6.33064104509 -0.435964905843 2.57453052752
12ai12ai12ai12ai- -6.35329384975 -0.444077199219 2.58282783601
12al -8.03655387882 0.766925892578 4.54864555963
12al12al -6.98562139193 -0.0209410693769 3.32135524678
12al12al- -6.98209801684 0.0139917743292 3.35449603051
12al12al-12al -6.58365738672 -0.352013039234 2.80695047449
12al12al-12al-12al -6.38307765714 -0.523726494446 2.52463569579
12al12al-12al-12al- -6.3470437887 -0.457499831608 2.54103830581
12al12al-12al12al -6.31363643017 -0.542158192374 2.50342363183
12al12al-12al12al- -6.31714346917 -0.532006905202 2.51218474514
12al12al12al -6.49584951571 -0.342670886949 2.77482294427
12al12al12al-12al -6.29376733948 -0.52366137325 2.5132719663
12al12al12al-12al- -6.26745978642 -0.476139093355 2.52716846903
12al12al12al12al -6.20973097115 -0.501727461926 2.46835344484
12al12al12al12al- -6.21047203632 -0.494759190913 2.47360237248
12ea -8.09292949235 0.468557142672 4.19724466408
12ea12ea -7.20139549431 -0.371266847806 3.24092841384
12ea12ea- -7.18199428122 -0.357335345801 3.25415837643
12ea12ea-12ea -6.79206479361 -0.70167325405 2.71281353335
12ea12ea-12ea-12ea -6.57986024647 -0.883836833251 2.42399829518
12ea12ea-12ea-12ea- -6.58077371768 -0.889108375192 2.45635120152
12ea12ea-12ea12ea -6.58450473209 -0.89410143338 2.45760373006
12ea12ea-12ea12ea- -6.58397261946 -0.890218691022 2.44188330545
12ea12ea12ea -6.7976380217 -0.707333122666 2.74068731597
12ea12ea12ea-12ea -6.5737988164 -0.880838818303 2.44438111119
12ea12ea12ea-12ea- -6.57322119724 -0.883283206228 2.46075804798
12ea12ea12ea12ea -6.57471568228 -0.879852312738 2.46057056992
12ea12ea12ea12ea- -6.56871781864 -0.869327755062 2.42850291497
12ee -8.09903591638 0.28514226858 4.19436526019
12ee12ee -7.1884226988 -0.628114798169 3.04014413685
12ee12ee- -7.14512896489 -0.618016422916 3.03668277269
12ee12ee-12ee -6.81907949114 -0.895274926989 2.57683036253
12ee12ee-12ee-12ee- -6.75906835688 -0.943132058804 2.50166886636
12ee12ee-12ee12ee -6.6744806967 -1.02380121837 2.39792322063
12ee12ee-12ee12ee- -6.64036023386 -1.05414061303 2.35286735161
12ee12ee12ee -6.82038627842 -0.93802010293 2.59320237531
12ee12ee12ee-12ee -6.6745591061 -1.02375979198 2.39800892883
12ee12ee12ee-12ee- -6.5970682699 -1.11064077515 2.30993673558
12ee12ee12ee12ee -6.62433728885 -1.09518120356 2.34030535704
12ee12ee12ee12ee- -6.75910022532 -0.94306674473 2.50172257818
12ef -8.1066612312 0.384738250802 4.19368909942
12ef12ef -7.14916726212 -0.460546670274 3.09973144614
12ef12ef- -7.17380914202 -0.512465589245 3.12299687286
12ef12ef-12ef -6.72544829313 -0.800815499017 2.56556762059
12ef12ef-12ef-12ef -6.48895468305 -0.976201392629 2.29273735916
12ef12ef-12ef-12ef- -6.52688107677 -0.996120272092 2.33450891639
12ef12ef-12ef12ef -6.50361717646 -0.980212095905 2.31831909294
12ef12ef-12ef12ef- -6.52917155837 -1.02885474587 2.29242061218
12ef12ef12ef -6.74961635348 -0.803285491797 2.6073114276
12ef12ef12ef-12ef -6.52329391995 -1.01155001441 2.30156329018
12ef12ef12ef-12ef- -6.55751929125 -1.04442141477 2.32603684647
12ef12ef12ef12ef -6.53276704944 -0.985655632454 2.32774067816
12ef12ef12ef12ef- -6.55694124851 -1.03716004115 2.28944919347
12ei -8.03190432024 0.51385314554 4.19075819287
12ei12ei -7.23498367802 -0.12548243143 3.40090340626
12ei12ei- -7.03901114694 -0.263023678851 3.20105164881
12ei12ei-12ei -6.65323548016 -0.582573136239 2.67911733652
12ei12ei-12ei-12ei -6.53296963814 -0.663738172784 2.51986830769
12ei12ei-12ei-12ei- -6.60573937871 -0.59800297024 2.6383391652
12ei12ei-12ei12ei -6.50364761871 -0.702047597454 2.50245462013
12ei12ei-12ei12ei- -6.45895535841 -0.74430940778 2.43431501719
12ei12ei12ei -6.89145643056 -0.371506842311 2.99261794972
12ei12ei12ei-12ei -6.48525923614 -0.688738573553 2.48864469167
12ei12ei12ei-12ei- -6.55337825343 -0.623986364926 2.58972669729
12ei12ei12ei12ei -6.71100262987 -0.485859510853 2.78071566427
12ei12ei12ei12ei- -6.59400380137 -0.566128402541 2.6310936492
12el -8.03182570537 0.416249009571 4.13601290447
12el12el -6.99715160821 -0.321432925861 3.10580543399
12el12el- -6.95018307761 -0.28595239329 3.11798365534
12el12el-12el -6.6582788408 -0.660611090902 2.63077845596
12el12el-12el-12el -6.48598818838 -0.793434432679 2.41515056824
12el12el-12el-12el- -6.529071261 -0.643482623672 2.54494122453
12el12el-12el12el -6.52065520059 -0.784800704901 2.45460309665
12el12el-12el12el- -6.41247487707 -0.7996072822 2.37332668048
12el12el12el -6.55132699883 -0.615015487596 2.61746924867
12el12el12el-12el -6.44587679017 -0.771485959509 2.4228915301
12el12el12el-12el- -6.32725492697 -0.747305143577 2.36915906148
12el12el12el12el -6.29743341461 -0.758316469674 2.34043802141
12el12el12el12el- -6.2593060099 -0.745369966978 2.29476740689
12fa -8.14537548179 0.702653673726 4.58333293786
12fa12fa -7.11084109289 -0.111491265111 3.35113805871
12fa12fa- -7.18848511471 -0.192587220264 3.3447043924
12fa12fa-12fa -6.69426094113 -0.496214612009 2.79320234658
12fa12fa-12fa-12fa -6.48130649099 -0.706188058375 2.48563048129
12fa12fa-12fa-12fa- -6.55447968834 -0.776463762164 2.50058096633
12fa12fa-12fa12fa -6.42172860711 -0.668458854271 2.5067177543
12fa12fa-12fa12fa- -6.50852922523 -0.753196741248 2.49547375922
12fa12fa12fa -6.63882266365 -0.449943121791 2.80316220748
12fa12fa12fa-12fa -6.4435091775 -0.685128861122 2.49331634284
12fa12fa12fa-12fa- -6.51499138713 -0.758183010139 2.50023139245
12fa12fa12fa12fa -6.36825557205 -0.620968567366 2.49790965057
12fa12fa12fa12fa- -6.44867130151 -0.69342790254 2.47845687985
12fe -8.13792947695 0.332971980813 4.18312521934
12fe12fe -7.12868985275 -0.4323267094 3.14757993239
12fe12fe- -7.17380839531 -0.512466424013 3.12299628701
12fe12fe-12fe -6.70365804757 -0.790858226613 2.57946222556
12fe12fe-12fe-12fe -6.4964158504 -0.982271217104 2.27827377285
12fe12fe-12fe-12fe- -6.55685100033 -1.0372294962 2.28934688527
12fe12fe-12fe12fe -6.4577552187 -0.949187387847 2.3210822811
12fe12fe-12fe12fe- -6.52914970172 -1.02888659495 2.29239508127
12fe12fe12fe -6.70119152197 -0.755727664041 2.64756475103
12fe12fe12fe-12fe -6.49685550278 -0.985072295373 2.32181191494
12fe12fe12fe-12fe- -6.55735541614 -1.0444874491 2.32593737368
12fe12fe12fe12fe -6.46272359795 -0.923000920696 2.36623416043
12fe12fe12fe12fe- -6.52688708449 -0.996114439329 2.33451555816
12ff -8.186974982 0.608465180931 4.55906858865
12ff12ff -7.14583651961 -0.223304240732 3.27485557407
12ff12ff- -7.2470573856 -0.327055673325 3.29046802877
12ff12ff-12ff -6.71599375434 -0.573210617039 2.72380790162
12ff12ff-12ff-12ff -6.47114364131 -0.769608857136 2.41005748463
12ff12ff-12ff-12ff- -6.56008860313 -0.872675117791 2.41112470744
12ff12ff-12ff12ff -6.44986359191 -0.739608904279 2.43871968385
12ff12ff-12ff12ff- -6.55658034851 -0.847045614432 2.42908644231
12ff12ff12ff -6.70197668222 -0.581194543478 2.72814129911
12ff12ff12ff-12ff -6.50939282772 -0.802105748732 2.43123606523
12ff12ff12ff-12ff- -6.59464806696 -0.90480667185 2.42624409892
12ff12ff12ff12ff -6.45682214296 -0.767816102722 2.42435585956
12ff12ff12ff12ff- -6.56009181071 -0.872669606784 2.41113137173
12fi -8.07667740751 0.774109709514 4.58902677039
12fi12fi -7.10481823309 0.084598720322 3.45538488462
12fi12fi- -7.05756780853 -0.0799247314805 3.32154585604
12fi12fi-12fi -6.55930069545 -0.35858225275 2.77105548206
12fi12fi-12fi-12fi -6.45505365551 -0.452359488683 2.61047225856
12fi12fi-12fi-12fi- -6.65190385089 -0.416438847436 2.76704373056
12fi12fi-12fi12fi -6.32023016157 -0.47840785061 2.53281221382
12fi12fi-12fi12fi- -6.37149036727 -0.60618571907 2.47007893437
12fi12fi12fi -6.65177094375 -0.202658786106 2.94654652596
12fi12fi12fi-12fi -6.33745841637 -0.509064123164 2.51296842589
12fi12fi12fi-12fi- -6.49153635093 -0.500309697936 2.6166366171
12fi12fi12fi12fi -6.42319707685 -0.313670165958 2.69744059236
12fi12fi12fi12fi- -6.38200589417 -0.489732902565 2.53574835927
12fl -8.06763293558 0.705595690328 4.52915804482
12fl12fl -6.96246687591 -0.0411556816599 3.27604280485
12fl12fl- -7.00963438146 -0.117627423788 3.2592548108
12fl12fl-12fl -6.54457483397 -0.408382351068 2.71694766129
12fl12fl-12fl-12fl -6.38298709542 -0.646926710604 2.43210127021
12fl12fl-12fl-12fl- -6.44514190716 -0.71952005934 2.43292548453
12fl12fl-12fl12fl -6.27694250346 -0.554415489878 2.44116030329
12fl12fl-12fl12fl- -6.34405628827 -0.62856121146 2.42826885136
12fl12fl12fl -6.47569387271 -0.322201760935 2.74650877249
12fl12fl12fl-12fl -6.27257654407 -0.546025540458 2.43878700764
12fl12fl12fl-12fl- -6.33574395777 -0.571849923128 2.47270400911
12fl12fl12fl12fl -6.19324194049 -0.450788026646 2.44710018663
12fl12fl12fl12fl- -6.24411591238 -0.512666401927 2.4200761736
12ia -8.12358202515 0.868120328253 4.69057514904
12ia12ia -7.10056872267 0.0772850226166 3.468229001
12ia12ia- -7.06561936536 0.0780280377797 3.45790542573
12ia12ia-12ia -6.63033282482 -0.265572870558 2.89898052464
12ia12ia-12ia-12ia -6.3772082777 -0.454405866383 2.57785241267
12ia12ia-12ia-12ia- -6.3532994376 -0.44406987689 2.58283663924
12ia12ia-12ia12ia -6.37323126982 -0.45518112474 2.59985602576
12ia12ia-12ia12ia- -6.38531793692 -0.465682986458 2.59173214904
12ia12ia12ia -6.60653947395 -0.270520324915 2.88954362115
12ia12ia12ia-12ia -6.37172035884 -0.450373319453 2.59713369143
12ia12ia12ia-12ia- -6.35377226382 -0.443862816595 2.59783948956
12ia12ia12ia12ia -6.33063655991 -0.435968566061 2.57452538626
12ia12ia12ia12ia- -6.34873968587 -0.444509577243 2.56738404113
12ie -8.03190351139 0.513853377932 4.19075311676
12ie12ie -7.23496690216 -0.125538801333 3.40089409697
12ie12ie- -7.03922543027 -0.262916056217 3.20128917456
12ie12ie-12ie -6.65325530953 -0.582552225249 2.6791416207
12ie12ie-12ie-12ie -6.53372433313 -0.663227817621 2.52069003436
12ie12ie-12ie-12ie- -6.59917573088 -0.562465303453 2.63747741193
12ie12ie-12ie12ie -6.48528809096 -0.688707559304 2.48868736661
12ie12ie-12ie12ie- -6.45896002601 -0.744254311589 2.43430014024
12ie12ie12ie -6.89149629302 -0.371464548551 2.99267309919
12ie12ie12ie-12ie -6.50363544084 -0.702069600285 2.50243144165
12ie12ie12ie-12ie- -6.55334943782 -0.624027234146 2.58968549653
12ie12ie12ie12ie -6.71081118713 -0.485997861216 2.78047555705
12ie12ie12ie12ie- -6.60572909054 -0.598016367784 2.63832250311
12if -8.08766538746 0.772238580407 4.597608554
12if12if -7.28443745118 0.144297337735 3.59356708704
12if12if- -7.05756450314 -0.079926391428 3.32154210407
12if12if-12if -6.60254534802 -0.37830568343 2.77551804481
12if12if-12if-12if -6.35735269248 -0.513085733991 2.50086238684
12if12if-12if-12if- -6.38201152617 -0.489727846491 2.53575536085
12if12if-12if12if -6.43306736046 -0.489529714872 2.58063280811
12if12if-12if12if- -6.37149073088 -0.606185653121 2.47007923562
12if12if12if -6.94722360494 -0.114825634363 3.16849143188
12if12if12if-12if -6.46757604199 -0.51539880413 2.58713568894
12if12if12if-12if- -6.49154036426 -0.500305505309 2.61664216298
12if12if12if12if -6.77476971606 -0.237775628516 2.95353236038
12if12if12if12if- -6.65190289154 -0.416439797971 2.76704233441
12ii -8.01989494846 0.93211324647 4.66021519943
12ii12ii -7.21090170395 0.398868916541 3.72158342462
12ii12ii- -6.93326727908 0.17761420624 3.42081322448
12ii12ii-12ii -6.54051932217 -0.105105407979 2.92267486014
12ii12ii-12ii-12ii -6.42555497321 -0.154745373574 2.7949936897
12ii12ii-12ii-12ii- -6.51414898337 -0.0241590076118 2.94084494013
12ii12ii-12ii12ii -6.38450639716 -0.172066461253 2.76088030155
12ii12ii-12ii12ii- -6.3296185996 -0.259998963795 2.6690892189
12ii12ii12ii -6.82834569727 0.17836040516 3.30114018313
12ii12ii12ii-12ii -6.38442093137 -0.172120199512 2.76079181329
12ii12ii12ii-12ii- -6.43621220371 -0.0847827093576 2.85717893393
12ii12ii12ii12ii -6.6493846728 0.112923757375 3.11910094209
12ii12ii12ii12ii- -6.51402170527 -0.024254191989 2.94072225538
12il -8.07571752558 0.826756296899 4.62785661736
12il12il -7.15719004515 0.153436542613 3.52624846831
12il12il- -6.9530972808 0.0709752977836 3.3653788994
12il12il-12il -6.52566074341 -0.297835602704 2.78785993644
12il12il-12il-12il -6.3495411978 -0.401337979432 2.57130567259
12il12il-12il-12il- -6.38225017472 -0.309575000672 2.65717955193
12il12il-12il12il -6.33600024741 -0.401426548508 2.58290199266
12il12il-12il12il- -6.29800663354 -0.401855745879 2.5574924981
12il12il12il-12il -6.31405460794 -0.391505790067 2.57630666735
12il12il12il-12il- -6.31793830613 -0.387781039412 2.58157281734
12il12il12il12il -6.501391916 -0.207392857078 2.81143441054
12il12il12il12il- -6.37659413438 -0.297631335605 2.67200998063
12la -8.10212196487 0.766357228272 4.60624598661
12la12la -7.1050854565 -0.0476301753105 3.39125467339
12la12la- -6.98209642621 0.0139916101495 3.35449515932
12la12la-12la -6.60133914545 -0.400463614991 2.79705629409
12la12la-12la-12la -6.31070653622 -0.573710292453 2.47200927324
12la12la-12la-12la- -6.20986307308 -0.495205768774 2.47289711203
12la12la-12la12la -6.3941684968 -0.584847925489 2.53856759294
12la12la-12la12la- -6.31713763654 -0.532009358763 2.5121790262
12la12la12la -6.67124423067 -0.358257721034 2.87140657892
12la12la12la-12la -6.36368645922 -0.551323963973 2.53407220835
12la12la12la-12la- -6.26746107451 -0.476134115185 2.5271718677
12la12la12la12la -6.42762099658 -0.508008874262 2.57714647996
12la12la12la12la- -6.34707725966 -0.457467358403 2.54108985276
12le -8.04582134217 0.448836340347 4.19178806424
12le12le -7.11138581566 -0.364399435538 3.18622506183
12le12le- -6.9501901113 -0.285950104152 3.11798979125
12le12le-12le -6.60846355978 -0.695925661201 2.57742253941
12le12le-12le-12le- -6.45118582645 -0.682433404006 2.47055611363
12le12le-12le12le -6.6217609487 -0.694450106383 2.55916822161
12le12le-12le12le- -6.41240962857 -0.799587110926 2.37327592945
12le12le12le -6.73241630147 -0.650409928503 2.72432066046
12le12le12le-12le -6.41776108182 -0.841632948584 2.36505177259
12le12le12le-12le- -6.3272579491 -0.747309064097 2.36915671339
12le12le12le12le -6.53169005379 -0.794147503593 2.45693170314
12le12le12le12le- -6.52918679727 -0.643408929364 2.54505578738
12lf -8.11345016129 0.678779481816 4.55183039784
12lf12lf -7.56226290408 0.222126378403 3.82107686077
12lf12lf- -7.00965986782 -0.117617907213 3.25927949366
12lf12lf-12lf -6.60404772266 -0.474475931841 2.71403618753
12lf12lf-12lf-12lf -6.31374440788 -0.603787572041 2.40466874855
12lf12lf-12lf-12lf- -6.24411675366 -0.512667969644 2.42007516632
12lf12lf-12lf12lf -6.33845067353 -0.588436811338 2.45619557941
12lf12lf-12lf12lf- -6.34399754817 -0.628614044541 2.42817353671
12lf12lf12lf -6.61423745966 -0.433810817497 2.75735691775
12lf12lf12lf-12lf -6.39633832338 -0.655417975176 2.44593361713
12lf12lf12lf-12lf- -6.49417756578 -0.739977751191 2.45889287514
12lf12lf12lf12lf -6.3707958427 -0.61297489077 2.45863158088
12lf12lf12lf12lf- -6.42802523193 -0.589216941125 2.49897326825
12li -8.01844128008 0.841182996581 4.59898682303
12li12li -7.13168043712 0.213536119638 3.5494736613
12li12li- -6.9530418356 0.0708869613741 3.36528128855
12li12li-12li -6.50388444552 -0.270443428685 2.79150727952
12li12li-12li-12li -6.30772149947 -0.379086459307 2.56200074847
12li12li-12li-12li- -6.37467627175 -0.297221005077 2.67100300708
12li12li-12li12li -6.26939362816 -0.44518945934 2.51364034015
12li12li-12li12li- -6.29798799184 -0.401878567165 2.55746469703
12li12li12li -6.50378580394 -0.27052289641 2.79140526042
12li12li12li-12li -6.26895499104 -0.445633757536 2.51310221562
12li12li12li-12li- -6.31791391596 -0.387777926344 2.58154940818
12li12li12li12li -6.26953606372 -0.444973144829 2.51385449403
12li12li12li12li- -6.30891274068 -0.379041177328 2.56360013921
12ll -8.00484386824 0.755984726954 4.5198769115
12ll12ll -6.94837215359 0.00512022472401 3.30931855341
12ll12ll- -6.78342002685 0.0945613396957 3.24985261243
12ll12ll-12ll -6.8317911349 -0.111747620427 3.10833642966
12ll12ll-12ll-12ll -6.44611279891 -0.357309931782 2.66585556691
12ll12ll-12ll-12ll- -6.50149859576 -0.159091851787 2.84186655943
12ll12ll-12ll12ll -6.70764006949 -0.223148920596 2.93396885488
12ll12ll-12ll12ll- -6.50082603432 -0.279031071746 2.76962511844
12ll12ll12ll -6.49677419247 -0.252180069976 2.81019989452
12ll12ll12ll-12ll -6.19345409318 -0.414722694274 2.47740914067
12ll12ll12ll-12ll- -6.08896713618 -0.300956432205 2.48708182887
12ll12ll12ll12ll -6.24151682967 -0.361177640236 2.52714361914
12ll12ll12ll12ll- -6.50910634349 -0.157748809066 2.84766920559
2 -10.0498223268 1.39499311588 7.18891183729
22 -8.58883696522 0.420540426154 5.38102103443
22- -8.64837264802 0.426160018699 5.19889021661
22-2 -7.95564969576 -0.106328097334 4.24709955409
22-2- -7.90847407032 -0.108651306641 4.31436857218
22-2-2 -7.4886420968 -0.447301866594 3.73110236777
22-2-2- -7.45729168098 -0.449417172481 3.78106557454
22-22 -7.50529483559 -0.44310959549 3.71260870421
22-22- -7.53796439854 -0.442104388223 3.68533396227
222 -7.86257241799 -0.114768186037 4.42598047711
222- -7.90821121283 -0.109118556625 4.3140096145
222-2 -7.50546953658 -0.44292535609 3.71283835425
222-2- -7.47464863041 -0.443791053457 3.73608278413
2222 -7.42604964402 -0.452583305759 3.84322881775
2222- -7.45745464445 -0.449285330778 3.7812440584
4aa -8.96810515523 0.843436904514 4.71167611506
4aa4aa -7.94087990819 0.111629941371 4.35818089597
4aa4aa- -7.9406471206 0.110769038446 4.35740290682
4aa4aa-4aa -7.53029271281 -0.204168820903 3.87446178881
4aa4aa-4aa-4aa -7.32539311567 -0.368553758698 3.63071015673
4aa4aa-4aa-4aa- -7.51208127156 -0.0699097774762 3.96981489076
4aa4aa-4aa4aa -7.3254043957 -0.36852036268 3.63074325374
4aa4aa-4aa4aa- -7.51826976102 -0.0710800783474 3.96705120595
4aa4aa4aa -7.53039365193 -0.203937855449 3.8746867318
4aa4aa4aa-4aa -7.3254086607 -0.368517708562 3.630748589
4aa4aa4aa-4aa- -7.32547138851 -0.36836575956 3.63090076816
4aa4aa4aa4aa -7.32542124934 -0.368444746135 3.63079976891
4aa4aa4aa4aa- -7.51794222431 -0.0713289038401 3.96659867763
4ae -8.33375545698 0.353772540128 4.16551691318
4ae4ae -8.00933613388 0.0871707753095 4.03979418007
4ae4ae- -7.97349775911 0.101177287466 4.03738786062
4ae4ae-4ae -7.71795927249 -0.0781788479479 3.97709602166
4ae4ae-4ae-4ae -7.59853228635 -0.18756889212 3.89703879551
4ae4ae-4ae-4ae- -7.60626394972 -0.18251634317 3.9045252729
4ae4ae-4ae4ae -7.59236324131 -0.173684529717 3.88756053354
4ae4ae-4ae4ae- -7.5863262538 -0.173713508696 3.88545263025
4ae4ae4ae -7.75133557803 -0.0959176005113 3.99564223314
4ae4ae4ae-4ae -7.59858127698 -0.182727273987 3.90225872529
4ae4ae4ae-4ae- -7.60551692763 -0.183829113006 3.90504495902
4ae4ae4ae4ae -7.61473389764 -0.195039544875 3.91852958366
4ae4ae4ae4ae- -7.61184956678 -0.193401132874 3.91856398727
4af -8.53291178484 0.747958488675 4.5298754417
4af4af -7.9877514178 0.264806646726 4.28604344424
4af4af- -7.97614280706 0.293341780556 4.31141181221
4af4af-4af -7.7082729445 0.0769498781927 4.10138168766
4af4af-4af-4af -7.58865713476 -0.0362177388274 3.97672909177
4af4af-4af-4af- -7.56471592698 -0.0103822821942 3.9789310676
4af4af-4af4af -7.57687986511 -0.0585866467793 3.9529073115
4af4af-4af4af- -7.5502885974 -0.028237953561 3.95668634699
4af4af4af -7.6355620114 0.02976272183 4.04922566805
4af4af4af-4af -7.49206165388 -0.0289817840662 3.92645454477
4af4af4af-4af- -7.45909376956 -0.0161850987059 3.9206207451
4af4af4af4af -7.25945261573 -0.422127831173 3.5371878747
4af4af4af4af- -7.23458755225 -0.393798854177 3.5386022959
4ai -8.62161733806 0.879116810769 4.6057163732
4ai4ai -8.08755266734 0.503911429161 4.41632599144
4ai4ai- -8.08095291172 0.497488510638 4.41869242375
4ai4ai-4ai -7.76591222225 0.331117755313 4.27230206967
4ai4ai-4ai-4ai -7.60942717244 0.237048569645 4.20481067709
4ai4ai-4ai-4ai- -7.60234459597 0.232126676991 4.19707071691
4ai4ai-4ai4ai -7.61126474619 0.244397858278 4.20427201828
4ai4ai-4ai4ai- -7.60923586707 0.241894390712 4.20310954577
4ai4ai4ai -7.75781738602 0.317363805782 4.27170170127
4ai4ai4ai-4ai -7.60400527422 0.230457793049 4.20530326738
4ai4ai4ai-4ai- -7.6086850583 0.23869832386 4.21122563078
4ai4ai4ai4ai -7.60484159604 0.231794564997 4.20795671814
4ai4ai4ai4ai- -7.6037273189 0.227975797075 4.20768048217
4al -8.43379746951 0.813491147792 4.51944529454
4ea -8.33362462049 0.353704524736 4.16544974082
4ea4ea -8.00949963909 0.0871031187788 4.04038887566
4ea4ea- -7.97357169699 0.101340457834 4.03735787675
4ea4ea-4ea -7.71801848221 -0.078078891942 3.97722362419
4ea4ea-4ea-4ea -7.59671256752 -0.188088050937 3.89812115536
4ea4ea-4ea-4ea- -7.61481385709 -0.184567977704 3.91749049714
4ea4ea-4ea4ea -7.59819605851 -0.177608060445 3.89565242056
4ea4ea-4ea4ea- -7.58629631824 -0.173907985973 3.88534007688
4ea4ea4ea -7.7511012096 -0.0961622079193 3.99555741361
4ea4ea4ea-4ea -7.59259322052 -0.177793685854 3.89386738431
4ea4ea4ea-4ea- -7.60175766443 -0.185902734159 3.89993194218
4ea4ea4ea4ea -7.614691249 -0.195050315173 3.91845619522
4ea4ea4ea4ea- -7.60262504619 -0.191479514009 3.90724270286
4ee -7.99158363602 -0.0211524673629 4.12786865027
4ee4ee -7.85718218835 -0.205974820568 4.00102075351
4ee4ee4ee -7.71882466154 -0.317199471098 3.88011852175
4ee4ee4ee4ee -7.63354782198 -0.382038194578 3.83162369513
4ef -8.06703604901 0.344750705729 4.17244494501
4ef4ef -7.82489527413 0.10643382337 4.05689544361
4ef4ef- -7.84773440985 0.238734344987 4.10604868416
4ef4ef-4ef -7.69237889499 -0.00808809023009 3.96995303189
4ef4ef-4ef-4ef -7.60770348536 -0.136737481471 3.89198859995
4ef4ef-4ef-4ef- -7.60114909635 -0.085698243059 3.92223179307
4ef4ef-4ef4ef- -7.6100597174 -0.0217284889382 3.94886357561
4ef4ef4ef -7.62933145248 -0.0589104210257 3.94036075879
4ef4ef4ef-4ef -7.57713474561 -0.00221859849822 3.94289104761
4ef4ef4ef-4ef- -7.55272823497 0.00851165356771 3.94157003949
4ef4ef4ef4ef -7.50900390225 -0.154254029228 3.84903261917
4ef4ef4ef4ef- -7.51165052813 -0.0769724841716 3.88410508535
4ei -8.10349062646 0.41785270707 4.17154712072
4ei4ei -7.9733761222 0.318361182753 4.12017636887
4ei4ei- -7.97498515429 0.319472558041 4.12001653549
4ei4ei-4ei -7.8483800967 0.273741034402 4.10517288311
4ei4ei-4ei-4ei -7.76803495177 0.215800216427 4.09262443854
4ei4ei-4ei-4ei- -7.75982738713 0.190452852442 4.09170231047
4ei4ei-4ei4ei -7.76475866072 0.205394184005 4.09078798517
4ei4ei-4ei4ei- -7.78214130574 0.247752090194 4.09490384405
4ei4ei4ei -7.83690272991 0.23990769553 4.1019955499
4ei4ei4ei-4ei -7.78264519982 0.248648384573 4.09488147295
4ei4ei4ei-4ei- -7.7656955127 0.214641686257 4.09222609652
4ei4ei4ei4ei -7.75965683526 0.19016962453 4.09161058176
4ei4ei4ei4ei- -7.79616801442 0.215975605329 4.09306982799
4el -7.99017353026 0.401025250697 4.17368555277
4fa -8.53287494754 0.748029726131 4.52990472953
4fa4fa -7.85744405909 0.0475570928567 4.16234374263
4fa4fa- -8.1109127041 0.255107362332 4.32569064709
4fa4fa-4fa -7.70820604145 0.0767594968061 4.10124486593
4fa4fa-4fa-4fa -7.58871032132 -0.0358970098637 3.97687258157
4fa4fa-4fa-4fa- -7.71240573867 -0.0943159906695 3.99657521468
4fa4fa-4fa4fa -7.49212855546 -0.0290767433797 3.92642175833
4fa4fa-4fa4fa- -7.60955097709 -0.0727514225305 3.96310482215
4fa4fa4fa -7.63555844119 0.0298048414298 4.04927392768
4fa4fa4fa-4fa -7.57687895636 -0.0584651592381 3.95294032431
4fa4fa4fa-4fa- -7.69420401843 -0.119159232675 3.98828156464
4fa4fa4fa4fa -7.45297677692 -0.0872982664696 3.88498484235
4fa4fa4fa4fa- -7.5627946091 -0.131049438281 3.91907812284
4fe -8.06563343076 0.343839562634 4.17106359494
4fe4fe -7.82439718527 0.106143260011 4.05644884072
4fe4fe- -7.89906152139 0.0901915142382 4.08221282782
4fe4fe-4fe -7.70286758866 0.0204155934607 3.980536412
4fe4fe-4fe-4fe -7.60788674102 -0.149252168748 3.88868245918
4fe4fe-4fe-4fe- -7.69781532772 -0.18202431024 3.89272348668
4fe4fe-4fe4fe -7.56442703948 -0.0612378510958 3.92273455449
4fe4fe-4fe4fe- -7.66209178004 -0.10632568586 3.94118988011
4fe4fe4fe -7.62945755294 -0.0586794494241 3.94053479975
4fe4fe4fe-4fe -7.60095284857 -0.146545039529 3.89662781799
4fe4fe4fe-4fe- -7.6745036356 -0.245269724638 3.86869476497
4fe4fe4fe4fe -7.50897274694 -0.154237168562 3.84900939894
4fe4fe4fe4fe- -7.61582623322 -0.173286454498 3.88326701864
4ff -8.22573780478 0.633411383413 4.32431113446
4ff4ff -7.83918309993 0.22931673781 4.08838779039
4ff4ff- -7.90650794592 0.164257749034 4.11063495012
4ff4ff-4ff -7.61443433794 -0.0107992183765 3.89333158717
4ff4ff-4ff-4ff -7.57478669213 -0.0861812542085 3.82724858193
4ff4ff-4ff-4ff- -7.67255661708 -0.111045611329 3.84977176701
4ff4ff-4ff4ff -7.46167151646 -0.107136603636 3.77738946474
4ff4ff-4ff4ff- -7.53017871505 -0.165889488141 3.78753268466
4ff4ff4ff -7.54502333799 0.0128061757787 3.87517842096
4ff4ff4ff-4ff -7.45639282668 -0.11568785379 3.77699645315
4ff4ff4ff-4ff- -7.55299411747 -0.13755128384 3.80686152049
4ff4ff4ff4ff -7.3722806459 -0.10605465135 3.7297753528
4ff4ff4ff4ff- -7.46213533745 -0.126054315219 3.7631944455
4fi -8.25762247057 0.774953496075 4.40887095233
4fi4fi -7.98775180702 0.547728288477 4.26339654822
4fi4fi- -8.04378541149 0.450227126566 4.24411272571
4fi4fi-4fi -7.79004683418 0.41350677413 4.1622568037
4fi4fi-4fi-4fi -7.68381871532 0.304457131967 4.09107929595
4fi4fi-4fi-4fi- -7.77461940546 0.214775670955 4.07825657473
4fi4fi-4fi4fi -7.63719637667 0.374104767643 4.12178259884
4fi4fi-4fi4fi- -7.73580928375 0.309185878345 4.12504196598
4fi4fi4fi -7.70456220614 0.346717239594 4.12162949975
4fi4fi4fi-4fi -7.70193518452 0.319185014298 4.11596090803
4fi4fi4fi-4fi- -7.79324889726 0.227330153889 4.10559392838
4fi4fi4fi4fi -7.58401795185 0.293085817686 4.07693612466
4fi4fi4fi4fi- -7.70233294497 0.27323498248 4.1156770627
4fl -8.14293440788 0.702281295002 4.31971358606
4ia -8.62161833648 0.879110937425 4.60570912252
4ia4ia -8.08785508061 0.504309977643 4.41653478468
4ia4ia- -8.08105426541 0.497626820581 4.41874052889
4ia4ia-4ia -7.76577432333 0.330911094064 4.27223712726
4ia4ia-4ia-4ia -7.60924369068 0.237027817257 4.20465689788
4ia4ia-4ia-4ia- -7.60223171916 0.226634655302 4.20646417189
4ia4ia-4ia4ia -7.60297119402 0.230052442192 4.20446164758
4ia4ia-4ia4ia- -7.6094243027 0.242008916489 4.20330171866
4ia4ia4ia -7.75764583607 0.317183774661 4.27162590396
4ia4ia4ia-4ia -7.61106857961 0.244302692828 4.20407604928
4ia4ia4ia-4ia- -7.60817330255 0.238296254165 4.21072275821
4ia4ia4ia4ia -7.60477325413 0.231712204941 4.20786698749
4ia4ia4ia4ia- -7.60240121874 0.232168976535 4.19712910212
4ie -8.1034983784 0.417885539359 4.17153893888
4ie4ie -7.97337622217 0.318244151927 4.12017269049
4ie4ie- -7.97549957387 0.320088896767 4.12028544928
4ie4ie-4ie -7.84977961451 0.222380072039 4.10329699705
4ie4ie-4ie-4ie -7.7644760207 0.206502778068 4.09069688981
4ie4ie-4ie-4ie- -7.76802902041 0.215796754013 4.09266864519
4ie4ie-4ie4ie -7.76607156713 0.215076445046 4.09224546752
4ie4ie-4ie4ie- -7.78169495909 0.247244130745 4.09495074266
4ie4ie4ie -7.837180378 0.239971700438 4.10214689058
4ie4ie4ie-4ie -7.78300841141 0.249023832865 4.09495728956
4ie4ie4ie-4ie- -7.76436652366 0.205529836766 4.09079095466
4ie4ie4ie4ie -7.75961225972 0.190035849747 4.0915447874
4ie4ie4ie4ie- -7.75844177468 0.189408757688 4.09154146381
4if -8.2575464857 0.774987985707 4.40883033549
4if4if -7.98711986923 0.547051067722 4.26318778119
4if4if- -7.96862298567 0.542400852085 4.27674444122
4if4if-4if -7.79006827416 0.413585902669 4.16229866185
4if4if-4if-4if -7.68387080102 0.304482004092 4.09109157848
4if4if-4if-4if- -7.63324710885 0.283913623618 4.07381848548
4if4if-4if4if -7.70193189309 0.319130045304 4.11594882781
4if4if-4if4if- -7.6923690524 0.368718801749 4.12680058452
4if4if4if -7.70444588577 0.346821693862 4.12165302386
4if4if4if-4if -7.63622047701 0.37226520114 4.1209032444
4if4if4if-4if- -7.59275309455 0.377115263073 4.11131208083
4if4if4if4if -7.58393744525 0.293208913894 4.07694155324
4if4if4if4if- -7.58185290036 0.348181867732 4.09130688892
4ii -8.31819171599 0.908072246025 4.49071062303
4ii4ii -8.20289167566 0.883143461788 4.38903039114
4ii4ii4ii -8.01707895813 0.854973411828 4.27917798445
4ii4ii4ii4ii -7.99236618652 0.844755470169 4.27132695291
4il -8.17050745086 0.83763122023 4.40222478678
4la -8.4339080241 0.813535602284 4.5195194523
4la4la- -7.88746786987 0.410071948519 4.31108611291
4la4la-4la-4la- -7.33915879195 0.118731489128 3.93409395187
4le -7.98925913946 0.400656231755 4.17300475887
4le4le- -7.74845568015 0.316521291478 4.10485980385
4le4le-4le-4le- -7.40801179792 0.0719779551483 3.91202276399
4lf -8.14246596145 0.702162059709 4.31934168495
4lf4lf- -7.78615456573 0.51640393135 4.17740497616
4lf4lf-4lf-4lf- -7.36931115718 0.177858485025 3.88734775128
4li -8.17035067118 0.837681115579 4.4021708048
4li4li- -7.8839932534 0.65588692787 4.27592030882
4li4li-4li-4li- -7.51708728829 0.546639766307 4.12309615965
4ll -8.05572012186 0.759930785595 4.30627572586
Using multi
