11 -11.873143119 2.36222023276 3.0350
1111 -11.574634238 0.0253065869884 1.8771
1111- -11.7104190435 0.035374799016 2.0043
1111-11- -11.4151755286 -0.931445669476 1.3993
1111-11-11 -11.3136770668 -0.627494511777 1.7921
1111-11-11- -11.5634775707 -1.41635252983 1.3790
1111-1111 -11.3204799128 -1.16546357066 1.3739
1111-1111- -11.3136770668 -0.626678170261 1.7927
111111 -11.4666050441 -1.06124397048 1.3063
111111- -11.4154476425 -0.931445669476 1.3992
111111-11 -11.3210241405 -1.16464722914 1.3746
111111-11- -11.3128607253 -1.50805489344 1.0953
11111111 -11.4992587048 -1.33172512603 1.3343
11111111- -11.4029304059 -1.19702877594 1.4370
12aa -9.3062932796 3.27271313666 6.9156
12aa12aa -8.16205458835 1.72384116744 5.1105
12aa12aa- -8.17402759725 1.72683441966 5.1269
12aa12aa-12aa -7.69211398912 1.08301307757 4.3776
12aa12aa-12aa-12aa -7.41102039386 0.748585169947 3.9712
12aa12aa-12aa-12aa- -7.37809461939 0.783687855125 3.9831
12aa12aa-12aa12aa -7.41102039386 0.759741837329 3.9940
12aa12aa-12aa12aa- -7.43959234691 0.733074681148 3.9870
12aa12aa12aa -7.6412287013 1.1262791779 4.3926
12aa12aa12aa-12aa -7.41102039386 0.759741837329 3.9940
12aa12aa12aa-12aa- -7.38244844081 0.785864765833 4.0008
12aa12aa12aa12aa -7.34761786947 0.816069401916 3.9944
12aa12aa12aa12aa- -7.37809461939 0.783687855125 3.9831
12ae -9.23227831551 2.30779746504 4.3076
12ae12ae -8.3196085009 0.965459899299 4.2312
12ae12ae- -8.30518646745 0.981242501937 4.2146
12ae12ae-12ae -7.87987253774 0.429667751126 4.0652
12ae12ae-12ae-12ae -7.64694309191 0.124356024233 3.7065
12ae12ae-12ae-12ae- -7.62462975715 0.154560660316 3.7239
12ae12ae-12ae12ae -7.62979992008 0.152111635769 3.7367
12ae12ae-12ae12ae- -7.65429016555 0.124628138072 3.7249
12ae12ae12ae -7.86789952884 0.435926369413 4.1015
12ae12ae12ae-12ae -7.64775943343 0.120002202816 3.7414
12ae12ae12ae-12ae- -7.6221807326 0.149118383545 3.7539
12ae12ae12ae12ae -7.61701056967 0.149390497383 3.7557
12ae12ae12ae12ae- -7.63143260311 0.12490025191 3.7413
12af -9.10329635602 3.23679410997 6.4654
12af12af -8.083413689 1.64030221899 4.9772
12af12af- -8.04803888999 1.55104887993 4.8735
12af12af-12af -7.5255803199 0.952126321209 4.1481
12af12af-12af-12af -7.16121989004 0.639739634513 3.7313
12af12af-12af-12af- -7.13917866911 0.649807846541 3.7295
12af12af-12af12af -7.26135778264 0.6269502841 3.7895
12af12af-12af12af- -7.28122209286 0.546404587879 3.7478
12af12af12af -7.62109227725 0.975528111327 4.2613
12af12af12af-12af -7.31714111955 0.547220929394 3.7767
12af12af12af-12af- -7.28884128034 0.54994206778 3.7640
12af12af12af12af -7.36612161049 0.616882072072 3.8586
12af12af12af12af- -7.3887070591 0.52300279776 3.8086
12ai -9.13050773988 3.38781729038 6.8959
12ai12ai -8.00776604188 1.85799328986 5.1033
12ai12ai- -7.9726633567 1.85989808673 5.0804
12ai12ai-12ai -7.48095365038 1.23975064859 4.3312
12ai12ai-12ai-12ai -7.1835332248 0.880832495499 3.9025
12ai12ai-12ai-12ai- -7.13128736779 0.895254528944 3.8921
12ai12ai-12ai12ai -7.17183232974 0.908315993196 3.9309
12ai12ai-12ai12ai- -7.19877159976 0.878655584791 3.9125
12ai12ai12ai -7.42544242731 1.22968243657 4.3261
12ai12ai12ai-12ai -7.17727460652 0.898247781169 3.9302
12ai12ai12ai-12ai- -7.14053923831 0.92110534361 3.9349
12ai12ai12ai12ai -7.10135484555 0.917839977547 3.9098
12ai12ai12ai12ai- -7.14489305972 0.905050627133 3.9180
12al -8.84288341249 3.18536459447 6.5396
12al12al -7.6757871588 1.79894458688 4.8415
12al12al- -7.75306748896 1.84683662248 4.9183
12al12al-12al -7.28149420669 1.22750552586 4.1808
12al12al-12al-12al -7.09509622726 0.91729574987 3.8287
12al12al-12al-12al- -7.06026565592 1.02205957772 3.8661
12al12al-12al12al -6.93427694866 0.884097861562 3.7402
12al12al-12al12al- -6.98516223647 0.878655584791 3.7547
12al12al12al -7.08448378756 1.22233536292 4.1021
12al12al12al-12al -6.91577320764 0.90369005794 3.7731
12al12al12al-12al- -6.8964531251 0.980426160421 3.8032
12al12al12al12al -6.73209636659 0.926003392704 3.6848
12al12al12al12al- -6.7772672638 0.91920054674 3.6988
12ea -9.23227831551 2.30779746504 4.3076
12ea12ea -8.3196085009 0.965459899299 4.2312
12ea12ea- -8.30518646745 0.980970388099 4.2146
12ea12ea-12ea -7.87987253774 0.429939864964 4.0653
12ea12ea-12ea-12ea -7.64694309191 0.124356024233 3.7065
12ea12ea-12ea-12ea- -7.63143260311 0.12490025191 3.7413
12ea12ea-12ea12ea -7.64775943343 0.120002202816 3.7414
12ea12ea-12ea12ea- -7.65429016555 0.124628138072 3.7249
12ea12ea12ea -7.86789952884 0.436198483252 4.1016
12ea12ea12ea-12ea -7.62979992008 0.152111635769 3.7367
12ea12ea12ea-12ea- -7.6221807326 0.149118383545 3.7539
12ea12ea12ea12ea -7.61701056967 0.149390497383 3.7557
12ea12ea12ea12ea- -7.62462975715 0.154560660316 3.7239
12ee -9.3386748264 2.12384851016 4.2441
12ee12ee -8.37484761013 0.404905391814 3.9568
12ee12ee- -8.35661598294 0.428035068094 4.1330
12ee12ee-12ee -7.99552091914 0.0416334173035 3.8688
12ee12ee-12ee-12ee- -7.96096246164 -0.05768813378 3.8194
12ee12ee-12ee12ee -7.84667464943 -0.168438466084 3.6629
12ee12ee-12ee12ee- -7.7963335893 -0.190751800848 3.6057
12ee12ee12ee -7.96177880316 -0.0419055311421 3.8434
12ee12ee12ee-12ee -7.84667464943 -0.168438466084 3.6629
12ee12ee12ee-12ee- -7.72476764975 -0.285447416676 3.5343
12ee12ee12ee12ee -7.74245504926 -0.287352213546 3.5498
12ee12ee12ee12ee- -7.96096246164 -0.05768813378 3.8195
12ef -9.19799197185 2.26371502319 4.2726
12ef12ef -8.17892564635 0.91729574987 4.1806
12ef12ef- -8.23987914619 0.781238830577 4.4984
12ef12ef-12ef -7.68721594002 0.35565278703 3.7894
12ef12ef-12ef-12ef -7.37482925333 0.0302046360829 3.4352
12ef12ef-12ef-12ef- -7.42870779337 -0.00435382141736 3.4884
12ef12ef-12ef12ef -7.42625876882 0.0813620377369 3.4858
12ef12ef-12ef12ef- -7.48258633341 -0.0263950423427 3.4431
12ef12ef12ef -7.72912147117 0.378510349472 3.8592
12ef12ef12ef-12ef -7.46898064148 0.0165989441537 3.4564
12ef12ef12ef-12ef- -7.52095438465 -0.0653073212604 3.4829
12ef12ef12ef12ef -7.48530747179 0.0756476471266 3.5136
12ef12ef12ef12ef- -7.5459888578 -0.0421776449807 3.4600
12ei -9.1228885524 2.34861454083 4.3003
12ei12ei -8.35824866597 1.27349276458 4.2404
12ei12ei- -8.08776751042 1.10451007082 4.2107
12ei12ei-12ei -7.65864398697 0.58259572841 4.0000
12ei12ei-12ei-12ei -7.54462828861 0.43075620648 3.8313
12ei12ei-12ei-12ei- -7.65238536868 0.51538361028 3.9939
12ei12ei-12ei12ei -7.50898137575 0.372251731184 3.7909
12ei12ei-12ei12ei- -7.44149714378 0.31918953266 3.6945
12ei12ei12ei -8.0156573432 0.846818265676 4.2344
12ei12ei12ei-12ei -7.49700836685 0.370346934314 3.7695
12ei12ei12ei-12ei- -7.599595284 0.458239704177 3.9227
12ei12ei12ei12ei -7.83579009589 0.639195406836 4.1879
12ei12ei12ei12ei- -7.66109301152 0.527900846855 3.9845
12el -9.04560822224 2.21201339386 4.2692
12el12el -7.86436204894 1.12791186093 4.1139
12el12el- -7.87660717168 1.19784511745 4.5524
12el12el-12el -7.70626390872 0.500145235319 3.9589
12el12el-12el-12el -7.51333519717 0.227215055218 3.6774
12el12el-12el-12el- -7.5078929204 0.543411335654 3.8574
12el12el-12el12el -7.53864178416 0.287624327384 3.7216
12el12el-12el12el- -7.41292519073 0.258780260494 3.6234
12el12el12el -7.323127624 0.63647426845 3.8211
12el12el12el-12el -7.45347015268 0.289257010416 3.6899
12el12el12el-12el- -7.13319216466 0.442729215378 3.5794
12el12el12el12el -7.01291784801 0.380143032503 3.4621
12el12el12el12el- -7.00665922972 0.381775715535 3.4283
12fa -9.01241033393 3.19352800963 6.6279
12fa12fa -7.85538229227 1.76220921868 4.9408
12fa12fa- -8.04803888999 1.55104887993 4.8735
12fa12fa-12fa -7.42870779337 1.05444112452 4.1693
12fa12fa-12fa-12fa -7.22815989433 0.672121181305 3.7806
12fa12fa-12fa-12fa- -7.3887070591 0.52300279776 3.8086
12fa12fa-12fa12fa -7.07550403088 0.767361024809 3.7889
12fa12fa-12fa12fa- -7.28122209286 0.546404587879 3.7478
12fa12fa12fa -7.28258266205 1.1657356845 4.2037
12fa12fa12fa-12fa -7.12611720486 0.708040207998 3.7478
12fa12fa12fa-12fa- -7.28884128034 0.54994206778 3.7640
12fa12fa12fa12fa -6.94706629907 0.857430705381 3.7910
12fa12fa12fa12fa- -7.13809021376 0.648991505025 3.7285
12fe -9.23554368157 2.03350671575 4.2819
12fe12fe -8.08423003052 0.986684778709 4.5504
12fe12fe- -8.23987914619 0.781238830577 4.2058
12fe12fe-12fe -7.62952780624 0.413613034649 3.8458
12fe12fe-12fe-12fe -7.41619055679 0.0797293547054 3.4429
12fe12fe-12fe-12fe- -7.5459888578 -0.0424497588192 3.4598
12fe12fe-12fe12fe -7.30380754146 0.171431718308 3.5181
12fe12fe-12fe12fe- -7.48258633341 -0.0263950423427 3.4431
12fe12fe12fe -7.56231568811 0.465858891657 3.9180
12fe12fe12fe-12fe -7.38516957919 0.0731986225793 3.4827
12fe12fe12fe-12fe- -7.52068227081 -0.065579435099 3.4827
12fe12fe12fe12fe -7.26680005941 0.185853751753 3.5574
12fe12fe12fe12fe- -7.42870779337 -0.00435382141736 3.4884
12ff -9.05431586507 3.26182858312 6.3168
12ff12ff -7.90436278321 1.70697010944 4.9114
12ff12ff- -8.11035295902 1.46750993149 4.9097
12ff12ff-12ff -7.41863958134 1.03702583885 4.1468
12ff12ff-12ff-12ff -7.12121915577 0.645726138962 3.7039
12ff12ff-12ff-12ff- -7.29836526469 0.431028320319 3.6954
12ff12ff-12ff12ff -7.07441557553 0.738789071758 3.7533
12ff12ff-12ff12ff- -7.30571233833 0.48272994965 3.7212
12ff12ff12ff -7.37401291181 1.04137966026 4.1566
12ff12ff12ff-12ff -7.19360143683 0.598650444887 3.7331
12ff12ff12ff-12ff- -7.36802640736 0.372523845023 3.7102
12ff12ff12ff12ff -7.07604825856 0.685182645557 3.7391
12ff12ff12ff12ff- -7.29836526469 0.431028320319 3.6954
12fi -8.91036764446 3.32904070125 6.6845
12fi12fi -7.87687928552 2.01418663321 5.1119
12fi12fi- -7.87089278107 1.71077970318 4.8731
12fi12fi-12fi -7.24040501707 1.23458048566 4.1611
12fi12fi-12fi-12fi -7.19305720915 0.976072339004 3.9548
12fi12fi-12fi-12fi- -7.56939064792 0.909132334712 4.1592
12fi12fi-12fi12fi -6.94216824998 0.990494372449 3.8419
12fi12fi-12fi12fi- -7.07523191705 0.730081428923 3.7179
12fi12fi12fi -7.34435250341 1.46179554088 4.4282
12fi12fi12fi-12fi -6.99305353779 0.928452417252 3.8012
12fi12fi12fi-12fi- -7.29700469549 0.813620377369 3.9266
12fi12fi12fi12fi -7.09591256878 1.22315170444 4.1048
12fi12fi12fi12fi- -7.0798578523 0.899064122685 3.8322
12fl -8.8915917896 3.23869890684 6.6513
12fl12fl -7.58027520146 1.9034363009 4.8344
12fl12fl- -7.7568770827 1.73146035492 4.8218
12fl12fl-12fl -7.14244403518 1.26995528468 4.1152
12fl12fl-12fl-12fl -7.09455199959 0.727632404376 3.7136
12fl12fl-12fl-12fl- -7.23060891888 0.556472799906 3.7015
12fl12fl-12fl12fl -6.77753937763 0.977160794358 3.6982
12fl12fl-12fl12fl- -6.96883540616 0.797837774731 3.6935
12fl12fl12fl -6.96665849545 1.37417488485 4.0969
12fl12fl12fl-12fl -6.78951238653 0.95756859798 3.6883
12fl12fl12fl-12fl- -6.94679418523 0.880560381661 3.7522
12fl12fl12fl12fl -6.60175383791 1.11403405517 3.6797
12fl12fl12fl12fl- -6.76094043348 0.925731278866 3.6252
12ia -9.13050773988 3.38781729038 6.8959
12ia12ia -8.00776604188 1.85772117602 5.1029
12ia12ia- -7.9726633567 1.86017020057 5.0804
12ia12ia-12ia -7.48095365038 1.23975064859 4.3313
12ia12ia-12ia-12ia -7.1835332248 0.880832495499 3.9025
12ia12ia-12ia-12ia- -7.14489305972 0.905050627133 3.9180
12ia12ia-12ia12ia -7.17700249268 0.898247781169 3.9300
12ia12ia-12ia12ia- -7.19877159976 0.878655584791 3.9125
12ia12ia12ia -7.42544242731 1.22968243657 4.3260
12ia12ia12ia-12ia -7.17183232974 0.908315993196 3.9309
12ia12ia12ia-12ia- -7.14053923831 0.92110534361 3.9349
12ia12ia12ia12ia -7.10135484555 0.917839977547 3.9098
12ia12ia12ia12ia- -7.13101525396 0.895254528944 3.8921
12ie -9.1228885524 2.34861454083 4.3003
12ie12ie -8.35824866597 1.27322065074 4.2404
12ie12ie- -8.08803962426 1.10451007082 4.2109
12ie12ie-12ie -7.65864398697 0.58259572841 4.0001
12ie12ie-12ie-12ie -7.54544463012 0.432933117189 3.8331
12ie12ie-12ie-12ie- -7.66762374365 0.53851328656 3.9959
12ie12ie-12ie12ie -7.49700836685 0.370346934314 3.7695
12ie12ie-12ie12ie- -7.44149714378 0.319461646499 3.6946
12ie12ie12ie -8.0156573432 0.847090379515 4.2344
12ie12ie12ie-12ie -7.50898137575 0.372251731184 3.7909
12ie12ie12ie-12ie- -7.59932317016 0.458239704177 3.9226
12ie12ie12ie12ie -7.83551798205 0.638923292997 4.1877
12ie12ie12ie12ie- -7.65238536868 0.51538361028 3.9939
12if -8.97485862421 3.38591249351 6.4138
12if12if -8.23225995871 2.01445874704 5.2861
12if12if- -7.87089278107 1.71077970318 4.8731
12if12if-12if -7.32856990077 1.16165397692 4.1415
12if12if-12if-12if -7.0227139462 0.883825747724 3.7811
12if12if-12if-12if- -7.0798578523 0.899064122685 3.8322
12if12if-12if12if -7.18108420026 0.904234285618 3.8822
12if12if-12if12if- -7.07523191705 0.730081428923 3.7179
12if12if12if -7.93511164697 1.44900619046 4.7317
12if12if12if-12if -7.24611940768 0.81144346666 3.8802
12if12if12if-12if- -7.29700469549 0.813620377369 3.9266
12if12if12if12if -7.79116342636 1.17662023804 4.4591
12if12if12if12if- -7.56939064792 0.909132334712 4.1592
12ii -8.97676342108 3.49775128117 6.8978
12ii12ii -8.20232743646 2.27378323522 5.5053
12ii12ii- -7.79388456475 1.99377809531 5.0566
12ii12ii-12ii -7.36367258595 1.45172732885 4.3937
12ii12ii-12ii-12ii -7.28067786518 1.28083983822 4.2429
12ii12ii-12ii-12ii- -7.4374154362 1.44383602753 4.4528
12ii12ii-12ii12ii -7.24258192778 1.2503630883 4.1864
12ii12ii-12ii12ii- -7.1348248477 1.15457901712 4.0578
12ii12ii12ii -7.81157196426 1.77118897535 4.9406
12ii12ii12ii-12ii -7.24230981394 1.25009097446 4.1863
12ii12ii12ii-12ii- -7.34054290967 1.33335780907 4.3220
12ii12ii12ii12ii -7.66218146687 1.59104961421 4.7203
12ii12ii12ii12ii- -7.43714332236 1.44383602753 4.4526
12il -9.10111944531 3.3040062281 6.8455
12il12il -8.15797288078 1.90479687009 5.2002
12il12il- -7.86953221188 1.82914922297 4.9890
12il12il-12il -7.40095218183 1.13389836538 4.1879
12il12il-12il-12il -7.21781956846 0.910765017744 3.9269
12il12il-12il-12il- -7.23632330949 1.08165250838 4.0516
12il12il-12il12il -7.20693501492 0.902873716425 3.9249
12il12il-12il12il- -7.14734208427 0.905866968649 3.8895
12il12il12il-12il -7.17890728955 0.903962171779 3.9116
12il12il12il-12il- -7.18598224935 0.913214042291 3.9221
12il12il12il12il -7.45537494955 1.1608376354 4.2774
12il12il12il12il- -7.27224233618 1.04382868481 4.0785
12la -9.0382611486 3.30863216335 6.7544
12la12la -7.94926156658 1.79459076547 4.9484
12la12la- -7.75306748896 1.84683662248 4.9183
12la12la-12la -7.32884201461 1.10614275385 4.1098
12la12la-12la-12la -6.95332491736 0.776612895321 3.6726
12la12la-12la-12la- -6.77645092228 0.918656319063 3.6977
12la12la-12la12la -7.1038038701 0.810355011306 3.7954
12la12la-12la12la- -6.98516223647 0.878655584791 3.7547
12la12la12la -7.45619129107 1.24519292536 4.2952
12la12la12la-12la -7.06706850189 0.851444200932 3.7938
12la12la12la-12la- -6.8964531251 0.980426160421 3.8032
12la12la12la12la -7.18081208642 0.964643557784 3.9285
12la12la12la12la- -7.06026565592 1.02233169156 3.8661
12le -9.15009993626 2.31242340029 4.2732
12le12le -8.13538743217 1.06015551513 4.1542
12le12le- -7.87660717168 1.19784511745 4.1862
12le12le-12le -7.50489966817 0.521914342406 3.8102
12le12le-12le-12le- -7.44993267278 0.401640025751 3.7624
12le12le-12le12le -7.68313423244 0.388306447661 3.8474
12le12le-12le12le- -7.41265307689 0.258780260494 3.6233
12le12le12le -7.70354277034 0.611711909139 4.0709
12le12le12le-12le -7.30217485843 0.292794490317 3.5666
12le12le12le-12le- -7.13319216466 0.442729215378 3.5794
12le12le12le12le -7.4839469026 0.363816202188 3.7520
12le12le12le12le- -7.5078929204 0.543683449493 3.8576
12lf -9.02601602586 3.36196647572 6.3683
12lf12lf -8.64777779023 2.14425704805 5.6473
12lf12lf- -7.75714919654 1.73146035492 4.8219
12lf12lf-12lf -7.28612014195 1.09770722485 4.0755
12lf12lf-12lf-12lf -6.88774548226 0.78640899351 3.6012
12lf12lf-12lf-12lf- -6.76094043348 0.925731278866 3.6252
12lf12lf-12lf12lf -7.04965321622 0.814436718885 3.7501
12lf12lf-12lf12lf- -6.96883540616 0.797565660892 3.6934
12lf12lf12lf -7.37265234262 1.12192535649 4.1635
12lf12lf12lf-12lf -7.15224013337 0.683822076364 3.7258
12lf12lf12lf-12lf- -7.34625730028 0.451436858212 3.7062
12lf12lf12lf12lf -7.08693281211 0.770082163195 3.7553
12lf12lf12lf12lf- -7.14598151508 0.914302497645 3.9020
12li -8.92070797033 3.45394095316 6.8079
12li12li -8.03878701948 2.12139948561 5.2343
12li12li- -7.86953221188 1.82914922297 4.9888
12li12li-12li -7.36258413059 1.17253853046 4.1904
12li12li-12li-12li -7.16285257307 0.937976401602 3.9134
12li12li-12li-12li- -7.26135778264 1.0500873031 4.0757
12li12li-12li12li -7.10870191919 0.846818265676 3.8267
12li12li-12li12li- -7.14734208427 0.905866968649 3.8895
12li12li12li -7.36258413059 1.17253853046 4.1903
12li12li12li-12li -7.10815769152 0.846274037999 3.8258
12li12li12li-12li- -7.18598224935 0.913214042291 3.9221
12li12li12li12li -7.10897403303 0.847362493353 3.8272
12li12li12li12li- -7.15931509317 0.940425426149 3.9140
12ll -8.83363154198 3.35543574359 6.6913
12ll12ll -7.6580997593 1.9809887449 4.9511
12ll12ll- -7.41374153225 2.07541224689 4.8272
12ll12ll-12ll -7.80368066294 1.45199944269 4.6656
12ll12ll-12ll-12ll -7.36993120423 0.99022225861 4.0769
12ll12ll-12ll-12ll- -7.4042175479 1.3336299229 4.3196
12ll12ll-12ll12ll -7.68313423244 1.22451227363 4.4321
12ll12ll-12ll12ll- -7.35959087837 1.15838861086 4.2027
12ll12ll12ll -7.12448452183 1.47621757432 4.2814
12ll12ll12ll-12ll -6.75359335984 1.14940885418 3.7894
12ll12ll12ll-12ll- -6.5769914786 1.3349904921 3.8085
12ll12ll12ll12ll -6.82978523464 1.23104300576 3.9090
12ll12ll12ll12ll- -7.41673478447 1.3194800033 4.3231
2 -10.7201967849 3.40740948676 8.3059
22 -9.34438921701 1.95296101952 6.4216
22- -9.35200840449 1.73554206249 5.8440
22-2 -8.61594047111 0.893893959751 4.7352
22-2- -8.60859339747 1.00763754428 5.0077
22-2-2 -8.13674800137 0.463137753272 4.3246
22-2-2- -8.13457109066 0.524363366953 4.4724
22-22 -8.1503536933 0.439735963153 4.2255
22-22- -8.15307483168 0.375789211086 4.0919
222 -8.5996136408 1.12138112881 5.3516
222- -8.60832128363 1.00682120276 5.0071
222-2 -8.15062580713 0.440008076992 4.2258
222-2- -8.14844889643 0.512934585733 4.3922
2222 -8.13266629379 0.592936054277 4.6767
2222- -8.1348432045 0.524091253115 4.4724
4aa -9.84943250142 2.44167747362 5.8607
4aa4aa -8.8140393456 1.122741698 5.3791
4aa4aa- -8.8140393456 1.12138112881 5.3780
4aa4aa-4aa -8.38001777306 0.556200686068 4.7367
4aa4aa-4aa-4aa -8.16014979148 0.254426439077 4.4107
4aa4aa-4aa-4aa- -8.44205972826 0.682189393332 4.9309
4aa4aa-4aa4aa -8.16014979148 0.254426439077 4.4107
4aa4aa-4aa4aa- -8.44641354968 0.668039473726 4.9179
4aa4aa4aa -8.38001777306 0.556472799906 4.7370
4aa4aa4aa-4aa -8.16014979148 0.254426439077 4.4107
4aa4aa4aa-4aa- -8.16014979148 0.254698552915 4.4109
4aa4aa4aa4aa -8.16014979148 0.254698552915 4.4108
4aa4aa4aa4aa- -8.44614143584 0.667767359887 4.9173
4ae -9.3267018175 1.38342675537 4.3056
4ae4ae -9.07390806145 0.917567863708 4.2474
4ae4ae- -9.04751301911 0.934166807862 4.2518
4ae4ae-4ae -8.82084219157 0.602732152466 4.2486
4ae4ae-4ae-4ae -8.70220055795 0.408170757877 4.2484
4ae4ae-4ae-4ae- -8.71009185926 0.417966856066 4.2475
4ae4ae-4ae4ae -8.70138421643 0.414973603842 4.2483
4ae4ae-4ae4ae- -8.69512559814 0.414429376165 4.2483
4ae4ae4ae -8.84288341249 0.595385078824 4.2452
4ae4ae4ae-4ae -8.70383324098 0.415517831519 4.2452
4ae4ae4ae-4ae- -8.71090820078 0.413885148488 4.2454
4ae4ae4ae4ae -8.71281299765 0.415517831519 4.2446
4ae4ae4ae4ae- -8.7117245423 0.415517831519 4.2448
4af -9.19445449195 2.31079071726 5.6452
4af4af -8.75907235021 1.41390350529 5.3163
4af4af- -8.74410608909 1.47104741139 5.3163
4af4af-4af -8.5460072146 1.00219526751 4.9964
4af4af-4af-4af -8.45185582645 0.736067933372 4.8442
4af4af-4af-4af- -8.40668492924 0.777157122999 4.8438
4af4af-4af4af -8.46573363222 0.693346060714 4.8277
4af4af-4af4af- -8.42137907653 0.750489966817 4.8321
4af4af4af -8.43852224836 0.972262745264 4.9965
4af4af4af-4af -8.30817971967 0.80953866979 4.8061
4af4af4af-4af- -8.26083191176 0.852804770125 4.8046
4af4af4af4af -7.99225555308 0.270753269392 4.3310
4af4af4af4af- -7.95824132325 0.3229991264 4.3315
4ai -9.51554882148 2.46453503606 5.7720
4ai4ai -9.03907749011 1.66941839972 5.5747
4ai4ai- -9.03173041647 1.65962230153 5.5731
4ai4ai-4ai -8.75145316273 1.28900325338 5.4413
4ai4ai-4ai-4ai -8.6102260805 1.09362551727 5.3404
4ai4ai-4ai-4ai- -8.60015786848 1.08573421595 5.3273
4ai4ai-4ai4ai -8.6066886006 1.08655055747 5.3203
4ai4ai-4ai4ai- -8.60396746222 1.08138039454 5.3163
4ai4ai4ai -8.74410608909 1.28519365964 5.4471
4ai4ai4ai-4ai -8.60369534838 1.08301307757 5.3293
4ai4ai4ai-4ai- -8.61131453586 1.09716299717 5.3434
4ai4ai4ai4ai -8.61131453586 1.10178893243 5.3563
4ai4ai4ai4ai- -8.60913762515 1.09716299717 5.3537
4al -9.05866968649 2.38915950278 5.6475
4ea -9.3267018175 1.38315464153 4.3056
4ea4ea -9.07418017529 0.917567863708 4.2478
4ea4ea- -9.04778513295 0.934438921701 4.2518
4ea4ea-4ea -8.82084219157 0.602732152466 4.2485
4ea4ea-4ea-4ea -8.70029576108 0.410075554747 4.2486
4ea4ea-4ea-4ea- -8.71417356684 0.414429376165 4.2447
4ea4ea-4ea4ea -8.70138421643 0.408170757877 4.2448
4ea4ea-4ea4ea- -8.69512559814 0.414157262326 4.2483
4ea4ea4ea -8.84261129866 0.595112964985 4.2449
4ea4ea4ea-4ea -8.70192844411 0.425858157385 4.2484
4ea4ea4ea-4ea- -8.70410535482 0.413068806972 4.2447
4ea4ea4ea4ea -8.71254088381 0.415245717681 4.2446
4ea4ea4ea4ea- -8.70628226552 0.422048563645 4.2485
4ee -9.07554074448 0.618786868942 4.2722
4ee4ee -8.96669520905 0.320822215692 4.2059
4ee4ee4ee -8.87036691019 0.145036675966 4.2021
4ee4ee4ee4ee -8.80451536125 0.0416334173035 4.2022
4ef -8.87553707312 1.62479173019 4.3282
4ef4ef -8.68097567854 1.11294559981 4.2831
4ef4ef- -8.70274478562 1.32682707694 4.2851
4ef4ef-4ef -8.63526055365 0.791851270282 4.2866
4ef4ef-4ef-4ef -8.52505444903 0.484090518843 4.2665
4ef4ef-4ef-4ef- -8.48069989334 0.589126460536 4.2646
4ef4ef-4ef4ef- -8.56641575249 0.7461361454 4.2823
4ef4ef4ef -8.53621111641 0.784776310479 4.2791
4ef4ef4ef-4ef -8.50192477275 0.792939725636 4.2824
4ef4ef4ef-4ef- -8.44314818361 0.81144346666 4.2620
4ef4ef4ef4ef -8.43933858987 0.601371583273 4.2781
4ef4ef4ef4ef- -8.43634533765 0.723278582959 4.2791
4ei -9.09377237167 1.43648895389 4.3105
4ei4ei -8.99934886968 1.17362698582 4.2781
4ei4ei- -9.0001652112 1.1812461733 4.2780
4ei4ei-4ei -8.95417797248 1.06478145038 4.2770
4ei4ei-4ei-4ei -8.91526569356 0.956480142626 4.2776
4ei4ei-4ei-4ei- -8.91526569356 0.930357214122 4.2787
4ei4ei-4ei4ei -8.91444935204 0.933350466346 4.2789
4ei4ei-4ei4ei- -8.92342910872 0.97879347739 4.2765
4ei4ei4ei -8.94764724035 1.0261412853 4.2783
4ei4ei4ei-4ei -8.92397333639 0.984235754162 4.2767
4ei4ei4ei-4ei- -8.91390512436 0.950221524339 4.2773
4ei4ei4ei4ei -8.91499357972 0.930085100283 4.2787
4ei4ei4ei4ei- -8.94383764661 0.977705022036 4.2666
4el -8.76560308234 1.66234343992 4.3291
4fa -9.19418237811 2.3110628311 5.6452
4fa4fa -8.60886551131 1.10831966456 5.1282
4fa4fa- -8.96234138763 1.30968390511 5.3091
4fa4fa-4fa -8.5460072146 1.00219526751 4.9963
4fa4fa-4fa-4fa -8.45185582645 0.736612161049 4.8442
4fa4fa-4fa-4fa- -8.68913909369 0.530621985241 4.8604
4fa4fa-4fa4fa -8.30845183351 0.809266555952 4.8060
4fa4fa-4fa4fa- -8.56804843552 0.637562723804 4.8498
4fa4fa4fa -8.43852224836 0.972262745264 4.9966
4fa4fa4fa-4fa -8.46573363222 0.693618174553 4.8278
4fa4fa4fa-4fa- -8.71798316058 0.518104748666 4.8893
4fa4fa4fa4fa -8.25947134257 0.742870779337 4.7917
4fa4fa4fa4fa- -8.49267290224 0.570350605674 4.8312
4fe -8.87390439009 1.62370327484 4.3267
4fe4fe -8.68043145086 1.11240137214 4.2830
4fe4fe- -8.76124926092 0.954303231917 4.2824
4fe4fe-4fe -8.64015860275 0.816341515755 4.2867
4fe4fe-4fe-4fe -8.52968038428 0.478376128232 4.2685
4fe4fe-4fe-4fe- -8.60423957605 0.357829697739 4.2679
4fe4fe-4fe4fe -8.51226509861 0.72681606286 4.2827
4fe4fe-4fe4fe- -8.68614584147 0.58069093154 4.2830
4fe4fe4fe -8.53621111641 0.785048424317 4.2791
4fe4fe4fe-4fe -8.60940973899 0.5423228803 4.2831
4fe4fe4fe-4fe- -8.66437673438 0.301230019313 4.2701
4fe4fe4fe4fe -8.43933858987 0.601371583273 4.2781
4fe4fe4fe4fe- -8.62655291082 0.44028019083 4.2798
4ff -8.70900340391 2.14208013734 5.3042
4ff4ff -8.40858972611 1.3956718781 4.9610
4ff4ff- -8.53621111641 1.23403625798 4.9816
4ff4ff-4ff -8.34736411243 0.895798756622 4.6972
4ff4ff-4ff-4ff -8.39688883105 0.664774107663 4.5848
4ff4ff-4ff-4ff- -8.57947721674 0.54041808343 4.5823
4ff4ff-4ff4ff -8.2181100391 0.685998987073 4.5701
4ff4ff-4ff4ff- -8.36804476416 0.530077757563 4.5814
4ff4ff4ff -8.17919776019 0.994303966189 4.6793
4ff4ff4ff-4ff -8.22273597436 0.691441263844 4.5795
4ff4ff4ff-4ff- -8.40124265247 0.577969793154 4.5861
4ff4ff4ff4ff -8.02790246593 0.770082163195 4.5005
4ff4ff4ff4ff- -8.20504857485 0.644909797446 4.5400
4fi -8.93404154842 2.32983868596 5.5279
4fi4fi -8.7294119418 1.77309377222 5.3520
4fi4fi- -8.8499583723 1.53227302507 5.2917
4fi4fi-4fi -8.66383250671 1.4661493623 5.2313
4fi4fi-4fi-4fi -8.57621185068 1.18641633623 5.0996
4fi4fi-4fi-4fi- -8.71825527442 0.965459899299 5.0758
4fi4fi-4fi4fi -8.52587079054 1.35948073757 5.1791
4fi4fi-4fi4fi- -8.73594267393 1.16355877379 5.1916
4fi4fi4fi -8.53212940883 1.38995748749 5.1714
4fi4fi4fi-4fi -8.65621331922 1.22151902141 5.1790
4fi4fi4fi-4fi- -8.7879164171 0.988861689418 5.1413
4fi4fi4fi4fi -8.45076737109 1.25961495881 5.1099
4fi4fi4fi4fi- -8.63389998446 1.10804755072 5.1963
4fl -8.61430778808 2.22834022417 5.3292
4ia -9.51554882148 2.46426292222 5.7720
4ia4ia -9.03934960395 1.66969051356 5.5750
4ia4ia- -9.03200253031 1.65989441537 5.5732
4ia4ia-4ia -8.75118104889 1.28873113954 5.4412
4ia4ia-4ia-4ia -8.60995396667 1.09335340343 5.3401
4ia4ia-4ia-4ia- -8.60696071444 1.09362551727 5.3506
4ia4ia-4ia4ia -8.60206266535 1.08083616686 5.3276
4ia4ia-4ia4ia- -8.60423957605 1.08165250838 5.3166
4ia4ia4ia -8.74383397525 1.2849215458 5.4470
4ia4ia4ia-4ia -8.6066886006 1.08627844363 5.3200
4ia4ia4ia-4ia- -8.6102260805 1.0952582003 5.3421
4ia4ia4ia4ia -8.61131453586 1.10151681859 5.3562
4ia4ia4ia4ia- -8.60015786848 1.08573421595 5.3274
4ie -9.09377237167 1.43648895389 4.3105
4ie4ie -8.99934886968 1.17362698582 4.2780
4ie4ie- -9.00043732503 1.18206251481 4.2782
4ie4ie-4ie -8.95553854167 0.999746242961 4.2623
4ie4ie-4ie-4ie -8.91472146588 0.940425426149 4.2792
4ie4ie-4ie-4ie- -8.91499357972 0.956208028787 4.2776
4ie4ie-4ie4ie -8.91444935204 0.95566380111 4.2774
4ie4ie-4ie4ie- -8.92342910872 0.982330957292 4.2765
4ie4ie4ie -8.94819146803 1.02668551298 4.2783
4ie4ie4ie-4ie -8.92424545023 0.985052095677 4.2766
4ie4ie4ie-4ie- -8.91444935204 0.931989897153 4.2789
4ie4ie4ie4ie -8.91499357972 0.930357214122 4.2788
4ie4ie4ie4ie- -8.91472146588 0.926275506543 4.2785
4if -8.93376943458 2.3301107998 5.5278
4if4if -8.72886771413 1.77173320303 5.3518
4if4if- -8.72124852665 1.81744832791 5.3908
4if4if-4if -8.66383250671 1.46642147613 5.2314
4if4if-4if-4if -8.57648396452 1.18641633623 5.0996
4if4if-4if-4if- -8.50981607407 1.16764048137 5.0631
4if4if-4if4if -8.65621331922 1.22151902141 5.1790
4if4if-4if4if- -8.62791348001 1.29036382257 5.1930
4if4if4if -8.53185729499 1.38968537365 5.1716
4if4if4if-4if -8.52478233519 1.35703171302 5.1778
4if4if4if-4if- -8.44804623271 1.38669212143 5.1325
4if4if4if4if -8.45076737109 1.25988707265 5.1099
4if4if4if4if- -8.44995102958 1.33335780907 5.1360
4ii -9.21785628206 2.48412723244 5.6786
4ii4ii -9.18547473527 2.29337543159 5.6235
4ii4ii4ii -9.16234505899 2.15269257705 5.5733
4ii4ii4ii4ii -9.15907969293 2.10534476913 5.5712
4il -8.81948162238 2.42099682189 5.5416
4la -9.05894180033 2.38915950278 5.6476
4la4la- -8.63444421214 1.60601587533 5.3434
4la4la-4la-4la- -8.10926450367 0.98069827426 4.8349
4le -8.76451462698 1.66179921224 4.3284
4le4le- -8.57947721674 1.40193049639 4.2901
4le4le-4le-4le- -8.30192110139 0.880016153984 4.2819
4lf -8.61376356041 2.22861233801 5.3286
4lf4lf- -8.32505077767 1.80520320517 5.1208
4lf4lf-4lf-4lf- -7.9487173389 0.991854941642 4.6459
4li -8.81920950854 2.42099682189 5.5415
4li4li- -8.61485201576 1.97037630519 5.4131
4li4li-4li-4li- -8.37403126861 1.57499489773 5.2115
4ll -8.49267290224 2.2835793334 5.3177
