12dd -9.20098522407 -0.149390497383 6.1682
12dd12dd -8.69947941956 -1.97064841903 4.2648
12dd12dd- -8.74328974757 -2.02180582069 4.2974
12dd12dd-12dd -8.57757241987 -2.48684837083 3.7358
12dd12dd-12dd-12dd -8.55362640208 -2.7222268412 3.5087
12dd12dd-12dd-12dd- -8.48505371475 -2.92223051256 3.3322
12dd12dd-12dd12dd- -8.50709493568 -2.77066310447 3.4564
12dd12dd-4dd12dd -8.66900266964 -2.81148018026 3.6593
12dd12dd12dd -8.56641575249 -2.57855073443 3.7106
12dd12dd12dd-12dd -8.58546372119 -2.81583400168 3.4953
12dd12dd12dd-12dd- -8.51525835084 -2.93556409065 3.3745
12dd12dd12dd12dd -8.55689176814 -2.9690340928 3.3853
12dd12dd12dd12dd- -8.48505371475 -2.92223051256 3.3322
12dh -7.49183820392 0.63647426845 5.2170
12dh12dh -6.86760905821 -0.340958639747 4.0298
12dh12dh- -6.83250637303 -0.359190266932 4.0638
12dh12dh-12dh -6.42705675354 -0.78259939977 3.3370
12dh12dh-12dh-12dh -6.28392487444 -1.03512104198 3.0094
12dh12dh-12dh-12dh- -6.38841658846 -1.12573495023 3.1109
12dh12dh-12dh12dh- -6.22950210672 -1.01824998398 3.0069
12dh12dh-4dh12dh -6.54978009474 -1.00029047064 3.3268
12dh12dh12dh -6.5579435099 -0.806273303727 3.4983
12dh12dh12dh-12dh -6.22378771611 -1.01389616257 3.0651
12dh12dh12dh-12dh- -6.3337217069 -1.09444185879 3.1447
12dh12dh12dh12dh -6.38787236078 -1.07893136999 3.1868
12dh12dh12dh12dh- -6.24501259552 -0.97307908678 3.1149
12hd -7.49183820392 0.63647426845 5.2170
12hd12hd -6.86760905821 -0.340958639747 4.0298
12hd12hd- -6.83250637303 -0.359190266932 4.0639
12hd12hd-12hd -6.42705675354 -0.78259939977 3.3370
12hd12hd-12hd-12hd -6.28392487444 -1.03512104198 3.0094
12hd12hd-12hd-12hd- -6.24501259552 -0.97307908678 3.1149
12hd12hd-12hd12hd- -6.22950210672 -1.01824998398 3.0069
12hd12hd-4hd12hd -6.66678904533 -1.1847836532 3.2405
12hd12hd12hd -6.5579435099 -0.806273303727 3.4983
12hd12hd12hd-12hd -6.3350822761 -1.09117649273 3.0788
12hd12hd12hd-12hd- -6.3337217069 -1.09444185879 3.1447
12hd12hd12hd12hd -6.38814447462 -1.07893136999 3.1872
12hd12hd12hd12hd- -6.38841658846 -1.12573495023 3.1110
12hh -6.69862636444 2.52222316984 6.1780
12hh12hh -5.74405101869 1.43485627086 4.6256
12hh12hh- -5.87983582414 1.11457828284 4.5294
12hh12hh-12hh -5.19111569868 0.86151241296 3.7407
12hh12hh-12hh-12hh- -5.04417422585 0.621780121167 3.4402
12hh12hh-12hh12hh- -5.09478739983 0.454157996598 3.3298
12hh12hh-4hh12hh -5.25941627217 0.491981820162 3.4615
12hh12hh12hh -5.27982481006 1.03757006652 3.9681
12hh12hh12hh-12hh -5.05152129949 0.586949549828 3.4297
12hh12hh12hh-12hh- -4.98430918136 0.714298826285 3.4804
12hh12hh12hh12hh -4.99410527955 0.800558913117 3.5515
12hh12hh12hh12hh- -5.04444633969 0.621508007328 3.4400
13aa -7.01863223862 2.82671855522 6.8762
13aa13aa -5.99847745777 1.537443188 4.9912
13aa13aa- -6.04446469649 1.56002863661 5.0239
13aa13aa-13aa -5.63357280022 1.09797933869 4.3220
13aa13aa-13aa-13aa- -5.74840484011 1.08219673605 4.3783
13aa13aa-13aa13aa- -5.41887498158 0.850083631739 3.9508
13aa13aa-4aa13aa -5.86568590454 0.388306447661 4.0271
13aa13aa13aa -6.00473607605 1.41798521287 4.8591
13aa13aa13aa-13aa -5.66187263944 1.03947486339 4.2821
13aa13aa13aa-13aa- -5.71058101654 1.02314803308 4.3061
13aa13aa13aa13aa -5.89888379284 1.2264170705 4.6079
13aa13aa13aa13aa- -5.74867695394 1.08246884989 4.3786
13ad13ad -7.38952340061 0.171975945986 4.9211
13ad13ad- -7.26190201032 -0.0838110622842 4.6149
13ad13ad-13ad-13ad -6.8118257213 -0.797837774731 3.7072
13ad13ad-13ad-13ad- -6.91795011834 -0.872124852665 3.7590
13ad13ad-13ad13ad- -6.82978523464 -0.739333299435 3.7646
13ad13ad-4ad13ad -7.11740956203 -1.19730088977 3.7224
13ad13ad13ad-13ad -6.97019597535 -0.80953866979 3.8218
13ad13ad13ad-13ad- -6.99985638376 -0.837566395164 3.8323
13ad13ad13ad13ad -7.34435250341 -0.514567268764 4.3589
13ad13ad13ad13ad- -7.07359923401 -0.873485421858 3.8683
13ae13ae -6.4218865906 0.964371443945 4.7948
13ae13ae- -6.32719097478 0.746952486916 4.5440
13ae13ae-13ae -5.96636802481 0.416878400712 3.9932
13ae13ae-13ae-13ae -5.83031110552 0.199731557521 3.7227
13ae13ae-13ae-13ae- -5.91276159861 0.237011153407 3.8290
13ae13ae-13ae13ae- -5.78024215922 0.224766030671 3.7037
13ae13ae-4ae13ae -6.0847375446 -0.265038878782 3.6581
13ae13ae13ae -6.10133648875 0.416334173035 4.1300
13ae13ae13ae-13ae -5.86242053847 0.183404727206 3.7430
13ae13ae13ae-13ae- -5.90813566336 0.164084644667 3.7710
13ae13ae13ae13ae -6.09861535037 0.414157262326 4.1332
13ae13ae13ae13ae- -5.91711542003 0.123539682718 3.7543
13af13af -6.08174429237 1.68465677468 5.0776
13af13af- -5.63547759709 1.68792214074 4.8362
13af13af-13af -5.15927837957 1.30641853905 4.1633
13af13af-13af-13af -4.93668925961 1.02886242369 3.7638
13af13af-13af-13af- -5.00118023935 0.915390953 3.7096
13af13af-13af13af- -4.88308283341 1.02831819601 3.7576
13af13af-4af13af -5.31792074746 0.605997518529 3.7429
13af13af13af -5.89099249152 1.25362845436 4.5913
13af13af13af-13af -5.19791854465 0.900424691877 3.8690
13af13af13af-13af- -5.49887645012 0.720013216896 3.9165
13af13af13af13af -5.829494764 1.01743364247 4.3504
13af13af13af13af- -5.57370775573 0.879199812468 4.0884
13ah13ah -5.57778946331 1.90234784555 4.8743
13ah13ah- -5.54921751026 1.80493109133 4.8229
13ah13ah-13ah -5.15410821664 1.44002643379 4.2493
13ah13ah-13ah-13ah -4.96498909882 1.22179113525 3.8961
13ah13ah-13ah-13ah- -4.96743812337 1.24709772223 3.9196
13ah13ah-13ah13ah- -4.92526047839 1.24845829143 3.9346
13ah13ah-4ah13ah -5.24662692176 0.798926230085 3.7844
13ah13ah13ah -5.29234204664 1.51893944698 4.3581
13ah13ah13ah-13ah -5.0501607303 1.18423942552 3.9454
13ah13ah13ah-13ah- -5.01859552502 1.16247031843 3.8938
13ah13ah13ah13ah -5.15138707825 1.30968390511 4.0762
13ah13ah13ah13ah- -5.13451602026 1.24002276243 4.0155
13ai13ai -6.13208535251 1.87867394159 5.3151
13ai13ai- -6.05045120094 1.82479540155 5.2067
13ai13ai-13ai-13ai -5.52118978489 1.18070194562 4.2687
13ai13ai-13ai-13ai- -5.60418450566 1.21199503706 4.3593
13ai13ai-13ai13ai- -5.43411335654 1.14641560196 4.1810
13ai13ai-4ai13ai -5.76554801194 0.574160199414 4.0812
13ai13ai13ai-13ai -5.50976100367 1.15185787873 4.2415
13ai13ai13ai-13ai- -5.57180295886 1.14287812206 4.2843
13ai13ai13ai13ai -5.76473167042 1.34260967958 4.5836
13ai13ai13ai13ai- -5.66105629792 1.26859471548 4.4452
13al13al -5.53016954156 1.6305061208 4.7239
13al13al- -5.65234865509 1.70778645096 4.8476
13al13al-13al -5.06812024364 1.26288032487 4.0513
13al13al-13al-13al -5.03220121695 0.950493638177 3.7510
13al13al-13al-13al- -5.14077463855 0.988861689418 3.8533
13al13al-13al13al- -4.82702738266 1.06233242584 3.7070
13al13al13al -5.20825887052 1.09362551727 3.9920
13al13al13al-13al- -5.09805276589 0.955119573433 3.7953
13al13al13al13al -5.01533015896 0.885458430755 3.6935
13al13al13al13al- -4.94784592699 0.868043145086 3.6167
13da13da -7.38952340061 0.171975945986 4.9212
13da13da- -7.26190201032 -0.0838110622842 4.6149
13da13da-13da-13da -6.81155360746 -0.797837774731 3.7071
13da13da-13da-13da- -7.13292005083 -0.757020698943 4.0087
13da13da-13da13da- -6.82978523464 -0.739333299435 3.7646
13da13da-4da13da -7.05291858228 -1.32818764613 3.5937
13da13da13da-13da -6.82026125029 -0.783687855125 3.7313
13da13da13da-13da- -7.00393809134 -0.847090379515 3.8269
13da13da13da13da -7.34435250341 -0.514567268764 4.3589
13da13da13da13da- -6.91767800451 -0.872124852665 3.7590
13dd -8.63009039072 0.318645304983 6.0620
13dd13dd -8.22926670648 -1.42859765257 4.3122
13dd13dd- -8.22899459265 -1.42859765257 4.3119
13dd13dd-13dd -8.0657262895 -1.68329620549 3.9586
13dd13dd-13dd-13dd -8.1574286531 -1.85200678541 3.9265
13dd13dd-13dd-13dd- -8.26137613944 -2.1382705436 3.8545
13dd13dd-13dd13dd- -8.01756214007 -1.86479613582 3.7897
13dd13dd-4dd13dd -8.22845036497 -2.55269991977 3.5819
13dd13dd13dd -8.06599840333 -1.68329620549 3.9589
13dd13dd13dd-13dd -8.14763255491 -1.99078484309 3.8045
13dd13dd13dd-13dd- -8.31688736251 -2.10915436287 3.8817
13dd13dd13dd13dd -8.01756214007 -1.86479613582 3.7897
13dd13dd13dd13dd- -8.26083191176 -2.13854265744 3.8539
13de13de -7.4910218624 -0.0555112230713 4.7738
13de13de- -7.31142672894 -0.611984022977 4.2359
13de13de-13de -7.0333263859 -0.921649571287 3.7254
13de13de-13de-13de -7.02189760468 -1.05607380755 3.6680
13de13de-13de-13de- -7.30108640307 -1.00682120276 3.9534
13de13de-13de13de- -6.8950925559 -1.131177227 3.4521
13de13de-4de13de -7.16502948378 -1.69418075903 3.4136
13de13de13de -7.51034194494 -0.350754737936 4.5900
13de13de13de-13de -7.0001284976 -1.11702730739 3.5761
13de13de13de-13de- -7.18053997258 -1.13253779619 3.7510
13de13de13de13de -7.59306455187 -0.496607755417 4.5329
13de13de13de13de- -7.06897329876 -1.22043056605 3.6336
13df13df -7.09972216252 0.0862600868314 4.5518
13df13df- -6.81454685968 0.0835389484456 4.4049
13df13df-13df -6.43494805486 -0.210888224903 3.8856
13df13df-13df-13df -6.30787089224 -0.468580030043 3.5655
13df13df-13df-13df- -6.66297945159 -0.547220929394 3.8508
13df13df-13df13df- -6.26596536109 -0.523274911599 3.5316
13df13df-4df13df -6.59658367498 -0.851444200932 3.5600
13df13df13df -6.92121548441 -0.583684183765 3.9253
13df13df13df-13df -6.46433634942 -0.654978009474 3.5690
13df13df13df-13df- -6.67740148504 -0.783959968963 3.6495
13df13df13df13df -6.96448158474 -0.726271835183 3.8433
13df13df13df13df- -6.67930628191 -0.887907455303 3.4947
13dh13dh -6.49508521318 0.385585309275 4.2910
13dh13dh- -6.615087416 0.248167820789 4.3504
13dh13dh-13dh -6.38678390543 -0.10585228321 3.9628
13dh13dh-13dh-13dh -6.17154185911 -0.30776075144 3.5296
13dh13dh-13dh-13dh- -6.22542039915 -0.421504335968 3.5727
13dh13dh-13dh13dh- -6.27249609322 -0.286807985868 3.7317
13dh13dh-4dh13dh -6.4267846397 -0.687631670104 3.4819
13dh13dh13dh -6.34705528499 -0.0383680512405 3.8800
13dh13dh13dh-13dh -6.29236040344 -0.337965387522 3.6680
13dh13dh13dh-13dh- -6.24800584775 -0.421504335968 3.5648
13dh13dh13dh13dh -6.31276894133 -0.288712782739 3.6618
13dh13dh13dh13dh- -6.15657559798 -0.380415146342 3.4562
13di13di -7.28557591427 0.396469862818 4.9789
13di13di- -7.029788906 0.0470756940752 4.5209
13di13di-13di -6.71930701618 -0.31918953266 3.9669
13di13di-13di-13di -6.67468034665 -0.507220195122 3.8089
13di13di-13di-13di- -6.98706703334 -0.419599539098 4.1327
13di13di-13di13di- -6.56202521748 -0.534703692819 3.6847
13di13di-4di13di -6.88584068539 -1.01988266702 3.6927
13di13di13di -7.21618688543 0.0100682120276 4.6371
13di13di13di-13di -6.68719758322 -0.559738165969 3.7685
13di13di13di-13di- -6.87686092872 -0.554568003036 3.9313
13di13di13di13di -7.23577908181 -0.207350745002 4.4770
13di13di13di13di- -6.76284523035 -0.658787603214 3.7697
13dl13dl -7.10325964242 0.327625061656 4.7341
13dl13dl- -6.73046368356 0.261773512719 4.4606
13dl13dl-13dl -6.23603283885 -0.108029193918 3.7720
13dl13dl-13dl-13dl -6.33943609751 -0.385313195436 3.6185
13dl13dl-13dl-13dl- -6.06187998216 -0.280549367581 3.4929
13dl13dl-13dl13dl- -6.06160786832 -0.280549367581 3.4929
13dl13dl13dl -6.9987679284 -0.0206806517325 4.4054
13dl13dl13dl-13dl -6.20174649519 -0.399191001204 3.5332
13dl13dl13dl13dl -7.00938036811 -0.210888224903 4.2618
13dl13dl13dl13dl- -6.45127488517 -0.483274177327 3.6287
13ea13ea -6.42297504596 0.966004126976 4.7970
13ea13ea- -6.32719097478 0.746952486916 4.5440
13ea13ea-13ea -5.96636802481 0.416878400712 3.9932
13ea13ea-13ea-13ea -5.83058321936 0.199731557521 3.7228
13ea13ea-13ea-13ea- -5.97126607391 0.246807251597 3.8992
13ea13ea-13ea13ea- -5.78024215922 0.224766030671 3.7036
13ea13ea-4ea13ea -6.03602916749 -0.332523110751 3.5902
13ea13ea13ea -6.10160860259 0.416334173035 4.1302
13ea13ea13ea-13ea -5.82568517026 0.211160338742 3.7322
13ea13ea13ea-13ea- -5.90813566336 0.164356758505 3.7710
13ea13ea13ea13ea -6.09861535037 0.414157262326 4.1333
13ea13ea13ea13ea- -5.91276159861 0.237011153407 3.8290
13ed13ed -7.49074974857 -0.0555112230713 4.7736
13ed13ed- -7.31142672894 -0.611711909139 4.2360
13ed13ed-13ed -7.03359849974 -0.921377457449 3.7257
13ed13ed-13ed-13ed -7.02189760468 -1.05607380755 3.6680
13ed13ed-13ed-13ed- -7.06897329876 -1.22043056605 3.6337
13ed13ed-13ed13ed- -6.8950925559 -1.131177227 3.4521
13ed13ed-4ed13ed -7.19251298148 -1.6079206722 3.5026
13ed13ed13ed -7.51088617262 -0.350210510259 4.5908
13ed13ed13ed-13ed -7.06598004653 -1.15321844792 3.5901
13ed13ed13ed-13ed- -7.18026785874 -1.13253779619 3.7509
13ed13ed13ed13ed -7.59306455187 -0.496335641579 4.5331
13ed13ed13ed13ed- -7.30135851691 -1.00682120276 3.9535
13ee -7.25074534293 1.48084350958 5.8600
13ee13ee -6.76121254732 0.706951752644 4.7939
13ee13ee- -6.52229659704 0.145580903643 4.2101
13ee13ee-13ee -6.20800511348 -0.011156667382 3.8034
13ee13ee-13ee-13ee -6.13779974312 -0.118369519784 3.6826
13ee13ee-13ee-13ee- -6.34378991893 -0.0838110622842 3.9211
13ee13ee-13ee13ee- -6.04936274558 -0.126260821103 3.6037
13ee13ee-4ee13ee -6.29698633869 -0.785048424317 3.4573
13ee13ee13ee -6.6496458735 0.490621250969 4.5723
13ee13ee13ee-13ee -6.1609294194 -0.146669358997 3.6733
13ee13ee13ee-13ee- -6.27140763787 -0.188030662462 3.7693
13ee13ee13ee13ee -6.62406717267 0.378510349472 4.4615
13ee13ee13ee13ee- -6.34351780509 -0.0838110622842 3.9209
13ef13ef -6.26787015796 0.856614363865 4.5086
13ef13ef- -6.04228778578 0.857430705381 4.4188
13ef13ef-13ef -5.55819726694 0.620963779651 3.8575
13ef13ef-13ef-13ef -5.40499717581 0.410619782425 3.5862
13ef13ef-13ef-13ef- -5.68010426662 0.410891896263 3.8386
13ef13ef-13ef13ef- -5.34349944829 0.346945144196 3.5068
13ef13ef-4ef13ef -5.68228117733 0.0628582967131 3.5620
13ef13ef13ef -6.00609664525 0.466947347012 4.0363
13ef13ef13ef-13ef -5.52227824024 0.244630340888 3.5485
13ef13ef13ef-13ef- -5.69724743845 0.162996189312 3.6338
13ef13ef13ef13ef -5.90160493123 0.244358227049 3.7855
13ef13ef13ef13ef- -5.77833736235 0.131975211714 3.6059
13eh13eh -5.82214769036 1.13308202387 4.3536
13eh13eh- -5.89970013436 1.01035868267 4.4037
13eh13eh-13eh -5.55030596562 0.715659395478 3.9351
13eh13eh-13eh-13eh -5.35139074961 0.571439061028 3.6285
13eh13eh-13eh-13eh- -5.34159465142 0.551574750812 3.6302
13eh13eh-13eh13eh- -5.345676359 0.564908328902 3.6587
13eh13eh-4eh13eh -5.58023848786 0.216874729352 3.5637
13eh13eh13eh -5.56227897451 0.837566395164 3.9526
13eh13eh13eh-13eh -5.39901067136 0.55375166152 3.6529
13eh13eh13eh-13eh- -5.37043871831 0.525179708469 3.6205
13eh13eh13eh13eh -5.44744693463 0.676747116561 3.7419
13eh13eh13eh13eh- -5.42077977845 0.634841585419 3.6931
13ei13ei -6.43195480263 1.18995381613 4.9628
13ei13ei- -6.16637169617 0.835661598294 4.4733
13ei13ei-13ei -5.76799703648 0.502866373705 3.8629
13ei13ei-13ei-13ei -5.74922118162 0.437286938606 3.8318
13ei13ei-13ei-13ei- -5.94922485298 0.552663206166 4.1022
13ei13ei-13ei13ei- -5.60445661949 0.378510349472 3.6599
13ei13ei-4ei13ei -5.9465037146 -0.0677563458076 3.7301
13ei13ei13ei -6.25861828745 0.916751522193 4.6301
13ei13ei13ei-13ei -5.70595508129 0.337421159845 3.6926
13ei13ei13ei-13ei- -5.87221663666 0.408442871716 3.9117
13ei13ei13ei13ei -6.1954878769 0.772803301581 4.4631
13ei13ei13ei13ei- -5.94214989318 0.480553038941 4.0200
13el13el -6.4733161061 1.11104080294 4.8822
13el13el- -5.97398721229 1.01580095944 4.4669
13el13el-13el -5.7758883378 0.554840116875 3.9334
13el13el-13el-13el -5.65887938721 0.325448150948 3.6464
13el13el-13el-13el- -5.63574971093 0.396469862818 3.6884
13el13el-13el13el- -5.50540718225 0.440552304669 3.6504
13el13el13el -6.25725771826 0.864233551346 4.5619
13el13el13el-13el -5.67248507914 0.377694007956 3.7179
13el13el13el-13el- -5.62813052345 0.42885140961 3.7284
13el13el13el13el -5.80663720156 0.37116327583 3.8408
13el13el13el13el- -5.81344004753 0.559466052131 3.9678
13fa13fa -5.6186065391 1.64683295112 4.8136
13fa13fa- -5.63574971093 1.68792214074 4.8362
13fa13fa-13fa -5.15438033048 1.25879861729 4.1301
13fa13fa-13fa-13fa- -5.57370775573 0.879199812468 4.0883
13fa13fa-13fa13fa- -4.88253860573 1.02831819601 3.7574
13fa13fa-4fa13fa -5.18240805585 0.389122789176 3.5892
13fa13fa13fa -5.31193424302 1.09063226505 4.0777
13fa13fa13fa-13fa -4.96090739124 1.0106307965 3.7920
13fa13fa13fa-13fa- -5.46241319575 0.66341353847 3.8427
13fa13fa13fa13fa -5.1883945603 1.06886315796 3.9820
13fa13fa13fa13fa- -5.00118023935 0.915390953 3.7096
13fd13fd -7.00067272527 0.290073351932 4.6768
13fd13fd- -6.81454685968 0.0835389484456 4.4049
13fd13fd-13fd -6.4542681374 -0.305583840731 3.8357
13fd13fd-13fd-13fd -6.4578056173 -0.63647426845 3.5160
13fd13fd-13fd-13fd- -6.69019083545 -0.832396232231 3.5561
13fd13fd-13fd13fd- -6.26596536109 -0.523274911599 3.5317
13fd13fd-4fd13fd -6.53807919968 -1.05389689684 3.4637
13fd13fd13fd -6.89101084832 -0.11347147069 4.2958
13fd13fd13fd-13fd -6.43630862405 -0.581779386895 3.6324
13fd13fd13fd-13fd- -6.67740148504 -0.783959968963 3.6495
13fd13fd13fd13fd -6.75821929509 -0.555928572229 3.8879
13fd13fd13fd13fd- -6.55331757464 -0.660420286246 3.6740
13fe13fe -6.252631783 1.06042762897 4.7125
13fe13fe- -6.04228778578 0.857430705381 4.4188
13fe13fe-13fe -5.5911230414 0.529533529886 3.8186
13fe13fe-13fe-13fe -5.5375166152 0.266399447975 3.5274
13fe13fe-13fe-13fe- -5.77833736235 0.131975211714 3.6059
13fe13fe-13fe13fe- -5.34349944829 0.346945144196 3.5068
13fe13fe-4fe13fe -5.62921897881 -0.189391231655 3.4301
13fe13fe13fe -6.01181103586 0.77688500916 4.3173
13fe13fe13fe-13fe -5.47547466001 0.331978883074 3.6069
13fe13fe13fe-13fe- -5.69833589381 0.162996189312 3.6338
13fe13fe13fe13fe -5.91221737093 0.622052235005 4.1199
13fe13fe13fe13fe- -5.57751734947 0.297420425573 3.6567
13ff -6.58080107234 2.86427026494 6.0213
13ff13ff -5.78541232215 1.56057286428 4.8227
13ff13ff- -5.89398574375 1.47512911897 4.8837
13ff13ff-13ff -5.23302122983 1.25798227578 4.1729
13ff13ff-13ff-13ff -5.09505951366 0.790218587251 3.6785
13ff13ff-13ff-13ff- -5.34023408223 0.48463474652 3.6213
13ff13ff-13ff13ff- -5.10975366095 0.945323475244 3.8202
13ff13ff-4ff13ff -5.28962090825 0.534703692819 3.6629
13ff13ff13ff -5.36145896164 0.964915671622 4.0136
13ff13ff13ff-13ff -5.2335654575 0.755115902073 3.7472
13ff13ff13ff-13ff- -5.47901213991 0.427490840417 3.6753
13ff13ff13ff13ff -5.13914195551 0.636202154612 3.5837
13ff13ff13ff13ff- -5.24145675882 0.631576219356 3.6700
13fh13fh -5.73561548969 1.6544521386 4.8697
13fh13fh- -5.70595508129 1.51921156082 4.7601
13fh13fh-13fh -5.07764422799 1.37580756789 4.1476
13fh13fh-13fh-13fh -5.01805129734 0.982875184969 3.7250
13fh13fh-13fh-13fh- -5.18866667414 0.764639886424 3.7031
13fh13fh-13fh13fh- -4.92090665697 0.979065591229 3.7383
13fh13fh-4fh13fh -5.18975512949 0.595385078824 3.6393
13fh13fh13fh -5.38758189014 1.24981886062 4.3007
13fh13fh13fh-13fh -5.16009472109 0.846818265676 3.7394
13fh13fh13fh-13fh- -5.33533603313 0.584228411442 3.6775
13fh13fh13fh13fh -5.21370114729 1.01525673176 3.9955
13fh13fh13fh13fh- -5.18431285272 0.837838509003 3.8493
13fi13fi -5.79384785115 1.89364020271 5.0742
13fi13fi- -5.9465037146 1.71622197996 5.0241
13fi13fi-13fi -5.22159244861 1.32437805239 4.1822
13fi13fi-13fi-13fi -5.26023261368 1.10478218465 4.0082
13fi13fi-13fi-13fi- -5.67194085146 1.04328445713 4.2687
13fi13fi-13fi13fi- -4.96934292024 1.11430616901 3.8224
13fi13fi-4fi13fi -5.24744326327 0.55375166152 3.7099
13fi13fi13fi -5.48989669345 1.55186522145 4.5686
13fi13fi13fi-13fi -5.07492308961 1.11512251052 3.9036
13fi13fi13fi-13fi- -5.37533676741 1.05580169371 4.0722
13fi13fi13fi13fi -5.35139074961 1.39240651204 4.3330
13fi13fi13fi13fi- -5.33642448849 1.22070267989 4.1649
13fl13fl -6.0333080291 1.84003377651 5.2224
13fl13fl- -5.68935613713 1.73390937946 4.9105
13fl13fl-13fl -5.2300279776 1.31294927117 4.1931
13fl13fl-13fl13fl- -4.98022747378 1.08301307757 3.8105
13fl13fl13fl -5.38594920711 1.30015992076 4.2781
13fl13fl13fl-13fl -4.88689242715 1.0930812896 3.7399
13fl13fl13fl13fl -5.97480355381 1.5507767661 4.9933
13fl13fl13fl13fl- -5.31792074746 1.0416517741 4.0150
13ha13ha -5.57778946331 1.90234784555 4.8743
13ha13ha- -5.54921751026 1.80493109133 4.8229
13ha13ha-13ha -5.15410821664 1.44002643379 4.2493
13ha13ha-13ha-13ha -4.9655333265 1.22206324908 3.8966
13ha13ha-13ha-13ha- -5.13369967874 1.23975064859 4.0148
13ha13ha-13ha13ha- -4.92553259223 1.24845829143 3.9348
13ha13ha-4ha13ha -5.28689976987 0.666134676856 3.8168
13ha13ha13ha -5.2920699328 1.51893944698 4.3580
13ha13ha13ha-13ha -4.89042990705 1.23349203031 3.8875
13ha13ha13ha-13ha- -5.01859552502 1.16247031843 3.8938
13ha13ha13ha13ha -5.15138707825 1.30968390511 4.0762
13ha13ha13ha13ha- -4.96743812337 1.24709772223 3.9196
13hd13hd -6.49508521318 0.385585309275 4.2909
13hd13hd- -6.615087416 0.248167820789 4.3504
13hd13hd-13hd -6.38678390543 -0.10585228321 3.9629
13hd13hd-13hd-13hd -6.17154185911 -0.30776075144 3.5296
13hd13hd-13hd-13hd- -6.15657559798 -0.380415146342 3.4562
13hd13hd-13hd13hd- -6.27249609322 -0.286807985868 3.7317
13hd13hd-4hd13hd -6.50814667744 -0.74423134853 3.6109
13hd13hd13hd -6.34705528499 -0.0383680512405 3.8799
13hd13hd13hd-13hd -6.19712055993 -0.37116327583 3.6084
13hd13hd13hd-13hd- -6.24800584775 -0.421504335968 3.5648
13hd13hd13hd13hd -6.31304105517 -0.2884406689 3.6619
13hd13hd13hd13hd- -6.22569251298 -0.421504335968 3.5729
13he13he -5.82214769036 1.13308202387 4.3537
13he13he- -5.89970013436 1.01035868267 4.4038
13he13he-13he -5.55030596562 0.715659395478 3.9351
13he13he-13he-13he -5.35139074961 0.571439061028 3.6286
13he13he-13he-13he- -5.42077977845 0.63456947158 3.6929
13he13he-13he13he- -5.345676359 0.564908328902 3.6589
13he13he-4he13he -5.66323320863 0.143676106773 3.6584
13he13he13he -5.44309311321 0.644909797446 3.7293
13he13he13he-13he -5.27982481006 0.537969058882 3.6002
13he13he13he-13he- -5.37043871831 0.525179708469 3.6204
13he13he13he13he -5.44744693463 0.676747116561 3.7419
13he13he13he13he- -5.34132253758 0.551302636973 3.6300
13hf13hf -5.58187117089 1.66179921224 4.7066
13hf13hf- -5.70595508129 1.51921156082 4.7600
13hf13hf-13hf -5.11628439307 1.32682707694 4.1283
13hf13hf-13hf-13hf -4.88253860573 1.04410079865 3.7574
13hf13hf-13hf-13hf- -5.18431285272 0.837566395164 3.8493
13hf13hf-13hf13hf- -4.92090665697 0.979065591229 3.7382
13hf13hf-4hf13hf -5.12880162965 0.7306256566 3.6542
13hf13hf13hf -5.16744179473 1.24437658385 4.0733
13hf13hf13hf-13hf -5.09560374134 0.980426160421 3.8050
13hf13hf13hf-13hf- -5.33533603313 0.584228411442 3.6775
13hf13hf13hf13hf -4.9500228377 0.803280051503 3.5263
13hf13hf13hf13hf- -5.18866667414 0.764639886424 3.7031
13hh -6.05752616074 3.04577019528 6.0672
13hh13hh -5.31492749524 2.03922110636 4.7775
13hh13hh- -5.40744620036 2.05935753041 4.9000
13hh13hh-13hh -4.93995462567 1.76737938161 4.2953
13hh13hh-13hh-13hh -4.60471037653 1.60275050927 3.8886
13hh13hh-13hh-13hh- -4.6411736309 1.52927977285 3.8650
13hh13hh-13hh13hh- -4.63328232959 1.63023400696 3.9239
13hh13hh-4hh13hh -4.9726082863 1.02777396834 3.7093
13hh13hh13hh -4.92988641364 1.66452035062 4.2016
13hh13hh13hh-13hh -4.68688875579 1.5529536768 3.9261
13hh13hh13hh-13hh- -4.62239777604 1.49961936444 3.8401
13hh13hh13hh13hh -4.72933851461 1.47050318371 3.8852
13hh13hh13hh13hh- -4.6411736309 1.52927977285 3.8650
13hi13hi -5.62323247436 2.11867834722 5.0713
13hi13hi- -5.54921751026 1.88221142149 4.8618
13hi13hi-13hi -5.06893658516 1.52791920365 4.2038
13hi13hi-13hi-13hi -5.0226772326 1.44111488915 4.0870
13hi13hi-13hi-13hi- -5.20499350445 1.49172806312 4.2498
13hi13hi-13hi13hi- -4.80308136486 1.3420654519 3.8610
13hi13hi-4hi13hi -5.29479107119 0.810082897467 3.8840
13hi13hi13hi -5.39710587449 1.80357052214 4.6436
13hi13hi13hi-13hi -4.89587218382 1.36573935586 3.9550
13hi13hi13hi-13hi- -5.07873268335 1.37390277102 4.0740
13hi13hi13hi13hi -5.30295448634 1.65173100021 4.4380
13hi13hi13hi13hi- -5.10431138418 1.49961936444 4.2023
13hl13hl -5.52445515095 1.64275124354 4.6377
13hl13hl- -5.57153084503 1.87622491704 4.9021
13hl13hl-13hl -5.13533236177 1.50696643808 4.2489
13hl13hl-13hl-13hl -5.34105042374 1.57200164551 4.4414
13hl13hl-13hl-13hl- -5.56200686068 1.67431644881 4.6782
13hl13hl-13hl13hl- -4.89260681776 1.31784732027 3.9001
13hl13hl13hl -5.12390358055 1.22451227363 4.0234
13hl13hl13hl-13hl -4.8414494161 1.20083836968 3.7863
13hl13hl13hl-13hl- -5.06975292668 1.26832260164 3.9913
13hl13hl13hl13hl -4.91628072171 0.768721594002 3.4664
13hl13hl13hl13hl- -4.87573575976 1.00410006438 3.6237
13ia13ia -6.13208535251 1.87867394159 5.3150
13ia13ia- -6.05045120094 1.82479540155 5.2067
13ia13ia-13ia-13ia -5.52118978489 1.18070194562 4.2687
13ia13ia-13ia-13ia- -5.66105629792 1.26859471548 4.4452
13ia13ia-13ia13ia- -5.43411335654 1.14641560196 4.1810
13ia13ia-4ia13ia -5.78867768822 0.574432313253 4.1100
13ia13ia13ia-13ia -5.48173327829 1.12246958416 4.1995
13ia13ia13ia-13ia- -5.57180295886 1.14287812206 4.2843
13ia13ia13ia13ia -5.76473167042 1.34260967958 4.5836
13ia13ia13ia13ia- -5.60418450566 1.21199503706 4.3593
13id13id -7.28557591427 0.396469862818 4.9789
13id13id- -7.029788906 0.0470756940752 4.5209
13id13id-13id -6.71930701618 -0.31918953266 3.9670
13id13id-13id-13id -6.67468034665 -0.507220195122 3.8088
13id13id-13id-13id- -6.76284523035 -0.658787603214 3.7697
13id13id-13id13id- -6.56202521748 -0.534703692819 3.6847
13id13id-4id13id -7.00040061144 -0.896615098137 3.8643
13id13id13id -7.21618688543 0.0100682120276 4.6371
13id13id13id-13id -6.73536173265 -0.558649710615 3.8043
13id13id13id-13id- -6.87631670104 -0.554840116875 3.9308
13id13id13id13id -7.23577908181 -0.207350745002 4.4770
13id13id13id13id- -6.98706703334 -0.419599539098 4.1327
13ie13ie -6.43195480263 1.18968170229 4.9624
13ie13ie- -6.16637169617 0.835661598294 4.4732
13ie13ie-13ie -5.76799703648 0.502866373705 3.8628
13ie13ie-13ie-13ie -5.74922118162 0.437286938606 3.8317
13ie13ie-13ie-13ie- -5.94214989318 0.480553038941 4.0200
13ie13ie-13ie13ie- -5.60445661949 0.378510349472 3.6600
13ie13ie-4ie13ie -6.02432827243 -0.0247623593112 3.8104
13ie13ie13ie -6.25834617361 0.915935180677 4.6293
13ie13ie13ie-13ie -5.71194158574 0.371435389668 3.7373
13ie13ie13ie-13ie- -5.87221663666 0.408714985555 3.9118
13ie13ie13ie13ie -6.1954878769 0.772803301581 4.4632
13ie13ie13ie13ie- -5.94895273914 0.552663206166 4.1020
13if13if -6.02677729698 1.87622491704 5.1952
13if13if- -5.9465037146 1.71622197996 5.0241
13if13if-13if -5.1728840715 1.38288252769 4.1902
13if13if-13if-13if -5.14213520774 1.22723341202 4.0229
13if13if-13if-13if- -5.33669660233 1.22070267989 4.1651
13if13if-13if13if- -4.96934292024 1.11430616901 3.8224
13if13if13if -5.86078785544 1.50234050283 4.7653
13if13if13if-13if -5.16336008715 1.07022372715 3.9293
13if13if13if-13if- -5.37533676741 1.05607380755 4.0722
13if13if13if13if -5.80282760782 1.31267715733 4.5628
13if13if13if13if- -5.67194085146 1.04328445713 4.2687
13ih13ih -5.62323247436 2.11867834722 5.0713
13ih13ih- -5.54921751026 1.88221142149 4.8618
13ih13ih-13ih -5.06893658516 1.52791920365 4.2038
13ih13ih-13ih-13ih -5.0226772326 1.44111488915 4.0870
13ih13ih-13ih-13ih- -5.10431138418 1.49961936444 4.2022
13ih13ih-13ih13ih- -4.80308136486 1.3420654519 3.8610
13ih13ih-4ih13ih -5.25914415833 0.928180303413 3.8633
13ih13ih13ih -5.39710587449 1.80357052214 4.6436
13ih13ih13ih-13ih -4.98594186439 1.3456029318 3.9804
13ih13ih13ih-13ih- -5.07873268335 1.37390277102 4.0740
13ih13ih13ih13ih -5.30295448634 1.65173100021 4.4380
13ih13ih13ih13ih- -5.20499350445 1.49172806312 4.2498
13ii -6.76801539328 3.01121173778 6.8401
13ii13ii -6.13807185696 2.11541298116 5.4963
13ii13ii- -6.04555315184 2.06534403486 5.3824
13ii13ii-13ii -5.68826768178 1.66533669214 4.7796
13ii13ii-13ii-13ii -5.630579548 1.53308936659 4.6229
13ii13ii-13ii-13ii- -5.60418450566 1.42424383115 4.5233
13ii13ii-13ii13ii- -5.49833222245 1.44737350743 4.4617
13ii13ii-4ii13ii -5.85888305857 0.794844522507 4.3449
13ii13ii13ii -5.81371216137 1.64819352031 4.8664
13ii13ii13ii-13ii -5.53914929823 1.42506017267 4.4750
13ii13ii13ii-13ii- -5.59329995211 1.41308716377 4.5072
13ii13ii13ii13ii -5.75738459678 1.5388037572 4.7257
13ii13ii13ii13ii- -5.79303150963 1.66452035062 4.8393
13il13il -6.04419258265 1.79513499314 5.1753
13il13il- -5.76309898739 1.70479319873 4.9018
13il13il-13il -5.36717335225 1.23866219324 4.1967
13il13il-13il-13il -5.08308650477 1.0585228321 3.8437
13il13il-13il-13il- -5.25016440166 1.05253632765 3.9556
13il13il-13il13il- -5.0727461789 1.04437291249 3.8204
13il13il13il -5.76391532891 1.41852944054 4.6532
13il13il13il-13il -5.21261269193 0.985324209516 3.8794
13il13il13il-13il- -5.17125138847 1.01444039024 3.8751
13il13il13il13il -5.63683816629 1.24029487627 4.4027
13il13il13il13il- -5.40227603743 1.16736836753 4.1638
13la13la -5.75357500304 1.70697010944 4.8948
13la13la- -5.65234865509 1.70778645096 4.8476
13la13la-13la -5.12063821449 1.29172439176 4.1007
13la13la-13la-13la -4.87301462138 1.02069900853 3.6836
13la13la-13la-13la- -4.94839015467 0.868859486602 3.6177
13la13la13la -5.25832781681 1.10750332304 4.0299
13la13la13la-13la -5.02022820805 1.03648161117 3.8027
13la13la13la-13la- -5.09451528599 0.948860955146 3.7879
13la13la13la13la -4.99410527955 0.78259939977 3.5709
13la13la13la13la- -4.92689316142 0.929812986445 3.6395
13ld13ld- -6.73046368356 0.261773512719 4.4606
13ld13ld-13ld -6.29317674495 -0.0838110622842 3.8228
13ld13ld-13ld-13ld -6.2871902405 -0.352115307129 3.5952
13ld13ld-13ld-13ld- -6.45127488517 -0.483546291165 3.6287
13ld13ld-13ld13ld- -6.06160786832 -0.280549367581 3.4928
13ld13ld13ld -6.29344885879 -0.0838110622842 3.8230
13ld13ld13ld-13ld -6.06187998216 -0.280549367581 3.4928
13ld13ld13ld13ld -6.45127488517 -0.483546291165 3.6287
13ld13ld13ld13ld- -6.3527696756 -0.359734494609 3.6400
13le13le -6.1263709619 0.936343718571 4.5242
13le13le- -5.97371509845 1.01580095944 4.4668
13le13le-13le -5.72473093615 0.617154185911 3.9496
13le13le-13le-13le -5.58295962625 0.417150514551 3.6754
13le13le-13le-13le- -5.81344004753 0.559466052131 3.9678
13le13le-13le13le- -5.50540718225 0.440552304669 3.6504
13le13le13le -5.72473093615 0.617154185911 3.9496
13le13le13le-13le -5.50840043447 0.441368646185 3.6530
13le13le13le-13le- -5.62813052345 0.42885140961 3.7284
13le13le13le13le -5.50622352377 0.422592791322 3.6364
13le13le13le13le- -5.63574971093 0.396469862818 3.6885
13lf13lf- -5.68935613713 1.73390937946 4.9105
13lf13lf-13lf -5.12907374349 1.44329179985 4.2099
13lf13lf-13lf-13lf -4.96743812337 1.0811082807 3.7795
13lf13lf-13lf-13lf- -5.43003164896 1.10124470475 4.1690
13lf13lf-13lf13lf- -4.98022747378 1.08301307757 3.8105
13lh13lh- -5.57125873119 1.8759528032 4.9019
13lh13lh-13lh -5.19438106475 1.44900619046 4.2472
13lh13lh-13lh-13lh -4.90566828201 1.20655276029 3.8144
13lh13lh-13lh-13lh- -4.87573575976 1.00410006438 3.6237
13lh13lh-13lh13lh- -4.89260681776 1.31757520643 3.9001
13li13li -5.76309898739 1.70479319873 4.9018
13li13li- -5.76309898739 1.70479319873 4.9018
13li13li-13li -5.31574383676 1.27349276458 4.1908
13li13li-13li-13li -5.25125285701 1.11376194133 4.0094
13li13li-13li-13li- -5.40227603743 1.16736836753 4.1638
13li13li-13li13li- -5.0727461789 1.04437291249 3.8204
13li13li13li -5.44989595918 1.26179186952 4.2900
13li13li13li-13li -5.07247406506 1.04464502633 3.8203
13li13li13li-13li- -5.17125138847 1.01444039024 3.8751
13li13li13li13li -5.31329481221 0.994848193866 3.9693
13li13li13li13li- -5.25016440166 1.05253632765 3.9556
13ll -6.40147805271 2.91325075589 6.3072
13ll13ll -6.15412657344 1.97146476055 5.3442
13ll13ll- -5.41669807087 1.94017166911 4.8305
13ll13ll-13ll -5.30349871402 1.32220114168 4.2282
13ll13ll-13ll-13ll -5.15329187512 0.989133803256 3.8325
13ll13ll-13ll-13ll- -5.45588246363 1.476761802 4.4348
13ll13ll-13ll13ll- -4.96471698498 1.12519072255 3.8056
13ll13ll13ll -5.79684110337 1.43975431995 4.6623
13ll13ll13ll-13ll -5.15438033048 1.18859324694 3.9922
13ll13ll13ll-13ll- -5.32826107333 1.32029634481 4.2242
13ll13ll13ll13ll -5.99357940867 1.63594839757 4.9611
13ll13ll13ll13ll- -5.27193350874 1.09770722485 4.0000
4dd -9.16561042506 -1.26478512174 5.1633
4dd4dd -9.25595221947 -1.79948881456 4.8656
4dd4dd4dd -9.21622359903 -2.11024281823 4.6370
4dd4dd4dd4dd -9.20044099639 -2.29528022846 4.5273
4dh -7.35823030917 0.49415873087 5.0291
4dh4dh -7.36013510604 -0.00136056919292 4.6783
4dh4dh- -7.2921066464 -0.0206806517325 4.6161
4dh4dh-4dh -7.25645973354 -0.256603349786 4.5475
4dh4dh-4dh-4dh -7.25237802597 -0.38068726018 4.5026
4dh4dh-4dh-4dh- -7.15441704407 -0.394837179787 4.4938
4dh4dh-4dh4dh -7.22326184524 -0.397014090495 4.4798
4dh4dh-4dh4dh- -7.21591477159 -0.403544822621 4.5030
4dh4dh4dh -7.30489599681 -0.213881477128 4.6294
4dh4dh4dh-4dh -7.21645899927 -0.423953360515 4.4706
4dh4dh4dh-4dh- -7.24367038313 -0.43837539396 4.4265
4dh4dh4dh4dh -7.20094851047 -0.42694661274 4.4388
4dh4dh4dh4dh- -7.16258045923 -0.378510349472 4.4938
4hd -7.35795819534 0.49415873087 5.0291
4hd4hd -7.36067933372 -0.00163268303151 4.6784
4hd4hd- -7.2921066464 -0.0204085378939 4.6163
4hd4hd-4hd -7.25645973354 -0.256603349786 4.5475
4hd4hd-4hd-4hd -7.1658458253 -0.460688728724 4.4516
4hd4hd-4hd-4hd- -7.27441924689 -0.437014824767 4.4999
4hd4hd-4hd4hd -7.26026932728 -0.415789945358 4.4775
4hd4hd-4hd4hd- -7.21537054392 -0.403272708783 4.5021
4hd4hd4hd -7.30516811065 -0.214425704805 4.6292
4hd4hd4hd-4hd -7.20965615331 -0.428035068094 4.4621
4hd4hd4hd-4hd- -7.24367038313 -0.43837539396 4.4265
4hd4hd4hd4hd -7.20094851047 -0.427218726578 4.4388
4hd4hd4hd4hd- -7.15468915791 -0.394837179787 4.4939
4hh -6.0036476207 1.60846489988 4.5988
4hh4hh -5.90024436204 1.10859177839 4.2735
4hh4hh4hh -5.82976687784 0.849539404062 4.0597
4hh4hh4hh4hh -5.79031037125 0.708040207998 3.9615
6aa -8.55362640208 0.768449480164 5.1665
6aa6aa -7.79388456475 -0.122451227363 4.6771
6aa6aa- -7.81266041961 -0.120274316655 4.9473
6aa6aa-4aa6aa -7.18053997258 -0.539057514237 4.3207
6aa6aa-6aa -7.4542864942 -0.580146703863 4.4691
6aa6aa-6aa-6aa -7.25237802597 -0.830219321523 4.1411
6aa6aa-6aa-6aa- -7.2420377001 -0.829675093845 4.1346
6aa6aa-6aa6aa- -7.26734428709 -0.825865500105 4.1558
6aa6aa6aa -7.42408185811 -0.586133208312 4.4085
6aa6aa6aa-6aa -7.25509916435 -0.827226069298 4.1452
6aa6aa6aa-6aa- -7.24503095232 -0.827770296975 4.1380
6aa6aa6aa6aa -7.22870412201 -0.831035663038 4.1224
6aa6aa6aa6aa- -7.23877233404 -0.831579890715 4.1287
6ad6ad -8.6807035647 -1.30505796985 4.4336
6ad6ad- -8.73186096635 -1.30968390511 4.6268
6ad6ad-4ad6ad -8.37375915477 -1.68139140862 4.3654
6ad6ad-6ad -8.50274111426 -1.81989735246 4.3532
6ad6ad-6ad-6ad -8.35688809678 -2.10561688297 4.0386
6ad6ad-6ad-6ad- -8.45702598938 -1.87432012017 4.2268
6ad6ad-6ad6ad- -8.3802898869 -2.10643322449 4.0567
6ad6ad6ad -8.5579802235 -1.59295441108 4.4049
6ad6ad6ad-6ad -8.36668419497 -2.10343997226 4.0454
6ad6ad6ad-6ad- -8.46818265676 -1.87051052643 4.2705
6ad6ad6ad6ad -8.45457696483 -1.85989808673 4.2302
6ad6ad6ad6ad- -8.47879509647 -1.86234711128 4.2904
6ae6ae -7.75932610725 -0.325448150948 4.7084
6ae6ae- -7.75116269209 -0.31157034518 4.8387
6ae6ae-4ae6ae -7.31659689187 -0.703414272742 4.3296
6ae6ae-6ae -7.5459888578 -0.675658661206 4.4853
6ae6ae-6ae-6ae -7.40258486486 -0.891717049043 4.2226
6ae6ae-6ae-6ae- -7.39714258809 -0.892805504397 4.1884
6ae6ae-6ae6ae- -7.42734722418 -0.875118104889 4.2739
6ae6ae6ae -7.53183893819 -0.691169150006 4.3933
6ae6ae6ae-6ae -7.41727901215 -0.887091113787 4.2577
6ae6ae6ae-6ae- -7.39659836042 -0.891444935204 4.2150
6ae6ae6ae6ae -7.39741470193 -0.891717049043 4.1952
6ae6ae6ae6ae- -7.39904738496 -0.892533390559 4.2076
6af6af -7.56285991579 -0.0601371583273 4.6757
6af6af- -7.58245211217 -0.0987773234063 4.7175
6af6af-4af6af -6.91822223218 -0.570078491835 4.0739
6af6af-6af -7.29809315085 -0.516199951796 4.3055
6af6af-6af-6af -7.00121695295 -0.777429236837 3.9719
6af6af-6af-6af- -6.97754304899 -0.832396232231 3.9474
6af6af-6af6af- -7.18543802167 -0.746680373077 4.0725
6af6af6af -7.3957820189 -0.471573282268 4.3274
6af6af6af-6af -7.25591550587 -0.781783058254 4.0892
6af6af6af-6af- -7.22543875595 -0.83457314294 4.0527
6af6af6af6af -7.30788924904 -0.698244109809 4.1319
6af6af6af6af- -7.3386381128 -0.765184114101 4.1229
6ah6ah -6.92339239512 0.326264492463 4.5152
6ah6ah- -6.8880175961 0.304767499215 4.4711
6ah6ah-4ah6ah -6.49835057925 -0.0187758548624 4.0767
6ah6ah-6ah -6.71713010547 -0.054422767717 4.1449
6ah6ah-6ah-6ah -6.63087001864 -0.229391965927 3.9946
6ah6ah-6ah-6ah- -6.65127855653 -0.215786273998 4.0183
6ah6ah-6ah6ah- -6.61644798519 -0.248712048467 3.9655
6ah6ah6ah -6.74570205852 -0.0160547164765 4.1912
6ah6ah6ah-6ah -6.61236627761 -0.23265733199 3.9742
6ah6ah6ah-6ah- -6.63903343379 -0.222317006124 3.9944
6ah6ah6ah6ah -6.63631229541 -0.204085378939 4.0069
6ah6ah6ah6ah- -6.61263839145 -0.22122855077 3.9799
6ai6ai -7.72966569884 0.229391965927 4.8933
6ai6ai- -7.75143480593 0.223405461478 5.0139
6ai6ai-4ai6ai -7.22081282069 -0.120002202816 4.6636
6ai6ai-6ai -7.48639592715 -0.143948220611 4.7829
6ai6ai-6ai-6ai -7.32612087622 -0.328713517011 4.5463
6ai6ai-6ai-6ai- -7.32067859945 -0.318645304983 4.5312
6ai6ai-6ai6ai- -7.34816209715 -0.337693273684 4.5710
6ai6ai6ai -7.44530673752 -0.123811796556 4.6513
6ai6ai6ai-6ai -7.32122282713 -0.336060590652 4.5350
6ai6ai6ai-6ai- -7.32748144541 -0.327352947818 4.5450
6ai6ai6ai6ai -7.29020184953 -0.314291483566 4.4767
6ai6ai6ai6ai- -7.29428355711 -0.32490392327 4.4867
6al6al -7.08910972281 -0.0220412209254 4.5362
6al6al- -7.22788778049 0.0171431718308 4.6207
6al6al6al -6.75359335984 -0.435382141736 4.0494
6al6al6al6al -6.55032432242 -0.656610692505 3.7708
6al6al6al6al- -6.59359042275 -0.619331096619 3.7977
6da6da -8.79662405993 -0.909404448551 4.8636
6da6da- -8.7117245423 -1.24111121779 4.8376
6da6da-4da6da -8.43253574391 -1.50805489344 4.5487
6da6da-6da -8.50083631739 -1.73499783482 4.4019
6da6da-6da-6da -8.52940827044 -1.71350084157 4.4642
6da6da-6da-6da- -8.58981754261 -1.59377075259 4.6124
6da6da-6da6da- -8.39607248954 -2.00575110421 4.1339
6da6da6da -8.67308437722 -1.26777837397 4.8205
6da6da6da-6da -8.53022461196 -1.71731043531 4.4458
6da6da6da-6da- -8.53593900257 -1.68601734387 4.4770
6da6da6da6da -8.62274331708 -1.45934651633 4.7215
6da6da6da6da- -8.57185802926 -1.59431498027 4.5802
6dd -9.54139963614 -1.62642441322 4.7007
6dd6dd -9.51908630138 -2.15323680472 4.5931
6dd6dd6dd -9.48126247781 -2.47868495567 4.5291
6dd6dd6dd6dd -9.46303085063 -2.69038952209 4.4646
6de6de -8.52423810751 -1.37907293395 4.6415
6de6de6de -8.4839652594 -1.57363432854 4.5733
6de6de6de6de -8.46355672151 -1.68737791307 4.5223
6df6df -8.39661671721 -0.80191948231 4.7783
6df6df- -8.57457916765 -1.00464429206 4.8279
6df6df-4df6df -8.0883117381 -1.33254146755 4.4210
6df6df-6df -8.36505151194 -1.27403699225 4.5993
6df6df-6df-6df -8.17946987402 -1.51866733314 4.3202
6df6df-6df-6df- -8.14055759511 -1.53172879739 4.3514
6df6df-6df6df- -8.43770590684 -1.52873554517 4.4482
6df6df6df -8.39280712347 -1.1763481242 4.5976
6df6df6df-6df -8.40967818147 -1.5924101834 4.3905
6df6df6df-6df- -8.36369094275 -1.65091465869 4.3472
6df6df6df6df -8.38437159448 -1.36737203889 4.5267
6df6df6df6df- -8.43688956533 -1.61254660745 4.4067
6dh6dh -7.737829114 -0.302318474668 4.6196
6dh6dh- -7.67442658961 -0.46721946085 4.4415
6dh6dh-4dh6dh -7.53864178416 -0.735251591856 4.2827
6dh6dh-6dh -7.69102553376 -0.727632404376 4.3527
6dh6dh-6dh-6dh -7.63088837544 -0.937976401602 4.2104
6dh6dh-6dh-6dh- -7.61565000048 -0.850899973255 4.2539
6dh6dh-6dh6dh- -7.70653602256 -0.896887211976 4.2847
6dh6dh6dh -7.63605853837 -0.734979478018 4.3004
6dh6dh6dh-6dh -7.70191008731 -0.891444935204 4.2863
6dh6dh6dh-6dh- -7.64041235979 -0.887635341464 4.1689
6dh6dh6dh6dh -7.62789512321 -0.897703553492 4.2122
6dh6dh6dh6dh- -7.63116048928 -0.938248515441 4.2104
6di6di -8.68478527228 -0.718652647703 4.9081
6di6di- -8.68505738611 -0.718652647703 4.9062
6di6di-4di6di -8.47716241344 -0.969541606878 4.8495
6di6di-6di -8.63662112285 -0.941785995342 4.8914
6di6di-6di-6di -8.592538681 -1.10968023375 4.8866
6di6di-6di-6di- -8.58954542877 -1.15648381399 4.8880
6di6di-6di6di- -8.62383177243 -1.09117649273 4.8902
6di6di6di-6di -8.58138201361 -1.11267348597 4.8845
6di6di6di-6di- -8.54981680834 -1.15457901712 4.8419
6di6di6di6di -8.58872908726 -1.15675592782 4.8875
6di6di6di6di- -8.592538681 -1.10968023375 4.8866
6dl6dl -8.05130425605 -0.576609223961 4.7959
6dl6dl- -8.09048864881 -0.593480281954 4.7168
6dl6dl6dl -7.93946546839 -0.94233022302 4.5213
6dl6dl6dl6dl -7.85837554449 -1.17852503491 4.2648
6dl6dl6dl6dl- -7.90436278321 -1.02369226076 4.4179
6ea6ea -7.74599252916 -0.0829947207684 4.8779
6ea6ea- -7.72640033278 -0.272658066262 4.8180
6ea6ea-4ea6ea -7.34734575563 -0.543955563331 4.4570
6ea6ea-6ea -7.44639519288 -0.823416475558 4.2825
6ea6ea-6ea-6ea -7.41918380902 -0.71348248477 4.3754
6ea6ea-6ea-6ea- -7.46435470622 -0.649535732702 4.4776
6ea6ea-6ea6ea- -7.38925128677 -0.80191948231 4.2682
6ea6ea6ea -7.58000308762 -0.362999860672 4.7307
6ea6ea6ea-6ea -7.4042175479 -0.727904518215 4.3247
6ea6ea6ea-6ea- -7.43795966388 -0.673209636659 4.4037
6ea6ea6ea6ea -7.48857283786 -0.51919320402 4.5840
6ea6ea6ea6ea- -7.44394616833 -0.606813860044 4.4585
6ed6ed -8.48886330849 -1.38805269062 4.6127
6ed6ed6ed -8.41811371046 -1.60383896462 4.5352
6ed6ed6ed6ed -8.37239858558 -1.73853531472 4.4830
6ee -7.82844302225 -0.441912873862 4.7590
6ee6ee -7.63551431069 -0.650896301895 4.6594
6ee6ee6ee -7.5269408891 -0.773347529258 4.5486
6ee6ee6ee6ee -7.46081722632 -0.854709566995 4.4617
6ef6ef -7.43632698085 -0.0190479687009 4.6728
6ef6ef- -7.51115828646 -0.253337983723 4.5690
6ef6ef-4ef6ef -7.02244183236 -0.454430110437 4.2958
6ef6ef-6ef -7.34707364179 -0.422048563645 4.4385
6ef6ef-6ef-6ef -7.15142379185 -0.580146703863 4.2601
6ef6ef-6ef-6ef- -7.08448378756 -0.629399308647 4.2396
6ef6ef-6ef6ef- -7.31387575349 -0.590759143568 4.3019
6ef6ef6ef -7.38462535152 -0.32490392327 4.4771
6ef6ef6ef-6ef -7.35169957705 -0.683005734848 4.2594
6ef6ef6ef-6ef- -7.2956441263 -0.741782323982 4.2287
6ef6ef6ef6ef -7.3612235614 -0.493342389354 4.3818
6ef6ef6ef6ef- -7.39550990506 -0.683822076364 4.2883
6eh6eh -6.90216751571 0.230208307443 4.4234
6eh6eh- -6.90135117419 0.231296762797 4.4233
6eh6eh-4eh6eh -6.62433928651 0.064218865906 4.2438
6eh6eh-6eh -6.87686092872 0.0454430110437 4.3299
6eh6eh-6eh-6eh -6.80529498917 -0.0525179708469 4.2157
6eh6eh-6eh-6eh- -6.82706409626 0.0179595133466 4.3032
6eh6eh-6eh6eh- -6.79549889098 -0.05768813378 4.2383
6eh6eh6eh -6.8414861297 0.0103403258662 4.2877
6eh6eh6eh-6eh -6.83223425919 -0.0454430110437 4.2332
6eh6eh6eh-6eh- -6.81672377039 -0.0326536606302 4.2272
6eh6eh6eh6eh -6.80774401372 -0.117825292107 4.1990
6eh6eh6eh6eh- -6.8259756409 0.00843552899613 4.2468
6ei6ei -7.71660423459 0.068844801162 4.9120
6ei6ei- -7.71660423459 0.068844801162 4.9120
6ei6ei-4ei6ei -7.47877673967 -0.0323815467916 4.8683
6ei6ei-6ei -7.64340561201 -0.0171431718308 4.8978
6ei6ei-6ei-6ei -7.60231642239 -0.0900696805716 4.8954
6ei6ei-6ei-6ei- -7.55877820821 -0.21143245258 4.8449
6ei6ei-6ei6ei- -7.55877820821 -0.21143245258 4.8449
6ei6ei6ei -7.61945959422 -0.0843552899613 4.8956
6ei6ei6ei-6ei -7.60204430855 -0.0900696805716 4.8953
6ei6ei6ei-6ei- -7.57374446933 -0.150206838899 4.8772
6ei6ei6ei6ei -7.55877820821 -0.21143245258 4.8449
6ei6ei6ei6ei- -7.58490113672 -0.164356758505 4.8914
6el6el -7.13754598608 0.187758548624 4.6837
6el6el- -7.22054070685 0.178506678112 4.6867
6el6el6el -6.98135264273 -0.0759197609652 4.4474
6el6el6el6el -6.891555076 -0.201364240553 4.3311
6el6el6el6el- -6.90652133712 -0.158642367895 4.3344
6fa6fa -7.20366964886 -0.29796465325 4.2807
6fa6fa- -7.29890949236 -0.0408170757877 4.6201
6fa6fa-4fa6fa -7.08040207998 -0.392660269078 4.2539
6fa6fa-6fa -7.24775209071 -0.571711174867 4.2291
6fa6fa-6fa-6fa -7.1348248477 -0.637562723804 4.1159
6fa6fa-6fa-6fa- -6.96176044636 -0.399735228881 4.1546
6fa6fa-6fa6fa- -6.97999207354 -0.694434516069 3.9551
6fa6fa6fa -6.93019524108 -0.824777044751 3.7731
6fa6fa6fa-6fa -6.96121621868 -0.842736558097 3.7879
6fa6fa6fa-6fa- -6.7843422236 -0.629671422485 3.8059
6fa6fa6fa6fa -6.77617880844 -1.12002055962 3.4938
6fa6fa6fa6fa- -6.70542921041 -0.902873716425 3.5585
6fd6fd -7.99361612227 -1.35812016838 4.1005
6fd6fd- -8.24831467519 -0.781510944416 4.7642
6fd6fd-4fd6fd -8.26137613944 -1.2383900794 4.5177
6fd6fd-6fd -8.29865573532 -1.38451521072 4.4249
6fd6fd-6fd-6fd -8.28314524652 -1.48764635554 4.3463
6fd6fd-6fd-6fd- -8.152530604 -1.29852723773 4.3697
6fd6fd-6fd6fd- -8.13865279824 -1.5339057081 4.2278
6fd6fd6fd -7.82000749325 -1.96139654852 3.6409
6fd6fd6fd-6fd -8.14463930268 -1.79159751324 3.9511
6fd6fd6fd-6fd- -7.98164311337 -1.63649262525 3.9338
6fd6fd6fd6fd -7.71497155156 -2.3110628311 3.4009
6fd6fd6fd6fd- -7.83061993296 -2.01935679614 3.5936
6fe6fe -7.08094630766 -0.564364101225 4.0376
6fe6fe- -7.31333152581 0.0108845535434 4.6804
6fe6fe-4fe6fe -7.21264940553 -0.361911405318 4.3879
6fe6fe-6fe -7.29945372004 -0.508852878154 4.3625
6fe6fe-6fe-6fe -7.25020111526 -0.6114397953 4.2328
6fe6fe-6fe-6fe- -7.09727313797 -0.397830432011 4.2488
6fe6fe-6fe6fe- -7.12366818031 -0.605997518529 4.1771
6fe6fe6fe -6.80638344452 -1.13607527609 3.5320
6fe6fe6fe-6fe -7.07523191705 -0.879744040145 3.8324
6fe6fe6fe-6fe- -6.9261135335 -0.723278582959 3.8334
6fe6fe6fe6fe -6.66651693149 -1.42995822176 3.2997
6fe6fe6fe6fe- -6.77563458076 -1.12872820245 3.4932
6ff -7.2801336375 0.678379799592 4.8980
6ff6ff -6.91876645986 -0.401095798074 3.9631
6ff6ff- -7.01182939266 -0.0881648837015 4.3059
6ff6ff-4ff6ff -6.79658734634 -0.46531466398 3.9464
6ff6ff-6ff -6.9486989821 -0.599194672564 3.9762
6ff6ff-6ff-6ff -6.81291417665 -0.705319069612 3.8029
6ff6ff-6ff-6ff- -6.64991798734 -0.536064262012 3.7783
6ff6ff-6ff6ff- -6.76583848258 -0.709400777191 3.7556
6ff6ff6ff -6.75223279065 -0.933350466346 3.5304
6ff6ff6ff-6ff -6.78896815885 -0.907499651681 3.5540
6ff6ff6ff-6ff- -6.64692473511 -0.74804094227 3.5603
6ff6ff6ff6ff -6.65454392259 -1.24002276243 3.2948
6ff6ff6ff6ff- -6.61399896064 -1.01444039024 3.3648
6fh6fh -6.33589861761 -0.105035941694 3.7611
6fh6fh- -6.4959015547 0.329257744688 4.1779
6fh6fh-4fh6fh -6.40474341877 -0.0127893504135 3.9525
6fh6fh-6fh -6.45018642982 -0.204901720454 3.9069
6fh6fh-6fh-6fh -6.43821342092 -0.284358961321 3.8139
6fh6fh-6fh-6fh- -6.30814300608 -0.00380959374019 3.8415
6fh6fh-6fh6fh- -6.26269999503 -0.274290749294 3.6864
6fh6fh6fh -6.11276526997 -0.600827355595 3.3512
6fh6fh6fh-6fh -6.24855007543 -0.472661737622 3.4469
6fh6fh6fh-6fh- -6.08500965844 -0.256603349786 3.4668
6fh6fh6fh6fh -5.97208241542 -0.889540138334 3.1316
6fh6fh6fh6fh- -5.9620142034 -0.628038739454 3.2128
6fi6fi -7.0333263859 -0.152655863446 4.2515
6fi6fi- -7.2921066464 0.383408398566 4.8788
6fi6fi-4fi6fi -7.19849948593 0.208711314195 4.7126
6fi6fi-6fi -7.33999868199 -0.0628582967131 4.6448
6fi6fi-6fi-6fi -7.2349627403 -0.12109065817 4.5301
6fi6fi-6fi-6fi- -7.07468768937 0.118913747462 4.5595
6fi6fi-6fi6fi- -7.15305647488 -0.097688868052 4.5166
6fi6fi6fi -6.76202888884 -0.660964513923 3.7920
6fi6fi6fi-6fi -6.9846180088 -0.416062059196 4.0608
6fi6fi6fi-6fi- -6.80856035523 -0.247351479274 4.0541
6fi6fi6fi6fi -6.6221623758 -0.934438921701 3.5501
6fi6fi6fi6fi- -6.63331904318 -0.678379799592 3.6857
6fl6fl -6.4529075682 -0.279460912227 3.7655
6fl6fl- -6.81509108736 0.34803359955 4.4718
6fl6fl6fl -6.14922852434 -0.781238830577 3.2886
6fl6fl6fl6fl -5.96364688643 -1.06804681645 3.0258
6fl6fl6fl6fl- -6.15929673637 -0.799470457762 3.2503
6ha6ha -6.58461066608 0.26340619575 4.1624
6ha6ha- -6.79604311866 0.334972135298 4.4347
6ha6ha-4ha6ha -6.3146737382 -0.109389763111 3.8138
6ha6ha-6ha -6.58923660133 -0.025578700827 4.0739
6ha6ha-6ha-6ha -6.36174943228 -0.285991644353 3.6974
6ha6ha-6ha-6ha- -6.27004706867 -0.330074086203 3.6182
6ha6ha-6ha6ha- -6.47386033377 -0.219323753899 3.8742
6ha6ha6ha -6.34977642338 -0.145580903643 3.7646
6ha6ha6ha-6ha -6.40011748352 -0.258236032817 3.7544
6ha6ha6ha-6ha- -6.32147658417 -0.299325222443 3.6938
6ha6ha6ha6ha -6.22623674066 -0.363816202188 3.5537
6ha6ha6ha6ha- -6.29780268021 -0.323271240239 3.6100
6hd6hd -7.42870779337 -0.657427034021 4.1151
6hd6hd- -7.54816576851 -0.45388588276 4.3873
6hd6hd-4hd6hd -7.34516884492 -1.0070933166 3.9251
6hd6hd-6hd -7.47605560128 -0.813620377369 4.1975
6hd6hd-6hd-6hd -7.38408112384 -1.17172218895 3.8495
6hd6hd-6hd-6hd- -7.23931656171 -1.2313151196 3.7210
6hd6hd-6hd6hd- -7.41782323982 -1.00600486125 4.1069
6hd6hd6hd -7.31251518429 -1.13280991003 3.7925
6hd6hd6hd-6hd -7.42789145185 -1.20410373574 3.9437
6hd6hd6hd-6hd- -7.27904518215 -1.25335634052 3.8185
6hd6hd6hd6hd -7.24312615545 -1.39295073972 3.6394
6hd6hd6hd6hd- -7.38353689616 -1.34315390726 3.7293
6he6he -6.60610765933 0.0266671561813 4.0525
6he6he- -6.7808047437 0.214153590966 4.3797
6he6he-4he6he -6.48093529358 -0.210071883388 3.9051
6he6he-6he -6.66597270381 -0.0555112230713 4.2044
6he6he-6he-6he -6.52148025553 -0.370346934314 3.7998
6he6he-6he-6he- -6.36909650592 -0.44028019083 3.6794
6he6he-6he6he- -6.60501920397 -0.205173834293 4.1139
6he6he6he -6.43712496556 -0.363816202188 3.7349
6he6he6he-6he -6.58597123527 -0.373884414216 3.8849
6he6he6he-6he- -6.42515195667 -0.424769702031 3.8055
6he6he6he6he -6.3421572359 -0.573888085576 3.5771
6he6he6he6he- -6.50025537612 -0.51157401654 3.6783
6hf6hf -6.45889407265 0.128709845651 3.9430
6hf6hf- -6.58678757679 0.170071149116 4.1537
6hf6hf-4hf6hf -6.19467153539 -0.279733026065 3.5912
6hf6hf-6hf -6.45617293427 -0.148846269706 3.9331
6hf6hf-6hf-6hf -6.20120226751 -0.457423362661 3.5049
6hf6hf-6hf-6hf- -5.95112964985 -0.551574750812 3.3090
6hf6hf-6hf6hf- -6.36283788763 -0.293610831833 3.7215
6hf6hf6hf -6.3576677247 -0.270481155553 3.6169
6hf6hf6hf-6hf -6.35712349702 -0.388306447661 3.5894
6hf6hf6hf-6hf- -6.23113478976 -0.489260681776 3.4765
6hf6hf6hf6hf -6.30623820921 -0.494702958547 3.4440
6hf6hf6hf6hf- -6.29399308647 -0.429123523448 3.4732
6hh -6.32637463326 1.10070047708 4.4611
6hh6hh -6.01616485727 0.417966856066 3.8429
6hh6hh6hh -5.85235232645 0.072110167225 3.5320
6hh6hh6hh6hh -5.76119419052 -0.120818544332 3.3702
6hi6hi -6.55603871303 0.424769702031 4.2663
6hi6hi- -6.80366230614 0.679196141108 4.6785
6hi6hi-4hi6hi -6.35848406621 0.330346200042 4.1465
6hi6hi-6hi -6.71087148718 0.466947347012 4.5130
6hi6hi-6hi-6hi -6.47304399226 0.157826026379 4.0748
6hi6hi-6hi-6hi- -6.34433414661 0.0380959374019 3.9353
6hi6hi-6hi6hi- -6.65862563017 0.365720999058 4.4291
6hi6hi6hi -6.39140984068 0.0802735823825 3.9788
6hi6hi6hi-6hi -6.55005220858 0.157009684863 4.1188
6hi6hi6hi-6hi- -6.41508374464 0.0917023636031 4.0654
6hi6hi6hi6hi -6.29616999718 -0.108573421595 3.8252
6hi6hi6hi6hi- -6.39140984068 -0.0182316271852 3.9100
6hl6hl -6.0847375446 0.263678309589 3.8061
6hl6hl- -6.32419772255 0.536064262012 4.2499
6hl6hl6hl -5.84201200058 -0.103403258662 3.4566
6hl6hl6hl6hl -5.69996857684 -0.311026117503 3.2668
6hl6hl6hl6hl- -5.85235232645 -0.216058387836 3.3752
6ia6ia -7.72259073904 0.239460177955 4.9533
6ia6ia- -7.6948351275 0.211976680258 4.9888
6ia6ia-4ia6ia -7.20584655957 -0.140682854548 4.6311
6ia6ia-6ia -7.42163283356 -0.143948220611 4.7230
6ia6ia-6ia-6ia -7.2921066464 -0.324359695593 4.5327
6ia6ia-6ia-6ia- -7.30788924904 -0.321366443369 4.5483
6ia6ia-6ia6ia- -7.28040575134 -0.332795224589 4.5152
6ia6ia6ia -7.45619129107 -0.110206104627 4.7677
6ia6ia6ia-6ia -7.28149420669 -0.324087581755 4.5196
6ia6ia6ia-6ia- -7.29509989862 -0.323543354077 4.5294
6ia6ia6ia6ia -7.31441998116 -0.299597336282 4.5693
6ia6ia6ia6ia- -7.29428355711 -0.310209775987 4.5440
6id6id -8.58383103816 -0.804640620696 4.8272
6id6id- -8.62600868314 -0.766000455617 4.9026
6id6id-4id6id -8.38546004983 -1.1657356845 4.7777
6id6id-6id -8.53838802712 -1.03430470046 4.8058
6id6id-6id-6id -8.43444054078 -1.32709919078 4.6619
6id6id-6id-6id- -8.39852151408 -1.34478659029 4.6143
6id6id-6id6id- -8.48587005627 -1.20845755716 4.7623
6id6id6id -8.46600574605 -1.16301454611 4.6990
6id6id6id-6id -8.47172013666 -1.30669065288 4.7173
6id6id6id-6id- -8.40722915692 -1.34451447645 4.6432
6id6id6id6id -8.39688883105 -1.38124984466 4.6057
6id6id6id6id- -8.43117517471 -1.36356244515 4.6513
6ie6ie -7.60340487774 -0.0302046360829 4.8939
6ie6ie- -7.66408626374 0.0234017901183 5.0070
6ie6ie-4ie6ie -7.37020331807 -0.212793021773 4.7564
6ie6ie-6ie -7.57401658317 -0.102586917147 4.9100
6ie6ie-6ie-6ie -7.45918454329 -0.350210510259 4.6831
6ie6ie-6ie-6ie- -7.37074754575 -0.401367911913 4.5808
6ie6ie-6ie6ie- -7.51986592929 -0.187758548624 4.8722
6ie6ie6ie -7.45210958349 -0.318917418822 4.6722
6ie6ie6ie-6ie -7.51170251414 -0.343679778133 4.7688
6ie6ie6ie-6ie- -7.40367332022 -0.392388155239 4.6620
6ie6ie6ie6ie -7.3576860815 -0.487083771067 4.5252
6ie6ie6ie6ie- -7.44476250984 -0.449532061342 4.6060
6if6if -7.40013584032 0.168166352245 4.7146
6if6if- -7.49265454544 0.241364974825 4.8550
6if6if-4if6if -6.98434589496 -0.115920495237 4.4339
6if6if-6if -7.3027190861 0.00489804909453 4.6769
6if6if-6if-6if -7.0537349238 -0.29415505951 4.3490
6if6if-6if-6if- -6.9535970312 -0.376333438763 4.2535
6if6if-6if6if- -7.26924908396 -0.131158870198 4.5796
6if6if6if -7.31387575349 -0.171431718308 4.4686
6if6if6if-6if -7.30843347671 -0.261229285042 4.4789
6if6if6if-6if- -7.20829558411 -0.379326690987 4.3742
6if6if6if6if -7.2730586777 -0.359734494609 4.3339
6if6if6if6if- -7.32802567309 -0.355924900869 4.3749
6ih6ih -6.80992092443 0.527356619178 4.5362
6ih6ih- -6.85101011405 0.676202888884 4.6813
6ih6ih-4ih6ih -6.55848773757 0.442729215378 4.3900
6ih6ih-6ih -6.78216531289 0.496335641579 4.5498
6ih6ih-6ih-6ih -6.69917059212 0.262861968073 4.3348
6ih6ih-6ih-6ih- -6.65699294714 0.208167086517 4.2657
6ih6ih-6ih6ih- -6.74298092013 0.404633277976 4.4831
6ih6ih6ih -6.69835425061 0.26150139888 4.3213
6ih6ih6ih-6ih -6.71794644698 0.264766764943 4.3770
6ih6ih6ih-6ih- -6.68447644484 0.224221802994 4.3210
6ih6ih6ih6ih -6.62869310793 0.115104153721 4.2006
6ih6ih6ih6ih- -6.66651693149 0.157281798702 4.2526
6ii -7.96395571386 0.858791274574 5.1060
6ii6ii -7.6616372392 0.505587512091 5.0169
6ii6ii6ii6ii -7.37564559484 0.109389763111 4.8320
6il6il- -7.17972363106 0.516744179473 4.9049
6il6il6il6il -6.69345620151 -0.109389763111 4.2443
6la6la6la6la -6.92475296431 -0.110478218465 4.3374
6ld6ld -8.10300588538 -0.589126460536 4.8225
6ld6ld6ld -8.03171205967 -0.92301014048 4.5604
6ld6ld6ld6ld -7.9917113254 -1.10559852617 4.4154
6le6le -7.20149273815 0.104763827855 4.6717
6le6le6le -7.06271468047 -0.160275050927 4.4037
6le6le6le6le -6.97835939051 -0.300957905475 4.2561
6lf6lf -6.90026271884 0.18068358882 4.3885
6lf6lf6lf -6.78651913431 -0.115648381399 4.1485
6lf6lf6lf6lf -6.72093969921 -0.282998392128 4.0194
6lh6lh -6.44419992537 0.510213447347 4.2413
6lh6lh6lh -6.3146737382 0.274834976971 4.0084
6lh6lh6lh6lh -6.24038666027 0.152383749608 3.8867
6li6li -7.20013216896 0.581779386895 4.9165
6li6li6li -7.03768020732 0.360822949964 4.6887
6li6li6li6li -6.95468548655 0.25959660201 4.5772
6ll -6.98516223647 0.831579890715 4.8261
6ll6ll -6.64447571057 0.363271974511 4.3562
6ll6ll6ll -6.43930187627 0.106124397048 4.0495
6ll6ll6ll6ll -6.31249682749 -0.0326536606302 3.8733
