12dd -9.30318595053 0.164268736074 5.41786979531
12dd12dd -8.61955085974 -1.22705480756 3.80704568876
12dd12dd- -8.65804776978 -1.29632292911 3.78637460229
12dd12dd-12dd -8.43091726824 -1.66845674961 3.31362387512
12dd12dd-12dd-12dd -8.37393569935 -1.85829004131 3.1281976888
12dd12dd-12dd-12dd- -8.35503749506 -2.08138369638 2.98579247628
12dd12dd-12dd12dd- -8.33084118273 -1.89796975069 3.08452274943
12dd12dd-4dd12dd -8.54184513439 -1.83663333182 3.40514598164
12dd12dd12dd -8.44765405175 -1.7751417781 3.30093609327
12dd12dd12dd-12dd -8.40863426061 -1.94741377546 3.11218220364
12dd12dd12dd-12dd- -8.38445100877 -2.1020977406 3.00365487612
12dd12dd12dd12dd -8.43380361314 -2.13476277173 3.02285035648
12dd12dd12dd12dd- -8.3550348035 -2.08138525833 2.98578903192
12dh -8.12754784357 0.731769349095 4.85386153506
12dh12dh -7.29846676743 -0.116916836375 3.56741042444
12dh12dh- -7.29068704911 -0.172404092834 3.5594714292
12dh12dh-12dh -6.85772036911 -0.531011668791 2.91268129762
12dh12dh-12dh-12dh -6.70387330423 -0.74725533406 2.63478982809
12dh12dh-12dh-12dh- -6.7937453612 -0.857875565947 2.69880027251
12dh12dh-12dh12dh- -6.65026545825 -0.738335224825 2.61566255984
12dh12dh-4dh12dh -6.98272039667 -0.607370595768 3.03950854123
12dh12dh12dh -6.97151708794 -0.539453359935 3.06944872941
12dh12dh12dh-12dh -6.67424953302 -0.729127470456 2.67949791863
12dh12dh12dh-12dh- -6.77070760982 -0.808278595201 2.73923475221
12dh12dh12dh12dh -6.81909786509 -0.798454772962 2.79120158041
12dh12dh12dh12dh- -6.71294283829 -0.701468932698 2.71913869256
12hd -8.1275494889 0.731770714092 4.85386416884
12hd12hd -7.29847807688 -0.116913750095 3.56742112952
12hd12hd- -7.29073955132 -0.172410681869 3.55951286112
12hd12hd-12hd -6.8577167444 -0.531013648423 2.91267782387
12hd12hd-12hd-12hd -6.70387127502 -0.74725301157 2.63479331561
12hd12hd-12hd-12hd- -6.71295220327 -0.701464549238 2.71914542563
12hd12hd-12hd12hd- -6.65024621452 -0.738350494602 2.61563877626
12hd12hd-4hd12hd -7.10136837518 -0.770958889339 3.00880119042
12hd12hd12hd -6.97150313287 -0.539457938627 3.0694363236
12hd12hd12hd-12hd -6.74280753982 -0.811597908325 2.66799751897
12hd12hd12hd-12hd- -6.77070672417 -0.808279390036 2.73923422552
12hd12hd12hd12hd -6.81948471538 -0.798281476561 2.79154880296
12hd12hd12hd12hd- -6.79384222145 -0.857891500605 2.69888423007
12hh -7.53933639519 1.90372651971 5.31419624589
12hh12hh -6.50141876169 1.12104659364 3.94787393364
12hh12hh- -6.55027668817 0.954973897014 3.88419540624
12hh12hh-12hh -5.95397172193 0.704380554237 3.22731507033
12hh12hh-12hh-12hh- -5.8214119389 0.508480126557 2.99835699561
12hh12hh-12hh12hh- -5.80670433609 0.432133308716 2.92727113297
12hh12hh-4hh12hh -6.04399977069 0.536489023083 3.24354990486
12hh12hh12hh -6.06880908631 0.82390356967 3.41639108325
12hh12hh12hh-12hh -5.78637418838 0.517363263991 2.98201334162
12hh12hh12hh-12hh- -5.76672224986 0.566370020464 3.01318420758
12hh12hh12hh12hh -5.82587105343 0.617931398992 3.09140392329
12hh12hh12hh12hh- -5.82143073519 0.508313564251 2.99825083824
13aa -7.75745464259 2.21894765142 5.81164203367
13aa13aa -6.66324056309 1.28914346378 4.30130467539
13aa13aa- -6.68318213807 1.30151073216 4.31795405609
13aa13aa-13aa -6.2522765515 0.946071663311 3.74134064627
13aa13aa-13aa-13aa- -6.31542219223 0.997553783973 3.80387638958
13aa13aa-13aa13aa- -6.03077683924 0.750476880772 3.44218741536
13aa13aa-4aa13aa -6.41477816706 0.639078390504 3.74895468933
13aa13aa13aa -6.56660417155 1.243605371 4.16641907339
13aa13aa13aa-13aa -6.22762788443 0.942072801785 3.7073543137
13aa13aa13aa-13aa- -6.27773444321 0.946265337737 3.74188805256
13aa13aa13aa13aa -6.43937544509 1.09694684696 3.95950936951
13aa13aa13aa13aa- -6.315643082 0.997765281791 3.80416915434
13ad13ad -7.75520145526 0.273388981195 4.3083119277
13ad13ad- -7.62566047046 0.0698654748666 4.05389741239
13ad13ad-13ad-13ad -7.13709573703 -0.530146453404 3.27329106641
13ad13ad-13ad-13ad- -7.25125903088 -0.540468154474 3.3511413146
13ad13ad-13ad13ad- -7.1375496321 -0.5008121222 3.30085889378
13ad13ad-4ad13ad -7.41896620885 -0.661509900659 3.49743140348
13ad13ad13ad-13ad -7.26186121432 -0.543523086487 3.35973614449
13ad13ad13ad-13ad- -7.29938561563 -0.566739834869 3.3725625581
13ad13ad13ad13ad -7.59906082202 -0.310060926805 3.78366176759
13ad13ad13ad13ad- -7.37511763964 -0.567346241519 3.43877117291
13ae13ae -6.89605230186 0.972643470876 4.19646637772
13ae13ae- -6.79234621628 0.804190822924 3.99237106992
13ae13ae-13ae -6.40809751887 0.487587124943 3.48639509056
13ae13ae-13ae-13ae -6.27717921361 0.324035560437 3.28135071655
13ae13ae-13ae-13ae- -6.35823188525 0.350472128764 3.36408392303
13ae13ae-13ae13ae- -6.21684572423 0.306693083303 3.23155046641
13ae13ae-4ae13ae -6.51213972322 0.146851662277 3.42980928559
13ae13ae13ae -6.55857745361 0.548491184177 3.65853389591
13ae13ae13ae-13ae -6.29111210196 0.302124599005 3.28466296941
13ae13ae13ae-13ae- -6.34629784144 0.299698288333 3.32402190111
13ae13ae13ae13ae -6.51509917543 0.492679370431 3.59283354735
13ae13ae13ae13ae- -6.36324429955 0.297370985709 3.34273783071
13af13af -6.60257571546 1.47208490425 4.3194437033
13af13af- -6.313515793 1.3420768124 4.04659987265
13af13af-13af -5.8457763152 1.04296253717 3.50533036707
13af13af-13af-13af -5.64407899216 0.861286109181 3.23419246989
13af13af-13af-13af- -5.70930233692 0.794647915689 3.22798509821
13af13af-13af13af- -5.6081085406 0.822881700826 3.20302533117
13af13af-4af13af -5.92709131784 0.685696381646 3.35439797511
13af13af13af -6.31390916478 1.19297161215 3.90252832099
13af13af13af-13af -5.77127633524 0.850004756662 3.31402188422
13af13af13af-13af- -5.97574091639 0.790306931358 3.3863051866
13af13af13af13af -6.19884570041 1.03897432602 3.70256891847
13af13af13af13af- -6.02800018031 0.909579350354 3.50782427289
13ah13ah -6.46196266324 1.48601630533 4.24223881921
13ah13ah- -6.45873458069 1.34135734371 4.17541916148
13ah13ah-13ah -6.05361598119 1.00437198108 3.64481330056
13ah13ah-13ah-13ah -5.86464139952 0.871282091102 3.39533866581
13ah13ah-13ah-13ah- -5.87283664427 0.90533745636 3.43366462727
13ah13ah-13ah13ah- -5.84080565238 0.819902372712 3.37071920262
13ah13ah-4ah13ah -6.08547683241 0.735202201797 3.50199397983
13ah13ah13ah -6.12994432734 1.19226894354 3.79022401936
13ah13ah13ah-13ah -5.89932608246 0.85353929066 3.40957566845
13ah13ah13ah-13ah- -5.88979318223 0.877692243856 3.41841351799
13ah13ah13ah13ah -5.97645846244 1.02493973937 3.55644325427
13ah13ah13ah13ah- -5.96196026185 0.950948073967 3.49415019851
13ai13ai -6.70265642959 1.61035985935 4.52454987098
13ai13ai- -6.63160321387 1.5480612852 4.43108136748
13ai13ai-13ai-13ai -6.06301415546 1.08704933446 3.67420142821
13ai13ai-13ai-13ai- -6.13335074716 1.11189932588 3.74372068641
13ai13ai-13ai13ai- -5.99240081398 1.04673138743 3.6047000862
13ai13ai-4ai13ai -6.2875177207 0.847334048029 3.77457504344
13ai13ai13ai-13ai -6.03976241051 1.06631446658 3.64666599309
13ai13ai13ai-13ai- -6.09426481311 1.07440514407 3.68839277258
13ai13ai13ai13ai -6.24562549581 1.2189618776 3.89476250925
13ai13ai13ai13ai- -6.15809865242 1.16463071005 3.79319034243
13al13al -6.18450576316 1.38440203506 3.98682542446
13al13al- -6.24499177314 1.43359160828 4.06060491514
13al13al-13al -5.73577828087 1.07267084225 3.44525846717
13al13al-13al-13al -5.64258026784 0.875072537939 3.23932847009
13al13al-13al-13al- -5.69549277575 0.913241079561 3.30204754609
13al13al-13al13al- -5.47751164202 0.930330646658 3.17788305953
13al13al13al -5.85446373885 1.05987979574 3.50267939517
13al13al13al-13al- -5.66242086401 0.912055396604 3.26699197544
13al13al13al13al -5.66183409531 0.893213615389 3.26206140522
13al13al13al13al- -5.5842706143 0.894881344736 3.20043942819
13da13da -7.75522893104 0.273381538508 4.30836515755
13da13da- -7.62565965126 0.0698662573456 4.0538963123
13da13da-13da-13da -7.13699038397 -0.530184381418 3.27317840964
13da13da-13da-13da- -7.41497455286 -0.492726074601 3.52176512105
13da13da-13da13da- -7.13754783745 -0.500811558571 3.30085797091
13da13da-4da13da -7.33941436979 -0.739764966768 3.41692176718
13da13da13da-13da -7.14268301998 -0.540311680627 3.27802823603
13da13da13da-13da- -7.30441515206 -0.564827580397 3.37752064522
13da13da13da13da -7.59907277196 -0.31007396352 3.78366335249
13da13da13da13da- -7.25113040132 -0.540323982145 3.35119427425
13dd -9.01444673632 0.582019330362 5.48742616293
13dd13dd -8.38355499604 -0.931399526574 3.86328147241
13dd13dd- -8.3832660359 -0.931258078531 3.86306168693
13dd13dd-13dd -8.17349824359 -1.21905934676 3.4982289204
13dd13dd-13dd-13dd -8.22450752848 -1.34831293022 3.46694429037
13dd13dd-13dd-13dd- -8.33610229165 -1.56654128133 3.43046490007
13dd13dd-13dd13dd- -8.09877156405 -1.39458947136 3.33751405853
13dd13dd-4dd13dd -8.31086516648 -1.69180031783 3.47022628679
13dd13dd13dd -8.17390861824 -1.21905885512 3.49858378195
13dd13dd13dd-13dd -8.21878507615 -1.48324003878 3.35890771641
13dd13dd13dd-13dd- -8.37034456257 -1.56125595805 3.4305552894
13dd13dd13dd13dd -8.09876944756 -1.39459063736 3.33751136989
13dd13dd13dd13dd- -8.33561437412 -1.56677393198 3.42992035585
13de13de -7.79679891149 0.173122551881 4.22189148404
13de13de- -7.59427842116 -0.246614922148 3.78556434549
13de13de-13de -7.29387571114 -0.577719116503 3.31366835872
13de13de-13de-13de -7.27451577331 -0.673809527961 3.25571013118
13de13de-13de-13de- -7.51653960057 -0.652649274407 3.46550112737
13de13de-13de13de- -7.15574035989 -0.790401613 3.07312381908
13de13de-4de13de -7.40822582573 -0.96213215106 3.32420203646
13de13de13de -7.73517570378 -0.125143470635 3.9844641242
13de13de13de-13de -7.25215120031 -0.770252755182 3.16457321483
13de13de13de-13de- -7.41191988861 -0.762095865179 3.30346744169
13de13de13de13de -7.7823321017 -0.289617645334 3.89927962158
13de13de13de13de- -7.33483865185 -0.784292477037 3.243098828
13df13df -7.39520179998 0.235799996692 3.93185459001
13df13df- -7.23668486734 0.131963658612 3.78444483902
13df13df-13df -6.86234015344 -0.151268560327 3.3085033335
13df13df-13df-13df -6.73233743513 -0.349114754926 3.06453783432
13df13df-13df-13df- -7.01710416132 -0.413457980022 3.28796080977
13df13df-13df13df- -6.71032733253 -0.415483951676 3.0252746728
13df13df-4df13df -6.94586213763 -0.508001799828 3.19130097248
13df13df13df -7.15737236107 -0.282488877233 3.40942680657
13df13df13df-13df -6.81271138537 -0.43942565141 3.06867976234
13df13df13df-13df- -6.98260452158 -0.531664215025 3.13949895884
13df13df13df13df -7.14932148935 -0.426532220345 3.30368905104
13df13df13df13df- -6.95021958172 -0.550842799105 3.04466576844
13dh13dh -7.21041778937 0.30786800859 3.84822270886
13dh13dh- -7.33563961781 0.162564821901 3.90299333172
13dh13dh-13dh -7.0714689667 -0.191275079889 3.4706985808
13dh13dh-13dh-13dh -6.84088593626 -0.360456171393 3.11318243429
13dh13dh-13dh-13dh- -6.92271766286 -0.443609551659 3.19759787871
13dh13dh-13dh13dh- -6.94706176662 -0.395368135332 3.23886859838
13dh13dh-4dh13dh -7.02608264124 -0.440484220009 3.27919434877
13dh13dh13dh -7.01283363697 -0.0738631467492 3.4558771031
13dh13dh13dh-13dh -6.92484829368 -0.385502299336 3.19614968004
13dh13dh13dh-13dh- -6.9211986264 -0.435857750849 3.16872372312
13dh13dh13dh13dh -6.96645994301 -0.306747361437 3.25809397289
13dh13dh13dh13dh- -6.81921178599 -0.379457049423 3.05903952779
13di13di -7.65034916915 0.468335944684 4.34175956833
13di13di- -7.41526963792 0.181734405529 3.95841090551
13di13di-13di -7.08626976568 -0.159668270884 3.46436559544
13di13di-13di-13di -7.02952999033 -0.283513830788 3.34033411001
13di13di-13di-13di- -7.28779275793 -0.255747662667 3.57114623819
13di13di-13di13di- -6.92842940766 -0.358384591183 3.21684748027
13di13di-4di13di -7.20444209784 -0.42744551768 3.50103982967
13di13di13di -7.50016890332 0.143530871918 4.00404359851
13di13di13di-13di -7.0259099178 -0.339167630645 3.29843703791
13di13di13di-13di- -7.18305657564 -0.325823748838 3.42464212255
13di13di13di13di -7.48430526939 -0.0518150630868 3.84762590629
13di13di13di13di- -7.10784445256 -0.343312043166 3.34453188165
13dl13dl -7.42740554905 0.407486442373 4.08229111538
13dl13dl- -7.13775644696 0.282058102858 3.80440248244
13dl13dl-13dl -6.71729681289 -0.0736481764477 3.2361150069
13dl13dl-13dl-13dl -6.74209974722 -0.25764780498 3.12510337256
13dl13dl-13dl-13dl- -6.52563001027 -0.222515367746 2.99743056873
13dl13dl-13dl13dl- -6.52561268891 -0.222513511313 2.99741987652
13dl13dl13dl -7.25758479115 0.115123769525 3.77203260542
13dl13dl13dl-13dl -6.65020656749 -0.266903675787 3.05735899045
13dl13dl13dl13dl -7.23514006189 -0.056968853767 3.63435110174
13dl13dl13dl13dl- -6.81045115851 -0.252244123498 3.16394561418
13ea13ea -6.8969820349 0.97387808107 4.19811829659
13ea13ea- -6.79234376309 0.804188604115 3.99236763771
13ea13ea-13ea -6.4080709144 0.487563079766 3.4863593826
13ea13ea-13ea-13ea -6.27724580303 0.324125577725 3.28145170103
13ea13ea-13ea-13ea- -6.40148874088 0.371839075233 3.42524414518
13ea13ea-13ea13ea- -6.2167721406 0.306633927564 3.23145437711
13ea13ea-4ea13ea -6.46411038684 0.112283168131 3.406758125
13ea13ea13ea -6.55890893213 0.548572050025 3.65881676921
13ea13ea13ea-13ea -6.26969439416 0.305216467711 3.26699095417
13ea13ea13ea-13ea- -6.34631233156 0.299740869262 3.32405527987
13ea13ea13ea13ea -6.51536639783 0.492639958214 3.59304741246
13ea13ea13ea13ea- -6.3582373128 0.350470501531 3.36408773293
13ed13ed -7.79665576048 0.17299393556 4.22169791381
13ed13ed- -7.59431679541 -0.246595194771 3.7856098476
13ed13ed-13ed -7.2940571755 -0.577640506278 3.31390801275
13ed13ed-13ed-13ed -7.27457494994 -0.673785313345 3.25577458033
13ed13ed-13ed-13ed- -7.3349135294 -0.784311666372 3.2431451639
13ed13ed-13ed13ed- -7.15573422451 -0.79039970864 3.0731202901
13ed13ed-4ed13ed -7.44969034973 -0.930539950104 3.35904433305
13ed13ed13ed -7.73570952605 -0.124791230372 3.98513658874
13ed13ed13ed-13ed -7.30157114521 -0.790188130369 3.18108404347
13ed13ed13ed-13ed- -7.41176303785 -0.762129914566 3.30331084803
13ed13ed13ed13ed -7.78241884852 -0.289478915271 3.89943378819
13ed13ed13ed13ed- -7.51670227039 -0.652674057449 3.46560846564
13ee -7.80129168988 1.5356017071 5.0941858451
13ee13ee -7.16324484782 0.83619220559 4.24055140468
13ee13ee- -6.90356095165 0.418491447312 3.76705293878
13ee13ee-13ee -6.57111768548 0.177439789656 3.35084163584
13ee13ee-13ee-13ee -6.50270999684 0.0810665039161 3.24014666758
13ee13ee-13ee-13ee- -6.69104254042 0.143916578113 3.44087355536
13ee13ee-13ee13ee- -6.41230368191 0.0313649823946 3.1534497793
13ee13ee-4ee13ee -6.66585557781 -0.183188604723 3.33715480369
13ee13ee13ee -6.98958142592 0.600989163138 3.9709939942
13ee13ee13ee-13ee -6.51299188646 0.0404086856903 3.22025841389
13ee13ee13ee-13ee- -6.61992604366 0.0525282519218 3.31407966238
13ee13ee13ee13ee -6.94309836927 0.465053363343 3.84124062701
13ee13ee13ee13ee- -6.69077612304 0.143892781651 3.44066165708
13ef13ef -6.68911658541 0.914706299543 3.93055585417
13ef13ef- -6.55266677841 0.834607896076 3.81876520317
13ef13ef-13ef -6.08854437901 0.577363066493 3.29811417185
13ef13ef-13ef-13ef -5.94311670251 0.431968526208 3.0981179786
13ef13ef-13ef-13ef- -6.16246940351 0.44629941952 3.30256827862
13ef13ef-13ef13ef- -5.8946987764 0.348276068363 3.01735993093
13ef13ef-4ef13ef -6.15295337629 0.267689228039 3.19896560946
13ef13ef13ef -6.38053925707 0.589849294463 3.50097459753
13ef13ef13ef-13ef -5.98916736358 0.337988740666 3.06518708265
13ef13ef13ef-13ef- -6.13096127977 0.305359026264 3.15208219112
13ef13ef13ef13ef -6.25793978265 0.404614748201 3.2837777409
13ef13ef13ef13ef- -6.16667090412 0.316159814798 3.14514096798
13eh13eh -6.60363885329 1.0141134027 3.9405397984
13eh13eh- -6.65442549957 0.860206955066 3.92559458629
13eh13eh-13eh -6.27944545324 0.541937427368 3.42937386715
13eh13eh-13eh-13eh -6.10011791666 0.429451315837 3.20547913555
13eh13eh-13eh-13eh- -6.12565669421 0.430260443167 3.25774795821
13eh13eh-13eh13eh- -6.08363582 0.363285491692 3.16769572816
13eh13eh-4eh13eh -6.2673441446 0.296364369205 3.29300642572
13eh13eh13eh -6.30623282774 0.73334970285 3.54924711756
13eh13eh13eh-13eh -6.09945297993 0.406905404347 3.18170018882
13eh13eh13eh-13eh- -6.12044198871 0.41286916884 3.21946052966
13eh13eh13eh13eh -6.18672328226 0.57438598872 3.35346929362
13eh13eh13eh13eh- -6.14242654156 0.509013691182 3.26302993208
13ei13ei -6.89927378806 1.18632388379 4.33579801587
13ei13ei- -6.64846419537 0.891988125383 3.93131044895
13ei13ei-13ei -6.24235922794 0.569034396741 3.39672536907
13ei13ei-13ei-13ei -6.2026618902 0.521207771559 3.34763695853
13ei13ei-13ei-13ei- -6.37675443382 0.602561875166 3.55132536844
13ei13ei-13ei13ei- -6.07478582562 0.425067132284 3.18890517189
13ei13ei-4ei13ei -6.3921240534 0.385377929732 3.50984853938
13ei13ei13ei -6.65777394568 0.951362501281 4.0007809845
13ei13ei13ei-13ei -6.14942652293 0.448465667656 3.24553182622
13ei13ei13ei-13ei- -6.28991021441 0.526263015346 3.41233575916
13ei13ei13ei13ei -6.56784456807 0.817143125833 3.83638297148
13ei13ei13ei13ei- -6.35006193414 0.606432359116 3.51007913768
13el13el -6.84050877921 1.15142262593 4.21782533008
13el13el- -6.44821539606 0.972744863529 3.82433310492
13el13el-13el -6.17677119047 0.591791554901 3.36584266958
13el13el-13el-13el -6.04783022798 0.43313804209 3.14912496265
13el13el-13el-13el- -6.02212914656 0.484527330884 3.17372960181
13el13el-13el13el- -5.9151508597 0.471492803266 3.11425706766
13el13el13el -6.5704179847 0.93895700952 3.89783162004
13el13el13el-13el -6.04662827754 0.481838190354 3.19144238751
13el13el13el-13el- -6.00639339668 0.523962184386 3.19770107197
13el13el13el13el -6.15761352158 0.505409833007 3.29920636305
13el13el13el13el- -6.18077752876 0.662109363725 3.40848048132
13fa13fa -6.29891059733 1.32720004023 4.03566444957
13fa13fa- -6.31354787235 1.34206568178 4.04661712312
13fa13fa-13fa -5.85375073963 1.00598064964 3.4871415416
13fa13fa-13fa-13fa- -6.02805431037 0.909357178367 3.50774875794
13fa13fa-13fa13fa- -5.60787060364 0.822880832068 3.20288557039
13fa13fa-4fa13fa -5.85262865392 0.55336746837 3.3159928841
13fa13fa13fa -5.98240261154 0.986977363666 3.54627067826
13fa13fa13fa-13fa -5.66582388964 0.819437454867 3.23825086131
13fa13fa13fa-13fa- -5.96309776071 0.767519034458 3.36094696283
13fa13fa13fa13fa -5.83717043752 0.928717729836 3.41348339159
13fa13fa13fa13fa- -5.70931131179 0.794649382077 3.22799387562
13fd13fd -7.38409493519 0.340174508625 4.02857704225
13fd13fd- -7.23669638946 0.131961964226 3.78445598194
13fd13fd-13fd -6.88424673953 -0.214764875323 3.2835846909
13fd13fd-13fd-13fd -6.813561257 -0.437350336297 3.0330439485
13fd13fd-13fd-13fd- -6.9543266218 -0.516406473673 3.08176452053
13fd13fd-13fd13fd- -6.71033576289 -0.415480543243 3.02528265725
13fd13fd-4fd13fd -6.9426044355 -0.641623353412 3.18029705241
13fd13fd13fd -7.21759781418 0.00476722603902 3.68086996528
13fd13fd13fd-13fd -6.84442595003 -0.456978031957 3.10544328623
13fd13fd13fd-13fd- -6.98258401666 -0.531662670227 3.13948418113
13fd13fd13fd13fd -7.10026365939 -0.340050413406 3.36613596556
13fd13fd13fd13fd- -6.95488482424 -0.490156789747 3.1882597048
13fe13fe -6.73492103714 1.05196400753 4.09304790496
13fe13fe- -6.5526715702 0.834624254818 3.81878079086
13fe13fe-13fe -6.11897416994 0.522842324482 3.28365189607
13fe13fe-13fe-13fe -6.01224177121 0.338695200199 3.05508705477
13fe13fe-13fe-13fe- -6.16665136139 0.316162519088 3.14512624439
13fe13fe-13fe13fe- -5.89470112497 0.348277207777 3.0173622506
13fe13fe-4fe13fe -6.13931463901 0.12262952502 3.16121530262
13fe13fe13fe -6.45374503956 0.805757945639 3.72843639957
13fe13fe13fe-13fe -5.99723616428 0.354080496019 3.10185953503
13fe13fe13fe-13fe- -6.13033804935 0.304317860952 3.15101627326
13fe13fe13fe13fe -6.3416676986 0.667186136924 3.55189824529
13fe13fe13fe13fe- -6.09840269651 0.373985532314 3.19803294564
13ff -7.34274505406 2.14891173562 5.29106049168
13ff13ff -6.33553486243 1.30333943942 3.98569213029
13ff13ff- -6.43195580256 1.23833950205 4.05337465148
13ff13ff-13ff -5.82818535376 1.00485563422 3.4338201246
13ff13ff-13ff-13ff -5.66422006807 0.78280515381 3.13197006443
13ff13ff-13ff-13ff- -5.8144628128 0.621850113557 3.115626429
13ff13ff-13ff13ff- -5.66574777674 0.776225372482 3.15620229499
13ff13ff-4ff13ff -5.82772125396 0.635256751004 3.23988044184
13ff13ff13ff -5.91156806824 0.90323583064 3.3909844665
13ff13ff13ff-13ff -5.75538555637 0.758931625331 3.17508653047
13ff13ff13ff-13ff- -5.91113090447 0.611728040464 3.1678249862
13ff13ff13ff13ff -5.69964260959 0.679814642826 3.08043765144
13ff13ff13ff13ff- -5.76100020217 0.654746403008 3.11617430724
13fh13fh -6.48177965852 1.33742318594 4.14876985696
13fh13fh- -6.45685719075 1.20988454776 4.05601470874
13fh13fh-13fh -5.91032094543 0.955579120266 3.46913507697
13fh13fh-13fh-13fh -5.78514630256 0.752477187716 3.19617297501
13fh13fh-13fh-13fh- -5.87572100846 0.677874071703 3.21194400592
13fh13fh-13fh13fh- -5.73054974544 0.703783987653 3.17791755355
13fh13fh-4fh13fh -5.92876451311 0.569306897523 3.28391474422
13fh13fh13fh -6.11437650376 1.02454312081 3.66628179323
13fh13fh13fh-13fh -5.8735581177 0.698600306792 3.23354550707
13fh13fh13fh-13fh- -5.97513168663 0.616078863171 3.23874174009
13fh13fh13fh13fh -5.94509057292 0.845207598461 3.42137989572
13fh13fh13fh13fh- -5.90617920067 0.727116647198 3.32496906019
13fi13fi -6.42400681398 1.61511900006 4.29396127228
13fi13fi- -6.49044456163 1.48695906683 4.23309036593
13fi13fi-13fi -5.83557113917 1.0878894184 3.50275012753
13fi13fi-13fi-13fi -5.81654323442 1.03459765233 3.43380982158
13fi13fi-13fi-13fi- -6.0813389871 1.10525581687 3.66052883184
13fi13fi-13fi13fi- -5.59519567023 0.914720472953 3.21678460871
13fi13fi-4fi13fi -5.8547510888 0.741469052336 3.39184942647
13fi13fi13fi -6.07433226881 1.37561328858 3.8717629208
13fi13fi13fi-13fi -5.67178683965 0.956662685255 3.29801289438
13fi13fi13fi-13fi- -5.86098061977 1.02565550753 3.45954856067
13fi13fi13fi13fi -5.91961467602 1.25593639214 3.67449791488
13fi13fi13fi13fi- -5.87435111494 1.09537646707 3.52725543875
13fl13fl -6.50202685276 1.59708763741 4.29369312122
13fl13fl- -6.23381301971 1.40208082165 4.02537996566
13fl13fl-13fl -5.76699813475 1.09164012413 3.44960765237
13fl13fl-13fl13fl- -5.52460134076 0.920157607509 3.15665791499
13fl13fl13fl -5.8798477238 1.19924492315 3.58551955483
13fl13fl13fl-13fl -5.46450282015 0.937111391771 3.12255792801
13fl13fl13fl13fl -6.34914400346 1.40537854615 4.0574415304
13fl13fl13fl13fl- -5.75786096534 0.983450952662 3.34165357552
13ha13ha -6.46196284582 1.48601640481 4.24223906995
13ha13ha- -6.458740929 1.34136815501 4.17542932923
13ha13ha-13ha -6.05362110391 1.00438209097 3.64482276637
13ha13ha-13ha-13ha -5.86511814857 0.871477547888 3.39582194804
13ha13ha-13ha-13ha- -5.96125140107 0.950707695755 3.49343762062
13ha13ha-13ha13ha- -5.84097900516 0.820026065936 3.37092578757
13ha13ha-4ha13ha -6.13008838833 0.669425510364 3.55821119227
13ha13ha13ha -6.12992312256 1.19225252687 3.79019878246
13ha13ha13ha-13ha -5.83005578079 0.83812437626 3.37881737622
13ha13ha13ha-13ha- -5.88979066933 0.877690203797 3.41840937279
13ha13ha13ha13ha -5.9764580765 1.02494014933 3.5564431813
13ha13ha13ha13ha- -5.87284089125 0.905337457139 3.43366867629
13hd13hd -7.21039806735 0.307829421296 3.84818219445
13hd13hd- -7.33564318994 0.162584211484 3.90301059063
13hd13hd-13hd -7.07151295391 -0.191154395516 3.47081020073
13hd13hd-13hd-13hd -6.84089978367 -0.360475285864 3.11318910086
13hd13hd-13hd-13hd- -6.81920395735 -0.379442700523 3.05904630068
13hd13hd-13hd13hd- -6.94706727652 -0.395365059926 3.23887403908
13hd13hd-4hd13hd -7.14580575284 -0.5247832743 3.36219279481
13hd13hd13hd -7.01281655823 -0.0738830871522 3.45584995389
13hd13hd13hd-13hd -6.92005921946 -0.447867528317 3.202385744
13hd13hd13hd-13hd- -6.921198349 -0.435856567763 3.16872419485
13hd13hd13hd13hd -6.96648250251 -0.30672016168 3.25812819395
13hd13hd13hd13hd- -6.92295159961 -0.443499419496 3.19786058371
13he13he -6.60366861307 1.01419356194 3.94064620455
13he13he- -6.65444238763 0.860219247245 3.92561773165
13he13he-13he -6.27941634209 0.541903306847 3.42934311787
13he13he-13he-13he -6.1001474126 0.429493678299 3.20552846744
13he13he-13he-13he- -6.14240657624 0.508870957746 3.26290587745
13he13he-13he13he- -6.08373159384 0.363308265141 3.16782470315
13he13he-4he13he -6.36115032622 0.267003430383 3.3853796412
13he13he13he -6.2155996213 0.594181688567 3.38039851068
13he13he13he-13he -6.07834877154 0.356503893843 3.17974901489
13he13he13he-13he- -6.120535753 0.412754198758 3.21942468698
13he13he13he13he -6.18678512566 0.574387002655 3.3535280098
13he13he13he13he- -6.12555163305 0.430163884173 3.25758612507
13hf13hf -6.35579788682 1.27618051194 3.99053047544
13hf13hf- -6.45685030817 1.2098764582 4.05600552157
13hf13hf-13hf -5.91509493122 0.960017629493 3.48003146661
13hf13hf-13hf-13hf -5.7191519493 0.798451686233 3.23572489648
13hf13hf-13hf-13hf- -5.90622164765 0.727057825843 3.32497053341
13hf13hf-13hf13hf- -5.7305078505 0.703720635178 3.17785673402
13hf13hf-4hf13hf -5.90492569744 0.63568333542 3.28515666642
13hf13hf13hf -5.9477883083 0.940116898638 3.46808016573
13hf13hf13hf-13hf -5.835714741 0.77044083829 3.2622772739
13hf13hf13hf-13hf- -5.97513523636 0.616081598026 3.23874725347
13hf13hf13hf13hf -5.75163062339 0.634908937471 3.08450810322
13hf13hf13hf13hf- -5.87572603399 0.677883354125 3.21195426257
13hh -7.30215169894 2.20416649483 5.35868898219
13hh13hh -6.32950860857 1.46417811768 4.10367877603
13hh13hh- -6.41894090197 1.37818691145 4.15169021811
13hh13hh-13hh -5.99992737706 1.05544456714 3.61230974813
13hh13hh-13hh-13hh -5.74573067891 0.958420377568 3.34055596112
13hh13hh-13hh-13hh- -5.76893865595 0.938312728816 3.34795957138
13hh13hh-13hh13hh- -5.73855780854 0.878504330302 3.28899098226
13hh13hh-4hh13hh -6.00304532236 0.763918199529 3.4475198531
13hh13hh13hh -5.96406345537 1.13927006425 3.62253945941
13hh13hh13hh-13hh -5.76332421865 0.900313843892 3.32685159968
13hh13hh13hh-13hh- -5.76385533882 0.920929066213 3.33622742832
13hh13hh13hh13hh -5.79239918313 0.958717051261 3.36873429633
13hh13hh13hh13hh- -5.76895293149 0.938324172481 3.34797878217
13hi13hi -6.48381486252 1.67869893455 4.380701384
13hi13hi- -6.38047171599 1.42412797956 4.15614454157
13hi13hi-13hi -5.92389239541 1.09919632141 3.58592874968
13hi13hi-13hi-13hi -5.86251090972 1.07295560779 3.51235819394
13hi13hi-13hi-13hi- -5.98062218621 1.15762321449 3.64345504676
13hi13hi-13hi13hi- -5.69072246445 0.919792655974 3.29717603847
13hi13hi-4hi13hi -6.07089697242 0.848658512561 3.59911072222
13hi13hi13hi -6.18924545774 1.45122434811 3.99864263425
13hi13hi13hi-13hi -5.76601794428 0.992626112063 3.39959703178
13hi13hi13hi-13hi- -5.88456609354 1.0882853838 3.52997721487
13hi13hi13hi13hi -6.06815967195 1.32903409874 3.81723766467
13hi13hi13hi13hi- -5.93255688226 1.15545100315 3.6244707022
13hl13hl -6.2590219444 1.34190611085 3.96052826925
13hl13hl- -6.3179952917 1.42499958254 4.11491232724
13hl13hl-13hl -5.86612137446 1.10717108935 3.54405067581
13hl13hl-13hl-13hl -6.026098102 1.2440688187 3.73087371987
13hl13hl-13hl-13hl- -6.20263421686 1.3023521187 3.89227107349
13hl13hl-13hl13hl- -5.63252231599 0.932289220145 3.25069706109
13hl13hl13hl -5.83868216513 1.0202275753 3.44589332505
13hl13hl13hl-13hl -5.6233690914 0.890523191382 3.21880346983
13hl13hl13hl-13hl- -5.78805289611 1.02407058123 3.40442762448
13hl13hl13hl13hl -5.65573685607 0.715208076603 3.07273528996
13hl13hl13hl13hl- -5.64539908639 0.829575674605 3.16062158562
13ia13ia -6.70264268481 1.6103515504 4.52453498532
13ia13ia- -6.63160414518 1.54806223452 4.43108271608
13ia13ia-13ia-13ia -6.06301330257 1.08704889584 3.67420032673
13ia13ia-13ia-13ia- -6.1580752509 1.16461678255 3.79316292414
13ia13ia-13ia13ia- -5.99240085166 1.04673145509 3.60470015326
13ia13ia-4ia13ia -6.30034643705 0.82829967794 3.81163959135
13ia13ia13ia-13ia -6.03467407926 1.04022719735 3.62710400999
13ia13ia13ia-13ia- -6.0942645368 1.07440588368 3.68839282972
13ia13ia13ia13ia -6.24562730851 1.21896447077 3.89476574085
13ia13ia13ia13ia- -6.13335064471 1.11189925757 3.74372057829
13id13id -7.65034628624 0.468302609683 4.34176810805
13id13id- -7.41527189471 0.181734268786 3.95841340604
13id13id-13id -7.08626362161 -0.159653765744 3.46437113722
13id13id-13id-13id -7.02949218144 -0.283547703626 3.3402809645
13id13id-13id-13id- -7.1078490958 -0.343307881527 3.34453800876
13id13id-13id13id- -6.92842657861 -0.358386366079 3.21684384202
13id13id-4id13id -7.31219973449 -0.391527292276 3.58478382591
13id13id13id -7.50020444278 0.143554392172 4.00408610685
13id13id13id-13id -7.07204542549 -0.369697371752 3.31202703878
13id13id13id-13id- -7.18270421963 -0.326045687807 3.42422323688
13id13id13id13id -7.48427335724 -0.0518370308687 3.84758621772
13id13id13id13id- -7.28779175311 -0.255744979254 3.57114789862
13ie13ie -6.89915402391 1.18630402142 4.33560980476
13ie13ie- -6.64844413081 0.891972947831 3.93128968329
13ie13ie-13ie -6.24233692758 0.569013452443 3.39668722248
13ie13ie-13ie-13ie -6.20261742435 0.521185018715 3.34758476014
13ie13ie-13ie-13ie- -6.35006276755 0.60642948703 3.51007605912
13ie13ie-13ie13ie- -6.07486278551 0.425116156399 3.18897849546
13ie13ie-4ie13ie -6.44081619922 0.38637131598 3.53469229678
13ie13ie13ie -6.65759946055 0.950722059193 4.0002571784
13ie13ie13ie-13ie -6.16608430007 0.443111719263 3.26408308745
13ie13ie13ie-13ie- -6.28992869368 0.526307986603 3.41238385056
13ie13ie13ie13ie -6.5678454039 0.817218478199 3.83642249298
13ie13ie13ie13ie- -6.37665027536 0.602425020891 3.55115955747
13if13if -6.5549940142 1.62583511385 4.38817544117
13if13if- -6.49044134924 1.48695487408 4.23308577533
13if13if-13if -5.79904996501 1.12151122182 3.50287050629
13if13if-13if-13if -5.73743459164 1.06532774915 3.40803468219
13if13if-13if-13if- -5.87452452111 1.09549222237 3.52745792991
13if13if-13if13if- -5.595201545 0.914716347891 3.21678636158
13if13if13if -6.2811964518 1.3972984024 4.01746756437
13if13if13if-13if -5.70934687895 0.974781808463 3.32529937991
13if13if13if-13if- -5.86100173109 1.02569033526 3.45958613844
13if13if13if13if -6.16979544452 1.26814117703 3.83794345875
13if13if13if13if- -6.08133905213 1.10525584622 3.66052891568
13ih13ih -6.48381493778 1.67869896328 4.38070146609
13ih13ih- -6.38047249355 1.42412775699 4.15614502244
13ih13ih-13ih -5.92389212008 1.09919599207 3.5859282329
13ih13ih-13ih-13ih -5.86251095802 1.07295565669 3.5123583009
13ih13ih-13ih-13ih- -5.93251936473 1.15539226099 3.6244235578
13ih13ih-13ih13ih- -5.69072188339 0.919791493137 3.29717474726
13ih13ih-4ih13ih -6.04753279453 0.912186047484 3.59182711802
13ih13ih13ih -6.18924614301 1.45122457189 3.99864327189
13ih13ih13ih-13ih -5.80158777388 0.990899550775 3.40841558609
13ih13ih13ih-13ih- -5.88456521642 1.08828435031 3.52997579995
13ih13ih13ih13ih -6.06815781456 1.32903482833 3.81723740307
13ih13ih13ih13ih- -5.98062244035 1.1576235626 3.64345556756
13ii -7.48950613199 2.34472620344 5.68972099967
13ii13ii -6.67957977398 1.8188509558 4.64097682259
13ii13ii- -6.60384775253 1.74773446234 4.54010007388
13ii13ii-13ii -6.21408752808 1.48077723709 4.05795600504
13ii13ii-13ii-13ii -6.11400315584 1.40112760274 3.92078286916
13ii13ii-13ii-13ii- -6.09810767404 1.36379718666 3.88478788143
13ii13ii-13ii13ii- -6.01749127588 1.3328976979 3.8141182305
13ii13ii-4ii13ii -6.32559940905 1.13136367602 4.03476121384
13ii13ii13ii -6.31000834869 1.53288352314 4.15572408709
13ii13ii13ii-13ii -6.04333598796 1.33612867512 3.83064702787
13ii13ii13ii-13ii- -6.07865502696 1.35058142613 3.86167293873
13ii13ii13ii13ii -6.20487803585 1.45191616221 4.01594178646
13ii13ii13ii13ii- -6.22605190802 1.48123425457 4.04891973876
13il13il -6.48988646307 1.63414461913 4.32592298523
13il13il- -6.28715772362 1.4746296817 4.11805297064
13il13il-13il -5.84901166728 1.11090964243 3.52826473416
13il13il-13il-13il -5.57883723822 0.971346846261 3.24663330083
13il13il-13il-13il- -5.71670176309 1.03565599767 3.37591855304
13il13il-13il13il- -5.56823171729 0.963613047518 3.23324736244
13il13il13il -6.13895633202 1.37388382928 3.90959163885
13il13il13il-13il -5.6681166199 0.970355539135 3.29585556548
13il13il13il-13il- -5.63645662848 1.00077066428 3.29749886462
13il13il13il13il -5.98698769702 1.2427866087 3.70656081748
13il13il13il13il- -5.83247136924 1.15036463042 3.5311046207
13la13la -6.32133350998 1.49928791555 4.14808375984
13la13la- -6.24499131517 1.43359160314 4.06060453901
13la13la-13la -5.74223452145 1.11465838509 3.47436212708
13la13la-13la-13la -5.52042332161 0.940373229797 3.19455832568
13la13la-13la-13la- -5.58460583609 0.895559648661 3.20112426133
13la13la13la -5.85978050292 1.08434405223 3.51946936122
13la13la13la-13la -5.60193593066 0.920592231669 3.23821755052
13la13la13la-13la- -5.65910372621 0.90713903407 3.26172511706
13la13la13la13la -5.62742793947 0.84765894343 3.19144918874
13la13la13la13la- -5.56958883992 0.889055866156 3.18914104933
13ld13ld- -7.1377558484 0.28206037046 3.80440427694
13ld13ld-13ld -6.7287066297 -0.0353694869413 3.26771055299
13ld13ld-13ld-13ld -6.687176254 -0.217111582166 3.10915597943
13ld13ld-13ld-13ld- -6.81045910112 -0.252278670264 3.16393164561
13ld13ld-13ld13ld- -6.52555903617 -0.222535079207 2.99737336027
13ld13ld13ld -6.72889514306 -0.0352053970258 3.26794731464
13ld13ld13ld-13ld -6.52557025637 -0.222580106581 2.99734206141
13ld13ld13ld13ld -6.81045692797 -0.252268904098 3.16393696249
13ld13ld13ld13ld- -6.73129660957 -0.221977704052 3.13797649424
13le13le -6.55202803541 0.938264452562 3.89151534409
13le13le- -6.44812163377 0.972701643731 3.82422675311
13le13le-13le -6.13188771904 0.640610878738 3.37348010706
13le13le-13le-13le -5.98095453938 0.50119217722 3.16094479092
13le13le-13le-13le- -6.18078704041 0.662099407023 3.40849854484
13le13le-13le13le- -5.91514351356 0.471473769493 3.11423589466
13le13le13le -6.13189334387 0.640646445507 3.37351794289
13le13le13le-13le -5.9169371092 0.472339880481 3.11693859158
13le13le13le-13le- -6.00633218008 0.524011162233 3.19767099856
13le13le13le13le -5.9134288438 0.463009925865 3.10890037159
13le13le13le13le- -6.02220027544 0.484527484551 3.17378806917
13lf13lf- -6.23381021917 1.40207708481 4.02537391371
13lf13lf-13lf -5.69219796601 1.16433469581 3.44549686603
13lf13lf-13lf-13lf -5.52188329324 0.953021167439 3.15925430124
13lf13lf-13lf-13lf- -5.84447283167 1.0257680457 3.45037819317
13lf13lf-13lf13lf- -5.52459830027 0.920159324279 3.15665755587
13lh13lh- -6.31793023455 1.42480952288 4.11475503394
13lh13lh-13lh -5.89335169922 1.07795276543 3.54249287168
13lh13lh-13lh-13lh -5.66116803714 0.920658065008 3.24551842908
13lh13lh-13lh-13lh- -5.64539761012 0.829576375111 3.16062126082
13lh13lh-13lh13lh- -5.63251617412 0.932197541318 3.25061875508
13li13li -6.2871588082 1.47463801307 4.11805951361
13li13li- -6.28715766253 1.47462967645 4.11805292951
13li13li-13li -5.81308488345 1.14556708646 3.53128441051
13li13li-13li-13li -5.72219793127 1.06619071328 3.40312235071
13li13li-13li-13li- -5.8324700918 1.15036226134 3.53110193003
13li13li-13li13li- -5.56822421324 0.963608528212 3.23323918047
13li13li13li -5.91495345086 1.2151653788 3.64557465075
13li13li13li-13li -5.56796112711 0.963714030419 3.2331167407
13li13li13li-13li- -5.63645534301 1.00076928524 3.29749718906
13li13li13li13li -5.74289573664 1.04460989522 3.39957105859
13li13li13li13li- -5.71670926799 1.03566529319 3.37593161391
13ll -7.13959938825 2.24996016241 5.20456555219
13ll13ll -6.58061680236 1.68310130517 4.43982831731
13ll13ll- -5.98777153405 1.57469337983 3.94262611628
13ll13ll-13ll -5.75300772001 1.16082385702 3.48799190024
13ll13ll-13ll-13ll -5.58965098722 0.960294786277 3.2152375258
13ll13ll-13ll-13ll- -5.86431447679 1.30823784111 3.65554343214
13ll13ll-13ll13ll- -5.44691045338 1.03472503238 3.17962231165
13ll13ll13ll -6.19965892808 1.34686518573 3.91577947542
13ll13ll13ll-13ll -5.6017832972 1.09900626887 3.32319562364
13ll13ll13ll-13ll- -5.73660092458 1.21708389044 3.50434896752
13ll13ll13ll13ll -6.29540810197 1.46327780929 4.05778335598
13ll13ll13ll13ll- -5.69653708862 1.08736980639 3.37887843303
4dd -9.67133933542 -0.547158293145 5.13319519326
4dd4dd -9.48487446523 -0.988808249672 4.77275956633
4dd4dd4dd -9.28818585164 -1.24699684964 4.49305078564
4dd4dd4dd4dd -9.20426779633 -1.39641243776 4.38987352748
4dh -8.1531935443 0.600616050473 4.86216750689
4dh4dh -8.08872368486 0.270952559217 4.63857599236
4dh4dh- -8.00500687611 0.29628162087 4.57637863286
4dh4dh-4dh -7.92968238776 0.156029511474 4.47204703633
4dh4dh-4dh-4dh -7.94483662492 0.044186939143 4.43908748966
4dh4dh-4dh-4dh- -7.86989978998 -0.00549225214474 4.45256942025
4dh4dh-4dh4dh -7.91707530104 0.0569103411152 4.42375206196
4dh4dh-4dh4dh- -7.8875749625 0.061889207908 4.42040084055
4dh4dh4dh -8.02315161193 0.111744878528 4.53791392024
4dh4dh4dh-4dh -7.88003891477 0.0150988974981 4.40168404204
4dh4dh4dh-4dh- -7.90898316783 -0.0182736096659 4.37925667985
4dh4dh4dh4dh -7.89588946495 -0.000465992493631 4.39786026986
4dh4dh4dh4dh- -7.84642518022 0.0355374917212 4.38846048158
4hd -8.15315859976 0.600622886767 4.86216878391
4hd4hd -8.08936224057 0.270838190925 4.6387938118
4hd4hd- -8.0050629961 0.296403096183 4.5765070704
4hd4hd-4hd -7.92973850044 0.156024616412 4.47208433068
4hd4hd-4hd-4hd -7.87022020553 -0.017397625655 4.40900914358
4hd4hd-4hd-4hd- -7.97012423722 -0.0150396376818 4.43983907043
4hd4hd-4hd4hd -7.92910576003 0.0248889700494 4.41388031254
4hd4hd-4hd4hd- -7.8861932818 0.060461254776 4.41880674774
4hd4hd4hd -8.02320053891 0.11145617196 4.53788235601
4hd4hd4hd-4hd -7.87238991616 0.0083260427117 4.38990413342
4hd4hd4hd-4hd- -7.90903035722 -0.0182811550733 4.37929125591
4hd4hd4hd4hd -7.89592350641 -0.000495360630596 4.3978680408
4hd4hd4hd4hd- -7.86994588399 -0.00547224692704 4.45259787622
4hh -7.16877302112 1.60093264358 4.56548629828
4hh4hh -6.99324595677 1.22455403305 4.32496780001
4hh4hh4hh -6.86098304138 1.01379016953 4.15032334336
4hh4hh4hh4hh -6.785421812 0.896328808349 4.06132832217
6aa -9.10541102272 1.06486907319 5.58178240372
6aa6aa -8.15428523799 0.439435709731 4.85724264153
6aa6aa- -8.16640215494 0.449747132457 4.87819642321
6aa6aa-4aa6aa -7.54158070299 0.135221163925 4.30133086906
6aa6aa-6aa -7.76646042272 0.0980005205777 4.40207117797
6aa6aa-6aa-6aa -7.55731594757 -0.0955249415381 4.12972521657
6aa6aa-6aa-6aa- -7.54983003825 -0.0969608545111 4.12256343112
6aa6aa-6aa6aa- -7.56678807606 -0.0896605986968 4.14615569213
6aa6aa6aa -7.74508229524 0.0867452314537 4.36760896702
6aa6aa6aa-6aa -7.55743720746 -0.0919396359389 4.13362917954
6aa6aa6aa-6aa- -7.55103659595 -0.0940048911681 4.12691137591
6aa6aa6aa6aa -7.53818139284 -0.0993326072916 4.10777939063
6aa6aa6aa6aa- -7.54573081553 -0.0981078314682 4.11466578805
6ad6ad -8.87601921618 -0.475910017501 4.7701904609
6ad6ad- -8.90431424546 -0.475257782937 4.81081198515
6ad6ad-4ad6ad -8.51996216557 -0.770000565794 4.38172022054
6ad6ad-6ad -8.62352597888 -0.896751121311 4.32941746753
6ad6ad-6ad-6ad -8.47035501073 -1.13102352307 4.06819563429
6ad6ad-6ad-6ad- -8.56840482112 -0.89867477966 4.30376811924
6ad6ad-6ad6ad- -8.48690745482 -1.12829996892 4.08619480296
6ad6ad6ad -8.69591807054 -0.674397575096 4.53246070544
6ad6ad6ad-6ad -8.47239425447 -1.12813464635 4.07396876659
6ad6ad6ad-6ad- -8.57239089055 -0.891981268363 4.30989598198
6ad6ad6ad6ad -8.57008961645 -0.886064071641 4.31607969049
6ad6ad6ad6ad- -8.57386595061 -0.884242669456 4.31865557558
6ae6ae -8.06572305632 0.364161477995 4.69543118932
6ae6ae- -8.01770663536 0.372147916404 4.68685583973
6ae6ae-4ae6ae -7.58829904498 0.0382927541952 4.24615163996
6ae6ae-6ae -7.75378167056 0.0758725496733 4.35080166693
6ae6ae-6ae-6ae -7.62088363831 -0.105590432664 4.1483196148
6ae6ae-6ae-6ae- -7.63260618109 -0.110513082175 4.15001701798
6ae6ae-6ae6ae- -7.61728153848 -0.0802820614445 4.17179757814
6ae6ae6ae -7.79463961488 0.0565973781444 4.35437946376
6ae6ae6ae-6ae -7.62557416202 -0.0908277240948 4.16988220009
6ae6ae6ae-6ae- -7.62728692414 -0.103529960364 4.15446562454
6ae6ae6ae6ae -7.64911319077 -0.105411909732 4.169769436
6ae6ae6ae6ae- -7.63851134904 -0.105959829076 4.16837768078
6af6af -7.77670735083 0.567434595844 4.52185735606
6af6af- -7.74454392066 0.550562648215 4.50283156526
6af6af-4af6af -7.17708840484 0.200173025004 3.99214181347
6af6af-6af -7.41726417806 0.249505650519 4.1323126396
6af6af-6af-6af -7.19545932845 0.0482007343116 3.87220509704
6af6af-6af-6af- -7.20467164231 0.00648764938037 3.85018926439
6af6af-6af6af- -7.27690117844 0.0815635693635 3.94728852275
6af6af6af -7.52351192399 0.293827684152 4.21347063589
6af6af6af-6af -7.3231813387 0.0785978838781 3.96591074844
6af6af6af-6af- -7.33265149345 0.0378052855285 3.94567875934
6af6af6af6af -7.38994548581 0.14586263567 4.04747760431
6af6af6af6af- -7.39611349598 0.0978549306437 4.0172033288
6ah6ah -7.57246909525 0.678245171626 4.45494488048
6ah6ah- -7.51634409667 0.675171840637 4.43338690672
6ah6ah-4ah6ah -7.14196121756 0.411508729198 4.08005373559
6ah6ah-6ah -7.2734491681 0.405452265179 4.12957061147
6ah6ah-6ah-6ah -7.17743501038 0.265944395739 3.98403919656
6ah6ah-6ah-6ah- -7.19744306797 0.281537886701 4.00553017175
6ah6ah-6ah6ah- -7.14404767745 0.25881426307 3.964285315
6ah6ah6ah -7.33924346568 0.420178799354 4.16792409669
6ah6ah6ah-6ah -7.15811502233 0.256422971583 3.97115529966
6ah6ah6ah-6ah- -7.17811956722 0.268706585844 3.98492941576
6ah6ah6ah6ah -7.20887455999 0.277264545618 4.00800874174
6ah6ah6ah6ah- -7.1838973534 0.258810209241 3.98285491136
6ai6ai -8.05470032636 0.715475412603 4.87763949812
6ai6ai- -8.04818080337 0.72752662168 4.90897078709
6ai6ai-4ai6ai -7.51555333606 0.492163941851 4.48738753537
6ai6ai-6ai -7.72415075325 0.479443724985 4.58021167406
6ai6ai-6ai-6ai -7.56110552401 0.344457512276 4.3874359136
6ai6ai-6ai-6ai- -7.56335810906 0.352125128042 4.39012205997
6ai6ai-6ai6ai- -7.56270532204 0.348015798569 4.40087364233
6ai6ai6ai -7.72307670836 0.475337683554 4.55228504418
6ai6ai6ai-6ai -7.55009011243 0.33673196522 4.38251806715
6ai6ai6ai-6ai- -7.55623612606 0.344424230772 4.38611212203
6ai6ai6ai6ai -7.54866591708 0.34362174692 4.37202571305
6ai6ai6ai6ai- -7.54498672267 0.334683251094 4.3673966853
6al6al -7.45796181847 0.543620416136 4.32561766009
6al6al- -7.51213493065 0.583853690069 4.39850982942
6al6al6al -7.10383284183 0.228778126639 3.92166820495
6al6al6al6al -6.9016287466 0.065323514148 3.70070044552
6al6al6al6al- -6.89876823215 0.0992928320863 3.71652919389
6da6da -8.984968568 -0.146442102485 5.00291823912
6da6da- -8.87435988126 -0.45276211587 4.75408325149
6da6da-4da6da -8.53886920041 -0.611546371884 4.50242758684
6da6da-6da -8.59560966905 -0.830138428313 4.36632848688
6da6da-6da-6da -8.57993811507 -0.758618578059 4.4315158581
6da6da-6da-6da- -8.62880099642 -0.642362641059 4.55566245458
6da6da-6da6da- -8.46268384087 -1.04341902376 4.14606613986
6da6da6da -8.76350516043 -0.389489101404 4.77230819435
6da6da6da-6da -8.5718072284 -0.768003799375 4.40189317717
6da6da6da-6da- -8.5748518163 -0.729352284812 4.42892186276
6da6da6da6da -8.66549468919 -0.527989655911 4.64710023402
6da6da6da6da- -8.61841352854 -0.657587592517 4.51138747972
6dd -9.86146497674 -0.777450272519 5.1859174432
6dd6dd -9.61277030632 -1.17419764422 4.90473996323
6dd6dd6dd -9.47790325555 -1.41851960821 4.66380628041
6dd6dd6dd6dd -9.4181264532 -1.57038014614 4.57872815348
6de6de -8.73724233756 -0.507965813867 4.69238887715
6de6de6de -8.62338683241 -0.659886439357 4.55175492645
6de6de6de6de -8.56965217771 -0.748172982979 4.5233724872
6df6df -8.47505305105 -0.00833967397778 4.60111339551
6df6df- -8.53043825082 -0.230398831917 4.56016184749
6df6df-4df6df -8.16670433135 -0.423581690883 4.24890621308
6df6df-6df -8.32255860728 -0.396563239148 4.3344817835
6df6df-6df-6df -8.17862380124 -0.556025904687 4.15430569455
6df6df-6df-6df- -8.21522586318 -0.532234489291 4.19274002041
6df6df-6df6df- -8.28647462597 -0.578821213289 4.20606650708
6df6df6df -8.38208392354 -0.234819602601 4.43675322081
6df6df6df-6df -8.29051119741 -0.578330869196 4.19991317922
6df6df6df-6df- -8.29678988497 -0.608321240235 4.18084334137
6df6df6df6df -8.34319908973 -0.354131733637 4.36721428032
6df6df6df6df- -8.35634924084 -0.567002745692 4.25628588115
6dh6dh -8.21399848383 0.11991661093 4.52951724681
6dh6dh- -8.09591514758 -0.00271484323436 4.38371050146
6dh6dh-4dh6dh -7.92691938859 -0.187349415354 4.20912045785
6dh6dh-6dh -8.01981700389 -0.149199509734 4.25076081984
6dh6dh-6dh-6dh -7.97491122295 -0.302795489576 4.14948213056
6dh6dh-6dh-6dh- -7.96477833527 -0.219115112109 4.17358878351
6dh6dh-6dh6dh- -7.99530825201 -0.265884707282 4.17002411213
6dh6dh6dh -7.97652962539 -0.175423708535 4.20102322723
6dh6dh6dh-6dh -7.99272862036 -0.262721148972 4.17145679671
6dh6dh6dh-6dh- -7.98589864442 -0.282134973374 4.13099701433
6dh6dh6dh6dh -7.92963744375 -0.301106742604 4.09978931821
6dh6dh6dh6dh- -7.97508873943 -0.302976579473 4.14947399471
6di6di -8.82505892276 -0.0532142662742 4.91854351459
6di6di- -8.82511051281 -0.0536788501231 4.91825534997
6di6di-4di6di -8.54345754229 -0.190639260903 4.73948580045
6di6di-6di -8.68173895059 -0.17294540487 4.76928692311
6di6di-6di-6di -8.60878398494 -0.260437137315 4.68526689299
6di6di-6di-6di- -8.59075210217 -0.321342874315 4.6750462093
6di6di-6di6di- -8.62443332115 -0.239507917084 4.71901473611
6di6di6di-6di -8.59649259667 -0.27648546339 4.67804574691
6di6di6di-6di- -8.56609339212 -0.320877099584 4.63935049823
6di6di6di6di -8.59004204148 -0.321872227596 4.67426999469
6di6di6di6di- -8.60877645693 -0.260443855751 4.68526035097
6dl6dl -8.27038031241 0.11955515716 4.55630377123
6dl6dl- -8.20541796922 0.0452627097992 4.46347515434
6dl6dl6dl -8.11433506623 -0.111453546395 4.3404215129
6dl6dl6dl6dl -7.9585201225 -0.343792546316 4.09049291327
6dl6dl6dl6dl- -8.00272075296 -0.195911950321 4.2228204965
6ea6ea -8.10403478747 0.575424565912 4.81153481429
6ea6ea- -7.99860933275 0.382341891216 4.63381366663
6ea6ea-4ea6ea -7.62114313168 0.178310412985 4.36765025253
6ea6ea-6ea -7.68927145253 -0.0834493403154 4.21505575936
6ea6ea-6ea-6ea -7.63543980311 0.0474799855856 4.27638279455
6ea6ea-6ea-6ea- -7.68932677072 0.112494422717 4.36647460676
6ea6ea-6ea6ea- -7.57915902687 -0.0333082559257 4.17779475741
6ea6ea6ea -7.85389675201 0.344869010299 4.57727130651
6ea6ea6ea-6ea -7.59957221212 0.0305441739527 4.21979376637
6ea6ea6ea-6ea- -7.64391109296 0.0892631805815 4.28947777904
6ea6ea6ea6ea -7.72770577868 0.223877648521 4.4457303327
6ea6ea6ea6ea- -7.66317347445 0.139548184915 4.33304253419
6ed6ed -8.75543117389 -0.511599618466 4.72273162084
6ed6ed6ed -8.62170023758 -0.683270128067 4.5365514105
6ed6ed6ed6ed -8.55663625372 -0.790193312918 4.51534789014
6ee -8.22594545292 0.303629474088 4.74474580312
6ee6ee -7.96023025242 0.149085777094 4.56880299275
6ee6ee6ee -7.79944814825 0.0527188673571 4.42639212617
6ee6ee6ee6ee -7.71285271598 -0.0161157395595 4.36884575391
6ef6ef -7.67799242198 0.621125363818 4.45425729727
6ef6ef- -7.65283206858 0.422987992111 4.35419061495
6ef6ef-4ef6ef -7.29345692776 0.283116866904 4.11445635213
6ef6ef-6ef -7.44727401436 0.305139927422 4.17807118713
6ef6ef-6ef-6ef -7.31778099824 0.214811345697 4.05729854309
6ef6ef-6ef-6ef- -7.33567745331 0.193709643105 4.05774594549
6ef6ef-6ef6ef- -7.37078861521 0.169756015854 4.06273621786
6ef6ef6ef -7.54165548277 0.445961697749 4.27742819739
6ef6ef6ef-6ef -7.38646203411 0.15861304298 4.04176112045
6ef6ef6ef-6ef- -7.40669630261 0.127574578449 4.04301932706
6ef6ef6ef6ef -7.47595932195 0.341795079129 4.18907541316
6ef6ef6ef6ef- -7.47943457507 0.187787249935 4.10728769345
6eh6eh -7.44155481162 0.637313108428 4.34030827341
6eh6eh- -7.44022080625 0.637786327928 4.3398526257
6eh6eh-4eh6eh -7.20135373636 0.470489052558 4.13528150809
6eh6eh-6eh -7.32050960876 0.499237832696 4.18978883244
6eh6eh-6eh-6eh -7.26573302836 0.422476793475 4.10449157809
6eh6eh-6eh-6eh- -7.28831747434 0.465640108794 4.15474409458
6eh6eh-6eh6eh- -7.25915869527 0.426680857969 4.10422893546
6eh6eh6eh -7.29227191483 0.460804044347 4.15365555165
6eh6eh6eh-6eh -7.27659480713 0.439483706875 4.11023575635
6eh6eh6eh-6eh- -7.278707547 0.441864798578 4.11808513799
6eh6eh6eh6eh -7.21488566348 0.351142918278 4.04818847814
6eh6eh6eh6eh- -7.30979728542 0.486007221914 4.13978971245
6ei6ei -7.98365003757 0.663927206888 4.7716334541
6ei6ei- -7.98365547588 0.663930070018 4.77163740877
6ei6ei-4ei6ei -7.69191434324 0.600969062041 4.59040559043
6ei6ei-6ei -7.82120836646 0.613923498451 4.63464347344
6ei6ei-6ei-6ei -7.74775657211 0.590918710691 4.58235182281
6ei6ei-6ei-6ei- -7.69917098386 0.474956037335 4.52914659886
6ei6ei-6ei6ei- -7.69917322781 0.474960023224 4.52914902254
6ei6ei6ei -7.79577934073 0.572980990104 4.61105690573
6ei6ei6ei-6ei -7.7476779039 0.590929317981 4.5822870675
6ei6ei6ei-6ei- -7.71801453679 0.540480637909 4.55123652222
6ei6ei6ei6ei -7.69917979162 0.474980835807 4.52916012451
6ei6ei6ei6ei- -7.72666022833 0.528908070044 4.56205213135
6el6el -7.48345917432 0.724387798576 4.40911157273
6el6el- -7.47157443004 0.715601531554 4.39516329977
6el6el6el -7.28584980407 0.566245839034 4.21171217904
6el6el6el6el -7.1770574988 0.477102618306 4.10942354127
6el6el6el6el- -7.14570540837 0.523369686344 4.10873002455
6fa6fa -7.56165396882 0.380136277445 4.22458583966
6fa6fa- -7.62084974067 0.54834499909 4.47880613885
6fa6fa-4fa6fa -7.27643045282 0.374484034395 4.15324124409
6fa6fa-6fa -7.39879443846 0.237739387827 4.12758453746
6fa6fa-6fa-6fa -7.27799641263 0.198423621272 4.02715566411
6fa6fa-6fa-6fa- -7.21419822786 0.305808644858 4.0601621324
6fa6fa-6fa6fa- -7.176079598 0.111916561998 3.90743188711
6fa6fa6fa -7.21985308569 0.00371674292076 3.76630800582
6fa6fa6fa-6fa -7.13023583366 0.00969312701364 3.76823200726
6fa6fa6fa-6fa- -7.06572876402 0.112731039089 3.78717929825
6fa6fa6fa6fa -7.04401473044 -0.196983755513 3.52619890699
6fa6fa6fa6fa- -6.99643186529 -0.0748236130322 3.58657689231
6fd6fd -8.23536980563 -0.488241159911 4.10574255652
6fd6fd- -8.41753531603 -0.0646242976475 4.59045204977
6fd6fd-4fd6fd -8.30126294188 -0.325417627265 4.37032785309
6fd6fd-6fd -8.33234637424 -0.433603624301 4.29825396546
6fd6fd-6fd-6fd -8.27715124223 -0.483816199391 4.22931680679
6fd6fd-6fd-6fd- -8.21239284921 -0.420341896246 4.24418839355
6fd6fd-6fd6fd- -8.18850553897 -0.57396505217 4.12761718576
6fd6fd6fd -8.01475366558 -0.939374623977 3.68216010402
6fd6fd6fd-6fd -8.16687907623 -0.763153586588 3.92259312349
6fd6fd6fd-6fd- -8.08339257897 -0.707621626856 3.90691275046
6fd6fd6fd6fd -7.90798881825 -1.19054186995 3.4699659658
6fd6fd6fd6fd- -7.96089792119 -0.968576176282 3.63354893522
6fe6fe -7.42208999484 0.185082302333 4.00419013368
6fe6fe- -7.60770427974 0.605583533098 4.47456526245
6fe6fe-4fe6fe -7.36988188758 0.389374578785 4.20712650136
6fe6fe-6fe -7.45783764393 0.260345369632 4.16734174084
6fe6fe-6fe-6fe -7.36006641844 0.200199878877 4.06073776263
6fe6fe-6fe-6fe- -7.28832122165 0.320052374531 4.08005415874
6fe6fe-6fe6fe- -7.31097600958 0.171405670325 4.02017923321
6fe6fe6fe -7.12239432317 -0.266238619794 3.53528000773
6fe6fe6fe-6fe -7.23577557943 -0.0326633453682 3.77742251854
6fe6fe6fe-6fe- -7.17823983794 0.0600138339479 3.79026926921
6fe6fe6fe6fe -6.98134497134 -0.474563265072 3.32702451529
6fe6fe6fe6fe- -7.04579691123 -0.233728928597 3.50050781319
6ff -7.71671110545 1.10543765939 4.65932272991
6ff6ff -7.17721343472 0.386947576274 3.90394263478
6ff6ff- -7.24327310204 0.585884712845 4.13703389912
6ff6ff-4ff6ff -6.91893726552 0.371363723497 3.82035342678
6ff6ff-6ff -7.07442277103 0.291692063411 3.87141935778
6ff6ff-6ff-6ff -6.90871443024 0.198522437778 3.68684663128
6ff6ff-6ff-6ff- -6.82610075181 0.265315954915 3.67038094077
6ff6ff-6ff6ff- -6.87791447414 0.178391539785 3.6749614046
6ff6ff6ff -6.91392628872 0.0253587150136 3.51587415595
6ff6ff6ff-6ff -6.84893460819 0.044958023805 3.51698849103
6ff6ff6ff-6ff- -6.78088454986 0.114741150279 3.51393085769
6ff6ff6ff6ff -6.77047067554 -0.176365906011 3.30638321992
6ff6ff6ff6ff- -6.74068826135 -0.0510536354735 3.36514211345
6fh6fh -7.02270320437 0.463691295833 3.85847264511
6fh6fh- -7.1428956283 0.751817473838 4.17854622034
6fh6fh-4fh6fh -6.90874076763 0.524774120373 3.92346567462
6fh6fh-6fh -7.02468903268 0.416629126826 3.92565921375
6fh6fh-6fh-6fh -6.92483388397 0.34567380355 3.80423264185
6fh6fh-6fh-6fh- -6.8542296196 0.508346654831 3.84241267619
6fh6fh-6fh6fh- -6.8337039283 0.325584622426 3.73969455832
6fh6fh6fh -6.76667245544 0.106454212357 3.48128425249
6fh6fh6fh-6fh -6.77252007841 0.184741907318 3.55224642317
6fh6fh6fh-6fh- -6.69640460396 0.3073418464 3.5733736699
6fh6fh6fh6fh -6.62450010153 -0.094038070812 3.27801162429
6fh6fh6fh6fh- -6.60651941194 0.0715071907899 3.36298617709
6fi6fi -7.36138052843 0.521932397949 4.15990251837
6fi6fi- -7.57264023381 0.896203518234 4.59637748507
6fi6fi-4fi6fi -7.34218360358 0.860698659244 4.41628120573
6fi6fi-6fi -7.44545262689 0.698909326456 4.38532047683
6fi6fi-6fi-6fi -7.32542055589 0.656198930272 4.27912885696
6fi6fi-6fi-6fi- -7.25768361513 0.764507793868 4.30272014533
6fi6fi-6fi6fi- -7.29426996366 0.669303855609 4.27762147909
6fi6fi6fi -7.03934948079 0.167235762092 3.74531630481
6fi6fi6fi-6fi -7.13541633327 0.380607030896 3.95024041357
6fi6fi6fi-6fi- -7.05971825572 0.455790130774 3.94897215511
6fi6fi6fi6fi -6.86752438871 -0.0151286704489 3.51607576985
6fi6fi6fi6fi- -6.89224300936 0.150693440648 3.64522005541
6fl6fl -6.87329748251 0.419231373451 3.72780608632
6fl6fl- -7.10617969543 0.91096386253 4.2369221708
6fl6fl6fl -6.54676991204 0.0642868773011 3.31319967907
6fl6fl6fl6fl -6.36121689389 -0.126087650499 3.09264769278
6fl6fl6fl6fl- -6.44124271129 0.0813640297473 3.25494954866
6ha6ha -7.36309460157 0.639412785502 4.25075116733
6ha6ha- -7.49162841619 0.718923490149 4.45436691811
6ha6ha-4ha6ha -7.01268072041 0.375645032485 3.92127070141
6ha6ha-6ha -7.2157913044 0.44756883512 4.11530288842
6ha6ha-6ha-6ha -6.98926094836 0.233405524006 3.78630556262
6ha6ha-6ha-6ha- -6.95147766508 0.186519470934 3.72233097252
6ha6ha-6ha6ha- -7.0752778531 0.303538569555 3.93597538492
6ha6ha6ha -7.05733886292 0.320537819707 3.85859679894
6ha6ha6ha-6ha -7.00831183714 0.261368136524 3.83191107663
6ha6ha6ha-6ha- -6.97881308806 0.223747455786 3.78523877629
6ha6ha6ha6ha -6.90541765319 0.153889201412 3.66126650984
6ha6ha6ha6ha- -6.93344883431 0.194241130589 3.70753838759
6hd6hd -8.04317642902 -0.0845946602439 4.2374929207
6hd6hd- -8.11283956537 0.0507394865992 4.4234131165
6hd6hd-4hd6hd -7.87907906002 -0.361371300754 4.01390475957
6hd6hd-6hd -8.00106243754 -0.193019487591 4.19852403143
6hd6hd-6hd-6hd -7.86740596952 -0.484884230795 3.90046679212
6hd6hd-6hd-6hd- -7.81001008003 -0.538696885834 3.83340952055
6hd6hd-6hd6hd- -7.94358706105 -0.328551395101 4.09415681672
6hd6hd6hd -7.88387187089 -0.45232068707 3.92244487059
6hd6hd6hd-6hd -7.93459226951 -0.485604218516 3.97570919273
6hd6hd6hd-6hd- -7.85635503169 -0.540852122929 3.89363453321
6hd6hd6hd6hd -7.80723667806 -0.653148270347 3.77165123011
6hd6hd6hd6hd- -7.85639935883 -0.609922286975 3.8170977448
6he6he -7.28355927415 0.492732907601 4.10755608935
6he6he- -7.44011555027 0.649775579151 4.36867960441
6he6he-4he6he -7.10008906201 0.320141296777 3.94123173533
6he6he-6he -7.28471129969 0.455715981946 4.15079238019
6he6he-6he-6he -7.07057687777 0.191990015499 3.8029307851
6he6he-6he-6he- -7.01515310463 0.122698799214 3.73030219069
6he6he-6he6he- -7.21239789877 0.350565006846 4.04844284532
6he6he6he -7.0803574196 0.189273853019 3.79908177634
6he6he6he-6he -7.14190865558 0.217133553509 3.86552208586
6he6he6he-6he- -7.07250763611 0.154990188595 3.81593164106
6he6he6he6he -6.97468914315 0.025090848185 3.64465144783
6he6he6he6he- -7.03908170129 0.0849554960764 3.71290692273
6hf6hf -7.09019790848 0.635029429715 4.00475611239
6hf6hf- -7.19780224035 0.645139905814 4.13223619989
6hf6hf-4hf6hf -6.78441155543 0.345342148624 3.69557232972
6hf6hf-6hf -7.02485346619 0.449582126182 3.93594159253
6hf6hf-6hf-6hf -6.75627216236 0.210878982888 3.56564364969
6hf6hf-6hf-6hf- -6.65198083256 0.128181049929 3.4453789748
6hf6hf-6hf6hf- -6.88550930357 0.300196581541 3.75588522006
6hf6hf6hf -6.88094576414 0.35809878397 3.70191258501
6hf6hf6hf-6hf -6.84682176358 0.269625428224 3.66067427251
6hf6hf6hf-6hf- -6.78254002779 0.181498991981 3.56559980416
6hf6hf6hf6hf -6.77170492235 0.203681960513 3.54213840007
6hf6hf6hf6hf- -6.78332987711 0.216595860637 3.56230794748
6hh -7.38347432176 1.20542296425 4.51758871628
6hh6hh -6.99570220777 0.712589594939 4.00389981641
6hh6hh6hh -6.78973742635 0.442730354461 3.70911657628
6hh6hh6hh6hh -6.68095325286 0.292073454295 3.5535055893
6hi6hi -7.28053927253 0.804221021453 4.29228250217
6hi6hi- -7.47034682418 1.00583986254 4.54929908088
6hi6hi-4hi6hi -7.05114766407 0.773322163173 4.15136740847
6hi6hi-6hi -7.30712548362 0.886044711449 4.3768127554
6hi6hi-6hi-6hi -7.05590725963 0.638698376778 4.05094351833
6hi6hi-6hi-6hi- -6.97376740703 0.536148957199 3.94250991061
6hi6hi-6hi6hi- -7.23126785994 0.83080039286 4.29007525626
6hi6hi6hi -7.04164393188 0.556078320931 3.99946550269
6hi6hi6hi-6hi -7.12247358976 0.639013378349 4.09772976645
6hi6hi6hi-6hi- -7.05655141942 0.589772770315 4.0439565739
6hi6hi6hi6hi -6.91488358335 0.419613140916 3.84586002686
6hi6hi6hi6hi- -6.97454356541 0.491592322305 3.91748299097
6hl6hl -6.84267906335 0.70670051527 3.88679001597
6hl6hl- -7.01979216849 0.95726992079 4.1889000557
6hl6hl6hl -6.56890348592 0.432422523361 3.55438864428
6hl6hl6hl6hl -6.4149881385 0.280318319723 3.37714365424
6hl6hl6hl6hl- -6.47341905007 0.377940449799 3.46358646141
6ia6ia -8.04705173481 0.764148102486 4.90884899987
6ia6ia- -8.0152583537 0.747934895332 4.90380003844
6ia6ia-4ia6ia -7.51696323611 0.515171394866 4.49775463424
6ia6ia-6ia -7.68454033234 0.499196556813 4.56557974923
6ia6ia-6ia-6ia -7.53315475173 0.375569246983 4.38772261568
6ia6ia-6ia-6ia- -7.5494159661 0.378160127006 4.40438722651
6ia6ia-6ia6ia- -7.52152239167 0.369511912618 4.38277548864
6ia6ia6ia -7.71713326911 0.528317186769 4.58472488594
6ia6ia6ia-6ia -7.51682883301 0.380754210256 4.37612659154
6ia6ia6ia-6ia- -7.53087508411 0.380543019857 4.38690955602
6ia6ia6ia6ia -7.55007993175 0.400254355699 4.40953226245
6ia6ia6ia6ia- -7.52976170644 0.392204827586 4.38754126513
6id6id -8.78251432759 -0.0172728251151 4.94684054374
6id6id- -8.82181032347 -0.00969882842031 4.99802687381
6id6id-4id6id -8.53335238509 -0.318000119163 4.67850118498
6id6id-6id -8.66885058035 -0.19263982417 4.77925290935
6id6id-6id-6id -8.53460083164 -0.416081428907 4.57822075284
6id6id-6id-6id- -8.51093979528 -0.433783191397 4.56285680625
6id6id-6id6id- -8.59956253148 -0.313888287022 4.68525637091
6id6id6id -8.59741914399 -0.277354760324 4.69495896157
6id6id6id-6id -8.57395694646 -0.37391723184 4.62955481753
6id6id6id-6id- -8.52204985628 -0.417953862857 4.57590323077
6id6id6id6id -8.50612745592 -0.44050439096 4.55832410752
6id6id6id6id- -8.52778623787 -0.421810277781 4.5726758145
6ie6ie -7.90064890449 0.645494879724 4.7158362913
6ie6ie- -7.97702918881 0.711390916385 4.81274979437
6ie6ie-4ie6ie -7.63210718102 0.492878848204 4.52729967073
6ie6ie-6ie -7.82991941374 0.630593184039 4.66187316896
6ie6ie-6ie-6ie -7.65651184506 0.403280913837 4.45176643353
6ie6ie-6ie-6ie- -7.59733652304 0.342293975672 4.38842776806
6ie6ie-6ie6ie- -7.76090028824 0.570330821935 4.60394749787
6ie6ie6ie -7.69584292369 0.414514063003 4.47683998962
6ie6ie6ie-6ie -7.72986231474 0.444968086269 4.51857461141
6ie6ie6ie-6ie- -7.64180191359 0.379104273516 4.44751380528
6ie6ie6ie6ie -7.58360505185 0.287255093592 4.34966815266
6ie6ie6ie6ie- -7.63816674614 0.334716116672 4.39883936473
6if6if -7.59412230914 0.789006696711 4.48848309814
6if6if- -7.64648770378 0.844133201681 4.55253725513
6if6if-4if6if -7.20343195845 0.642201762414 4.2196533345
6if6if-6if -7.43260901553 0.738532335148 4.37207022511
6if6if-6if-6if -7.19864669111 0.518103124645 4.11310222032
6if6if-6if-6if- -7.1636623989 0.435456354796 4.05072439977
6if6if-6if6if- -7.34967934475 0.659476016357 4.28394142798
6if6if6if -7.39642883805 0.582639645767 4.25530146068
6if6if6if-6if -7.35492271168 0.574739686393 4.22125114597
6if6if6if-6if- -7.3066282092 0.468337418586 4.14427977398
6if6if6if6if -7.2945946853 0.469820415483 4.13251147806
6if6if6if6if- -7.33980046394 0.480622438529 4.15484098454
6ih6ih -7.41374461606 0.890165970297 4.43131939197
6ih6ih- -7.46846784797 0.994012314581 4.51423086483
6ih6ih-4ih6ih -7.15795725082 0.834258432498 4.26236551505
6ih6ih-6ih -7.32873743577 0.887681485259 4.36451838995
6ih6ih-6ih-6ih -7.19016163763 0.717738703158 4.18959869079
6ih6ih-6ih-6ih- -7.16126046422 0.676204836273 4.15161324998
6ih6ih-6ih6ih- -7.26410285058 0.836238208704 4.28835701526
6ih6ih6ih -7.2309009128 0.699465878954 4.21721378094
6ih6ih6ih-6ih -7.22038490024 0.709248638531 4.21520211654
6ih6ih6ih-6ih- -7.19149182098 0.681759136663 4.1821452787
6ih6ih6ih6ih -7.1297157188 0.591629485639 4.10016963748
6ih6ih6ih6ih- -7.15525502137 0.623086825815 4.13139300877
6ii -8.36406280057 1.21751491265 5.18736315161
6ii6ii -7.93925858385 0.984044501986 4.8811692135
6ii6ii6ii6ii -7.55413694295 0.743041439386 4.55098233816
6il6il- -7.45861394127 1.01702861396 4.54817085995
6il6il6il6il -6.9629981769 0.583644699545 4.02290118787
6la6la6la6la -7.18228035148 0.560636103162 4.19194951137
6ld6ld -8.33655303232 0.120037545111 4.65030338407
6ld6ld6ld -8.18605395208 -0.126304709577 4.41270933573
6ld6ld6ld6ld -8.10913505321 -0.267316203603 4.28384672354
6le6le -7.50852980969 0.711317563878 4.44500006246
6le6le6le -7.30752102103 0.510161744909 4.2066065416
6le6le6le6le -7.19654340611 0.400679179394 4.07742199319
6lf6lf -7.21700639414 0.842309013799 4.25236787331
6lf6lf6lf -7.01740345802 0.672680282887 4.02972061689
6lf6lf6lf6lf -6.90896113667 0.577571668604 3.91003901176
6lh6lh -7.09139860831 0.917898335406 4.21116720167
6lh6lh6lh -6.89472911374 0.74960650373 3.99021417613
6lh6lh6lh6lh -6.78915500979 0.661095431431 3.87455656706
6li6li -7.52110399329 1.07005099896 4.62023516542
6li6li6li -7.27661223249 0.930717101569 4.4018428426
6li6li6li6li -7.15648799666 0.86857141831 4.29718449491
6ll -7.43965792467 1.20327728254 4.54332769684
6ll6ll -6.99810634375 0.922372184915 4.14648468082
6ll6ll6ll -6.73346445718 0.748263665106 3.88147023468
6ll6ll6ll6ll -6.57875660516 0.654166741958 3.7329192394
