12dd -4.72267644121 2.01747089673 5.93134604051
12dd12dd -0.577296366729 4.11247488245 3.88769208454
12dd12dd- -0.434029237371 4.24141914035 3.82810561989
12dd12dd-12dd 6.39578171848 10.6132627967 3.44999251208
12dd12dd-12dd-12dd 14.7415281958 17.2498864971 1.87492011991
12dd12dd-12dd-12dd- 13.6220652049 15.3337889208 1.09604192379
12dd12dd-12dd12dd- 14.3749948364 16.4385139148 1.42120523458
12dd12dd-4dd12dd 13.3940550138 15.8280197116 1.85013787896
12dd12dd12dd 5.12125814488 8.85731688179 3.03139907865
12dd12dd12dd-12dd 13.7328693961 15.9372340305 1.58198386323
12dd12dd12dd-12dd- 12.5424905822 15.4515111109 2.25409650361
12dd12dd12dd12dd 11.9652528896 14.378510181 1.76814572044
12dd12dd12dd12dd- 13.6220684388 15.3337905059 1.09604024757
12dh -7.6078585682 -0.970751830091 4.6159286098
12dh12dh -7.98306872429 -3.22567897936 3.81608443673
12dh12dh- -7.63252455911 -3.03035933408 3.58048121412
12dh12dh-12dh -9.41132055676 -5.59860684232 2.93716846523
12dh12dh-12dh-12dh -32.9376584893 -30.9288702282 1.26316257089
12dh12dh-12dh-12dh- -31.2706633589 -29.909883155 0.684463547713
12dh12dh-12dh12dh- -32.8468346287 -30.6636629012 1.54329640781
12dh12dh-4dh12dh -13.6145239038 -10.4659880739 2.35611042584
12dh12dh12dh -9.80781150567 -5.73353569736 3.223916994
12dh12dh12dh-12dh -31.2852120426 -29.5014780382 0.977474682911
12dh12dh12dh-12dh- -15.0953134977 -11.6083052661 2.44322799127
12dh12dh12dh12dh -15.7377051832 -12.2706314695 2.4323712699
12dh12dh12dh12dh- -30.938097205 -29.739198354 0.532273146661
12hd -7.60785952779 -0.970753926826 4.61593493889
12hd12hd -7.98307554135 -3.2256778318 3.81609397221
12hd12hd- -7.63257438925 -3.03038986802 3.58054893618
12hd12hd-12hd -9.41132375441 -5.59861113681 2.9371679942
12hd12hd-12hd-12hd -32.9376338904 -30.9288599827 1.26313576005
12hd12hd-12hd-12hd- -30.938073325 -29.7392036245 0.532246464417
12hd12hd-12hd12hd- -32.8468416552 -30.6636755199 1.54329231769
12hd12hd-4hd12hd -13.3594689351 -10.075611805 2.46119250339
12hd12hd12hd -9.8078018257 -5.73353755346 3.22390389423
12hd12hd12hd-12hd -31.2953696036 -29.7994577808 0.804479343613
12hd12hd12hd-12hd- -15.095325286 -11.608318186 2.44322614751
12hd12hd12hd12hd -15.735566266 -12.267924637 2.43311693116
12hd12hd12hd12hd- -31.2704590851 -29.9096362365 0.684466536492
12hh -9.98594461356 -3.19617887343 5.56709082742
12hh12hh -12.5138893011 -7.83242396376 3.87892975602
12hh12hh- -12.1472694211 -7.58032167265 3.83599297628
12hh12hh-12hh -16.1248137851 -12.4366531016 2.68061339551
12hh12hh-12hh-12hh- -37.4400776085 -36.0368109972 0.112509040571
12hh12hh-12hh12hh- -39.9922617858 -37.8219184127 0.805176666717
12hh12hh-4hh12hh -39.4589151828 -38.6057302 0.217255267913
12hh12hh12hh -15.8091889501 -11.8284440443 3.03296896215
12hh12hh12hh-12hh -37.9174158708 -36.7877778157 0.169292016787
12hh12hh12hh-12hh- -37.4668321218 -35.0981009677 0.729866402287
12hh12hh12hh12hh -34.0899157082 -32.4563591325 0.283436667465
12hh12hh12hh12hh- -37.4407662501 -36.0366566495 0.113159365112
13aa -7.83263283244 -3.91066521523 1.75187891572
13aa13aa -7.7842251746 -4.13695378326 1.65277041036
13aa13aa- -7.91361554467 -4.52696864832 1.45497001576
13aa13aa-13aa -8.69615957455 -5.29598768913 1.62911882088
13aa13aa-13aa-13aa- -9.86635598419 -6.31488668044 1.96420741574
13aa13aa-13aa13aa- -9.75983240006 -6.18839575368 1.89729689678
13aa13aa-4aa13aa -7.98818933031 -4.67460326699 1.70616986703
13aa13aa13aa -8.82862184996 -5.33322510512 1.78233923316
13aa13aa13aa-13aa -9.83734735724 -6.38636566748 1.85272222148
13aa13aa13aa-13aa- -9.7961986995 -6.35974557771 1.93178447113
13aa13aa13aa13aa -9.90976169761 -6.32738103171 1.92570922027
13aa13aa13aa13aa- -9.86655638002 -6.31494388534 1.96443823607
13ad13ad -6.85764199545 -3.17431817443 1.72602211652
13ad13ad- -6.7607269554 -3.04283849137 1.65474946677
13ad13ad-13ad-13ad -31.0795205186 -29.9804711801 0.422107427763
13ad13ad-13ad-13ad- -31.9989863101 -29.4641294682 1.84584015795
13ad13ad-13ad13ad- -34.1328106288 -31.8205832357 1.75274445224
13ad13ad-4ad13ad -4.27112927441 -1.72244445767 0.93432068626
13ad13ad13ad-13ad -32.7557525321 -30.8740946476 1.33769363
13ad13ad13ad-13ad- -31.9088516396 -30.7177390559 0.644046270402
13ad13ad13ad13ad -28.0336245806 -26.6532052027 0.624204108663
13ad13ad13ad13ad- -31.8913818047 -29.8412419009 1.46607330207
13ae13ae -7.76866575821 -4.13204497454 1.85196009464
13ae13ae- -7.62394622839 -3.88236119473 1.82714921405
13ae13ae-13ae -8.31821466868 -4.52379677839 2.05484084616
13ae13ae-13ae-13ae -9.43329848249 -5.80010132058 2.23621505169
13ae13ae-13ae-13ae- -9.55877568498 -5.73072263475 2.2016307357
13ae13ae-13ae13ae- -9.3095141518 -5.35975787283 2.37509151444
13ae13ae-4ae13ae -7.55425102373 -3.98477018997 1.94887644112
13ae13ae13ae -8.4669339243 -5.1533859117 1.93777411493
13ae13ae13ae-13ae -9.36212436398 -5.90328272074 2.18511354234
13ae13ae13ae-13ae- -9.43765482956 -6.07059128039 2.13685290701
13ae13ae13ae13ae -9.70103987481 -5.89815854881 2.13083467744
13ae13ae13ae13ae- -9.44776099722 -6.24089958111 2.07362734269
13af13af -7.62010173808 -4.11576598671 1.64395120439
13af13af- -7.1725152582 -3.94290735526 1.35121384672
13af13af-13af -8.01167547206 -4.71262809054 1.61000339306
13af13af-13af-13af -9.3632631144 -6.12656839244 1.78403041192
13af13af-13af-13af- -9.52895571777 -6.50799338831 1.83194241842
13af13af-13af13af- -9.20965490433 -5.69268800052 1.9243608351
13af13af-4af13af -7.29152856849 -4.16169945074 1.65460942098
13af13af13af -8.75527718555 -5.18582540842 1.74293636307
13af13af13af-13af -9.48543796939 -6.14117367851 1.8954075037
13af13af13af-13af- -9.86149723827 -6.79580568234 1.82084087867
13af13af13af13af -10.2511797793 -6.57391470837 1.89902742625
13af13af13af13af- -9.89512295453 -6.42127065906 1.85454765372
13ah13ah -12.8915009925 -8.18314122231 3.01592924397
13ah13ah- -12.9022083727 -8.2154855969 2.59014218961
13ah13ah-13ah -19.4685986749 -14.9239441035 3.28051525028
13ah13ah-13ah-13ah -43.2053595685 -40.1672048398 1.966833235
13ah13ah-13ah-13ah- -43.0734859322 -39.5128312937 2.37154187299
13ah13ah-13ah13ah- -43.4769300022 -39.9552479089 2.36204587032
13ah13ah-4ah13ah -19.4567590529 -16.3173973615 1.88498073391
13ah13ah13ah -19.4511425512 -14.6885512425 2.8780419127
13ah13ah13ah-13ah -42.4431990985 -39.3243749261 2.0100558302
13ah13ah13ah-13ah- -42.3532943418 -38.6069556169 2.66316224564
13ah13ah13ah13ah -42.2391039315 -38.7832594357 2.5122008337
13ah13ah13ah13ah- -42.3073111805 -39.2915114388 2.00147708324
13ai13ai -7.84778064185 -4.01097402735 1.95192846413
13ai13ai- -7.8401883936 -4.12705297942 1.7319375426
13ai13ai-13ai-13ai -9.46793461667 -5.64885303115 2.18190860576
13ai13ai-13ai-13ai- -9.47675452441 -5.61415425045 2.22491553812
13ai13ai-13ai13ai- -9.39781376569 -5.6191129327 2.06059735158
13ai13ai-4ai13ai -7.7405413268 -4.1010694179 1.91319344926
13ai13ai13ai-13ai -9.41108137488 -5.66074227039 2.08104032818
13ai13ai13ai-13ai- -9.40230537028 -5.69981985268 2.16702795309
13ai13ai13ai13ai -9.5476241992 -5.60188986485 2.18356544269
13ai13ai13ai13ai- -9.52345948331 -5.61351974453 2.1561052762
13al13al -7.17465524057 -3.75292938937 1.29204002893
13al13al- -7.14182220775 -4.08090868353 1.10034826536
13al13al-13al -7.77743193866 -4.79356217639 1.17861212606
13al13al-13al-13al -8.86491903849 -5.71773337737 1.52579196644
13al13al-13al-13al- -8.98931347286 -5.50625825553 1.90266578085
13al13al-13al13al- -8.67877034513 -5.56045499161 1.4045610629
13al13al13al -7.9619269585 -4.92998614016 1.59165216346
13al13al13al-13al- -8.90185223429 -5.793826535 1.76823251768
13al13al13al13al -9.04901633088 -5.90813581474 1.80762631252
13al13al13al13al- -8.90351665785 -5.98882562294 1.55767709545
13da13da -6.85808264932 -3.1747167923 1.72590937072
13da13da- -6.76072258016 -3.04283000642 1.65475433595
13da13da-13da-13da -31.078695742 -29.9802266377 0.421513827748
13da13da-13da-13da- -32.0900646309 -30.1104697081 1.40358747831
13da13da-13da13da- -34.1328037469 -31.8205764774 1.75274476381
13da13da-4da13da -4.01611766238 -1.31980969597 1.25322485678
13da13da13da-13da -33.2989886909 -31.6972388145 1.05916015043
13da13da13da-13da- -31.9073027805 -30.7106551781 0.647809799618
13da13da13da13da -28.0335698931 -26.6531466688 0.624202907523
13da13da13da13da- -32.0022259486 -29.4672318205 1.8460453028
13dd -6.13551330057 -2.04864200466 1.71461496059
13dd13dd -1.75077575519 1.12486216245 0.772895366224
13dd13dd- -1.75028688076 1.12649884934 0.774141107659
13dd13dd-13dd 18.0376677827 20.8244090415 1.33209398942
13dd13dd-13dd-13dd 28.4468874264 30.987885206 1.66587071356
13dd13dd-13dd-13dd- 28.4542392736 29.8407841536 0.763893699354
13dd13dd-13dd13dd- 28.6512039189 30.6551947756 1.42786215096
13dd13dd-4dd13dd 24.0338668613 25.3746399763 0.749146877185
13dd13dd13dd 18.0373801829 20.8240018206 1.33181774299
13dd13dd13dd-13dd 28.6493143419 29.8472951018 0.631813938012
13dd13dd13dd-13dd- 27.9135666049 29.2114703459 0.726135550575
13dd13dd13dd13dd 28.6512194518 30.6551846217 1.42783440435
13dd13dd13dd13dd- 28.4538621192 29.8410827042 0.763581232148
13de13de -6.71638022853 -2.96364303054 1.77970524919
13de13de- -6.32015974714 -2.33601389946 1.99475386634
13de13de-13de -6.81762658742 -2.85943232326 2.12982117929
13de13de-13de-13de -33.9253926678 -32.6049832765 0.81721359352
13de13de-13de-13de- -33.157451562 -31.0385240104 1.56376030155
13de13de-13de13de- -33.9431388223 -31.5967792052 1.58239876049
13de13de-4de13de -2.82171514896 -0.153827593668 1.11422122554
13de13de13de -7.65115223126 -3.79980754853 1.96856072813
13de13de13de-13de -33.9618964635 -31.4558995902 1.69628631206
13de13de13de-13de- -33.0552298317 -30.2885672784 2.01165297637
13de13de13de13de -33.4461847842 -31.1105507012 1.77598604449
13de13de13de13de- -33.8326547002 -32.9842740526 0.380835663716
13df13df -6.50340744062 -2.84676677875 1.69057313472
13df13df- -6.32889520607 -2.74428798254 1.55651448348
13df13df-13df -7.42424529825 -3.68937950661 1.89409046173
13df13df-13df-13df -34.7135788585 -33.3872009553 0.87302292081
13df13df-13df-13df- -33.1240749649 -31.8072954827 0.778293457675
13df13df-13df13df- -34.2938526907 -32.8011939236 0.943955974846
13df13df-4df13df -4.10882835553 -1.1495929332 1.12969821374
13df13df13df -8.17608994545 -4.66406379319 2.03093799156
13df13df13df-13df -34.43399513 -32.1006463356 1.55702708614
13df13df13df-13df- -33.7922677943 -31.4181124168 1.75591936493
13df13df13df13df -34.0420347768 -31.7829320977 1.54820107852
13df13df13df13df- -34.6468007362 -33.7621459913 0.321146794176
13dh13dh -19.1006115342 -13.6384146065 3.17303444175
13dh13dh- -18.0722314929 -12.5967236628 3.59539032065
13dh13dh-13dh -51.7959971888 -48.7444910354 1.78547440656
13dh13dh-13dh-13dh -76.597844976 -74.5824119046 1.38282163093
13dh13dh-13dh-13dh- -74.7448079018 -73.7995291611 0.294149395661
13dh13dh-13dh13dh- -75.6835909038 -74.0153589899 1.06535346506
13dh13dh-4dh13dh -64.6328144758 -63.1903168241 0.90760798799
13dh13dh13dh -50.9399633523 -47.9038756691 2.47311731887
13dh13dh13dh-13dh -74.2668969728 -72.8848374327 0.892225911014
13dh13dh13dh-13dh- -74.4208173394 -72.4292716805 1.3943681498
13dh13dh13dh13dh -74.1010435586 -72.423746309 1.11430797997
13dh13dh13dh13dh- -74.8341487289 -73.3270154015 0.937070513071
13di13di -6.62026930337 -2.71479222613 1.86704697846
13di13di- -6.32355295658 -2.38278511199 1.83818526194
13di13di-13di -6.38935704657 -2.65565702261 1.85306976182
13di13di-13di-13di -30.475687128 -29.1509569227 0.634391193836
13di13di-13di-13di- -27.4918565937 -26.4704294012 0.274059950402
13di13di-13di13di- -33.2552445033 -31.0067113263 1.6029326493
13di13di-4di13di -2.79306445147 -0.535208548899 0.99262783936
13di13di13di -7.05737607216 -3.20322942506 1.9369715005
13di13di13di-13di -32.5347424412 -30.9685804568 1.01616459741
13di13di13di-13di- 100.0 100.0 100.0
13di13di13di13di -27.1733685391 -25.5926347119 0.813915848401
13di13di13di13di- -30.9713242669 -28.3306059539 1.90586597508
13dl13dl -6.2231926837 -2.64457203506 1.54992037126
13dl13dl- -5.87312898969 -2.48697545685 1.2992795438
13dl13dl-13dl -5.9676368267 -2.74931318437 1.28374329645
13dl13dl-13dl-13dl -34.1006113128 -32.8520048858 0.715486320486
13dl13dl-13dl-13dl- -33.3969976703 -31.9828561494 0.873929256221
13dl13dl-13dl13dl- -33.3968743494 -31.9828520279 0.873810234128
13dl13dl13dl -6.85472406924 -3.29086834678 1.65536573882
13dl13dl13dl-13dl -33.7788081488 -31.4900877481 1.75691605185
13dl13dl13dl13dl -33.6463538338 -30.7578619515 2.20738999647
13dl13dl13dl13dl- -33.4332980525 -32.5580347296 0.336627693724
13ea13ea -7.76993255774 -4.13299692396 1.85057182745
13ea13ea- -7.62394706181 -3.88236625156 1.82714466064
13ea13ea-13ea -8.31827055123 -4.52386315489 2.05482905187
13ea13ea-13ea-13ea -9.43343129202 -5.80073891102 2.23624503744
13ea13ea-13ea-13ea- -9.54126838126 -5.93233896202 2.18988582255
13ea13ea-13ea13ea- -9.30955296575 -5.35990250507 2.37497444341
13ea13ea-4ea13ea -7.54584791648 -3.84074376894 2.21850129632
13ea13ea13ea -8.46683408349 -5.15352214712 1.93804498982
13ea13ea13ea-13ea -9.38996997899 -5.64631529895 2.28873992758
13ea13ea13ea-13ea- -9.43769229365 -6.07074222474 2.13675853581
13ea13ea13ea13ea -9.70073776333 -5.89736983271 2.1311005897
13ea13ea13ea13ea- -9.55876965058 -5.73075774562 2.20166328233
13ed13ed -6.71621178946 -2.96341755492 1.77992091172
13ed13ed- -6.32024443531 -2.33611452033 1.99477248022
13ed13ed-13ed -6.81791644949 -2.85944589615 2.12966008199
13ed13ed-13ed-13ed -33.9253559379 -32.6049865577 0.81719511953
13ed13ed-13ed-13ed- -33.8327178384 -32.9843146596 0.380826922644
13ed13ed-13ed13ed- -33.9431656494 -31.5967149861 1.58247866478
13ed13ed-4ed13ed -3.22675556559 -0.353895048658 1.3101982367
13ed13ed13ed -7.65239247447 -3.80071790236 1.96845495064
13ed13ed13ed-13ed -33.080978262 -30.9855340579 1.54954889055
13ed13ed13ed-13ed- -33.0553275266 -30.289006493 2.01150954823
13ed13ed13ed13ed -33.4460590895 -31.1101739498 1.77619424741
13ed13ed13ed13ed- -33.1577288936 -31.0391060019 1.56347695846
13ee -7.55193526308 -3.32676086586 2.01729052396
13ee13ee -7.94131340723 -3.98920586264 2.05244657592
13ee13ee- -7.4119332713 -3.29385276351 2.25135044166
13ee13ee-13ee -8.24850147715 -4.33337650827 2.3887545244
13ee13ee-13ee-13ee -9.39577560365 -5.47443479154 2.71902180476
13ee13ee-13ee-13ee- -9.73611366199 -5.671276989 2.44324115761
13ee13ee-13ee13ee- -9.30609365538 -5.56975428176 2.69705691202
13ee13ee-4ee13ee -7.4747319305 -3.89151736571 2.43729131546
13ee13ee13ee -8.92680654826 -4.87295496677 2.20898977434
13ee13ee13ee-13ee -9.47006875838 -5.81220319818 2.54193756525
13ee13ee13ee-13ee- -9.61739909715 -5.94678400614 2.54208908171
13ee13ee13ee13ee -10.1957981654 -5.97950317468 2.41262780697
13ee13ee13ee13ee- -9.73624841119 -5.67126169013 2.4433552439
13ef13ef -7.56045387689 -3.88442396887 2.01459502298
13ef13ef- -7.19010651131 -3.53414823806 1.70111619762
13ef13ef-13ef -8.01660883336 -4.283473179 1.92185125011
13ef13ef-13ef-13ef -9.56151048015 -5.95484284795 2.15084356601
13ef13ef-13ef-13ef- -9.98466771017 -6.08705010742 2.17692067549
13ef13ef-13ef13ef- -9.29138518461 -5.60004750256 2.1738382459
13ef13ef-4ef13ef -7.22210847971 -3.82194973949 2.12727830993
13ef13ef13ef -8.65659523803 -4.93598177549 2.19331267889
13ef13ef13ef-13ef -9.51513506152 -5.9930879399 2.21221959141
13ef13ef13ef-13ef- -9.83582299653 -6.35383135684 2.13867866889
13ef13ef13ef13ef -10.1148538951 -6.33680540715 2.37364381924
13ef13ef13ef13ef- -9.97766073141 -6.28265493386 2.2253456774
13eh13eh -12.5775138075 -7.99101727259 3.12348143653
13eh13eh- -12.6114509426 -7.7689312017 2.82289376941
13eh13eh-13eh -19.5217258917 -16.4558169515 2.294208643
13eh13eh-13eh-13eh -43.7688247174 -42.3752217859 0.855956229211
13eh13eh-13eh-13eh- -40.1420752698 -38.9183723435 0.258624475282
13eh13eh-13eh13eh- 100.0 100.0 100.0
13eh13eh-4eh13eh -31.3011153485 -30.0992602692 0.476189078095
13eh13eh13eh -19.9772044109 -16.8804254524 1.56124399485
13eh13eh13eh-13eh 100.0 100.0 100.0
13eh13eh13eh-13eh- -41.8054066228 -40.0632695521 0.733766242872
13eh13eh13eh13eh 100.0 100.0 100.0
13eh13eh13eh13eh- -42.8670426586 -40.3393498684 2.04471594375
13ei13ei -7.76334701051 -3.7672973213 2.08540416374
13ei13ei- -7.40709788422 -3.33878711809 2.11042358868
13ei13ei-13ei -7.94843544578 -3.95165498207 2.28558838316
13ei13ei-13ei-13ei -9.04080932509 -5.18237585457 2.45201935021
13ei13ei-13ei-13ei- -9.27995862838 -5.30763122283 2.3824538339
13ei13ei-13ei13ei- -8.84475229994 -5.05243224409 2.47876261986
13ei13ei-4ei13ei -7.40634674301 -3.59601622106 2.3153457294
13ei13ei13ei -8.5725429424 -4.51930518376 2.1955921638
13ei13ei13ei-13ei -8.99643757008 -5.1672918233 2.44873266515
13ei13ei13ei-13ei- -9.19032288397 -5.51049727666 2.41563375489
13ei13ei13ei13ei -9.61998422567 -5.44738515621 2.34165723318
13ei13ei13ei13ei- -9.34655910456 -5.20029800772 2.36060134242
13el13el -7.61552767631 -3.78250454997 1.92170084923
13el13el- -7.00284689501 -3.46770201863 1.55079948475
13el13el-13el -7.81636241171 -4.10959492298 1.9142228309
13el13el-13el-13el -8.93732465172 -5.24757639079 2.21594895067
13el13el-13el-13el- -8.99060160658 -5.22871571732 2.14268214916
13el13el-13el13el- -8.69239350162 -5.02239506903 2.06245546297
13el13el13el -8.5041194262 -4.58923782261 2.07112907282
13el13el13el-13el -8.91527626546 -5.29132314757 2.18624285302
13el13el13el-13el- -8.88857537036 -5.30365380662 2.09926266606
13el13el13el13el -9.13776015276 -5.44586503764 2.27550690884
13el13el13el13el- -9.26797876151 -5.44576946523 2.15897854081
13fa13fa -7.40802863601 -3.89772191509 1.3772079051
13fa13fa- -7.17255173457 -3.94292080171 1.35123779996
13fa13fa-13fa -8.02668337168 -4.72407183339 1.61515081857
13fa13fa-13fa-13fa- -9.89525550349 -6.42175440226 1.85434521819
13fa13fa-13fa13fa- -9.20935771513 -5.69255328578 1.92427088415
13fa13fa-4fa13fa -7.33852369249 -3.79565179989 1.88798022245
13fa13fa13fa -8.41160757402 -5.33678282975 1.74853706327
13fa13fa13fa-13fa -9.38280691255 -5.99230616984 1.87258568583
13fa13fa13fa-13fa- -9.7769269953 -6.62549550461 1.87959718559
13fa13fa13fa13fa -9.9001734417 -6.34826561223 1.94472719735
13fa13fa13fa13fa- -9.52896411784 -6.5079927876 1.83195588
13fd13fd -6.66562576038 -3.07401339726 1.5422133724
13fd13fd- -6.32893652462 -2.74433629908 1.55650302344
13fd13fd-13fd -7.86276757409 -4.0380519033 1.97813968028
13fd13fd-13fd-13fd -34.9376330506 -33.7364656023 0.69348462775
13fd13fd-13fd-13fd- -34.5107498724 -33.5200872639 0.3351336259
13fd13fd-13fd13fd- -34.2938363443 -32.8011861967 0.943947289449
13fd13fd-4fd13fd -4.10818602963 -0.994380560452 1.32802610601
13fd13fd13fd -9.02069279192 -4.98941701645 2.04291953004
13fd13fd13fd-13fd -33.4746734738 -32.0844308011 0.841060920155
13fd13fd13fd-13fd- -33.7921173691 -31.4181680112 1.75590549107
13fd13fd13fd13fd -33.2671643294 -31.4687201185 1.10462340164
13fd13fd13fd13fd- -32.9882931793 -31.7136837498 0.734633723895
13fe13fe -7.63799649772 -3.93368652317 1.82638375728
13fe13fe- -7.19010031562 -3.53412708358 1.70115681278
13fe13fe-13fe -8.06100185582 -4.33023060766 1.90917421202
13fe13fe-13fe-13fe -9.59372631801 -6.01179458903 2.16943219788
13fe13fe-13fe-13fe- -9.97779374256 -6.2825766011 2.22537505919
13fe13fe-13fe13fe- -9.29137856055 -5.6000417552 2.17383829218
13fe13fe-4fe13fe -7.20756455583 -3.7554721803 2.04085882257
13fe13fe13fe -8.83296490621 -4.99424029038 2.02681832371
13fe13fe13fe-13fe -9.5614662177 -5.98767585618 2.11955929559
13fe13fe13fe-13fe- -9.83247279173 -6.23789066901 2.15904716803
13fe13fe13fe13fe -10.3129485937 -6.36317976509 2.21184309383
13fe13fe13fe13fe- -9.83101158619 -6.54617675899 2.09882414069
13ff -7.09255074633 -3.00471016863 1.66494611111
13ff13ff -7.32423236405 -3.67283368519 2.30561868375
13ff13ff- -7.46495027956 -3.79251300858 1.6578136017
13ff13ff-13ff -8.39329411334 -4.71023546123 1.83594197762
13ff13ff-13ff-13ff -9.82838904973 -6.46050452609 2.31308226462
13ff13ff-13ff-13ff- -9.93811877333 -6.79701103938 2.26249863797
13ff13ff-13ff13ff- -10.1241552225 -6.091074174 2.25274836394
13ff13ff-4ff13ff -7.35473532545 -4.01375677684 2.01535475891
13ff13ff13ff -8.44890693103 -5.22659402501 2.31345426196
13ff13ff13ff-13ff -9.81591944618 -6.44747349743 2.42934122408
13ff13ff13ff-13ff- -9.81652593327 -6.6128835163 2.33506019821
13ff13ff13ff13ff -9.99842423687 -6.97584174177 2.17805116002
13ff13ff13ff13ff- -10.1738756112 -6.87406103155 2.3266974084
13fh13fh -12.0822383312 -7.96793294015 2.73284008846
13fh13fh- -12.3542477224 -7.84680400876 2.47380166916
13fh13fh-13fh -16.9908999812 -14.9982448387 1.22140997466
13fh13fh-13fh-13fh -39.819624878 -38.7165795349 0.203583953394
13fh13fh-13fh-13fh- -39.5134470047 -38.3043643373 0.727354062823
13fh13fh-13fh13fh- -40.5342450068 -39.2497938995 0.297427969962
13fh13fh-4fh13fh -17.8038850923 -16.7558922775 0.36641794301
13fh13fh13fh -16.2434388601 -13.9261678232 1.53906435401
13fh13fh13fh-13fh -40.0446552665 -38.5098378029 0.442746338367
13fh13fh13fh-13fh- -39.686880747 -38.2255934184 0.348743655367
13fh13fh13fh13fh -38.8239799617 -37.7794504782 0.672319482227
13fh13fh13fh13fh- -39.001998522 -38.0783947812 0.33145904645
13fi13fi -7.41208470067 -3.65073295515 1.8949904256
13fi13fi- -7.42136822391 -3.7504295788 1.66141642147
13fi13fi-13fi -7.85584977912 -4.14751836731 1.88611404392
13fi13fi-13fi-13fi -9.36571407218 -5.62883933794 2.16080158127
13fi13fi-13fi-13fi- -9.74709444461 -5.89718501468 2.25472072536
13fi13fi-13fi13fi- -8.87895349737 -5.10577866964 2.11739082615
13fi13fi-4fi13fi -7.17469533591 -3.56281875596 2.02456625657
13fi13fi13fi -8.42235628881 -4.56471731627 2.05719277901
13fi13fi13fi-13fi -9.07315106426 -5.4624440763 2.10362949481
13fi13fi13fi-13fi- -9.42087240422 -5.78580945341 2.12994675948
13fi13fi13fi13fi -9.73346813108 -5.72693694099 2.19993275122
13fi13fi13fi13fi- -9.46718816058 -5.54570249256 2.17878344625
13fl13fl -7.44733839433 -3.5281565306 2.04732862087
13fl13fl- -7.06977167564 -3.55574506574 1.5297531719
13fl13fl-13fl -7.90213679396 -4.3486170887 1.69928708206
13fl13fl-13fl13fl- -9.03830217796 -5.31270318117 1.94999542582
13fl13fl13fl -8.21261130651 -4.56184921555 2.29500675488
13fl13fl13fl-13fl -8.97670747869 -5.59474505457 2.09037712701
13fl13fl13fl13fl -10.1455009462 -5.94885678897 2.42201450295
13fl13fl13fl13fl- -9.58373951789 -5.73850247602 2.28622937026
13ha13ha -12.8915023834 -8.1831413608 3.01592909558
13ha13ha- -12.9022340978 -8.21546149837 2.59020064173
13ha13ha-13ha -19.4686309899 -14.9239639342 3.28037849451
13ha13ha-13ha-13ha -43.2054923156 -40.1672194144 1.96702139792
13ha13ha-13ha-13ha- -42.3072954741 -39.2917859196 2.00109040283
13ha13ha-13ha13ha- -43.4768561879 -39.9551876268 2.36203950787
13ha13ha-4ha13ha -18.6619636875 -16.3442376976 1.19320430024
13ha13ha13ha -19.4511572863 -14.6885767783 2.87803882719
13ha13ha13ha-13ha -43.4060415963 -39.2703947893 3.02321151997
13ha13ha13ha-13ha- -42.3532977458 -38.6069598025 2.66316043522
13ha13ha13ha13ha -42.2391049259 -38.7832609454 2.51219981275
13ha13ha13ha13ha- -43.0734921446 -39.5128337466 2.37154299156
13hd13hd -19.0996445715 -13.6376388382 3.17304432313
13hd13hd- -18.0722897665 -12.5967581445 3.59562126936
13hd13hd-13hd -51.7959093923 -48.744446758 1.78526372217
13hd13hd-13hd-13hd -76.5974856042 -74.5822351219 1.38263940998
13hd13hd-13hd-13hd- -74.8341198773 -73.3270049935 0.937062027718
13hd13hd-13hd13hd- -75.6836013222 -74.0153717055 1.06535463793
13hd13hd-4hd13hd -64.0331121484 -63.4684386546 0.116438750068
13hd13hd13hd -50.9399678607 -47.9038768019 2.47316168582
13hd13hd13hd-13hd -74.5495867946 -73.6447606931 0.255747311286
13hd13hd13hd-13hd- -74.4208101758 -72.429261919 1.39436845469
13hd13hd13hd13hd -74.1010937046 -72.4237874942 1.1143379899
13hd13hd13hd13hd- -74.7449074419 -73.7995982562 0.294165586998
13he13he -12.5776722356 -7.99079084326 3.1235349396
13he13he- -12.6114391434 -7.76917721662 2.82286250214
13he13he-13he -19.5219609894 -16.4559994215 2.29449966988
13he13he-13he-13he -43.7686425412 -42.3750201376 0.855882292569
13he13he-13he-13he- -42.8674407929 -40.3394136464 2.0450453906
13he13he-13he13he- 100.0 100.0 100.0
13he13he-4he13he -33.116907895 -31.2757495314 0.652434154804
13he13he13he -19.5603509297 -16.7172144335 1.08548918859
13he13he13he-13he -42.3911421624 -41.0317289325 0.529871435532
13he13he13he-13he- -41.8060338647 -40.0634351655 0.733970146333
13he13he13he13he 100.0 100.0 100.0
13he13he13he13he- -40.1421745507 -38.9181981606 0.258851198247
13hf13hf -11.9702094963 -8.34379221115 2.56806244362
13hf13hf- -12.3542389143 -7.84677307902 2.47384113907
13hf13hf-13hf -17.8849964837 -16.6802816622 0.455473807091
13hf13hf-13hf-13hf -39.489850911 -38.4182041514 0.0990426545814
13hf13hf-13hf-13hf- -39.0020439697 -38.0783467007 0.331331054665
13hf13hf-13hf13hf- -40.5340626756 -39.2498934785 0.297323901722
13hf13hf-4hf13hf -29.6410885211 -28.1772726609 0.522332424343
13hf13hf13hf -16.8352824688 -15.2465743849 0.782752248941
13hf13hf13hf-13hf -40.3630567324 -38.513045514 0.858244480401
13hf13hf13hf-13hf- -39.6868749127 -38.2256024138 0.348728490061
13hf13hf13hf13hf -39.5124373412 -38.0205036347 0.613795326999
13hf13hf13hf13hf- -39.5134516615 -38.3043717759 0.727357495662
13hh -12.5063405655 -6.55875796097 3.53466123761
13hh13hh -23.2231604574 -18.2757946895 2.21977934827
13hh13hh- -23.0337814833 -18.1258179349 2.36494107882
13hh13hh-13hh -53.1318373929 -50.9166141608 1.32747385002
13hh13hh-13hh-13hh -74.5059545508 -72.5627254817 1.35963516999
13hh13hh-13hh-13hh- -73.7928072371 -72.2839781448 0.905210243393
13hh13hh-13hh13hh- -74.3512924795 -72.2033074056 1.63296627304
13hh13hh-4hh13hh -63.9838124642 -62.6451696428 0.713402144932
13hh13hh13hh -51.8541963235 -50.4206489668 0.571858765192
13hh13hh13hh-13hh -73.8062266454 -72.1331983479 1.10101559703
13hh13hh13hh-13hh- -73.3890426351 -71.3613326257 1.51425119226
13hh13hh13hh13hh -73.0284873426 -71.3098350957 1.15159673602
13hh13hh13hh13hh- -73.7927543132 -72.2839433904 0.905192123959
13hi13hi -12.6989743814 -7.57012914114 3.37335037413
13hi13hi- -12.5304236464 -7.49319092003 2.9011099285
13hi13hi-13hi -18.3631078753 -13.6877325143 3.5233170502
13hi13hi-13hi-13hi -39.234612243 -37.0481204177 0.76825336068
13hi13hi-13hi-13hi- -38.5764692764 -37.4120996782 0.442164838691
13hi13hi-13hi13hi- -39.2022823744 -36.55792172 0.937539430977
13hi13hi-4hi13hi -17.6039612822 -14.7731314192 1.81720316418
13hi13hi13hi -18.828119498 -13.6460663718 3.38977865996
13hi13hi13hi-13hi -39.4959441161 -36.6777168386 1.06213459329
13hi13hi13hi-13hi- -38.5120488333 -35.8439385208 1.47828127557
13hi13hi13hi13hi -38.7381582218 -37.5591392309 0.384755018357
13hi13hi13hi13hi- -39.4978900491 -37.1293334805 0.939613251073
13hl13hl -12.0307647158 -7.77641089536 3.01462422715
13hl13hl- -12.0622039617 -7.71243127991 2.32177180551
13hl13hl-13hl -17.7295384474 -14.5059947588 2.42618180382
13hl13hl-13hl-13hl -38.4914174055 -36.2916980844 0.855153027454
13hl13hl-13hl-13hl- -37.9326159007 -36.0941970508 0.852660729135
13hl13hl-13hl13hl- -37.9931482758 -35.8069332713 0.950865597822
13hl13hl13hl -17.0148608084 -13.0281209517 2.98077714745
13hl13hl13hl-13hl -38.0320025972 -35.6594467551 1.2647398189
13hl13hl13hl-13hl- -36.9439885628 -35.3433739225 0.690194496804
13hl13hl13hl13hl 100.0 100.0 100.0
13hl13hl13hl13hl- -39.0404624392 -36.0690888222 1.48179503912
13ia13ia -7.84776557076 -4.01095731958 1.95192651147
13ia13ia- -7.84019062879 -4.12705311934 1.73193970839
13ia13ia-13ia-13ia -9.46793341624 -5.64885414096 2.18190820247
13ia13ia-13ia-13ia- -9.5234341018 -5.61351772031 2.15609312164
13ia13ia-13ia13ia- -9.39781394297 -5.61911301515 2.06059747099
13ia13ia-4ia13ia -7.73133030617 -4.10617291776 1.90352576891
13ia13ia13ia-13ia -9.36959462868 -5.57792116092 2.13737121996
13ia13ia13ia-13ia- -9.40230102704 -5.69981788875 2.16702735385
13ia13ia13ia13ia -9.54762365492 -5.60189246597 2.1835620099
13ia13ia13ia13ia- -9.47675446809 -5.61415409167 2.22491489941
13id13id -6.62034344631 -2.71485140567 1.86700651399
13id13id- -6.32355760488 -2.38279125957 1.83818313394
13id13id-13id -6.38936896007 -2.65572017596 1.8530385485
13id13id-13id-13id -30.4756341074 -29.1509417314 0.634355380242
13id13id-13id-13id- -30.9713759277 -28.3306881873 1.90584696565
13id13id-13id13id- -33.2552441571 -31.006710297 1.60293065104
13id13id-4id13id -3.09188494103 -0.554816231684 0.80766264493
13id13id13id -7.05737146635 -3.20324028526 1.93694794377
13id13id13id-13id -31.957957731 -30.0798522809 1.33442930903
13id13id13id-13id- 100.0 100.0 100.0
13id13id13id13id -27.1733000837 -25.592528383 0.813952300791
13id13id13id13id- -27.4918513086 -26.4704177004 0.274066489555
13ie13ie -7.76316278399 -3.76767890576 2.08522532207
13ie13ie- -7.40711540369 -3.33883930873 2.11038502966
13ie13ie-13ie -7.94836624732 -3.95130792676 2.28565280304
13ie13ie-13ie-13ie -9.04078696847 -5.18246553235 2.45200880513
13ie13ie-13ie-13ie- -9.34654137192 -5.20026295572 2.3605827519
13ie13ie-13ie13ie- -8.84490936885 -5.05287204274 2.47856888488
13ie13ie-4ie13ie -7.36390004675 -3.47296588564 2.19247918605
13ie13ie13ie -8.57414878918 -4.5203659198 2.1949555025
13ie13ie13ie-13ie -8.95733449116 -5.33961019597 2.38353804348
13ie13ie13ie-13ie- -9.1904508691 -5.51051705428 2.41565093403
13ie13ie13ie13ie -9.62007643303 -5.44754403375 2.34157386757
13ie13ie13ie13ie- -9.27978802406 -5.30741627614 2.38245967263
13if13if -7.47567112518 -3.60430055498 1.9419594728
13if13if- -7.42136603269 -3.75042958216 1.66141564307
13if13if-13if -7.82135678246 -4.09789261671 1.89864011201
13if13if-13if-13if -9.10242976182 -5.37951641981 2.06999181613
13if13if-13if-13if- -9.46733303897 -5.54572863509 2.17908491186
13if13if-13if13if- -8.87895712379 -5.10584034559 2.11738572946
13if13if13if -8.54612896521 -4.54023663794 2.07799894307
13if13if13if-13if -9.11634770685 -5.5154062738 2.13323458898
13if13if13if-13if- -9.42088420493 -5.78586575547 2.1300124523
13if13if13if13if -9.84154557682 -5.75580002737 2.24920815319
13if13if13if13if- -9.74709467588 -5.89718454859 2.25472049616
13ih13ih -12.6989744039 -7.57012931153 3.37335039661
13ih13ih- -12.5304218769 -7.49319222862 2.90111054928
13ih13ih-13ih -18.3631070565 -13.6877315649 3.52331540448
13ih13ih-13ih-13ih -39.2346119026 -37.048118994 0.768254291716
13ih13ih-13ih-13ih- -39.4976381359 -37.1291962805 0.939551781667
13ih13ih-13ih13ih- -39.2022812848 -36.5579228573 0.937537448069
13ih13ih-4ih13ih -18.4872606211 -14.9538133797 2.29742409495
13ih13ih13ih -18.8281187569 -13.646064245 3.38977964588
13ih13ih13ih-13ih -38.2042041605 -35.8380825861 1.10123843418
13ih13ih13ih-13ih- -38.5120469826 -35.843938503 1.47827964382
13ih13ih13ih13ih -38.7381505255 -37.5591202884 0.384764456336
13ih13ih13ih13ih- -38.5764735913 -37.4121024772 0.442167004033
13ii -7.6677024407 -3.09950490258 2.23515596115
13ii13ii -7.81033978952 -3.58330160763 2.20912466465
13ii13ii- -7.76121086131 -3.66783371978 2.0323450163
13ii13ii-13ii -8.33929394268 -4.32411847576 2.12428626952
13ii13ii-13ii-13ii -9.2436838169 -5.03994473955 2.41189573095
13ii13ii-13ii-13ii- -9.16826061797 -5.15711304287 2.39921825749
13ii13ii-13ii13ii- -9.12854831739 -5.02533812801 2.30543065919
13ii13ii-4ii13ii -7.60131661545 -3.63026966755 2.12631821938
13ii13ii13ii -8.3655035083 -4.28181603182 2.33386106807
13ii13ii13ii-13ii -9.13252582558 -5.01720692835 2.35322583893
13ii13ii13ii-13ii- -9.15376121716 -4.99311833229 2.42908083067
13ii13ii13ii13ii -9.26973382607 -5.06803092557 2.44573964838
13ii13ii13ii13ii- -9.36553823313 -5.05382402821 2.40612380755
13il13il -7.44962781222 -3.53439652523 1.99327401523
13il13il- -7.21020535973 -3.48334386863 1.67418073802
13il13il-13il -7.76982595907 -4.04705591053 1.85777166062
13il13il-13il-13il -8.47238494416 -4.70341860603 1.98983436547
13il13il-13il-13il- -8.67343163799 -4.96538193799 2.04189733715
13il13il-13il13il- -8.45865929083 -4.68487141188 1.99212183838
13il13il13il -8.17557766753 -4.18106169105 2.13788828655
13il13il13il-13il -8.6029073815 -4.96004317149 2.11118381284
13il13il13il-13il- -8.57551975706 -5.01942145088 2.02239032452
13il13il13il13il -9.15241582815 -5.01430750057 2.31206439432
13il13il13il13il- -8.877638195 -5.14660257812 2.09634786736
13la13la -7.28185063098 -3.89593555638 1.67828205963
13la13la- -7.14182122328 -4.08090809223 1.10034793986
13la13la-13la -7.77865063528 -4.76730493358 1.20667673815
13la13la-13la-13la -8.7818826102 -5.68180611383 1.51717650941
13la13la-13la-13la- -8.9046848954 -5.98756709873 1.55807172418
13la13la13la -7.9743131481 -4.91111790026 1.80875586061
13la13la13la-13la -8.81720568565 -5.53447203664 1.68282041338
13la13la13la-13la- -8.90345992917 -5.53283016229 1.8758431917
13la13la13la13la -8.96956986322 -6.14811361922 1.84273386152
13la13la13la13la- -8.86036701061 -5.87464724028 1.79504803246
13ld13ld- -5.87310157668 -2.48695835071 1.29927844669
13ld13ld-13ld -5.7517146318 -2.56377785782 1.25877182294
13ld13ld-13ld-13ld -33.2521394085 -32.6436204334 0.0761118381733
13ld13ld-13ld-13ld- -33.4332673528 -32.5579057571 0.336626878933
13ld13ld-13ld13ld- -33.3965942792 -31.9828165948 0.873565126056
13ld13ld13ld -5.75147478184 -2.56341072676 1.25882899195
13ld13ld13ld-13ld -33.3968776521 -31.9828764301 0.8737881939
13ld13ld13ld13ld -33.4332481552 -32.5578769232 0.336627532244
13ld13ld13ld13ld- -33.7933758396 -32.6225094037 0.638366887902
13le13le -7.18007938937 -3.48195497201 1.71101747407
13le13le- -7.00271272661 -3.46759757482 1.55079986367
13le13le-13le -7.81703364967 -4.13123338616 1.85515916608
13le13le-13le-13le -8.87681328819 -5.25868369321 2.08251579209
13le13le-13le-13le- -9.26805607774 -5.44537012717 2.15903003767
13le13le-13le13le- -8.69213274545 -5.02234534063 2.06249435728
13le13le13le -7.81709864003 -4.13140537371 1.85507734169
13le13le13le-13le -8.68132192039 -4.98328339711 2.06422020577
13le13le13le-13le- -8.8887278849 -5.3037952382 2.09900840642
13le13le13le13le -8.6633634605 -4.97009260028 2.05203095619
13le13le13le13le- -8.99075451404 -5.22852139169 2.14265768545
13lf13lf- -7.06976621192 -3.55572726711 1.52976205242
13lf13lf-13lf -7.79795537054 -4.3190808446 1.63236826577
13lf13lf-13lf-13lf -9.10799445472 -5.57993908788 2.03020061014
13lf13lf-13lf-13lf- -9.71306732076 -5.62295879123 2.32363132721
13lf13lf-13lf13lf- -9.03830192262 -5.31274520377 1.94998042009
13lh13lh- -12.0623816159 -7.71234031565 2.32189384458
13lh13lh-13lh -17.5002196601 -14.2166775819 2.4827582411
13lh13lh-13lh-13lh -38.8370984072 -36.5996827924 0.8028704099
13lh13lh-13lh-13lh- -39.040466526 -36.0690914187 1.48179130779
13lh13lh-13lh13lh- -37.9916113194 -35.8064996672 0.95058798461
13li13li -7.21020118752 -3.48334137681 1.67418437295
13li13li- -7.21020524164 -3.48334395815 1.6741805583
13li13li-13li -7.73617081197 -4.04067690223 1.8067484011
13li13li-13li-13li -8.68208969203 -4.91647550925 2.0374660366
13li13li-13li-13li- -8.87763418719 -5.14658844878 2.09635078759
13li13li-13li13li- -8.45863755403 -4.68484094582 1.99214668463
13li13li13li -7.87833045794 -4.26417813723 1.88004177242
13li13li13li-13li -8.45773018803 -4.68422925766 1.99245797493
13li13li13li-13li- -8.57552078294 -5.01941753082 2.02238902102
13li13li13li13li -8.73127713015 -5.14024510847 2.24238521253
13li13li13li13li- -8.67345845561 -4.96531468641 2.04190378852
13ll -6.93494936415 -3.00581681109 1.63741009653
13ll13ll -7.36739439565 -3.40747475988 2.04930797607
13ll13ll- -6.6367257914 -3.53709639021 1.09831393624
13ll13ll-13ll -7.55571762423 -4.18433322267 1.50134370538
13ll13ll-13ll-13ll -8.54390685268 -4.95196661193 1.95286931156
13ll13ll-13ll-13ll- -9.14773073767 -5.15215701747 2.11181226365
13ll13ll-13ll13ll- -8.31984645032 -4.94143701658 1.66251453603
13ll13ll13ll -8.11518222788 -4.33504041677 2.25283275612
13ll13ll13ll-13ll -8.65130079959 -4.97079310856 1.90395713869
13ll13ll13ll-13ll- -8.91516154708 -5.27000629823 2.10154659551
13ll13ll13ll13ll -9.6580974347 -5.25544848239 2.43827091183
13ll13ll13ll13ll- -8.88041875197 -5.38231715958 2.05116922906
4dd -6.10993467935 0.930394210647 6.08930781944
4dd4dd -1.11735263174 4.45761320251 4.64671061977
4dd4dd4dd 5.83159366015 9.9559161766 3.31380931223
4dd4dd4dd4dd 12.7551555937 14.9652990239 1.56632846552
4dh -8.33222933962 -1.66761004294 4.65949693326
4dh4dh -8.41513045229 -2.65884451266 4.37572276521
4dh4dh- -8.36489885866 -2.56070273227 4.57006140236
4dh4dh-4dh -9.04394538888 -3.61661004965 4.4323682238
4dh4dh-4dh-4dh -10.5674919581 -5.66298047732 3.9819665324
4dh4dh-4dh-4dh- -10.4194838956 -5.67616782371 3.86782759012
4dh4dh-4dh4dh -10.6573767834 -5.69943634299 4.0933737588
4dh4dh-4dh4dh- -10.677076582 -5.81064807958 4.05427927761
4dh4dh4dh -9.01116671736 -3.7046769707 4.19588320271
4dh4dh4dh-4dh -10.5446810227 -5.78858628197 3.88420739696
4dh4dh4dh-4dh- -10.502573526 -5.54840978478 4.15397533176
4dh4dh4dh4dh -10.5681878186 -5.65565620464 4.10641764757
4dh4dh4dh4dh- -10.7028633925 -5.85562083183 4.03298543109
4hd -8.33219760959 -1.66758381351 4.65938680354
4hd4hd -8.41560751361 -2.659657578 4.37641171007
4hd4hd- -8.36448255143 -2.56099639736 4.5692253536
4hd4hd-4hd -9.04397494581 -3.61663213028 4.43239239998
4hd4hd-4hd-4hd -10.485591372 -5.74428629183 3.8634639221
4hd4hd-4hd-4hd- -10.4748386055 -5.57885721446 3.9796514679
4hd4hd-4hd4hd -10.5861186006 -5.60133069649 4.13637343419
4hd4hd-4hd4hd- -10.6746138392 -5.80779731044 4.05768362875
4hd4hd4hd -9.01097383991 -3.7049666575 4.1957277627
4hd4hd4hd-4hd -10.5642466377 -5.71679605083 4.05831777736
4hd4hd4hd-4hd- -10.5026128414 -5.54839018033 4.15404451175
4hd4hd4hd4hd -10.5682267012 -5.65568409557 4.10643542758
4hd4hd4hd4hd- -10.4195473269 -5.67619281972 3.86785808531
4hh -10.4919732115 -3.78802463973 5.41926836482
4hh4hh -13.1869477429 -7.51358148453 4.59353932558
4hh4hh4hh -16.2828257161 -12.243033793 2.79810526793
4hh4hh4hh4hh -41.7066532224 -39.994478396 1.03480920699
6aa -7.22834011824 0.361003003141 6.40608714159
6aa6aa -5.48939116777 0.297977564762 4.94195930535
6aa6aa- -5.4873059451 0.305998565502 4.94268094072
6aa6aa-4aa6aa -4.53469801349 0.321385375343 4.18869782423
6aa6aa-6aa -4.3535382519 0.659491009726 4.21931258786
6aa6aa-6aa-6aa -3.41707219869 1.15707578573 3.812252079
6aa6aa-6aa-6aa- -3.40627298501 1.15741307024 3.80110880399
6aa6aa-6aa6aa- -3.41606976914 1.16377873434 3.82319871905
6aa6aa6aa -4.34572730838 0.65228476665 4.20116688293
6aa6aa6aa-6aa -3.41423659206 1.16113005136 3.81871382599
6aa6aa6aa-6aa- -3.41187156439 1.15501919823 3.80963039352
6aa6aa6aa6aa -3.39309281007 1.16121864189 3.79087003128
6aa6aa6aa6aa- -3.40622277125 1.15887761751 3.80230810749
6ad6ad -1.94265318224 3.78833413771 4.67813752638
6ad6ad- -2.01065774882 3.71183172061 4.6814231995
6ad6ad-4ad6ad 5.08368203422 8.57524904417 2.69145915009
6ad6ad-6ad 3.44780744212 7.39351064366 3.11368813266
6ad6ad-6ad-6ad 9.66178729377 11.2979889694 0.99831874792
6ad6ad-6ad-6ad- 9.981457386 11.3388634352 0.719018782193
6ad6ad-6ad6ad- 9.64357943378 11.3137957474 1.02944259691
6ad6ad6ad 3.76560619172 7.54054905019 2.94140283436
6ad6ad6ad-6ad 9.64754056141 11.2962470791 0.99589169984
6ad6ad6ad-6ad- 9.88869135936 11.388661264 0.846320467238
6ad6ad6ad6ad 10.0436295539 11.4192002615 0.74424457561
6ad6ad6ad6ad- 10.0044267712 11.432154143 0.790689452714
6ae6ae -5.15569168918 0.264029869741 4.9001313258
6ae6ae- -4.90482424091 0.362460939884 4.69840148695
6ae6ae-4ae6ae -3.97707345993 0.521028725024 3.95078534907
6ae6ae-6ae -3.71751325086 0.99632442546 4.14203131264
6ae6ae-6ae-6ae -2.84179107389 1.59939184506 3.85461110971
6ae6ae-6ae-6ae- -2.86728198102 1.59585401821 3.87607139701
6ae6ae-6ae6ae- -2.70965989931 1.60495454179 3.74582941859
6ae6ae6ae -4.02087198161 0.901550610354 4.34529427219
6ae6ae6ae-6ae -2.82278433671 1.54544826762 3.81861179719
6ae6ae6ae-6ae- -2.85533127865 1.53491737851 3.83533799278
6ae6ae6ae6ae -3.01049445906 1.52550096275 3.96394051675
6ae6ae6ae6ae- -2.97181729328 1.52256058914 3.9337971857
6af6af -4.90162742351 0.214654026567 4.19872195538
6af6af- -4.62733845452 0.220174958834 3.99584832655
6af6af-4af6af -4.16668766893 -0.160134578678 3.31176852512
6af6af-6af -3.8263158547 0.367466033499 3.39808731085
6af6af-6af-6af -3.39557157123 0.554890207563 3.17184564472
6af6af-6af-6af- -3.48534143264 0.462689086739 3.16306754539
6af6af-6af6af- -3.25190490525 0.664286293261 3.15552628485
6af6af6af -4.22244895785 0.412932269503 3.78309223576
6af6af6af-6af -3.36628218202 0.65831388475 3.26053458014
6af6af6af-6af- -3.49228725489 0.574296187219 3.28530142875
6af6af6af6af -3.65152069965 0.695928803211 3.53732858119
6af6af6af6af- -3.59993048643 0.674953491598 3.48754246042
6ah6ah -9.33586375885 -3.44271409628 4.86775477819
6ah6ah- -9.3321957114 -3.41847541971 4.89025688095
6ah6ah-4ah6ah -12.1184556565 -7.43447265998 3.88603226381
6ah6ah-6ah -10.9025752818 -5.73910608578 4.28061216091
6ah6ah-6ah-6ah -13.6841468151 -9.65469431273 3.15558373128
6ah6ah-6ah-6ah- -13.5626634614 -9.49929530637 3.20499233533
6ah6ah-6ah6ah- -13.7869808453 -9.75817629711 3.14567191704
6ah6ah6ah -10.8376527477 -5.69484597105 4.30593063603
6ah6ah6ah-6ah -13.7467296548 -9.67080994662 3.21446035472
6ah6ah6ah-6ah- -13.657319367 -9.53935065846 3.2659203128
6ah6ah6ah6ah -13.5213966553 -9.40275371938 3.28666991257
6ah6ah6ah6ah- -13.6411252433 -9.5581129599 3.23598252302
6ai6ai -5.38810843052 0.824492213825 5.25488593816
6ai6ai- -5.41836138006 0.819389899759 5.36254416535
6ai6ai-4ai6ai -4.33790372685 1.01852196001 4.68589820778
6ai6ai-6ai -4.19264622626 1.41582782117 4.79166328193
6ai6ai-6ai-6ai -3.08982778269 2.07153965696 4.38560056932
6ai6ai-6ai-6ai- -3.07248562 2.07580316611 4.36679729505
6ai6ai-6ai6ai- -3.13629942763 2.0746855791 4.43159181122
6ai6ai6ai -4.11566323636 1.41115733565 4.64500589008
6ai6ai6ai-6ai -3.09231361152 2.0430364592 4.31072921252
6ai6ai6ai-6ai- -3.08709139896 2.04634411599 4.30991902291
6ai6ai6ai6ai -3.01682625218 2.04876388041 4.24160850145
6ai6ai6ai6ai- -3.03329670865 2.04340790691 4.25137384738
6al6al -4.69962986014 0.246877731284 4.08050618313
6al6al- -4.69127757101 0.312869729463 4.12538700199
6al6al6al -3.73871500672 0.550967151779 3.48384882708
6al6al6al6al -2.87055735335 1.0260215291 3.13115966903
6al6al6al6al- -2.81152842264 1.09730553403 3.14376760791
6da6da -2.07111793289 3.74601594358 4.7109893183
6da6da- -2.2524285739 3.40669919174 4.56422211963
6da6da-4da6da 5.33947503251 7.86940552206 1.81567353143
6da6da-6da 2.95963542477 7.30203999163 3.41373318377
6da6da-6da-6da 9.50788540413 11.6626742194 1.39978225555
6da6da-6da-6da- 9.81734423685 11.8874709864 1.35414600758
6da6da-6da6da- 9.10149956511 11.4475105809 1.61138400777
6da6da6da 3.60558244865 7.749721862 3.25935953437
6da6da6da-6da 9.50365776943 11.6784080178 1.42778028102
6da6da6da-6da- 9.6885235204 11.7599810779 1.34945367613
6da6da6da6da 9.90980227546 11.916957624 1.30502911673
6da6da6da6da- 9.59455149913 11.672352627 1.33297245514
6dd -4.55009276971 2.22613898423 5.51824915608
6dd6dd 6.21960898773 10.8416048731 3.69701744212
6dd6dd6dd 19.6497621924 20.9638846071 0.656870573035
6dd6dd6dd6dd 28.8071561447 29.5613756718 0.235345573205
6de6de -1.53284718678 3.34930294035 4.15963550662
6de6de6de 4.46372152069 7.49385170999 2.46941994548
6de6de6de6de 10.7700723527 11.4227814579 0.176759294759
6df6df -1.85301972256 3.3151377113 4.01364077282
6df6df- -1.62163400549 3.38908307382 3.83505201387
6df6df-4df6df 5.69123553149 7.63683103402 1.21774296205
6df6df-6df 4.14563942221 7.52562025509 2.45944703819
6df6df-6df-6df 10.0548222249 11.7241759686 0.950328811595
6df6df-6df-6df- 10.0502092733 11.4651286356 0.711254077993
6df6df-6df6df- 10.2528935786 11.4871827006 0.503488087457
6df6df6df 3.28782331135 6.96898966902 2.70178603237
6df6df6df-6df 9.94965442681 11.6843114612 0.983345347072
6df6df6df-6df- 9.65156241014 11.1813723966 0.793105443579
6df6df6df6df 9.66550479768 11.1906803658 0.791916431194
6df6df6df6df- 9.35336963008 11.1110372731 1.01276294235
6dh6dh -7.03861251736 -1.40687175592 3.96614056567
6dh6dh- -7.06251913509 -1.43826871406 4.12054983825
6dh6dh-4dh6dh -62.2295150843 -61.3050955703 0.346341952106
6dh6dh-6dh 100.0 100.0 100.0
6dh6dh-6dh-6dh 21.9673565789 23.2757109575 0.7613908358
6dh6dh-6dh-6dh- 22.00998545 23.3934887823 0.843955428269
6dh6dh-6dh6dh- 21.9863907564 23.335899215 0.793133319326
6dh6dh6dh 100.0 100.0 100.0
6dh6dh6dh-6dh 21.9857429302 23.3227901361 0.78063252035
6dh6dh6dh-6dh- 21.9475531246 23.5728245516 1.03725815178
6dh6dh6dh6dh 21.966218455 23.3901439102 0.864159999694
6dh6dh6dh6dh- 21.9674921485 23.2754740129 0.76100919812
6di6di -1.83350367297 3.93542007337 4.64223722136
6di6di- -1.83256143752 3.93536002714 4.64144852367
6di6di-4di6di 6.34329202578 8.44576312098 1.41256847827
6di6di-6di 4.00211569522 8.14603203075 3.17351116038
6di6di-6di-6di 10.4680901109 12.3130512463 1.11794191283
6di6di-6di-6di- 10.2575358996 12.278210891 1.28032087005
6di6di-6di6di- 10.2167602907 12.2664261846 1.30220421763
6di6di6di-6di 10.3335107584 12.3458831539 1.29145729745
6di6di6di-6di- 10.371670682 12.3151596447 1.21472206966
6di6di6di6di 10.2576450822 12.278313506 1.28026328883
6di6di6di6di- 10.4680930125 12.3130540869 1.11794148673
6dl6dl -1.36053225263 3.87771012408 4.12011515854
6dl6dl- -0.75635334993 4.22007688048 3.845395396
6dl6dl6dl 4.37316988649 7.95273693305 2.6659737219
6dl6dl6dl6dl 11.3741937081 12.666747796 0.613026880128
6dl6dl6dl6dl- 10.9949980771 12.5127286655 0.810083373845
6ea6ea -5.23218212926 0.260836978134 4.73262430461
6ea6ea- -4.90261162661 0.30823973825 4.39531748129
6ea6ea-4ea6ea -4.122269533 0.546535332925 4.10018780289
6ea6ea-6ea -4.15711486405 0.551389946162 4.05500983336
6ea6ea-6ea-6ea -2.94682005053 1.43664846265 3.69357840321
6ea6ea-6ea-6ea- -3.05828310287 1.44648681662 3.76010520271
6ea6ea-6ea6ea- -2.83556180855 1.43687775138 3.56995336983
6ea6ea6ea -4.07339843979 0.859560806061 4.18090230497
6ea6ea6ea-6ea -2.85300596047 1.3523656134 3.53412606461
6ea6ea6ea-6ea- -2.93001990322 1.3527250238 3.58015210684
6ea6ea6ea6ea -3.08426672021 1.36616177693 3.75584697631
6ea6ea6ea6ea- -2.96282094205 1.35211895937 3.66547816984
6ed6ed -1.41120868789 3.20748053071 3.76161997964
6ed6ed6ed 4.50166736118 6.88556756946 1.66169580971
6ed6ed6ed6ed 10.9058527445 12.5095854624 1.1447516519
6ee -6.31203919683 -0.720717672595 4.92409746582
6ee6ee -4.82670454101 -0.102890175856 4.12131102884
6ee6ee6ee -3.59723355851 0.605813216557 3.57847418912
6ee6ee6ee6ee -2.54180169205 1.22072617961 3.15615786486
6ef6ef -4.65272567987 0.241286758484 4.06930858841
6ef6ef- -4.70512899348 0.1534413995 3.94851666061
6ef6ef-4ef6ef -4.19200089441 0.151610401931 3.69244837674
6ef6ef-6ef -3.7465399212 0.651820218191 3.6086983573
6ef6ef-6ef-6ef -3.16131393107 1.02067633127 3.43274121336
6ef6ef-6ef-6ef- -3.27943989268 0.969486192003 3.47363899445
6ef6ef-6ef6ef- -3.1175222832 1.02354564994 3.38430552381
6ef6ef6ef -3.88133582564 0.650804700904 3.74754226213
6ef6ef6ef-6ef -3.20617160987 1.00315342787 3.53200798884
6ef6ef6ef-6ef- -3.36416620423 0.950160413823 3.59249124766
6ef6ef6ef6ef -3.23499403621 0.997890574332 3.52110125086
6ef6ef6ef6ef- -3.35806780753 0.96898877202 3.57340448356
6eh6eh -8.56485927313 -3.41335288213 4.38279727934
6eh6eh- -8.56496371005 -3.41294896342 4.38278212741
6eh6eh-4eh6eh -11.1932764421 -7.15806722601 3.3817661273
6eh6eh-6eh -9.90731695883 -5.29254097569 3.94791783198
6eh6eh-6eh-6eh -12.4029241122 -8.99046813281 2.75439164267
6eh6eh-6eh-6eh- -12.4193949283 -8.98215044304 2.78036859009
6eh6eh-6eh6eh- -12.2089499598 -8.88767445475 2.62764783126
6eh6eh6eh -9.88410985103 -5.31132375596 3.90203894758
6eh6eh6eh-6eh -12.3845220494 -8.90928382124 2.78155563219
6eh6eh6eh-6eh- -12.4634465784 -9.03010446194 2.74080395593
6eh6eh6eh6eh -12.2817305072 -8.82035692322 2.80368885705
6eh6eh6eh6eh- -12.4562832789 -9.09038605728 2.678494775
6ei6ei -4.83440467401 0.480840601651 4.50743964948
6ei6ei- -4.83440871769 0.480845516284 4.50745026979
6ei6ei-4ei6ei -3.75823702195 0.824765751325 3.99421006163
6ei6ei-6ei -3.49863393381 1.18998583477 3.92430659979
6ei6ei-6ei-6ei -2.40116348721 1.79308497421 3.51896889671
6ei6ei-6ei-6ei- -2.41531328654 1.78397494635 3.52339933641
6ei6ei-6ei6ei- -2.4153098343 1.78397499239 3.52339573455
6ei6ei6ei -3.51254318243 1.18589121275 3.9368830324
6ei6ei6ei-6ei -2.40099385535 1.79304511256 3.51873016084
6ei6ei6ei-6ei- -2.41210689737 1.7892737544 3.52611144089
6ei6ei6ei6ei -2.41528302027 1.78397173868 3.52336216436
6ei6ei6ei6ei- -2.40858270234 1.78513182814 3.51645229274
6el6el -4.48835635434 0.520192173222 4.22644253972
6el6el- -4.32688831597 0.652538162538 4.06748904231
6el6el6el -3.43575181855 1.12377162319 3.81688818213
6el6el6el6el -2.47530571811 1.65182078083 3.45267708673
6el6el6el6el- -2.35780656795 1.69067754975 3.39470021938
6fa6fa -4.23504557332 0.631833382083 4.02263087504
6fa6fa- -4.40012782985 0.6288941774 4.08383852036
6fa6fa-4fa6fa -3.57708298279 0.785093384351 3.67192365146
6fa6fa-6fa -3.15982182041 1.1775877896 3.55465995957
6fa6fa-6fa-6fa -2.2935166305 1.75202967705 3.32350817057
6fa6fa-6fa-6fa- -2.37458485454 1.83039588432 3.46417837529
6fa6fa-6fa6fa- -2.37145940814 1.61193783727 3.25249912763
6fa6fa6fa -3.15388518515 1.00654688784 3.3754056592
6fa6fa6fa-6fa -2.29396257443 1.58871718511 3.14730385567
6fa6fa6fa-6fa- -2.35917987308 1.64860168022 3.259376625
6fa6fa6fa6fa -2.24364138904 1.49815639584 2.99862583466
6fa6fa6fa6fa- -2.31886927123 1.48831156686 3.06324976786
6fd6fd -1.03862621236 3.89706695622 4.0075195518
6fd6fd- -0.195398456491 4.55969020566 3.83581431269
6fd6fd-4fd6fd 6.02208454073 9.21505692612 2.44417208574
6fd6fd-6fd 5.06795482637 8.27071284319 2.42288239285
6fd6fd-6fd-6fd 11.0876312288 12.1169719802 0.415157308575
6fd6fd-6fd-6fd- 10.7827282452 12.1212538941 0.713210452594
6fd6fd-6fd6fd- 11.5218238613 12.5051300649 0.384706927914
6fd6fd6fd 3.99843184405 7.5409591092 2.74940780613
6fd6fd6fd-6fd 11.3792929448 12.3681575146 0.375567537606
6fd6fd6fd-6fd- 10.9965080361 12.1175491342 0.503233731311
6fd6fd6fd6fd 9.81745653588 11.3065412758 0.853426181699
6fd6fd6fd6fd- 10.839112413 11.8661876545 0.424591600379
6fe6fe -4.06894396406 0.608843636986 3.9531547365
6fe6fe- -3.9036993283 0.933140043484 4.08618156126
6fe6fe-4fe6fe -3.28701804636 0.934685683599 3.67881110957
6fe6fe-6fe -3.03626164283 1.52386121672 3.86746849772
6fe6fe-6fe-6fe -2.00768153526 2.15461708538 3.56756109084
6fe6fe-6fe-6fe- -1.85630039834 2.25483790528 3.51701050702
6fe6fe-6fe6fe- -2.04278140438 2.11894070524 3.5695427253
6fe6fe6fe -3.03184571521 0.995867280771 3.31316788466
6fe6fe6fe-6fe -2.03217879048 1.93860246438 3.29910136179
6fe6fe6fe-6fe- -1.9280409066 2.02930513633 3.29842329803
6fe6fe6fe6fe -2.08385884625 1.59486100683 2.99091391825
6fe6fe6fe6fe- -1.90070437859 1.84065390313 3.06183622153
6ff -4.90421072747 0.486991122989 4.35298012056
6ff6ff -3.81002374061 0.379727642138 3.31570624053
6ff6ff- -4.01810259039 0.529079847337 3.68902601549
6ff6ff-4ff6ff -3.58296944093 0.218031252802 3.1175296311
6ff6ff-6ff -3.26169901707 0.822614250054 3.2832555683
6ff6ff-6ff-6ff -2.50305864224 1.18253157692 2.91983261284
6ff6ff-6ff-6ff- -2.3712779886 1.23594533225 2.84674713964
6ff6ff-6ff6ff- -2.72615494959 1.07986901494 3.0505424072
6ff6ff6ff -3.09040909331 0.515012071546 2.79484928943
6ff6ff6ff-6ff -2.61339888676 0.963223552426 2.8076611783
6ff6ff6ff-6ff- -2.50794494523 1.01165438209 2.75987604732
6ff6ff6ff6ff -2.50661823057 0.753942572736 2.49293452127
6ff6ff6ff6ff- -2.56083264871 0.813034694245 2.59940493456
6fh6fh -8.02984026928 -3.21792968081 3.71512011675
6fh6fh- -7.78008314276 -2.59879855107 4.24563628596
6fh6fh-4fh6fh -10.2831146376 -7.04578043532 2.57829441164
6fh6fh-6fh -9.23324772227 -5.00716739156 3.40739631552
6fh6fh-6fh-6fh -11.1316983091 -8.48709218454 1.95295031292
6fh6fh-6fh-6fh- -10.8082471454 -7.77229056059 2.31954549652
6fh6fh-6fh6fh- -11.1037772487 -8.35364716432 2.00868559047
6fh6fh6fh -9.46623634618 -5.62003642282 2.92435178297
6fh6fh6fh-6fh -11.4092395585 -8.85373964215 1.82295369761
6fh6fh6fh-6fh- -11.0793490291 -8.17172724173 2.14525809911
6fh6fh6fh6fh -11.9076587402 -9.82474822329 1.30454221712
6fh6fh6fh6fh- -11.4756263563 -8.93907521423 1.74109344793
6fi6fi -4.10776465714 0.902481195108 4.13353550453
6fi6fi- -3.91913391606 1.27404014974 4.27423445679
6fi6fi-4fi6fi -3.22050430988 1.55332461259 4.10920457226
6fi6fi-6fi -2.78364429297 2.00291977282 3.95048651536
6fi6fi-6fi-6fi -1.87007493393 2.55380016646 3.71396872211
6fi6fi-6fi-6fi- -1.95334937022 2.5984296017 3.79207706634
6fi6fi-6fi6fi- -1.84603167731 2.55791335568 3.64758137638
6fi6fi6fi -2.9676376646 1.36019208452 3.54042176207
6fi6fi6fi-6fi -1.79029517831 2.25100619595 3.30487883369
6fi6fi6fi-6fi- -1.85151904808 2.28224714033 3.37233743551
6fi6fi6fi6fi -1.89099070962 1.97758465982 3.12320315877
6fi6fi6fi6fi- -1.84482883753 2.07183541915 3.17787446275
6fl6fl -3.57844499686 0.567547153681 3.28363898201
6fl6fl- -3.55879747558 1.10358155036 3.77470496
6fl6fl6fl -2.57857103163 0.913968362269 2.69621096894
6fl6fl6fl6fl -1.69462867477 1.40309689031 2.34869146712
6fl6fl6fl6fl- -1.57970244748 1.69777862805 2.51867620452
6ha6ha -8.56235371041 -2.88126920677 4.47447681785
6ha6ha- -8.74616059158 -2.85890156006 4.88725419861
6ha6ha-4ha6ha -11.0324429176 -6.47131384276 3.82576234949
6ha6ha-6ha -9.82543912581 -4.56140700709 4.43487102715
6ha6ha-6ha-6ha -11.4244187367 -6.80625973254 3.81107525634
6ha6ha-6ha-6ha- -11.2406972945 -6.80484847423 3.63115680529
6ha6ha-6ha6ha- -11.623963301 -6.89246390876 3.92715579813
6ha6ha6ha -9.49960340429 -4.56161725519 4.09411543907
6ha6ha6ha-6ha -11.4671018676 -6.76401409558 3.89951049333
6ha6ha6ha-6ha- -11.2651569864 -6.7208522986 3.74045830997
6ha6ha6ha6ha -11.1118566679 -6.70509907523 3.61386732278
6ha6ha6ha6ha- -11.2635317866 -6.69504345088 3.77039231607
6hd6hd -5.84548256231 -0.45250811235 3.55593014437
6hd6hd- -5.78097812009 -0.285695032576 3.62873739098
6hd6hd-4hd6hd 0.837752297502 2.71540340944 0.453795511383
6hd6hd-6hd -0.169700634242 2.18894784908 0.913403955633
6hd6hd-6hd-6hd 19.5829191615 21.6742901571 0.996359460742
6hd6hd-6hd-6hd- 18.9707443477 20.6093955666 0.569683631718
6hd6hd-6hd6hd- 20.2788682688 22.2657878885 1.24162973288
6hd6hd6hd -1.49909616167 1.52328609927 1.56341309416
6hd6hd6hd-6hd 19.7104073022 22.0803665198 1.55025930427
6hd6hd6hd-6hd- 19.6977287853 21.2553706398 0.626914056659
6hd6hd6hd6hd 18.8078661237 20.6287402008 0.465385470624
6hd6hd6hd6hd- 19.1274016674 21.57845206 1.10846770548
6he6he -8.11235065495 -2.9874516444 4.20635130789
6he6he- -8.08640758522 -2.84451245953 4.47533951622
6he6he-4he6he -10.1743954332 -6.27710851657 3.29195190516
6he6he-6he -8.95580674278 -4.14926029972 4.14101902949
6he6he-6he-6he -10.4442898544 -6.35581824398 3.45295869744
6he6he-6he-6he- -10.6800820747 -6.74250205293 3.24662655951
6he6he-6he6he- -10.4010366572 -6.15331264549 3.63429750681
6he6he6he -9.1357371951 -4.60860565167 3.78689208377
6he6he6he-6he -10.4628116549 -6.30480339456 3.54576903698
6he6he6he-6he- -10.6173633863 -6.52802069068 3.42253721358
6he6he6he6he -10.7599490225 -6.9267049375 3.15524294603
6he6he6he6he- -10.6068481744 -6.60698426509 3.36898651983
6hf6hf -7.85579005662 -3.42753178855 3.6150619192
6hf6hf- -8.19825591012 -3.65779996523 3.76028854688
6hf6hf-4hf6hf -10.1998941847 -8.12785614484 1.46277733755
6hf6hf-6hf -9.27876465186 -5.73724709654 2.83888864277
6hf6hf-6hf-6hf -11.2138977098 -9.36882362783 1.20560524865
6hf6hf-6hf-6hf- -11.2794534323 -10.0526966773 0.582476205116
6hf6hf-6hf6hf- -11.4670448863 -9.61469677752 1.18629934472
6hf6hf6hf -9.23519113266 -5.95603353056 2.57955893809
6hf6hf6hf-6hf -11.3346901264 -9.46534513998 1.21141488757
6hf6hf6hf-6hf- -11.3948925883 -10.0075606082 0.717371627968
6hf6hf6hf6hf -11.2504381617 -9.72234155476 0.892811766534
6hf6hf6hf6hf- -11.6533393287 -9.85749260351 1.11748394475
6hh -10.3076322027 -3.51659346718 5.36205452921
6hh6hh -14.5758291743 -9.27690492682 3.9727225279
6hh6hh6hh -48.5752442977 -47.0101431588 0.328930485332
6hh6hh6hh6hh -69.6200061208 -68.2892441944 0.682253307215
6hi6hi -8.46396411425 -2.54618966926 4.71837286784
6hi6hi- -8.62810704344 -2.38646610355 4.83384405946
6hi6hi-4hi6hi -10.627719764 -5.60201898786 4.31098823504
6hi6hi-6hi -9.48629353006 -3.63557826642 4.85351759494
6hi6hi-6hi-6hi -10.7165835164 -5.59906005591 4.37766107662
6hi6hi-6hi-6hi- -10.6430962341 -5.7463079018 4.16038247576
6hi6hi-6hi6hi- -10.7242512186 -5.36588925233 4.61834401401
6hi6hi6hi -9.28171895929 -4.00544332005 4.5041132268
6hi6hi6hi-6hi -10.7480498682 -5.55142339918 4.50207801635
6hi6hi6hi-6hi- -10.6536546737 -5.6468547077 4.29930862066
6hi6hi6hi6hi -10.6534560389 -5.90141622128 4.04271793538
6hi6hi6hi6hi- -10.7288081291 -5.76403447068 4.25493115968
6hl6hl -7.87655630815 -3.00722193891 3.90873037497
6hl6hl- -7.78312642946 -2.62261206191 4.0458457753
6hl6hl6hl -9.11629413162 -4.96598875651 3.37048831387
6hl6hl6hl6hl -10.8904517242 -7.67863631165 2.51631793946
6hl6hl6hl6hl- -10.6099044562 -7.21828738649 2.71965262591
6ia6ia -5.2293360536 0.968034915569 5.2414057727
6ia6ia- -5.24743937851 0.918420062201 5.26583825381
6ia6ia-4ia6ia -4.16185102667 1.15512936889 4.65922697484
6ia6ia-6ia -3.96929737397 1.55461399806 4.70853423101
6ia6ia-6ia-6ia -2.84114842583 2.2314424046 4.29882880379
6ia6ia-6ia-6ia- -2.8090602556 2.23966169207 4.27559823173
6ia6ia-6ia6ia- -2.87045658813 2.22883131539 4.32247523686
6ia6ia6ia -3.90232988277 1.59655053846 4.62542334541
6ia6ia6ia-6ia -2.84697857829 2.22196462786 4.25681199891
6ia6ia6ia-6ia- -2.82144461661 2.22538733711 4.23650113615
6ia6ia6ia6ia -2.7740347073 2.24413650999 4.20906086112
6ia6ia6ia6ia- -2.80862309809 2.23051853942 4.22885352376
6id6id -1.29788293084 4.29615448049 4.59126817357
6id6id- -1.36733160705 4.24200777028 4.57106089611
6id6id-4id6id 6.06964114255 9.32430924011 2.42079721118
6id6id-6id 4.58245163151 8.1601852219 2.69227662217
6id6id-6id-6id 11.0499474374 11.999324458 0.329096630865
6id6id-6id-6id- 11.0934255215 12.0040304595 0.295059580674
6id6id-6id6id- 10.9061205492 11.9428301411 0.392884205528
6id6id6id 4.70288133798 8.16233484344 2.63201974115
6id6id6id-6id 10.962565118 12.0398555746 0.442020923318
6id6id6id-6id- 10.9676777975 12.0251748525 0.424639181282
6id6id6id6id 11.4343455283 12.3760746624 0.352611341602
6id6id6id6id- 11.3146899349 12.2978106691 0.387113632677
6ie6ie -4.79432579455 0.517917692277 4.72902924
6ie6ie- -4.68505332927 0.601032188815 4.62226855021
6ie6ie-4ie6ie -3.54593868201 0.885572296335 3.92907756063
6ie6ie-6ie -3.33224866384 1.394278899 4.07490945163
6ie6ie-6ie-6ie -2.20567666655 2.07280730395 3.63108550002
6ie6ie-6ie-6ie- -2.20044134082 2.06600289433 3.62451653102
6ie6ie-6ie6ie- -2.19387425553 2.08303853267 3.66337422327
6ie6ie6ie -3.47565427474 1.33810719635 4.20085019142
6ie6ie6ie-6ie -2.2836884343 2.06208413543 3.7619194233
6ie6ie6ie-6ie- -2.2598447802 2.04949163577 3.72547116754
6ie6ie6ie6ie -2.31714146231 2.03557124899 3.73796278498
6ie6ie6ie6ie- -2.32878761818 2.04330622452 3.74987837235
6if6if -4.56515300953 0.726448523071 4.32497855229
6if6if- -4.42525798216 0.81009282701 4.34972484613
6if6if-4if6if -3.71655161985 0.744731985999 3.7759165835
6if6if-6if -3.38284614723 1.36652559348 3.91723566506
6if6if-6if-6if -2.70076215676 1.74271277937 3.64674304099
6if6if-6if-6if- -2.76312114661 1.62274579831 3.60006701711
6if6if-6if6if- -2.66120133297 1.8322554756 3.68055981902
6if6if6if -3.70031716092 1.16420541031 3.97804073028
6if6if6if-6if -2.7515461901 1.75060539024 3.75147605469
6if6if6if-6if- -2.82966981592 1.64896908871 3.68935445276
6if6if6if6if -2.94227825116 1.63693995523 3.75320103595
6if6if6if6if- -2.95425287531 1.6637290071 3.79080511582
6ih6ih -8.92017170864 -2.94081555904 4.79500524743
6ih6ih- -8.96607788829 -2.74124760647 4.83642080844
6ih6ih-4ih6ih -11.1672912439 -6.15500713723 4.28653195516
6ih6ih-6ih -10.0694755365 -4.36819894952 4.83724897278
6ih6ih-6ih-6ih -11.8074247741 -7.13165938011 3.93782529052
6ih6ih-6ih-6ih- -11.8096468438 -7.19569345831 3.89765624561
6ih6ih-6ih6ih- -11.8045262558 -6.96323421931 4.12892683279
6ih6ih6ih -10.0083194222 -4.64033850174 4.52540717271
6ih6ih6ih-6ih -11.8352764009 -7.03768084674 4.04578447373
6ih6ih6ih-6ih- -11.8419535997 -7.12502722883 3.99811984454
6ih6ih6ih6ih -11.8343702739 -7.26028159295 3.83752974105
6ih6ih6ih6ih- -11.8321039092 -7.20164176373 3.87369348161
6ii -6.82094806118 0.496135427646 6.1934730662
6ii6ii -5.1446019509 1.25472061503 5.41532943686
6ii6ii6ii6ii -2.46365132089 2.64593209435 4.31736618083
6il6il- -4.36800001185 1.19668400941 4.61254079399
6il6il6il6il -2.16627643252 2.36728482944 3.7437147651
6la6la6la6la -1.62390161713 2.73344847629 3.62325323412
6ld6ld -0.407331244098 4.81529809675 4.23807987988
6ld6ld6ld 5.41841696241 8.68767020122 2.44671204329
6ld6ld6ld6ld 12.3012533015 13.2558716774 0.358113562957
6le6le -3.82752036736 1.18506412275 4.4071349362
6le6le6le -2.42313654822 2.07352776337 3.84522778268
6le6le6le6le -1.18895624445 2.76977761661 3.34809209431
6lf6lf -3.6563795293 1.06153541385 3.81984602032
6lf6lf6lf -2.59784642181 1.62799087686 3.38748441531
6lf6lf6lf6lf -1.69955283025 2.17137816549 3.10219506985
6lh6lh -7.79373423232 -2.31380460578 4.42644663752
6lh6lh6lh -8.64599911295 -3.74297240791 4.06279879107
6lh6lh6lh6lh -9.97444090994 -5.8419336034 3.39916681172
6li6li -4.11825876638 1.66770322204 4.87322626534
6li6li6li -2.62306058475 2.45632089273 4.24291497977
6li6li6li6li -1.35216892381 3.14581422309 3.76630772684
6ll -4.92938766961 0.690131593491 4.59626036361
6ll6ll -3.46656363223 1.32288695659 3.91062185371
6ll6ll6ll -2.14599768573 2.06225477053 3.39885033845
6ll6ll6ll6ll -0.958662885282 2.80435234998 3.02356161494
Repulse
Repulse
Repulse
Repulse
Repulse
Repulse
Repulse
Repulse
Repulse
Repulse
Using multi
