12dd -10.5442349383 1.28539313137 6.99300916892
12dd12dd -9.64669443005 -0.318580118329 5.02993921893
12dd12dd- -9.67877948874 -0.396489231977 5.02212979464
12dd12dd-12dd -9.38040049683 -0.73031544204 4.53646689747
12dd12dd-12dd-12dd -9.2995300526 -0.925909929238 4.32935060272
12dd12dd-12dd-12dd- -9.27394072335 -1.18362511482 4.16229949862
12dd12dd-12dd12dd- -9.24668285519 -0.956701881013 4.28917043745
12dd12dd-4dd12dd -9.4836127811 -1.21417783033 4.43946046759
12dd12dd12dd -9.38960586126 -0.871961733466 4.48936232815
12dd12dd12dd-12dd -9.32392225121 -1.00863786161 4.31226391023
12dd12dd12dd-12dd- -9.28750275338 -1.19514849771 4.17754030298
12dd12dd12dd12dd -9.33335354506 -1.23679317708 4.18183885452
12dd12dd12dd12dd- -9.2739382023 -1.18362839875 4.16229485954
12dh -8.73365440641 1.75842513873 6.04464241223
12dh12dh -8.01649314127 0.739086240142 4.58377389048
12dh12dh- -8.0123888008 0.674479169006 4.58269161827
12dh12dh-12dh -7.58631658656 0.25453584385 3.8707362079
12dh12dh-12dh-12dh -7.46461239975 -0.0138291996908 3.58494164149
12dh12dh-12dh-12dh- -7.53148717983 -0.114243233976 3.64793542058
12dh12dh-12dh12dh- -7.39884089 0.00749554321372 3.55886226585
12dh12dh-4dh12dh -7.81091879873 -0.0321041931615 3.87279652465
12dh12dh12dh -7.69293462829 0.252238111884 4.06343477119
12dh12dh12dh-12dh -7.39938261582 0.0268633289234 3.62893485673
12dh12dh12dh-12dh- -7.49166255776 -0.0547360192013 3.69196891916
12dh12dh12dh12dh -7.54233349677 -0.0398317671305 3.76869909053
12dh12dh12dh12dh- -7.43315552226 0.0640290080098 3.69302544081
12hd -8.73365816138 1.75842688432 6.04464595096
12hd12hd -8.01650490021 0.73908971301 4.58378413521
12hd12hd- -8.01246350872 0.674454880719 4.58273295727
12hd12hd-12hd -7.5863119545 0.254533471918 3.87073276109
12hd12hd-12hd-12hd -7.46460972199 -0.0138250675126 3.58494806003
12hd12hd-12hd-12hd- -7.43316793739 0.0640341409086 3.69303332175
12hd12hd-12hd12hd- -7.39882544457 0.00747314626629 3.55883471135
12hd12hd-4hd12hd -7.87161932492 -0.196869405928 3.86544680365
12hd12hd12hd -7.69291422425 0.252232926125 4.06341850434
12hd12hd12hd-12hd -7.48632153739 -0.0696943319704 3.6105938474
12hd12hd12hd-12hd- -7.49166144957 -0.0547375402567 3.69196823996
12hd12hd12hd12hd -7.54286460546 -0.0396491285264 3.76910794292
12hd12hd12hd12hd- -7.5315893771 -0.114305489946 3.6480143216
12hh -8.23275606044 2.83969161615 6.31405057651
12hh12hh -7.57060316434 1.72872150082 4.96041809976
12hh12hh- -7.68092756027 1.45475838462 4.90081170848
12hh12hh-12hh -6.99248337421 1.09911992787 4.09758506157
12hh12hh-12hh-12hh- -7.03504328617 0.785533180411 3.91339591823
12hh12hh-12hh12hh- -6.97250519012 0.698194396056 3.7729002837
12hh12hh-4hh12hh -7.02429963099 0.7415369554 3.86576574333
12hh12hh12hh -7.25715033502 1.26021587941 4.4068175796
12hh12hh12hh-12hh -6.91372819603 0.823524390652 3.84820335593
12hh12hh12hh-12hh- -6.87905804117 0.930395590831 3.90303409031
12hh12hh12hh12hh -7.05829385332 0.937627507424 4.0521840717
12hh12hh12hh12hh- -7.03514809737 0.785311809654 3.91329293099
13aa -8.75252295878 3.52991789676 7.12990968837
13aa13aa -7.5406084704 2.34245202503 5.46741423682
13aa13aa- -7.56293846525 2.37500660097 5.49040494721
13aa13aa-13aa -7.11437277493 1.96943688743 4.89710350131
13aa13aa-13aa-13aa- -7.24798009887 1.94881167942 4.91874552229
13aa13aa-13aa13aa- -6.89619554276 1.74312821814 4.58474249985
13aa13aa-4aa13aa -7.34682047908 1.25405030317 4.66408727862
13aa13aa13aa -7.50124736082 2.25759306253 5.31525685452
13aa13aa13aa-13aa -7.1389659021 1.92308015634 4.84973189538
13aa13aa13aa-13aa- -7.20911635563 1.88021688692 4.84589346701
13aa13aa13aa13aa -7.40415439292 2.05564101667 5.092315358
13aa13aa13aa13aa- -7.24823338615 1.94904988802 4.91902477275
13ad13ad -8.68453975078 1.32447112351 5.46141259646
13ad13ad- -8.54194665357 1.05056642701 5.18798328625
13ad13ad-13ad-13ad -8.03751140068 0.393200239275 4.41279565069
13ad13ad-13ad-13ad- -8.20195251265 0.278049270965 4.44085801117
13ad13ad-13ad13ad- -8.04169101724 0.478708787051 4.4807482434
13ad13ad-4ad13ad -8.3364802617 -0.100704096351 4.40512363324
13ad13ad13ad-13ad -8.17011752127 0.388535282112 4.49294722088
13ad13ad13ad-13ad- -8.21576892826 0.319969805224 4.47949458073
13ad13ad13ad13ad -8.53296851434 0.67990514641 4.93296158615
13ad13ad13ad13ad- -8.2788360608 0.316831380429 4.49834610331
13ae13ae -7.96045524113 1.79807470283 4.43289895119
13ae13ae- -7.85092523907 1.57128737755 4.3875015678
13ae13ae-13ae -7.46502459857 1.26876534443 4.38010672782
13ae13ae-13ae-13ae -7.34915660529 1.03230200637 4.29681703919
13ae13ae-13ae-13ae- -7.44516799574 1.01926507125 4.35386932349
13ae13ae-13ae13ae- -7.28518206344 1.07654792693 4.29586027172
13ae13ae-4ae13ae -7.59610818777 0.531580052036 4.21230595781
13ae13ae13ae -7.6383517602 1.21250483542 4.41575512992
13ae13ae13ae-13ae -7.38003973237 1.00243578278 4.30012283672
13ae13ae13ae-13ae- -7.44650079983 0.936894102091 4.29259525976
13ae13ae13ae13ae -7.63090849767 1.20051812398 4.42494204134
13ae13ae13ae13ae- -7.46024971807 0.921453327102 4.28733609273
13af13af -7.62304324333 2.29390676343 5.39350897304
13af13af- -7.26508264496 2.19484547171 5.14178343221
13af13af-13af -6.83214450115 1.80795098646 4.59084176963
13af13af-13af-13af -6.66518028718 1.49924843182 4.24019789511
13af13af-13af-13af- -6.75554062839 1.33913408172 4.15450156205
13af13af-13af13af- -6.60959784791 1.52750818022 4.26456088074
13af13af-4af13af -6.99224889141 1.09628332864 4.21366246064
13af13af13af -7.39178540415 1.90611708925 4.95594612387
13af13af13af-13af -6.8310910441 1.49979296295 4.35552785451
13af13af13af-13af- -7.08655919154 1.31355786206 4.3256647651
13af13af13af13af -7.33483982043 1.67307754744 4.74215509744
13af13af13af13af- -7.11289693669 1.54286384061 4.52439281837
13ah13ah -7.12129699641 2.3927154641 5.12657984424
13ah13ah- -7.22224033623 2.25674322319 5.20583394961
13ah13ah-13ah -6.93900741267 1.83763144822 4.71698497312
13ah13ah-13ah-13ah -6.74898316225 1.61602251941 4.37365624279
13ah13ah-13ah-13ah- -6.6863986853 1.62605357697 4.366718442
13ah13ah-13ah13ah- -6.79394388762 1.59664902977 4.44842782776
13ah13ah-4ah13ah -6.95218237784 1.25150857887 4.28541216947
13ah13ah13ah -6.87145476276 2.00198068756 4.68831108888
13ah13ah13ah-13ah -6.83679095534 1.59230774907 4.41570210259
13ah13ah13ah-13ah- -6.74327277809 1.58392035671 4.34860546454
13ah13ah13ah13ah -6.77868818979 1.76439802865 4.45628275877
13ah13ah13ah13ah- -6.82870012582 1.69050301551 4.42848490046
13ai13ai -7.60153649492 2.63876949626 5.61603165484
13ai13ai- -7.52428985151 2.60952136682 5.57858631415
13ai13ai-13ai-13ai -6.97496806888 1.9933230975 4.7437470498
13ai13ai-13ai-13ai- -7.06698656195 1.98814535471 4.79731349374
13ai13ai-13ai13ai- -6.89590364713 1.99256299575 4.71767994766
13ai13ai-4ai13ai -7.2382704035 1.44986241999 4.68630006802
13ai13ai13ai-13ai -6.95742199851 1.97538056422 4.73290449323
13ai13ai13ai-13ai- -7.0301459804 1.93584145299 4.7339306039
13ai13ai13ai13ai -7.2009209666 2.10274041885 4.95626158232
13ai13ai13ai13ai- -7.09128300713 2.0631216081 4.86403223254
13al13al -6.9765896419 2.31875453182 5.05639225993
13al13al- -7.08472896735 2.37894123679 5.14437116194
13al13al-13al -6.56326047577 1.9332617775 4.49182251848
13al13al-13al-13al -6.61811429297 1.57751894503 4.25899665498
13al13al-13al-13al- -6.7169243907 1.58440181915 4.32045094428
13al13al-13al13al- -6.35255760302 1.73308635193 4.2136095971
13al13al13al -6.70043187113 1.7491838913 4.36951346703
13al13al13al-13al- -6.67017277138 1.59400377849 4.25247075475
13al13al13al13al -6.54085424268 1.504739941 4.129323363
13al13al13al13al- -6.46659937314 1.53584549697 4.08251791757
13da13da -8.68454626049 1.32452033153 5.46146986978
13da13da- -8.54194675224 1.05056563709 5.18798208405
13da13da-13da-13da -8.03738481483 0.393159226929 4.41267126086
13da13da-13da-13da- -8.32373558201 0.425518609428 4.62889792305
13da13da-13da13da- -8.041689188 0.4787095029 4.48074727049
13da13da-4da13da -8.27667814707 -0.208947615921 4.31891818158
13da13da13da-13da -8.05306464187 0.399213003305 4.43256133818
13da13da13da-13da- -8.22152878039 0.320351635699 4.48138783596
13da13da13da13da -8.53298537947 0.679881992216 4.93295556978
13da13da13da13da- -8.20182762327 0.278198983028 4.44108068628
13dd -10.0662074576 1.56046886151 6.59204483193
13dd13dd -9.24695296304 0.00860085713879 4.93749234265
13dd13dd- -9.24661965203 0.00862274094361 4.93718793121
13dd13dd-13dd -8.99833220678 -0.1611419452 4.65974313293
13dd13dd-13dd-13dd -9.04441446225 -0.348744724985 4.59780797906
13dd13dd-13dd-13dd- -9.16429610154 -0.648476098627 4.52503115788
13dd13dd-13dd13dd- -8.91475600285 -0.311159290857 4.52502218054
13dd13dd-4dd13dd -9.15512639404 -1.12239220363 4.369531791
13dd13dd13dd -8.99875942194 -0.161144663482 4.66009715978
13dd13dd13dd-13dd -9.03844315175 -0.449037089145 4.51606287901
13dd13dd13dd-13dd- -9.18610576272 -0.617520824882 4.51786428852
13dd13dd13dd13dd -8.91475649042 -0.311155723345 4.52502379325
13dd13dd13dd13dd- -9.16375611951 -0.648744137867 4.52446490886
13de13de -8.85994028606 1.07712497831 4.4166678095
13de13de- -8.6322006499 0.4948611317 4.37952357297
13de13de-13de -8.31576307063 0.247243627672 4.32084413205
13de13de-13de-13de -8.30759708733 0.119261996892 4.26672862467
13de13de-13de-13de- -8.55572240791 0.0671330114787 4.36889664082
13de13de-13de13de- -8.18086428347 0.0363960287235 4.18549980092
13de13de-4de13de -8.46758904685 -0.582646607102 4.13162591244
13de13de13de -8.79393270937 0.783222088163 4.42389157618
13de13de13de-13de -8.29637164521 0.011200145253 4.24996079942
13de13de13de-13de- -8.45685374189 -0.0647870895246 4.3143722828
13de13de13de13de -8.85968609343 0.617112012011 4.42469606615
13de13de13de13de- -8.41146848666 -0.148986256192 4.26625523442
13df13df -8.43974250523 1.04611928724 5.0379786916
13df13df- -8.19196272497 1.00935206851 4.91261892793
13df13df-13df -7.82634256427 0.68827240679 4.44983047743
13df13df-13df-13df -7.71610244928 0.395034086084 4.15142539711
13df13df-13df-13df- -7.99120505638 0.338669930055 4.37174685997
13df13df-13df13df- -7.67143486074 0.390673698445 4.14516485113
13df13df-4df13df -7.99037053706 -0.0642262124574 4.0868013853
13df13df13df -8.23370203795 0.329556382684 4.38717772858
13df13df13df-13df -7.82574176292 0.290423409488 4.16898808502
13df13df13df-13df- -8.00067362783 0.168342581115 4.20864992505
13df13df13df13df -8.25191536785 0.226129265197 4.37380663067
13df13df13df13df- -8.01305622587 0.0528206289759 4.06455543562
13dh13dh -7.75206659518 1.2663112513 4.73208334761
13dh13dh- -8.00948386423 1.0743046348 4.9090557852
13dh13dh-13dh -7.86805516641 0.678807550887 4.55435208813
13dh13dh-13dh-13dh -7.6315156423 0.409389007477 4.07526528694
13dh13dh-13dh-13dh- -7.58092595797 0.335193709023 4.12082602294
13dh13dh-13dh13dh- -7.82111357188 0.437453201319 4.34202402222
13dh13dh-4dh13dh -7.81580416564 0.0994139890664 4.052696869
13dh13dh13dh -7.61038723621 0.820854422449 4.35060238173
13dh13dh13dh-13dh -7.75421987909 0.418907394282 4.22113777676
13dh13dh13dh-13dh- -7.64390571345 0.336922279272 4.1077668689
13dh13dh13dh13dh -7.60272729159 0.544704191527 4.15928823031
13dh13dh13dh13dh- -7.5801466801 0.363051304864 3.94008136429
13di13di -8.57401689103 1.51110960917 5.47089824339
13di13di- -8.31330960817 1.16097652202 5.07562832793
13di13di-13di -7.97121030265 0.812282583649 4.60665893903
13di13di-13di-13di -7.93767201933 0.622325290162 4.45437067605
13di13di-13di-13di- -8.20364635466 0.645490972742 4.6604336667
13di13di-13di13di- -7.82272116953 0.592254935787 4.36162686178
13di13di-4di13di -8.157441986 0.151025767148 4.44792448038
13di13di13di -8.42045141178 1.14175752227 5.12304233829
13di13di13di-13di -7.93621269001 0.583166319914 4.42995176203
13di13di13di-13di- -8.10176600957 0.550852634894 4.51147056023
13di13di13di13di -8.42361509719 0.913720375175 4.95987723865
13di13di13di13di- -8.0543592504 0.468657890895 4.41553746478
13dl13dl -8.4869985277 1.32457456153 5.25922397317
13dl13dl- -7.9905045876 1.22765935625 4.90559799766
13dl13dl-13dl -7.53945409097 0.830885179605 4.32840203728
13dl13dl-13dl-13dl -7.72338417264 0.536992213689 4.24233522556
13dl13dl-13dl-13dl- -7.3847972405 0.638844993314 4.08191462458
13dl13dl-13dl13dl- -7.38476514781 0.638850159214 4.08189754711
13dl13dl13dl -8.31518491538 0.982857112373 4.93213747771
13dl13dl13dl-13dl -7.52771467285 0.542334061797 4.12635891124
13dl13dl13dl13dl -8.31827395614 0.770842973624 4.78970128801
13dl13dl13dl13dl- -7.82186711663 0.450636261135 4.23204943533
13ea13ea -7.96151521841 1.79991270178 4.43315016698
13ea13ea- -7.8509223595 1.5712850032 4.38750141539
13ea13ea-13ea -7.46499259838 1.26874131582 4.38011751152
13ea13ea-13ea-13ea -7.34924561876 1.03239027106 4.29690708175
13ea13ea-13ea-13ea- -7.49989862155 1.04011623086 4.3795666603
13ea13ea-13ea13ea- -7.28509789567 1.07648914631 4.29577174308
13ea13ea-4ea13ea -7.54252755097 0.463458831895 4.19525970866
13ea13ea13ea -7.63876859438 1.2124182847 4.41575970342
13ea13ea13ea-13ea -7.35023548603 1.02812373379 4.29555653619
13ea13ea13ea-13ea- -7.44651342365 0.936940768241 4.2926127086
13ea13ea13ea13ea -7.63125274537 1.20059787338 4.42469899743
13ea13ea13ea13ea- -7.44517655616 1.01926149939 4.35387118788
13ed13ed -8.85977404225 1.07696739335 4.41667222773
13ed13ed- -8.63226446954 0.494879999863 4.37956249744
13ed13ed-13ed -8.31594137929 0.247394198168 4.32104150815
13ed13ed-13ed-13ed -8.30766106754 0.119306733847 4.26656001882
13ed13ed-13ed-13ed- -8.41155013568 -0.1490065659 4.26628297075
13ed13ed-13ed13ed- -8.18086336486 0.0363929664267 4.18549622108
13ed13ed-4ed13ed -8.46838397063 -0.56327015725 4.10950319415
13ed13ed13ed -8.79456468416 0.783702883757 4.42395543582
13ed13ed13ed-13ed -8.33239596081 -0.0123312900605 4.24932508764
13ed13ed13ed-13ed- -8.45662948456 -0.0647477336474 4.31421873483
13ed13ed13ed13ed -8.85977128651 0.617300725217 4.4247240278
13ed13ed13ed13ed- -8.55593348535 0.0670582005967 4.36887803493
13ee -8.90035322944 2.28297013225 4.45117934622
13ee13ee -8.38414231087 1.55630135798 4.39725001945
13ee13ee- -8.09808271153 0.971008325013 4.36050220188
13ee13ee-13ee -7.75717453768 0.836793033415 4.29676436251
13ee13ee-13ee-13ee -7.70481149498 0.671083558807 4.23085426541
13ee13ee-13ee-13ee- -7.92224691632 0.644793510381 4.33816013898
13ee13ee-13ee13ee- -7.60706709721 0.702996513878 4.19808518154
13ee13ee-4ee13ee -7.86441896715 0.0152198861379 4.10388617839
13ee13ee13ee -8.22654445826 1.29080283876 4.38403820297
13ee13ee13ee-13ee -7.72842312021 0.634516770821 4.21173202846
13ee13ee13ee-13ee- -7.85212510433 0.531623217198 4.24634070867
13ee13ee13ee13ee -8.21042297279 1.12371627993 4.38286962649
13ee13ee13ee13ee- -7.92189581518 0.644862891002 4.33816651394
13ef13ef -7.93161554106 1.48913678121 4.2212746077
13ef13ef- -7.73077173654 1.46684153047 4.33098799407
13ef13ef-13ef -7.28758359942 1.1770796431 4.3254522261
13ef13ef-13ef-13ef -7.16770183027 0.926708364604 4.11345309544
13ef13ef-13ef-13ef- -7.40118184522 0.904394818049 4.29167481719
13ef13ef-13ef13ef- -7.1023549618 0.907002839574 4.07223092659
13ef13ef-4ef13ef -7.39332295571 0.512810247006 4.03910836552
13ef13ef13ef -7.66382391653 1.05953184939 4.21330224655
13ef13ef13ef-13ef -7.24121131721 0.829090039391 4.09037697093
13ef13ef13ef-13ef- -7.39454036031 0.736354806759 4.13145956067
13ef13ef13ef13ef -7.59177441444 0.798586604348 4.19698153462
13ef13ef13ef13ef- -7.44694005207 0.751980735088 4.12714002731
13eh13eh -7.37912134918 1.73718351698 4.30920842863
13eh13eh- -7.59738945988 1.54484697136 4.32912775944
13eh13eh-13eh -7.34673348242 1.18869058544 4.34029469534
13eh13eh-13eh-13eh -7.13157985077 1.00262029704 4.13701014166
13eh13eh-13eh-13eh- -7.0720105391 0.955544170609 4.13370552734
13eh13eh-13eh13eh- -7.21196045884 0.972446423648 4.18371883838
13eh13eh-4eh13eh -7.29274908668 0.628019438248 4.02906993434
13eh13eh13eh -7.16615688333 1.38236582554 4.30268676901
13eh13eh13eh-13eh -7.16949622732 0.992834161268 4.12675024314
13eh13eh13eh-13eh- -7.11964076693 0.946386190654 4.11389014415
13eh13eh13eh13eh -7.10457630741 1.16718008145 4.18990705709
13eh13eh13eh13eh- -7.123972886 1.10837510907 4.15058502346
13ei13ei -8.0057707479 2.01008458592 4.41043504237
13ei13ei- -7.7246105408 1.65494762727 4.3593561334
13ei13ei-13ei -7.31074423792 1.32534702164 4.33133647322
13ei13ei-13ei-13ei -7.29656637445 1.21187593929 4.33301863842
13ei13ei-13ei-13ei- -7.50391028446 1.25854635575 4.35653109888
13ei13ei-13ei13ei- -7.15599114605 1.16595687005 4.22715594093
13ei13ei-4ei13ei -7.4993893096 0.78699321074 4.20893476829
13ei13ei13ei -7.78159086932 1.71044448793 4.40454296546
13ei13ei13ei-13ei -7.25085706152 1.14213119482 4.25240747051
13ei13ei13ei-13ei- -7.41361672892 1.15322962949 4.34170640996
13ei13ei13ei13ei -7.72528017261 1.52450807242 4.4042801354
13ei13ei13ei13ei- -7.47174423313 1.26507609259 4.35034711407
13el13el -8.12918040615 1.84589883215 4.35202691991
13el13el- -7.52739795812 1.68705927481 4.34803704952
13el13el-13el -7.47250348694 1.17950229083 4.31841769629
13el13el-13el-13el -7.3871657291 0.913461926006 4.19125974371
13el13el-13el-13el- -7.33406575228 0.993901377529 4.23121230553
13el13el-13el13el- -7.20337256672 1.04693515846 4.206421012
13el13el13el -7.89866295311 1.54705491648 4.35599649977
13el13el13el-13el -7.38135921708 0.986210318096 4.23522574864
13el13el13el-13el- -7.29823124935 1.0509098676 4.24148681878
13el13el13el13el -7.49867401148 0.956967375009 4.28980032952
13el13el13el13el- -7.48350355588 1.16659361735 4.34745991903
13fa13fa -7.25094706472 2.16190643265 5.13454543026
13fa13fa- -7.26514156305 2.19481481434 5.1418006514
13fa13fa-13fa -6.82787769126 1.76796764889 4.56438369767
13fa13fa-13fa-13fa- -7.11309102827 1.54265090173 4.52446823827
13fa13fa-13fa13fa- -6.60912624532 1.5275399526 4.26433288988
13fa13fa-4fa13fa -6.87325414114 0.908694785725 4.16778951907
13fa13fa13fa -6.99861576886 1.55746614125 4.43918682893
13fa13fa13fa-13fa -6.70283956451 1.47198205221 4.27086544129
13fa13fa13fa-13fa- -7.06938899967 1.27971578794 4.2857295213
13fa13fa13fa13fa -6.89697237553 1.53930831529 4.41203028481
13fa13fa13fa13fa- -6.75555468927 1.33913412879 4.15451508311
13fd13fd -8.3456764432 1.26114431435 5.16475202706
13fd13fd- -8.19197545026 1.00935262776 4.91263372907
13fd13fd-13fd -7.83389317047 0.625281821561 4.41690739584
13fd13fd-13fd-13fd -7.82820656396 0.275024581264 4.11626279904
13fd13fd-13fd-13fd- -8.00510237954 0.154216061038 4.15426940161
13fd13fd-13fd13fd- -7.67144367068 0.390677322786 4.14517338225
13fd13fd-4fd13fd -7.92897512163 -0.205607423915 4.09271139246
13fd13fd13fd -8.18488325436 0.867125803737 4.79020410446
13fd13fd13fd-13fd -7.81549923937 0.320469615741 4.19667895765
13fd13fd13fd-13fd- -8.00064709254 0.168345565507 4.20863321485
13fd13fd13fd13fd -8.0809174233 0.370418270768 4.37930787015
13fd13fd13fd13fd- -7.92346868065 0.225670867843 4.20628263492
13fe13fe -7.91857653719 1.71352670619 4.39563857135
13fe13fe- -7.73077140031 1.46686162127 4.3309469099
13fe13fe-13fe -7.30554567026 1.11554034181 4.30531147686
13fe13fe-13fe-13fe -7.26008323636 0.809229873108 4.06221494781
13fe13fe-13fe-13fe- -7.4469322389 0.752018324416 4.12716898331
13fe13fe-13fe13fe- -7.10235725811 0.907002916567 4.07223226109
13fe13fe-4fe13fe -7.35449371735 0.33927722473 4.01399766305
13fe13fe13fe -7.67167867042 1.38328220238 4.39553965932
13fe13fe13fe-13fe -7.22667306302 0.860860478871 4.12247574308
13fe13fe13fe-13fe- -7.39374916923 0.732542027495 4.12845251161
13fe13fe13fe13fe -7.60244762883 1.18136089729 4.39488301122
13fe13fe13fe13fe- -7.33503704042 0.789918484264 4.13314787945
13ff -8.07536282124 3.04461180692 6.24177124041
13ff13ff -7.66783403436 1.72530739638 4.94681644346
13ff13ff- -7.79654299075 1.67549615115 5.11033759029
13ff13ff-13ff -7.21111452334 1.38527312236 4.49630431099
13ff13ff-13ff-13ff -7.08487109062 0.945362206835 4.02086825183
13ff13ff-13ff-13ff- -7.28151036083 0.675627552582 3.93005410519
13ff13ff-13ff13ff- -7.13990454089 1.05565081658 4.21420815923
13ff13ff-4ff13ff -7.20809585237 0.700745224824 4.03383131704
13ff13ff13ff -7.30290020229 1.09114253787 4.23761149588
13ff13ff13ff-13ff -7.19305235151 0.91662362175 4.0545464214
13ff13ff13ff-13ff- -7.38834892212 0.657465601333 3.97219376476
13ff13ff13ff13ff -7.15556844009 0.721453970661 3.87622322858
13ff13ff13ff13ff- -7.23145756486 0.770556814063 4.00077874677
13fh13fh -7.69819171492 1.89097363377 5.13261878729
13fh13fh- -7.62058359706 1.74651249722 5.0721256649
13fh13fh-13fh -7.14945081702 1.45958004979 4.51721737498
13fh13fh-13fh-13fh -7.13854588958 1.04836470807 4.12429437155
13fh13fh-13fh-13fh- -7.24474530574 0.900177892277 4.09059910778
13fh13fh-13fh13fh- -7.03853682391 1.05297215583 4.19726234068
13fh13fh-4fh13fh -7.17736767645 0.718143837889 4.03506313179
13fh13fh13fh -7.39802585524 1.43894635018 4.63915375398
13fh13fh13fh-13fh -7.23580515018 0.946327317266 4.12637659223
13fh13fh13fh-13fh- -7.3513144046 0.770778553072 4.06697753984
13fh13fh13fh13fh -7.29553528514 1.15637100742 4.38722335026
13fh13fh13fh13fh- -7.25364852397 0.966729841335 4.28205657166
13fi13fi -7.48996164542 2.39100405729 5.31797549297
13fi13fi- -7.6060413189 2.25926816323 5.31821734339
13fi13fi-13fi -6.98168400707 1.76507958273 4.59549857073
13fi13fi-13fi-13fi -6.99493865961 1.59861231332 4.44733128761
13fi13fi-13fi-13fi- -7.29785565368 1.65142932642 4.65442858768
13fi13fi-13fi13fi- -6.78119636098 1.52792388985 4.29845631888
13fi13fi-4fi13fi -7.01527108458 1.06276573239 4.24175670292
13fi13fi13fi -7.18382170074 2.0414951329 4.8752616343
13fi13fi13fi-13fi -6.86380857582 1.53406376486 4.34781905236
13fi13fi13fi-13fi- -7.05100835241 1.56717145323 4.46420316945
13fi13fi13fi13fi -7.07897457689 1.8438317004 4.66853934625
13fi13fi13fi13fi- -7.04665570227 1.66131326889 4.54801573963
13fl13fl -7.80608452751 2.16078242873 5.35169362353
13fl13fl- -7.51053555292 1.99348939636 5.11685983075
13fl13fl-13fl -7.11484496011 1.56012282182 4.54694485162
13fl13fl-13fl13fl- -6.93388614725 1.29832773731 4.24179206292
13fl13fl13fl -7.21888809574 1.56897148431 4.54215939444
13fl13fl13fl-13fl -6.86855154503 1.26939802442 4.14614818369
13fl13fl13fl13fl -7.80361098882 1.8156442004 5.02009921662
13fl13fl13fl13fl- -7.20343894659 1.25952541966 4.3433151111
13ha13ha -7.12129714221 2.39271563932 5.12658013734
13ha13ha- -7.2222426879 2.25675551739 5.20584215403
13ha13ha-13ha -6.93901520363 1.83764366604 4.71699657782
13ha13ha-13ha-13ha -6.7496829716 1.61625488629 4.37432554172
13ha13ha-13ha-13ha- -6.82776640894 1.69028798281 4.42761693423
13ha13ha-13ha13ha- -6.7942486378 1.59677140591 4.44869040182
13ha13ha-4ha13ha -7.02221997913 1.15511457088 4.35269391598
13ha13ha13ha -6.87142905758 2.00196103436 4.68828246525
13ha13ha13ha-13ha -6.6907623495 1.58750870995 4.37859114915
13ha13ha13ha-13ha- -6.74327022901 1.58392035409 4.34860083579
13ha13ha13ha13ha -6.77868767033 1.76439835243 4.4562821299
13ha13ha13ha13ha- -6.68640464346 1.62605415651 4.36672575563
13hd13hd -7.75204865659 1.2662238343 4.73197817027
13hd13hd- -8.00948421493 1.07433109078 4.90908051625
13hd13hd-13hd -7.86814646284 0.678961698647 4.55449241452
13hd13hd-13hd-13hd -7.63152757122 0.409355229561 4.075261201
13hd13hd-13hd-13hd- -7.58014313701 0.363073525734 3.94009855632
13hd13hd-13hd13hd- -7.82112744008 0.437455305212 4.34203144193
13hd13hd-4hd13hd -7.93944294037 0.0227661680563 4.16034794927
13hd13hd13hd -7.61036552676 0.820830435502 4.35056922671
13hd13hd13hd-13hd -7.63956699299 0.361638317844 4.1806555613
13hd13hd13hd-13hd- -7.64390075112 0.336923455382 4.10776405065
13hd13hd13hd13hd -7.60273952158 0.544727529953 4.1593071423
13hd13hd13hd13hd- -7.58119086266 0.335268772094 4.12111339775
13he13he -7.37906259361 1.73731192333 4.30916849121
13he13he- -7.59744278374 1.54485914642 4.32913907019
13he13he-13he -7.34668774245 1.18865850073 4.34030479263
13he13he-13he-13he -7.13159962086 1.00268158749 4.13705643597
13he13he-13he-13he- -7.12397554846 1.10815058772 4.15038719645
13he13he-13he13he- -7.21212595657 0.972461625821 4.18393339431
13he13he-4he13he -7.41235479544 0.611457961986 4.14483135658
13he13he13he -7.08100773537 1.12463717508 4.09278357033
13he13he13he-13he -7.08009878313 0.920710269353 4.11317626919
13he13he13he-13he- -7.11961445064 0.945902560051 4.11351565788
13he13he13he13he -7.10461044209 1.16716387169 4.18993280517
13he13he13he13he- -7.07195725165 0.955461743341 4.13357270009
13hf13hf -7.55460200607 1.75330662589 4.89353674682
13hf13hf- -7.62056501135 1.74649880617 5.07210654394
13hf13hf-13hf -7.16532972213 1.40989794567 4.50997963993
13hf13hf-13hf-13hf -7.02505541367 1.09906672288 4.21745476157
13hf13hf-13hf-13hf- -7.25371574839 0.966587794026 4.28203726386
13hf13hf-13hf13hf- -7.0384809984 1.05293842309 4.19724742381
13hf13hf-4hf13hf -7.12545835322 0.807206102857 4.03076147202
13hf13hf13hf -7.21708211241 1.29874166424 4.38518377449
13hf13hf13hf-13hf -7.17225681662 1.05621816051 4.18972195888
13hf13hf13hf-13hf- -7.35131854794 0.770784678679 4.06698715506
13hf13hf13hf13hf -7.10730830763 0.761999275544 3.87177137648
13hf13hf13hf13hf- -7.24475093391 0.90019057711 4.09061420364
13hh -7.49693641381 3.2421576817 6.05248405525
13hh13hh -7.21623721841 2.14021845864 4.90766784438
13hh13hh- -7.44075013255 2.1136608269 5.15456924573
13hh13hh-13hh -7.1141320892 1.68596880933 4.64646564807
13hh13hh-13hh-13hh -6.83840144645 1.49149648483 4.28916256628
13hh13hh-13hh-13hh- -6.84103765617 1.41601575134 4.25189385772
13hh13hh-13hh13hh- -6.91446779432 1.42824178402 4.29645211329
13hh13hh-4hh13hh -7.02300521035 1.07500972006 4.11874940159
13hh13hh13hh -6.93700889309 1.67091167399 4.45331166103
13hh13hh13hh-13hh -6.88885713302 1.42365306793 4.28797415208
13hh13hh13hh-13hh- -6.84815921196 1.38239309165 4.23305810004
13hh13hh13hh13hh -6.84663471023 1.39869166853 4.21198065485
13hh13hh13hh13hh- -6.84106687727 1.41604016995 4.25193103756
13hi13hi -7.2533479169 2.55204496288 5.27505527808
13hi13hi- -7.32142936913 2.2903126807 5.20791636139
13hi13hi-13hi -6.92141354718 1.88426864669 4.64987214208
13hi13hi-13hi-13hi -6.87117223683 1.76708101267 4.5004142329
13hi13hi-13hi-13hi- -6.97703760018 1.83492564165 4.59483652801
13hi13hi-13hi13hi- -6.73219427783 1.64411731558 4.356139596
13hi13hi-4hi13hi -7.07387853072 1.29963239312 4.39142032347
13hi13hi13hi -7.0589358519 2.22424968066 4.90722221628
13hi13hi13hi-13hi -6.76322546043 1.68966962271 4.40881326386
13hi13hi13hi-13hi- -6.8712810711 1.7371931266 4.46761440224
13hi13hi13hi13hi -7.00801907798 2.0284286495 4.72813936695
13hi13hi13hi13hi- -6.89641010171 1.83241579902 4.57873299327
13hl13hl -7.2555091757 1.87964041427 4.80373297554
13hl13hl- -7.40217329561 2.11690495938 5.16739730367
13hl13hl-13hl -7.08975233682 1.67095733405 4.62285593962
13hl13hl-13hl-13hl -7.29699889486 1.72975274095 4.74336006205
13hl13hl-13hl-13hl- -7.49423224001 1.7945774201 4.90482968026
13hl13hl-13hl13hl- -6.9428664099 1.40732556055 4.32700572559
13hl13hl13hl -6.93834446807 1.43001853156 4.30568923647
13hl13hl13hl-13hl -6.86199625161 1.30415202175 4.21023063801
13hl13hl13hl-13hl- -6.99428623626 1.41302945868 4.33165764503
13hl13hl13hl13hl -6.85195369012 0.873846537437 3.79576247275
13hl13hl13hl13hl- -6.85412146033 1.09922603114 3.98145402326
13ia13ia -7.60152140143 2.63876377479 5.61602337999
13ia13ia- -7.52429110212 2.60952252456 5.5785880475
13ia13ia-13ia-13ia -6.97496695125 1.99332213749 4.7437451695
13ia13ia-13ia-13ia- -7.09125413208 2.06310579754 4.86400187438
13ia13ia-13ia13ia- -6.89590370099 1.99256307305 4.71768002415
13ia13ia-4ia13ia -7.23928191901 1.42851840398 4.72956263713
13ia13ia13ia-13ia -6.95621362281 1.93939295611 4.7016318832
13ia13ia13ia-13ia- -7.03014571416 1.93584246176 4.73393066418
13ia13ia13ia13ia -7.20092312857 2.1027441788 4.95626606843
13ia13ia13ia13ia- -7.06698642618 1.98814536247 4.79731347802
13id13id -8.57400725043 1.5110636305 5.47085263005
13id13id- -8.31331193662 1.16097728389 5.07563133046
13id13id-13id -7.97120376326 0.812295426088 4.60666000556
13id13id-13id-13id -7.93762460073 0.622299889459 4.45432272922
13id13id-13id-13id- -8.05436482004 0.468662883001 4.41554551832
13id13id-13id13id- -7.82271789975 0.592253310183 4.36162310474
13id13id-4id13id -8.22701991661 0.227628231048 4.56068651974
13id13id13id -8.42048427871 1.14179231173 5.12308477105
13id13id13id-13id -7.97623774644 0.542889412013 4.41805096902
13id13id13id-13id- -8.10136244812 0.550661931812 4.51105892377
13id13id13id13id -8.42357837133 0.913692921514 4.95983380992
13id13id13id13id- -8.20364479539 0.645493813439 4.66043527921
13ie13ie -8.00557912351 2.01003321776 4.41058223048
13ie13ie- -7.72459462973 1.65493150096 4.35940267245
13ie13ie-13ie -7.31072206456 1.32532026983 4.33133719228
13ie13ie-13ie-13ie -7.2965177213 1.2118624601 4.33298707858
13ie13ie-13ie-13ie- -7.47174952895 1.26507014603 4.35032889887
13ie13ie-13ie13ie- -7.15607259082 1.1659790408 4.22717680581
13ie13ie-4ie13ie -7.54770917939 0.821674981086 4.21429699453
13ie13ie13ie -7.78145312724 1.70982951245 4.40388395771
13ie13ie13ie-13ie -7.27140364078 1.12581751291 4.26010047661
13ie13ie13ie-13ie- -7.41363611639 1.15329280166 4.34175853909
13ie13ie13ie13ie -7.72526504154 1.52461360913 4.40431636156
13ie13ie13ie13ie- -7.50381148356 1.25840414837 4.35647690847
13if13if -7.66648821455 2.40639233178 5.44282692527
13if13if- -7.60603876037 2.25926161038 5.31821170882
13if13if-13if -6.93886733725 1.80416145513 4.59789398869
13if13if-13if-13if -6.89371458391 1.66303616948 4.44437054471
13if13if-13if-13if- -7.04685475511 1.6615371022 4.54828426867
13if13if-13if13if- -6.7812057389 1.5279145263 4.29845718316
13if13if13if -7.45455843595 2.07097560615 5.05974658031
13if13if13if-13if -6.90002173856 1.55452397295 4.3710489483
13if13if13if-13if- -7.05103135756 1.56721392127 4.46423303306
13if13if13if13if -7.40579600428 1.85978488624 4.86927697963
13if13if13if13if- -7.29785569183 1.65142948061 4.65442881832
13ih13ih -7.25334799574 2.55204498305 5.27505535171
13ih13ih- -7.32143140269 2.29031191356 5.20791683308
13ih13ih-13ih -6.92141336248 1.8842680907 4.64987146329
13ih13ih-13ih-13ih -6.87117235132 1.76708104587 4.50041440783
13ih13ih-13ih-13ih- -6.89632811377 1.83229588153 4.57863641153
13ih13ih-13ih13ih- -6.73219330662 1.64411562186 4.35613765292
13ih13ih-4ih13ih -6.9990217174 1.38376826627 4.3803728249
13ih13ih13ih -7.05893692082 2.22424989829 4.90722301969
13ih13ih13ih-13ih -6.84288751074 1.67715035801 4.41895260438
13ih13ih13ih-13ih- -6.87128016126 1.73719156385 4.46761266116
13ih13ih13ih13ih -7.00801557094 2.02843351362 4.72814025472
13ih13ih13ih13ih- -6.97703831033 1.83492681324 4.59483815811
13ii -8.48689912657 3.55600157449 6.77925880509
13ii13ii -7.62919120717 2.83565683349 5.71764780851
13ii13ii- -7.5464419509 2.79144801803 5.67122899493
13ii13ii-13ii -7.15754566385 2.44489276263 5.16791434899
13ii13ii-13ii-13ii -7.08673038856 2.2899102994 4.97980830045
13ii13ii-13ii-13ii- -7.07854009359 2.19789694161 4.89683331965
13ii13ii-13ii13ii- -6.97747771708 2.23987764068 4.90731399161
13ii13ii-4ii13ii -7.31855800285 1.69476772846 4.94188299513
13ii13ii13ii -7.27117524056 2.4099044173 5.1537128761
13ii13ii13ii-13ii -7.01329017406 2.21232821759 4.89434864915
13ii13ii13ii-13ii- -7.05949282645 2.19442674216 4.89433853801
13ii13ii13ii13ii -7.20405486213 2.27442829684 5.00627488706
13ii13ii13ii13ii- -7.22275673369 2.37112138885 5.10542618996
13il13il -7.66489007831 2.43125721027 5.45502059348
13il13il- -7.37194513989 2.28561384072 5.2483695282
13il13il-13il -7.04358524323 1.80374253821 4.66037170249
13il13il-13il-13il -6.77830744855 1.61600905423 4.36445025247
13il13il-13il-13il- -6.92461618583 1.63615310963 4.44777854455
13il13il-13il13il- -6.76587478505 1.60348988263 4.34371665044
13il13il13il -7.35977839684 2.04587961332 4.9920243387
13il13il13il-13il -6.911176985 1.53788151522 4.36129226244
13il13il13il-13il- -6.8481689516 1.58052618665 4.35732105344
13il13il13il13il -7.2749720552 1.82380925409 4.77750129086
13il13il13il13il- -7.06478604678 1.7101509731 4.57235415643
13la13la -7.16967886237 2.38684705593 5.15010966635
13la13la- -7.08472838112 2.37894136394 5.14437089487
13la13la-13la -6.59613950437 1.97277633871 4.53279026622
13la13la-13la-13la -6.39575406801 1.68315623014 4.17132248784
13la13la-13la-13la- -6.4670159857 1.53710398563 4.08363836391
13la13la13la -6.73642974146 1.76481177137 4.39197387523
13la13la13la-13la -6.60689194772 1.66316884226 4.28384447994
13la13la13la-13la- -6.66505756369 1.59043498727 4.24986981207
13la13la13la13la -6.53957179137 1.40194090482 4.0100068555
13la13la13la13la- -6.47380747659 1.54425448721 4.09164400355
13ld13ld- -7.99050461071 1.2276624528 4.90559976906
13ld13ld-13ld -7.57675400056 0.86799038663 4.37296064194
13ld13ld-13ld-13ld -7.63237546746 0.578489514929 4.20506016982
13ld13ld-13ld-13ld- -7.82188717623 0.450585927943 4.23203519385
13ld13ld-13ld13ld- -7.38470065679 0.638794382519 4.08181657414
13ld13ld13ld -7.577011386 0.86815858361 4.37325531328
13ld13ld13ld-13ld -7.38471797854 0.638741959355 4.08177773715
13ld13ld13ld13ld -7.82187785422 0.450607834375 4.2320447427
13ld13ld13ld13ld- -7.73035343329 0.572346939189 4.2614839155
13le13le -7.73524118878 1.59001199127 4.35895716373
13le13le- -7.52732615168 1.68699615731 4.34807342159
13le13le-13le -7.37717720853 1.25393860189 4.3175441802
13le13le-13le-13le -7.27547525787 1.02253930175 4.21019322722
13le13le-13le-13le- -7.48352792459 1.16661921438 4.34747047102
13le13le-13le13le- -7.20336852552 1.04689984135 4.20638231936
13le13le13le -7.37715348983 1.25399994323 4.31742805597
13le13le13le-13le -7.20139952144 1.04863467052 4.20830648776
13le13le13le-13le- -7.29813170141 1.05094232834 4.24143311834
13le13le13le13le -7.19144353742 1.03886093041 4.19660457205
13le13le13le13le- -7.33415617595 0.99390517759 4.23129022182
13lf13lf- -7.51053569207 1.99348432405 5.11685601085
13lf13lf-13lf -7.02600811382 1.6662778338 4.55423716681
13lf13lf-13lf-13lf -6.91292254552 1.28721319201 4.18062927083
13lf13lf-13lf-13lf- -7.27820499822 1.33102694675 4.47752499134
13lf13lf-13lf13lf- -6.93387996654 1.29832968611 4.24178959267
13lh13lh- -7.40195537064 2.1166669828 5.16721818237
13lh13lh-13lh -7.13976752477 1.62209018756 4.6183633268
13lh13lh-13lh-13lh -6.89093811295 1.33585822752 4.22219031784
13lh13lh-13lh-13lh- -6.85411990881 1.09922801554 3.9814544828
13lh13lh-13lh13lh- -6.9429712468 1.40735627347 4.32710546827
13li13li -7.37194453563 2.28562464678 5.24837626535
13li13li- -7.37194506463 2.28561386996 5.24836952254
13li13li-13li -6.96205028937 1.85405174693 4.65465403294
13li13li-13li-13li -6.93256648803 1.68422509071 4.49232882023
13li13li-13li-13li- -7.06478253074 1.71015069807 4.57235190601
13li13li-13li13li- -6.76586586431 1.60348388989 4.34370521709
13li13li13li -7.06996098406 1.86141428018 4.69305669657
13li13li13li-13li -6.76554151094 1.60357956678 4.343459354
13li13li13li-13li- -6.8481682541 1.58052452533 4.35731972658
13li13li13li13li -6.97631591669 1.58333236492 4.42867261003
13li13li13li13li- -6.92462336753 1.63617352334 4.44780261939
13ll -7.58638182357 3.31281896906 6.04083513536
13ll13ll -7.8076576362 2.40264696787 5.48986914305
13ll13ll- -7.04846649493 2.33856855328 5.01084073574
13ll13ll-13ll -7.11337795226 1.68230341581 4.62421188531
13ll13ll-13ll-13ll -7.05124044626 1.32199835426 4.3108580833
13ll13ll-13ll-13ll- -7.30229225732 1.72908449337 4.74283152094
13ll13ll-13ll13ll- -6.80668885243 1.46755054907 4.27580845704
13ll13ll13ll -7.55573804867 1.81314715909 4.89422943716
13ll13ll13ll-13ll -6.99273722299 1.4898753827 4.39958746404
13ll13ll13ll-13ll- -7.16692089638 1.59320531604 4.56414799436
13ll13ll13ll13ll -7.72071860154 1.97675938705 5.0925388405
13ll13ll13ll13ll- -7.15544619707 1.38916685874 4.3900912028
4dd -10.8188631646 0.0604853798759 6.05651452159
4dd4dd -10.5279839165 -0.44214647576 5.6202519069
4dd4dd4dd -10.2587163453 -0.731606393829 5.26930705818
4dd4dd4dd4dd -10.1498958518 -0.899634835411 5.12375464452
4dh -8.70496432494 1.33041676293 5.50560264893
4dh4dh -8.70120696383 0.878754480153 5.17278779962
4dh4dh- -8.56630276004 0.950314156577 5.12223990969
4dh4dh-4dh -8.52813320081 0.743555543065 4.9781137778
4dh4dh-4dh-4dh -8.64876561338 0.556219269096 4.94755082522
4dh4dh-4dh-4dh- -8.48931383272 0.511185479051 4.92634027008
4dh4dh-4dh4dh -8.59684606215 0.577715618775 4.91543441231
4dh4dh-4dh4dh- -8.51498045235 0.60334637606 4.89905318732
4dh4dh4dh -8.68172982272 0.670024407965 5.07864927173
4dh4dh4dh-4dh -8.53000109519 0.521133209472 4.88166782889
4dh4dh4dh-4dh- -8.62398563663 0.493366040463 4.88949119372
4dh4dh4dh4dh -8.58020548894 0.51114739573 4.8946207839
4dh4dh4dh4dh- -8.46406256889 0.609674553163 4.88890356141
4hd -8.70491072917 1.33043952619 5.50559922029
4hd4hd -8.70199369688 0.878298325368 5.17301140016
4hd4hd- -8.56626228553 0.950340005319 5.12233080052
4hd4hd-4hd -8.5282143363 0.743541019122 4.97816108118
4hd4hd-4hd-4hd -8.50463079834 0.507853294904 4.89741244368
4hd4hd-4hd-4hd- -8.68631678694 0.508879842853 4.96962033677
4hd4hd-4hd4hd -8.63449399048 0.544774350024 4.91843616696
4hd4hd-4hd4hd- -8.51134865767 0.599857323259 4.89458206619
4hd4hd4hd -8.68183414306 0.669541926434 5.07853778201
4hd4hd4hd-4hd -8.50190725363 0.532502768466 4.8766212777
4hd4hd4hd-4hd- -8.62406043093 0.493343097302 4.88952949397
4hd4hd4hd4hd -8.58025607626 0.511106881071 4.89463141273
4hd4hd4hd4hd- -8.48937060156 0.511204053328 4.92637036571
4hh -7.48144059379 2.21751203695 5.02096263475
4hh4hh -7.47079438243 1.62377986163 4.69467991217
4hh4hh4hh -7.45823749458 1.28910718286 4.47097129559
4hh4hh4hh4hh -7.46517734744 1.09161993463 4.36346804096
6aa -10.3863924331 2.02400977756 6.90550771436
6aa6aa -9.31718848711 0.952482478509 5.90495212406
6aa6aa- -9.32871365484 0.954278037626 5.91199701501
6aa6aa-4aa6aa -8.63473275012 0.489514455548 5.11346021955
6aa6aa-6aa -8.8819902946 0.468323251658 5.28346165791
6aa6aa-6aa-6aa -8.65884467356 0.206223399149 4.95724976763
6aa6aa-6aa-6aa- -8.65167239971 0.208101143171 4.95386564152
6aa6aa-6aa6aa- -8.66620703446 0.206195269702 4.96262576838
6aa6aa6aa -8.86370229919 0.469073417762 5.27156598822
6aa6aa6aa-6aa -8.65944305636 0.207586371285 4.9581053612
6aa6aa6aa-6aa- -8.65336360944 0.208338030817 4.95476566956
6aa6aa6aa6aa -8.64259682018 0.209580264182 4.94756334814
6aa6aa6aa6aa- -8.649912776 0.207521495408 4.95089491928
6ad6ad -10.0145577493 -0.0671919301092 5.68258132975
6ad6ad- -10.0368469366 -0.0714810949106 5.67742094359
6ad6ad-4ad6ad -9.55707811546 -0.39233564623 5.14534274071
6ad6ad-6ad -9.69469201869 -0.564126910427 5.12878734197
6ad6ad-6ad-6ad -9.52050132156 -0.844524187799 4.84046532786
6ad6ad-6ad-6ad- -9.63236361907 -0.55343506866 5.11435355497
6ad6ad-6ad6ad- -9.5322316309 -0.843615077618 4.84475956123
6ad6ad6ad -9.79187181357 -0.301061253124 5.39620799962
6ad6ad6ad-6ad -9.52245330858 -0.844645609333 4.83963620868
6ad6ad6ad-6ad- -9.63449213219 -0.551398966934 5.11177594305
6ad6ad6ad6ad -9.64309228175 -0.547566849518 5.14129954779
6ad6ad6ad6ad- -9.63829003805 -0.546058860735 5.13426971059
6ae6ae -9.35127081043 0.65944285173 4.22585337667
6ae6ae- -9.27230736184 0.674071587669 4.23592114068
6ae6ae-4ae6ae -8.78213830191 0.259193491976 4.2008349859
6ae6ae-6ae -8.97636828471 0.318681240249 4.2303727414
6ae6ae-6ae-6ae -8.84214897973 0.0941078230026 4.2257919207
6ae6ae-6ae-6ae- -8.86113326583 0.0920019561775 4.21868846433
6ae6ae-6ae6ae- -8.82965392843 0.11535988491 4.22685231235
6ae6ae6ae -9.04600706952 0.297822928869 4.2192609287
6ae6ae6ae-6ae -8.84572588558 0.100626388476 4.22506122534
6ae6ae6ae-6ae- -8.85418370852 0.0924889427836 4.22341268585
6ae6ae6ae6ae -8.88776775632 0.0926044321028 4.21530006083
6ae6ae6ae6ae- -8.86831291621 0.0890874334857 4.2148220013
6af6af -9.05107674143 0.986640586004 5.57849152689
6af6af- -8.98069947493 0.950170870503 5.50401545182
6af6af-4af6af -8.39246050235 0.372070768298 4.78519484765
6af6af-6af -8.65392940263 0.489700684515 5.01310815679
6af6af-6af-6af -8.43311488325 0.190673228306 4.71037094015
6af6af-6af-6af- -8.43793176972 0.142011673194 4.68726114501
6af6af-6af6af- -8.53666789174 0.231427185528 4.78043032419
6af6af6af -8.82979256747 0.560955727996 5.17025513163
6af6af6af-6af -8.59871459648 0.227661216038 4.8148427814
6af6af6af-6af- -8.60795995717 0.181783438121 4.79862147252
6af6af6af6af -8.72513368303 0.32439570667 4.9535414405
6af6af6af6af- -8.71224679235 0.261632989902 4.90451912963
6ah6ah -8.34111299604 1.26872343655 5.26503378241
6ah6ah- -8.24166526011 1.25154866663 5.17992823855
6ah6ah-4ah6ah -7.97510258239 0.794975445309 4.71562610453
6ah6ah-6ah -8.07044815444 0.844116874394 4.81335262815
6ah6ah-6ah-6ah -8.04196049848 0.63037368192 4.67594680551
6ah6ah-6ah-6ah- -8.07218538092 0.651701809047 4.70315334753
6ah6ah-6ah6ah- -7.98420272677 0.618182390465 4.62258975988
6ah6ah6ah -8.1959446465 0.87646626281 4.93688338467
6ah6ah6ah-6ah -8.01985251875 0.619056225892 4.66335787106
6ah6ah6ah-6ah- -8.05463830286 0.632568577686 4.68343887354
6ah6ah6ah6ah -8.11516945274 0.65525009153 4.75336008075
6ah6ah6ah6ah- -8.07325399883 0.629604625748 4.71671190609
6ai6ai -9.16654395005 1.33145201514 5.9687034802
6ai6ai- -9.13222868454 1.31447444119 5.94498365755
6ai6ai-4ai6ai -8.57383443281 0.929001876545 5.30954795994
6ai6ai-6ai -8.79073810362 0.945633332786 5.48119492218
6ai6ai-6ai-6ai -8.64309864682 0.755720324707 5.26603664529
6ai6ai-6ai-6ai- -8.65293874581 0.773211641218 5.28137829294
6ai6ai-6ai6ai- -8.62822561319 0.746846924167 5.24533864018
6ai6ai6ai -8.8270225044 0.976881374257 5.53048737849
6ai6ai6ai-6ai -8.62962904507 0.746816730949 5.25399816831
6ai6ai6ai-6ai- -8.64191382444 0.76004453669 5.26694310403
6ai6ai6ai6ai -8.65446137648 0.781282342469 5.29559280568
6ai6ai6ai6ai- -8.64252999188 0.761964886259 5.27775044165
6al6al -8.52522547734 1.01366595911 5.30793092271
6al6al- -8.61048182525 1.05752490298 5.37460069033
6al6al6al -8.17205695855 0.541334101325 4.78104451614
6al6al6al6al -7.98031061858 0.287500281398 4.50082552838
6al6al6al6al- -7.99263093059 0.321643662419 4.51871378941
6da6da -10.148526467 0.319212899804 6.09273906432
6da6da- -10.0175712527 0.00540707213526 5.722116369
6da6da-4da6da -9.57996263792 -0.228736494859 5.27204788496
6da6da-6da -9.67326179561 -0.482456272942 5.17785654977
6da6da-6da-6da -9.6416315636 -0.402017737515 5.23068742831
6da6da-6da-6da- -9.70605636558 -0.277661788831 5.36669557191
6da6da-6da6da- -9.51171762775 -0.753648765044 4.89836909604
6da6da6da -9.87619726413 0.0208602030527 5.69470563253
6da6da6da-6da -9.62741555386 -0.401724695351 5.1938600891
6da6da6da-6da- -9.6373427502 -0.35994785545 5.23427537125
6da6da6da6da -9.75935051336 -0.141900637088 5.51142908421
6da6da6da6da- -9.68918954274 -0.268786723519 5.34574158377
6dd -11.0600822595 -0.112824653924 6.3613022943
6dd6dd -10.701002666 -0.656284606439 5.84350580207
6dd6dd6dd -10.4880860478 -0.962525120034 5.47771447068
6dd6dd6dd6dd -10.3917769843 -1.14320794642 5.30409546575
6de6de -9.97500433784 -0.149757114976 4.23241664439
6de6de6de -9.81468663586 -0.3731243281 4.23137648096
6de6de6de6de -9.74314032155 -0.493809815438 4.22976429804
6df6df -9.6930853807 0.403140125204 5.65355558495
6df6df- -9.865761111 0.166125776695 5.62919614033
6df6df-4df6df -9.34987902842 -0.193635071326 5.07108037808
6df6df-6df -9.57728273195 -0.127227758872 5.24272984104
6df6df-6df-6df -9.39338810173 -0.345761536864 5.02662868065
6df6df-6df-6df- -9.41655365932 -0.321452221913 5.05931829813
6df6df-6df6df- -9.58134066878 -0.391876642493 5.05994397114
6df6df6df -9.62451196802 0.100769618019 5.41554305368
6df6df6df-6df -9.56560128004 -0.356704343251 5.08631032345
6df6df6df-6df- -9.55413340579 -0.384031954096 5.06711643473
6df6df6df6df -9.61475299421 -0.0580070030696 5.31653474872
6df6df6df6df- -9.64953626892 -0.310490887415 5.18332354747
6dh6dh -8.88710962057 0.727683809324 5.29083062977
6dh6dh- -8.72428297156 0.6514273101 5.07751778467
6dh6dh-4dh6dh -8.6391644594 0.317564779519 4.83261540194
6dh6dh-6dh -8.70926665032 0.376937526188 4.89694932699
6dh6dh-6dh-6dh -8.69285597612 0.176387620468 4.81218832769
6dh6dh-6dh-6dh- -8.66312854635 0.264876813597 4.82486231319
6dh6dh-6dh6dh- -8.71634592719 0.204378446203 4.80507578489
6dh6dh6dh -8.6508323784 0.377478214353 4.84599880045
6dh6dh6dh-6dh -8.71631900444 0.210602225047 4.80902146108
6dh6dh6dh-6dh- -8.74522542765 0.201332946184 4.8119443034
6dh6dh6dh6dh -8.6371167143 0.209592358637 4.73729663037
6dh6dh6dh6dh- -8.69328202655 0.176042833627 4.81221071091
6di6di -9.90682523137 0.591490800227 5.97344704199
6di6di- -9.90698511556 0.591676747333 5.97367509632
6di6di-4di6di -9.58510850407 0.282862454736 5.54993652635
6di6di-6di -9.74034534937 0.329987618801 5.69028910376
6di6di-6di-6di -9.67340254662 0.173904535859 5.56986193638
6di6di-6di-6di- -9.65653937679 0.112491877932 5.49902569952
6di6di-6di6di- -9.67737271438 0.193678470921 5.55770807649
6di6di6di-6di -9.6573277633 0.178175789045 5.54843141754
6di6di6di-6di- -9.6316769501 0.127461193361 5.50030062699
6di6di6di6di -9.65576568476 0.111816069439 5.49812869138
6di6di6di6di- -9.67339439367 0.17389590513 5.56985180843
6dl6dl -9.33300290121 0.62192787871 5.58171178836
6dl6dl- -9.2308156799 0.566715439955 5.39911560223
6dl6dl6dl -9.17124365645 0.305377379274 5.25764448581
6dl6dl6dl6dl -8.9826059797 0.0179252834602 4.89302027376
6dl6dl6dl6dl- -9.06574089466 0.185944395263 5.09724728484
6ea6ea -9.40389134097 0.85054751457 4.34459950146
6ea6ea- -9.26765339974 0.704493290378 4.27432259209
6ea6ea-4ea6ea -8.82164734342 0.403307191405 4.26942626898
6ea6ea-6ea -8.93524815909 0.101141308696 4.19593913221
6ea6ea-6ea-6ea -8.87527859729 0.24446180198 4.26834859553
6ea6ea-6ea-6ea- -8.93876488114 0.316581135459 4.26779340587
6ea6ea-6ea6ea- -8.8085169169 0.144866576723 4.27079947793
6ea6ea6ea -9.12815424179 0.589773420898 4.33951206382
6ea6ea6ea-6ea -8.83461126993 0.227379707075 4.27362724609
6ea6ea6ea-6ea- -8.88563970405 0.29432225838 4.27153391704
6ea6ea6ea6ea -8.99357069856 0.440777906084 4.33825004143
6ea6ea6ea6ea- -8.91489351202 0.356936614379 4.27814854553
6ed6ed -9.9880396338 -0.172958257683 4.30505222659
6ed6ed6ed -9.81556657997 -0.413826953584 4.3000176598
6ed6ed6ed6ed -9.73828203188 -0.551419137281 4.29658392949
6ee -9.56779946183 0.658745533608 4.42947011825
6ee6ee -9.29744639294 0.333045393783 4.24344166702
6ee6ee6ee -9.11586665744 0.148874981974 4.2385111547
6ee6ee6ee6ee -9.02174109639 0.0387555067093 4.23866325308
6ef6ef -8.99409832771 0.905555092279 4.38914511867
6ef6ef- -9.0562026124 0.648664966504 4.09545723836
6ef6ef-4ef6ef -8.6002666367 0.365580119804 4.08249733683
6ef6ef-6ef -8.83614580731 0.427707230255 4.10749744267
6ef6ef-6ef-6ef -8.67781458822 0.278183427952 4.08899169456
6ef6ef-6ef-6ef- -8.67958116603 0.250042621482 4.08966426286
6ef6ef-6ef6ef- -8.79606293302 0.216767894836 4.09939171922
6ef6ef6ef -8.8988185347 0.629026629021 4.38608243044
6ef6ef6ef-6ef -8.80098772219 0.214697090821 4.07933574455
6ef6ef6ef-6ef- -8.80494460814 0.182060928443 4.07191345247
6ef6ef6ef6ef -8.86655023448 0.465417396191 4.38342830166
6ef6ef6ef6ef- -8.90598120297 0.278717216464 4.08985019734
6eh6eh -8.29992087569 1.07110160506 4.33797655149
6eh6eh- -8.2982008528 1.07216836299 4.3389556336
6eh6eh-4eh6eh -8.14313451843 0.764929754876 4.30990995214
6eh6eh-6eh -8.24885593722 0.819454706207 4.32751711716
6eh6eh-6eh-6eh -8.22747687956 0.687295609901 4.33272883329
6eh6eh-6eh-6eh- -8.23555812961 0.733943672611 4.32961432157
6eh6eh-6eh6eh- -8.19841087417 0.69443847543 4.31556668189
6eh6eh6eh -8.22260102973 0.788295118467 4.34201019703
6eh6eh6eh-6eh -8.2563558934 0.709380267257 4.32289559771
6eh6eh6eh-6eh- -8.24728549218 0.707280777745 4.32944187137
6eh6eh6eh6eh -8.1956876122 0.623571650747 4.33858258679
6eh6eh6eh6eh- -8.27714341565 0.778639556678 4.34375015489
6ei6ei -9.18304513845 1.13082999519 4.36264885595
6ei6ei- -9.18305023089 1.13083637592 4.36265084404
6ei6ei-4ei6ei -8.8619921671 0.909222648753 4.28872843668
6ei6ei-6ei -9.01773083455 0.967287819964 4.35850750256
6ei6ei-6ei-6ei -8.95170021374 0.884921027738 4.35674199788
6ei6ei-6ei-6ei- -8.91460974006 0.737866585344 4.35782431557
6ei6ei-6ei6ei- -8.914611684 0.737871084786 4.35782464868
6ei6ei6ei -9.00018405587 0.882062091752 4.35905719048
6ei6ei6ei-6ei -8.95159502226 0.884909092342 4.35664201891
6ei6ei6ei-6ei- -8.9292893935 0.81138546073 4.35787101674
6ei6ei6ei6ei -8.91461579111 0.737893383768 4.35783274632
6ei6ei6ei6ei- -8.93723249747 0.798362650186 4.35764616256
6el6el -8.65143555625 1.11321865379 4.37496787729
6el6el- -8.62256627184 1.10459566339 4.3628057191
6el6el6el -8.47441112846 0.858094158682 4.37091455896
6el6el6el6el -8.38508498729 0.720989407536 4.37042594867
6el6el6el6el- -8.3534033429 0.761607996975 4.36659831232
6fa6fa -8.84438045227 0.714403624317 5.23604847844
6fa6fa- -8.89210857803 0.884323042484 5.45210286912
6fa6fa-4fa6fa -8.56043604002 0.549817517445 4.96673277367
6fa6fa-6fa -8.69081807997 0.415474595783 4.98083880769
6fa6fa-6fa-6fa -8.59699908217 0.340561277208 4.87677857914
6fa6fa-6fa-6fa- -8.52197743782 0.496526315142 4.93982906876
6fa6fa-6fa6fa- -8.48334286092 0.207656809742 4.71543819671
6fa6fa6fa -8.52834592341 0.178191366127 4.67858980288
6fa6fa6fa-6fa -8.46074311824 0.0903360721618 4.60683511581
6fa6fa6fa-6fa- -8.38192984058 0.235538517277 4.64912127699
6fa6fa6fa6fa -8.38120580611 -0.116393699337 4.3901647007
6fa6fa6fa6fa- -8.32977340502 0.00778015759629 4.44581303803
6fd6fd -9.45372466395 -0.185107957858 5.05958783291
6fd6fd- -9.61698459115 0.277859970344 5.48589735095
6fd6fd-4fd6fd -9.50826566586 -0.0637045813243 5.16725807959
6fd6fd-6fd -9.56578990938 -0.190202864972 5.13467644653
6fd6fd-6fd-6fd -9.52047791725 -0.272263018952 5.06431869879
6fd6fd-6fd-6fd- -9.4390923662 -0.170517402108 5.09367109746
6fd6fd-6fd6fd- -9.42730895966 -0.37237245605 4.94091877411
6fd6fd6fd -9.25890798838 -0.744717644338 4.57308580661
6fd6fd6fd-6fd -9.41931873906 -0.561949719612 4.78438013516
6fd6fd6fd-6fd- -9.3173069238 -0.482743040931 4.77268091021
6fd6fd6fd6fd -9.17929934906 -1.06574127146 4.32667186992
6fd6fd6fd6fd- -9.20569686287 -0.796889130495 4.48923256513
6fe6fe -8.73398220884 0.357812278089 4.16887762223
6fe6fe- -8.9213606529 0.822426545953 4.30720443767
6fe6fe-4fe6fe -8.72624339638 0.487784353524 4.28554275765
6fe6fe-6fe -8.85887164011 0.342517661294 4.13919913455
6fe6fe-6fe-6fe -8.76576516525 0.245313081015 4.13829075314
6fe6fe-6fe-6fe- -8.6463272381 0.416917933609 4.27416859572
6fe6fe-6fe6fe- -8.71615781492 0.201084026583 4.12996413859
6fe6fe6fe -8.47160451386 -0.228208938066 4.13263449308
6fe6fe6fe-6fe -8.65406806573 -0.00938290888065 4.13565285198
6fe6fe6fe-6fe- -8.55198066239 0.120722405233 4.17459898964
6fe6fe6fe6fe -8.36498313346 -0.518023054263 4.13349115608
6fe6fe6fe6fe- -8.42780933635 -0.227855694181 4.16495744576
6ff -8.85731637364 1.68225659354 5.73493765473
6ff6ff -8.45764880686 0.529824496722 4.77572141089
6ff6ff- -8.58788345071 0.768967712739 5.07068669962
6ff6ff-4ff6ff -8.31881085928 0.31249087062 4.56011799344
6ff6ff-6ff -8.47910129208 0.28291439769 4.71157648488
6ff6ff-6ff-6ff -8.33671647047 0.116907537643 4.47515712672
6ff6ff-6ff-6ff- -8.20235765916 0.221161102324 4.45092218377
6ff6ff-6ff6ff- -8.34450720031 0.0644971080974 4.47942235499
6ff6ff6ff -8.28182808389 -0.0411657331911 4.2963839501
6ff6ff6ff-6ff -8.3207163352 -0.101142839883 4.30035705164
6ff6ff6ff-6ff- -8.21160875639 0.0020881128266 4.29101063291
6ff6ff6ff6ff -8.20405303695 -0.369991212633 4.04319870759
6ff6ff6ff6ff- -8.19843437642 -0.221806087598 4.12062238159
6fh6fh -7.89181376031 0.759536920437 4.5650886376
6fh6fh- -8.02534875304 1.12000605778 4.89516244398
6fh6fh-4fh6fh -7.96385502357 0.6378409487 4.53986283679
6fh6fh-6fh -8.04599241894 0.584110658814 4.62433885729
6fh6fh-6fh-6fh -8.01226518773 0.442762165177 4.47539043302
6fh6fh-6fh-6fh- -7.87986367006 0.677744154919 4.49450309383
6fh6fh-6fh6fh- -7.9260700361 0.396016858818 4.40845011328
6fh6fh6fh -7.74782917587 0.208742090518 4.12461965557
6fh6fh6fh-6fh -7.87101720719 0.22577687491 4.19574895925
6fh6fh6fh-6fh- -7.74367053811 0.39933279305 4.21068938978
6fh6fh6fh6fh -7.6775665144 -0.109777347441 3.89028683756
6fh6fh6fh6fh- -7.67129330006 0.088782667836 3.98440331521
6fi6fi -8.5199203875 0.880040085771 5.09038623096
6fi6fi- -8.73903681182 1.32467773546 5.55818696948
6fi6fi-4fi6fi -8.57597107157 1.14501354891 5.19181186434
6fi6fi-6fi -8.6725855097 0.984872613383 5.2581653849
6fi6fi-6fi-6fi -8.58616304438 0.897790346628 5.13261759177
6fi6fi-6fi-6fi- -8.49611202521 1.05863308907 5.17425942509
6fi6fi-6fi6fi- -8.54117509898 0.890165228007 5.10986135807
6fi6fi6fi -8.24214382128 0.358386977841 4.58783960105
6fi6fi6fi-6fi -8.39977842027 0.556775538542 4.79268561311
6fi6fi6fi-6fi- -8.30015539712 0.65945125896 4.79683777135
6fi6fi6fi6fi -8.1082184049 0.0841208135799 4.31377801708
6fi6fi6fi6fi- -8.137262344 0.279585320408 4.4600706259
6fl6fl -7.95840345232 0.665061839803 4.57941478097
6fl6fl- -8.1705720191 1.28090735561 5.11537162839
6fl6fl6fl -7.69004836364 0.116136996084 4.05554327827
6fl6fl6fl6fl -7.55355831196 -0.190325373882 3.7797372263
6fl6fl6fl6fl- -7.68664633614 0.0557075347809 3.9996814607
6ha6ha -8.10242988804 1.18247701325 4.97990629216
6ha6ha- -8.24799274968 1.22529593466 5.14767671292
6ha6ha-4ha6ha -7.85969628467 0.717366597623 4.5401710914
6ha6ha-6ha -8.05613125861 0.816556102221 4.75789352575
6ha6ha-6ha-6ha -7.88149843162 0.539426491853 4.44156180014
6ha6ha-6ha-6ha- -7.83525920608 0.508827898902 4.40099277062
6ha6ha-6ha6ha- -7.96648341513 0.593293584736 4.5605273022
6ha6ha6ha -7.89736394936 0.726445981925 4.5651920249
6ha6ha6ha-6ha -7.90989268861 0.560586905364 4.48182547884
6ha6ha6ha-6ha- -7.86686747205 0.538012225505 4.44944642548
6ha6ha6ha6ha -7.80568374524 0.480945902609 4.35474402939
6ha6ha6ha6ha- -7.84053503595 0.508073604832 4.38431583896
6hd6hd -8.73138895769 0.412402241721 4.92031883675
6hd6hd- -8.74060466928 0.556807851318 5.04408513219
6hd6hd-4hd6hd -8.62294548019 0.0709662827126 4.64220141661
6hd6hd-6hd -8.69685550909 0.25847550136 4.82431268454
6hd6hd-6hd-6hd -8.65570747245 -0.0852403692229 4.56454892136
6hd6hd-6hd-6hd- -8.60555480835 -0.146924956767 4.50835604049
6hd6hd-6hd6hd- -8.6749221443 0.0832782444875 4.71848477547
6hd6hd6hd -8.65231309742 -0.0276285436155 4.60617241765
6hd6hd6hd-6hd -8.70327100047 -0.0860355685128 4.63840189645
6hd6hd6hd-6hd- -8.6425581664 -0.151909416512 4.56095492538
6hd6hd6hd6hd -8.62477717797 -0.279287390396 4.455048405
6hd6hd6hd6hd- -8.67637881286 -0.227193382451 4.49688287774
6he6he -8.13335191335 0.851808418235 4.21425165868
6he6he- -8.29798847859 0.975154600225 4.2653019763
6he6he-4he6he -8.04956775125 0.560884168901 4.20831107919
6he6he-6he -8.20194038817 0.716721310961 4.26342605214
6he6he-6he-6he -8.05961529149 0.408432467818 4.21420098138
6he6he-6he-6he- -7.9807237579 0.331854417319 4.18930155833
6he6he-6he6he- -8.17772880915 0.565792566427 4.25679355232
6he6he6he -8.01049759755 0.457947782289 4.2007465927
6he6he6he-6he -8.13780948923 0.435564465735 4.20959475703
6he6he6he-6he- -8.04067666721 0.367060441845 4.20034984301
6he6he6he6he -7.95703809156 0.231395961835 4.18090964356
6he6he6he6he- -8.0507208459 0.296062926659 4.19222321872
6hf6hf -7.9321026462 0.961794016514 4.65655113402
6hf6hf- -8.19111114474 0.930420354114 4.90329046755
6hf6hf-4hf6hf -7.80317041957 0.41196166667 4.26729412922
6hf6hf-6hf -8.05686701339 0.591002064084 4.63689431041
6hf6hf-6hf-6hf -7.80942677744 0.251712859538 4.17681009209
6hf6hf-6hf-6hf- -7.62101884384 0.159412937355 4.03008753577
6hf6hf-6hf6hf- -8.04001965268 0.331066298052 4.42216031583
6hf6hf6hf -7.85256784239 0.506031140803 4.30262278814
6hf6hf6hf-6hf -7.95149195266 0.291495593142 4.28448298141
6hf6hf6hf-6hf- -7.81937965027 0.19221658472 4.16662266011
6hf6hf6hf6hf -7.82806280573 0.241688079872 4.11880050074
6hf6hf6hf6hf- -7.88306192488 0.234313059176 4.15381905989
6hh -7.69965637099 2.02468903349 5.19877802858
6hh6hh -7.53457427104 1.17835661734 4.55494807269
6hh6hh6hh -7.46396217514 0.745564667696 4.22337025527
6hh6hh6hh6hh -7.44225892365 0.494990065895 4.05184965741
6hi6hi -7.9636310452 1.36539291985 4.99181235319
6hi6hi- -8.15449266409 1.57696420573 5.2792614585
6hi6hi-4hi6hi -7.86960624205 1.15898705369 4.74970506099
6hi6hi-6hi -8.09417441305 1.33501326914 5.05892444863
6hi6hi-6hi-6hi -7.92019091027 0.994129142964 4.7024121684
6hi6hi-6hi-6hi- -7.81133833533 0.890853805098 4.59217070776
6hi6hi-6hi6hi- -8.07836220458 1.20896758166 4.95046789804
6hi6hi6hi -7.83321125933 0.981391648765 4.66732660193
6hi6hi6hi-6hi -7.99799051486 1.01406190762 4.76040207505
6hi6hi6hi-6hi- -7.89346441276 0.952103867331 4.69725822483
6hi6hi6hi6hi -7.77273435659 0.763585650416 4.49622386884
6hi6hi6hi6hi- -7.85442985558 0.842646215776 4.57204660034
6hl6hl -7.53869853187 1.14873334144 4.54673997106
6hl6hl- -7.72632166901 1.44175284429 4.89256596091
6hl6hl6hl -7.36487727866 0.706930055667 4.15644471304
6hl6hl6hl6hl -7.28009907153 0.454161807992 3.95065779232
6hl6hl6hl6hl- -7.3675670622 0.563945772622 4.0484371327
6ia6ia -9.19335020131 1.35366663719 6.00303471986
6ia6ia- -9.13468907773 1.30111281212 5.94087387382
6ia6ia-4ia6ia -8.60020697298 0.926331880889 5.31483951761
6ia6ia-6ia -8.78911803242 0.928987784711 5.46425894582
6ia6ia-6ia-6ia -8.65096505064 0.753398984507 5.25938906028
6ia6ia-6ia-6ia- -8.68254934673 0.76696665626 5.2956638163
6ia6ia-6ia6ia- -8.62665579316 0.730604280718 5.22562146012
6ia6ia6ia -8.85783367921 0.99937818277 5.55335315051
6ia6ia6ia-6ia -8.6294027027 0.750404376453 5.23148996323
6ia6ia6ia-6ia- -8.65568484075 0.76016721917 5.25855644035
6ia6ia6ia6ia -8.69517376718 0.805903633997 5.32210974547
6ia6ia6ia6ia- -8.65807191668 0.783279658374 5.27612892329
6id6id -9.88349924535 0.426318412544 5.91286467603
6id6id- -9.91828355686 0.481517258213 5.92474889464
6id6id-4id6id -9.57756062545 0.113066708344 5.44948947936
6id6id-6id -9.75015015274 0.235527067401 5.64042364293
6id6id-6id-6id -9.61598889435 -0.0307504395077 5.40238003011
6id6id-6id-6id- -9.59569190148 -0.0471014455228 5.39562074249
6id6id-6id6id- -9.68258912221 0.0850909570539 5.50463637031
6id6id6id -9.68249608442 0.116240204594 5.56433831924
6id6id6id-6id -9.65771084092 -0.00180236779389 5.44379826341
6id6id6id-6id- -9.60939561486 -0.0453415766577 5.39412666378
6id6id6id6id -9.59205266796 -0.0745388570445 5.38812457774
6id6id6id6id- -9.61029768453 -0.0574655832655 5.39505438675
6ie6ie -9.12134331685 0.942163715687 4.2625544633
6ie6ie- -9.18799666954 1.05531194571 4.3030288407
6ie6ie-4ie6ie -8.81117744185 0.764775830304 4.2589884716
6ie6ie-6ie -9.04321573624 0.905510440248 4.29969906704
6ie6ie-6ie-6ie -8.88053067652 0.638387543546 4.26190401823
6ie6ie-6ie-6ie- -8.81498848974 0.580760588783 4.25914109341
6ie6ie-6ie6ie- -8.98277092893 0.814978249918 4.29830094777
6ie6ie6ie -8.91239850589 0.675955461288 4.25758744339
6ie6ie6ie-6ie -8.96053004043 0.662643803674 4.26206044999
6ie6ie6ie-6ie- -8.86736895043 0.602817464633 4.26251381829
6ie6ie6ie6ie -8.80506436886 0.512125503853 4.25937103164
6ie6ie6ie6ie- -8.86637554481 0.556050587227 4.2597810025
6if6if -8.78265021586 1.22582045065 5.4825318961
6if6if- -8.82649207832 1.29277087734 5.55248021555
6if6if-4if6if -8.38704259561 0.883118856612 4.99507132877
6if6if-6if -8.64291650034 1.05396764369 5.27716923194
6if6if-6if-6if -8.4264875079 0.730115885486 4.95399099884
6if6if-6if-6if- -8.38216146358 0.64026952446 4.88850097943
6if6if-6if6if- -8.59152823947 0.894433246906 5.14278074561
6if6if6if -8.64335243003 0.86896103791 5.15292201103
6if6if6if-6if -8.61368049154 0.788171134571 5.07649726138
6if6if6if-6if- -8.55797508745 0.665393833879 4.98931298391
6if6if6if6if -8.58633446181 0.667491630808 4.9845229793
6if6if6if6if- -8.62362741361 0.677715965241 5.00595619827
6ih6ih -8.12672921897 1.48751820714 5.20788479786
6ih6ih- -8.16780206342 1.60286412455 5.30350507807
6ih6ih-4ih6ih -7.96886325997 1.24786240527 4.88005239357
6ih6ih-6ih -8.12830320171 1.37706884243 5.10258870317
6ih6ih-6ih-6ih -8.05691541776 1.10579680189 4.889194528
6ih6ih-6ih-6ih- -8.02547656521 1.0632550597 4.84741202917
6ih6ih-6ih6ih- -8.12069122304 1.25695040766 5.00437917336
6ih6ih6ih -8.04132712525 1.16311722606 4.93913494917
6ih6ih6ih-6ih -8.08493264494 1.11911185669 4.92660338279
6ih6ih6ih-6ih- -8.0585301469 1.07336346314 4.88416635494
6ih6ih6ih6ih -7.99930551504 0.9764738597 4.79677905328
6ih6ih6ih6ih- -8.02689078922 1.01201954657 4.83288451825
6ii -9.33580597427 2.15763531662 6.35624110068
6ii6ii -8.98466493157 1.65656308148 5.93767624591
6ii6ii6ii6ii -8.64643870581 1.24006340063 5.46157581411
6il6il- -8.49463291331 1.58242022132 5.55552644063
6il6il6il6il -8.05203201668 0.925690464067 4.8584076951
6la6la6la6la -8.37923463303 0.900833535672 5.08364728649
6ld6ld -9.41798327148 0.537689831167 5.58020702145
6ld6ld6ld -9.28197774036 0.234728405239 5.27392710596
6ld6ld6ld6ld -9.2221038305 0.0566702880815 5.11690471716
6le6le -8.69473827404 1.00488801162 4.28120394055
6le6le6le -8.52104602188 0.735918843167 4.27694159552
6le6le6le6le -8.43280079038 0.578551915214 4.27400156388
6lf6lf -8.36243094311 1.19006334323 5.14368242071
6lf6lf6lf -8.24430648065 0.868942148606 4.83986250721
6lf6lf6lf6lf -8.19513377164 0.680442567592 4.6814823419
6lh6lh -7.83860080076 1.4015936669 4.92715643562
6lh6lh6lh -7.74698253288 1.09240625973 4.65303773772
6lh6lh6lh6lh -7.70957478064 0.91983585594 4.51433263283
6li6li -8.55113480784 1.66287810652 5.59714277728
6li6li6li -8.3579335843 1.39896607674 5.29343942692
6li6li6li6li -8.27566682526 1.26981593499 5.1500578586
6ll -8.33328449957 1.9701536197 5.61118103499
6ll6ll -7.98587248486 1.37288845796 5.02913978511
6ll6ll6ll -7.78173963322 1.05072549812 4.67464498741
6ll6ll6ll6ll -7.67203232941 0.868027087045 4.483887445
Using multi
