12dd -9.10624718948 -0.440760185643 4.55278484293
12dd12dd -8.43301195029 -1.59940878175 3.24038397949
12dd12dd- -8.4367129024 -1.62778868081 3.23302643434
12dd12dd-12dd -8.19598796013 -1.97637060944 2.77633322031
12dd12dd-12dd-12dd -8.11934467201 -2.1330084161 2.60012350886
12dd12dd-12dd-12dd- -8.08943256167 -2.28416554523 2.49968863758
12dd12dd-12dd12dd- -8.07927179338 -2.17638643975 2.56049191047
12dd12dd-4dd12dd -8.28418678618 -2.01015885301 2.90402885839
12dd12dd12dd -8.21926819283 -2.05620740692 2.78612953781
12dd12dd12dd-12dd -8.14241185959 -2.19907315987 2.59499995798
12dd12dd12dd-12dd- -8.1043650256 -2.31116288734 2.51582982768
12dd12dd12dd12dd -8.15260472842 -2.33541846325 2.53645426828
12dd12dd12dd12dd- -8.08943016084 -2.28416698087 2.49968570818
12dh -8.27616495102 0.0675974621479 4.25769285444
12dh12dh -7.44126943795 -0.698859253638 3.09857214002
12dh12dh- -7.39379401533 -0.729275782523 3.08996989989
12dh12dh-12dh -6.96993730639 -1.0509797236 2.49984133073
12dh12dh-12dh-12dh -6.80086132318 -1.23452145892 2.24277242637
12dh12dh-12dh-12dh- -6.88511142115 -1.29947209202 2.31640617499
12dh12dh-12dh12dh- -6.75329430852 -1.23700163298 2.22663771399
12dh12dh-4dh12dh -7.05957715398 -1.03201442838 2.64019899399
12dh12dh12dh -7.09078472545 -1.05290842188 2.65008141723
12dh12dh12dh-12dh -6.76583185793 -1.22760637664 2.28564352864
12dh12dh12dh-12dh- -6.85211594427 -1.2781737567 2.34635998023
12dh12dh12dh12dh -6.90444919966 -1.25645736679 2.39778297122
12dh12dh12dh12dh- -6.79021706283 -1.1921099408 2.31954297696
12hd -8.27616578511 0.0675983855 4.25769425487
12hd12hd -7.44127937606 -0.698855681989 3.09858172086
12hd12hd- -7.39383690281 -0.729276909062 3.09000708219
12hd12hd-12hd -6.96993419208 -1.05098220812 2.49983794858
12hd12hd-12hd-12hd -6.80085914018 -1.23452150364 2.24277451789
12hd12hd-12hd-12hd- -6.79022509884 -1.19210430481 2.3195492179
12hd12hd-12hd12hd- -6.75327644255 -1.23701729964 2.2266164481
12hd12hd-4hd12hd -7.15580486122 -1.17586386102 2.61542331625
12hd12hd12hd -7.09077283452 -1.05291300881 2.65007128254
12hd12hd12hd-12hd -6.83603450445 -1.28310778421 2.28094420415
12hd12hd12hd-12hd- -6.85211526115 -1.27817444184 2.34635961005
12hd12hd12hd12hd -6.90480778965 -1.25628702634 2.39808357277
12hd12hd12hd12hd- -6.88520388851 -1.29947563693 2.31648418186
12hh -7.77032610847 0.98631119001 4.52184242891
12hh12hh -6.81229684692 0.298878002433 3.38712913656
12hh12hh- -6.8145901426 0.19035319822 3.33754958081
12hh12hh-12hh -6.2753171132 -0.026552838548 2.77132241663
12hh12hh-12hh-12hh- -6.12356466202 -0.191552716717 2.55711656526
12hh12hh-12hh12hh- -6.10836834094 -0.259873332384 2.49726103691
12hh12hh-4hh12hh -6.34362580267 -0.0912037047349 2.84178234584
12hh12hh12hh -6.39352797078 0.0470131583589 2.92043378277
12hh12hh12hh-12hh -6.09390499378 -0.17337295776 2.55186214794
12hh12hh12hh-12hh- -6.06571497135 -0.134696460154 2.57327779017
12hh12hh12hh12hh -6.14088015075 -0.109260634851 2.63710514374
12hh12hh12hh12hh- -6.12355473211 -0.191693084164 2.55701541208
13aa -7.92950615495 1.34650884776 4.98814419783
13aa13aa -6.93670221968 0.527974618354 3.73112847438
13aa13aa- -6.95380815394 0.534287654866 3.7439407256
13aa13aa-13aa -6.554790166 0.215185312213 3.23905690426
13aa13aa-13aa-13aa- -6.60655101817 0.272529653942 3.28932095091
13aa13aa-13aa13aa- -6.3462553014 0.0410956371592 2.97413641726
13aa13aa-4aa13aa -6.69947431319 0.00294018185583 3.2936386573
13aa13aa13aa -6.84145352514 0.489147792079 3.60641176561
13aa13aa13aa-13aa -6.52656887697 0.217021201274 3.20347703975
13aa13aa13aa-13aa- -6.57086714532 0.227375962069 3.23753660207
13aa13aa13aa13aa -6.71832099916 0.363546258118 3.42247890571
13aa13aa13aa13aa- -6.60675282776 0.27272372957 3.28957780931
13ad13ad -7.75561762023 -0.231473469112 3.73878963219
13ad13ad- -7.63403263161 -0.40365931116 3.52506677006
13ad13ad-13ad-13ad -7.15051836134 -0.929802525161 2.81895196389
13ad13ad-13ad-13ad- -7.25745738359 -0.905333547028 2.9059727186
13ad13ad-13ad13ad- -7.15023582288 -0.910105134653 2.83903787685
13ad13ad-4ad13ad -7.41649871395 -1.00119538739 3.06296300785
13ad13ad13ad-13ad -7.25809161745 -0.938654039673 2.89648435539
13ad13ad13ad-13ad- -7.29274611363 -0.950133790339 2.91396301016
13ad13ad13ad13ad -7.56771833096 -0.720809947787 3.26575466284
13ad13ad13ad13ad- -7.36036912424 -0.950121059138 2.97241129856
13ae13ae -7.08754568303 0.30745618208 3.6494416949
13ae13ae- -6.98833977148 0.160437521038 3.47515042766
13ae13ae-13ae -6.62786376033 -0.132239796903 3.0178928425
13ae13ae-13ae-13ae -6.50227082424 -0.27066937258 2.83707227024
13ae13ae-13ae-13ae- -6.57682272226 -0.238266792788 2.91315818241
13ae13ae-13ae13ae- -6.44457361738 -0.294692190334 2.78787027373
13ae13ae-4ae13ae -6.71877282457 -0.379635623798 3.00962477653
13ae13ae13ae -6.76863539749 -0.0588196775863 3.18339142136
13ae13ae13ae-13ae -6.51125719335 -0.289226852669 2.84131327813
13ae13ae13ae-13ae- -6.56212469098 -0.282174759531 2.88233403706
13ae13ae13ae13ae -6.72024233617 -0.109252923214 3.11365628445
13ae13ae13ae13ae- -6.57829009626 -0.28084799035 2.9014907853
13af13af -7.11226687246 0.570659258509 3.83193674319
13af13af- -6.84982337934 0.449140816359 3.59688826725
13af13af-13af -6.40737871375 0.168180256015 3.10174832624
13af13af-13af-13af -6.22284390018 0.0102556721072 2.86498069696
13af13af-13af-13af- -6.28677349119 -0.0389197524382 2.87256758194
13af13af-13af13af- -6.19125927073 -0.0299436521079 2.83440005023
13af13af-4af13af -6.47201485641 -0.109944806834 3.01364330922
13af13af13af -6.85277359933 0.306046698867 3.45833788933
13af13af13af-13af -6.3425278271 -0.00889278583576 2.93090708323
13af13af13af-13af- -6.53357644242 -0.044515923191 3.01208714526
13af13af13af13af -6.75142446919 0.160386570035 3.27784136984
13af13af13af13af- -6.59103257089 0.0475092936876 3.10911512992
13ah13ah -6.76739682543 0.745033624167 3.71454785194
13ah13ah- -6.74792052857 0.603065547722 3.63816321623
13ah13ah-13ah -6.35830113571 0.308028408922 3.16568029567
13ah13ah-13ah-13ah -6.18043221052 0.203992485978 2.95452818885
13ah13ah-13ah-13ah- -6.20075500346 0.237656584555 2.99716178262
13ah13ah-13ah13ah- -6.15079499912 0.15040115537 2.92074260209
13ah13ah-4ah13ah -6.39223249511 0.118815054687 3.09557315147
13ah13ah13ah -6.44752559618 0.495116132226 3.31818082102
13ah13ah13ah-13ah -6.20184765977 0.191957846066 2.96339079377
13ah13ah13ah-13ah- -6.2063292886 0.217957204206 2.98263278114
13ah13ah13ah13ah -6.29379913815 0.356969672749 3.11130224982
13ah13ah13ah13ah- -6.26752017135 0.287122188725 3.04830991358
13ai13ai -7.00824055514 0.795275467975 3.93169134132
13ai13ai- -6.94371162844 0.730727450621 3.84416900449
13ai13ai-13ai-13ai -6.41912490264 0.327208352294 3.18589219063
13ai13ai-13ai-13ai- -6.48135867137 0.355436146317 3.24901444239
13ai13ai-13ai13ai- -6.35456439159 0.284165395106 3.12126440882
13ai13ai-4ai13ai -6.62165534807 0.163860814037 3.31919614206
13ai13ai13ai-13ai -6.39736195798 0.306027140296 3.16067240857
13ai13ai13ai-13ai- -6.44549066712 0.320499282716 3.20188875624
13ai13ai13ai13ai -6.58395113457 0.45448839807 3.38048344576
13ai13ai13ai13ai- -6.50599513011 0.399259343232 3.28999087827
13al13al -6.72721664607 0.522900266746 3.56477396426
13al13al- -6.75684110541 0.555469999543 3.60456104462
13al13al-13al -6.29944444125 0.232323315189 3.06807555422
13al13al-13al-13al -6.17808177706 0.0724799241788 2.86986860704
13al13al-13al-13al- -6.22407993952 0.10671428708 2.92637067483
13al13al-13al13al- -6.04688155586 0.102053041226 2.81946576124
13al13al13al -6.41760283052 0.242648602867 3.14066602485
13al13al13al-13al- -6.19430057392 0.0991090200981 2.89710135462
13al13al13al13al -6.23775351481 0.0912139941846 2.92003229506
13al13al13al13al- -6.15476314352 0.0853333788394 2.8542041545
13da13da -7.75565865966 -0.231495917158 3.73883520049
13da13da- -7.63403208449 -0.403658285035 3.52506604105
13da13da-13da-13da -7.15042281928 -0.929839687491 2.81884985477
13da13da-13da-13da- -7.39887782859 -0.887948351568 3.04072152086
13da13da-13da13da- -7.15023434778 -0.910105015717 2.83903695773
13da13da-4da13da -7.35098591676 -1.04375447 3.0147190073
13da13da13da-13da -7.15576752961 -0.939609138821 2.82451957346
13da13da13da-13da- -7.29741465191 -0.947948471339 2.91848051984
13da13da13da13da -7.56772728925 -0.720819413816 3.26575662987
13da13da13da13da- -7.25736364232 -0.905172403615 2.90603426902
13dd -8.81572546919 0.0916883589321 4.71780606401
13dd13dd -8.18956743276 -1.17329167038 3.36040956052
13dd13dd- -8.18935435008 -1.1731570962 3.36024037414
13dd13dd-13dd -7.96354606798 -1.45319422407 3.00004939688
13dd13dd-13dd-13dd -7.99172955593 -1.54479166147 2.9696671358
13dd13dd-13dd-13dd- -8.0863354066 -1.70056967758 2.95611397086
13dd13dd-13dd13dd- -7.87346063958 -1.60507524011 2.84603371415
13dd13dd-4dd13dd -8.0842497125 -1.76375263077 3.04200941706
13dd13dd13dd -7.96391425478 -1.45316759297 3.00037623134
13dd13dd13dd-13dd -7.97714499861 -1.66512629951 2.87548936359
13dd13dd13dd-13dd- -8.11260464186 -1.69497570499 2.95882587832
13dd13dd13dd13dd -7.8734580629 -1.60507568039 2.84603178774
13dd13dd13dd13dd- -8.08589877123 -1.70079329705 2.95563595838
13de13de -7.77930826387 -0.292704789768 3.67374491805
13de13de- -7.57890569452 -0.642194197278 3.30375114917
13de13de-13de -7.27759889992 -0.95342429537 2.86093755787
13de13de-13de-13de -7.24762328971 -1.02728466166 2.80111712401
13de13de-13de-13de- -7.4684976243 -0.988511739565 2.99763871354
13de13de-13de13de- -7.13319222444 -1.13848783523 2.6423524926
13de13de-4de13de -7.37965216314 -1.20100554026 2.92653456177
13de13de13de -7.6963723417 -0.541548877111 3.45169112299
13de13de13de-13de -7.22103161562 -1.10848419958 2.72804969441
13de13de13de-13de- -7.36677553925 -1.0800104352 2.86187624862
13de13de13de13de -7.71860486478 -0.669179962971 3.37114406619
13de13de13de13de- -7.30070360393 -1.08640932459 2.81478947357
13df13df -7.66323960148 -0.374023880524 3.52142441294
13df13df- -7.52630865525 -0.466928835115 3.39230599471
13df13df-13df -7.14247303215 -0.730749675252 2.94084243711
13df13df-13df-13df -7.01283671236 -0.898800772621 2.7288562641
13df13df-13df-13df- -7.29222846759 -0.940653947453 2.9466660398
13df13df-13df13df- -6.99138198609 -0.963193946301 2.69070053155
13df13df-4df13df -7.20548073416 -1.00045905945 2.88086253716
13df13df13df -7.41903660563 -0.827527015996 3.04791877369
13df13df13df-13df -7.09050334231 -0.989651060605 2.72567956874
13df13df13df-13df- -7.25368952114 -1.05922982033 2.79969325387
13df13df13df13df -7.39784273385 -0.960042416321 2.94058379196
13df13df13df13df- -7.22556295923 -1.08438233955 2.70929416006
13dh13dh -7.32732701607 -0.169890081491 3.4103340787
13dh13dh- -7.40235922294 -0.305316360074 3.42281958331
13dh13dh-13dh -7.11232315141 -0.613397579076 3.01252848446
13dh13dh-13dh-13dh -6.89461036016 -0.743627290468 2.71636671029
13dh13dh-13dh-13dh- -6.9934713893 -0.806397719125 2.81118985243
13dh13dh-13dh13dh- -6.96732785492 -0.784944470781 2.79822821253
13dh13dh-4dh13dh -7.08726650035 -0.768106856698 2.9168837648
13dh13dh13dh -7.10933760307 -0.490067823761 3.05300169797
13dh13dh13dh-13dh -6.95970401234 -0.763950636141 2.7795489114
13dh13dh13dh-13dh- -6.97625056314 -0.798685972858 2.77748809062
13dh13dh13dh13dh -7.03943467661 -0.677829026959 2.87425785621
13dh13dh13dh13dh- -6.88378851069 -0.745795454508 2.68701619501
13di13di -7.70175415025 -0.0693285165374 3.78768385675
13di13di- -7.48288039816 -0.329869847275 3.44910330198
13di13di-13di -7.16161510589 -0.636433747891 3.00020039929
13di13di-13di-13di -7.09791313984 -0.728476458364 2.89256114912
13di13di-13di-13di- -7.32929157005 -0.695863740709 3.09914868901
13di13di-13di13di- -7.00236616769 -0.807145199426 2.77742182558
13di13di-4di13di -7.26921302594 -0.799005875262 3.08218559041
13di13di13di -7.54223352651 -0.343184751319 3.4839922218
13di13di13di-13di -7.08940057347 -0.778581478799 2.8542916022
13di13di13di-13di- -7.23083456665 -0.754164622186 2.97398439222
13di13di13di13di -7.50859934627 -0.499855715816 3.34334895557
13di13di13di13di- -7.16573429702 -0.754970698702 2.91308356727
13dl13dl -7.64621813732 -0.159335520433 3.67396250727
13dl13dl- -7.40076741833 -0.309179397648 3.40177056203
13dl13dl-13dl -7.00672270208 -0.620639430303 2.90091708664
13dl13dl-13dl-13dl -6.97163844099 -0.76317545763 2.78127175449
13dl13dl-13dl-13dl- -6.79517550322 -0.751273102616 2.67485559232
13dl13dl-13dl13dl- -6.79516358588 -0.751272720599 2.67484746499
13dl13dl13dl -7.45989385314 -0.411059971819 3.37509409012
13dl13dl13dl-13dl -6.91507898779 -0.775243657128 2.73445844065
13dl13dl13dl13dl -7.41458355754 -0.551448490471 3.24375677535
13dl13dl13dl13dl- -7.03479810549 -0.746928915131 2.8193879349
13ea13ea -7.08839880872 0.308500927064 3.65082812702
13ea13ea- -6.98833754109 0.160435400768 3.47514740183
13ea13ea-13ea -6.62783911701 -0.132263947844 3.01786053463
13ea13ea-13ea-13ea -6.50233471777 -0.270594782723 2.83715656533
13ea13ea-13ea-13ea- -6.61505554265 -0.219810204615 2.96850622676
13ea13ea-13ea13ea- -6.44450635195 -0.294751512843 2.78778434219
13ea13ea-4ea13ea -6.68290652356 -0.400631233322 3.00084411597
13ea13ea13ea -6.7689295528 -0.0587062292557 3.18366195714
13ea13ea13ea-13ea -6.49294077005 -0.288430257219 2.82401980782
13ea13ea13ea-13ea- -6.56214007174 -0.282138345861 2.88236175761
13ea13ea13ea13ea -6.72047025797 -0.109261505234 3.11386247961
13ea13ea13ea13ea- -6.57682733024 -0.238267630154 2.91316197774
13ed13ed -7.77917995034 -0.292821185669 3.6735792757
13ed13ed- -7.57893869217 -0.642172619013 3.30379245119
13ed13ed-13ed -7.27776226949 -0.95335960451 2.86114633477
13ed13ed-13ed-13ed -7.24767270977 -1.02726145505 2.8011747184
13ed13ed-13ed-13ed- -7.30076830515 -1.08642021716 2.81483241201
13ed13ed-13ed13ed- -7.13318775062 -1.13848605819 2.64234967652
13ed13ed-4ed13ed -7.41519100882 -1.19530619645 2.94309358897
13ed13ed13ed -7.69685412208 -0.541217545209 3.45227181554
13ed13ed13ed-13ed -7.26396401773 -1.12582588748 2.74299958768
13ed13ed13ed-13ed- -7.36663569708 -1.08006256039 2.86171933104
13ed13ed13ed13ed -7.71868710255 -0.669054097332 3.37127355269
13ed13ed13ed13ed- -7.46863619179 -0.988511210743 2.99774784106
13ee -7.87612802504 0.816023027379 4.2676802679
13ee13ee -7.28903320717 0.219614004791 3.68485982915
13ee13ee- -7.04060603585 -0.132503744639 3.2834442227
13ee13ee-13ee -6.72624707114 -0.373384695957 2.89134118073
13ee13ee-13ee-13ee -6.65777741915 -0.450240595114 2.7926643948
13ee13ee-13ee-13ee- -6.83154350057 -0.371992227812 2.98053044795
13ee13ee-13ee13ee- -6.57191805797 -0.507785719047 2.70821330069
13ee13ee-4ee13ee -6.81395777982 -0.61646893809 2.92773684134
13ee13ee13ee -7.12018992828 0.0178681116518 3.43932558833
13ee13ee13ee-13ee -6.6636161782 -0.485708208981 2.77673052187
13ee13ee13ee-13ee- -6.76228332042 -0.452842200422 2.87423427543
13ee13ee13ee13ee -7.06713151943 -0.0931959054463 3.32178666298
13ee13ee13ee13ee- -6.83131276614 -0.372048363828 2.98032379208
13ef13ef -7.06780460636 0.155859036876 3.48617641069
13ef13ef- -6.95329922816 0.0793748179574 3.38699788782
13ef13ef-13ef -6.51765429613 -0.167434264341 2.91143765928
13ef13ef-13ef-13ef -6.38602061657 -0.292674834442 2.74010975206
13ef13ef-13ef-13ef- -6.59591633636 -0.268981851118 2.93493084935
13ef13ef-13ef13ef- -6.33744527257 -0.373103434918 2.66452875096
13ef13ef-4ef13ef -6.57733909471 -0.407985310432 2.86973017497
13ef13ef13ef -6.78517532827 -0.142854961872 3.09932681615
13ef13ef13ef-13ef -6.43116643449 -0.386698320695 2.7055537557
13ef13ef13ef-13ef- -6.56726673443 -0.405270828296 2.7939989917
13ef13ef13ef13ef -6.66972573442 -0.310471784017 2.90315595209
13ef13ef13ef13ef- -6.59844163382 -0.401143762903 2.78056322166
13eh13eh -6.83830759489 0.379846459116 3.46809253669
13eh13eh- -6.85251777562 0.232977361945 3.42202624979
13eh13eh-13eh -6.49062478981 -0.0515270091464 2.97324197938
13eh13eh-13eh-13eh -6.3279335718 -0.138106410417 2.78836174904
13eh13eh-13eh-13eh- -6.36621499758 -0.127509608696 2.84924551192
13eh13eh-13eh13eh- -6.29841058594 -0.206656348488 2.73931838808
13eh13eh-4eh13eh -6.49379924757 -0.217873149825 2.91278874773
13eh13eh13eh -6.54988228678 0.138804421162 3.11641156473
13eh13eh13eh-13eh -6.31830813138 -0.157310411032 2.76416240081
13eh13eh13eh-13eh- -6.34964485393 -0.143344803064 2.81100392204
13eh13eh13eh13eh -6.42639792018 0.00801825469944 2.9409304068
13eh13eh13eh13eh- -6.37219193706 -0.0585311273017 2.84832148234
13ei13ei -7.11247896748 0.484633914783 3.77209287778
13ei13ei- -6.88266942991 0.215226587989 3.41974836311
13ei13ei-13ei -6.50668299681 -0.0817312763916 2.94210252716
13ei13ei-13ei-13ei -6.46615395405 -0.11442907007 2.89948696633
13ei13ei-13ei-13ei- -6.62453959677 -0.0323102921644 3.08257477648
13ei13ei-13ei13ei- -6.3475212481 -0.21121640398 2.75481392893
13ei13ei-4ei13ei -6.64863830095 -0.187367700601 3.0820735072
13ei13ei13ei -6.88754760408 0.27993528263 3.47589781396
13ei13ei13ei-13ei -6.41373022906 -0.180984334342 2.80945850674
13ei13ei13ei-13ei- -6.54274592204 -0.099949368027 2.96366843472
13ei13ei13ei13ei -6.79819156121 0.168178956815 3.3299337589
13ei13ei13ei13ei- -6.59876871009 -0.0280488660398 3.04472506703
13el13el -7.14821145602 0.419352150363 3.74293172332
13el13el- -6.82887428319 0.221739019723 3.38437871652
13el13el-13el -6.52051048661 -0.0955357292121 2.95523347478
13el13el-13el-13el -6.39258374813 -0.230863603607 2.76100855689
13el13el-13el-13el- -6.37320925127 -0.192756622144 2.77745866459
13el13el-13el13el- -6.27924265339 -0.210677836509 2.72612468977
13el13el13el -6.89435034724 0.230987829893 3.4424092184
13el13el13el-13el -6.39822774936 -0.189607668364 2.80368361748
13el13el13el-13el- -6.36853523224 -0.15954395827 2.80631832128
13el13el13el13el -6.50247342314 -0.162822727826 2.90480143499
13el13el13el13el- -6.53347497275 -0.0254443795544 2.99757955262
13fa13fa -6.8354592714 0.441851101838 3.58915248304
13fa13fa- -6.8498473796 0.449134758501 3.59690210726
13fa13fa-13fa -6.4209156372 0.138432210569 3.09207112138
13fa13fa-13fa-13fa- -6.59104236211 0.0473273296237 3.10904213768
13fa13fa-13fa13fa- -6.19108334289 -0.0299611548589 2.83428817012
13fa13fa-4fa13fa -6.41462316562 -0.211459752804 2.98526118444
13fa13fa13fa -6.54710105751 0.142237405647 3.16426198194
13fa13fa13fa-13fa -6.24387065533 -0.0275500923612 2.87035872005
13fa13fa13fa-13fa- -6.52370845111 -0.0654655239776 2.99052723501
13fa13fa13fa13fa -6.41600525349 0.0726432499692 3.0320906822
13fa13fa13fa13fa- -6.28678138053 -0.0389178525918 2.87257509289
13fd13fd -7.68687716804 -0.264132554691 3.64358379259
13fd13fd- -7.52632069886 -0.466929137214 3.39231838496
13fd13fd-13fd -7.17156144415 -0.78338806004 2.92760824562
13fd13fd-13fd-13fd -7.08616556072 -0.978600430392 2.6963832813
13fd13fd-13fd-13fd- -7.23007825748 -1.05612105865 2.74044465592
13fd13fd-13fd13fd- -6.99138984156 -0.963190129158 2.69070819045
13fd13fd-4fd13fd -7.20735334574 -1.12370091451 2.8599377792
13fd13fd13fd -7.50848281604 -0.562991298418 3.31803480251
13fd13fd13fd-13fd -7.11846853376 -0.990747680146 2.76957282468
13fd13fd13fd-13fd- -7.25367000747 -1.05922872622 2.79968003885
13fd13fd13fd13fd -7.38238027805 -0.862190055766 3.03480646387
13fd13fd13fd13fd- -7.23133175163 -1.00196640836 2.86578813694
13fe13fe -7.12874928944 0.289803335616 3.65089669886
13fe13fe- -6.95330541556 0.0793882969684 3.38701047182
13fe13fe-13fe -6.54973858627 -0.212113525272 2.90530793443
13fe13fe-13fe-13fe -6.44434401187 -0.375608090812 2.69867491398
13fe13fe-13fe-13fe- -6.59841912726 -0.401150450764 2.78054176312
13fe13fe-13fe13fe- -6.33744753312 -0.373101820582 2.66453123791
13fe13fe-4fe13fe -6.56112506492 -0.53058023208 2.82954689384
13fe13fe13fe -6.87261615554 0.0600457295163 3.32066381604
13fe13fe13fe-13fe -6.43510801582 -0.360628341544 2.7464600394
13fe13fe13fe-13fe- -6.56669431797 -0.405948489769 2.79302039806
13fe13fe13fe13fe -6.76815560236 -0.0665758147916 3.16033246362
13fe13fe13fe13fe- -6.53326063495 -0.326806632868 2.84987756088
13ff -7.89306177371 1.11688910554 4.78111342954
13ff13ff -6.9792816212 0.324494702435 3.56386855686
13ff13ff- -7.03597044863 0.27026834708 3.59886932602
13ff13ff-13ff -6.51510782042 0.034444693263 3.06173944722
13ff13ff-13ff-13ff -6.38789646174 -0.171416359597 2.80603258196
13ff13ff-13ff-13ff- -6.52525827166 -0.314753628286 2.79581804661
13ff13ff-13ff13ff- -6.36162018292 -0.172464956752 2.81264308657
13ff13ff-4ff13ff -6.52054048954 -0.261568427138 2.94596719638
13ff13ff13ff -6.60698286897 -0.0541369760105 3.03891168933
13ff13ff13ff-13ff -6.47331572291 -0.194386025843 2.8456529068
13ff13ff13ff-13ff- -6.6174709785 -0.321282339498 2.8461382597
13ff13ff13ff13ff -6.42552158979 -0.269510026826 2.76344374361
13ff13ff13ff13ff- -6.46415483225 -0.286826384384 2.78662769877
13fh13fh -6.92995658178 0.51418108649 3.67659749023
13fh13fh- -6.88124577052 0.39086568115 3.57587580381
13fh13fh-13fh -6.39922390515 0.149025169104 3.06471612594
13fh13fh-13fh-13fh -6.27324577196 -0.0185037110172 2.82692428896
13fh13fh-13fh-13fh- -6.36776535183 -0.091758266384 2.84291072059
13fh13fh-13fh13fh- -6.21956865991 -0.0679337489118 2.80160820906
13fh13fh-4fh13fh -6.39871301489 -0.140985900298 2.94652456444
13fh13fh13fh -6.58308102044 0.236496671966 3.24646714911
13fh13fh13fh-13fh -6.34592727282 -0.0523222263198 2.86824120282
13fh13fh13fh-13fh- -6.45173209761 -0.125287859108 2.87955852196
13fh13fh13fh13fh -6.42169090014 0.0800767074738 3.02661118175
13fh13fh13fh13fh- -6.37257566924 -0.021985191872 2.93801686163
13fi13fi -6.9530377476 0.687564572698 3.8039778224
13fi13fi- -7.00137196448 0.573289332195 3.75029622368
13fi13fi-13fi -6.389491458 0.200039877531 3.08457840985
13fi13fi-13fi-13fi -6.385247547 0.149183890455 3.0275233038
13fi13fi-13fi-13fi- -6.63591205594 0.215080795935 3.22982832323
13fi13fi-13fi13fi- -6.16689790028 0.0421112026536 2.82936024898
13fi13fi-4fi13fi -6.40389382839 -0.0575623763595 3.03611847898
13fi13fi13fi -6.63647673285 0.463602317865 3.42517059367
13fi13fi13fi-13fi -6.24399271014 0.0810736827649 2.90633402524
13fi13fi13fi-13fi- -6.43209436581 0.133287413327 3.04759694749
13fi13fi13fi13fi -6.49779517713 0.351945683226 3.24774675598
13fi13fi13fi13fi- -6.44498925684 0.201542881815 3.11082193212
13fl13fl -7.07664722668 0.630146575518 3.85177256844
13fl13fl- -6.82906409638 0.443193039322 3.57446194126
13fl13fl-13fl -6.39706936217 0.162240592675 3.06593602892
13fl13fl-13fl13fl- -6.17084750736 0.00897060391039 2.8044239493
13fl13fl13fl -6.53308186432 0.25544348056 3.20644511283
13fl13fl13fl-13fl -6.13018820351 0.0195141646947 2.78260656203
13fl13fl13fl13fl -6.96970137872 0.435477113841 3.60326651418
13fl13fl13fl13fl- -6.39755889183 0.0631982100387 2.97145249619
13ha13ha -6.76739697575 0.745033720589 3.71454806162
13ha13ha- -6.74792643004 0.603075923642 3.63817234478
13ha13ha-13ha -6.35830568858 0.308037566897 3.16568831826
13ha13ha-13ha-13ha -6.18083613593 0.204183756656 2.95493727689
13ha13ha-13ha-13ha- -6.26690104597 0.286874772967 3.04768549751
13ha13ha-13ha13ha- -6.15094148343 0.150520455021 2.92091790834
13ha13ha-4ha13ha -6.42584905825 0.0760858148671 3.14643069051
13ha13ha13ha -6.44750704352 0.495100887893 3.31815922643
13ha13ha13ha-13ha -6.15443256149 0.169784953328 2.93850661861
13ha13ha13ha-13ha- -6.20632690305 0.217954860121 2.98262875291
13ha13ha13ha13ha -6.29379881086 0.356970093101 3.11130221608
13ha13ha13ha13ha- -6.20075855204 0.237656794298 2.99716527056
13hd13hd -7.32731019173 -0.169918574487 3.41029933609
13hd13hd- -7.40236666404 -0.305296889691 3.42283851708
13hd13hd-13hd -7.1123634849 -0.613299564716 3.01261730965
13hd13hd-13hd-13hd -6.89462193536 -0.743643060258 2.71637253073
13hd13hd-13hd-13hd- -6.88378256532 -0.745785097986 2.68701988726
13hd13hd-13hd13hd- -6.96733185836 -0.784941495043 2.79823264356
13hd13hd-4hd13hd -7.17912356287 -0.855036686515 2.97048472543
13hd13hd13hd -7.10932313856 -0.490086221188 3.05297964721
13hd13hd13hd-13hd -6.97218504132 -0.822746589246 2.79335372522
13hd13hd13hd-13hd- -6.97625085419 -0.798685026363 2.77748885419
13hd13hd13hd13hd -7.03945841147 -0.677801914985 2.87429040682
13hd13hd13hd13hd- -6.99368312636 -0.806284660808 2.8114240386
13he13he -6.83834192727 0.379917763295 3.46817654498
13he13he- -6.85253214795 0.232986595758 3.42204473992
13he13he-13he -6.49059829264 -0.0515613536237 2.97321170681
13he13he-13he-13he -6.32796271179 -0.138066121947 2.78840837992
13he13he-13he-13he- -6.37216801795 -0.058649261414 2.84822071611
13he13he-13he13he- -6.29848808342 -0.206635893278 2.73941988002
13he13he-4he13he -6.56513271134 -0.240025430161 2.98354492805
13he13he13he -6.46540584337 0.0262500241483 2.98048489328
13he13he13he-13he -6.30913813941 -0.205575839384 2.76448629054
13he13he13he-13he- -6.34974348145 -0.143371603864 2.81104556419
13he13he13he13he -6.42645979049 0.00803050627855 2.94099532491
13he13he13he13he- -6.36611312299 -0.127609064509 2.84909496469
13hf13hf -6.81085243568 0.450604723993 3.52929931493
13hf13hf- -6.88123896338 0.390857603037 3.57586626772
13hf13hf-13hf -6.39556568602 0.151552404151 3.06482631891
13hf13hf-13hf-13hf -6.21476098947 0.0225632086649 2.85328096214
13hf13hf-13hf-13hf- -6.37261802228 -0.0220445245877 2.9380133063
13hf13hf-13hf13hf- -6.21951988309 -0.0679781570562 2.80155431543
13hf13hf-4hf13hf -6.3893709439 -0.0945610828002 2.95211370304
13hf13hf13hf -6.43937115906 0.140239402485 3.06733482766
13hf13hf13hf-13hf -6.3387406867 -0.0152834734657 2.88528092499
13hf13hf13hf-13hf- -6.4517353918 -0.125285850618 2.87956291752
13hf13hf13hf13hf -6.25381571508 -0.121503652799 2.73828481932
13hf13hf13hf13hf- -6.36777025652 -0.091749459068 2.84291979438
13hh -7.52960774191 1.39289191054 4.70651973468
13hh13hh -6.60791086742 0.765245124718 3.59168809904
13hh13hh- -6.66656301717 0.668524648615 3.60914875719
13hh13hh-13hh -6.26665461992 0.388605962086 3.13393741832
13hh13hh-13hh-13hh -6.03384813245 0.321295922378 2.90536129404
13hh13hh-13hh-13hh- -6.05573162303 0.313992731484 2.91961621958
13hh13hh-13hh13hh- -6.01664334833 0.241361564201 2.8511463246
13hh13hh-4hh13hh -6.27809800368 0.202915853494 3.0661376561
13hh13hh13hh -6.25206245543 0.494111786962 3.1717459707
13hh13hh13hh-13hh -6.04250977835 0.271014868579 2.89243010179
13hh13hh13hh-13hh- -6.05083811992 0.299113345147 2.91011564649
13hh13hh13hh13hh -6.0763470625 0.347737263088 2.94715408624
13hh13hh13hh13hh- -6.05574343897 0.314001898996 2.91963108911
13hi13hi -6.79912124889 0.894897670072 3.82315175429
13hi13hi- -6.68697365184 0.651005088279 3.60786011277
13hi13hi-13hi -6.26313242568 0.3638607873 3.10899496485
13hi13hi-13hi-13hi -6.20183084703 0.359529797645 3.05024434381
13hi13hi-13hi-13hi- -6.30626384103 0.449090865505 3.16999211544
13hi13hi-13hi13hi- -6.04224068777 0.209695920783 2.85530728723
13hi13hi-4hi13hi -6.39335649424 0.215959573543 3.17929837304
13hi13hi13hi -6.51904885723 0.705611840436 3.48855065619
13hi13hi13hi-13hi -6.11789614073 0.279188847282 2.95060469731
13hi13hi13hi-13hi- -6.22366214116 0.380428966851 3.07304403355
13hi13hi13hi13hi -6.3977810965 0.609540791231 3.32867092224
13hi13hi13hi13hi- -6.27482747213 0.434624049046 3.15310164862
13hl13hl -6.65064995125 0.571045580466 3.50765857345
13hl13hl- -6.71199580857 0.605131400134 3.60550747947
13hl13hl-13hl -6.28524370893 0.326178231889 3.10245559916
13hl13hl-13hl-13hl -6.42098758601 0.4623395815 3.25526327452
13hl13hl-13hl-13hl- -6.58513056882 0.523177286293 3.40872094128
13hl13hl-13hl13hl- -6.06162028918 0.176650151857 2.84379446269
13hl13hl13hl -6.25571909001 0.288253137536 3.04682742731
13hl13hl13hl-13hl -6.05773040455 0.144638588118 2.82268809839
13hl13hl13hl-13hl- -6.21189869041 0.271811330202 2.99048642804
13hl13hl13hl13hl -6.07779594612 0.0473478859192 2.73420910828
13hl13hl13hl13hl- -6.07887849648 0.117671940298 2.79267035263
13ia13ia -7.00822774761 0.795266346952 3.93167678025
13ia13ia- -6.94371244089 0.730728313095 3.84417014031
13ia13ia-13ia-13ia -6.41912415516 0.327207951224 3.18589125645
13ia13ia-13ia-13ia- -6.50597437061 0.399245919654 3.28996685097
13ia13ia-13ia13ia- -6.35456442072 0.284165455232 3.12126446124
13ia13ia-4ia13ia -6.63494570774 0.151227221105 3.35221107555
13ia13ia13ia-13ia -6.3912495789 0.284985570384 3.14517079842
13ia13ia13ia-13ia- -6.44549049831 0.32049987366 3.20188881437
13ia13ia13ia13ia -6.58395280146 0.454490654758 3.38048612806
13ia13ia13ia13ia- -6.48135858103 0.355436072995 3.24901433509
13id13id -7.70174814859 -0.0693545409851 3.78767575076
13id13id- -7.48288237564 -0.329870005925 3.44910549612
13id13id-13id -7.16161081886 -0.636423158207 3.00020393561
13id13id-13id-13id -7.09787755752 -0.72851204248 2.89251092764
13id13id-13id-13id- -7.16573883451 -0.754966996095 2.91308937623
13id13id-13id13id- -7.00236359734 -0.807146949112 2.77741855491
13id13id-4id13id -7.35751782691 -0.789462878274 3.13420547218
13id13id13id -7.54226539439 -0.343160792972 3.48402922426
13id13id13id-13id -7.12935345787 -0.807331893363 2.86684803217
13id13id13id-13id- -7.23050773271 -0.754399751414 2.97358617554
13id13id13id13id -7.50857101941 -0.499877922106 3.34331321893
13id13id13id13id- -7.32929090834 -0.695861350976 3.09915016361
13ie13ie -7.11239337085 0.484593636488 3.77194887559
13ie13ie- -6.88265072637 0.215211133979 3.41973000576
13ie13ie-13ie -6.50666293563 -0.0817491793785 2.9420703648
13ie13ie-13ie-13ie -6.46611351266 -0.114455244504 2.89943572174
13ie13ie-13ie-13ie- -6.59876864445 -0.028050903395 3.04472206117
13ie13ie-13ie13ie- -6.34759481433 -0.211167452552 2.75488232677
13ie13ie-4ie13ie -6.68356730334 -0.19118965525 3.0930475944
13ie13ie13ie -6.8873718131 0.279299223586 3.47538166277
13ie13ie13ie-13ie -6.42968017506 -0.185618373097 2.82705512638
13ie13ie13ie-13ie- -6.5427650336 -0.0999131909482 2.96370804702
13ie13ie13ie13ie -6.79819539982 0.168236825648 3.32995765765
13ie13ie13ie13ie- -6.62443851517 -0.0324322385217 3.0824275833
13if13if -7.06075561017 0.695849123495 3.87248901615
13if13if- -7.00136868633 0.573285637029 3.7502920042
13if13if-13if -6.35490833634 0.22659576868 3.08014715316
13if13if-13if-13if -6.31045771058 0.172923759946 2.99859877998
13if13if-13if-13if- -6.44515384819 0.201644645755 3.11099789066
13if13if-13if13if- -6.16690244639 0.0421091477943 2.82936230439
13if13if13if -6.81987864708 0.479399372949 3.54239608475
13if13if13if-13if -6.28135883574 0.0892032012152 2.92485774643
13if13if13if-13if- -6.4321191209 0.133318158866 3.04763148533
13if13if13if13if -6.72343771807 0.358665010336 3.38139578924
13if13if13if13if- -6.63591209824 0.215080801708 3.22982835997
13ih13ih -6.79912131365 0.894897701723 3.82315182156
13ih13ih- -6.68697422046 0.651004981473 3.60786048692
13ih13ih-13ih -6.26313218201 0.363860495321 3.10899451391
13ih13ih-13ih-13ih -6.20183088868 0.359529823936 3.05024440859
13ih13ih-13ih-13ih- -6.27480012404 0.434581410246 3.15307668694
13ih13ih-13ih13ih- -6.0422401584 0.209694954702 2.85530624254
13ih13ih-4ih13ih -6.38093716952 0.264365949687 3.1712261582
13ih13ih13ih -6.51904942301 0.7056120871 3.48855119836
13ih13ih13ih-13ih -6.13928898246 0.285780496337 2.95784652946
13ih13ih13ih-13ih- -6.22366134186 0.380428029259 3.07304281025
13ih13ih13ih13ih -6.39778007901 0.609540883051 3.32867074131
13ih13ih13ih13ih- -6.30626401042 0.449091059619 3.16999240555
13ii -7.73281291507 1.42950447479 4.89486003318
13ii13ii -7.01074136707 0.959945382688 4.03046671391
13ii13ii- -6.94285269023 0.890213382231 3.93714730805
13ii13ii-13ii -6.58944729346 0.651868864946 3.51863696021
13ii13ii-13ii-13ii -6.49605615783 0.589062680024 3.40142871388
13ii13ii-13ii-13ii- -6.48076353211 0.560087075858 3.37749931588
13ii13ii-13ii13ii- -6.40819040433 0.522209496666 3.30566667622
13ii13ii-4ii13ii -6.68754334499 0.414611164284 3.55108154404
13ii13ii13ii -6.67594489509 0.70972345218 3.61601663172
13ii13ii13ii-13ii -6.43144810196 0.528420125097 3.32345263719
13ii13ii13ii-13ii- -6.46338900082 0.54498213245 3.35403631247
13ii13ii13ii13ii -6.57745574166 0.642647169259 3.48982090186
13ii13ii13ii13ii- -6.59721406723 0.666195249693 3.51186946707
13il13il -6.92635472198 0.75675732114 3.83180612515
13il13il- -6.74150826246 0.595435655441 3.61058175368
13il13il-13il -6.3223435225 0.278930305463 3.08870651258
13il13il-13il-13il -6.07950188333 0.148596384784 2.83940660166
13il13il-13il-13il- -6.20971133572 0.212197498208 2.95652348941
13il13il-13il13il- -6.06976050543 0.140080621173 2.82605283861
13il13il13il -6.60055075755 0.52380147177 3.4362509629
13il13il13il-13il -6.15780221389 0.155895039375 2.88738396457
13il13il13il-13il- -6.13749057373 0.175730264692 2.8881857093
13il13il13il13il -6.4552061364 0.412930022873 3.25222237986
13il13il13il13il- -6.31571114562 0.315600471265 3.09062008224
13la13la -6.84164895799 0.627247572896 3.70113085396
13la13la- -6.75684071649 0.555469956467 3.6045607226
13la13la-13la -6.29304606615 0.266446043028 3.08495584614
13la13la-13la-13la -6.08867935437 0.117943481892 2.8406272695
13la13la-13la-13la- -6.15506063461 0.0858696128905 2.85476177073
13la13la13la -6.41406931897 0.261286511501 3.14952010961
13la13la13la-13la -6.13537686772 0.101344484888 2.8672619841
13la13la13la-13la- -6.19117870396 0.0945971056618 2.89233401303
13la13la13la13la -6.1988991513 0.0535465157022 2.85897514582
13la13la13la13la- -6.13884811447 0.0804791140882 2.84804442461
13ld13ld- -7.40076529027 -0.309177650088 3.40177106268
13ld13ld-13ld -7.00020814771 -0.589481071795 2.9182366299
13ld13ld-13ld-13ld -6.92553378305 -0.730132758642 2.76839379422
13ld13ld-13ld-13ld- -7.03479534369 -0.746955029368 2.81937125956
13ld13ld-13ld13ld- -6.79511606839 -0.751302247116 2.67479937821
13ld13ld13ld -7.0003814246 -0.589319416152 2.91845680591
13ld13ld13ld-13ld -6.79512370771 -0.75134204378 2.67477324282
13ld13ld13ld13ld -7.03479591389 -0.746947913711 2.81937683222
13ld13ld13ld13ld- -6.9514674916 -0.732638719601 2.78671118905
13le13le -6.88630264208 0.205224788144 3.42330097964
13le13le- -6.8287740532 0.221700524475 3.3842760077
13le13le-13le -6.48817120809 -0.0616264795725 2.95859166106
13le13le-13le-13le -6.34359000808 -0.175720713675 2.77674251237
13le13le-13le-13le- -6.53348738207 -0.0254637486693 2.99758901118
13le13le-13le13le- -6.2792316935 -0.210686746827 2.72611278476
13le13le13le -6.48817806492 -0.0615950343317 2.95862639652
13le13le13le-13le -6.2801500062 -0.209494752934 2.72798452623
13le13le13le-13le- -6.36850842703 -0.15951407066 2.80630317837
13le13le13le13le -6.27777349121 -0.217923053 2.72137742214
13le13le13le13le- -6.37326787425 -0.192756143358 2.77750199038
13lf13lf- -6.82906285793 0.44318972102 3.5744593575
13lf13lf-13lf -6.34133199631 0.219764754029 3.06667983553
13lf13lf-13lf-13lf -6.18306841013 0.0323371293583 2.80963821738
13lf13lf-13lf-13lf- -6.48085200614 0.0959725550624 3.06482705439
13lf13lf-13lf13lf- -6.17084558444 0.00897128627251 2.80442324659
13lh13lh- -6.71189323939 0.604979915296 3.60535416991
13lh13lh-13lh -6.3056913855 0.302155481341 3.09920511576
13lh13lh-13lh-13lh -6.08096402775 0.181593899493 2.84149794256
13lh13lh-13lh-13lh- -6.07887719063 0.117672545158 2.7926700226
13lh13lh-13lh13lh- -6.06154394746 0.176585563955 2.84367679856
13li13li -6.7415108668 0.595442612678 3.61058819089
13li13li- -6.74150822013 0.595435642493 3.61058171912
13li13li-13li -6.30017907024 0.300426299227 3.08991676465
13li13li-13li-13li -6.21473348704 0.240565218515 2.98076995841
13li13li-13li-13li- -6.31571022989 0.315597842134 3.09061748705
13li13li-13li13li- -6.06975374358 0.140076444194 2.82604536065
13li13li13li -6.40212515652 0.366179234666 3.20029217569
13li13li13li-13li -6.06955666086 0.140150507396 2.82595215385
13li13li13li-13li- -6.13748949785 0.175729019057 2.8881843612
13li13li13li13li -6.23979842327 0.220997266221 2.98815118097
13li13li13li13li- -6.20971834884 0.212204967211 2.95653412891
13ll -7.73227608495 1.25220742969 4.74555050624
13ll13ll -7.1215639233 0.749927106924 3.95481946026
13ll13ll- -6.62909287053 0.606254033169 3.52817663835
13ll13ll-13ll -6.31877222703 0.280648158249 3.09019468989
13ll13ll-13ll-13ll -6.16219557573 0.114039679655 2.8518446129
13ll13ll-13ll-13ll- -6.45371302493 0.400147287798 3.24104195281
13ll13ll-13ll13ll- -6.04486141791 0.160677390171 2.81543793253
13ll13ll13ll -6.76408338732 0.446603256048 3.4860493897
13ll13ll13ll-13ll -6.19326248182 0.21914485297 2.94563473649
13ll13ll13ll-13ll- -6.33344668346 0.315083029493 3.10558880421
13ll13ll13ll13ll -6.86572061212 0.547207923375 3.60359906325
13ll13ll13ll13ll- -6.28811165748 0.210314624467 3.00108516516
4dd -9.31549519055 -0.809138985346 4.47666132327
4dd4dd -9.17810964981 -1.15806733835 4.21801448776
4dd4dd4dd -9.00311493676 -1.36007832078 4.00424407529
4dd4dd4dd4dd -8.91974757784 -1.47543744537 3.93130317106
4dh -8.21223083685 0.104326837964 4.28570216199
4dh4dh -8.11935400189 -0.152260712797 4.11849892004
4dh4dh- -8.0625401211 -0.121850161003 4.0882090497
4dh4dh-4dh -7.97394162844 -0.227035603411 3.98568279744
4dh4dh-4dh-4dh -7.95719193734 -0.308540315312 3.96166834627
4dh4dh-4dh-4dh- -7.91837037013 -0.347350472125 3.98400750136
4dh4dh-4dh4dh -7.93695201039 -0.298636528614 3.96217525881
4dh4dh-4dh4dh- -7.92329350982 -0.294410183393 3.96764398111
4dh4dh4dh -8.04443606735 -0.262873204168 4.0257353451
4dh4dh4dh-4dh -7.91207706891 -0.334199166877 3.94307340927
4dh4dh4dh-4dh- -7.92266604528 -0.362294528841 3.93019144285
4dh4dh4dh4dh -7.91934189245 -0.346977429164 3.94031328209
4dh4dh4dh4dh- -7.89471116558 -0.306340486803 3.95098119915
4hd -8.21220291512 0.104331188279 4.28570457652
4hd4hd -8.11991404967 -0.15233177381 4.1186831106
4hd4hd- -8.0626363758 -0.121701988625 4.08830770753
4hd4hd-4hd -7.97398662373 -0.227035400657 3.98570374463
4hd4hd-4hd-4hd -7.90934059821 -0.360911807056 3.94847543862
4hd4hd-4hd-4hd- -7.97487566624 -0.355206594585 3.96456380633
4hd4hd-4hd4hd -7.9408031392 -0.324768953555 3.95817470995
4hd4hd-4hd4hd- -7.92264886724 -0.293894183444 3.96733612666
4hd4hd4hd -8.0444712952 -0.263108815991 4.02571945075
4hd4hd4hd-4hd -7.90991322845 -0.339951499645 3.94125589106
4hd4hd4hd-4hd- -7.92270171044 -0.362299875846 3.93021538206
4hd4hd4hd4hd -7.91936818104 -0.346998075636 3.94032196703
4hd4hd4hd4hd- -7.91840676613 -0.347332288437 3.98401562201
4hh -7.4898001611 0.938337003216 4.1016680746
4hh4hh -7.29591722052 0.637055756369 3.91358066629
4hh4hh4hh -7.14855555832 0.476382315174 3.77605812452
4hh4hh4hh4hh -7.06099360927 0.391040119264 3.70646912992
6aa -9.05574601015 0.477578824575 4.33755461727
6aa6aa -8.1756251262 -0.058056124999 4.08970285732
6aa6aa- -8.18449247357 -0.0486093429954 4.11266916078
6aa6aa-4aa6aa -7.63212089513 -0.335504102627 3.82220211914
6aa6aa-6aa -7.80805476258 -0.348468815198 3.90254795128
6aa6aa-6aa-6aa -7.61072749897 -0.510223004896 3.67184355286
6aa6aa-6aa-6aa- -7.60577122886 -0.512184145597 3.66623103296
6aa6aa-6aa6aa- -7.61759686136 -0.50519038238 3.68528571774
6aa6aa6aa -7.79261465428 -0.3586185829 3.87427032706
6aa6aa6aa-6aa -7.61044574092 -0.507030239469 3.67506184012
6aa6aa6aa-6aa- -7.60608327437 -0.509338073947 3.66970143997
6aa6aa6aa6aa -7.59698142277 -0.514221580901 3.6543724097
6aa6aa6aa6aa- -7.60193327767 -0.512376548226 3.65974943046
6ad6ad -8.67399697587 -0.748086945226 3.97337886386
6ad6ad- -8.70041864137 -0.747445647275 3.98497736269
6ad6ad-4ad6ad -8.36006365115 -0.998055161407 3.88459380404
6ad6ad-6ad -8.42690269429 -1.10152309526 3.83779426592
6ad6ad-6ad-6ad -8.27461664194 -1.29333039643 3.61451765396
6ad6ad-6ad-6ad- -8.36955080681 -1.08997995385 3.80583271957
6ad6ad-6ad6ad- -8.28946886758 -1.29070850864 3.63164342293
6ad6ad6ad -8.49707942912 -0.908457733944 3.98722614377
6ad6ad6ad-6ad -8.2757376636 -1.29124138483 3.61927617958
6ad6ad6ad-6ad- -8.37235178346 -1.08472287952 3.81266316305
6ad6ad6ad6ad -8.3707776113 -1.07949579753 3.81408252788
6ad6ad6ad6ad- -8.37327479862 -1.07797385432 3.81836980956
6ae6ae -8.059121394 -0.0883175059907 4.06084134841
6ae6ae- -8.02459504041 -0.0800614487881 4.05083960652
6ae6ae-4ae6ae -7.64651132856 -0.379188104611 3.77490843856
6ae6ae-6ae -7.77683575367 -0.331748161769 3.85767508998
6ae6ae-6ae-6ae -7.64509292432 -0.481991629299 3.68661175541
6ae6ae-6ae-6ae- -7.65366420228 -0.48676708912 3.68491570976
6ae6ae-6ae6ae- -7.64559140883 -0.460888351153 3.71099411727
6ae6ae6ae -7.80463828583 -0.349129444403 3.84751039569
6ae6ae6ae-6ae -7.65057297579 -0.469958742199 3.70636638631
6ae6ae6ae-6ae- -7.65023030724 -0.481083819966 3.69158850005
6ae6ae6ae6ae -7.6660077479 -0.482883762283 3.69766704275
6ae6ae6ae6ae- -7.65883031331 -0.482980408542 3.69835769776
6af6af -8.14629646354 -0.0372416618686 4.11830960547
6af6af- -8.13175931351 -0.0556463163662 4.13436870067
6af6af-4af6af -7.57573738178 -0.39489703929 3.68657279786
6af6af-6af -7.78609868775 -0.327279733396 3.81233568705
6af6af-6af-6af -7.56140648128 -0.501681498478 3.57815475589
6af6af-6af-6af- -7.57198492385 -0.537600207177 3.56054472002
6af6af-6af6af- -7.64085589753 -0.472502044795 3.6477476537
6af6af6af -7.88378824146 -0.281823790298 3.86998747758
6af6af6af-6af -7.68486363045 -0.475078622147 3.66416103743
6af6af6af-6af- -7.69471482561 -0.50963764791 3.6468520205
6af6af6af6af -7.74847609718 -0.412466012194 3.72666960391
6af6af6af6af- -7.753086284 -0.45443134398 3.70550834542
6ah6ah -7.72002901564 0.191267242091 3.97432182045
6ah6ah- -7.67381506137 0.184188413181 3.96402754266
6ah6ah-4ah6ah -7.31229544442 -0.0447537609003 3.67640620513
6ah6ah-6ah -7.4248067169 -0.0397348698384 3.71648354804
6ah6ah-6ah-6ah -7.31716982873 -0.148030979708 3.59170220464
6ah6ah-6ah-6ah- -7.33501419165 -0.132368126031 3.60920674152
6ah6ah-6ah6ah- -7.28885809527 -0.157128618418 3.57695152694
6ah6ah6ah -7.48023867523 -0.0189132788463 3.74237774274
6ah6ah6ah-6ah -7.29991235445 -0.155452794019 3.5819245797
6ah6ah6ah-6ah- -7.31630310681 -0.143546798502 3.59312366833
6ah6ah6ah6ah -7.34445684043 -0.131314527861 3.6096660308
6ah6ah6ah6ah- -7.32247564964 -0.149720872162 3.58937150055
6ai6ai -8.13614754722 0.177017312033 4.17699365809
6ai6ai- -8.12933796917 0.184419001383 4.18436978392
6ai6ai-4ai6ai -7.65660510247 -0.0307084538387 3.99258660054
6ai6ai-6ai -7.8222939518 -0.0278584564963 4.0600878865
6ai6ai-6ai-6ai -7.66633829026 -0.138464234335 3.9002632326
6ai6ai-6ai-6ai- -7.67016713922 -0.131156835238 3.90140487471
6ai6ai-6ai6ai- -7.66682516519 -0.136824930955 3.91318488686
6ai6ai6ai -7.82410439991 -0.0262620495106 4.0242728442
6ai6ai6ai-6ai -7.65580252673 -0.143590642538 3.89758306184
6ai6ai6ai-6ai- -7.66185228009 -0.137133597189 3.90045689703
6ai6ai6ai6ai -7.65860931575 -0.134577669333 3.8848901276
6ai6ai6ai6ai- -7.65351405715 -0.143009228493 3.88189624112
6al6al -7.84738777612 -0.0365106604876 3.91533491821
6al6al- -7.87077772281 -0.00345874466647 3.9314121404
6al6al6al -7.48147184507 -0.313165139384 3.637060356
6al6al6al6al -7.28017640645 -0.453812112333 3.43732249626
6al6al6al6al- -7.2688646503 -0.423656134113 3.44884157208
6da6da -8.78322258734 -0.464230943802 4.15547366612
6da6da- -8.67762539309 -0.731047141754 3.94663589697
6da6da-4da6da -8.37458317249 -0.874548449402 3.96881764188
6da6da-6da -8.40204282515 -1.05235223851 3.85702009794
6da6da-6da-6da -8.37997851169 -0.980708827548 3.90077684906
6da6da-6da-6da- -8.42808340491 -0.875288337659 4.00382284793
6da6da-6da6da- -8.26543675343 -1.22873065155 3.66872217736
6da6da6da -8.56821785255 -0.668128107283 4.09401598895
6da6da6da-6da -8.37140943279 -0.987620631562 3.87979584827
6da6da6da-6da- -8.37673194068 -0.951730763635 3.90259952112
6da6da6da6da -8.46851738223 -0.776429533748 4.07289930543
6da6da6da6da- -8.41943316902 -0.892817297605 3.96494317518
6dd -9.45203452635 -0.968276156089 4.20136166625
6dd6dd -9.21759174673 -1.26568874959 4.11546178934
6dd6dd6dd -9.07906259332 -1.45354800046 4.05030034528
6dd6dd6dd6dd -9.01166659396 -1.57044202753 4.03566064405
6de6de -8.53951793577 -0.743464435417 4.04929782781
6de6de6de -8.42217305442 -0.86041828786 3.9729975602
6de6de6de6de -8.36304959705 -0.926293214323 3.9585289769
6df6df -8.6372029661 -0.487337156579 4.10523356164
6df6df- -8.65075955051 -0.647148016419 4.07271834177
6df6df-4df6df -8.30449193946 -0.832460400943 3.86904714727
6df6df-6df -8.43540020844 -0.78332843577 3.95189928802
6df6df-6df-6df -8.28495333365 -0.920157465824 3.79600879696
6df6df-6df-6df- -8.31855373558 -0.907801729876 3.81761183653
6df6df-6df6df- -8.36104867446 -0.925768665438 3.84587307982
6df6df6df -8.52779925642 -0.651435028865 4.01357034598
6df6df6df-6df -8.39095359051 -0.932646615435 3.83281305686
6df6df6df-6df- -8.39680519201 -0.964589867451 3.8154313873
6df6df6df6df -8.48305991516 -0.739856911745 3.96392087031
6df6df6df6df- -8.46164541368 -0.913920751458 3.87100941174
6dh6dh -8.17777180063 -0.234170351365 3.99535560849
6dh6dh- -8.08534606281 -0.324800295882 3.90612067021
6dh6dh-4dh6dh -7.89795816695 -0.472866309067 3.76378857516
6dh6dh-6dh -7.98027975911 -0.435541012488 3.79815511287
6dh6dh-6dh-6dh -7.91930029725 -0.549377467433 3.70720488995
6dh6dh-6dh-6dh- -7.91648672436 -0.477910220221 3.72811119951
6dh6dh-6dh6dh- -7.93580316313 -0.520844697892 3.73380643372
6dh6dh6dh -7.94741782991 -0.454131856479 3.7633707543
6dh6dh6dh-6dh -7.93294466178 -0.519099320741 3.73442537575
6dh6dh6dh-6dh- -7.91854065907 -0.526866990492 3.69751957164
6dh6dh6dh6dh -7.88449894361 -0.545274011786 3.68510471208
6dh6dh6dh6dh- -7.91939015153 -0.549548331365 3.70719295222
6di6di -8.68002386453 -0.394269522656 4.15438634851
6di6di- -8.68010316525 -0.394628451713 4.15371184349
6di6di-4di6di -8.41989232395 -0.511357017185 4.08800757522
6di6di-6di -8.52809383118 -0.475165049344 4.09394671144
6di6di-6di-6di -8.44958409717 -0.554269406099 4.05844756148
6di6di-6di-6di- -8.4320496364 -0.600958981865 4.07675469584
6di6di-6di6di- -8.46042862317 -0.539823453532 4.08322240879
6di6di6di-6di -8.43880553998 -0.561926168809 4.05992673395
6di6di6di-6di- -8.41186166604 -0.600530496698 4.05337684784
6di6di6di6di -8.4313943634 -0.601459435101 4.07634208261
6di6di6di6di- -8.44957718479 -0.554275565365 4.05844503772
6dl6dl -8.44786312471 -0.339817434349 4.1084807062
6dl6dl- -8.40479907482 -0.373393114925 4.07143410358
6dl6dl6dl -8.25035205216 -0.504631741766 3.95383737706
6dl6dl6dl6dl -8.09452534921 -0.671330727546 3.79097592661
6dl6dl6dl6dl- -8.12707032414 -0.546607286603 3.87424729464
6ea6ea -8.10327326937 0.0937843901797 4.1296591234
6ea6ea- -8.01011546691 -0.0700208615397 4.02857274978
6ea6ea-4ea6ea -7.67738693662 -0.261182899101 3.86687697733
6ea6ea-6ea -7.70462142943 -0.47497692663 3.74158526461
6ea6ea-6ea-6ea -7.66333715081 -0.350333441314 3.79351560589
6ea6ea-6ea-6ea- -7.71141070244 -0.290401558871 3.8684468433
6ea6ea-6ea6ea- -7.60875999024 -0.422583262318 3.71317185764
6ea6ea6ea -7.87033909656 -0.0975548475455 4.0231424943
6ea6ea6ea-6ea -7.63001787262 -0.367367349955 3.74630086976
6ea6ea6ea-6ea- -7.6700939276 -0.313552120714 3.80233636981
6ea6ea6ea6ea -7.74987583142 -0.19429406496 3.9267848806
6ea6ea6ea6ea- -7.69167956596 -0.271770962767 3.83440462268
6ed6ed -8.55567307438 -0.743132807248 4.09674830684
6ed6ed6ed -8.42401921958 -0.87249059729 3.98275661138
6ed6ed6ed6ed -8.35703325698 -0.951145820501 3.97173552875
6ee -8.17726193947 -0.11597927035 4.13820438716
6ee6ee -7.93964329385 -0.228552938645 4.00348336573
6ee6ee6ee -7.79095316012 -0.303960384496 3.89023013861
6ee6ee6ee6ee -7.70849812304 -0.357607385355 3.85526911665
6ef6ef -7.99329456619 0.0576438445912 4.03349820601
6ef6ef- -7.94177415316 -0.12423432908 3.95892954617
6ef6ef-4ef6ef -7.63448113954 -0.271794764627 3.77402247906
6ef6ef-6ef -7.74307141671 -0.22844542195 3.82728226983
6ef6ef-6ef-6ef -7.61824263257 -0.309460365416 3.71839249781
6ef6ef-6ef-6ef- -7.63810157641 -0.330988633848 3.71660074354
6ef6ef-6ef6ef- -7.64429936493 -0.335875472992 3.72438586265
6ef6ef6ef -7.85746717288 -0.0915390449228 3.8949027604
6ef6ef6ef-6ef -7.67457793972 -0.349432223321 3.70954672487
6ef6ef6ef-6ef- -7.69956640554 -0.375899049464 3.70958219489
6ef6ef6ef6ef -7.79007798046 -0.178616475552 3.82809739899
6ef6ef6ef6ef- -7.76566252402 -0.310972803686 3.75710702513
6eh6eh -7.56046659607 0.180036479544 3.86360959852
6eh6eh- -7.55944694373 0.18042761156 3.8633651435
6eh6eh-4eh6eh -7.33395897717 0.0448635799037 3.70958120444
6eh6eh-6eh -7.42869517488 0.076309872659 3.74393133437
6eh6eh-6eh-6eh -7.368453541 0.0287289986885 3.67750351542
6eh6eh-6eh-6eh- -7.3937723772 0.0717085471008 3.72095798217
6eh6eh-6eh6eh- -7.35535519864 0.0233573970015 3.67217762302
6eh6eh6eh -7.40349638047 0.0437334804157 3.7226395692
6eh6eh6eh-6eh -7.37230106464 0.0396880665782 3.67850396356
6eh6eh6eh-6eh- -7.37896748119 0.0485614216665 3.68857057507
6eh6eh6eh6eh -7.31752632285 -0.038967849371 3.6393576271
6eh6eh6eh6eh- -7.40943477553 0.089245809835 3.70088634232
6ei6ei -8.03191143921 0.167555905223 4.16220762519
6ei6ei- -8.03191638531 0.16755809247 4.16221002154
6ei6ei-4ei6ei -7.77873944703 0.109296453193 4.03202865459
6ei6ei-6ei -7.87755421364 0.139071872521 4.05228758318
6ei6ei-6ei-6ei -7.80307035928 0.127155979715 4.01908133512
6ei6ei-6ei-6ei- -7.75756576736 0.025537999248 3.99318140865
6ei6ei-6ei6ei- -7.75756787256 0.0255417140369 3.99318264186
6ei6ei6ei -7.8532168652 0.101473807088 4.04130822156
6ei6ei6ei-6ei -7.80300545805 0.127156308898 4.01903276201
6ei6ei6ei-6ei- -7.77565490787 0.0766269385298 4.00227720616
6ei6ei6ei6ei -7.75757440468 0.0255620082523 3.99318950671
6ei6ei6ei6ei- -7.78254521271 0.0722073976043 4.01180900117
6el6el -7.809515342 0.155377233135 4.00649981017
6el6el- -7.79191555205 0.153540928913 3.99621035563
6el6el6el -7.60215307432 0.045260360118 3.86070970248
6el6el6el6el -7.48730412833 -0.0232510554043 3.78146364577
6el6el6el6el- -7.45437062145 0.0130354899078 3.77628105004
6fa6fa -7.93576895324 -0.249095172885 3.8623720961
6fa6fa- -7.95609836114 -0.0702020364071 4.08131142435
6fa6fa-4fa6fa -7.63909783698 -0.240195979962 3.81152577115
6fa6fa-6fa -7.74698396887 -0.34615527656 3.7945428014
6fa6fa-6fa-6fa -7.62513595324 -0.374755563857 3.70624644259
6fa6fa-6fa-6fa- -7.55399762609 -0.263553841551 3.73197982471
6fa6fa-6fa6fa- -7.52948176859 -0.454711833574 3.59899643174
6fa6fa6fa -7.60199225079 -0.595894706926 3.46032116046
6fa6fa6fa-6fa -7.48064973674 -0.547258535051 3.46704978315
6fa6fa6fa-6fa- -7.4084968695 -0.446973063863 3.47830918943
6fa6fa6fa6fa -7.42913695622 -0.780902696968 3.24632708362
6fa6fa6fa6fa- -7.35905299809 -0.645915073932 3.29724731165
6fd6fd -8.36675102271 -0.903149389384 3.74372959479
6fd6fd- -8.53804667076 -0.488232890715 4.17542248376
6fd6fd-4fd6fd -8.41381055464 -0.715072002792 3.99112907213
6fd6fd-6fd -8.44160718093 -0.802031147521 3.94422272984
6fd6fd-6fd-6fd -8.37787952163 -0.837733754596 3.8713800125
6fd6fd-6fd-6fd- -8.30301652537 -0.76570556216 3.88022619037
6fd6fd-6fd6fd- -8.29086482886 -0.906923231326 3.80032220211
6fd6fd6fd -8.13099731017 -1.31072858158 3.36244068737
6fd6fd6fd-6fd -8.24023324988 -1.08512413924 3.585392111
6fd6fd6fd-6fd- -8.15334042153 -1.02658162015 3.57157500197
6fd6fd6fd6fd -8.00994645166 -1.53529783767 3.16993421922
6fd6fd6fd6fd- -8.04126105896 -1.29949708354 3.31792961222
6fe6fe -7.73011912599 -0.37508054262 3.65903051193
6fe6fe- -7.87855063674 0.0361472222721 4.04972863546
6fe6fe-4fe6fe -7.67075827131 -0.175039439968 3.84384583363
6fe6fe-6fe -7.7376772927 -0.271676724644 3.80980275428
6fe6fe-6fe-6fe -7.64711716935 -0.324278905035 3.71964338501
6fe6fe-6fe-6fe- -7.58034340824 -0.204613746644 3.73759833061
6fe6fe-6fe6fe- -7.58502848331 -0.332799020048 3.68768137608
6fe6fe6fe -7.43935343171 -0.795013507685 3.24677602956
6fe6fe6fe-6fe -7.50482401092 -0.525888751723 3.46009870062
6fe6fe6fe-6fe- -7.44287831038 -0.433264728502 3.46917108364
6fe6fe6fe6fe -7.29820561008 -0.987986098813 3.06099479343
6fe6fe6fe6fe- -7.33192801901 -0.734919277689 3.21314152046
6ff -8.40104331328 0.357891197517 4.33815869435
6ff6ff -7.85410168382 -0.31747937204 3.71921701232
6ff6ff- -7.88716451942 -0.115366186433 3.92500566584
6ff6ff-4ff6ff -7.57832652516 -0.34383911105 3.64507988117
6ff6ff-6ff -7.70482500966 -0.396131268824 3.67703675804
6ff6ff-6ff-6ff -7.55027671186 -0.473115367264 3.5268513438
6ff6ff-6ff-6ff- -7.48349814511 -0.398478648311 3.5274532458
6ff6ff-6ff6ff- -7.50335541361 -0.487034229468 3.50711183495
6ff6ff6ff -7.59039014791 -0.658009829473 3.37517062284
6ff6ff6ff-6ff -7.487602472 -0.608537577177 3.37607670627
6ff6ff6ff-6ff- -7.42710029693 -0.535054249346 3.37996505702
6ff6ff6ff6ff -7.44808356622 -0.84763341363 3.18647885148
6ff6ff6ff6ff- -7.39612191364 -0.706574217259 3.24091068472
6fh6fh -7.47597237319 -0.122481066309 3.58720936938
6fh6fh- -7.54012303652 0.161385592345 3.83665577079
6fh6fh-4fh6fh -7.32181492467 -0.0490327168973 3.63839313042
6fh6fh-6fh -7.4265653067 -0.137991754678 3.63992853355
6fh6fh-6fh-6fh -7.32377250571 -0.188448510248 3.54175467658
6fh6fh-6fh-6fh- -7.2478368012 -0.0164958481435 3.57432855674
6fh6fh-6fh6fh- -7.22420795272 -0.197323819077 3.48230275205
6fh6fh6fh -7.21889810144 -0.443358764251 3.26286001535
6fh6fh6fh-6fh -7.1781539911 -0.333093915785 3.31789414497
6fh6fh6fh-6fh- -7.09492496723 -0.206533840757 3.3366161298
6fh6fh6fh6fh -7.07288218527 -0.62195179525 3.0848496451
6fh6fh6fh6fh- -7.02700124481 -0.449558217087 3.1551462105
6fi6fi -7.79673450146 -0.124854416445 3.82346575089
6fi6fi- -7.96618387915 0.240976235007 4.17700404453
6fi6fi-4fi6fi -7.75463141092 0.207433780582 4.0374855878
6fi6fi-6fi -7.84072548486 0.0616786177572 4.00234980903
6fi6fi-6fi-6fi -7.72596229364 0.0276969614136 3.92217301978
6fi6fi-6fi-6fi- -7.65783228136 0.142691647585 3.94353216783
6fi6fi-6fi6fi- -7.69101905367 0.0440545420735 3.91429889431
6fi6fi6fi -7.48437729045 -0.454565794094 3.4650562214
6fi6fi6fi-6fi -7.53096820402 -0.216883872926 3.63856848353
6fi6fi6fi-6fi- -7.45277752369 -0.141380812931 3.63672416923
6fi6fi6fi6fi -7.31719128092 -0.62214023437 3.2633848025
6fi6fi6fi6fi- -7.31336208331 -0.449679670321 3.37257533433
6fl6fl -7.57643192603 -0.282460218472 3.57200969011
6fl6fl- -7.77728199285 0.204090357034 4.01005776548
6fl6fl6fl -7.24399137424 -0.618661362777 3.19412732637
6fl6fl6fl6fl -7.05713115373 -0.798746019038 2.99314348528
6fl6fl6fl6fl- -7.09342164469 -0.58108446218 3.1311482625
6ha6ha -7.52170954228 0.151245879281 3.79718121309
6ha6ha- -7.63662565581 0.221292496001 3.97861967675
6ha6ha-4ha6ha -7.19420094094 -0.0799596695409 3.53745631477
6ha6ha-6ha -7.3621756178 -0.00117209099207 3.70406718376
6ha6ha-6ha-6ha -7.14081048233 -0.175081159328 3.42049764555
6ha6ha-6ha-6ha- -7.10966091096 -0.21862593228 3.36427902451
6ha6ha-6ha6ha- -7.21805010015 -0.114631352974 3.55347179478
6ha6ha6ha -7.2207197478 -0.112409309622 3.4781779464
6ha6ha6ha-6ha -7.15655189224 -0.148620709861 3.46227712657
6ha6ha6ha-6ha- -7.13268531826 -0.183394475762 3.42036112973
6ha6ha6ha6ha -7.06659601595 -0.24506597213 3.31323975481
6ha6ha6ha6ha- -7.08929220628 -0.2075434809 3.35362524453
6hd6hd -7.99079917594 -0.386670644693 3.78280620461
6hd6hd- -8.07052337334 -0.261516386333 3.95869871339
6hd6hd-4hd6hd -7.83798284239 -0.601609350769 3.6208599764
6hd6hd-6hd -7.94419254175 -0.447012118432 3.77859013473
6hd6hd-6hd-6hd -7.79302984355 -0.68427582657 3.51629610247
6hd6hd-6hd-6hd- -7.74082807939 -0.73801398591 3.45437259737
6hd6hd-6hd6hd- -7.87776221199 -0.544466599117 3.69132280175
6hd6hd6hd -7.81794504414 -0.681416331115 3.5249907165
6hd6hd6hd-6hd -7.85508399911 -0.680105921425 3.57805124204
6hd6hd6hd-6hd- -7.78510746181 -0.733478023499 3.5086799552
6hd6hd6hd6hd -7.73037183017 -0.836090571661 3.39872561143
6hd6hd6hd6hd- -7.77222050549 -0.794160829202 3.43892567528
6he6he -7.40597178247 0.0550188436312 3.68318780243
6he6he- -7.54292821063 0.198962260601 3.89642243593
6he6he-4he6he -7.2376832544 -0.0864113976651 3.55598788375
6he6he-6he -7.38781043989 0.0475478970397 3.72578937766
6he6he-6he-6he -7.17887766522 -0.172211801076 3.43584094309
6he6he-6he-6he- -7.13567258884 -0.239891522646 3.37269618422
6he6he-6he6he- -7.30915298133 -0.0310058186895 3.64025919988
6he6he6he -7.20387733045 -0.193554859811 3.43003401949
6he6he6he-6he -7.23717806095 -0.147819996947 3.48400854195
6he6he6he-6he- -7.18607524211 -0.205561033406 3.44413634204
6he6he6he6he -7.09505334149 -0.323339636222 3.30061773366
6he6he6he6he- -7.14518774303 -0.266194919261 3.35744566473
6hf6hf -7.53325083403 0.0690872404936 3.72337772588
6hf6hf- -7.61551123074 0.0712463393256 3.83241730134
6hf6hf-4hf6hf -7.22876086491 -0.212644584492 3.45174291624
6hf6hf-6hf -7.42388205142 -0.099263201839 3.65289514091
6hf6hf-6hf-6hf -7.16966425098 -0.301703553585 3.33268623098
6hf6hf-6hf-6hf- -7.09973197979 -0.377403356243 3.24121757119
6hf6hf-6hf6hf- -7.27319581432 -0.213945594793 3.49894412483
6hf6hf6hf -7.31961713944 -0.166003213482 3.47142297907
6hf6hf6hf-6hf -7.24636511224 -0.239167257371 3.42563952444
6hf6hf6hf-6hf- -7.20608153225 -0.322694815992 3.34678407833
6hf6hf6hf6hf -7.20638212297 -0.293742133666 3.33591158777
6hf6hf6hf6hf- -7.19673196374 -0.275155710167 3.34978336702
6hh -7.61472715955 0.650184358933 4.02979514793
6hh6hh -7.22322616398 0.263689082166 3.63698954891
6hh6hh6hh -7.00498703046 0.053782633501 3.39620694002
6hh6hh6hh6hh -6.8850478377 -0.0581109949801 3.26713107008
6hi6hi -7.48943692257 0.29453882806 3.85359527212
6hi6hi- -7.65581252703 0.47186247935 4.043970697
6hi6hi-4hi6hi -7.27798052116 0.269104708621 3.74019405376
6hi6hi-6hi -7.48580457087 0.383701563373 3.90551190805
6hi6hi-6hi-6hi -7.24499886382 0.179922176226 3.65153047107
6hi6hi-6hi-6hi- -7.17937076103 0.0839758380362 3.56662459348
6hi6hi-6hi6hi- -7.40170311009 0.348132190834 3.83514839237
6hi6hi6hi -7.2522214291 0.0947566903475 3.61830315182
6hi6hi6hi-6hi -7.2985544298 0.191222031594 3.69353964935
6hi6hi6hi-6hi- -7.25034115289 0.140805056886 3.64702225672
6hi6hi6hi6hi -7.12304843459 -0.0106741780308 3.49204933529
6hi6hi6hi6hi- -7.16962937863 0.0576607785733 3.55023247168
6hl6hl -7.30631631274 0.158013401618 3.63533502283
6hl6hl- -7.46153184783 0.375843242148 3.87586071749
6hl6hl6hl -7.02137773993 -0.0704760599687 3.35240753729
6hl6hl6hl6hl -6.86102850104 -0.193251221432 3.19893845074
6hl6hl6hl6hl- -6.91251735228 -0.106462607608 3.27291998717
6ia6ia -8.11863628706 0.225096014041 4.16752416934
6ia6ia- -8.09183836384 0.205966989398 4.17762694826
6ia6ia-4ia6ia -7.64735570829 -0.00663699663699 3.99858238336
6ia6ia-6ia -7.77806275206 -0.00455888864511 4.03931124633
6ia6ia-6ia-6ia -7.63177558699 -0.101581430077 3.9023746385
6ia6ia-6ia-6ia- -7.6451539308 -0.0950245035643 3.91835705576
6ia6ia-6ia6ia- -7.62047687872 -0.110759438798 3.89539072114
6ia6ia6ia -7.80761910584 0.0289921755468 4.05651026918
6ia6ia6ia-6ia -7.61719610401 -0.100297147258 3.88962091132
6ia6ia6ia-6ia- -7.62835087581 -0.0966919051387 3.90044183272
6ia6ia6ia6ia -7.64795517312 -0.0737844001933 3.9202463294
6ia6ia6ia6ia- -7.63058495646 -0.0854871460216 3.90031119022
6id6id -8.62840203047 -0.359438298801 4.17884766061
6id6id- -8.66425988547 -0.341640228799 4.19065422054
6id6id-4id6id -8.40316672445 -0.601306321804 4.10299252032
6id6id-6id -8.50864478059 -0.483035391882 4.11578629934
6id6id-6id-6id -8.37464062396 -0.6615031969 4.0425949052
6id6id-6id-6id- -8.35738374876 -0.678076850656 4.03411850635
6id6id-6id6id- -8.43406166867 -0.572903804659 4.0893841945
6id6id6id -8.44642258902 -0.561189145557 4.12064025213
6id6id6id-6id -8.40801221082 -0.624591705128 4.06745514716
6id6id6id-6id- -8.36535833366 -0.66516624574 4.03967193203
6id6id6id6id -8.35314263769 -0.684341242323 4.02812087344
6id6id6id6id- -8.36892218663 -0.667055060749 4.03541788502
6ie6ie -7.94542846674 0.155849636003 4.11755905596
6ie6ie- -8.01704099195 0.21329170524 4.14943678271
6ie6ie-4ie6ie -7.71765598055 0.0237235705497 4.00072709393
6ie6ie-6ie -7.87733267131 0.161688408769 4.07349264204
6ie6ie-6ie-6ie -7.70985126625 -0.0255648683397 3.94118714596
6ie6ie-6ie-6ie- -7.66185058504 -0.0831883203351 3.89716045295
6ie6ie-6ie6ie- -7.80874982771 0.120607209276 4.03612023288
6ie6ie6ie -7.75396453205 -0.0304527209378 3.9632291175
6ie6ie6ie-6ie -7.77239641297 0.0129400840883 3.98536990991
6ie6ie6ie-6ie- -7.70085814692 -0.051153577491 3.93769312547
6ie6ie6ie6ie -7.64639891007 -0.13001367171 3.86715805858
6ie6ie6ie6ie- -7.68946805104 -0.0850769023402 3.9021507414
6if6if -8.01800657443 0.16535936772 4.10778428642
6if6if- -8.06549322862 0.209738826775 4.13826225387
6if6if-4if6if -7.64420949449 0.00419501663967 3.88843352693
6if6if-6if -7.83697932508 0.110016469375 3.98686875541
6if6if-6if-6if -7.60700039349 -0.0757302002284 3.79737792133
6if6if-6if-6if- -7.57474059457 -0.14340408833 3.75181356621
6if6if-6if6if- -7.74266965163 0.0435094349446 3.91691117452
6if6if6if -7.81114244024 -0.0139361324113 3.92151317473
6if6if6if-6if -7.75455362377 -0.0274506233095 3.87773478385
6if6if6if-6if- -7.71150458829 -0.118184275834 3.82358357215
6if6if6if6if -7.70547109305 -0.110011091098 3.8196315955
6if6if6if6if- -7.74348028638 -0.10230600975 3.83383615657
6ih6ih -7.61067854578 0.381042951898 3.9608756251
6ih6ih- -7.65865357975 0.467222280526 4.01436277482
6ih6ih-4ih6ih -7.36654535656 0.334027050254 3.81967398554
6ih6ih-6ih -7.50611502821 0.390705034573 3.8918305972
6ih6ih-6ih-6ih -7.36442646645 0.258936353587 3.76232500512
6ih6ih-6ih-6ih- -7.34156790387 0.223982836522 3.7367876249
6ih6ih-6ih6ih- -7.42982266611 0.358124986693 3.83066559704
6ih6ih6ih -7.42056492986 0.236728516299 3.79597674374
6ih6ih6ih-6ih -7.38965328806 0.25882804351 3.78509192931
6ih6ih6ih-6ih- -7.36511527745 0.231334628498 3.75840962165
6ih6ih6ih6ih -7.31287328901 0.158877947022 3.70336571102
6ih6ih6ih6ih- -7.33341372833 0.186050768112 3.72577264264
6ii -8.46735355236 0.590645524235 4.25824791958
6ii6ii -8.07133747944 0.419851796187 4.19093544113
6ii6ii6ii6ii -7.70369171755 0.237054556597 4.04374027762
6il6il- -7.88605877492 0.383365446693 4.14049930383
6il6il6il6il -7.37865778519 0.0307652426106 3.74546180568
6la6la6la6la -7.54366951407 -0.0117488520252 3.86611436893
6ld6ld -8.48129634863 -0.313714465209 4.20586707725
6ld6ld6ld -8.30684986061 -0.497897094295 4.02951825053
6ld6ld6ld6ld -8.21507031368 -0.5994488025 3.93012052275
6le6le -7.81047775052 0.149831558073 4.04138883791
6le6le6le -7.60904953395 -0.0131176841313 3.85768630683
6le6le6le6le -7.49479602294 -0.0982603492728 3.75456490285
6lf6lf -7.89338762021 0.138027630591 4.02908278248
6lf6lf6lf -7.68439935881 -0.0100974723778 3.84423015441
6lf6lf6lf6lf -7.57036643888 -0.0915953174549 3.74331664417
6lh6lh -7.52968336836 0.335298577267 3.89172787015
6lh6lh6lh -7.32117246842 0.208315385136 3.7165955906
6lh6lh6lh6lh -7.2053625429 0.145360938423 3.622122949
6li6li -7.95147998867 0.416980536062 4.20654118445
6li6li6li -7.70014170798 0.311698564855 4.03773044756
6li6li6li6li -7.57454007918 0.268025093782 3.95549521263
6ll -8.17244757565 0.469165044439 4.26886708564
6ll6ll -7.69132490353 0.250076598717 3.96801677847
6ll6ll6ll -7.4067192388 0.106727302837 3.74615084526
6ll6ll6ll6ll -7.2428589185 0.0323807227363 3.6163320928
Using multi
