12dd -10.8973428938 1.13253779619 4.8717
12dd12dd -10.2916174891 -1.01634518711 4.5915
12dd12dd- -10.3286249712 -1.06151608432 4.7148
12dd12dd-12dd -10.1310703244 -1.59159384188 4.1981
12dd12dd-12dd-12dd -10.1003214606 -1.8533673546 4.0119
12dd12dd-12dd-12dd- -10.018687309 -2.07595647456 3.8378
12dd12dd-12dd12dd- -10.0461708067 -1.91296028525 3.9491
12dd12dd-4dd12dd -10.2293034201 -2.08956216649 4.1519
12dd12dd12dd -10.1171925186 -1.69363653135 4.1709
12dd12dd12dd-12dd -10.1321587797 -1.95867541013 3.9888
12dd12dd12dd-12dd- -10.0464429206 -2.09119484953 3.8665
12dd12dd12dd12dd -10.0880763379 -2.12439273783 3.8794
12dd12dd12dd12dd- -10.018687309 -2.07595647456 3.8378
12dh -9.26057815472 1.82533962923 4.9288
12dh12dh -8.46437306302 0.599738900241 4.3661
12dh12dh- -8.41321566137 0.576064996284 4.4171
12dh12dh-12dh -7.90436278321 0.0263950423427 3.5764
12dh12dh-12dh-12dh -7.72476764975 -0.299325222443 3.2252
12dh12dh-12dh-12dh- -7.85075635701 -0.351571079452 3.3733
12dh12dh-12dh12dh- -7.65755553162 -0.280549367581 3.1952
12dh12dh-4dh12dh -8.03960336099 -0.333611566105 3.6241
12dh12dh12dh -8.09130499032 0.0370074820475 3.8268
12dh12dh12dh-12dh -7.67551504496 -0.257963918978 3.3083
12dh12dh12dh-12dh- -7.806946029 -0.321910671046 3.4275
12dh12dh12dh12dh -7.8880359529 -0.289801238093 3.5038
12dh12dh12dh12dh- -7.71850903146 -0.211160338742 3.3978
12hd -9.26057815472 1.82533962923 4.9288
12hd12hd -8.46437306302 0.599738900241 4.3661
12hd12hd- -8.41348777521 0.576064996284 4.4172
12hd12hd-12hd -7.90436278321 0.0263950423427 3.5764
12hd12hd-12hd-12hd -7.72476764975 -0.299325222443 3.2252
12hd12hd-12hd-12hd- -7.71850903146 -0.211160338742 3.3978
12hd12hd-12hd12hd- -7.65755553162 -0.280549367581 3.1952
12hd12hd-4hd12hd -8.18164678473 -0.490621250969 3.5714
12hd12hd12hd -8.09130499032 0.0370074820475 3.8268
12hd12hd12hd-12hd -7.78109521434 -0.33660481833 3.3001
12hd12hd12hd-12hd- -7.806946029 -0.321910671046 3.4275
12hd12hd12hd12hd -7.88858018058 -0.289801238093 3.5043
12hd12hd12hd12hd- -7.85075635701 -0.351571079452 3.3734
12hh -8.47444127505 3.67462527625 6.4420
12hh12hh -7.41319730457 2.33582519041 4.9591
12hh12hh- -7.55850609437 1.98697524935 4.8839
12hh12hh-12hh -6.82053336413 1.61445140432 4.1102
12hh12hh-12hh-12hh- -6.63440749854 1.33635106129 3.8205
12hh12hh-12hh12hh- -6.70597343809 1.15349056176 3.7289
12hh12hh-4hh12hh -6.89128296216 1.11593885204 3.8499
12hh12hh12hh -6.89563678358 1.83132613368 4.3366
12hh12hh12hh-12hh -6.66325156543 1.29172439176 3.8193
12hh12hh12hh-12hh- -6.61427107448 1.42097846509 3.8837
12hh12hh12hh12hh -6.58379432456 1.53635473265 3.9449
12hh12hh12hh12hh- -6.63440749854 1.33607894745 3.8204
13aa -8.66056714064 4.17340994238 7.3145
13aa13aa -7.52313129536 2.64712342175 5.4050
13aa13aa- -7.57020698943 2.67297423642 5.4379
13aa13aa-13aa -7.11550476516 2.12466485167 4.7839
13aa13aa-13aa-13aa- -7.26135778264 2.09255541872 4.8945
13aa13aa-13aa13aa- -6.88039840862 1.83295881671 4.4442
13aa13aa-4aa13aa -7.36040721988 1.17553178269 4.4769
13aa13aa13aa -7.5459888578 2.48167820789 5.3583
13aa13aa13aa-13aa -7.1609477762 2.0430307001 4.7917
13aa13aa13aa-13aa- -7.21781956846 2.02316638988 4.8154
13aa13aa13aa13aa -7.43142893175 2.25555160803 5.1330
13aa13aa13aa13aa- -7.26162989648 2.09282753256 4.8949
13ad13ad -8.9677836644 1.2468256084 4.9374
13ad13ad- -8.80560381661 0.964099330106 4.9032
13ad13ad-13ad-13ad -8.29321345855 0.145853017482 4.2278
13ad13ad-13ad-13ad- -8.42110696269 0.0862600868314 4.3107
13ad13ad-13ad13ad- -8.31171719958 0.214153590966 4.2852
13ad13ad-4ad13ad -8.62301543092 -0.438919621637 4.1849
13ad13ad13ad-13ad -8.46600574605 0.136873260808 4.3386
13ad13ad13ad-13ad- -8.50138054507 0.108573421595 4.3523
13ad13ad13ad13ad -8.89948309092 0.475382876008 4.9002
13ad13ad13ad13ad- -8.58437526584 0.0699332565163 4.3886
13ae13ae -7.96531628306 2.00983281179 4.3817
13ae13ae- -7.83932757579 1.76629092625 4.3727
13ae13ae-13ae -7.43578275317 1.39131805668 4.3600
13ae13ae-13ae-13ae -7.29101819104 1.14342234973 4.2486
13ae13ae-13ae-13ae- -7.3887070591 1.18968170229 4.3436
13ae13ae-13ae13ae- -7.2300646912 1.17389909966 4.2269
13ae13ae-4ae13ae -7.56068300508 0.480008811264 4.1345
13ae13ae13ae -7.60639812996 1.38043350314 4.3678
13ae13ae13ae-13ae -7.32448819319 1.12138112881 4.2601
13ae13ae13ae-13ae- -7.38054364394 1.10070047708 4.2907
13ae13ae13ae13ae -7.60503756077 1.3801613893 4.3804
13ae13ae13ae13ae- -7.39170031132 1.05063153078 4.2672
13af13af -7.78327212504 2.71188651534 5.5538
13af13af- -7.27904518215 2.72277106888 5.2935
13af13af-13af -6.75196067681 2.25446315268 4.6584
13af13af-13af-13af -6.51658220643 1.91785833435 4.2855
13af13af-13af-13af- -6.59386253659 1.78724369183 4.2275
13af13af-13af13af- -6.45998252801 1.92792654637 4.2858
13af13af-4af13af -6.88992239297 1.30124837611 4.1709
13af13af13af -7.57401658317 2.18017607474 5.0945
13af13af13af-13af -6.80311807846 1.76819572312 4.3868
13af13af13af-13af- -7.1334642785 1.56057286428 4.4230
13af13af13af13af -7.5100698311 1.89500077191 4.8757
13af13af13af13af- -7.22598298362 1.74044011159 4.6044
13ah13ah -7.22380607291 2.92168628489 5.3379
13ah13ah- -7.15632184094 2.84712709311 5.2865
13ah13ah-13ah -6.70461286889 2.41228917906 4.7458
13ah13ah-13ah-13ah -6.51467740956 2.13690997441 4.4190
13ah13ah-13ah-13ah- -6.53209269523 2.15759062614 4.4378
13ah13ah-13ah13ah- -6.45073065749 2.18752314838 4.4612
13ah13ah-4ah13ah -6.79822002937 1.5113202595 4.2192
13ah13ah13ah -6.90733767864 2.44086113211 4.8410
13ah13ah13ah-13ah -6.60556343165 2.08058240982 4.4602
13ah13ah13ah-13ah- -6.59059717053 2.04711240767 4.4097
13ah13ah13ah13ah -6.75549815671 2.18099241626 4.5783
13ah13ah13ah13ah- -6.7223002684 2.1192225749 4.5240
13ai13ai -7.70435911185 2.98155132937 5.7704
13ai13ai- -7.60585390229 2.92114205721 5.6471
13ai13ai-13ai-13ai -7.0311494752 2.15486948775 4.7834
13ai13ai-13ai-13ai- -7.12475663567 2.19242119748 4.8732
13ai13ai-13ai13ai- -6.93210003795 2.11731777803 4.6903
13ai13ai-4ai13ai -7.27741249911 1.33308569523 4.5477
13ai13ai13ai-13ai -7.01699955559 2.12112737177 4.7493
13ai13ai13ai-13ai- -7.0882933813 2.10942647671 4.7925
13ai13ai13ai13ai -7.30598445217 2.33582519041 5.1032
13ai13ai13ai13ai- -7.18788704622 2.25255835581 4.9615
13al13al -7.12965468476 2.67243000874 5.1798
13al13al- -7.25047322909 2.76658139689 5.3043
13al13al-13al -6.61182204994 2.23459884246 4.5465
13al13al-13al-13al -6.5579435099 1.87187109563 4.2677
13al13al-13al-13al- -6.67195920826 1.91840256202 4.3718
13al13al-13al13al- -6.34188512206 1.99867614441 4.2283
13al13al13al -6.78134897137 2.02398273139 4.4801
13al13al13al-13al- -6.62542774187 1.87105475411 4.3005
13al13al13al13al -6.5720934295 1.77499856909 4.2108
13al13al13al13al- -6.48365643196 1.75404580352 4.1216
13da13da -8.96805577824 1.2468256084 4.9375
13da13da- -8.80560381661 0.964099330106 4.9032
13da13da-13da-13da -8.29321345855 0.145853017482 4.2277
13da13da-13da-13da- -8.65185949781 0.205990175809 4.5298
13da13da-13da13da- -8.31171719958 0.214153590966 4.2852
13da13da-4da13da -8.54546298692 -0.590487029729 4.0733
13da13da13da-13da -8.30192110139 0.164356758505 4.2496
13da13da13da-13da- -8.50600648033 0.0974167542134 4.3478
13da13da13da13da -8.89948309092 0.475110762169 4.9002
13da13da13da13da- -8.42083484885 0.08653220067 4.3109
13dd -10.3082164333 1.4887348109 4.8935
13dd13dd -9.78711843238 -0.446538809118 4.7891
13dd13dd- -9.78684631854 -0.446538809118 4.7889
13dd13dd-13dd -9.59038012709 -0.722734355282 4.4780
13dd13dd-13dd-13dd -9.69296704423 -0.89797566733 4.4749
13dd13dd-13dd-13dd- -9.8105202225 -1.19866145897 4.4232
13dd13dd-13dd13dd- -9.53105931028 -0.915663066838 4.3450
13dd13dd-4dd13dd -9.7639887561 -1.84248280106 4.1129
13dd13dd13dd -9.59092435476 -0.722734355282 4.4784
13dd13dd13dd-13dd -9.67691232776 -1.05525746603 4.3596
13dd13dd13dd-13dd- -9.86875258396 -1.17689235188 4.4445
13dd13dd13dd13dd -9.53105931028 -0.915663066838 4.3450
13dd13dd13dd13dd- -9.80997599482 -1.19893357281 4.4226
13de13de -9.07880611055 0.956208028787 4.2986
13de13de- -8.84125072946 0.348305713389 4.3410
13de13de-13de -8.52723135974 0.00217691070868 4.2444
13de13de-13de-13de -8.51797948922 -0.142587651418 4.2229
13de13de-13de-13de- -8.82710080986 -0.0625861828745 4.2788
13de13de-13de13de- -8.37430338245 -0.231568876636 3.9991
13de13de-4de13de -8.6651930759 -1.01117502418 3.9487
13de13de13de -9.09241180248 0.641916545222 4.2956
13de13de13de-13de -8.49267290224 -0.211704566419 4.1199
13de13de13de-13de- -8.69240445976 -0.218507412384 4.2719
13de13de13de13de -9.17486229557 0.49415873087 4.2960
13de13de13de13de- -8.57457916765 -0.310754003664 4.2000
13df13df -8.78192991265 1.06423722271 4.8919
13df13df- -8.46818265676 1.06859104412 4.7057
13df13df-13df -8.0347053119 0.715115167801 4.3892
13df13df-13df-13df -7.88994074977 0.399191001204 4.0758
13df13df-13df-13df- -8.30192110139 0.357285470062 4.3954
13df13df-13df13df- -7.84667464943 0.358373925416 4.0520
13df13df-4df13df -8.1729391419 -0.202452695907 3.9868
13df13df13df -8.5579802235 0.276467660002 4.3869
13df13df13df-13df -8.0643657203 0.195377736104 4.0789
13df13df13df-13df- -8.30137687371 0.0623140690359 4.1638
13df13df13df13df -8.60423957605 0.118913747462 4.3568
13df13df13df13df- -8.28314524652 -0.0911581359259 3.9615
13dh13dh -8.12423076479 1.37716813708 4.7470
13dh13dh- -8.23334841406 1.23349203031 4.7688
13dh13dh-13dh -7.95796920942 0.838654850519 4.4959
13dh13dh-13dh-13dh -7.70245431498 0.564636215064 4.0135
13dh13dh-13dh-13dh- -7.78572114959 0.48082515278 4.0975
13dh13dh-13dh13dh- -7.82082383477 0.633753130064 4.2838
13dh13dh-4dh13dh -7.98245945489 -0.0293882945672 3.9095
13dh13dh13dh -7.93973758223 0.873757535696 4.3561
13dh13dh13dh-13dh -7.84721887711 0.540962311107 4.1893
13dh13dh13dh-13dh- -7.80966716739 0.444906126086 4.0919
13dh13dh13dh13dh -7.89402245735 0.582867842249 4.1492
13dh13dh13dh13dh- -7.68041309406 0.446266695279 3.8739
13di13di -8.87771398383 1.45145521501 4.9267
13di13di- -8.56723209401 1.05961128745 4.9573
13di13di-13di -8.2145725592 0.637834837643 4.4473
13di13di-13di-13di -8.169401662 0.422864905161 4.3331
13di13di-13di-13di- -8.51335355397 0.546404587879 4.6348
13di13di-13di13di- -8.03579376725 0.391843927562 4.1939
13di13di-4di13di -8.38518793599 -0.298780994766 4.1967
13di13di13di -8.79281446619 1.01171925186 4.9209
13di13di13di-13di -8.18110255706 0.365176771381 4.2810
13di13di13di-13di- -8.39280712347 0.377966121794 4.4448
13di13di13di13di -8.80778072732 0.771714846227 4.9090
13di13di13di13di- -8.27117223763 0.262589854234 4.3043
13dl13dl -8.76723576537 1.3575759407 4.8982
13dl13dl- -8.3492689093 1.26288032487 4.9271
13dl13dl-13dl -7.806946029 0.822872247881 4.2710
13dl13dl-13dl-13dl -7.89810416493 0.506403853607 4.1445
13dl13dl-13dl-13dl- -7.59388089339 0.620691665812 3.9963
13dl13dl-13dl13dl- -7.59388089339 0.620691665812 3.9963
13dl13dl13dl -8.64777779023 0.945867702921 4.8865
13dl13dl13dl-13dl -7.76776163624 0.481369380457 4.0500
13dl13dl13dl13dl -8.65566909155 0.728992973569 4.8152
13dl13dl13dl13dl- -8.02028327845 0.386673764629 4.1414
13ea13ea -7.96667685225 2.01173760866 4.3819
13ea13ea- -7.83932757579 1.76629092625 4.3727
13ea13ea-13ea -7.43578275317 1.39104594285 4.3600
13ea13ea-13ea-13ea -7.29129030488 1.14342234973 4.2487
13ea13ea-13ea-13ea- -7.45347015268 1.19403552371 4.3708
13ea13ea-13ea13ea- -7.2300646912 1.17389909966 4.2268
13ea13ea-4ea13ea -7.50217852979 0.401367911913 4.0741
13ea13ea13ea -7.6066702438 1.38043350314 4.3677
13ea13ea13ea-13ea -7.28557591427 1.15866072469 4.2557
13ea13ea13ea-13ea- -7.38054364394 1.10070047708 4.2907
13ea13ea13ea13ea -7.60530967461 1.3801613893 4.3803
13ea13ea13ea13ea- -7.3887070591 1.18968170229 4.3436
13ed13ed -9.07853399671 0.955935914949 4.2987
13ed13ed- -8.84125072946 0.348305713389 4.3410
13ed13ed-13ed -8.52750347357 0.00217691070868 4.2447
13ed13ed-13ed-13ed -8.51797948922 -0.142587651418 4.2230
13ed13ed-13ed-13ed- -8.57485128149 -0.310754003664 4.2000
13ed13ed-13ed13ed- -8.37430338245 -0.231568876636 3.9991
13ed13ed-4ed13ed -8.69403714279 -0.918384205224 4.0031
13ed13ed13ed -9.09295603015 0.642460772899 4.2956
13ed13ed13ed-13ed -8.56042924804 -0.247079365435 4.1361
13ed13ed13ed-13ed- -8.69213234592 -0.218779526222 4.2717
13ed13ed13ed13ed -9.17486229557 0.494430844709 4.2960
13ed13ed13ed13ed- -8.82710080986 -0.0625861828745 4.2788
13ee -8.87091113787 2.55623739967 4.3656
13ee13ee -8.32505077767 1.70261628803 4.3061
13ee13ee- -8.02300441684 1.08709478515 4.6776
13ee13ee-13ee -7.67007276819 0.921921685126 4.3077
13ee13ee-13ee-13ee -7.59850682865 0.805184848373 4.2188
13ee13ee-13ee-13ee- -7.83660643741 0.847362493353 4.2795
13ee13ee-13ee13ee- -7.49292665927 0.801103140794 4.1394
13ee13ee-4ee13ee -7.76612895321 -0.104763827855 3.9702
13ee13ee13ee -8.20232743646 1.47268009442 4.2952
13ee13ee13ee-13ee -7.62354130179 0.772803301581 4.2036
13ee13ee13ee-13ee- -7.75497228583 0.724367038313 4.2773
13ee13ee13ee13ee -8.17021800351 1.35812016838 4.2927
13ee13ee13ee13ee- -7.83633432357 0.847362493353 4.2795
13ef13ef -7.90300221402 1.80846857124 4.3871
13ef13ef- -7.65292959636 1.82125792165 4.2544
13ef13ef-13ef -7.115776879 1.53989221255 4.2401
13ef13ef-13ef-13ef -6.95468548655 1.29172439176 4.1185
13ef13ef-13ef-13ef- -7.27060965315 1.3110444743 4.2597
13ef13ef-13ef13ef- -6.88148686397 1.23185934727 4.0364
13ef13ef-4ef13ef -7.22380607291 0.727904518215 3.9965
13ef13ef13ef -7.60966349603 1.34260967958 4.3812
13ef13ef13ef-13ef -7.08230687685 1.09770722485 4.0700
13ef13ef13ef-13ef- -7.27986152366 1.01226347954 4.1537
13ef13ef13ef13ef -7.49347088695 1.08083616686 4.2783
13ef13ef13ef13ef- -7.35931876453 0.962194533236 4.1137
13eh13eh -7.43442218398 2.09881403701 4.3462
13eh13eh- -7.47904885351 1.97690703732 4.2916
13eh13eh-13eh -7.0763203724 1.6460166096 4.3123
13eh13eh-13eh-13eh -6.86679271669 1.46914261452 4.1492
13eh13eh-13eh-13eh- -6.87277922114 1.44955041814 4.1438
13eh13eh-13eh13eh- -6.84828897567 1.47540123281 4.2007
13eh13eh-4eh13eh -7.10325964242 0.89035647985 3.9961
13eh13eh13eh -7.13727387224 1.73880742856 4.3242
13eh13eh13eh-13eh -6.92366450895 1.42941399409 4.1732
13eh13eh13eh-13eh- -6.9035280849 1.39703244729 4.1417
13eh13eh13eh13eh -7.00965248195 1.54615083084 4.2200
13eh13eh13eh13eh- -6.9642094709 1.50560586889 4.1868
13ei13ei -7.98980652853 2.21718355679 4.3817
13ei13ei- -7.67088910971 1.82261849084 4.3475
13ei13ei-13ei -7.22979257736 1.44492448289 4.3304
13ei13ei-13ei-13ei -7.21564265776 1.37090951879 4.3251
13ei13ei-13ei-13ei- -7.44176925762 1.50696643808 4.3508
13ei13ei-13ei13ei- -7.04856476086 1.30641853905 4.1745
13ei13ei-4ei13ei -7.41891169518 0.649263618864 4.2275
13ei13ei13ei -7.80150375223 1.90125939019 4.3795
13ei13ei13ei-13ei -7.168022736 1.25580536507 4.2040
13ei13ei13ei-13ei- -7.35714185382 1.3336299229 4.3459
13ei13ei13ei13ei -7.73129838187 1.73989588391 4.3782
13ei13ei13ei13ei- -7.43714332236 1.4196178959 4.3437
13el13el -8.08586271355 2.12711387622 4.3520
13el13el- -7.54490040244 2.00030882744 4.3080
13el13el-13el -7.28067786518 1.50397318586 4.3039
13el13el-13el-13el -7.15278436104 1.22886609505 4.1663
13el13el-13el-13el- -7.13428062002 1.30424162834 4.2117
13el13el-13el13el- -6.99006028557 1.3681883804 4.1778
13el13el13el -7.85157269853 1.83295881671 4.3430
13el13el13el-13el -7.176458265 1.28927536722 4.2387
13el13el13el-13el- -7.13809021376 1.34016065503 4.2538
13el13el13el13el -7.33265160835 1.27703024448 4.3092
13el13el13el13el- -7.35387648776 1.47975505422 4.3133
13fa13fa -7.25972509961 2.66834830116 5.2666
13fa13fa- -7.27904518215 2.72277106888 5.2936
13fa13fa-13fa -6.75005587994 2.20303363718 4.6275
13fa13fa-13fa-13fa- -7.22598298362 1.74016799775 4.6044
13fa13fa-13fa13fa- -6.45971041417 1.92792654637 4.2856
13fa13fa-4fa13fa -6.76121254732 1.06750258877 4.0740
13fa13fa13fa -6.93590963169 1.99214541228 4.5659
13fa13fa13fa-13fa -6.54488204564 1.90724589464 4.3191
13fa13fa13fa-13fa- -7.09700102413 1.49172806312 4.3453
13fa13fa13fa13fa -6.81073726594 1.95105622265 4.5096
13fa13fa13fa13fa- -6.59386253659 1.78724369183 4.2275
13fd13fd -8.70410535482 1.3159425234 4.8430
13fd13fd- -8.46818265676 1.06859104412 4.7058
13fd13fd-13fd -8.05756287434 0.61524938904 4.3445
13fd13fd-13fd-13fd -8.04041970251 0.202452695907 4.0034
13fd13fd-13fd-13fd- -8.30028841836 -0.0185037410238 4.0438
13fd13fd-13fd13fd- -7.84667464943 0.358373925416 4.0520
13fd13fd-4fd13fd -8.13048938308 -0.389122789176 3.9599
13fd13fd13fd -8.5770281922 0.831579890715 4.8091
13fd13fd13fd-13fd -8.03905913331 0.302590588506 4.1593
13fd13fd13fd-13fd- -8.30137687371 0.0623140690359 4.1638
13fd13fd13fd13fd -8.41947427966 0.32490392327 4.4283
13fd13fd13fd13fd- -8.18055832938 0.222861233801 4.2174
13fe13fe -7.91361465373 2.0620786688 4.3364
13fe13fe- -7.65292959636 1.82125792165 4.2544
13fe13fe-13fe -7.15115167801 1.44301968602 4.2431
13fe13fe-13fe-13fe -7.08557224291 1.11865999042 4.0319
13fe13fe-13fe-13fe- -7.35931876453 0.962194533236 4.1137
13fe13fe-13fe13fe- -6.88148686397 1.23185934727 4.0364
13fe13fe13fe -7.65292959636 1.70969124783 4.3333
13fe13fe13fe-13fe -7.03223793055 1.21689308615 4.1357
13fe13fe13fe-13fe- -7.28149420669 1.01171925186 4.1525
13fe13fe13fe13fe -7.54734942699 1.5232932684 4.3317
13fe13fe13fe13fe- -7.15604972711 1.17308275814 4.1884
13ff -8.45430485099 3.79353902371 6.1307
13ff13ff -7.51904958778 2.47079365435 5.2605
13ff13ff- -7.57646560772 2.43813999372 5.3169
13ff13ff-13ff -6.88692914075 2.12575330703 4.6579
13ff13ff-13ff-13ff -6.77454612541 1.51077603182 4.1655
13ff13ff-13ff-13ff- -7.04393882561 1.16872893672 4.0942
13ff13ff-4ff13ff -6.92420873663 1.15349056176 4.0944
13ff13ff13ff -7.06516370502 1.73445360714 4.4648
13ff13ff13ff-13ff -6.93754231472 1.47050318371 4.2306
13ff13ff13ff-13ff- -7.20775135644 1.09498608647 4.1434
13ff13ff13ff13ff -6.83413905606 1.330092443 4.0594
13ff13ff13ff13ff- -6.92148759825 1.37281431566 4.1636
13fh13fh -7.44421828217 2.61882358254 5.3500
13fh13fh- -7.37020331807 2.47541958961 5.1968
13fh13fh-13fh -6.7116878287 2.26643616157 4.6329
13fh13fh-13fh-13fh -6.63522384005 1.75486214503 4.1840
13fh13fh-13fh-13fh- -6.83359482838 1.49472131535 4.1607
13fh13fh-13fh13fh- -6.5339974921 1.81772044175 4.2623
13fh13fh-4fh13fh -6.79903637088 1.22206324908 4.0781
13fh13fh13fh -7.06951752644 2.11758989187 4.8082
13fh13fh13fh-13fh -6.80611133069 1.61445140432 4.2197
13fh13fh13fh-13fh- -7.00965248195 1.29771089621 4.1466
13fh13fh13fh13fh -6.89019450681 1.83214247519 4.5259
13fh13fh13fh13fh- -6.83985344667 1.6579896185 4.3917
13fi13fi -7.47088543835 2.91025750367 5.5561
13fi13fi- -7.61456154512 2.72113838585 5.4765
13fi13fi-13fi -6.78162108521 2.25718429106 4.6562
13fi13fi-13fi-13fi -6.85917352921 1.97391378509 4.5200
13fi13fi-13fi-13fi- -7.33129103915 1.89364020271 4.7802
13fi13fi-13fi13fi- -6.50678610824 2.0071116734 4.3300
13fi13fi-4fi13fi -6.80284596462 1.22804975353 4.1818
13fi13fi13fi -7.14380460437 2.48058975254 5.0817
13fi13fi13fi-13fi -6.6376728646 2.00248573815 4.4133
13fi13fi13fi-13fi- -6.99142085476 1.9118718299 4.5699
13fi13fi13fi13fi -7.00121695295 2.28249087805 4.8660
13fi13fi13fi13fi- -6.95468548655 2.10480054145 4.6767
13fl13fl -7.75987033493 2.82971180744 5.7027
13fl13fl- -7.3492505525 2.71705667827 5.3461
13fl13fl-13fl -6.8379486498 2.2144624184 4.6705
13fl13fl-13fl13fl- -6.56365790051 1.94316492133 4.3185
13fl13fl13fl -7.05101378541 2.16330501675 4.7566
13fl13fl13fl-13fl -6.47440456145 1.93064768476 4.2378
13fl13fl13fl13fl -7.75061846441 2.41881991118 5.4794
13fl13fl13fl13fl- -6.95223646201 1.86969418492 4.4927
13ha13ha -7.22380607291 2.92168628489 5.3379
13ha13ha- -7.15632184094 2.84712709311 5.2865
13ha13ha-13ha -6.70461286889 2.41228917906 4.7458
13ha13ha-13ha-13ha -6.51522163724 2.13718208825 4.4195
13ha13ha-13ha-13ha- -6.72148392689 2.11895046106 4.5232
13ha13ha-13ha13ha- -6.45100277133 2.18752314838 4.4615
13ha13ha-4ha13ha -6.85645239082 1.36165764828 4.2788
13ha13ha13ha -6.9070655648 2.44086113211 4.8409
13ha13ha13ha-13ha -6.43331537182 2.16276078907 4.4140
13ha13ha13ha-13ha- -6.59059717053 2.04711240767 4.4097
13ha13ha13ha13ha -6.75549815671 2.18099241626 4.5783
13ha13ha13ha13ha- -6.53209269523 2.15759062614 4.4378
13hd13hd -8.12423076479 1.37716813708 4.7470
13hd13hd- -8.23334841406 1.23349203031 4.7688
13hd13hd-13hd -7.95796920942 0.838926964357 4.4960
13hd13hd-13hd-13hd -7.70245431498 0.564636215064 4.0134
13hd13hd-13hd-13hd- -7.68041309406 0.446538809118 3.8739
13hd13hd-13hd13hd- -7.82082383477 0.633753130064 4.2838
13hd13hd-4hd13hd -8.08232523365 -0.0590487029729 4.0635
13hd13hd13hd -7.93973758223 0.873757535696 4.3561
13hd13hd13hd-13hd -7.7533396028 0.539057514237 4.1585
13hd13hd13hd-13hd- -7.80966716739 0.444906126086 4.0919
13hd13hd13hd13hd -7.89429457119 0.582867842249 4.1492
13hd13hd13hd13hd- -7.78599326343 0.481097266618 4.0978
13he13he -7.43442218398 2.09908615084 4.3461
13he13he- -7.47904885351 1.97690703732 4.2917
13he13he-13he -7.0763203724 1.6460166096 4.3123
13he13he-13he-13he -6.86679271669 1.46914261452 4.1493
13he13he-13he-13he- -6.9642094709 1.50533375505 4.1866
13he13he-13he13he- -6.84828897567 1.47540123281 4.2009
13he13he-4he13he -7.2025811935 0.824777044751 4.1178
13he13he13he -6.98706703334 1.50995969031 4.1615
13he13he13he-13he -6.78815181734 1.44111488915 4.1318
13he13he13he-13he- -6.9035280849 1.39703244729 4.1416
13he13he13he13he -7.00965248195 1.54615083084 4.2201
13he13he13he13he- -6.87277922114 1.44955041814 4.1436
13hf13hf -7.26897697012 2.5720200023 5.1119
13hf13hf- -7.37020331807 2.47541958961 5.1968
13hf13hf-13hf -6.73400116346 2.20929225547 4.6093
13hf13hf-13hf-13hf -6.49862269308 1.87976239694 4.2956
13hf13hf-13hf-13hf- -6.83985344667 1.6579896185 4.3917
13hf13hf-13hf13hf- -6.5339974921 1.81772044175 4.2622
13hf13hf-4hf13hf -6.7427088063 1.37580756789 4.0907
13hf13hf13hf -6.81590742887 2.05418736748 4.5124
13hf13hf13hf-13hf -6.74815108307 1.7496919821 4.2872
13hf13hf13hf-13hf- -7.00965248195 1.29771089621 4.1466
13hf13hf13hf13hf -6.57889627547 1.51594619476 3.9617
13hf13hf13hf13hf- -6.83359482838 1.49472131535 4.1607
13hh -7.85946399985 4.19327425259 6.4268
13hh13hh -6.98053630122 2.98345612624 5.2289
13hh13hh- -7.03631963813 3.05094035821 5.3350
13hh13hh-13hh -6.52311293856 2.69528757118 4.7818
13hh13hh-13hh-13hh -6.19004560013 2.46371869455 4.4112
13hh13hh-13hh-13hh- -6.23467226966 2.36739039569 4.3664
13hh13hh-13hh13hh- -6.19439942155 2.5233116252 4.4423
13hh13hh-4hh13hh -6.57726359244 1.67486067649 4.1390
13hh13hh13hh -6.56338578667 2.50970593327 4.6682
13hh13hh13hh-13hh -6.27902682535 2.41337763441 4.4434
13hh13hh13hh-13hh- -6.20854934115 2.33936267031 4.3507
13hh13hh13hh13hh -6.3492321957 2.2645313647 4.3697
13hh13hh13hh13hh- -6.23467226966 2.36739039569 4.3665
13hi13hi -7.27877306831 3.13257450979 5.5411
13hi13hi- -7.12911045709 2.90427099922 5.2906
13hi13hi-13hi -6.59631156114 2.47895706951 4.6813
13hi13hi-13hi-13hi -6.57916838931 2.3575942975 4.6092
13hi13hi-13hi-13hi- -6.7998527124 2.39024795813 4.7562
13hi13hi-13hi13hi- -6.30542186769 2.25963331561 4.3741
13hi13hi-4hi13hi -6.85264279708 1.49744245373 4.3491
13hi13hi13hi -7.0346869551 2.72902968717 5.1363
13hi13hi13hi-13hi -6.43358748566 2.27922551199 4.4677
13hi13hi13hi-13hi- -6.65862563017 2.25718429106 4.5827
13hi13hi13hi13hi -6.93618174553 2.53800577248 4.9460
13hi13hi13hi13hi- -6.69046294929 2.41582665896 4.7181
13hl13hl -7.16013143468 2.60113618303 5.0696
13hl13hl- -7.19060818461 2.87950863991 5.3388
13hl13hl-13hl -6.69699368141 2.44630340888 4.7288
13hl13hl-13hl-13hl -6.96203256019 2.49746081053 4.9361
13hl13hl-13hl-13hl- -7.21074460866 2.60494577677 5.1403
13hl13hl-13hl13hl- -6.42651252586 2.22507485811 4.4103
13hl13hl13hl -6.71658587779 2.08439200356 4.4820
13hl13hl13hl-13hl -6.38351853936 2.08058240982 4.2878
13hl13hl13hl-13hl- -6.6602583132 2.13636574673 4.4768
13hl13hl13hl13hl -6.49345253015 1.53064034204 3.9222
13hl13hl13hl13hl- -6.4373970794 1.8237069462 4.1017
13ia13ia -7.70408699802 2.98155132937 5.7704
13ia13ia- -7.60585390229 2.92114205721 5.6471
13ia13ia-13ia-13ia -7.0311494752 2.15486948775 4.7834
13ia13ia-13ia-13ia- -7.18788704622 2.25255835581 4.9615
13ia13ia-13ia13ia- -6.93210003795 2.11731777803 4.6903
13ia13ia-4ia13ia -7.30652867984 1.34260967958 4.5791
13ia13ia13ia-13ia -6.98597857799 2.08929005265 4.7066
13ia13ia13ia-13ia- -7.0882933813 2.10942647671 4.7925
13ia13ia13ia13ia -7.30598445217 2.33582519041 5.1032
13ia13ia13ia13ia- -7.12475663567 2.19242119748 4.8732
13id13id -8.87771398383 1.45145521501 4.9267
13id13id- -8.56723209401 1.05961128745 4.9573
13id13id-13id -8.2145725592 0.638106951482 4.4473
13id13id-13id-13id -8.169401662 0.422592791322 4.3330
13id13id-13id-13id- -8.27117223763 0.262589854234 4.3043
13id13id-13id13id- -8.03579376725 0.391843927562 4.1939
13id13id-4id13id -8.51906794458 -0.14802992819 4.3357
13id13id13id -8.79308658003 1.01171925186 4.9209
13id13id13id-13id -8.22708979578 0.371707503507 4.3056
13id13id13id-13id- -8.39253500964 0.377694007956 4.4443
13id13id13id13id -8.80778072732 0.771714846227 4.9090
13id13id13id13id- -8.51335355397 0.546404587879 4.6348
13ie13ie -7.98980652853 2.21691144295 4.3820
13ie13ie- -7.67088910971 1.82261849084 4.3476
13ie13ie-13ie -7.22979257736 1.44492448289 4.3304
13ie13ie-13ie-13ie -7.21564265776 1.37090951879 4.3250
13ie13ie-13ie-13ie- -7.43714332236 1.4196178959 4.3437
13ie13ie-13ie13ie- -7.0488368747 1.30641853905 4.1746
13ie13ie-4ie13ie -7.5100698311 0.709945004868 4.2958
13ie13ie13ie -7.80123163839 1.90044304868 4.3791
13ie13ie13ie-13ie -7.17128810207 1.2955339855 4.2405
13ie13ie13ie-13ie- -7.35714185382 1.3336299229 4.3460
13ie13ie13ie13ie -7.73129838187 1.73989588391 4.3782
13ie13ie13ie13ie- -7.44149714378 1.50669432424 4.3508
13if13if -7.72177439752 2.88603937203 5.6659
13if13if- -7.61456154512 2.72113838585 5.4765
13if13if-13if -6.73345693578 2.31786567707 4.6655
13if13if-13if-13if -6.73128002507 2.11105915974 4.5364
13if13if-13if-13if- -6.95495760039 2.10480054145 4.6769
13if13if-13if13if- -6.50678610824 2.0071116734 4.3300
13if13if13if -7.54490040244 2.41800356967 5.2637
13if13if13if-13if -6.73726652952 1.93364093698 4.4274
13if13if13if-13if- -6.99142085476 1.91214394374 4.5699
13if13if13if13if -7.48530747179 2.18752314838 5.0781
13if13if13if13if- -7.33129103915 1.89364020271 4.7802
13ih13ih -7.27877306831 3.13257450979 5.5411
13ih13ih- -7.12911045709 2.90427099922 5.2906
13ih13ih-13ih -6.59631156114 2.47895706951 4.6813
13ih13ih-13ih-13ih -6.57916838931 2.3575942975 4.6092
13ih13ih-13ih-13ih- -6.69046294929 2.41582665896 4.7180
13ih13ih-13ih13ih- -6.30542186769 2.25963331561 4.3741
13ih13ih-4ih13ih -6.82026125029 1.64003010515 4.3181
13ih13ih13ih -7.0346869551 2.72902968717 5.1363
13ih13ih13ih-13ih -6.52392928007 2.23786420852 4.4797
13ih13ih13ih-13ih- -6.65862563017 2.25718429106 4.5827
13ih13ih13ih13ih -6.93618174553 2.53800577248 4.9460
13ih13ih13ih13ih- -6.7998527124 2.39024795813 4.7562
13ii -8.41648102743 4.31871873218 7.2860
13ii13ii -7.73265895107 3.20577313237 5.9644
13ii13ii- -7.62408552947 3.15325516152 5.8397
13ii13ii-13ii -7.23659542333 2.67324635026 5.2769
13ii13ii-13ii-13ii -7.18244476945 2.50970593327 5.1428
13ii13ii-13ii-13ii- -7.15523338559 2.383717226 5.0440
13ii13ii-13ii13ii- -7.03387061358 2.41174495138 4.9842
13ii13ii-4ii13ii -7.41727901215 1.54832774155 4.8579
13ii13ii13ii -7.38326478232 2.64576285256 5.3618
13ii13ii13ii-13ii -7.08012996614 2.38453356752 4.9928
13ii13ii13ii-13ii- -7.14217192134 2.36875096488 5.0205
13ii13ii13ii13ii -7.32775355925 2.50970593327 5.2407
13ii13ii13ii13ii- -7.36312835827 2.65746374762 5.3527
13il13il -7.6461267504 2.84522229624 5.6312
13il13il- -7.33537274673 2.74372383445 5.3326
13il13il-13il -6.87033019659 2.2109249385 4.6636
13il13il-13il-13il -6.57073286031 1.98969638773 4.3455
13il13il-13il-13il- -6.76475002722 1.97364167126 4.4666
13il13il-13il13il- -6.55903196525 1.97364167126 4.3208
13il13il13il -7.33428429138 2.39296909652 5.1411
13il13il13il-13il -6.71087148718 1.90316418706 4.3725
13il13il13il-13il- -6.67631302968 1.92901500173 4.3713
13il13il13il13il -7.19387355067 2.1812645301 4.9127
13il13il13il13il- -6.94216824998 2.0966371263 4.6661
13la13la -7.37918307475 2.75923432325 5.3708
13la13la- -7.25047322909 2.76658139689 5.3043
13la13la-13la -6.66080254088 2.26861307228 4.5921
13la13la-13la-13la -6.39413097907 1.94180435214 4.2000
13la13la-13la-13la- -6.48420065964 1.75486214503 4.1227
13la13la13la -6.82815255161 2.04058167555 4.5129
13la13la13la-13la -6.5339974921 1.97473012661 4.3147
13la13la13la-13la- -6.62134603429 1.86425190815 4.2932
13la13la13la13la -6.53971188271 1.6530915694 4.0701
13la13la13la13la- -6.45807773114 1.83622418277 4.1513
13ld13ld- -8.3492689093 1.26288032487 4.9271
13ld13ld-13ld -7.85429383691 0.854709566995 4.3135
13ld13ld-13ld-13ld -7.8379670066 0.539329628075 4.1138
13ld13ld-13ld-13ld- -8.02028327845 0.386673764629 4.1413
13ld13ld-13ld13ld- -7.59360877955 0.620691665812 3.9962
13ld13ld13ld -7.85456595075 0.854981680834 4.3138
13ld13ld13ld-13ld -7.59388089339 0.620419551974 3.9962
13ld13ld13ld13ld -8.02028327845 0.386673764629 4.1413
13ld13ld13ld13ld- -7.90136953099 0.536880603528 4.1607
13le13le -7.69048130609 1.92438906647 4.3197
13le13le- -7.54462828861 2.00030882744 4.3080
13le13le-13le -7.23550696797 1.56737571025 4.3029
13le13le-13le-13le -7.08366744604 1.32927610149 4.2038
13le13le-13le-13le- -7.35387648776 1.47975505422 4.3133
13le13le-13le13le- -6.99006028557 1.3681883804 4.1777
13le13le13le -7.23550696797 1.56737571025 4.3028
13le13le13le-13le -6.99386987931 1.36900472192 4.1817
13le13le13le-13le- -7.13809021376 1.34043276887 4.2538
13le13le13le13le -6.99223719628 1.34750772867 4.1636
13le13le13le13le- -7.13428062002 1.3039695145 4.2118
13lf13lf- -7.3492505525 2.71705667827 5.3461
13lf13lf-13lf -6.73971555407 2.34943088234 4.6933
13lf13lf-13lf-13lf -6.56964440496 1.91214394374 4.2808
13lf13lf-13lf-13lf- -7.09291931655 1.94588605972 4.6708
13lf13lf-13lf13lf- -6.56365790051 1.94316492133 4.3185
13lh13lh- -7.19033607077 2.87950863991 5.3385
13lh13lh-13lh -6.75440970135 2.39133641348 4.7259
13lh13lh-13lh-13lh -6.45916618649 2.08139875134 4.3248
13lh13lh-13lh-13lh- -6.4373970794 1.8237069462 4.1017
13lh13lh-13lh13lh- -6.42651252586 2.22507485811 4.4103
13li13li -7.33537274673 2.74372383445 5.3326
13li13li- -7.33537274673 2.74372383445 5.3326
13li13li-13li -6.82896889313 2.23976900539 4.6615
13li13li-13li-13li -6.76692693793 2.04357492777 4.5197
13li13li-13li-13li- -6.94216824998 2.0966371263 4.6661
13li13li-13li13li- -6.55903196525 1.97364167126 4.3208
13li13li13li -6.99114874092 2.21500664608 4.7624
13li13li13li-13li -6.55848773757 1.97391378509 4.3207
13li13li13li-13li- -6.67631302968 1.92901500173 4.3713
13li13li13li13li -6.84339092657 1.89935459332 4.4688
13li13li13li13li- -6.76475002722 1.97364167126 4.4666
13ll -8.26681841621 4.1334092081 6.7448
13ll13ll -7.87170912258 2.98944263069 5.8302
13ll13ll- -7.05591183451 2.93991791207 5.2817
13ll13ll-13ll -6.8534591386 2.27976973966 4.7101
13ll13ll-13ll-13ll -6.69073506313 1.87976239694 4.3401
13ll13ll-13ll-13ll- -7.08176264917 2.39351332419 4.9376
13ll13ll-13ll13ll- -6.49562944086 2.03513939878 4.3200
13ll13ll13ll -7.47496714593 2.3491587685 5.1520
13ll13ll13ll-13ll -6.71903490234 2.10507265529 4.5007
13ll13ll13ll-13ll- -6.93835865624 2.21718355679 4.7333
13ll13ll13ll13ll -7.72095805601 2.54453650461 5.4786
13ll13ll13ll13ll- -6.85563604931 1.97010419135 4.5015
4dd -10.8793833805 -0.379326690987 4.9637
4dd4dd -10.9343503759 -0.993759738512 4.8937
4dd4dd4dd -10.8684988269 -1.36247398979 4.8692
4dd4dd4dd4dd -10.8415595569 -1.58288619905 4.8561
4dh -8.98982488533 1.40138626871 5.0366
4dh4dh -8.99853252816 0.800286799278 4.9868
4dh4dh- -8.91390512436 0.794300294829 4.9897
4dh4dh-4dh -8.88669374051 0.498512552288 4.9154
4dh4dh-4dh-4dh -8.89703406637 0.34803359955 4.8667
4dh4dh-4dh-4dh- -8.77458283901 0.327080833979 4.8993
4dh4dh-4dh4dh -8.86165926736 0.328713517011 4.8546
4dh4dh-4dh4dh- -8.84968625846 0.322182784885 4.8721
4dh4dh4dh -8.95118472025 0.540962311107 4.9626
4dh4dh4dh-4dh -8.84886991694 0.292794490317 4.8416
4dh4dh4dh-4dh- -8.87798609767 0.276467660002 4.8054
4dh4dh4dh4dh -8.8344478835 0.294971401026 4.8172
4dh4dh4dh4dh- -8.78301836801 0.357013356223 4.8547
4hd -8.98982488533 1.40138626871 5.0366
4hd4hd -8.99934886968 0.799742571601 4.9868
4hd4hd- -8.91390512436 0.794572408668 4.9899
4hd4hd-4hd -8.88669374051 0.498512552288 4.9154
4hd4hd-4hd-4hd -8.78737218942 0.252249528368 4.8423
4hd4hd-4hd-4hd- -8.92315699488 0.28082148142 4.8667
4hd4hd-4hd4hd -8.90057154627 0.303134816184 4.8538
4hd4hd-4hd4hd- -8.8485978031 0.323271240239 4.8687
4hd4hd4hd -8.95118472025 0.540145969591 4.9626
4hd4hd4hd-4hd -8.84097861562 0.29225026264 4.8323
4hd4hd4hd-4hd- -8.87798609767 0.276195546164 4.8055
4hd4hd4hd4hd -8.8344478835 0.294699287187 4.8172
4hd4hd4hd4hd- -8.77458283901 0.327080833979 4.8994
4hh -7.72395130823 2.530386585 4.9429
4hh4hh -7.61184040674 1.8808508523 4.6562
4hh4hh4hh -7.53700910112 1.53825952952 4.4536
4hh4hh4hh4hh -7.49755259453 1.35186155009 4.3632
6aa -10.2744743173 1.899898821 4.7609
6aa6aa -9.38166881289 0.760558178845 4.6314
6aa6aa- -9.40343791998 0.767088910971 4.7081
6aa6aa-4aa6aa -8.72805137261 0.201636354391 4.7044
6aa6aa-6aa -9.00860074019 0.202452695907 4.6962
6aa6aa-6aa-6aa -8.78900487245 -0.104763827855 4.5430
6aa6aa-6aa-6aa- -8.77757609123 -0.104219600178 4.5362
6aa6aa-6aa6aa- -8.80560381661 -0.0990494372449 4.5604
6aa6aa6aa -8.97431439653 0.193472939234 4.5424
6aa6aa6aa-6aa -8.79227023852 -0.102314803308 4.5470
6aa6aa6aa-6aa- -8.78056934346 -0.103131144824 4.5396
6aa6aa6aa6aa -8.76233771627 -0.106940738564 4.4966
6aa6aa6aa6aa- -8.77376649749 -0.10775708008 4.5231
6ad6ad -10.2924338306 -0.465858891657 4.6156
6ad6ad- -10.3449518015 -0.476199217524 4.7100
6ad6ad-4ad6ad -9.96943470424 -0.95756859798 4.7021
6ad6ad-6ad -10.0818177196 -1.08165250838 4.6862
6ad6ad-6ad-6ad -9.9190936441 -1.4182573267 4.4729
6ad6ad-6ad-6ad- -10.0532457665 -1.15702804166 4.5839
6ad6ad-6ad6ad- -9.94440023109 -1.42070635125 4.4916
6ad6ad6ad -10.1680778064 -0.825593386267 4.6444
6ad6ad6ad-6ad -9.9297060838 -1.41635252983 4.4779
6ad6ad6ad-6ad- -10.062497637 -1.15267422025 4.6429
6ad6ad6ad6ad -10.0518851973 -1.14097332519 4.5775
6ad6ad6ad6ad- -10.0695725968 -1.14342234973 4.6147
6ae6ae -9.36425352722 0.512118244217 4.3098
6ae6ae- -9.3577227951 0.522186456244 4.3053
6ae6ae-4ae6ae -8.88669374051 0.0212248794096 4.3053
6ae6ae-6ae -9.12615391846 0.0846274037999 4.3052
6ae6ae-6ae-6ae -8.96805577824 -0.173880742856 4.3029
6ae6ae-6ae-6ae- -8.96615098137 -0.17496919821 4.3022
6ae6ae-6ae6ae- -8.99445082059 -0.156193343348 4.3048
6ae6ae6ae -9.11227611269 0.0710217118707 4.3049
6ae6ae6ae-6ae -8.98247781169 -0.167894238407 4.3032
6ae6ae6ae-6ae- -8.96451829834 -0.172520173663 4.3026
6ae6ae6ae6ae -8.96587886753 -0.172520173663 4.3014
6ae6ae6ae6ae- -8.96615098137 -0.174424970533 4.3017
6af6af -9.30602116577 0.788585904219 4.6250
6af6af- -9.32207588224 0.741238096305 4.6941
6af6af-4af6af -8.59580404706 0.101226347954 4.4886
6af6af-6af -8.98737586078 0.206262289647 4.5871
6af6af-6af-6af -8.66437673438 -0.119730088977 4.3886
6af6af-6af-6af- -8.64342396881 -0.179050905789 4.3784
6af6af-6af6af- -8.8641082919 -0.0802735823825 4.4916
6af6af6af -9.11282034037 0.269664814038 4.5213
6af6af6af-6af -8.93730691448 -0.118369519784 4.4964
6af6af6af-6af- -8.91145609982 -0.17496919821 4.4508
6af6af6af6af -9.0156757 -0.014422033445 4.4449
6af6af6af6af- -9.03880537628 -0.0892533390559 4.4778
6ah6ah -8.57811664755 1.1812461733 4.6265
6ah6ah- -8.53893225479 1.15457901712 4.6783
6ah6ah-4ah6ah -8.12749613085 0.68273362101 4.4939
6ah6ah-6ah -8.34654777092 0.689264353136 4.5403
6ah6ah-6ah-6ah -8.25076369973 0.461232956401 4.4011
6ah6ah-6ah-6ah- -8.27743085591 0.478648242071 4.4170
6ah6ah-6ah6ah- -8.23525321093 0.439735963153 4.3779
6ah6ah6ah -8.38328313912 0.735523705695 4.5069
6ah6ah6ah-6ah -8.23171573103 0.45579067963 4.3755
6ah6ah6ah-6ah- -8.25919922873 0.467491574689 4.3926
6ah6ah6ah6ah -8.26763475773 0.491981820162 4.3805
6ah6ah6ah6ah- -8.23661378013 0.470484826913 4.3648
6ai6ai -9.36425352722 1.13144934084 4.6670
6ai6ai- -9.37758710531 1.122741698 4.7032
6ai6ai-4ai6ai -8.81431145944 0.641372317545 4.6901
6ai6ai-6ai -9.084792615 0.657154920183 4.6893
6ai6ai-6ai-6ai -8.91580992123 0.423681246677 4.6607
6ai6ai-6ai-6ai- -8.91608203507 0.436198483252 4.6328
6ai6ai-6ai6ai- -8.93431366226 0.414157262326 4.6884
6ai6ai6ai -9.05785334498 0.680828824139 4.6228
6ai6ai6ai-6ai -8.90955130295 0.414157262326 4.6308
6ai6ai6ai-6ai- -8.91526569356 0.423681246677 4.6342
6ai6ai6ai6ai -8.89186390344 0.440824418508 4.5933
6ai6ai6ai6ai- -8.88914276505 0.427762954255 4.6024
6al6al -8.76587519617 0.813620377369 4.5066
6al6al- -8.90166000163 0.862600868314 4.5881
6al6al6al -8.376752407 0.292522376479 4.4390
6al6al6al6al -8.1489931241 0.014422033445 4.2209
6al6al6al6al- -8.18681694767 0.0563275645871 4.2436
6da6da -10.457062703 -0.0495247186225 4.5603
6da6da- -10.3414143216 -0.410075554747 5.2827
6da6da-4da6da -10.042361213 -0.777701350676 4.5779
6da6da-6da -10.1003214606 -1.00110681215 4.8392
6da6da-6da-6da -10.1419548779 -0.996480876898 4.5755
6da6da-6da-6da- -10.2170582973 -0.860968185283 4.5347
6da6da-6da6da- -9.98222405465 -1.32492228007 4.5861
6da6da6da -10.3182846453 -0.486267429551 4.5337
6da6da6da-6da -10.1433154471 -1.00410006438 4.5532
6da6da6da-6da- -10.1528394314 -0.968181037685 4.5523
6da6da6da6da -10.2630455361 -0.717564192348 4.5314
6da6da6da6da- -10.1952891903 -0.866954689732 4.5311
6dd -11.2668734866 -0.710489232545 4.5876
6dd6dd -11.2116343774 -1.32954821533 4.5674
6dd6dd6dd -11.1593885204 -1.72982767188 4.5632
6dd6dd6dd6dd -11.1354425026 -1.98289354177 4.5627
6de6de -10.1746085385 -0.577697679316 4.2271
6de6de6de -10.1275328445 -0.8307635492 4.2209
6de6de6de6de -10.1054916235 -0.97498388365 4.2175
6df6df -10.1683499202 0.0206806517325 4.5632
6df6df- -10.3158356208 -0.196738305297 4.6196
6df6df-4df6df -9.82031632069 -0.651984757249 4.5515
6df6df-6df -10.1073964204 -0.555928572229 4.6155
6df6df-6df-6df -9.90793697672 -0.852532656287 4.5320
6df6df-6df-6df- -9.87854868215 -0.865866234377 4.5099
6df6df-6df6df- -10.1476692685 -0.857430705381 4.6148
6df6df6df -10.1699826033 -0.429667751126 4.5236
6df6df6df-6df -10.153655773 -0.927363961897 4.5088
6df6df6df-6df- -10.1079406481 -0.990766486288 4.5152
6df6df6df6df -10.1705268309 -0.653617440281 4.5168
6df6df6df6df- -10.2099833375 -0.930901441799 4.4971
6dh6dh -9.37840344683 0.550758409296 4.5917
6dh6dh- -9.30520482425 0.37116327583 4.6342
6dh6dh-4dh6dh -9.16397774202 -0.0204085378939 4.5473
6dh6dh-6dh -9.31989897153 0.0253065869884 4.6129
6dh6dh-6dh-6dh -9.26357140695 -0.22503814451 4.5374
6dh6dh-6dh-6dh- -9.24860514582 -0.125444479588 4.5741
6dh6dh-6dh6dh- -9.34330076165 -0.184493182561 4.6122
6dh6dh6dh -9.25812913017 0.0212248794096 4.5961
6dh6dh6dh-6dh -9.33677002953 -0.17877879195 4.6109
6dh6dh6dh-6dh- -9.27581652968 -0.174697084372 4.4985
6dh6dh6dh6dh -9.24942148734 -0.179867247305 4.5551
6dh6dh6dh6dh- -9.26384352078 -0.225310258348 4.5374
6di6di -10.3618228595 0.179595133466 4.6074
6di6di- -10.3620949733 0.180411474982 4.6059
6di6di-4di6di -10.1395058534 -0.213065135612 4.5465
6di6di-6di -10.3025020427 -0.155377001832 4.5996
6di6di-6di-6di -10.2589638285 -0.360278722286 4.5892
6di6di-6di-6di- -10.252977324 -0.412252465456 4.6053
6di6di-6di6di- -10.2848146432 -0.34422400581 4.5993
6di6di6di-6di -10.2486235026 -0.368170023605 4.5737
6di6di6di-6di- -10.214337159 -0.41334092081 4.5835
6di6di6di6di -10.2521609825 -0.412796693133 4.6052
6di6di6di6di- -10.2589638285 -0.360278722286 4.5892
6dl6dl -9.78494152167 0.259868715849 4.5595
6dl6dl- -9.82548648362 0.246535137758 4.6256
6dl6dl6dl -9.65133362693 -0.188847003978 4.5186
6dl6dl6dl6dl -9.55473321423 -0.478920355909 4.5525
6dl6dl6dl6dl- -9.60752329892 -0.299869450121 4.5564
6ea6ea -9.37268905622 0.758653381975 4.2196
6ea6ea- -9.33840271256 0.560826621324 4.3029
6ea6ea-4ea6ea -8.93431366226 0.189663345494 4.2753
6ea6ea-6ea -9.01594781383 -0.0952398435047 4.7314
6ea6ea-6ea-6ea -9.00343057726 0.00952398435047 4.2128
6ea6ea-6ea-6ea- -9.05676488962 0.0824504930912 4.1926
6ea6ea-6ea6ea- -8.9656067537 -0.0917023636031 4.2972
6ea6ea6ea -9.1884679875 0.413613034649 4.2041
6ea6ea6ea-6ea -8.98683163311 -0.0130614642521 4.2131
6ea6ea6ea-6ea- -9.02819293657 0.0476199217524 4.2078
6ea6ea6ea6ea -9.08969066409 0.220412209254 4.1968
6ea6ea6ea6ea- -9.0369005794 0.123267568879 4.2010
6ed6ed -10.136784715 -0.584228411442 4.1386
6ed6ed6ed -10.0586880433 -0.853621111641 4.1196
6ed6ed6ed6ed -10.0110681215 -1.01743364247 4.1103
6ee -9.45813280153 0.407898644039 4.2990
6ee6ee -9.24479555208 0.132791553229 4.2060
6ee6ee6ee -9.12697025998 -0.0356469128546 4.1918
6ee6ee6ee6ee -9.05649277578 -0.143948220611 4.1858
6ef6ef -9.15962392061 0.82695395546 4.2811
6ef6ef- -9.21513514368 0.54613247404 4.3895
6ef6ef-4ef6ef -8.71716681907 0.242725544018 4.3307
6ef6ef-6ef -9.04098228698 0.305583840731 4.3340
6ef6ef-6ef-6ef -8.83852959108 0.108301307757 4.2899
6ef6ef-6ef-6ef- -8.77757609123 0.054422767717 4.2701
6ef6ef-6ef6ef- -8.99281813755 0.0963282988591 4.3347
6ef6ef6ef -9.10792229128 0.443001329216 4.2778
6ef6ef6ef-6ef -9.04506399456 -0.0035374799016 4.2787
6ef6ef6ef-6ef- -8.99608350362 -0.0661236627761 4.2748
6ef6ef6ef6ef -9.08724163954 0.23646692573 4.2770
6ef6ef6ef6ef- -9.11635782027 0.0206806517325 4.2763
6eh6eh -8.52723135974 1.05607380755 4.3966
6eh6eh- -8.52587079054 1.0571622629 4.3965
6eh6eh-4eh6eh -8.2420560569 0.783415741286 4.3569
6eh6eh-6eh -8.49757095133 0.797021433215 4.3893
6eh6eh-6eh-6eh -8.42654923946 0.673753864336 4.3234
6eh6eh-6eh-6eh- -8.45702598938 0.752666877526 4.3165
6eh6eh-6eh6eh- -8.40668492924 0.657971261698 4.3349
6eh6eh6eh -8.45675387554 0.760286065006 4.3865
6eh6eh6eh-6eh -8.45675387554 0.676747116561 4.3303
6eh6eh6eh-6eh- -8.44260395594 0.693073946876 4.3251
6eh6eh6eh6eh -8.4183858243 0.593480281954 4.3831
6eh6eh6eh6eh- -8.45103948493 0.75566012975 4.3284
6ei6ei -9.3563622259 0.954575345756 4.3316
6ei6ei- -9.3563622259 0.954575345756 4.3316
6ei6ei-4ei6ei -9.11037131582 0.726543949022 4.3150
6ei6ei-6ei -9.27744921271 0.776340781483 4.3251
6ei6ei-6ei-6ei -9.23472734006 0.670760612112 4.3245
6ei6ei-6ei-6ei- -9.1871074183 0.537152717367 4.3307
6ei6ei-6ei6ei- -9.1871074183 0.537152717367 4.3307
6ei6ei6ei -9.25050994269 0.69797199597 4.3319
6ei6ei6ei-6ei -9.23472734006 0.67103272595 4.3244
6ei6ei6ei-6ei- -9.2039784763 0.60382060782 4.3259
6ei6ei6ei6ei -9.1871074183 0.537152717367 4.3307
6ei6ei6ei6ei- -9.21622359903 0.590214915891 4.3258
6el6el -8.81812105318 1.03348835895 4.3138
6el6el- -8.90138788779 1.02859030985 4.3499
6el6el6el -8.64560087952 0.700421020518 4.2942
6el6el6el6el -8.54763989763 0.539873855752 4.2874
6el6el6el6el- -8.55988502037 0.586677435989 4.2927
6fa6fa -8.87989089454 0.492798161677 4.6433
6fa6fa- -8.99390659291 0.77688500916 5.0120
6fa6fa-4fa6fa -8.75852812253 0.287896441223 4.6754
6fa6fa-6fa -8.92832715781 0.132791553229 4.6452
6fa6fa-6fa-6fa -8.81322300409 0.032109432953 4.5445
6fa6fa-6fa-6fa- -8.63281152911 0.288168555061 4.5810
6fa6fa-6fa6fa- -8.63498843982 -0.0438103280122 4.3842
6fa6fa6fa -8.5530821744 -0.156465457186 4.1258
6fa6fa6fa-6fa -8.60042998231 -0.204357492777 4.1802
6fa6fa6fa-6fa- -8.41566468592 0.0214969932482 4.1902
6fa6fa6fa6fa -8.37566395164 -0.515655724118 3.8549
6fa6fa6fa6fa- -8.30899606119 -0.28463107516 3.9272
6fd6fd -9.65160574077 -0.604364835497 4.4923
6fd6fd- -9.97542120868 0.040000734272 4.9081
6fd6fd-4fd6fd -9.99011535597 -0.533343123626 4.8947
6fd6fd-6fd -10.0216805612 -0.66531833534 4.8567
6fd6fd-6fd-6fd -10.0045373894 -0.797837774731 4.7961
6fd6fd-6fd-6fd- -9.86140551032 -0.598650444887 4.8208
6fd6fd-6fd6fd- -9.84235754162 -0.856886477704 4.6850
6fd6fd6fd -9.43581946677 -1.31567040956 4.0261
6fd6fd6fd-6fd -9.82358168675 -1.12872820245 4.3579
6fd6fd6fd-6fd- -9.64453078097 -0.967364696169 4.3376
6fd6fd6fd6fd -9.31418458092 -1.72030368753 3.7971
6fd6fd6fd6fd- -9.45976548457 -1.39621610578 3.9925
6fe6fe -8.72043218513 0.19809887449 4.3211
6fe6fe- -8.99934886968 0.837566395164 4.3415
6fe6fe-4fe6fe -8.88859853738 0.340686525908 4.3383
6fe6fe-6fe -8.97757976259 0.216330501675 4.3363
6fe6fe-6fe-6fe -8.92152431184 0.0808178100597 4.3381
6fe6fe-6fe-6fe- -8.76669153769 0.31157034518 4.3376
6fe6fe-6fe6fe- -8.78982121397 0.078640899351 4.3364
6fe6fe6fe -8.39498403418 -0.489532795614 3.9492
6fe6fe6fe-6fe -8.70954763159 -0.209799769549 4.2597
6fe6fe6fe-6fe- -8.55634754046 -0.0408170757877 4.2608
6fe6fe6fe6fe -8.23906280467 -0.835933712133 3.7249
6fe6fe6fe6fe- -8.37566395164 -0.497151983095 3.9228
6ff -9.19118912588 1.66642514749 5.1444
6ff6ff -8.74954836586 0.345040347326 4.4373
6ff6ff- -8.8570333321 0.685182645557 4.7750
6ff6ff-4ff6ff -8.60369534838 0.152383749608 4.4297
6ff6ff-6ff -8.7808414573 0.051157401654 4.4749
6ff6ff-6ff-6ff -8.62764136617 -0.105308055532 4.2883
6ff6ff-6ff-6ff- -8.45484907867 0.0748313056109 4.2703
6ff6ff-6ff6ff- -8.57430705381 -0.109117649273 4.2671
6ff6ff6ff -8.54763989763 -0.31157034518 4.0014
6ff6ff6ff-6ff -8.59036177029 -0.324087581755 4.0373
6ff6ff6ff-6ff- -8.4409712729 -0.153472204962 4.0417
6ff6ff6ff6ff -8.43471265462 -0.685998987073 3.7678
6ff6ff6ff6ff- -8.39634460338 -0.441096532346 3.8441
6fh6fh -8.09348190103 0.648719391186 4.2401
6fh6fh- -8.2717164653 1.12219747032 4.6292
6fh6fh-4fh6fh -8.17185068654 0.629943536324 4.4072
6fh6fh-6fh -8.22736190961 0.466947347012 4.3998
6fh6fh-6fh-6fh -8.20967451011 0.347489371873 4.2883
6fh6fh-6fh-6fh- -8.07606661536 0.660148172407 4.3041
6fh6fh-6fh6fh- -8.02490921371 0.347489371873 4.1885
6fh6fh6fh -7.84476985256 0.032109432953 3.8283
6fh6fh6fh-6fh -7.99633726066 0.140954968387 3.9239
6fh6fh6fh-6fh- -7.8308920468 0.378510349472 3.9436
6fh6fh6fh6fh -7.6926582168 -0.320822215692 3.6125
6fh6fh6fh6fh- -7.68993707841 -0.0340142298231 3.6993
6fi6fi -8.74192917838 0.653617440281 4.6773
6fi6fi- -9.03390732718 1.24519292536 5.1139
6fi6fi-4fi6fi -8.94302130509 0.962194533236 5.0957
6fi6fi-6fi -9.08098302126 0.698516223647 5.0429
6fi6fi-6fi-6fi -8.97377016885 0.610895567623 4.9439
6fi6fi-6fi-6fi- -8.81131820722 0.873485421858 4.9666
6fi6fi-6fi6fi- -8.88342837444 0.629399308647 4.9345
6fi6fi6fi -8.42709346714 0.0272113838585 4.2126
6fi6fi6fi-6fi -8.68532949995 0.284903188998 4.4841
6fi6fi6fi-6fi- -8.50165265891 0.465586777819 4.4760
6fi6fi6fi6fi -8.26926744076 -0.303679043861 3.9676
6fi6fi6fi6fi- -8.29130866168 -0.0239460177955 4.1098
6fl6fl -8.19525247666 0.461777184079 4.2169
6fl6fl- -8.63036250456 1.17662023804 4.9124
6fl6fl6fl -7.8379670066 -0.16544521386 3.7270
6fl6fl6fl6fl -7.62735089554 -0.517016293311 3.4724
6fl6fl6fl6fl- -7.8450419664 -0.204629606616 3.6897
6ha6ha -8.15906133613 1.09852356637 4.5094
6ha6ha- -8.42246753188 1.17145007511 4.8112
6ha6ha-4ha6ha -7.90191375867 0.573615971737 4.1973
6ha6ha-6ha -8.19334767979 0.707495980321 4.4616
6ha6ha-6ha-6ha -7.92368286575 0.387490106145 4.0587
6ha6ha-6ha-6ha- -7.80776237052 0.340686525908 3.9706
6ha6ha-6ha6ha- -8.06817531404 0.459872387209 4.2705
6ha6ha6ha -7.88939652209 0.582867842249 4.1052
6ha6ha6ha-6ha -7.97157490134 0.422048563645 4.1220
6ha6ha6ha-6ha- -7.87470237481 0.37878246331 4.0596
6ha6ha6ha6ha -7.75306748896 0.309393434471 3.9008
6ha6ha6ha6ha- -7.84177660034 0.35184319329 3.9602
6hd6hd -8.98846431614 0.162179847797 4.4948
6hd6hd- -9.1335009921 0.38259205705 4.7891
6hd6hd-4hd6hd -8.91580992123 -0.2884406689 4.3058
6hd6hd-6hd -9.06193505255 -0.0484362632681 4.5914
6hd6hd-6hd-6hd -8.94955203722 -0.462865639433 4.2173
6hd6hd-6hd-6hd- -8.78192991265 -0.530077757563 4.1063
6hd6hd-6hd6hd- -9.0037026911 -0.273474407778 4.4981
6hd6hd6hd -8.85676121826 -0.40191213959 4.1764
6hd6hd6hd-6hd -9.0107776509 -0.488716454099 4.3121
6hd6hd6hd-6hd- -8.83227097279 -0.546404587879 4.2050
6hd6hd6hd6hd -8.78247414033 -0.706135411128 4.0298
6hd6hd6hd6hd- -8.94193284974 -0.650079960379 4.1022
6he6he -8.1574286531 0.841375988905 4.3522
6he6he- -8.37375915477 1.03267201743 4.3955
6he6he-4he6he -8.05184848373 0.502050032189 4.3146
6he6he-6he -8.25212426893 0.701509475872 4.3914
6he6he-6he-6he -8.0692637694 0.333883679944 4.1928
6he6he-6he-6he- -7.90572335241 0.256059122108 4.0949
6he6he-6he6he- -8.18926597221 0.520553773213 4.3893
6he6he6he -7.97184701518 0.366809454412 4.1475
6he6he6he-6he -8.15770076694 0.34231920894 4.2666
6he6he6he-6he- -7.9762008366 0.284086847483 4.2106
6he6he6he6he -7.87007643955 0.114287812206 3.9937
6he6he6he6he- -8.04286872705 0.184493182561 4.0791
6hf6hf -8.19606881818 0.917839977547 4.3840
6hf6hf- -8.36233037355 0.948316727468 4.6023
6hf6hf-4hf6hf -7.9310299394 0.340686525908 4.0730
6hf6hf-6hf -8.22518499891 0.527084505339 4.4163
6hf6hf-6hf-6hf -7.9261318903 0.14802992819 3.9477
6hf6hf-6hf-6hf- -7.64558252272 0.0424497588192 3.7703
6hf6hf-6hf6hf- -8.12205385408 0.333067338428 4.2153
6hf6hf6hf -8.07797141223 0.412796693133 4.0597
6hf6hf6hf-6hf -8.09647515326 0.231296762797 4.0489
6hf6hf6hf-6hf- -7.95279904648 0.115920495237 3.9401
6hf6hf6hf6hf -8.02137173381 0.131703097875 3.8909
6hf6hf6hf6hf- -8.01810636774 0.196466191458 3.9273
6hh -8.05293693908 2.08792948346 4.8310
6hh6hh -7.70952927479 1.21335560625 4.2826
6hh6hh6hh -7.53075048284 0.767088910971 3.9737
6hh6hh6hh6hh -7.43360584246 0.52109800089 3.8141
6hi6hi -8.18817751686 1.27920715519 4.6743
6hi6hi- -8.46246826615 1.55540270135 5.0243
6hi6hi-4hi6hi -8.02246018916 1.06859104412 4.5586
6hi6hi-6hi -8.36586785345 1.26260821103 4.8714
6hi6hi-6hi-6hi -8.10817604831 0.88654688611 4.4669
6hi6hi-6hi-6hi- -7.96449994154 0.75566012975 4.3376
6hi6hi-6hi6hi- -8.31443833796 1.12464649487 4.7917
6hi6hi6hi -8.00694970036 0.839743305873 4.3854
6hi6hi6hi-6hi -8.18572849231 0.906683310165 4.5119
6hi6hi6hi-6hi- -8.04912734534 0.833212573747 4.4619
6hi6hi6hi6hi -7.90463489705 0.603004266304 4.2348
6hi6hi6hi6hi- -8.00967083875 0.703414272742 4.3145
6hl6hl -7.76095879028 1.06423722271 4.2604
6hl6hl- -8.04858311766 1.37254220182 4.6772
6hl6hl6hl -7.48557958563 0.595112964985 3.9008
6hl6hl6hl6hl -7.32884201461 0.334155793782 3.7117
6hl6hl6hl6hl- -7.49673625301 0.445178239925 3.8159
6ia6ia -9.35309685984 1.14342234973 4.6531
6ia6ia- -9.32370856527 1.10750332304 4.6931
6ia6ia-4ia6ia -8.80179422287 0.616065730556 4.6860
6ia6ia-6ia -9.02302277364 0.650896301895 4.6822
6ia6ia-6ia-6ia -8.88370048828 0.423137019 4.6825
6ia6ia-6ia-6ia- -8.90247634314 0.429667751126 4.6699
6ia6ia-6ia6ia- -8.86982268251 0.41143612394 4.6825
6ia6ia6ia -9.06302350791 0.694978743746 4.6429
6ia6ia6ia-6ia -8.87145536555 0.421776449807 4.6439
6ia6ia6ia-6ia- -8.8880543097 0.424225474354 4.6456
6ia6ia6ia6ia -8.91118398598 0.456334907307 4.6395
6ia6ia6ia6ia- -8.88751008202 0.441096532346 4.6401
6id6id -10.2480792749 0.0383680512405 4.6965
6id6id- -10.300325132 0.0971446403748 4.7264
6id6id-4id6id -10.0429054407 -0.416878400712 4.7005
6id6id-6id -10.2061737438 -0.244630340888 4.7163
6id6id-6id-6id -10.0864436548 -0.586677435989 4.6846
6id6id-6id-6id- -10.0469871482 -0.604909063174 4.6844
6id6id-6id6id- -10.1512067484 -0.450892630535 4.7097
6id6id6id -10.1190973155 -0.389939130692 4.6947
6id6id6id-6id -10.1310703244 -0.561098735162 4.6933
6id6id6id-6id- -10.0546063357 -0.604364835497 4.6847
6id6id6id6id -10.0453544652 -0.64409345593 4.6938
6id6id6id6id- -10.0834504026 -0.625589714907 4.6939
6ie6ie -9.22819660793 0.78640899351 4.3236
6ie6ie- -9.30330002738 0.875118104889 4.3351
6ie6ie-4ie6ie -8.99417870675 0.536064262012 4.3219
6ie6ie-6ie -9.2110534361 0.696339312939 4.3359
6ie6ie-6ie-6ie -9.07935033822 0.394565065948 4.3253
6ie6ie-6ie-6ie- -8.9811172425 0.3385096152 4.3242
6ie6ie-6ie6ie- -9.15608644071 0.585316866796 4.3358
6ie6ie6ie -9.06465619094 0.445994581441 4.3217
6ie6ie6ie-6ie -9.14248074878 0.408714985555 4.3223
6ie6ie6ie-6ie- -9.01866895222 0.352659534806 4.3220
6ie6ie6ie6ie -8.96479041218 0.245990910081 4.3209
6ie6ie6ie6ie- -9.06057448336 0.287624327384 4.3215
6if6if -9.16833156344 1.03593738349 4.6533
6if6if- -9.26030604088 1.10831966456 4.6935
6if6if-4if6if -8.72533023423 0.60382060782 4.5812
6if6if-6if -9.06819367084 0.77878980603 4.6264
6if6if-6if-6if -8.78737218942 0.413613034649 4.5596
6if6if-6if-6if- -8.67743819863 0.321910671046 4.5521
6if6if-6if6if- -9.02220643212 0.603548493981 4.6202
6if6if6if -9.06710521549 0.59810621721 4.6073
6if6if6if-6if -9.06547253246 0.460416614886 4.6216
6if6if6if-6if- -8.95172894793 0.327352947818 4.5699
6if6if6if6if -9.02139009061 0.359734494609 4.5819
6if6if6if6if- -9.07935033822 0.360822949964 4.6010
6ih6ih -8.48831908082 1.4041074071 4.6272
6ih6ih- -8.53539477489 1.5649266857 4.6615
6ih6ih-4ih6ih -8.23688589397 1.19213072684 4.6276
6ih6ih-6ih -8.46246826615 1.30152048995 4.6549
6ih6ih-6ih-6ih -8.36994956103 1.00518851973 4.6280
6ih6ih-6ih-6ih- -8.32586711918 0.947772499791 4.6153
6ih6ih-6ih6ih- -8.42246753188 1.16954527824 4.6537
6ih6ih6ih -8.36777265032 1.04464502633 4.6144
6ih6ih6ih-6ih -8.39280712347 1.02151535005 4.6166
6ih6ih6ih-6ih- -8.35443907223 0.972262745264 4.6174
6ih6ih6ih6ih -8.29511825542 0.849811517901 4.5841
6ih6ih6ih6ih- -8.33457476202 0.89607087046 4.6068
6ii -9.64589135016 1.91486508212 4.7338
6ii6ii -9.33051141124 1.44383602753 4.6649
6ii6ii6ii6ii -9.0382611486 0.909404448551 4.6608
6il6il- -8.92370122255 1.42152269277 4.6251
6il6il6il6il -8.36750053649 0.632392560871 4.5593
6la6la6la6la -8.59689250241 0.622324348844 4.7783
6ld6ld -9.82276534524 0.248984162305 4.9337
6ld6ld6ld -9.73460046154 -0.158914481734 4.9160
6ld6ld6ld6ld -9.6877968813 -0.379870918665 4.8861
6le6le -8.87281593474 0.938520629279 4.3674
6le6le6le -8.71771104674 0.604636949336 4.3638
6le6le6le6le -8.62519234163 0.426402385063 4.3630
6lf6lf -8.74873202434 1.01008656883 4.8825
6lf6lf6lf -8.62328754476 0.626406056422 4.6438
6lf6lf6lf6lf -8.5530821744 0.412252465456 4.5137
6lh6lh -8.2039601195 1.34397024877 4.6950
6lh6lh6lh -8.06273303727 1.02151535005 4.4701
6lh6lh6lh6lh -7.9846363656 0.853348997802 4.3502
6li6li -8.94655878499 1.48492521716 5.2754
6li6li6li -8.7653309685 1.18097405946 5.0951
6li6li6li6li -8.6771660848 1.04001909107 4.9951
6ll -8.82574024066 1.83894532116 5.2340
6ll6ll -8.42355598723 1.20219893887 4.8331
6ll6ll6ll -8.1870890615 0.854437453157 4.5407
6ll6ll6ll6ll -8.04395718241 0.668311587565 4.3691
