12ag -5.83248801623 0.366537340574 5.1716
12ag12ag -5.48989669345 -0.951309979693 4.2972
12ag12ag- -5.49016880729 -0.951582093531 4.2971
12ag12ag-12ag -5.06730390213 -1.24736983607 3.6038
12ag12ag-12ag- -5.24445001105 -1.36873260808 3.6482
12ag12ag-12ag-12ag -5.10322292882 -1.59567554946 3.2317
12ag12ag-12ag-12ag- -5.10322292882 -1.59567554946 3.2317
12ag12ag-12ag12ag -5.15682935502 -1.6114581521 3.2687
12ag12ag-12ag12ag- -5.15682935502 -1.6114581521 3.2686
12ag12ag12ag -5.24445001105 -1.3681883804 3.6485
12ag12ag12ag- -5.24445001105 -1.3681883804 3.6485
12ag12ag12ag-12ag -5.10322292882 -1.59540343562 3.2317
12ag12ag12ag-12ag- -5.0988691074 -1.58615156511 3.2351
12ag12ag12ag12ag -5.10322292882 -1.59540343562 3.2317
12ag12ag12ag12ag- -5.10322292882 -1.59540343562 3.2317
12dg -6.50869090511 -0.971718517587 4.8792
12dg12dg -6.54651472868 -2.09391598791 3.9826
12dg12dg- -6.19167828316 -2.15759062614 3.7074
12dg12dg-12dg -6.08201640621 -2.62834756689 3.1499
12dg12dg-12dg- -6.55386180232 -2.57011520543 3.5641
12dg12dg-12dg-12dg -6.59331830891 -2.80903115571 3.3192
12dg12dg-12dg-12dg- -6.59331830891 -2.80903115571 3.3192
12dg12dg-12dg12dg -6.59331830891 -2.80903115571 3.3192
12dg12dg-12dg12dg- -6.59277408124 -2.80930326955 3.3183
12dg12dg12dg -6.55386180232 -2.57011520543 3.5641
12dg12dg12dg- -6.56583481122 -2.5458970738 3.5737
12dg12dg12dg-12dg -6.59331830891 -2.80903115571 3.3192
12dg12dg12dg-12dg- -6.59331830891 -2.80903115571 3.3192
12dg12dg12dg12dg -6.59331830891 -2.80903115571 3.3192
12dg12dg12dg12dg- -6.58379432456 -2.85365782524 3.3006
12eg -6.01371583273 -0.317012621951 5.0518
12eg12eg -5.6602399564 -1.22859398121 4.0011
12eg12eg- -5.66051207024 -1.22886609505 4.0011
12eg12eg-12eg -5.18431285272 -1.71431718308 3.1857
12eg12eg-12eg- -5.49370628719 -1.57989294682 3.5169
12eg12eg-12eg-12eg -5.43084799048 -1.73146035492 3.2498
12eg12eg-12eg-12eg- -5.39873855752 -1.76819572312 3.2167
12eg12eg-12eg12eg -5.39873855752 -1.76819572312 3.2167
12eg12eg-12eg12eg- -5.4303037628 -1.73118824108 3.2496
12eg12eg12eg -5.49370628719 -1.57989294682 3.5169
12eg12eg12eg- -5.50921677599 -1.56084497812 3.5258
12eg12eg12eg-12eg -5.43084799048 -1.73146035492 3.2498
12eg12eg12eg-12eg- -5.43084799048 -1.73146035492 3.2498
12eg12eg12eg12eg -5.39873855752 -1.76819572312 3.2167
12eg12eg12eg12eg- -5.39901067136 -1.76819572312 3.2168
12fg -5.82758996713 -0.0454430110437 4.7663
12fg12fg -5.38894245934 -0.745047690045 4.2923
12fg12fg- -5.38785400398 -0.745591917723 4.2915
12fg12fg-12fg -5.1157401654 -1.1107686891 3.6415
12fg12fg-12fg- -5.11546805156 -1.1107686891 3.6413
12fg12fg-12fg-12fg -4.96390064347 -1.30424162834 3.2731
12fg12fg-12fg-12fg- -4.93179121051 -1.32573862159 3.2417
12fg12fg-12fg12fg -4.90730096504 -1.34805195635 3.2055
12fg12fg-12fg12fg- -4.96390064347 -1.3039695145 3.2734
12fg12fg12fg -5.11546805156 -1.1107686891 3.6413
12fg12fg12fg- -5.11546805156 -1.1107686891 3.6413
12fg12fg12fg-12fg -4.96390064347 -1.30424162834 3.2731
12fg12fg12fg-12fg- -4.96390064347 -1.30424162834 3.2731
12fg12fg12fg12fg -4.96390064347 -1.30424162834 3.2731
12fg12fg12fg12fg- -4.96390064347 -1.30424162834 3.2731
12ga -5.80446029085 0.357557583901 5.0736
12ga12ga -5.24771537711 -0.743959234691 4.3078
12ga12ga- -5.24744326327 -0.743959234691 4.3078
12ga12ga-12ga -4.94213153638 -1.16682413985 3.5754
12ga12ga-12ga- -5.33479180546 -1.40138626871 3.7107
12ga12ga-12ga-12ga -5.15927837957 -1.61962156726 3.2649
12ga12ga-12ga-12ga- -5.15927837957 -1.61962156726 3.2649
12ga12ga-12ga12ga -5.15927837957 -1.61962156726 3.2649
12ga12ga-12ga12ga- -4.76444119978 -1.38451521072 3.1349
12ga12ga12ga -5.33724083 -1.407644887 3.7078
12ga12ga12ga- -5.33724083 -1.407644887 3.7078
12ga12ga12ga-12ga -5.15329187512 -1.60411107846 3.2715
12ga12ga12ga-12ga- -5.15329187512 -1.60411107846 3.2715
12ga12ga12ga12ga -5.15982260725 -1.62016579493 3.2646
12ga12ga12ga12ga- -5.15982260725 -1.62016579493 3.2646
12gd -6.46896228468 -1.05580169371 4.7585
12gd12gd -6.46460846326 -2.00302996582 4.0428
12gd12gd- -6.12092868513 -2.10343997226 3.6926
12gd12gd-12gd -5.96391900027 -2.57310845766 3.0927
12gd12gd-12gd- -6.3027007293 -2.45800430394 3.4661
12gd12gd-12gd-12gd -6.25290389684 -2.70998171847 3.1401
12gd12gd-12gd-12gd- -6.23276747279 -2.72685277646 3.1177
12gd12gd-12gd12gd -6.23276747279 -2.72658066262 3.1177
12gd12gd-12gd12gd- -5.90106070355 -2.85392993908 2.7254
12gd12gd12gd- -6.32338138104 -2.4351467415 3.4892
12gd12gd12gd-12gd -6.27059129635 -2.68603570067 3.1676
12gd12gd12gd-12gd- -6.27031918251 -2.68630781451 3.1673
12gd12gd12gd12gd -6.23276747279 -2.72685277646 3.1177
12gd12gd12gd12gd- -6.23276747279 -2.72685277646 3.1177
12ge -5.97670835068 -0.406810188684 4.9195
12ge12ge -5.6651380055 -1.16002129389 4.1101
12ge12ge- -5.37642522276 -1.30070414844 3.7750
12ge12ge-12ge -5.43329701502 -1.47458489129 3.5640
12ge12ge-12ge- -5.40309237894 -1.50179627515 3.5306
12ge12ge-12ge-12ge -5.28689976987 -1.66234343992 3.2195
12ge12ge-12ge-12ge- -5.26322586591 -1.68247986397 3.1920
12ge12ge-12ge12ge -5.26322586591 -1.68220775013 3.1921
12ge12ge-12ge12ge- -5.3111179015 -1.63513205606 3.2533
12ge12ge12ge- -5.43356912886 -1.47431277745 3.5640
12ge12ge12ge-12ge -5.31139001534 -1.63513205606 3.2533
12ge12ge12ge-12ge- -5.3111179015 -1.63513205606 3.2532
12ge12ge12ge12ge -5.26322586591 -1.68247986397 3.1921
12ge12ge12ge12ge- -5.26322586591 -1.68247986397 3.1919
12gf -5.72690784686 0.493342389354 5.2801
12gf12gf -5.30540351089 -0.840831761227 4.2208
12gf12gf- -5.30540351089 -0.840831761227 4.2207
12gf12gf-12gf -4.99437739339 -1.24791406375 3.5092
12gf12gf-12gf- -5.00090812551 -1.2468256084 3.5164
12gf12gf-12gf-12gf -4.83519079782 -1.46642147613 3.0871
12gf12gf-12gf-12gf- -4.83519079782 -1.46642147613 3.0871
12gf12gf-12gf12gf -4.83355811478 -1.46914261452 3.0823
12gf12gf-12gf12gf- -4.82811583801 -1.468326273 3.0791
12gf12gf12gf -5.00090812551 -1.2468256084 3.5164
12gf12gf12gf- -5.00090812551 -1.2468256084 3.5164
12gf12gf12gf-12gf -4.83383022862 -1.46941472836 3.0824
12gf12gf12gf-12gf- -4.83355811478 -1.46914261452 3.0824
12gf12gf12gf12gf -4.83927250539 -1.46941472836 3.0876
12gf12gf12gf12gf- -4.83927250539 -1.46941472836 3.0877
12gg -5.90296550042 -0.19619407762 4.7009
12gg12gg -5.7271799607 -0.824777044751 4.4293
12gg12gg- -5.7271799607 -0.824777044751 4.4293
12gg12gg-12gg -5.60255182262 -1.25117942981 3.8740
12gg12gg-12gg- -5.66486589166 -1.32111268633 3.8510
12gg12gg-12gg-12gg -5.51874076034 -1.47757814352 3.5754
12gg12gg-12gg-12gg- -5.49479474255 -1.47703391584 3.5526
12gg12gg-12gg12gg- -5.53942141207 -1.43975431995 3.5924
12gg12gg12gg -5.56935393432 -1.34941252554 3.7691
12gg12gg12gg12gg -5.49479474255 -1.47703391584 3.5526
12gg12gg12gg12gg- -5.49479474255 -1.47703391584 3.5526
12gh -5.49506685638 0.295515628703 5.1576
12gh12gh -4.86076949864 -0.484906860358 4.0515
12gh12gh- -4.86076949864 -0.485178974197 4.0515
12gh12gh-12gh -4.52307622496 -0.834845256779 3.3905
12gh12gh-12gh- -4.52280411112 -0.834845256779 3.3905
12gh12gh-12gh-12gh -4.31871873218 -1.02124323621 2.9735
12gh12gh-12gh-12gh- -4.31899084602 -1.02124323621 2.9735
12gh12gh-12gh12gh -4.31871873218 -1.02124323621 2.9735
12gh12gh-12gh12gh- -4.31871873218 -1.02124323621 2.9735
12gh12gh12gh -4.52307622496 -0.834845256779 3.3905
12gh12gh12gh- -4.52307622496 -0.834845256779 3.3905
12gh12gh12gh-12gh -4.31871873218 -1.02124323621 2.9735
12gh12gh12gh-12gh- -4.31871873218 -1.02124323621 2.9735
12gh12gh12gh12gh -4.31871873218 -1.02124323621 2.9735
12gh12gh12gh12gh- -4.31871873218 -1.02124323621 2.9735
12gi -6.21371950409 0.264494651105 5.7651
12gi12gi -5.65234865509 -0.550214181619 4.7059
12gi12gi- -5.65234865509 -0.550214181619 4.7059
12gi12gi-12gi -5.43003164896 -0.869675828117 4.1207
12gi12gi-12gi- -5.43003164896 -0.869675828117 4.1208
12gi12gi-12gi-12gi -5.32907741485 -1.02178746389 3.8204
12gi12gi-12gi-12gi- -5.32907741485 -1.02178746389 3.8204
12gi12gi-12gi12gi -5.32907741485 -1.02178746389 3.8204
12gi12gi-12gi12gi- -5.32907741485 -1.02178746389 3.8204
12gi12gi12gi -5.43003164896 -0.869675828117 4.1208
12gi12gi12gi- -5.43003164896 -0.869675828117 4.1207
12gi12gi12gi-12gi -5.32907741485 -1.02178746389 3.8204
12gi12gi12gi-12gi- -5.32907741485 -1.02178746389 3.8204
12gi12gi12gi12gi -5.32907741485 -1.02178746389 3.8204
12gi12gi12gi12gi- -5.32907741485 -1.02178746389 3.8204
12gl -6.21399161793 0.194561394588 5.7013
12gl12gl -5.3146553814 -0.642460772899 4.3660
12gl12gl- -5.21615017183 -0.558105482938 4.3697
12gl12gl-12gl -5.00988788219 -1.00382795054 3.7089
12gl12gl-12gl- -4.97668999388 -0.991854941642 3.6880
12gl12gl-12gl-12gl -4.79954388496 -1.17879714875 3.2870
12gl12gl-12gl-12gl- -4.79954388496 -1.17879714875 3.2870
12gl12gl-12gl12gl -4.83464657014 -1.20247105271 3.2991
12gl12gl-12gl12gl- -4.83464657014 -1.20247105271 3.2991
12gl12gl12gl -4.97668999388 -0.991854941642 3.6880
12gl12gl12gl- -4.97668999388 -0.991854941642 3.6880
12gl12gl12gl-12gl -4.79954388496 -1.17879714875 3.2870
12gl12gl12gl-12gl- -4.79954388496 -1.17879714875 3.2870
12gl12gl12gl12gl -4.79954388496 -1.17879714875 3.2870
12gl12gl12gl12gl- -4.79954388496 -1.17879714875 3.2870
12hg -5.44907961766 0.197010419135 5.0241
12hg12hg -5.09750853821 -0.439735963153 4.2615
12hg12hg- -5.09750853821 -0.439735963153 4.2615
12hg12hg-12hg -4.90185868827 -0.788585904219 3.7090
12hg12hg-12hg- -4.90185868827 -0.788585904219 3.7091
12hg12hg-12hg-12hg -4.7102905459 -1.04845462007 3.2918
12hg12hg-12hg-12hg- -4.7102905459 -1.04845462007 3.2918
12hg12hg-12hg12hg -4.7102905459 -1.04845462007 3.2918
12hg12hg-12hg12hg- -4.7102905459 -1.04845462007 3.2918
12hg12hg12hg -4.90213080211 -0.788585904219 3.7094
12hg12hg12hg- -4.90185868827 -0.788585904219 3.7091
12hg12hg12hg-12hg -4.80743518628 -0.970902176071 3.4094
12hg12hg12hg-12hg- -4.7102905459 -1.04845462007 3.2918
12hg12hg12hg12hg -4.71056265974 -1.04845462007 3.2918
12hg12hg12hg12hg- -4.7102905459 -1.04845462007 3.2918
12ig -5.74541158788 0.505043284414 5.1607
12ig12ig -5.57125873119 -0.452525313567 4.6413
12ig12ig- -5.57098661735 -0.452797427405 4.6411
12ig12ig-12ig -5.40118758207 -0.780150375223 4.1395
12ig12ig-12ig- -5.40064335439 -0.7806946029 4.1390
12ig12ig-12ig-12ig -5.22159244861 -1.10559852617 3.6751
12ig12ig-12ig-12ig- -5.22132033477 -1.10559852617 3.6750
12ig12ig-12ig12ig -5.33397546394 -0.935255263216 3.8844
12ig12ig-12ig12ig- -5.33397546394 -0.935255263216 3.8844
12ig12ig12ig -5.40118758207 -0.780422489062 4.1392
12ig12ig12ig- -5.40118758207 -0.780150375223 4.1395
12ig12ig12ig-12ig -5.3337033501 -0.935255263216 3.8843
12ig12ig12ig-12ig- -5.3337033501 -0.935255263216 3.8843
12ig12ig12ig12ig -5.3337033501 -0.935255263216 3.8843
12ig12ig12ig12ig- -5.3337033501 -0.935255263216 3.8843
12lg -5.74377890485 0.5423228803 5.2728
13ag -5.26621911813 0.887907455303 4.9369
13ag13ag -5.30458716937 -0.0726543949022 4.8529
13ag13ag- -5.11873341762 0.0821783792526 4.7284
13ag13ag-13ag -4.99410527955 -0.275379204648 4.2511
13ag13ag-13ag- -4.87355884906 -0.524091253115 3.9680
13ag13ag-13ag-13ag -4.77804689171 -0.838926964357 3.5540
13ag13ag-13ag-13ag- -4.77804689171 -0.838926964357 3.5540
13ag13ag-13ag13ag- -4.96798235104 -0.478920355909 3.9941
13ag13ag13ag -4.87355884906 -0.524091253115 3.9679
13ag13ag13ag- -4.93179121051 -0.582051500733 3.9813
13ag13ag13ag-13ag -4.77804689171 -0.838926964357 3.5540
13ag13ag13ag-13ag- -4.87655210128 -0.711033460222 3.7525
13ag13ag13ag13ag -4.79682274657 -0.867498917409 3.5536
13ag13ag13ag13ag- -4.77804689171 -0.838926964357 3.5540
13dg -5.98051794442 -0.271841724746 5.0523
13dg13dg -6.35848406621 -1.29444553015 4.4917
13dg13dg- -6.35848406621 -1.29417341631 4.4920
13dg13dg-13dg -6.15630348415 -2.00928858411 3.7309
13dg13dg-13dg- -6.33263325155 -1.77336588606 4.0635
13dg13dg-13dg-13dg -6.04473681033 -2.36167600508 3.2260
13dg13dg-13dg-13dg- -6.36936861976 -2.08031029598 3.7954
13dg13dg-13dg13dg -6.36936861976 -2.08031029598 3.7955
13dg13dg-13dg13dg- -6.20201860903 -2.18480201 3.5552
13dg13dg13dg -6.33290536539 -1.77336588606 4.0636
13dg13dg13dg- -5.9571161543 -1.93881109992 3.5902
13dg13dg13dg-13dg -6.476853586 -1.84411548409 4.0595
13dg13dg13dg-13dg- -6.31004780295 -1.93119191244 3.8701
13dg13dg13dg13dg -6.36882439208 -2.08085452366 3.7948
13dg13dg13dg13dg- -6.36909650592 -2.08031029598 3.7953
13eg -5.4994206778 0.34422400581 5.0573
13eg13eg -5.35928205093 -0.467763688527 4.3495
13eg13eg- -5.35928205093 -0.467763688527 4.3495
13eg13eg-13eg -5.3337033501 -0.741782323982 4.0523
13eg13eg-13eg- -5.25098074317 -0.86913160044 3.8983
13eg13eg-13eg-13eg -5.27166139491 -0.985052095677 3.7735
13eg13eg-13eg-13eg- -5.21751074103 -1.11376194133 3.6208
13eg13eg-13eg13eg -5.21751074103 -1.11376194133 3.6208
13eg13eg-13eg13eg- -5.3421388791 -0.891172821366 3.8976
13eg13eg13eg -5.25098074317 -0.86913160044 3.8983
13eg13eg13eg- -5.3337033501 -0.741782323982 4.0523
13eg13eg13eg-13eg -5.3421388791 -0.891172821366 3.8976
13eg13eg13eg-13eg- -5.2871718837 -1.01988266702 3.7516
13eg13eg13eg13eg -5.21751074103 -1.11376194133 3.6208
13eg13eg13eg13eg- -5.21751074103 -1.11376194133 3.6208
13fg -5.38785400398 0.601371583273 5.3301
13fg13fg -4.92308356768 0.032109432953 4.5428
13fg13fg- -4.92308356768 0.0323815467916 4.5428
13fg13fg-13fg -4.66403119335 -0.416606286874 3.8624
13fg13fg-13fg- -4.66403119335 -0.416606286874 3.8624
13fg13fg-13fg-13fg -4.67028981163 -0.447627264472 3.7743
13fg13fg-13fg-13fg- -4.52525313567 -0.690080694651 3.4467
13fg13fg-13fg13fg -4.52987907092 -0.685182645557 3.4554
13fg13fg-13fg13fg- -4.67028981163 -0.447627264472 3.7744
13fg13fg13fg -4.65967737193 -0.42504181587 3.8503
13fg13fg13fg- -4.74457688957 -0.274562863132 4.0465
13fg13fg13fg-13fg -4.67028981163 -0.447627264472 3.7743
13fg13fg13fg-13fg- -4.59981232744 -0.600555241757 3.5821
13fg13fg13fg13fg -4.52987907092 -0.685182645557 3.4554
13fg13fg13fg13fg- -4.52987907092 -0.685182645557 3.4554
13ga -5.24009618963 0.86913160044 4.8945
13ga13ga -5.30458716937 -0.0723822810636 4.8530
13ga13ga- -5.30458716937 -0.0723822810636 4.8530
13ga13ga-13ga -4.95736991134 -0.573343857898 3.9849
13ga13ga-13ga- -5.03002430624 -0.604092721659 4.0643
13ga13ga-13ga-13ga -4.99083991349 -0.75566012975 3.8199
13ga13ga-13ga-13ga- -4.9274373891 -0.912941928452 3.6303
13ga13ga-13ga13ga -4.9274373891 -0.912941928452 3.6303
13ga13ga-13ga13ga- -5.09778065205 -0.548309384749 4.0759
13ga13ga13ga -5.03002430624 -0.604092721659 4.0643
13ga13ga13ga- -5.03002430624 -0.604092721659 4.0643
13ga13ga13ga-13ga -4.9274373891 -0.912941928452 3.6303
13ga13ga13ga-13ga- -4.99764275945 -0.745864031561 3.8295
13ga13ga13ga13ga -4.9274373891 -0.912941928452 3.6303
13ga13ga13ga13ga- -4.9274373891 -0.912941928452 3.6303
13gd -5.94351046237 -0.357013356223 4.9409
13gd13gd -6.13399014938 -1.13988486983 4.3943
13gd13gd-13gd -5.96174208956 -1.93554573385 3.6081
13gd13gd-13gd- -6.00500818989 -1.6566290493 3.8534
13gd13gd-13gd-13gd -6.00827355595 -2.16820306584 3.4056
13gd13gd-13gd-13gd- -5.77616045164 -2.24031323307 3.0900
13gd13gd-13gd13gd -5.93371436418 -2.08194297901 3.3929
13gd13gd-13gd13gd- -5.88963192233 -2.10180728923 3.3449
13gd13gd13gd -6.01235526353 -1.66887417204 3.8488
13gd13gd13gd- -5.96174208956 -1.93554573385 3.6081
13gd13gd13gd-13gd -5.88963192233 -2.10180728923 3.3449
13gd13gd13gd-13gd- -5.77616045164 -2.24031323307 3.0900
13gd13gd13gd13gd -5.98732079038 -1.96928784984 3.5393
13ge -5.46105262656 0.25007261766 5.0404
13ge13ge -5.33288700859 -0.382864170889 4.4237
13ge13ge- -5.33288700859 -0.382864170889 4.4235
13ge13ge-13ge -5.21696651335 -0.628038739454 4.0665
13ge13ge-13ge- -5.04689536423 -0.811987694337 3.7862
13ge13ge-13ge-13ge -5.18757821878 -0.757292812782 3.8866
13ge13ge-13ge-13ge- -5.08227016325 -0.915118839161 3.6835
13ge13ge-13ge13ge -5.18785033262 -0.757020698943 3.8871
13ge13ge-13ge13ge- -4.97179194478 -1.0585228321 3.4663
13ge13ge13ge -5.04689536423 -0.811987694337 3.7863
13ge13ge13ge- -5.21696651335 -0.627766625615 4.0669
13ge13ge13ge-13ge -5.18757821878 -0.757020698943 3.8869
13ge13ge13ge-13ge- -5.18785033262 -0.757292812782 3.8868
13ge13ge13ge13ge -4.97179194478 -1.0585228321 3.4663
13ge13ge13ge13ge- -4.97179194478 -1.05879494593 3.4662
13gf -5.15301976128 1.15893283853 5.0671
13gf13gf -4.84607535136 -0.0416334173035 4.4609
13gf13gf- -4.84607535136 -0.0416334173035 4.4609
13gf13gf-13gf -4.64906493222 -0.400279456558 3.9009
13gf13gf-13gf- -4.6256631421 -0.574160199414 3.7335
13gf13gf-13gf-13gf -4.56933557752 -0.606269632367 3.5660
13gf13gf-13gf-13gf- -4.54430110437 -0.77307541542 3.4017
13gf13gf-13gf13gf -4.56933557752 -0.606269632367 3.5660
13gf13gf-13gf13gf- -4.56933557752 -0.606269632367 3.5660
13gf13gf13gf -4.6256631421 -0.574160199414 3.7335
13gf13gf13gf- -4.6256631421 -0.574160199414 3.7335
13gf13gf13gf-13gf -4.56933557752 -0.606269632367 3.5660
13gf13gf13gf-13gf- -4.56933557752 -0.606269632367 3.5660
13gf13gf13gf13gf -4.51055898838 -0.87294119418 3.2999
13gf13gf13gf13gf- -4.51055898838 -0.87294119418 3.2999
13gg -5.99929379928 0.626133942584 5.6940
13gg13gg -5.39710587449 -0.684094190202 4.3065
13gg13gg- -5.33179855323 -0.0881648837015 4.6764
13gg13gg13gg -5.30594773857 -0.478920355909 4.2918
13gg13gg13gg- -5.44363734089 -0.305583840731 4.5924
13gh -4.95274397608 0.896887211976 5.1605
13gh13gh -4.49913020716 0.112655129174 4.1828
13gh13gh- -4.49913020716 0.112655129174 4.1828
13gh13gh-13gh -4.36280117403 -0.0481641494295 3.8593
13gh13gh-13gh- -4.4803543523 0.0647630935832 4.0148
13gh13gh-13gh-13gh -4.29504482822 -0.255242780593 3.5556
13gh13gh-13gh-13gh- -4.29504482822 -0.255242780593 3.5556
13gh13gh-13gh13gh- -4.29504482822 -0.255242780593 3.5556
13gh13gh13gh -4.36252906019 -0.0484362632681 3.8592
13gh13gh13gh- -4.4803543523 0.0647630935832 4.0148
13gh13gh13gh-13gh- -4.29504482822 -0.255242780593 3.5556
13gh13gh13gh13gh -4.29504482822 -0.255242780593 3.5556
13gh13gh13gh13gh- -4.29504482822 -0.255242780593 3.5556
13gi -5.708131992 0.903962171779 5.8311
13gi13gi -5.2349260267 0.225310258348 4.9704
13gi13gi- -5.2349260267 0.225310258348 4.9703
13gi13gi-13gi -5.10431138418 -0.0438103280122 4.5409
13gi13gi-13gi- -5.10431138418 -0.0438103280122 4.5409
13gi13gi-13gi-13gi -5.07492308961 -0.17687399508 4.3420
13gi13gi-13gi-13gi- -5.07492308961 -0.17687399508 4.3420
13gi13gi-13gi13gi -5.07492308961 -0.17687399508 4.3420
13gi13gi-13gi13gi- -5.07492308961 -0.17687399508 4.3420
13gi13gi13gi -5.10431138418 -0.0438103280122 4.5409
13gi13gi13gi- -5.10431138418 -0.0438103280122 4.5409
13gi13gi13gi-13gi -5.07492308961 -0.17687399508 4.3420
13gi13gi13gi-13gi- -5.07492308961 -0.17687399508 4.3420
13gi13gi13gi13gi -5.07492308961 -0.17687399508 4.3420
13gi13gi13gi13gi- -5.07492308961 -0.17687399508 4.3420
13gl13gl -5.03791560756 0.110206104627 4.7227
13gl13gl- -5.03791560756 0.110206104627 4.7227
13gl13gl-13gl -4.80797941396 -0.177418222757 4.2030
13gl13gl-13gl- -4.73151542531 -0.392932382917 3.9505
13gl13gl-13gl-13gl -4.64988127374 -0.517832634827 3.6985
13gl13gl-13gl-13gl- -4.61069688098 -0.679468254947 3.5299
13gl13gl-13gl13gl -4.61069688098 -0.679468254947 3.5299
13gl13gl-13gl13gl- -4.69858965085 -0.363271974511 3.8816
13gl13gl13gl -4.73151542531 -0.393204496755 3.9502
13gl13gl13gl- -4.80797941396 -0.177418222757 4.2030
13gl13gl13gl-13gl -4.69858965085 -0.363271974511 3.8816
13gl13gl13gl-13gl- -4.6185881823 -0.501505804512 3.6984
13gl13gl13gl13gl -4.61069688098 -0.679196141108 3.5299
13gl13gl13gl13gl- -4.61069688098 -0.679196141108 3.5299
13hg -4.95301608992 0.816069401916 5.1064
13hg13hg -4.39953654224 0.0936071604732 4.0802
13hg13hg- -4.39953654224 0.0936071604732 4.0801
13hg13hg-13hg -4.52470890799 -0.0340142298231 4.0578
13hg13hg-13hg- -4.52470890799 -0.0342863436617 4.0576
13hg13hg-13hg-13hg -4.48443605988 -0.208439200356 3.8164
13hg13hg-13hg-13hg- -4.48443605988 -0.208439200356 3.8163
13hg13hg-13hg13hg -4.48443605988 -0.208439200356 3.8164
13hg13hg-13hg13hg- -4.42157776317 -0.279460912227 3.6836
13hg13hg13hg -4.52470890799 -0.0342863436617 4.0577
13hg13hg13hg- -4.52470890799 -0.0342863436617 4.0577
13hg13hg13hg-13hg -4.48443605988 -0.208439200356 3.8164
13hg13hg13hg-13hg- -4.48443605988 -0.208439200356 3.8163
13hg13hg13hg13hg -4.48443605988 -0.208439200356 3.8163
13hg13hg13hg13hg- -4.48443605988 -0.208439200356 3.8163
13ig -5.70785987816 0.903962171779 5.8310
13ig13ig -5.1334275649 0.390755472208 4.8789
13ig13ig- -5.1334275649 0.391027586047 4.8789
13ig13ig-13ig -5.04988861646 0.0993215510835 4.5811
13ig13ig-13ig- -5.04961650262 0.0985052095677 4.5798
13ig13ig-13ig-13ig -5.05206552717 -0.0508852878154 4.4202
13ig13ig-13ig-13ig- -5.05206552717 -0.0508852878154 4.4202
13ig13ig-13ig13ig -5.05206552717 -0.0508852878154 4.4202
13ig13ig-13ig13ig- -5.05206552717 -0.0508852878154 4.4202
13ig13ig13ig -5.04988861646 0.0993215510835 4.5812
13ig13ig13ig- -5.04961650262 0.0985052095677 4.5798
13ig13ig13ig-13ig -5.05206552717 -0.0508852878154 4.4202
13ig13ig13ig-13ig- -5.05206552717 -0.0508852878154 4.4202
13ig13ig13ig13ig -5.05206552717 -0.0508852878154 4.4202
13ig13ig13ig13ig- -5.05206552717 -0.0508852878154 4.4202
13lg -5.16009472109 1.10587064001 5.0199
4ag -5.94759216995 -0.126532934942 5.0068
4ag4ag -5.91031257406 -0.700965248195 4.5414
4ag4ag- -5.91031257406 -0.700965248195 4.5414
4ag4ag-4ag -5.8569782617 -0.945323475244 4.3127
4ag4ag-4ag- -5.83384858542 -0.953486890402 4.2841
4ag4ag-4ag-4ag -5.80282760782 -1.07920348383 4.1695
4ag4ag-4ag-4ag- -5.82214769036 -1.07430543473 4.1849
4ag4ag-4ag4ag -5.82214769036 -1.07430543473 4.1849
4ag4ag-4ag4ag- -5.82214769036 -1.07430543473 4.1849
4ag4ag4ag -5.85534557867 -0.963827216268 4.3016
4ag4ag4ag- -5.8569782617 -0.945323475244 4.3126
4ag4ag4ag-4ag -5.82214769036 -1.07430543473 4.1849
4ag4ag4ag-4ag- -5.82214769036 -1.07430543473 4.1849
4ag4ag4ag4ag -5.81915443814 -1.10233316011 4.1650
4ag4ag4ag4ag- -5.82078712117 -1.08709478515 4.1749
4dg -6.53290903675 -1.43431204318 4.8347
4dg4dg -6.65236701189 -1.82289060468 4.2090
4dg4dg- -6.65236701189 -1.82289060468 4.2090
4dg4dg-4dg -6.68991872161 -2.02479907291 4.0720
4dg4dg-4dg- -6.68991872161 -2.02452695907 4.0721
4dg4dg-4dg-4dg -6.65236701189 -2.14643395876 3.9794
4dg4dg-4dg-4dg- -6.69318408767 -2.13772631592 4.0257
4dg4dg-4dg4dg -6.69318408767 -2.13772631592 4.0257
4dg4dg-4dg4dg- -6.69318408767 -2.13772631592 4.0257
4dg4dg4dg -6.64719684895 -2.03541151262 4.0220
4dg4dg4dg- -6.68991872161 -2.02452695907 4.0720
4dg4dg4dg-4dg -6.69318408767 -2.13772631592 4.0257
4dg4dg4dg-4dg- -6.69318408767 -2.13772631592 4.0257
4dg4dg4dg4dg -6.64393148289 -2.16194444756 3.9613
4dg4dg4dg4dg- -6.65236701189 -2.14643395876 3.9794
4eg -5.88718289778 -0.840831761227 4.7510
4eg4eg -5.87412143353 -1.11131291678 4.1798
4eg4eg- -5.87412143353 -1.11131291678 4.1798
4eg4eg-4eg -5.86486956302 -1.24111121779 4.0898
4eg4eg-4eg- -5.86486956302 -1.24111121779 4.0898
4eg4eg-4eg-4eg -5.84772639119 -1.33063667068 4.0166
4eg4eg-4eg-4eg- -5.85507346483 -1.31512618188 4.0401
4eg4eg-4eg4eg -5.85507346483 -1.31512618188 4.0402
4eg4eg-4eg4eg- -5.85507346483 -1.31512618188 4.0402
4eg4eg4eg -5.85561769251 -1.25934284497 4.0649
4eg4eg4eg- -5.86486956302 -1.24111121779 4.0898
4eg4eg4eg-4eg -5.85507346483 -1.31512618188 4.0402
4eg4eg4eg-4eg- -5.85507346483 -1.31512618188 4.0401
4eg4eg4eg4eg -5.84010720371 -1.34886829787 3.9969
4eg4eg4eg4eg- -5.84663793584 -1.32954821533 4.0255
4fg -5.52091767105 -0.202724809746 4.6661
4fg4fg -5.46295742343 -0.631304105517 4.1702
4fg4fg- -5.46295742343 -0.631304105517 4.1702
4fg4fg-4fg -5.39547319146 -0.820423223334 3.9812
4fg4fg-4fg- -5.39547319146 -0.820967451011 3.9809
4fg4fg-4fg-4fg -5.3576493679 -0.954031118079 3.8497
4fg4fg-4fg-4fg- -5.35710514022 -0.915935180677 3.8763
4fg4fg-4fg4fg -5.35710514022 -0.915935180677 3.8763
4fg4fg-4fg4fg- -5.35710514022 -0.915935180677 3.8763
4fg4fg4fg -5.39765010217 -0.862872982153 3.9517
4fg4fg4fg- -5.39547319146 -0.820967451011 3.9809
4fg4fg4fg-4fg -5.35710514022 -0.915935180677 3.8763
4fg4fg4fg-4fg- -5.35710514022 -0.915935180677 3.8763
4fg4fg4fg4fg -5.35737725406 -0.988045347902 3.8217
4fg4fg4fg4fg- -5.35220709113 -0.954303231917 3.8406
4ga -5.94759216995 -0.126532934942 5.0068
4ga4ga -5.91031257406 -0.700965248195 4.5414
4ga4ga- -5.91031257406 -0.700965248195 4.5414
4ga4ga-4ga -5.8569782617 -0.945323475244 4.3126
4ga4ga-4ga- -5.8569782617 -0.945323475244 4.3127
4ga4ga-4ga-4ga -5.82078712117 -1.08709478515 4.1749
4ga4ga-4ga-4ga- -5.82078712117 -1.08709478515 4.1749
4ga4ga-4ga4ga -5.82214769036 -1.07430543473 4.1849
4ga4ga-4ga4ga- -5.82214769036 -1.07430543473 4.1849
4ga4ga4ga -5.85561769251 -0.964099330106 4.3015
4ga4ga4ga- -5.8569782617 -0.945323475244 4.3126
4ga4ga4ga-4ga -5.82214769036 -1.07430543473 4.1848
4ga4ga4ga-4ga- -5.82214769036 -1.07430543473 4.1849
4ga4ga4ga4ga -5.81915443814 -1.10233316011 4.1650
4ga4ga4ga4ga- -5.82078712117 -1.08872746818 4.1773
4gd -6.53290903675 -1.43431204318 4.8347
4gd4gd -6.65236701189 -1.82289060468 4.2091
4gd4gd- -6.65236701189 -1.82289060468 4.2090
4gd4gd-4gd -6.68991872161 -2.02452695907 4.0721
4gd4gd-4gd- -6.68991872161 -2.02452695907 4.0720
4gd4gd-4gd-4gd -6.65236701189 -2.14643395876 3.9794
4gd4gd-4gd-4gd- -6.65236701189 -2.14643395876 3.9794
4gd4gd-4gd4gd -6.69318408767 -2.13772631592 4.0257
4gd4gd-4gd4gd- -6.69318408767 -2.13772631592 4.0257
4gd4gd4gd -6.64719684895 -2.03541151262 4.0220
4gd4gd4gd- -6.68991872161 -2.02452695907 4.0721
4gd4gd4gd-4gd -6.69318408767 -2.13772631592 4.0257
4gd4gd4gd-4gd- -6.69318408767 -2.13772631592 4.0257
4gd4gd4gd4gd -6.64393148289 -2.16194444756 3.9613
4gd4gd4gd4gd- -6.69427254303 -2.14616184492 4.0242
4ge -5.88718289778 -0.840559647389 4.7508
4ge4ge -5.87412143353 -1.11131291678 4.1798
4ge4ge- -5.87412143353 -1.11131291678 4.1798
4ge4ge-4ge -5.86486956302 -1.24111121779 4.0899
4ge4ge-4ge- -5.86486956302 -1.24083910395 4.0901
4ge4ge-4ge-4ge -5.84663793584 -1.32982032916 4.0254
4ge4ge-4ge-4ge- -5.84663793584 -1.32954821533 4.0255
4ge4ge-4ge4ge -5.85480135099 -1.31512618188 4.0401
4ge4ge-4ge4ge- -5.85480135099 -1.31512618188 4.0401
4ge4ge4ge -5.85561769251 -1.25934284497 4.0648
4ge4ge4ge- -5.86486956302 -1.24111121779 4.0899
4ge4ge4ge-4ge -5.85480135099 -1.31512618188 4.0401
4ge4ge4ge-4ge- -5.85480135099 -1.31512618188 4.0401
4ge4ge4ge4ge -5.84010720371 -1.34886829787 3.9970
4ge4ge4ge4ge- -5.84772639119 -1.33036455684 4.0167
4gf -5.52091767105 -0.202724809746 4.6661
4gf4gf -5.46295742343 -0.631304105517 4.1702
4gf4gf- -5.46295742343 -0.631304105517 4.1702
4gf4gf-4gf -5.39547319146 -0.820423223334 3.9812
4gf4gf-4gf- -5.39547319146 -0.820967451011 3.9809
4gf4gf-4gf-4gf -5.35220709113 -0.954031118079 3.8409
4gf4gf-4gf-4gf- -5.35220709113 -0.954031118079 3.8409
4gf4gf-4gf4gf -5.35710514022 -0.915935180677 3.8763
4gf4gf-4gf4gf- -5.35710514022 -0.915935180677 3.8763
4gf4gf4gf -5.39765010217 -0.862872982153 3.9517
4gf4gf4gf- -5.39547319146 -0.820967451011 3.9809
4gf4gf4gf-4gf -5.35710514022 -0.915935180677 3.8763
4gf4gf4gf-4gf- -5.35710514022 -0.915935180677 3.8763
4gf4gf4gf4gf -5.35737725406 -0.988045347902 3.8217
4gf4gf4gf4gf- -5.3576493679 -0.954031118079 3.8498
4gg -5.6376545078 -0.350210510259 4.5756
4gg4gg -5.70513873977 -0.776340781483 4.2547
4gg4gg- -5.70595508129 -0.776612895321 4.2552
4gg4gg-4gg -5.67792735591 -0.927908189575 4.0998
4gg4gg-4gg- -5.67792735591 -0.927908189575 4.0998
4gg4gg-4gg-4gg -5.67438987601 -1.04954307542 4.0139
4gg4gg-4gg-4gg- -5.67438987601 -1.04954307542 4.0139
4gg4gg-4gg4gg -5.6771110144 -1.00682120276 4.0480
4gg4gg-4gg4gg- -5.6771110144 -1.0070933166 4.0479
4gg4gg4gg -5.68962825097 -0.980970388099 4.0581
4gg4gg4gg- -5.67792735591 -0.927908189575 4.0998
4gg4gg4gg-4gg -5.6771110144 -1.0070933166 4.0479
4gg4gg4gg-4gg- -5.6771110144 -1.0070933166 4.0479
4gg4gg4gg4gg -5.68717922642 -1.09335340343 3.9796
4gg4gg4gg4gg- -5.67438987601 -1.04981518926 4.0139
4gh -5.63547759709 -0.0103403258662 4.8840
4gh4gh -5.25696724762 -0.289801238093 4.3176
4gh4gh- -5.25696724762 -0.289801238093 4.3176
4gh4gh-4gh -5.16989081927 -0.555928572229 3.9667
4gh4gh-4gh- -5.146761143 -0.422320677484 4.0767
4gh4gh-4gh-4gh- -5.11274691317 -0.708584435675 3.8183
4gh4gh-4gh4gh -5.11274691317 -0.708584435675 3.8183
4gh4gh-4gh4gh- -5.11274691317 -0.708584435675 3.8183
4gh4gh4gh -5.11383536853 -0.455246451953 4.0278
4gh4gh4gh- -5.16989081927 -0.555928572229 3.9667
4gh4gh4gh-4gh -5.11274691317 -0.708584435675 3.8183
4gh4gh4gh-4gh- -5.11274691317 -0.708584435675 3.8183
4gh4gh4gh4gh -5.11274691317 -0.708584435675 3.8183
4gi -5.77071817487 -0.0876206560243 4.9125
4gi4gi -5.75085386465 -0.304223271538 4.7338
4gi4gi- -5.75248654769 -0.305583840731 4.7331
4gi4gi-4gi -5.73098955444 -0.423681246677 4.6527
4gi4gi-4gi- -5.7307174406 -0.423953360515 4.6524
4gi4gi-4gi-4gi -5.70214548755 -0.479464583587 4.6206
4gi4gi-4gi-4gi- -5.70214548755 -0.480008811264 4.6201
4gi4gi-4gi4gi -5.70241760139 -0.480008811264 4.6202
4gi4gi-4gi4gi- -5.70214548755 -0.480008811264 4.6200
4gi4gi4gi -5.7307174406 -0.424225474354 4.6523
4gi4gi4gi- -5.7307174406 -0.424497588192 4.6522
4gi4gi4gi-4gi -5.70214548755 -0.479464583587 4.6207
4gi4gi4gi-4gi- -5.70241760139 -0.479464583587 4.6205
4gi4gi4gi4gi -5.70268971522 -0.479464583587 4.6205
4gi4gi4gi4gi- -5.70268971522 -0.479464583587 4.6204
4gl -5.46431799262 -0.133607894745 4.6758
4hg -5.63520548325 -0.0100682120276 4.8839
4hg4hg -5.25696724762 -0.289801238093 4.3176
4hg4hg- -5.25696724762 -0.289801238093 4.3176
4hg4hg-4hg -5.11383536853 -0.455246451953 4.0278
4hg4hg-4hg- -5.16989081927 -0.555928572229 3.9667
4hg4hg-4hg-4hg -5.11274691317 -0.708584435675 3.8183
4hg4hg-4hg-4hg- -5.11274691317 -0.708584435675 3.8183
4hg4hg-4hg4hg -5.10159024579 -0.601371583273 3.8754
4hg4hg-4hg4hg- -5.10159024579 -0.601371583273 3.8754
4hg4hg4hg -5.16989081927 -0.555928572229 3.9667
4hg4hg4hg- -5.16989081927 -0.555928572229 3.9667
4hg4hg4hg-4hg- -5.11274691317 -0.708584435675 3.8183
4hg4hg4hg4hg -5.11274691317 -0.708584435675 3.8183
4ig -5.77071817487 -0.0876206560243 4.9125
4ig4ig -5.75248654769 -0.304767499215 4.7334
4ig4ig- -5.75248654769 -0.304495385377 4.7335
4ig4ig-4ig -5.7307174406 -0.424225474354 4.6523
4ig4ig-4ig- -5.7307174406 -0.42504181587 4.6519
4ig4ig-4ig-4ig -5.70241760139 -0.479736697425 4.6203
4ig4ig-4ig-4ig- -5.70214548755 -0.479464583587 4.6205
4ig4ig-4ig4ig -5.70214548755 -0.479464583587 4.6206
4ig4ig-4ig4ig- -5.70214548755 -0.479464583587 4.6205
4ig4ig4ig -5.7307174406 -0.424497588192 4.6522
4ig4ig4ig- -5.7307174406 -0.424497588192 4.6522
4ig4ig4ig-4ig -5.70214548755 -0.480008811264 4.6200
4ig4ig4ig-4ig- -5.70241760139 -0.479464583587 4.6205
4ig4ig4ig4ig -5.70214548755 -0.479464583587 4.6206
4ig4ig4ig4ig- -5.70241760139 -0.479736697425 4.6202
4lg -5.46431799262 -0.133607894745 4.6758
5aa -6.37453878269 -0.167622124568 6.0481
5aa5aa -5.66051207024 -1.01988266702 4.3430
5aa5aa- -5.5078562068 -1.17498755501 4.1188
5aa5aa-5aa -5.15492455815 -1.59322652491 3.3663
5aa5aa-5aa- -5.34513213132 -1.40492374861 3.6482
5aa5aa-5aa-5aa- -5.17751000676 -1.61173026594 3.2578
5aa5aa-5aa5aa -5.17751000676 -1.61173026594 3.2578
5aa5aa-5aa5aa- -4.96852657872 -1.81853678326 2.9421
5aa5aa5aa -5.34513213132 -1.40492374861 3.6483
5aa5aa5aa- -5.34513213132 -1.40492374861 3.6482
5aa5aa5aa-5aa -5.17751000676 -1.61173026594 3.2578
5aa5aa5aa-5aa- -5.19683008929 -1.6043831923 3.2718
5aa5aa5aa5aa -5.17751000676 -1.61173026594 3.2578
5aa5aa5aa5aa- -5.17751000676 -1.61173026594 3.2578
5ad -7.12693354638 -1.31893577562 5.5566
5ad5ad -6.6531833534 -2.33119925516 4.0111
5ad5ad- -6.56719538041 -2.45011300262 3.8515
5ad5ad-5ad -6.3718176443 -2.9499861241 3.1793
5ad5ad-5ad- -6.47005074003 -2.81311286329 3.3588
5ad5ad-5ad-5ad -6.39712423129 -3.09230166168 2.9955
5ad5ad-5ad5ad -6.39712423129 -3.09230166168 2.9955
5ad5ad-5ad5ad- -6.29045560657 -3.24169215906 2.7982
5ad5ad5ad -6.47005074003 -2.81311286329 3.3588
5ad5ad5ad- -6.47005074003 -2.81311286329 3.3588
5ad5ad5ad-5ad -6.39712423129 -3.09230166168 2.9955
5ad5ad5ad5ad- -6.39712423129 -3.09230166168 2.9955
5ae -6.21725698399 -0.693890288392 5.2414
5ae5ae -5.73888085576 -1.52465383759 3.9066
5ae5ae- -5.66595434702 -1.64030221899 3.7655
5ae5ae-5ae -5.37642522276 -2.02779232513 3.1138
5ae5ae-5ae- -5.46540644798 -1.89445654423 3.2780
5ae5ae-5ae-5ae -5.31900920282 -2.09201119104 2.9244
5ae5ae-5ae-5ae- -5.31873708898 -2.09228330488 2.9242
5ae5ae-5ae5ae- -5.21968765174 -2.23759209468 2.7396
5ae5ae5ae -5.46540644798 -1.89445654423 3.2781
5ae5ae5ae- -5.46540644798 -1.89445654423 3.2780
5ae5ae5ae-5ae -5.31873708898 -2.09201119104 2.9242
5ae5ae5ae-5ae- -5.32853318717 -2.09282753256 2.9276
5ae5ae5ae5ae -5.31900920282 -2.09201119104 2.9244
5ae5ae5ae5ae- -5.31900920282 -2.09201119104 2.9244
5af -5.84010720371 -0.0674842319691 5.4008
5af5af -5.46159685424 -0.957840711819 4.1174
5af5af- -5.46159685424 -0.95756859798 4.1175
5af5af-5af -5.29778432341 -1.35131732241 3.5605
5af5af-5af- -5.29778432341 -1.35104520857 3.5607
5af5af-5af-5af -5.18213594201 -1.58832847582 3.2164
5af5af-5af-5af- -5.18213594201 -1.58832847582 3.2164
5af5af-5af5af -5.22458570083 -1.56601514106 3.2534
5af5af-5af5af- -5.22458570083 -1.56601514106 3.2534
5af5af5af -5.24934806014 -1.37063740495 3.5269
5af5af5af- -5.2490759463 -1.37063740495 3.5269
5af5af5af-5af -5.17478886837 -1.57989294682 3.2190
5af5af5af-5af- -5.17478886837 -1.57989294682 3.2190
5af5af5af5af -5.13941406935 -1.59703611865 3.1881
5af5af5af5af- -5.13941406935 -1.59703611865 3.1881
5ag -5.87548200273 -0.343407664294 5.0503
5ag5ag -5.68282540501 -1.18315097017 4.0339
5ag5ag- -5.68282540501 -1.18342308401 4.0340
5ag5ag-5ag -5.59085092757 -1.55649115671 3.5853
5ag5ag-5ag- -5.59085092757 -1.55649115671 3.5854
5ag5ag-5ag-5ag -5.49479474255 -1.79241385476 3.2739
5ag5ag-5ag-5ag- -5.49479474255 -1.79241385476 3.2739
5ag5ag-5ag5ag -5.55765303926 -1.74914775442 3.3479
5ag5ag-5ag5ag- -5.55765303926 -1.74914775442 3.3479
5ag5ag5ag -5.5269041755 -1.59295441108 3.5192
5ag5ag5ag- -5.5269041755 -1.59295441108 3.5192
5ag5ag5ag-5ag -5.49452262871 -1.7807129597 3.2828
5ag5ag5ag-5ag- -5.49452262871 -1.7807129597 3.2828
5ag5ag5ag5ag -5.44200465786 -1.81635987255 3.2199
5ag5ag5ag5ag- -5.44200465786 -1.81635987255 3.2198
5ah -5.31900920282 0.111022446143 5.0166
5ah5ah -4.90485194049 -0.657154920183 3.8807
5ah5ah- -4.90485194049 -0.657154920183 3.8807
5ah5ah-5ah -4.67845322679 -0.989405917095 3.3375
5ah5ah-5ah- -4.67845322679 -0.989405917095 3.3375
5ah5ah-5ah-5ah -4.55028760882 -1.16383088763 3.0272
5ah5ah-5ah-5ah- -4.55028760882 -1.16383088763 3.0272
5ah5ah-5ah5ah -4.55028760882 -1.16383088763 3.0272
5ah5ah-5ah5ah- -4.55028760882 -1.16383088763 3.0272
5ah5ah5ah -4.67845322679 -0.989405917095 3.3375
5ah5ah5ah- -4.67845322679 -0.989405917095 3.3375
5ah5ah5ah-5ah -4.55028760882 -1.16383088763 3.0272
5ah5ah5ah-5ah- -4.55028760882 -1.16383088763 3.0272
5ah5ah5ah5ah -4.55028760882 -1.16383088763 3.0272
5ah5ah5ah5ah- -4.55028760882 -1.16383088763 3.0272
5ai -6.19739267377 -0.0261229285042 5.8464
5ai5ai -5.56772125129 -0.812531922015 4.3935
5ai5ai- -5.56772125129 -0.812531922015 4.3935
5ai5ai-5ai -5.30649196624 -1.14750405731 3.7791
5ai5ai-5ai- -5.30649196624 -1.14750405731 3.7791
5ai5ai-5ai-5ai -5.17506098221 -1.31893577562 3.4513
5ai5ai-5ai-5ai- -5.17478886837 -1.31920788946 3.4511
5ai5ai-5ai5ai -5.17478886837 -1.31920788946 3.4511
5ai5ai-5ai5ai- -5.17478886837 -1.31920788946 3.4510
5ai5ai5ai -5.30649196624 -1.14750405731 3.7791
5ai5ai5ai- -5.30649196624 -1.14750405731 3.7791
5ai5ai5ai-5ai -5.17478886837 -1.31920788946 3.4510
5ai5ai5ai-5ai- -5.17478886837 -1.31920788946 3.4511
5ai5ai5ai5ai -5.17478886837 -1.31920788946 3.4510
5ai5ai5ai5ai- -5.17506098221 -1.31893577562 3.4513
5al -5.65697459034 -0.111838787658 5.2017
5al5al -4.97560153853 -0.951037865854 3.7729
5al5al- -4.95410454528 -0.975800225165 3.7387
5al5al-5al -4.57994801722 -1.34288179342 3.0422
5al5al-5al- -4.59763541673 -1.32274536936 3.0697
5al5al-5al-5al -4.35708678342 -1.53934798487 2.6243
5al5al-5al-5al- -4.37150881687 -1.52274904072 2.6468
5al5al-5al5al -4.37123670303 -1.52274904072 2.6468
5al5al-5al5al- -4.35708678342 -1.53934798487 2.6243
5al5al5al -4.57994801722 -1.34288179342 3.0424
5al5al5al- -4.57994801722 -1.34288179342 3.0423
5al5al5al-5al -4.37123670303 -1.52274904072 2.6468
5al5al5al-5al- -4.36579442626 -1.52982400052 2.6376
5al5al5al5al -4.37123670303 -1.52274904072 2.6468
5al5al5al5al- -4.37123670303 -1.52274904072 2.6468
5da -7.12693354638 -1.31893577562 5.5566
5da5da -6.6531833534 -2.33119925516 4.0111
5da5da- -6.56719538041 -2.45011300262 3.8515
5da5da-5da -6.3718176443 -2.9499861241 3.1793
5da5da-5da- -6.47005074003 -2.81311286329 3.3588
5da5da-5da-5da -6.39712423129 -3.09230166168 2.9955
5da5da-5da5da -6.39712423129 -3.09230166168 2.9955
5da5da-5da5da- -6.29045560657 -3.24169215906 2.7982
5da5da5da- -6.47005074003 -2.81311286329 3.3588
5da5da5da-5da -6.39712423129 -3.09230166168 2.9955
5da5da5da-5da- -6.40610398797 -3.09230166168 2.9985
5dd -7.77184334382 -2.02452695907 5.2141
5dd5dd -7.6793246387 -3.00740214404 4.1903
5dd5dd- -7.6793246387 -3.00740214404 4.1903
5dd5dd-5dd -7.77619716524 -3.40849794211 3.8543
5dd5dd-5dd- -7.51224674181 -3.63190340359 3.4391
5dd5dd-5dd-5dd -7.87851196855 -3.62156307773 3.7154
5dd5dd-5dd-5dd- -7.56231568811 -3.84306374233 3.2861
5dd5dd-5dd5dd -7.75388383048 -3.71625869355 3.5467
5dd5dd-5dd5dd- -7.66299780839 -3.79054577149 3.4146
5dd5dd5dd -7.64367772585 -3.50074453339 3.6827
5dd5dd5dd- -7.53619275961 -3.62455632995 3.4935
5dd5dd5dd-5dd- -7.75388383048 -3.71625869355 3.5467
5dd5dd5dd5dd -7.56231568811 -3.84306374233 3.2861
5dd5dd5dd5dd- -7.56258780195 -3.84306374233 3.2862
5de -6.82651986858 -1.48165985109 4.8194
5de5de -6.67767359887 -2.29119852088 3.9163
5de5de- -6.67740148504 -2.29147063472 3.9159
5de5de-5de -6.57998473082 -2.66481082126 3.4708
5de5de-5de- -6.57998473082 -2.66481082126 3.4709
5de5de-5de-5de -6.5388955412 -2.87406636313 3.2234
5de5de-5de-5de- -6.5388955412 -2.87406636313 3.2235
5de5de-5de5de -6.5388955412 -2.87406636313 3.2234
5de5de-5de5de- -6.5388955412 -2.87406636313 3.2235
5de5de5de -6.64801319047 -2.62100049325 3.5521
5de5de5de- -6.64801319047 -2.62154472093 3.5517
5de5de5de-5de -6.5388955412 -2.87406636313 3.2234
5de5de5de-5de- -6.59331830891 -2.83923579179 3.2910
5de5de5de5de -6.5388955412 -2.87406636313 3.2235
5de5de5de5de- -6.5388955412 -2.87406636313 3.2234
5df -6.59359042275 -1.26560146326 4.8178
5df5df -6.37807626259 -2.23214981791 3.7472
5df5df- -6.37807626259 -2.23214981791 3.7472
5df5df-5df -6.27902682535 -2.67487903329 3.2260
5df5df-5df- -6.26841438564 -2.67950496855 3.2297
5df5df-5df-5df -6.23548861117 -2.93910157056 2.9254
5df5df-5df-5df- -6.23276747279 -2.9415505951 2.9293
5df5df-5df5df -6.23276747279 -2.9415505951 2.9293
5df5df-5df5df- -6.23521649733 -2.93910157056 2.9253
5df5df5df -6.26841438564 -2.67950496855 3.2297
5df5df5df- -6.27848259767 -2.67487903329 3.2257
5df5df5df-5df -6.24718950623 -2.93420352146 2.9266
5df5df5df-5df- -6.24419625401 -2.9415505951 2.9305
5df5df5df5df -6.23276747279 -2.9415505951 2.9293
5df5df5df5df- -6.23276747279 -2.9415505951 2.9293
5dg -6.45834984497 -1.42070635125 4.4529
5dg5dg -6.50896301895 -2.16629826897 3.6692
5dg5dg- -6.50869090511 -2.16629826897 3.6692
5dg5dg-5dg -6.58705969062 -2.49365121679 3.4487
5dg5dg-5dg- -6.58705969062 -2.49365121679 3.4487
5dg5dg-5dg-5dg -6.52746675997 -2.75351993264 3.2285
5dg5dg-5dg-5dg- -6.52746675997 -2.75351993264 3.2285
5dg5dg-5dg5dg -6.52746675997 -2.75351993264 3.2285
5dg5dg-5dg5dg- -6.62787676641 -2.67188578107 3.3419
5dg5dg5dg -6.51331684037 -2.53446829258 3.3880
5dg5dg5dg- -6.51331684037 -2.53446829258 3.3880
5dg5dg5dg-5dg -6.62787676641 -2.67188578107 3.3419
5dg5dg5dg-5dg- -6.60175383791 -2.72522009343 3.2917
5dg5dg5dg5dg -6.52746675997 -2.75351993264 3.2285
5dg5dg5dg5dg- -6.52746675997 -2.75351993264 3.2285
5dh -5.92038078609 -1.16002129389 4.2136
5dh5dh -5.69071670633 -1.90534109777 3.3498
5dh5dh- -5.69044459249 -1.90506898393 3.3498
5dh5dh-5dh -5.57098661735 -2.26643616157 2.9009
5dh5dh-5dh- -5.57098661735 -2.26643616157 2.9009
5dh5dh-5dh-5dh -5.52010132953 -2.47487536193 2.6496
5dh5dh-5dh-5dh- -5.52010132953 -2.47487536193 2.6497
5dh5dh-5dh5dh -5.52010132953 -2.47487536193 2.6496
5dh5dh-5dh5dh- -5.52010132953 -2.47487536193 2.6496
5dh5dh5dh -5.57098661735 -2.26643616157 2.9009
5dh5dh5dh- -5.57098661735 -2.26643616157 2.9009
5dh5dh5dh-5dh -5.52037344337 -2.47487536193 2.6500
5dh5dh5dh-5dh- -5.51982921569 -2.47487536193 2.6496
5dh5dh5dh5dh -5.52010132953 -2.47487536193 2.6496
5dh5dh5dh5dh- -5.52010132953 -2.47487536193 2.6496
5di -6.96339312939 -1.20981812635 5.2879
5di5di -6.62597196954 -1.96847150832 4.1989
5di5di- -6.62597196954 -1.96847150832 4.1989
5di5di-5di -6.5650184697 -2.30643689585 3.7748
5di5di-5di- -6.5650184697 -2.30643689585 3.7748
5di5di-5di-5di -6.56284155899 -2.48956950921 3.5629
5di5di-5di-5di- -6.56284155899 -2.48929739537 3.5630
5di5di-5di5di -6.56284155899 -2.48929739537 3.5630
5di5di-5di5di- -6.56284155899 -2.48929739537 3.5630
5di5di5di -6.5650184697 -2.30643689585 3.7748
5di5di5di- -6.5650184697 -2.30643689585 3.7748
5di5di5di-5di -6.56284155899 -2.48929739537 3.5630
5di5di5di-5di- -6.56284155899 -2.48956950921 3.5629
5di5di5di5di -6.56284155899 -2.48929739537 3.5630
5di5di5di5di- -6.56284155899 -2.48929739537 3.5630
5dl -6.30324495698 -1.26886682932 4.5408
5dl5dl -6.32093235649 -2.04384704161 3.8198
5dl5dl- -6.32093235649 -2.04384704161 3.8198
5dl5dl-5dl -6.17072551759 -2.34371649173 3.3726
5dl5dl-5dl- -6.09099616288 -2.40086039783 3.2846
5dl5dl-5dl-5dl -6.0466416072 -2.54344804925 3.0691
5dl5dl-5dl-5dl- -5.97398721229 -2.6044015491 2.9753
5dl5dl-5dl5dl -5.97398721229 -2.6044015491 2.9753
5dl5dl-5dl5dl- -6.10895567623 -2.4958281275 3.1442
5dl5dl5dl -6.09099616288 -2.40086039783 3.2846
5dl5dl5dl- -6.17072551759 -2.34371649173 3.3726
5dl5dl5dl-5dl -6.10895567623 -2.4958281275 3.1441
5dl5dl5dl-5dl- -6.02541672779 -2.56739406705 3.0367
5dl5dl5dl5dl -5.97398721229 -2.6044015491 2.9753
5dl5dl5dl5dl- -5.97398721229 -2.6044015491 2.9753
5ea -6.21725698399 -0.693890288392 5.2414
5ea5ea -5.73888085576 -1.52465383759 3.9068
5ea5ea- -5.66595434702 -1.64057433283 3.7653
5ea5ea-5ea -5.37642522276 -2.02779232513 3.1138
5ea5ea-5ea- -5.46540644798 -1.89445654423 3.2780
5ea5ea-5ea-5ea -5.31873708898 -2.09201119104 2.9243
5ea5ea-5ea-5ea- -5.31873708898 -2.09201119104 2.9243
5ea5ea-5ea5ea -5.31873708898 -2.09201119104 2.9243
5ea5ea-5ea5ea- -5.21968765174 -2.23759209468 2.7396
5ea5ea5ea -5.46540644798 -1.89472865807 3.2779
5ea5ea5ea- -5.46540644798 -1.89445654423 3.2781
5ea5ea5ea-5ea -5.31873708898 -2.09201119104 2.9243
5ea5ea5ea-5ea- -5.32853318717 -2.09282753256 2.9276
5ea5ea5ea5ea -5.31900920282 -2.09201119104 2.9244
5ea5ea5ea5ea- -5.31873708898 -2.09228330488 2.9242
5ed -6.82651986858 -1.48138773726 4.8195
5ed5ed -6.67740148504 -2.29147063472 3.9161
5ed5ed- -6.67767359887 -2.29147063472 3.9162
5ed5ed-5ed -6.57998473082 -2.66481082126 3.4708
5ed5ed-5ed- -6.57998473082 -2.66481082126 3.4708
5ed5ed-5ed-5ed -6.5388955412 -2.87406636313 3.2235
5ed5ed-5ed-5ed- -6.5388955412 -2.87406636313 3.2235
5ed5ed-5ed5ed -6.5388955412 -2.87406636313 3.2234
5ed5ed-5ed5ed- -6.5960394473 -2.83624253957 3.2952
5ed5ed5ed -6.57998473082 -2.66481082126 3.4710
5ed5ed5ed- -6.57998473082 -2.66481082126 3.4710
5ed5ed5ed-5ed -6.5388955412 -2.87406636313 3.2236
5ed5ed5ed-5ed- -6.5388955412 -2.87406636313 3.2235
5ed5ed5ed5ed -6.53862342736 -2.87406636313 3.2234
5ed5ed5ed5ed- -6.5388955412 -2.87406636313 3.2235
5ee -6.34242934974 -0.938792743118 4.8234
5ee5ee -6.01398794657 -1.55050465226 3.9990
5ee5ee- -6.01371583273 -1.5507767661 3.9987
5ee5ee-5ee -5.88500598708 -1.7736379999 3.6278
5ee5ee-5ee- -5.81561695824 -1.82806076761 3.5367
5ee5ee-5ee-5ee -5.76636435345 -1.92819866021 3.3641
5ee5ee-5ee-5ee- -5.70894833351 -1.97064841903 3.2878
5ee5ee-5ee5ee -5.70894833351 -1.97064841903 3.2878
5ee5ee-5ee5ee- -5.83248801623 -1.87540857553 3.4535
5ee5ee5ee -5.8153448444 -1.82833288145 3.5362
5ee5ee5ee- -5.88473387324 -1.77391011374 3.6273
5ee5ee5ee-5ee -5.83276013007 -1.87540857553 3.4535
5ee5ee5ee-5ee- -5.76636435345 -1.92819866021 3.3641
5ee5ee5ee5ee -5.70894833351 -1.97064841903 3.2878
5ee5ee5ee5ee- -5.70894833351 -1.97064841903 3.2878
5ef -6.02487250011 -0.639739634513 4.8673
5ef5ef -5.60227970879 -1.4266928557 3.7715
5ef5ef- -5.60227970879 -1.4266928557 3.7714
5ef5ef-5ef -5.37370408437 -1.76737938161 3.2436
5ef5ef-5ef- -5.37370408437 -1.76710726777 3.2437
5ef5ef-5ef-5ef -5.26132106904 -1.9464302874 2.9381
5ef5ef-5ef-5ef- -5.25669513378 -1.95105622265 2.9405
5ef5ef-5ef5ef -5.27084505339 -1.95160045033 2.9419
5ef5ef-5ef5ef- -5.27084505339 -1.95160045033 2.9419
5ef5ef5ef -5.37370408437 -1.76710726777 3.2437
5ef5ef5ef- -5.3837722964 -1.76193710484 3.2381
5ef5ef5ef-5ef -5.27547098865 -1.94262069366 2.9390
5ef5ef5ef-5ef- -5.27084505339 -1.95160045033 2.9419
5ef5ef5ef5ef -5.25669513378 -1.95105622265 2.9405
5ef5ef5ef5ef- -5.25669513378 -1.95105622265 2.9405
5eg -5.99466786403 -0.822872247881 4.5934
5eg5eg -5.85969940009 -1.42560440035 3.7933
5eg5eg- -5.85969940009 -1.42533228651 3.7934
5eg5eg-5eg -5.82133134885 -1.66588091982 3.5528
5eg5eg-5eg- -5.82133134885 -1.66588091982 3.5527
5eg5eg-5eg-5eg -5.71085313038 -1.86942207108 3.3207
5eg5eg-5eg-5eg- -5.71085313038 -1.86942207108 3.3207
5eg5eg-5eg5eg -5.71085313038 -1.86942207108 3.3208
5eg5eg-5eg5eg- -5.8104467953 -1.78506678112 3.4364
5eg5eg5eg -5.76554801194 -1.71268450005 3.4995
5eg5eg5eg- -5.76554801194 -1.71268450005 3.4994
5eg5eg5eg-5eg -5.71085313038 -1.86942207108 3.3208
5eg5eg5eg-5eg- -5.77071817487 -1.839217435 3.3790
5eg5eg5eg5eg -5.71085313038 -1.86942207108 3.3208
5eg5eg5eg5eg- -5.71085313038 -1.86942207108 3.3208
5eh -5.44091620251 -0.561098735162 4.3293
5eh5eh -5.05097707181 -1.06886315796 3.5092
5eh5eh- -5.05097707181 -1.06886315796 3.5092
5eh5eh-5eh -4.85668779106 -1.38397098304 3.0407
5eh5eh-5eh- -4.85668779106 -1.38397098304 3.0407
5eh5eh-5eh-5eh -4.74784225563 -1.51023180415 2.8068
5eh5eh-5eh-5eh- -4.74784225563 -1.51023180415 2.8068
5eh5eh-5eh5eh -4.74784225563 -1.51023180415 2.8067
5eh5eh-5eh5eh- -4.74784225563 -1.51023180415 2.8068
5eh5eh5eh -4.8569599049 -1.38397098304 3.0408
5eh5eh5eh- -4.8569599049 -1.3836988692 3.0409
5eh5eh5eh-5eh -4.74784225563 -1.51023180415 2.8068
5eh5eh5eh-5eh- -4.74784225563 -1.51023180415 2.8068
5eh5eh5eh5eh -4.74784225563 -1.51023180415 2.8069
5eh5eh5eh5eh- -4.74784225563 -1.51023180415 2.8067
5ei -6.14922852434 -0.600283127918 5.2320
5ei5ei -5.81099102298 -1.17444332733 4.1920
5ei5ei- -5.81126313682 -1.17444332733 4.1920
5ei5ei-5ei -5.67602255904 -1.39784878881 3.8006
5ei5ei-5ei- -5.67602255904 -1.39784878881 3.8006
5ei5ei-5ei-5ei -5.61670174223 -1.50206838899 3.6127
5ei5ei-5ei-5ei- -5.61670174223 -1.50206838899 3.6127
5ei5ei-5ei5ei -5.61670174223 -1.50206838899 3.6126
5ei5ei-5ei5ei- -5.61670174223 -1.50206838899 3.6125
5ei5ei5ei -5.67602255904 -1.39784878881 3.8006
5ei5ei5ei- -5.67602255904 -1.39784878881 3.8006
5ei5ei5ei-5ei -5.61670174223 -1.50206838899 3.6126
5ei5ei5ei-5ei- -5.61670174223 -1.50206838899 3.6126
5ei5ei5ei5ei -5.61670174223 -1.50206838899 3.6127
5ei5ei5ei5ei- -5.61670174223 -1.50206838899 3.6126
5el -5.80609297389 -0.676202888884 4.6105
5el5el -5.75275866152 -1.25444479588 4.0073
5el5el- -5.75275866152 -1.25444479588 4.0074
5el5el-5el -5.553027104 -1.4922722908 3.5965
5el5el-5el- -5.553027104 -1.4922722908 3.5965
5el5el-5el-5el -5.43928351947 -1.60955335523 3.3602
5el5el-5el-5el- -5.38839823166 -1.64003010515 3.2995
5el5el-5el5el -5.43928351947 -1.60955335523 3.3602
5el5el-5el5el- -5.43928351947 -1.60955335523 3.3602
5el5el5el -5.52418303711 -1.48791846938 3.5748
5el5el5el- -5.55275499016 -1.4922722908 3.5964
5el5el5el-5el -5.43928351947 -1.60955335523 3.3603
5el5el5el-5el- -5.38839823166 -1.64030221899 3.2993
5el5el5el5el -5.34241099294 -1.64139067434 3.2580
5el5el5el5el- -5.34241099294 -1.64139067434 3.2580
5fa -5.77833736235 -0.114832039883 5.3122
5fa5fa -5.08417496012 -1.0000183568 3.8338
5fa5fa- -5.08417496012 -1.00029047064 3.8336
5fa5fa-5fa -4.71600493652 -1.38124984466 3.1292
5fa5fa-5fa- -4.71600493652 -1.38097773082 3.1294
5fa5fa-5fa-5fa -4.49858597949 -1.58669579279 2.7056
5fa5fa-5fa-5fa- -4.49858597949 -1.58669579279 2.7056
5fa5fa-5fa5fa -4.49858597949 -1.58696790663 2.7055
5fa5fa-5fa5fa- -4.49858597949 -1.58696790663 2.7056
5fa5fa5fa -4.71627705035 -1.38097773082 3.1294
5fa5fa5fa- -4.71600493652 -1.38097773082 3.1293
5fa5fa5fa-5fa -4.49858597949 -1.58669579279 2.7056
5fa5fa5fa-5fa- -4.49858597949 -1.58696790663 2.7055
5fa5fa5fa5fa -4.49967443484 -1.5853352236 2.7075
5fa5fa5fa5fa- -4.49885809332 -1.58669579279 2.7057
5fd -6.53372537826 -1.42886976641 4.6043
5fd5fd -6.20691665812 -2.14316859269 3.6590
5fd5fd- -6.20691665812 -2.14316859269 3.6591
5fd5fd-5fd -6.06949916964 -2.5184135761 3.1610
5fd5fd-5fd- -6.01997445101 -2.53664520329 3.1226
5fd5fd-5fd-5fd -5.95031330834 -2.75624107103 2.8335
5fd5fd-5fd-5fd- -5.92092501377 -2.7736563567 2.8020
5fd5fd-5fd5fd -5.92092501377 -2.7736563567 2.8020
5fd5fd-5fd5fd- -6.00555241757 -2.73719310233 2.8833
5fd5fd5fd -6.01997445101 -2.53691731713 3.1225
5fd5fd5fd- -6.06977128348 -2.5184135761 3.1611
5fd5fd5fd-5fd -5.92092501377 -2.7736563567 2.8020
5fd5fd5fd-5fd- -5.97126607391 -2.76005066477 2.8442
5fd5fd5fd5fd -5.92092501377 -2.7736563567 2.8020
5fd5fd5fd5fd- -5.92092501377 -2.7736563567 2.8020
5fe -5.99140249796 -0.815525174239 4.6538
5fe5fe -5.52826474469 -1.33689528897 3.7671
5fe5fe- -5.52799263085 -1.33716740281 3.7669
5fe5fe-5fe -5.29533529886 -1.59050538653 3.2910
5fe5fe-5fe- -5.24254521418 -1.61417929049 3.2467
5fe5fe-5fe-5fe -5.10948154711 -1.74751507139 2.9750
5fe5fe-5fe-5fe- -5.07573943112 -1.76928417848 2.9378
5fe5fe-5fe5fe -5.07573943112 -1.76928417848 2.9379
5fe5fe-5fe5fe- -5.16825813624 -1.72601807814 3.0302
5fe5fe5fe -5.24254521418 -1.61417929049 3.2468
5fe5fe5fe- -5.29533529886 -1.59050538653 3.2910
5fe5fe5fe-5fe -5.16825813624 -1.72601807814 3.0301
5fe5fe5fe-5fe- -5.12907374349 -1.75431791736 2.9840
5fe5fe5fe5fe -5.07573943112 -1.76928417848 2.9378
5fe5fe5fe5fe- -5.07573943112 -1.76928417848 2.9378
5ff -5.70214548755 0.109389763111 5.4159
5ff5ff -5.23791927892 -0.813892491207 4.1148
5ff5ff- -5.23764716508 -0.814980946562 4.1140
5ff5ff-5ff -4.92308356768 -1.21988633838 3.4078
5ff5ff-5ff- -4.91818551858 -1.22315170444 3.4149
5ff5ff-5ff-5ff -4.75083550785 -1.43975431995 3.0023
5ff5ff-5ff-5ff- -4.74838648331 -1.44628505208 3.0047
5ff5ff-5ff5ff -4.73886249896 -1.44438025521 3.0060
5ff5ff-5ff5ff- -4.57559419581 -1.53254513891 2.8157
5ff5ff5ff -4.91818551858 -1.22315170444 3.4149
5ff5ff5ff- -4.92335568152 -1.21988633838 3.4079
5ff5ff5ff-5ff -4.75083550785 -1.43975431995 3.0024
5ff5ff5ff-5ff- -4.74838648331 -1.44628505208 3.0047
5ff5ff5ff5ff -4.73913461279 -1.44438025521 3.0064
5ff5ff5ff5ff- -4.73940672663 -1.44438025521 3.0064
5fg -5.99630054706 -0.582323614572 4.9395
5fg5fg -5.60826621324 -1.1298166578 4.0288
5fg5fg- -5.6150690592 -1.20600853261 3.9684
5fg5fg-5fg -5.43329701502 -1.50751066576 3.4919
5fg5fg-5fg- -5.43329701502 -1.50751066576 3.4920
5fg5fg-5fg-5fg -5.3195534305 -1.67431644881 3.2321
5fg5fg-5fg-5fg- -5.31356692605 -1.69907880812 3.2104
5fg5fg-5fg5fg -5.32962164252 -1.67513279033 3.2357
5fg5fg-5fg5fg- -5.26921237036 -1.65935018769 3.2178
5fg5fg5fg -5.40145969591 -1.52982400052 3.4732
5fg5fg5fg- -5.40064335439 -1.49635399838 3.4946
5fg5fg5fg-5fg -5.26921237036 -1.65935018769 3.2178
5fg5fg5fg-5fg- -5.31220635685 -1.71077970318 3.1984
5fg5fg5fg5fg -5.27356619178 -1.71322872773 3.1799
5fg5fg5fg5fg- -5.27356619178 -1.71350084157 3.1800
5fh -5.61234792081 -0.0957840711819 5.1294
5fh5fh -5.13152276803 -0.848995176385 3.9027
5fh5fh- -5.13152276803 -0.848995176385 3.9027
5fh5fh-5fh -4.67818111295 -1.09389763111 3.2432
5fh5fh-5fh- -4.67301095002 -1.0930812896 3.2568
5fh5fh-5fh-5fh -4.5198108589 -1.33390203674 2.8671
5fh5fh-5fh-5fh- -4.5198108589 -1.33390203674 2.8671
5fh5fh-5fh5fh -4.52579736334 -1.3230174832 2.8759
5fh5fh-5fh5fh- -4.52008297273 -1.33417415058 2.8672
5fh5fh5fh -4.84906860358 -1.21308349241 3.3045
5fh5fh5fh- -4.67790899911 -1.09389763111 3.2431
5fh5fh5fh-5fh -4.5198108589 -1.33390203674 2.8671
5fh5fh5fh-5fh- -4.67899745447 -1.41662464367 2.9419
5fh5fh5fh5fh -4.70022233388 -1.41254293609 2.9500
5fh5fh5fh5fh- -4.53287232315 -1.32247325552 2.8668
5fi -5.69724743845 0.043266100335 5.3678
5fi5fi -5.2194155379 -0.624229145714 4.1886
5fi5fi- -5.2194155379 -0.624229145714 4.1886
5fi5fi-5fi -4.98839088894 -0.900424691877 3.6644
5fi5fi-5fi- -4.98866300278 -0.900424691877 3.6645
5fi5fi-5fi-5fi -4.86158584016 -1.03566526965 3.3935
5fi5fi-5fi-5fi- -4.86158584016 -1.03566526965 3.3935
5fi5fi-5fi5fi -4.86158584016 -1.03566526965 3.3935
5fi5fi-5fi5fi- -4.86158584016 -1.03566526965 3.3935
5fi5fi5fi -4.98839088894 -0.900424691877 3.6644
5fi5fi5fi- -4.98866300278 -0.900424691877 3.6644
5fi5fi5fi-5fi -4.86158584016 -1.03566526965 3.3935
5fi5fi5fi-5fi- -4.86158584016 -1.03566526965 3.3935
5fi5fi5fi5fi -4.86158584016 -1.03566526965 3.3935
5fi5fi5fi5fi- -4.86158584016 -1.03566526965 3.3935
5fl -5.70894833351 0.0647630935832 5.3544
5fl5fl -5.38050693034 -0.597289875694 4.3620
5fl5fl- -5.38077904418 -0.597017761855 4.3623
5fl5fl-5fl -5.09070569225 -0.876478674082 3.7809
5fl5fl-5fl- -5.05342609636 -1.08083616686 3.6061
5fl5fl-5fl-5fl -4.95628145599 -0.996752990737 3.5056
5fl5fl-5fl-5fl- -4.81968030902 -1.14423869125 3.3029
5fl5fl-5fl5fl -4.93777771496 -1.27975138286 3.2777
5fl5fl-5fl5fl- -4.9570977975 -0.996208763059 3.5066
5fl5fl5fl -5.07247406506 -0.98641266487 3.7108
5fl5fl5fl- -5.09070569225 -0.876478674082 3.7809
5fl5fl5fl-5fl -4.95655356982 -0.996480876898 3.5060
5fl5fl5fl-5fl- -4.9464853578 -1.14641560196 3.3886
5fl5fl5fl5fl -4.93696137345 -1.27403699225 3.2856
5fl5fl5fl5fl- -4.90403559898 -1.1847836532 3.3452
5ga -5.85126387109 -0.354836445515 5.0504
5ga5ga -5.77017394719 -1.22723341202 4.1245
5ga5ga- -5.45479400827 -1.36383455899 3.7792
5ga5ga-5ga -5.53316279379 -1.57445067005 3.5614
5ga5ga-5ga- -5.49533897022 -1.59023327269 3.5263
5ga5ga-5ga-5ga -5.38540497943 -1.77853604899 3.2143
5ga5ga-5ga-5ga- -5.3492138389 -1.78833214718 3.1833
5ga5ga-5ga5ga -5.3492138389 -1.78833214718 3.1833
5ga5ga-5ga5ga- -5.37696945044 -1.78288987041 3.2068
5ga5ga5ga -5.49533897022 -1.59023327269 3.5263
5ga5ga5ga- -5.53125799692 -1.58070928834 3.5557
5ga5ga5ga-5ga -5.41043945258 -1.77309377222 3.2353
5ga5ga5ga-5ga- -5.37696945044 -1.78288987041 3.2067
5ga5ga5ga5ga- -5.3492138389 -1.78833214718 3.1833
5gd -6.41562797232 -1.48655790019 4.3431
5gd5gd -6.43277114415 -2.12303216864 3.7088
5gd5gd- -6.43277114415 -2.12303216864 3.7088
5gd5gd-5gd -6.49181984712 -2.40548633309 3.5099
5gd5gd-5gd- -6.40692032948 -2.47732438648 3.3890
5gd5gd-5gd-5gd -6.45073065749 -2.62154472093 3.2993
5gd5gd-5gd-5gd- -6.40311073574 -2.67787228551 3.2123
5gd5gd-5gd5gd -6.40311073574 -2.67787228551 3.2123
5gd5gd-5gd5gd- -6.53699074433 -2.55406048896 3.4136
5gd5gd5gd -6.40692032948 -2.47732438648 3.3890
5gd5gd5gd- -6.49181984712 -2.40548633309 3.5099
5gd5gd5gd-5gd -6.53699074433 -2.55378837512 3.4137
5gd5gd5gd-5gd- -6.47903049671 -2.62154472093 3.3095
5gd5gd5gd5gd -6.40311073574 -2.67787228551 3.2123
5gd5gd5gd5gd- -6.40311073574 -2.67787228551 3.2123
5ge -5.95276233288 -0.889268024495 4.4806
5ge5ge -5.7998343556 -1.4351283847 3.8255
5ge5ge- -5.7998343556 -1.43485627086 3.8254
5ge5ge-5ge -5.73235012363 -1.67132319659 3.5424
5ge5ge-5ge- -5.68010426662 -1.71594986612 3.4796
5ge5ge-5ge-5ge -5.69751955229 -1.77771970748 3.3986
5ge5ge-5ge-5ge- -5.60364027798 -1.86289133895 3.2725
5ge5ge-5ge5ge -5.69751955229 -1.77771970748 3.3986
5ge5ge-5ge5ge- -5.69751955229 -1.77771970748 3.3986
5ge5ge5ge -5.68010426662 -1.71594986612 3.4796
5ge5ge5ge- -5.73235012363 -1.67159531043 3.5424
5ge5ge5ge-5ge -5.69751955229 -1.77771970748 3.3986
5ge5ge5ge-5ge- -5.65588613499 -1.82125792165 3.3391
5ge5ge5ge5ge -5.60336816414 -1.86316345279 3.2722
5ge5ge5ge5ge- -5.60364027798 -1.86289133895 3.2725
5gf -5.73289435131 -0.202180582069 5.1031
5gf5gf -5.5734356419 -1.05797860442 4.0686
5gf5gf- -5.5734356419 -1.05797860442 4.0685
5gf5gf-5gf -5.40336449278 -1.41499196064 3.5603
5gf5gf-5gf- -5.40336449278 -1.41499196064 3.5603
5gf5gf-5gf-5gf -5.3026823725 -1.62016579493 3.2614
5gf5gf-5gf-5gf- -5.30295448634 -1.62016579493 3.2614
5gf5gf-5gf5gf -5.30839676311 -1.60166205391 3.2646
5gf5gf-5gf5gf- -5.30839676311 -1.60166205391 3.2646
5gf5gf5gf -5.38295595489 -1.43050244944 3.5631
5gf5gf5gf- -5.38295595489 -1.43050244944 3.5631
5gf5gf5gf-5gf -5.27928058239 -1.61036969675 3.2589
5gf5gf5gf-5gf- -5.27928058239 -1.61036969675 3.2589
5gf5gf5gf5gf -5.27111716723 -1.62588018554 3.2518
5gf5gf5gf5gf- -5.27111716723 -1.62588018554 3.2518
5gg -6.05398868084 -0.605181177013 4.8995
5gg5gg -6.01045046666 -1.17117796127 4.1675
5gg5gg- -6.01045046666 -1.17117796127 4.1675
5gg5gg-5gg -5.99221883948 -1.41227082226 3.9071
5gg5gg-5gg- -5.99085827029 -1.34587504564 3.9485
5gg5gg-5gg-5gg -5.87466566121 -1.65091465869 3.7436
5gg5gg-5gg-5gg- -5.87493777505 -1.65091465869 3.7436
5gg5gg-5gg5gg -6.0036476207 -1.50179627515 3.9267
5gg5gg-5gg5gg- -6.0036476207 -1.50179627515 3.9267
5gg5gg5gg -5.91167314326 -1.49308863232 3.8417
5gg5gg5gg- -5.91167314326 -1.49308863232 3.8417
5gg5gg5gg-5gg -5.89044826385 -1.61363506281 3.7274
5gg5gg5gg-5gg- -5.89072037769 -1.61363506281 3.7274
5gg5gg5gg5gg -5.84772639119 -1.72737864734 3.6195
5gg5gg5gg5gg- -5.84772639119 -1.72737864734 3.6195
5gh -5.50595140993 -0.256331235947 4.7514
5gh5gh -5.24091253115 -0.801103140794 3.9370
5gh5gh- -5.24091253115 -0.801103140794 3.9370
5gh5gh-5gh -5.12553626359 -1.04818250623 3.5642
5gh5gh-5gh- -5.12553626359 -1.04818250623 3.5642
5gh5gh-5gh-5gh -5.07356252042 -1.17036161975 3.3738
5gh5gh-5gh-5gh- -5.07356252042 -1.17036161975 3.3737
5gh5gh-5gh5gh -5.07356252042 -1.17036161975 3.3737
5gh5gh-5gh5gh- -5.07356252042 -1.17036161975 3.3738
5gh5gh5gh -5.12553626359 -1.04818250623 3.5643
5gh5gh5gh- -5.12553626359 -1.04818250623 3.5642
5gh5gh5gh-5gh -5.07356252042 -1.17036161975 3.3737
5gh5gh5gh-5gh- -5.07356252042 -1.17036161975 3.3737
5gh5gh5gh5gh -5.07356252042 -1.17036161975 3.3737
5gh5gh5gh5gh- -5.07356252042 -1.17036161975 3.3737
5gi -6.2885508097 -0.340958639747 5.2991
5gi5gi -5.87167240899 -0.920833229771 4.4309
5gi5gi- -5.87167240899 -0.920833229771 4.4309
5gi5gi-5gi -5.73452703434 -1.16464722914 4.0490
5gi5gi-5gi- -5.73452703434 -1.16464722914 4.0490
5gi5gi-5gi-5gi -5.67983215278 -1.28029561054 3.8630
5gi5gi-5gi-5gi- -5.67983215278 -1.28029561054 3.8631
5gi5gi-5gi5gi -5.67983215278 -1.28029561054 3.8630
5gi5gi-5gi5gi- -5.67983215278 -1.28029561054 3.8631
5gi5gi5gi -5.73452703434 -1.16464722914 4.0490
5gi5gi5gi- -5.73452703434 -1.16464722914 4.0490
5gi5gi5gi-5gi -5.67983215278 -1.28029561054 3.8631
5gi5gi5gi-5gi- -5.67983215278 -1.28029561054 3.8631
5gi5gi5gi5gi -5.67983215278 -1.28029561054 3.8630
5gi5gi5gi5gi- -5.67983215278 -1.28029561054 3.8630
5gl -5.92691151822 -0.343679778133 5.1008
5gl5gl -5.60091913959 -1.12083690113 4.0670
5gl5gl- -5.60091913959 -1.12083690113 4.0670
5gl5gl-5gl -5.4218682338 -1.43948220611 3.5728
5gl5gl-5gl- -5.4218682338 -1.43948220611 3.5728
5gl5gl-5gl-5gl -5.32608416262 -1.58860058966 3.3088
5gl5gl-5gl-5gl- -5.15927837957 -1.57826026379 3.1868
5gl5gl-5gl5gl -5.32608416262 -1.58860058966 3.3088
5gl5gl-5gl5gl- -5.32608416262 -1.58860058966 3.3088
5gl5gl5gl -5.20063968303 -1.42369960348 3.4278
5gl5gl5gl- -5.4218682338 -1.43948220611 3.5728
5gl5gl5gl-5gl -5.32608416262 -1.58860058966 3.3088
5gl5gl5gl-5gl- -5.15927837957 -1.57798814995 3.1868
5gl5gl5gl5gl -5.22621838386 -1.78343409809 3.0914
5gl5gl5gl5gl- -5.00689462996 -1.64873774799 3.0228
5ha -5.31900920282 0.111022446143 5.0166
5ha5ha -4.90485194049 -0.656882806344 3.8807
5ha5ha- -4.90485194049 -0.657154920183 3.8807
5ha5ha-5ha -4.67845322679 -0.989405917095 3.3375
5ha5ha-5ha- -4.67845322679 -0.989405917095 3.3375
5ha5ha-5ha-5ha -4.55028760882 -1.16383088763 3.0272
5ha5ha-5ha-5ha- -4.55028760882 -1.16383088763 3.0272
5ha5ha-5ha5ha -4.55028760882 -1.16383088763 3.0272
5ha5ha-5ha5ha- -4.55028760882 -1.16383088763 3.0272
5ha5ha5ha -4.67845322679 -0.989405917095 3.3375
5ha5ha5ha- -4.67845322679 -0.989405917095 3.3375
5ha5ha5ha-5ha -4.55028760882 -1.16383088763 3.0272
5ha5ha5ha-5ha- -4.55028760882 -1.16383088763 3.0272
5ha5ha5ha5ha -4.55028760882 -1.16383088763 3.0272
5ha5ha5ha5ha- -4.55028760882 -1.16383088763 3.0272
5hd -5.92038078609 -1.16002129389 4.2136
5hd5hd -5.69044459249 -1.90534109777 3.3498
5hd5hd- -5.69044459249 -1.90534109777 3.3498
5hd5hd-5hd -5.57125873119 -2.26643616157 2.9012
5hd5hd-5hd- -5.57098661735 -2.26643616157 2.9009
5hd5hd-5hd-5hd -5.52037344337 -2.47487536193 2.6500
5hd5hd-5hd-5hd- -5.52037344337 -2.47487536193 2.6500
5hd5hd-5hd5hd -5.52037344337 -2.47487536193 2.6500
5hd5hd-5hd5hd- -5.52010132953 -2.47487536193 2.6497
5hd5hd5hd -5.57098661735 -2.26643616157 2.9009
5hd5hd5hd- -5.57125873119 -2.26643616157 2.9012
5hd5hd5hd-5hd -5.52037344337 -2.47487536193 2.6500
5hd5hd5hd-5hd- -5.52037344337 -2.47487536193 2.6500
5hd5hd5hd5hd -5.52037344337 -2.47487536193 2.6500
5hd5hd5hd5hd- -5.52037344337 -2.47487536193 2.6501
5he -5.44091620251 -0.561098735162 4.3293
5he5he -5.05097707181 -1.06859104412 3.5095
5he5he- -5.05097707181 -1.06859104412 3.5095
5he5he-5he -4.85668779106 -1.38397098304 3.0407
5he5he-5he- -4.85668779106 -1.38397098304 3.0407
5he5he-5he-5he -4.74757014179 -1.51023180415 2.8068
5he5he-5he-5he- -4.74757014179 -1.51023180415 2.8066
5he5he-5he5he -4.74757014179 -1.51023180415 2.8068
5he5he-5he5he- -4.74757014179 -1.51023180415 2.8068
5he5he5he -4.8569599049 -1.38397098304 3.0408
5he5he5he- -4.85668779106 -1.38397098304 3.0407
5he5he5he-5he -4.74757014179 -1.51023180415 2.8068
5he5he5he-5he- -4.74757014179 -1.51023180415 2.8068
5he5he5he5he -4.74757014179 -1.51023180415 2.8068
5he5he5he5he- -4.74757014179 -1.51023180415 2.8068
5hf -5.1834965112 0.319733760337 5.1370
5hf5hf- -4.9415873087 -0.614977275202 3.8587
5hf5hf-5hf -4.70566461065 -1.00301160902 3.3565
5hf5hf-5hf5hf- -4.55001549498 -1.20437584958 3.0022
5hg -5.42350091684 -0.359462380771 4.5530
5hh -5.11710073459 0.43456580022 5.1471
5hi -5.284994973 0.25578700827 5.1270
5hi5hi -4.97532942469 -0.363271974511 4.1348
5hi5hi- -4.97532942469 -0.363271974511 4.1348
5hi5hi-5hi -4.83845616388 -0.605997518529 3.7469
5hi5hi-5hi- -4.83845616388 -0.605997518529 3.7469
5hi5hi-5hi-5hi -4.7736930703 -0.714298826285 3.5544
5hi5hi-5hi-5hi- -4.7736930703 -0.714298826285 3.5544
5hi5hi-5hi5hi -4.7736930703 -0.714298826285 3.5544
5hi5hi-5hi5hi- -4.7736930703 -0.714298826285 3.5544
5hi5hi5hi -4.83845616388 -0.605997518529 3.7469
5hi5hi5hi- -4.83845616388 -0.605997518529 3.7469
5hi5hi5hi-5hi -4.7736930703 -0.714298826285 3.5544
5hi5hi5hi-5hi- -4.7736930703 -0.714298826285 3.5544
5hi5hi5hi5hi -4.7736930703 -0.714298826285 3.5544
5hi5hi5hi5hi- -4.7736930703 -0.714298826285 3.5544
5hl -5.13914195551 0.381231487857 5.1528
5hl5hl -4.83355811478 -0.632392560871 3.9141
5hl5hl- -4.83355811478 -0.632392560871 3.9141
5hl5hl-5hl -4.53477712002 -0.942058109181 3.2750
5hl5hl-5hl- -4.42348256004 -0.822872247881 3.2863
5hl5hl-5hl-5hl -4.35518198655 -1.09580242798 2.9320
5hl5hl-5hl-5hl- -4.35518198655 -1.09580242798 2.9320
5hl5hl-5hl5hl -4.35518198655 -1.09580242798 2.9320
5hl5hl-5hl5hl- -4.35518198655 -1.09580242798 2.9320
5hl5hl5hl -4.53477712002 -0.942058109181 3.2750
5hl5hl5hl- -4.53477712002 -0.942058109181 3.2750
5hl5hl5hl-5hl -4.35518198655 -1.09580242798 2.9320
5hl5hl5hl-5hl- -4.35518198655 -1.09580242798 2.9320
5hl5hl5hl5hl -4.35980792181 -1.11784364891 2.9240
5hl5hl5hl5hl- -4.2730036073 -1.00246738135 2.9432
5ia -6.19820901529 -0.0269392700199 5.8466
5ia5ia -5.56772125129 -0.812531922015 4.3935
5ia5ia- -5.56772125129 -0.812531922015 4.3935
5ia5ia-5ia -5.30649196624 -1.14750405731 3.7791
5ia5ia-5ia- -5.30649196624 -1.14750405731 3.7791
5ia5ia-5ia-5ia -5.17478886837 -1.31920788946 3.4511
5ia5ia-5ia-5ia- -5.17478886837 -1.31920788946 3.4510
5ia5ia-5ia5ia -5.17478886837 -1.31920788946 3.4510
5ia5ia-5ia5ia- -5.17478886837 -1.31920788946 3.4511
5ia5ia5ia -5.30649196624 -1.14750405731 3.7791
5ia5ia5ia- -5.30649196624 -1.14750405731 3.7791
5ia5ia5ia-5ia -5.17478886837 -1.31920788946 3.4511
5ia5ia5ia-5ia- -5.17478886837 -1.31920788946 3.4511
5ia5ia5ia5ia -5.17478886837 -1.31920788946 3.4510
5ia5ia5ia5ia- -5.17478886837 -1.31920788946 3.4511
5id -6.96339312939 -1.21009024019 5.2878
5id5id -6.62597196954 -1.96847150832 4.1989
5id5id- -6.62597196954 -1.96847150832 4.1989
5id5id-5id -6.5650184697 -2.30643689585 3.7748
5id5id-5id- -6.5650184697 -2.30643689585 3.7748
5id5id-5id-5id -6.56284155899 -2.48956950921 3.5629
5id5id-5id-5id- -6.56284155899 -2.48929739537 3.5630
5id5id-5id5id -6.56284155899 -2.48956950921 3.5629
5id5id-5id5id- -6.56284155899 -2.48956950921 3.5629
5id5id5id -6.5650184697 -2.30643689585 3.7748
5id5id5id- -6.5650184697 -2.30643689585 3.7748
5id5id5id-5id -6.56284155899 -2.48956950921 3.5629
5id5id5id-5id- -6.56284155899 -2.48956950921 3.5629
5id5id5id5id -6.56284155899 -2.48956950921 3.5629
5id5id5id5id- -6.56284155899 -2.48956950921 3.5629
5ie -6.14922852434 -0.600283127918 5.2320
5ie5ie -5.81099102298 -1.17444332733 4.1920
5ie5ie- -5.81126313682 -1.17444332733 4.1920
5ie5ie-5ie -5.67629467288 -1.39784878881 3.8006
5ie5ie-5ie- -5.67629467288 -1.39784878881 3.8006
5ie5ie-5ie-5ie -5.61670174223 -1.50206838899 3.6127
5ie5ie-5ie-5ie- -5.61670174223 -1.50206838899 3.6127
5ie5ie-5ie5ie -5.61670174223 -1.50206838899 3.6127
5ie5ie-5ie5ie- -5.61670174223 -1.50206838899 3.6127
5ie5ie5ie -5.67629467288 -1.39784878881 3.8006
5ie5ie5ie- -5.67629467288 -1.39784878881 3.8006
5ie5ie5ie-5ie -5.61670174223 -1.50206838899 3.6127
5ie5ie5ie-5ie- -5.61670174223 -1.50206838899 3.6127
5ie5ie5ie5ie -5.61670174223 -1.50206838899 3.6127
5ie5ie5ie5ie- -5.61670174223 -1.50206838899 3.6127
5if -5.760377849 0.10585228321 5.4774
5if5if -5.4528892114 -0.6615087416 4.2991
5if5if- -5.4528892114 -0.6615087416 4.2991
5if5if-5if -5.33968985455 -0.977705022036 3.8586
5if5if-5if- -5.33968985455 -0.977705022036 3.8586
5if5if-5if-5if -5.2991448926 -1.13417047922 3.6415
5if5if-5if5if -5.29941700644 -1.13417047922 3.6418
5if5if-5if5if- -5.2991448926 -1.13417047922 3.6416
5if5if5if- -5.33968985455 -0.977705022036 3.8588
5if5if5if-5if -5.2991448926 -1.13417047922 3.6416
5ig -5.81099102298 -0.197010419135 5.0265
5ig5ig -5.70459451209 -0.833756801424 4.2947
5ig5ig- -5.70459451209 -0.833756801424 4.2946
5ig5ig-5ig -5.691260934 -1.09199283424 4.0238
5ig5ig-5ig- -5.69098882016 -1.09199283424 4.0237
5ig5ig-5ig-5ig -5.70486662593 -1.20111048351 3.9204
5ig5ig-5ig5ig -5.70486662593 -1.20111048351 3.9204
5ig5ig-5ig5ig- -5.70486662593 -1.20111048351 3.9204
5ig5ig5ig- -5.69098882016 -1.09199283424 4.0237
5ig5ig5ig-5ig -5.70486662593 -1.20083836968 3.9205
5ih -5.284994973 0.25578700827 5.1270
5ih5ih -4.97532942469 -0.363271974511 4.1348
5ih5ih- -4.97532942469 -0.363271974511 4.1348
5ih5ih-5ih -4.83845616388 -0.605997518529 3.7469
5ih5ih-5ih- -4.83845616388 -0.605997518529 3.7469
5ih5ih-5ih-5ih -4.7736930703 -0.714026712447 3.5546
5ih5ih-5ih-5ih- -4.7736930703 -0.714026712447 3.5546
5ih5ih-5ih5ih -4.7736930703 -0.714026712447 3.5546
5ih5ih-5ih5ih- -4.7736930703 -0.714026712447 3.5546
5ih5ih5ih -4.83845616388 -0.605997518529 3.7469
5ih5ih5ih- -4.83845616388 -0.605997518529 3.7469
5ih5ih5ih-5ih -4.7736930703 -0.714026712447 3.5546
5ih5ih5ih-5ih- -4.77396518413 -0.714298826285 3.5545
5ih5ih5ih5ih -4.7736930703 -0.714026712447 3.5546
5ih5ih5ih5ih- -4.7736930703 -0.714026712447 3.5546
5ii -6.08609811379 0.101498461792 5.8510
5il -5.70840410583 0.170887490631 5.4628
5il5il -5.45479400827 -0.658243375537 4.3614
5il5il- -5.58295962625 -0.777157122999 4.3978
5il5il-5il -5.37234351518 -1.06723047493 3.8696
5il5il-5il- -5.37234351518 -1.06723047493 3.8696
5il5il-5il-5il -5.26757968733 -1.19702877594 3.6047
5il5il-5il-5il- -5.26757968733 -1.19702877594 3.6047
5il5il-5il5il -5.26730757349 -1.19702877594 3.6047
5il5il-5il5il- -5.26730757349 -1.19702877594 3.6047
5il5il5il -5.37234351518 -1.06723047493 3.8696
5il5il5il- -5.37234351518 -1.06723047493 3.8696
5il5il5il-5il -5.26730757349 -1.19702877594 3.6047
5il5il5il-5il- -5.26730757349 -1.19702877594 3.6047
5il5il5il5il -5.26757968733 -1.19702877594 3.6047
5il5il5il5il- -5.26730757349 -1.19702877594 3.6047
5la -5.78867768822 0.000272113838585 5.3871
5la5la -5.05206552717 -0.893893959751 3.8879
5la5la- -5.05206552717 -0.893893959751 3.8879
5la5la-5la -4.63872460636 -1.28220040741 3.1413
5la5la-5la- -4.63872460636 -1.28220040741 3.1413
5la5la-5la-5la -4.39463849315 -1.49553765686 2.6918
5la5la-5la-5la- -4.39463849315 -1.49553765686 2.6918
5la5la-5la5la- -4.39463849315 -1.49553765686 2.6918
5la5la5la -4.63872460636 -1.28220040741 3.1413
5la5la5la- -4.63872460636 -1.28220040741 3.1413
5la5la5la-5la -4.39463849315 -1.49553765686 2.6918
5la5la5la5la -4.39463849315 -1.49553765686 2.6918
5la5la5la5la- -4.39463849315 -1.49553765686 2.6918
5ld -6.48719391186 -1.200294142 4.7577
5le -5.94296623469 -0.586133208312 4.8353
5lf -5.59792588737 0.215514160159 5.3522
5lg -5.70268971522 -0.123811796556 5.0265
5lg5lg -5.561462633 -1.06478145038 4.0432
5lg5lg- -5.561462633 -1.06478145038 4.0432
5lg5lg-5lg- -5.44527002392 -1.44247545834 3.5557
5lg5lg-5lg-5lg -5.23819139276 -1.71703832147 3.1299
5lg5lg-5lg-5lg- -5.12961797116 -1.66669726133 3.0987
5lg5lg5lg -5.44527002392 -1.44247545834 3.5557
5lg5lg5lg5lg -5.33234278091 -1.66343189527 3.2265
5lg5lg5lg5lg- -5.33234278091 -1.66343189527 3.2265
5lh -5.13914195551 0.381503601696 5.1529
5lh5lh -4.69450794327 -0.473478079138 3.8912
5lh5lh- -4.72389623783 -0.519465317859 3.9241
5lh5lh-5lh -4.42348256004 -0.822600134042 3.2863
5lh5lh-5lh- -4.42348256004 -0.822600134042 3.2863
5lh5lh-5lh-5lh -4.29967076348 -1.02124323621 2.9484
5lh5lh-5lh5lh -4.29967076348 -1.02124323621 2.9484
5lh5lh-5lh5lh- -4.3336849933 -1.06260453967 2.9550
5lh5lh5lh- -4.42348256004 -0.822600134042 3.2863
5lh5lh5lh-5lh -4.29967076348 -1.02124323621 2.9484
5li -5.70840410583 0.170887490631 5.4628
5li5li -5.45479400827 -0.658243375537 4.3614
5li5li- -5.45479400827 -0.658243375537 4.3615
5li5li-5li -4.86512332006 -1.18532788088 3.3934
5li5li-5li- -4.86512332006 -1.18532788088 3.3933
5li5li-5li-5li -4.75763835382 -1.27267642306 3.1598
5li5li-5li-5li- -4.75763835382 -1.27267642306 3.1598
5li5li-5li5li -4.9345123489 -1.20573641877 3.3386
5li5li-5li5li- -4.9345123489 -1.20573641877 3.3386
5li5li5li -4.86512332006 -1.18532788088 3.3933
5li5li5li- -4.86512332006 -1.18532788088 3.3933
5li5li5li-5li -4.75763835382 -1.27267642306 3.1598
5li5li5li-5li- -4.75763835382 -1.27267642306 3.1598
5li5li5li5li -4.88825299634 -1.30941179127 3.2700
5li5li5li5li- -4.9345123489 -1.20573641877 3.3386
5ll -5.46023628504 0.185309524076 5.2640
5ll5ll -5.16227163179 -0.858247046897 4.0164
5ll5ll- -5.42921530745 -0.598922558725 4.3129
5ll5ll-5ll -5.24363366953 -0.853621111641 3.8744
5ll5ll-5ll- -5.33125432556 -0.792939725636 3.9669
5ll5ll-5ll-5ll -5.12308723904 -0.938520629279 3.6667
5ll5ll-5ll-5ll- -5.08009325254 -0.947228272114 3.6431
5ll5ll-5ll5ll -5.19737431697 -1.04682193704 3.6593
5ll5ll-5ll5ll- -5.15900626573 -0.967636810008 3.6620
5ll5ll5ll -5.20825887052 -0.818518426463 3.8982
5ll5ll5ll- -5.20825887052 -0.818518426463 3.8983
5ll5ll5ll-5ll -5.11846130378 -0.976344452843 3.6433
5ll5ll5ll-5ll- -5.06730390213 -1.08627844363 3.5309
5ll5ll5ll5ll -5.12009398681 -1.01171925186 3.6431
5ll5ll5ll5ll- -5.11846130378 -0.976072339004 3.6434
6ag -6.30106804627 -0.781510944416 4.8449
6dg -6.84692840647 -1.83976166267 4.6336
6eg -6.18460332336 -1.23077089192 4.5609
6fg -5.88990403617 -0.787225335026 4.5085
6ga -6.26269999503 -0.75185053601 4.8064
6ga6ga -5.95412290208 -1.53281725275 3.7742
6ga6ga- -5.95412290208 -1.53281725275 3.7743
6ga6ga-6ga -5.83058321936 -1.93663418921 3.3662
6ga6ga-6ga- -5.83058321936 -1.93663418921 3.3661
6ga6ga-6ga-6ga -5.7807863869 -2.16602615514 3.1631
6ga6ga-6ga-6ga- -5.7807863869 -2.16602615514 3.1631
6ga6ga-6ga6ga -5.76718069497 -2.1643934721 3.1571
6ga6ga-6ga6ga- -5.76718069497 -2.1643934721 3.1572
6ga6ga6ga -5.84745427735 -1.93935532759 3.3791
6ga6ga6ga- -5.83058321936 -1.93663418921 3.3662
6ga6ga6ga-6ga -5.76718069497 -2.1643934721 3.1572
6ga6ga6ga-6ga- -5.76718069497 -2.1643934721 3.1571
6ga6ga6ga6ga- -5.76718069497 -2.1643934721 3.1571
6gd -6.83686019445 -1.79078117173 4.6406
6gd6gd -6.71985124385 -2.43079292008 3.6433
6gd6gd- -6.71985124385 -2.43079292008 3.6433
6gd6gd-6gd -6.62923733561 -2.87297790778 3.2175
6gd6gd-6gd- -6.62923733561 -2.87297790778 3.2175
6gd6gd-6gd-6gd -6.58297798305 -3.12767646069 3.0234
6gd6gd-6gd-6gd- -6.58297798305 -3.12767646069 3.0234
6gd6gd-6gd6gd -6.5650184697 -3.13012548524 3.0082
6gd6gd-6gd6gd- -6.5650184697 -3.13012548524 3.0082
6gd6gd6gd -6.64638050744 -2.86508660646 3.2389
6gd6gd6gd- -6.62923733561 -2.87297790778 3.2175
6gd6gd6gd-6gd -6.5650184697 -3.13012548524 3.0082
6gd6gd6gd-6gd- -6.5650184697 -3.13012548524 3.0082
6gd6gd6gd6gd -6.5650184697 -3.13012548524 3.0082
6gd6gd6gd6gd- -6.5650184697 -3.13012548524 3.0082
6ge -6.18297064033 -1.18287885633 4.5614
6ge6ge -5.96038152036 -1.6960855559 3.6408
6ge6ge- -5.96038152036 -1.6960855559 3.6408
6ge6ge-6ge -5.83412069926 -2.06833728708 3.2465
6ge6ge-6ge- -5.83412069926 -2.06833728708 3.2465
6ge6ge-6ge-6ge -5.78867768822 -2.26997364148 3.0914
6ge6ge-6ge-6ge- -5.78867768822 -2.26997364148 3.0914
6ge6ge-6ge6ge -5.76282687355 -2.2765043736 3.0646
6ge6ge-6ge6ge- -5.76282687355 -2.2765043736 3.0645
6ge6ge6ge -5.86078785544 -2.05554793667 3.2826
6ge6ge6ge- -5.83412069926 -2.06833728708 3.2466
6ge6ge6ge-6ge -5.76282687355 -2.2765043736 3.0647
6ge6ge6ge-6ge- -5.76282687355 -2.2765043736 3.0647
6ge6ge6ge6ge -5.79901801408 -2.25609583571 3.1164
6ge6ge6ge6ge- -5.76282687355 -2.2765043736 3.0647
6gf -5.85942728625 -0.798382002408 4.4653
6gf6gf -5.83384858542 -1.55948440893 3.6504
6gf6gf- -5.83384858542 -1.55948440893 3.6503
6gf6gf-6gf -5.82187557652 -1.94370914901 3.3131
6gf6gf-6gf- -5.85779460322 -1.93690630305 3.3519
6gf6gf-6gf-6gf -5.85316866796 -2.1608559922 3.1587
6gf6gf-6gf-6gf- -5.85316866796 -2.1608559922 3.1587
6gf6gf-6gf6gf -5.82269191804 -2.16248867523 3.1402
6gf6gf-6gf6gf- -5.82269191804 -2.16248867523 3.1402
6gf6gf6gf -5.82187557652 -1.94370914901 3.3131
6gf6gf6gf- -5.82187557652 -1.94370914901 3.3131
6gf6gf6gf-6gf -5.82269191804 -2.16248867523 3.1402
6gf6gf6gf-6gf- -5.82269191804 -2.16248867523 3.1402
6gf6gf6gf6gf -5.87793102727 -2.15323680472 3.1917
6gf6gf6gf6gf- -5.83847452068 -2.15786273998 3.1622
6gg -5.9380681856 -0.944779247567 4.3569
6gh -5.43084799048 -0.58259572841 4.2738
6gh6gh -5.32934952869 -1.21063446786 3.4986
6gh6gh- -5.32934952869 -1.21063446786 3.4986
6gh6gh-6gh -5.30458716937 -1.51785099163 3.2493
6gh6gh-6gh- -5.30458716937 -1.51785099163 3.2493
6gh6gh-6gh-6gh -5.28526708683 -1.69173173448 3.1238
6gh6gh-6gh-6gh- -5.28526708683 -1.69173173448 3.1238
6gh6gh-6gh6gh -5.28526708683 -1.69173173448 3.1238
6gh6gh-6gh6gh- -5.28526708683 -1.69173173448 3.1238
6gh6gh6gh -5.30431505554 -1.51785099163 3.2492
6gh6gh6gh- -5.30458716937 -1.51785099163 3.2492
6gh6gh6gh-6gh -5.28526708683 -1.69173173448 3.1238
6gh6gh6gh-6gh- -5.28526708683 -1.69173173448 3.1238
6gh6gh6gh6gh -5.28526708683 -1.69173173448 3.1238
6gh6gh6gh6gh- -5.28526708683 -1.69173173448 3.1238
6gi -6.08800291066 -0.709128663352 4.7152
6gi6gi -5.89833956517 -1.28873113954 3.9026
6gi6gi- -5.89806745133 -1.28873113954 3.9023
6gi6gi-6gi -5.84554948048 -1.60220628159 3.6562
6gi6gi-6gi- -5.84554948048 -1.60220628159 3.6562
6gi6gi-6gi-6gi -5.8188823243 -1.77336588606 3.5526
6gi6gi-6gi-6gi- -5.8188823243 -1.77336588606 3.5526
6gi6gi-6gi6gi -5.8188823243 -1.77336588606 3.5526
6gi6gi-6gi6gi- -5.8188823243 -1.77336588606 3.5525
6gi6gi6gi -5.84554948048 -1.60220628159 3.6562
6gi6gi6gi- -5.84554948048 -1.60220628159 3.6562
6gi6gi6gi-6gi -5.8188823243 -1.77336588606 3.5526
6gi6gi6gi-6gi- -5.8188823243 -1.77336588606 3.5526
6gi6gi6gi6gi -5.8188823243 -1.77336588606 3.5526
6gi6gi6gi6gi- -5.8188823243 -1.77336588606 3.5526
6gl -5.75466345839 -0.712394029415 4.4494
6gl6gl -5.46676701717 -1.39512765042 3.4450
6gl6gl- -5.46703913101 -1.39512765042 3.4452
6gl6gl-6gl -5.2836344038 -1.73118824108 3.0571
6gl6gl-6gl- -5.2836344038 -1.73118824108 3.0571
6gl6gl-6gl-6gl -5.21506171648 -1.92493329415 2.8855
6gl6gl-6gl-6gl- -5.21506171648 -1.92493329415 2.8856
6gl6gl-6gl6gl -5.18023114514 -1.9238448388 2.8590
6gl6gl-6gl6gl- -5.18023114514 -1.9238448388 2.8590
6gl6gl6gl -5.32336302424 -1.72873921653 3.0941
6gl6gl6gl- -5.2836344038 -1.73118824108 3.0572
6gl6gl6gl-6gl -5.18023114514 -1.9238448388 2.8590
6gl6gl6gl-6gl- -5.18023114514 -1.9238448388 2.8590
6gl6gl6gl6gl -5.1799590313 -1.9238448388 2.8588
6gl6gl6gl6gl- -5.1848570804 -1.92901500173 2.8621
6hg -5.94786428379 -0.521370114729 4.7699
6ig -6.09915957804 -0.713754598608 4.7473
6lg -5.77153451639 -0.675658661206 4.5048
