12ag -7.32367185167 1.77608702444 5.4199
12ag12ag -6.86461580598 0.295243514865 4.6443
12ag12ag- -6.86461580598 0.294971401026 4.6442
12ag12ag-12ag -6.37154553047 -0.0979609818906 3.9583
12ag12ag-12ag- -6.54080033807 -0.186670093269 4.0029
12ag12ag-12ag-12ag -6.35467447247 -0.447355150634 3.6309
12ag12ag-12ag-12ag- -6.35467447247 -0.447355150634 3.6309
12ag12ag-12ag12ag -6.39794057281 -0.453341655082 3.6532
12ag12ag-12ag12ag- -6.39794057281 -0.453613768921 3.6531
12ag12ag12ag -6.54052822423 -0.186125865592 4.0032
12ag12ag12ag- -6.54052822423 -0.186125865592 4.0032
12ag12ag12ag-12ag -6.35467447247 -0.447355150634 3.6309
12ag12ag12ag-12ag- -6.35113699257 -0.437831166283 3.6359
12ag12ag12ag12ag -6.35467447247 -0.447355150634 3.6309
12ag12ag12ag12ag- -6.35467447247 -0.447355150634 3.6309
12dg -7.99007864237 0.40000734272 5.5011
12dg12dg -7.9487173389 -0.859879729928 4.4830
12dg12dg- -7.54517251628 -0.976616566681 4.0827
12dg12dg-12dg -7.37020331807 -1.51512985324 3.5703
12dg12dg-12dg- -7.9035464417 -1.38968537365 4.0651
12dg12dg-12dg-12dg -7.92449920727 -1.64492815425 3.8598
12dg12dg-12dg-12dg- -7.92449920727 -1.64492815425 3.8597
12dg12dg-12dg12dg -7.92449920727 -1.64492815425 3.8598
12dg12dg-12dg12dg- -7.92395497959 -1.64547238192 3.8586
12dg12dg12dg -7.9035464417 -1.38968537365 4.0651
12dg12dg12dg- -7.92177806888 -1.35866439605 4.0859
12dg12dg12dg-12dg -7.92477132111 -1.64492815425 3.8598
12dg12dg12dg-12dg- -7.92449920727 -1.64492815425 3.8598
12dg12dg12dg12dg -7.92449920727 -1.64492815425 3.8598
12dg12dg12dg12dg- -7.90463489705 -1.70016726348 3.8272
12eg -7.49455934231 1.04328445713 5.5105
12eg12eg -7.03359849974 -0.00625861828745 4.4110
12eg12eg- -7.03387061358 -0.00680284596462 4.4109
12eg12eg-12eg -6.44828163295 -0.596473534178 3.5675
12eg12eg-12eg- -6.81100937978 -0.412796693133 3.9643
12eg12eg-12eg-12eg -6.72692620366 -0.581235159217 3.7517
12eg12eg-12eg-12eg- -6.68556490019 -0.630215650163 3.7053
12eg12eg-12eg12eg -6.68556490019 -0.630215650163 3.7053
12eg12eg-12eg12eg- -6.72638197598 -0.581235159217 3.7513
12eg12eg12eg -6.81100937978 -0.412796693133 3.9643
12eg12eg12eg- -6.83114580384 -0.386945878468 3.9843
12eg12eg12eg-12eg -6.72692620366 -0.581235159217 3.7517
12eg12eg12eg-12eg- -6.72692620366 -0.581235159217 3.7517
12eg12eg12eg12eg -6.68556490019 -0.629943536324 3.7053
12eg12eg12eg12eg- -6.68583701403 -0.630215650163 3.7054
12fg -7.35169957705 1.3540384608 5.1210
12fg12fg -6.79549889098 0.521914342406 4.7146
12fg12fg- -6.79441043563 0.521370114729 4.7135
12fg12fg-12fg -6.46732960165 0.0906139082488 4.1419
12fg12fg-12fg- -6.46705748781 0.0903417944102 4.1415
12fg12fg-12fg-12fg -6.28773446818 -0.135512691615 3.8353
12fg12fg-12fg-12fg- -6.25018275846 -0.162179847797 3.7938
12fg12fg-12fg12fg -6.22269926076 -0.187214320946 3.7698
12fg12fg-12fg12fg- -6.28773446818 -0.135512691615 3.8357
12fg12fg12fg -6.46705748781 0.0903417944102 4.1415
12fg12fg12fg- -6.46705748781 0.0903417944102 4.1415
12fg12fg12fg-12fg -6.28773446818 -0.135512691615 3.8353
12fg12fg12fg-12fg- -6.28773446818 -0.135512691615 3.8353
12fg12fg12fg12fg -6.28773446818 -0.135512691615 3.8353
12fg12fg12fg12fg- -6.28773446818 -0.135512691615 3.8353
12ga -7.29319510175 1.7687399508 5.3295
12ga12ga -6.61617587135 0.487627998744 4.6226
12ga12ga- -6.61590375751 0.487355884906 4.6225
12ga12ga-12ga -6.23820974956 -0.0136056919292 3.9343
12ga12ga-12ga- -6.61753644055 -0.20762285884 4.0342
12ga12ga-12ga-12ga -6.40011748352 -0.462593525594 3.6481
12ga12ga-12ga-12ga- -6.40011748352 -0.462593525594 3.6481
12ga12ga-12ga12ga -6.40011748352 -0.462593525594 3.6481
12ga12ga-12ga12ga- -6.02051867869 -0.273202293939 3.5458
12ga12ga12ga -6.61944123742 -0.213881477128 4.0306
12ga12ga12ga- -6.61944123742 -0.213881477128 4.0306
12ga12ga12ga-12ga -6.39521943442 -0.446538809118 3.6566
12ga12ga12ga-12ga- -6.39521943442 -0.446538809118 3.6566
12ga12ga12ga12ga -6.40038959736 -0.462593525594 3.6479
12ga12ga12ga12ga- -6.40038959736 -0.462593525594 3.6479
12gd -7.94708465587 0.310481889825 5.4678
12gd12gd -7.83987180347 -0.76926582168 4.4555
12gd12gd- -7.47415080441 -0.914302497645 4.1030
12gd12gd-12gd -7.25047322909 -1.45336001188 3.5526
12gd12gd-12gd- -7.61755479735 -1.29090805025 3.9207
12gd12gd-12gd-12gd -7.5410908087 -1.57472278389 3.6382
12gd12gd-12gd-12gd- -7.51632844939 -1.59676400482 3.6143
12gd12gd-12gd12gd -7.51632844939 -1.59676400482 3.6143
12gd12gd-12gd12gd- -7.15332858872 -1.7722774307 3.2329
12gd12gd12gd- -7.64394983969 -1.26151975568 3.9489
12gd12gd12gd-12gd -7.56449259882 -1.54479026165 3.6683
12gd12gd12gd-12gd- -7.56449259882 -1.54506237549 3.6679
12gd12gd12gd12gd -7.51632844939 -1.59676400482 3.6143
12gd12gd12gd12gd- -7.51632844939 -1.59676400482 3.6143
12ge -7.45619129107 0.949405182823 5.4858
12ge12ge -7.02189760468 0.075375533288 4.4852
12ge12ge- -6.71223205637 -0.109117649273 4.1249
12ge12ge-12ge -6.73726652952 -0.292794490317 4.0033
12ge12ge-12ge- -6.70025904748 -0.327897175495 3.9624
12ge12ge-12ge-12ge -6.5579435099 -0.514839382603 3.7017
12ge12ge-12ge-12ge- -6.52882732917 -0.54041808343 3.6712
12ge12ge-12ge12ge -6.52882732917 -0.54041808343 3.6714
12ge12ge-12ge12ge- -6.58842025982 -0.481097266618 3.7398
12ge12ge12ge- -6.73726652952 -0.292522376479 4.0033
12ge12ge12ge-12ge -6.58869237366 -0.481097266618 3.7399
12ge12ge12ge-12ge- -6.58842025982 -0.481097266618 3.7398
12ge12ge12ge12ge -6.52882732917 -0.54041808343 3.6713
12ge12ge12ge12ge- -6.52882732917 -0.540690197268 3.6711
12gf -7.22734355282 1.87078264027 5.5091
12gf12gf -6.68093896494 0.383952626243 4.5034
12gf12gf- -6.6806668511 0.383952626243 4.5033
12gf12gf-12gf -6.29045560657 -0.097688868052 3.8432
12gf12gf-12gf- -6.29753056637 -0.0963282988591 3.8506
12gf12gf-12gf-12gf -6.08881925218 -0.355924900869 3.4736
12gf12gf-12gf-12gf- -6.08881925218 -0.355924900869 3.4737
12gf12gf-12gf12gf -6.08745868298 -0.358918153093 3.4706
12gf12gf-12gf12gf- -6.0812000647 -0.358646039255 3.4662
12gf12gf12gf -6.29753056637 -0.0963282988591 3.8506
12gf12gf12gf- -6.29753056637 -0.0963282988591 3.8506
12gf12gf12gf-12gf -6.08745868298 -0.358918153093 3.4707
12gf12gf12gf-12gf- -6.08745868298 -0.358646039255 3.4706
12gf12gf12gf12gf -6.09317307359 -0.358373925416 3.4754
12gf12gf12gf12gf- -6.09344518743 -0.358373925416 3.4755
12gg -7.39550990506 1.20872967099 5.1874
12gg12gg -7.12693354638 0.450892630535 4.8566
12gg12gg- -7.12693354638 0.450892630535 4.8566
12gg12gg-12gg -6.96094410484 -0.0391843927562 4.3444
12gg12gg-12gg- -7.02706776762 -0.0960561850205 4.3739
12gg12gg-12gg-12gg -6.86434369214 -0.292794490317 4.1277
12gg12gg-12gg-12gg- -6.83930921899 -0.291978148802 4.1165
12gg12gg-12gg12gg- -6.89291564519 -0.248712048467 4.1640
12gg12gg12gg -6.92203182592 -0.137961716163 4.2808
12gg12gg12gg12gg -6.83930921899 -0.291978148802 4.1165
12gg12gg12gg12gg- -6.83930921899 -0.291978148802 4.1165
12gh -7.00829191275 1.69227596216 5.7581
12gh12gh -6.23548861117 0.753483219042 4.4244
12gh12gh- -6.23548861117 0.753483219042 4.4243
12gh12gh-12gh -5.82296403188 0.329257744688 3.8071
12gh12gh-12gh- -5.82296403188 0.329257744688 3.8071
12gh12gh-12gh-12gh -5.57778946331 0.102859030985 3.4417
12gh12gh-12gh-12gh- -5.57778946331 0.102859030985 3.4417
12gh12gh-12gh12gh -5.57778946331 0.102859030985 3.4417
12gh12gh-12gh12gh- -5.57778946331 0.102859030985 3.4417
12gh12gh12gh -5.82296403188 0.329257744688 3.8071
12gh12gh12gh- -5.82296403188 0.329257744688 3.8071
12gh12gh12gh-12gh -5.57778946331 0.102859030985 3.4417
12gh12gh12gh-12gh- -5.57778946331 0.102859030985 3.4417
12gh12gh12gh12gh -5.57751734947 0.102859030985 3.4417
12gh12gh12gh12gh- -5.57778946331 0.102859030985 3.4417
12gi -7.71442732388 1.68492888852 5.9998
12gi12gi -7.04421093945 0.746408259238 5.0567
12gi12gi- -7.04421093945 0.746408259238 5.0567
12gi12gi-12gi -6.77400189773 0.377694007956 4.5495
12gi12gi-12gi- -6.77400189773 0.377694007956 4.5495
12gi12gi-12gi-12gi -6.65046221502 0.204629606616 4.3029
12gi12gi-12gi-12gi- -6.65046221502 0.204629606616 4.3029
12gi12gi-12gi12gi -6.65046221502 0.204629606616 4.3029
12gi12gi-12gi12gi- -6.65046221502 0.204629606616 4.3029
12gi12gi12gi -6.77400189773 0.377694007956 4.5495
12gi12gi12gi- -6.77400189773 0.377694007956 4.5495
12gi12gi12gi-12gi -6.65046221502 0.204629606616 4.3029
12gi12gi12gi-12gi- -6.65046221502 0.204629606616 4.3029
12gi12gi12gi12gi -6.65046221502 0.204629606616 4.3029
12gi12gi12gi12gi- -6.65046221502 0.204629606616 4.3029
12gl -7.72531187743 1.60710433068 5.9394
12gl12gl -6.68474855868 0.614705161363 4.6933
12gl12gl- -6.59331830891 0.681917279494 4.6949
12gl12gl-12gl -6.3195717873 0.174697084372 4.0862
12gl12gl-12gl- -6.28174796373 0.189663345494 4.0638
12gl12gl-12gl-12gl -6.07113185267 -0.0378238235633 3.7144
12gl12gl-12gl-12gl- -6.07113185267 -0.0378238235633 3.7145
12gl12gl-12gl12gl -6.11031624542 -0.0647630935832 3.7266
12gl12gl-12gl12gl- -6.11031624542 -0.0647630935832 3.7266
12gl12gl12gl -6.28174796373 0.189663345494 4.0637
12gl12gl12gl- -6.28174796373 0.189663345494 4.0638
12gl12gl12gl-12gl -6.07113185267 -0.0378238235633 3.7145
12gl12gl12gl-12gl- -6.07113185267 -0.0378238235633 3.7144
12gl12gl12gl12gl -6.07113185267 -0.0378238235633 3.7144
12gl12gl12gl12gl- -6.07113185267 -0.0378238235633 3.7145
12hg -6.96230467403 1.58941693117 5.6417
12hg12hg -6.5078745636 0.822872247881 4.7259
12hg12hg- -6.5078745636 0.822872247881 4.7259
12hg12hg-12hg -6.26378845039 0.407082302523 4.2240
12hg12hg-12hg- -6.26378845039 0.407082302523 4.2241
12hg12hg-12hg-12hg -6.0297705492 0.0985052095677 3.8270
12hg12hg-12hg-12hg- -6.0297705492 0.0985052095677 3.8270
12hg12hg-12hg12hg -6.0297705492 0.0985052095677 3.8270
12hg12hg-12hg12hg- -6.0297705492 0.0985052095677 3.8270
12hg12hg12hg -6.26406056422 0.407082302523 4.2244
12hg12hg12hg- -6.26378845039 0.407082302523 4.2241
12hg12hg12hg-12hg -6.14786795515 0.194017166911 3.9726
12hg12hg12hg-12hg- -6.0297705492 0.0985052095677 3.8270
12hg12hg12hg12hg -6.0297705492 0.0985052095677 3.8270
12hg12hg12hg12hg- -6.0297705492 0.0985052095677 3.8270
12ig -7.23632330949 1.90887857767 5.4319
12ig12ig -6.97482191061 0.844913468806 5.0608
12ig12ig- -6.97454979677 0.844369241129 5.0603
12ig12ig-12ig -6.76828750712 0.46340986711 4.6120
12ig12ig-12ig- -6.76801539328 0.462865639433 4.6113
12ig12ig-12ig-12ig -6.54569838716 0.0960561850205 4.1796
12ig12ig-12ig-12ig- -6.54569838716 0.0960561850205 4.1795
12ig12ig-12ig12ig -6.68556490019 0.285175302837 4.3989
12ig12ig-12ig12ig- -6.68556490019 0.285175302837 4.3989
12ig12ig12ig -6.76828750712 0.463137753272 4.6118
12ig12ig12ig- -6.76855962096 0.46340986711 4.6120
12ig12ig12ig-12ig -6.68529278635 0.284903188998 4.3988
12ig12ig12ig-12ig- -6.68529278635 0.284903188998 4.3988
12ig12ig12ig12ig -6.68529278635 0.284903188998 4.3988
12ig12ig12ig12ig- -6.68529278635 0.284903188998 4.3988
12lg -7.24503095232 1.92003524506 5.5034
13ag -6.73726652952 2.32929445829 5.2221
13ag13ag -6.67141498059 1.22342381828 5.1933
13ag13ag- -6.50379285602 1.37852870627 5.1582
13ag13ag-13ag -6.34106878054 0.970357948394 4.7380
13ag13ag-13ag- -6.19276673852 0.688720125458 4.3915
13ag13ag-13ag-13ag -6.06623380357 0.331978883074 4.0189
13ag13ag-13ag-13ag- -6.06623380357 0.331978883074 4.0189
13ag13ag-13ag13ag- -6.29943536324 0.743687120853 4.5285
13ag13ag13ag -6.19276673852 0.688720125458 4.3915
13ag13ag13ag- -6.24283568482 0.635930040773 4.3951
13ag13ag13ag-13ag -6.06623380357 0.331978883074 4.0189
13ag13ag13ag-13ag- -6.17616779436 0.484906860358 4.2270
13ag13ag13ag13ag -6.0763020156 0.307488637601 4.0032
13ag13ag13ag13ag- -6.06623380357 0.331978883074 4.0189
13dg -7.4423134853 1.08763901282 5.3302
13dg13dg -7.74381561845 -0.0234017901183 4.9783
13dg13dg- -7.74381561845 -0.0231296762797 4.9785
13dg13dg-13dg -7.43469429782 -0.814708832723 4.1687
13dg13dg-13dg- -7.66599106061 -0.54994206778 4.5476
13dg13dg-13dg-13dg -7.31142672894 -1.18968170229 3.8087
13dg13dg-13dg-13dg- -7.67687561416 -0.882193064692 4.3068
13dg13dg-13dg13dg -7.67687561416 -0.882193064692 4.3067
13dg13dg-13dg13dg- -7.47986519502 -0.995120307705 4.0782
13dg13dg13dg -7.66599106061 -0.54994206778 4.5477
13dg13dg13dg- -7.24230981394 -0.748857283786 4.0888
13dg13dg13dg-13dg -7.82109594861 -0.606541746206 4.6226
13dg13dg13dg-13dg- -7.65184114101 -0.720557444573 4.4344
13dg13dg13dg13dg -7.67660350032 -0.882737292369 4.3061
13dg13dg13dg13dg- -7.67687561416 -0.882193064692 4.3067
13eg -6.96257678787 1.69445287287 5.3250
13eg13eg -6.73617807417 0.786136879672 4.8264
13eg13eg- -6.73617807417 0.786136879672 4.8265
13eg13eg-13eg -6.67522457433 0.48844434026 4.5784
13eg13eg-13eg- -6.57590302324 0.336876932168 4.3879
13eg13eg-13eg-13eg -6.58297798305 0.214425704805 4.3027
13eg13eg-13eg-13eg- -6.51440529572 0.0663957766147 4.1376
13eg13eg-13eg13eg -6.51413318188 0.0663957766147 4.1376
13eg13eg-13eg13eg- -6.6686938422 0.328985630849 4.4559
13eg13eg13eg -6.57590302324 0.336876932168 4.3880
13eg13eg13eg- -6.67522457433 0.48844434026 4.5784
13eg13eg13eg-13eg -6.6686938422 0.328985630849 4.4559
13eg13eg13eg-13eg- -6.59930481336 0.179595133466 4.2906
13eg13eg13eg13eg -6.51413318188 0.0663957766147 4.1376
13eg13eg13eg13eg- -6.51413318188 0.0663957766147 4.1376
13fg -6.88665702691 1.98996850157 5.9859
13fg13fg -6.31630642123 1.31077236046 4.9993
13fg13fg- -6.31630642123 1.31077236046 4.9994
13fg13fg-13fg -5.99929379928 0.789130131896 4.3545
13fg13fg-13fg- -5.99929379928 0.789130131896 4.3545
13fg13fg-13fg-13fg -5.99983802696 0.755388015912 4.3311
13fg13fg-13fg-13fg- -5.82867842249 0.478376128232 3.9966
13fg13fg-13fg13fg -5.83384858542 0.483274177327 4.0022
13fg13fg-13fg13fg- -5.99983802696 0.755388015912 4.3311
13fg13fg13fg -5.99439575019 0.780422489062 4.3451
13fg13fg13fg- -6.09317307359 0.951309979693 4.5504
13fg13fg13fg-13fg -5.99983802696 0.755388015912 4.3311
13fg13fg13fg-13fg- -5.91602696467 0.583684183765 4.1572
13fg13fg13fg13fg -5.83384858542 0.483274177327 4.0022
13fg13fg13fg13fg- -5.83384858542 0.483274177327 4.0022
13ga -6.70896669031 2.30725323736 5.1772
13ga13ga -6.67141498059 1.22342381828 5.1933
13ga13ga- -6.67141498059 1.22342381828 5.1933
13ga13ga-13ga -6.26868649948 0.649535732702 4.4300
13ga13ga-13ga- -6.32855154397 0.620963779651 4.4475
13ga13ga-13ga-13ga -6.26787015796 0.450620516697 4.2599
13ga13ga-13ga-13ga- -6.18950137245 0.275379204648 4.0575
13ga13ga-13ga13ga -6.18977348629 0.275379204648 4.0576
13ga13ga-13ga13ga- -6.39685211745 0.686815328588 4.5531
13ga13ga13ga -6.32855154397 0.620963779651 4.4475
13ga13ga13ga- -6.32855154397 0.620963779651 4.4475
13ga13ga13ga-13ga -6.18950137245 0.275379204648 4.0575
13ga13ga13ga-13ga- -6.27821048383 0.463954094787 4.2827
13ga13ga13ga13ga -6.18950137245 0.275379204648 4.0575
13ga13ga13ga13ga- -6.18950137245 0.275379204648 4.0575
13gd -7.40204063719 0.996208763059 5.3694
13gd13gd -7.52966202748 0.135784805454 4.9147
13gd13gd-13gd -7.2110167225 -0.748857283786 3.9995
13gd13gd-13gd- -7.33999868199 -0.446810922956 4.3620
13gd13gd-13gd-13gd -7.28992973569 -0.995936649221 3.9762
13gd13gd-13gd-13gd- -7.03387061358 -1.07566600393 3.6913
13gd13gd-13gd13gd -7.21292151937 -0.899336236523 3.9611
13gd13gd-13gd13gd- -7.10543655313 -0.934166807862 3.7798
13gd13gd13gd -7.34516884492 -0.459872387209 4.3541
13gd13gd13gd- -7.2110167225 -0.748857283786 3.9995
13gd13gd13gd-13gd -7.10543655313 -0.934166807862 3.7798
13gd13gd13gd-13gd- -7.03387061358 -1.07566600393 3.6913
13gd13gd13gd13gd -7.2956441263 -0.794300294829 4.0677
13ge -6.92148759825 1.59513132178 5.3501
13ge13ge -6.69345620151 0.884097861562 4.8676
13ge13ge- -6.69345620151 0.884097861562 4.8675
13ge13ge-13ge -6.54297724877 0.606541746206 4.5695
13ge13ge-13ge- -6.35657926934 0.383952626243 4.2698
13ge13ge-13ge-13ge -6.49889480692 0.463137753272 4.4243
13ge13ge-13ge-13ge- -6.37399455501 0.276467660002 4.1950
13ge13ge-13ge13ge -6.4994390346 0.463681980949 4.4248
13ge13ge-13ge13ge- -6.24991064462 0.106124397048 3.9757
13ge13ge13ge -6.35685138318 0.383952626243 4.2698
13ge13ge13ge- -6.54297724877 0.607085973883 4.5700
13ge13ge13ge-13ge -6.49916692076 0.463681980949 4.4246
13ge13ge13ge-13ge- -6.49916692076 0.46340986711 4.4245
13ge13ge13ge13ge -6.24991064462 0.106124397048 3.9757
13ge13ge13ge13ge- -6.24991064462 0.10585228321 3.9756
13gf -6.63114213248 2.57365268534 5.3280
13gf13gf -6.22732519602 1.18859324694 4.7994
13gf13gf- -6.22732519602 1.18859324694 4.7994
13gf13gf-13gf -5.97208241542 0.772803301581 4.2885
13gf13gf-13gf- -5.93398647802 0.585044752958 4.0879
13gf13gf-13gf-13gf -5.86432533534 0.54041808343 4.0187
13gf13gf-13gf-13gf- -5.83003899168 0.354836445515 3.8327
13gf13gf-13gf13gf -5.86432533534 0.54041808343 4.0186
13gf13gf-13gf13gf- -5.86432533534 0.54041808343 4.0186
13gf13gf13gf -5.93398647802 0.585044752958 4.0879
13gf13gf13gf- -5.93398647802 0.585044752958 4.0879
13gf13gf13gf-13gf -5.86432533534 0.54041808343 4.0186
13gf13gf13gf-13gf- -5.86432533534 0.54041808343 4.0186
13gf13gf13gf13gf -5.78160272841 0.241909202502 3.7004
13gf13gf13gf13gf- -5.78160272841 0.241909202502 3.7004
13gg -7.48095365038 2.04466338313 5.9195
13gg13gg -6.72447717911 0.565996784257 4.6639
13gg13gg- -6.74352514781 1.2144440616 5.2301
13gg13gg13gg -6.67141498059 0.771442732388 4.8199
13gg13gg13gg- -6.83223425919 0.961922419398 5.0871
13gh -6.4409345593 2.28793315482 5.8295
13gh13gh -5.87167240899 1.36709992505 4.6296
13gh13gh- -5.87167240899 1.36709992505 4.6296
13gh13gh-13gh -5.70051280452 1.16900105056 4.3365
13gh13gh-13gh- -5.837930293 1.30424162834 4.5210
13gh13gh-13gh-13gh -5.60064702575 0.937160060086 4.0921
13gh13gh-13gh-13gh- -5.60064702575 0.937160060086 4.0921
13gh13gh-13gh13gh- -5.60064702575 0.937160060086 4.0921
13gh13gh13gh -5.70051280452 1.16900105056 4.3365
13gh13gh13gh- -5.83820240684 1.30424162834 4.5211
13gh13gh13gh-13gh- -5.60064702575 0.937160060086 4.0921
13gh13gh13gh13gh -5.60064702575 0.937160060086 4.0921
13gh13gh13gh13gh- -5.60064702575 0.937160060086 4.0921
13gi -7.1835332248 2.31514453868 6.0483
13gi13gi -6.61399896064 1.53581050497 5.3647
13gi13gi- -6.61399896064 1.53581050497 5.3646
13gi13gi-13gi -6.44664894992 1.2313151196 5.0048
13gi13gi-13gi- -6.44664894992 1.2313151196 5.0048
13gi13gi-13gi-13gi -6.40229439423 1.08518998828 4.8457
13gi13gi-13gi-13gi- -6.40229439423 1.08518998828 4.8457
13gi13gi-13gi13gi -6.40229439423 1.08518998828 4.8457
13gi13gi-13gi13gi- -6.40229439423 1.08518998828 4.8457
13gi13gi13gi -6.44664894992 1.2313151196 5.0048
13gi13gi13gi- -6.44692106375 1.2313151196 5.0048
13gi13gi13gi-13gi -6.40229439423 1.08518998828 4.8457
13gi13gi13gi-13gi- -6.40229439423 1.08518998828 4.8457
13gi13gi13gi13gi -6.40229439423 1.08518998828 4.8457
13gi13gi13gi13gi- -6.40229439423 1.08518998828 4.8457
13gl13gl -6.41045780938 1.39403919507 5.0958
13gl13gl- -6.41045780938 1.39403919507 5.0959
13gl13gl-13gl -6.13154112483 1.05171998613 4.6360
13gl13gl-13gl- -6.03875030588 0.814708832723 4.3555
13gl13gl-13gl-13gl -5.93589127489 0.668583701403 4.1705
13gl13gl-13gl-13gl- -5.88391753172 0.489532795614 3.9767
13gl13gl-13gl13gl -5.88391753172 0.489532795614 3.9767
13gl13gl-13gl13gl- -5.9965726609 0.835933712133 4.3585
13gl13gl13gl -6.03875030588 0.814436718885 4.3551
13gl13gl13gl- -6.13154112483 1.05171998613 4.6359
13gl13gl13gl-13gl -5.9965726609 0.835933712133 4.3585
13gl13gl13gl-13gl- -5.91140102942 0.674298092013 4.1523
13gl13gl13gl13gl -5.88391753172 0.489532795614 3.9768
13gl13gl13gl13gl- -5.88391753172 0.489532795614 3.9768
13hg -6.44338358385 2.20357786486 5.7832
13hg13hg -5.76255475971 1.34478659029 4.5239
13hg13hg- -5.76228264587 1.34478659029 4.5238
13hg13hg-13hg -5.87765891343 1.17934137643 4.5588
13hg13hg-13hg- -5.8773867996 1.17906926259 4.5584
13hg13hg-13hg-13hg -5.81861021046 0.980970388099 4.3565
13hg13hg-13hg-13hg- -5.81861021046 0.980970388099 4.3564
13hg13hg-13hg13hg -5.81861021046 0.980970388099 4.3565
13hg13hg-13hg13hg- -5.73915296959 0.912397700775 4.2016
13hg13hg13hg -5.8773867996 1.17934137643 4.5585
13hg13hg13hg- -5.8773867996 1.17906926259 4.5585
13hg13hg13hg-13hg -5.81861021046 0.980970388099 4.3565
13hg13hg13hg-13hg- -5.81861021046 0.980970388099 4.3564
13hg13hg13hg13hg -5.81861021046 0.980970388099 4.3564
13hg13hg13hg13hg- -5.81861021046 0.980970388099 4.3564
13ig -7.1835332248 2.31514453868 6.0482
13ig13ig -6.53644651665 1.71105181702 5.3214
13ig13ig- -6.53644651665 1.71105181702 5.3214
13ig13ig-13ig -6.42515195667 1.37580756789 5.1088
13ig13ig-13ig- -6.42460772899 1.37471911253 5.1078
13ig13ig-13ig-13ig -6.41807699686 1.20981812635 4.9755
13ig13ig-13ig-13ig- -6.41807699686 1.20981812635 4.9755
13ig13ig-13ig13ig -6.41807699686 1.20981812635 4.9755
13ig13ig-13ig13ig- -6.41807699686 1.20981812635 4.9755
13ig13ig13ig -6.42515195667 1.37580756789 5.1088
13ig13ig13ig- -6.42460772899 1.37471911253 5.1079
13ig13ig13ig-13ig -6.41807699686 1.20981812635 4.9755
13ig13ig13ig-13ig- -6.41807699686 1.20981812635 4.9755
13ig13ig13ig13ig -6.41807699686 1.20981812635 4.9755
13ig13ig13ig13ig- -6.41807699686 1.20981812635 4.9755
13lg -6.63576806773 2.56249601795 5.2936
4ag -7.36748217969 1.20165471119 5.2995
4ag4ag -7.30652867984 0.545316132524 5.0311
4ag4ag- -7.30652867984 0.545588246363 5.0311
4ag4ag-4ag -7.22843200817 0.265038878782 4.8466
4ag4ag-4ag- -7.20530233189 0.257147577463 4.8419
4ag4ag-4ag-4ag -7.16040354852 0.112927243013 4.7599
4ag4ag-4ag-4ag- -7.17809094803 0.11728106443 4.7582
4ag4ag-4ag4ag -7.17809094803 0.11728106443 4.7581
4ag4ag-4ag4ag- -7.17809094803 0.11728106443 4.7582
4ag4ag4ag -7.2265272113 0.244630340888 4.8439
4ag4ag4ag- -7.22843200817 0.265038878782 4.8465
4ag4ag4ag-4ag -7.17809094803 0.11728106443 4.7582
4ag4ag4ag-4ag- -7.17809094803 0.11728106443 4.7582
4ag4ag4ag4ag -7.17482558197 0.0870764283472 4.7537
4ag4ag4ag4ag- -7.17700249268 0.103675372501 4.7558
4dg -7.91361465373 -0.206806517325 5.1327
4dg4dg -8.03878701948 -0.630215650163 4.8890
4dg4dg- -8.03878701948 -0.630215650163 4.8891
4dg4dg-4dg -8.07960409526 -0.851444200932 4.7793
4dg4dg-4dg- -8.07960409526 -0.851444200932 4.7795
4dg4dg-4dg-4dg -8.04586197928 -0.983963640323 4.7487
4dg4dg-4dg-4dg- -8.0869511689 -0.97498388365 4.7470
4dg4dg-4dg4dg -8.0869511689 -0.97498388365 4.7470
4dg4dg-4dg4dg- -8.0869511689 -0.97498388365 4.7471
4dg4dg4dg -8.03661010877 -0.862872982153 4.7674
4dg4dg4dg- -8.07960409526 -0.851444200932 4.7793
4dg4dg4dg-4dg -8.0869511689 -0.97498388365 4.7470
4dg4dg4dg-4dg- -8.0869511689 -0.97498388365 4.7470
4dg4dg4dg4dg -8.03661010877 -1.00029047064 4.7131
4dg4dg4dg4dg- -8.04586197928 -0.983963640323 4.7487
4eg -7.25047322909 0.382319943212 5.0704
4eg4eg -7.23387428494 0.0797293547054 4.8469
4eg4eg- -7.23387428494 0.0797293547054 4.8469
4eg4eg-4eg -7.21373786089 -0.0680284596462 4.7013
4eg4eg-4eg- -7.21373786089 -0.0677563458076 4.7014
4eg4eg-4eg-4eg -7.18897550157 -0.16735001073 4.6631
4eg4eg-4eg-4eg- -7.19686680289 -0.152383749608 4.6738
4eg4eg-4eg4eg -7.19686680289 -0.152383749608 4.6739
4eg4eg-4eg4eg- -7.19686680289 -0.152383749608 4.6739
4eg4eg4eg -7.20448599037 -0.08653220067 4.6894
4eg4eg4eg- -7.21373786089 -0.0677563458076 4.7014
4eg4eg4eg-4eg -7.19686680289 -0.152383749608 4.6739
4eg4eg4eg-4eg- -7.19686680289 -0.152383749608 4.6739
4eg4eg4eg4eg -7.18135631409 -0.186670093269 4.6469
4eg4eg4eg4eg- -7.18951972925 -0.16735001073 4.6630
4fg -6.92284816744 1.10396584314 4.9574
4fg4fg -6.85672450466 0.629399308647 4.7454
4fg4fg- -6.85672450466 0.629127194808 4.7454
4fg4fg-4fg -6.77889994683 0.401367911913 4.5396
4fg4fg-4fg- -6.77889994683 0.401095798074 4.5393
4fg4fg-4fg-4fg -6.73128002507 0.244902454726 4.4364
4fg4fg-4fg-4fg- -6.73128002507 0.285447416676 4.4481
4fg4fg-4fg4fg -6.73128002507 0.285447416676 4.4481
4fg4fg-4fg4fg- -6.73128002507 0.285447416676 4.4481
4fg4fg4fg -6.78107685754 0.355380673192 4.5255
4fg4fg4fg- -6.77889994683 0.401095798074 4.5393
4fg4fg4fg-4fg -6.73128002507 0.285447416676 4.4481
4fg4fg4fg-4fg- -6.73128002507 0.285447416676 4.4481
4fg4fg4fg4fg -6.7307357974 0.206806517325 4.4145
4fg4fg4fg4fg- -6.72529352063 0.241364974825 4.4200
4ga -7.36748217969 1.20165471119 5.2995
4ga4ga -7.30652867984 0.545316132524 5.0311
4ga4ga- -7.30652867984 0.545588246363 5.0311
4ga4ga-4ga -7.22843200817 0.265038878782 4.8465
4ga4ga-4ga- -7.22843200817 0.265038878782 4.8466
4ga4ga-4ga-4ga -7.17700249268 0.103675372501 4.7558
4ga4ga-4ga-4ga- -7.17700249268 0.103675372501 4.7558
4ga4ga-4ga4ga -7.17809094803 0.11728106443 4.7582
4ga4ga-4ga4ga- -7.17809094803 0.11728106443 4.7582
4ga4ga4ga -7.22679932514 0.244630340888 4.8438
4ga4ga4ga- -7.22843200817 0.265038878782 4.8465
4ga4ga4ga-4ga -7.17809094803 0.11728106443 4.7581
4ga4ga4ga-4ga- -7.17809094803 0.11728106443 4.7582
4ga4ga4ga4ga -7.17482558197 0.0870764283472 4.7537
4ga4ga4ga4ga- -7.176458265 0.102042689469 4.7595
4gd -7.91361465373 -0.206806517325 5.1327
4gd4gd -8.03878701948 -0.630215650163 4.8893
4gd4gd- -8.03878701948 -0.630215650163 4.8892
4gd4gd-4gd -8.07960409526 -0.851444200932 4.7794
4gd4gd-4gd- -8.07960409526 -0.851444200932 4.7793
4gd4gd-4gd-4gd -8.04586197928 -0.983963640323 4.7487
4gd4gd-4gd-4gd- -8.04586197928 -0.983963640323 4.7487
4gd4gd-4gd4gd -8.0869511689 -0.97498388365 4.7470
4gd4gd-4gd4gd- -8.0869511689 -0.97498388365 4.7470
4gd4gd4gd -8.03661010877 -0.862872982153 4.7674
4gd4gd4gd- -8.07960409526 -0.851444200932 4.7794
4gd4gd4gd-4gd -8.0869511689 -0.97498388365 4.7471
4gd4gd4gd-4gd- -8.0869511689 -0.97498388365 4.7471
4gd4gd4gd4gd -8.03661010877 -1.00029047064 4.7131
4gd4gd4gd4gd- -8.08640694123 -0.983147298807 4.7228
4ge -7.25047322909 0.38259205705 5.0701
4ge4ge -7.23387428494 0.0797293547054 4.8469
4ge4ge- -7.23387428494 0.0797293547054 4.8468
4ge4ge-4ge -7.21373786089 -0.0677563458076 4.7014
4ge4ge-4ge- -7.21400997472 -0.0674842319691 4.7018
4ge4ge-4ge-4ge -7.18924761541 -0.167622124568 4.6628
4ge4ge-4ge-4ge- -7.18951972925 -0.16735001073 4.6630
4ge4ge-4ge4ge -7.19686680289 -0.152383749608 4.6738
4ge4ge-4ge4ge- -7.19686680289 -0.152383749608 4.6738
4ge4ge4ge -7.20448599037 -0.08653220067 4.6893
4ge4ge4ge- -7.21373786089 -0.0677563458076 4.7015
4ge4ge4ge-4ge -7.19686680289 -0.152383749608 4.6738
4ge4ge4ge-4ge- -7.19686680289 -0.152383749608 4.6738
4ge4ge4ge4ge -7.18135631409 -0.186670093269 4.6470
4ge4ge4ge4ge- -7.18897550157 -0.16735001073 4.6633
4gf -6.92312028128 1.10396584314 4.9574
4gf4gf -6.85672450466 0.629399308647 4.7454
4gf4gf- -6.85672450466 0.629399308647 4.7454
4gf4gf-4gf -6.77889994683 0.401367911913 4.5396
4gf4gf-4gf- -6.77889994683 0.401095798074 4.5393
4gf4gf-4gf-4gf -6.72529352063 0.241909202502 4.4203
4gf4gf-4gf-4gf- -6.72529352063 0.241909202502 4.4203
4gf4gf-4gf4gf -6.73128002507 0.285447416676 4.4481
4gf4gf-4gf4gf- -6.73128002507 0.285447416676 4.4481
4gf4gf4gf -6.78107685754 0.355380673192 4.5255
4gf4gf4gf- -6.77889994683 0.401095798074 4.5393
4gf4gf4gf-4gf -6.73128002507 0.285447416676 4.4481
4gf4gf4gf-4gf- -6.73128002507 0.285447416676 4.4481
4gf4gf4gf4gf -6.7307357974 0.206806517325 4.4145
4gf4gf4gf4gf- -6.73128002507 0.244902454726 4.4364
4gg -7.02570719842 0.962738760913 4.9330
4gg4gg -7.09509622726 0.48082515278 4.7642
4gg4gg- -7.09591256878 0.480553038941 4.7643
4gg4gg-4gg -7.06189833896 0.304767499215 4.6369
4gg4gg-4gg- -7.06189833896 0.304767499215 4.6369
4gg4gg-4gg-4gg -7.05781663138 0.167894238407 4.5975
4gg4gg-4gg-4gg- -7.05781663138 0.167894238407 4.5975
4gg4gg-4gg4gg -7.06189833896 0.213881477128 4.6085
4gg4gg-4gg4gg- -7.06189833896 0.213609363289 4.6084
4gg4gg4gg -7.07659248624 0.246263023919 4.6224
4gg4gg4gg- -7.06189833896 0.304767499215 4.6369
4gg4gg4gg-4gg -7.06189833896 0.213609363289 4.6084
4gg4gg4gg-4gg- -7.06189833896 0.213609363289 4.6084
4gg4gg4gg4gg -7.07359923401 0.119730088977 4.5807
4gg4gg4gg4gg- -7.05781663138 0.167894238407 4.5975
4gh -7.03223793055 1.31621463724 5.0988
4gh4gh -6.63467961238 0.985324209516 4.6909
4gh4gh- -6.63467961238 0.985324209516 4.6908
4gh4gh-4gh -6.54052822423 0.683549962525 4.4778
4gh4gh-4gh- -6.51631009259 0.831035663038 4.5468
4gh4gh-4gh-4gh- -6.48011895206 0.508036536638 4.3733
4gh4gh-4gh4gh -6.48011895206 0.508036536638 4.3733
4gh4gh-4gh4gh- -6.48011895206 0.508036536638 4.3733
4gh4gh4gh -6.48664968419 0.792123384121 4.4931
4gh4gh4gh- -6.54052822423 0.683549962525 4.4778
4gh4gh4gh-4gh -6.48011895206 0.508036536638 4.3733
4gh4gh4gh-4gh- -6.48011895206 0.508036536638 4.3733
4gh4gh4gh4gh -6.48011895206 0.508036536638 4.3733
4gi -7.17019964671 1.2313151196 5.1984
4gi4gi -7.14298826285 0.981242501937 5.0976
4gi4gi- -7.14462094589 0.979881932744 5.0966
4gi4gi-4gi -7.12013070041 0.844913468806 5.0567
4gi4gi-4gi- -7.11985858657 0.844641354968 5.0568
4gi4gi-4gi-4gi -7.08856549514 0.78259939977 5.0461
4gi4gi-4gi-4gi- -7.08856549514 0.781783058254 5.0460
4gi4gi-4gi4gi -7.08883760898 0.782055172093 5.0460
4gi4gi-4gi4gi- -7.08856549514 0.781783058254 5.0460
4gi4gi4gi -7.11985858657 0.84409712729 5.0567
4gi4gi4gi- -7.11985858657 0.84409712729 5.0567
4gi4gi4gi-4gi -7.08856549514 0.78259939977 5.0462
4gi4gi4gi-4gi- -7.08883760898 0.782327285932 5.0461
4gi4gi4gi4gi -7.08883760898 0.78259939977 5.0461
4gi4gi4gi4gi- -7.08883760898 0.782327285932 5.0461
4gl -6.85618027699 1.1728106443 4.9702
4hg -7.03223793055 1.31648675107 5.0987
4hg4hg -6.63467961238 0.985324209516 4.6908
4hg4hg- -6.63467961238 0.985324209516 4.6908
4hg4hg-4hg -6.48664968419 0.792123384121 4.4931
4hg4hg-4hg- -6.54052822423 0.683549962525 4.4778
4hg4hg-4hg-4hg -6.48011895206 0.508036536638 4.3733
4hg4hg-4hg-4hg- -6.48011895206 0.508036536638 4.3733
4hg4hg-4hg4hg -6.46869017084 0.623140690359 4.4057
4hg4hg-4hg4hg- -6.46869017084 0.623140690359 4.4057
4hg4hg4hg -6.54052822423 0.683549962525 4.4778
4hg4hg4hg- -6.54052822423 0.683549962525 4.4778
4hg4hg4hg-4hg- -6.48011895206 0.508036536638 4.3733
4hg4hg4hg4hg -6.48011895206 0.508036536638 4.3733
4ig -7.17019964671 1.2313151196 5.1984
4ig4ig -7.14462094589 0.98069827426 5.0967
4ig4ig- -7.14462094589 0.980970388099 5.0967
4ig4ig-4ig -7.11985858657 0.844369241129 5.0567
4ig4ig-4ig- -7.11985858657 0.843280785775 5.0567
4ig4ig-4ig-4ig -7.08883760898 0.782327285932 5.0460
4ig4ig-4ig-4ig- -7.0882933813 0.782327285932 5.0461
4ig4ig-4ig4ig -7.08856549514 0.78259939977 5.0461
4ig4ig-4ig4ig- -7.08856549514 0.782327285932 5.0461
4ig4ig4ig -7.11985858657 0.84409712729 5.0567
4ig4ig4ig- -7.11985858657 0.84409712729 5.0567
4ig4ig4ig-4ig -7.08856549514 0.781783058254 5.0460
4ig4ig4ig-4ig- -7.08883760898 0.78259939977 5.0461
4ig4ig4ig4ig -7.08856549514 0.78259939977 5.0461
4ig4ig4ig4ig- -7.08856549514 0.782055172093 5.0460
4lg -6.85618027699 1.1728106443 4.9701
5aa -7.88749172522 1.16165397692 6.1823
5aa5aa -7.04312248409 0.183948954883 4.6247
5aa5aa- -6.86978596891 0.00299325222443 4.3453
5aa5aa-5aa -6.4373970794 -0.491709706323 3.6579
5aa5aa-5aa- -6.6602583132 -0.266943675652 3.9996
5aa5aa-5aa-5aa- -6.45617293427 -0.509941333508 3.6646
5aa5aa-5aa5aa -6.45617293427 -0.509941333508 3.6646
5aa5aa-5aa5aa- -6.20718877196 -0.75946972349 3.2879
5aa5aa5aa -6.6602583132 -0.266943675652 3.9996
5aa5aa5aa- -6.6602583132 -0.266943675652 3.9996
5aa5aa5aa-5aa -6.45617293427 -0.509941333508 3.6646
5aa5aa5aa-5aa- -6.47903049671 -0.499328893803 3.6837
5aa5aa5aa5aa -6.45617293427 -0.509941333508 3.6646
5aa5aa5aa5aa- -6.45617293427 -0.509941333508 3.6646
5ad -8.58954542877 -0.0206806517325 5.8091
5ad5ad -8.00803815572 -1.1621982046 4.3060
5ad5ad- -7.9070839216 -1.30097626227 4.1129
5ad5ad-5ad -7.63850756292 -1.8759528032 3.4979
5ad5ad-5ad- -7.75932610725 -1.71322872773 3.7150
5ad5ad-5ad-5ad -7.65129691333 -2.03051346352 3.4019
5ad5ad-5ad5ad -7.65129691333 -2.03051346352 3.4019
5ad5ad-5ad5ad- -7.51741690475 -2.20983648315 3.1658
5ad5ad5ad -7.75932610725 -1.71322872773 3.7150
5ad5ad5ad- -7.75932610725 -1.71322872773 3.7150
5ad5ad5ad-5ad -7.65129691333 -2.03051346352 3.4019
5ad5ad5ad5ad- -7.65129691333 -2.03051346352 3.4019
5ae -7.64204504282 0.595657192662 5.5163
5ae5ae -7.07604825856 -0.360550836125 4.2345
5ae5ae- -6.98897183021 -0.496607755417 4.0576
5ae5ae-5ae -6.6256998557 -0.958112825657 3.4456
5ae5ae-5ae- -6.73726652952 -0.797565660892 3.6515
5ae5ae-5ae-5ae -6.55440602999 -1.03158356208 3.3428
5ae5ae-5ae-5ae- -6.55413391616 -1.03185567591 3.3425
5ae5ae-5ae5ae- -6.42732886738 -1.20900178483 3.1151
5ae5ae5ae -6.73753864336 -0.797565660892 3.6516
5ae5ae5ae- -6.73726652952 -0.797565660892 3.6514
5ae5ae5ae-5ae -6.55413391616 -1.03185567591 3.3426
5ae5ae5ae-5ae- -6.56529058354 -1.03131144824 3.3480
5ae5ae5ae5ae -6.55440602999 -1.03158356208 3.3428
5ae5ae5ae5ae- -6.55440602999 -1.03158356208 3.3428
5af -7.32612087622 1.24029487627 5.6281
5af5af -6.86516003366 0.228031396734 4.4531
5af5af- -6.86516003366 0.228031396734 4.4532
5af5af-5af -6.6496458735 -0.224221802994 3.9546
5af5af-5af- -6.64991798734 -0.223949689155 3.9548
5af5af-5af-5af -6.50188805915 -0.498240438449 3.6548
5af5af-5af-5af- -6.50188805915 -0.498240438449 3.6547
5af5af-5af5af -6.55032432242 -0.469668485398 3.6969
5af5af-5af5af- -6.55032432242 -0.469668485398 3.6969
5af5af5af -6.59467887811 -0.250616845337 3.9115
5af5af5af- -6.59467887811 -0.250616845337 3.9115
5af5af5af-5af -6.49454098551 -0.490621250969 3.6567
5af5af5af-5af- -6.49454098551 -0.490621250969 3.6567
5af5af5af5af -6.45345179588 -0.513206699571 3.6207
5af5af5af5af- -6.45345179588 -0.513206699571 3.6208
5ag -7.3266651039 0.958929167173 5.3129
5ag5ag -7.08203476301 0.0054422767717 4.4896
5ag5ag- -7.08203476301 0.00517016293311 4.4894
5ag5ag-5ag -6.95169223433 -0.421776449807 4.0677
5ag5ag-5ag- -6.95169223433 -0.421776449807 4.0678
5ag5ag-5ag-5ag -6.82788043777 -0.693890288392 3.7848
5ag5ag-5ag-5ag- -6.82788043777 -0.693890288392 3.7848
5ag5ag-5ag5ag -6.89944637732 -0.640555976029 3.8644
5ag5ag-5ag5ag- -6.89944637732 -0.640555976029 3.8643
5ag5ag5ag -6.8795820671 -0.467763688527 3.9916
5ag5ag5ag- -6.8795820671 -0.467763688527 3.9916
5ag5ag5ag-5ag -6.82815255161 -0.681373051817 3.7943
5ag5ag5ag-5ag- -6.82815255161 -0.681373051817 3.7943
5ag5ag5ag5ag -6.76774327945 -0.725455493667 3.7257
5ag5ag5ag5ag- -6.76774327945 -0.725455493667 3.7256
5ah -6.78896815885 1.41335927761 5.3272
5ah5ah -6.29045560657 0.517016293311 4.2579
5ah5ah- -6.29045560657 0.517016293311 4.2579
5ah5ah-5ah -6.0071851006 0.121362772009 3.7561
5ah5ah-5ah- -6.0071851006 0.121362772009 3.7561
5ah5ah-5ah-5ah -5.84827061887 -0.0870764283472 3.4859
5ah5ah-5ah-5ah- -5.84827061887 -0.0870764283472 3.4859
5ah5ah-5ah5ah -5.84827061887 -0.0870764283472 3.4859
5ah5ah-5ah5ah- -5.84827061887 -0.0870764283472 3.4859
5ah5ah5ah -6.0071851006 0.121362772009 3.7561
5ah5ah5ah- -6.0071851006 0.121362772009 3.7561
5ah5ah5ah-5ah -5.84827061887 -0.0870764283472 3.4859
5ah5ah5ah-5ah- -5.84827061887 -0.0870764283472 3.4859
5ah5ah5ah5ah -5.84827061887 -0.0870764283472 3.4859
5ah5ah5ah5ah- -5.84827061887 -0.0870764283472 3.4859
5ai -7.68395057396 1.30015992076 5.9970
5ai5ai -6.94815475443 0.39619774898 4.7062
5ai5ai- -6.94815475443 0.39619774898 4.7062
5ai5ai-5ai -6.63087001864 0.0054422767717 4.1665
5ai5ai-5ai- -6.63087001864 0.0054422767717 4.1665
5ai5ai-5ai-5ai -6.47086708155 -0.194561394588 3.8926
5ai5ai-5ai-5ai- -6.47059496771 -0.194561394588 3.8924
5ai5ai-5ai5ai -6.47059496771 -0.194561394588 3.8924
5ai5ai-5ai5ai- -6.47059496771 -0.194561394588 3.8923
5ai5ai5ai -6.63087001864 0.0054422767717 4.1665
5ai5ai5ai- -6.63087001864 0.0054422767717 4.1665
5ai5ai5ai-5ai -6.47059496771 -0.194561394588 3.8923
5ai5ai5ai-5ai- -6.47059496771 -0.194561394588 3.8924
5ai5ai5ai5ai -6.47059496771 -0.194561394588 3.8923
5ai5ai5ai5ai- -6.47086708155 -0.194561394588 3.8926
5al -7.12366818031 1.18777690542 5.4474
5al5al -6.32800731629 0.199187329844 4.1017
5al5al- -6.30324495698 0.1692548076 4.0609
5al5al-5al -5.84772639119 -0.27891668455 3.4074
5al5al-5al- -5.86949549828 -0.2538822114 3.4404
5al5al-5al-5al -5.57833369099 -0.520553773213 3.0468
5al5al-5al-5al- -5.5960210905 -0.49987312148 3.0727
5al5al-5al5al -5.5960210905 -0.49987312148 3.0726
5al5al-5al5al- -5.57833369099 -0.520553773213 3.0468
5al5al5al -5.84772639119 -0.278644570711 3.4077
5al5al5al- -5.84772639119 -0.278644570711 3.4076
5al5al5al-5al -5.5960210905 -0.49987312148 3.0726
5al5al5al-5al- -5.5889461307 -0.508852878154 3.0612
5al5al5al5al -5.5960210905 -0.49987312148 3.0725
5al5al5al5al- -5.5960210905 -0.49987312148 3.0726
5da -8.58954542877 -0.0206806517325 5.8091
5da5da -8.00803815572 -1.1621982046 4.3059
5da5da- -7.9070839216 -1.30097626227 4.1129
5da5da-5da -7.63850756292 -1.8759528032 3.4979
5da5da-5da- -7.75932610725 -1.71322872773 3.7150
5da5da-5da-5da -7.65129691333 -2.03051346352 3.4019
5da5da-5da5da -7.65129691333 -2.03051346352 3.4019
5da5da-5da5da- -7.51741690475 -2.20983648315 3.1658
5da5da5da- -7.75932610725 -1.71322872773 3.7150
5da5da5da-5da -7.65129691333 -2.03051346352 3.4019
5da5da5da-5da- -7.66190935304 -2.02942500817 3.4067
5dd -9.24044173067 -0.72681606286 5.6438
5dd5dd -9.06901001236 -1.81853678326 4.6027
5dd5dd- -9.06901001236 -1.81853678326 4.6027
5dd5dd-5dd -9.14465765948 -2.25473526651 4.3392
5dd5dd-5dd- -8.8260123545 -2.52004625913 3.8666
5dd5dd-5dd-5dd -9.24153018602 -2.48058975254 4.2430
5dd5dd-5dd-5dd- -8.86982268251 -2.75406416032 3.7711
5dd5dd-5dd5dd -9.09758196541 -2.59841504465 4.0648
5dd5dd-5dd5dd- -8.99145756836 -2.69011740825 3.9281
5dd5dd5dd -8.99227390988 -2.3695673064 4.1529
5dd5dd5dd- -8.85784967362 -2.51297129933 3.9165
5dd5dd5dd-5dd- -9.09758196541 -2.59841504465 4.0648
5dd5dd5dd5dd -8.86982268251 -2.75406416032 3.7711
5dd5dd5dd5dd- -8.86982268251 -2.75406416032 3.7713
5de -8.2526684966 -0.192112370041 5.3399
5de5de -8.04450141009 -1.11593885204 4.3697
5de5de- -8.04422929625 -1.11621096588 4.3692
5de5de-5de -7.90572335241 -1.54533448932 3.9577
5de5de-5de- -7.90572335241 -1.54506237549 3.9579
5de5de-5de-5de -7.84259294186 -1.78370621192 3.7450
5de5de-5de-5de- -7.84259294186 -1.78370621192 3.7452
5de5de-5de5de -7.84259294186 -1.78370621192 3.7451
5de5de-5de5de- -7.84259294186 -1.78370621192 3.7451
5de5de5de -7.98382002408 -1.48900692474 4.0474
5de5de5de- -7.98354791024 -1.48927903858 4.0469
5de5de5de-5de -7.84259294186 -1.78370621192 3.7450
5de5de5de-5de- -7.90572335241 -1.73799108704 3.8160
5de5de5de5de -7.84259294186 -1.78370621192 3.7451
5de5de5de5de- -7.84259294186 -1.78370621192 3.7450
5df -8.06980799707 0.00734707364179 5.1923
5df5df -7.76014244876 -1.08627844363 4.0929
5df5df- -7.76014244876 -1.08627844363 4.0929
5df5df-5df -7.59986739784 -1.58968904501 3.6138
5df5df-5df- -7.58571747823 -1.59921302936 3.6145
5df5df-5df-5df -7.52068227081 -1.89227963352 3.3474
5df5df-5df-5df- -7.51605633555 -1.89717768261 3.3520
5df5df-5df5df -7.51605633555 -1.89717768261 3.3521
5df5df-5df5df- -7.52041015697 -1.89200751968 3.3473
5df5df5df -7.58571747823 -1.59921302936 3.6145
5df5df5df- -7.59932317016 -1.58968904501 3.6133
5df5df5df-5df -7.53646487345 -1.88221142149 3.3524
5df5df5df-5df- -7.53102259668 -1.89309597504 3.3560
5df5df5df5df -7.51605633555 -1.89717768261 3.3520
5df5df5df5df- -7.51605633555 -1.89717768261 3.3521
5dg -7.90436278321 -0.141227082226 5.0374
5dg5dg -7.92477132111 -0.974439655973 4.2704
5dg5dg- -7.92477132111 -0.974439655973 4.2703
5dg5dg-5dg -7.99307189459 -1.33662317513 4.0744
5dg5dg-5dg- -7.99307189459 -1.33662317513 4.0744
5dg5dg-5dg-5dg -7.91143774302 -1.63785319444 3.8517
5dg5dg-5dg-5dg- -7.91143774302 -1.6375810806 3.8517
5dg5dg-5dg5dg -7.91143774302 -1.6375810806 3.8517
5dg5dg-5dg5dg- -8.03633799493 -1.52927977285 3.9853
5dg5dg5dg -7.90871660463 -1.39240651204 3.9937
5dg5dg5dg- -7.90871660463 -1.39240651204 3.9937
5dg5dg5dg-5dg -8.03633799493 -1.52927977285 3.9853
5dg5dg5dg-5dg- -7.99660937449 -1.5959476633 3.9258
5dg5dg5dg5dg -7.91143774302 -1.6375810806 3.8517
5dg5dg5dg5dg- -7.91143774302 -1.63785319444 3.8517
5dh -7.37537348101 0.103131144824 4.6802
5dh5dh -7.05944931441 -0.760830292683 3.7757
5dh5dh- -7.05944931441 -0.760830292683 3.7757
5dh5dh-5dh -6.88584068539 -1.18042983178 3.3620
5dh5dh-5dh- -6.88584068539 -1.18042983178 3.3620
5dh5dh-5dh-5dh -6.80774401372 -1.42070635125 3.1404
5dh5dh-5dh-5dh- -6.80774401372 -1.42070635125 3.1404
5dh5dh-5dh5dh -6.80774401372 -1.42070635125 3.1404
5dh5dh-5dh5dh- -6.80774401372 -1.42070635125 3.1404
5dh5dh5dh -6.88584068539 -1.18042983178 3.3620
5dh5dh5dh- -6.88584068539 -1.18042983178 3.3620
5dh5dh5dh-5dh -6.80801612756 -1.42070635125 3.1409
5dh5dh5dh-5dh- -6.80747189988 -1.42070635125 3.1404
5dh5dh5dh5dh -6.80774401372 -1.42070635125 3.1404
5dh5dh5dh5dh- -6.80774401372 -1.42070635125 3.1404
5di -8.44287606977 0.0813620377369 5.6035
5di5di -8.00504490349 -0.774708098451 4.5720
5di5di- -8.00504490349 -0.774708098451 4.5719
5di5di-5di -7.90681180776 -1.15349056176 4.2176
5di5di-5di- -7.90681180776 -1.15349056176 4.2175
5di5di-5di-5di -7.88885229442 -1.35485480231 4.0518
5di5di-5di-5di- -7.88885229442 -1.35458268848 4.0519
5di5di-5di5di -7.88885229442 -1.35458268848 4.0519
5di5di-5di5di- -7.88885229442 -1.35458268848 4.0519
5di5di5di -7.90681180776 -1.15349056176 4.2175
5di5di5di- -7.90681180776 -1.15349056176 4.2175
5di5di5di-5di -7.88885229442 -1.35458268848 4.0519
5di5di5di-5di- -7.88885229442 -1.35485480231 4.0519
5di5di5di5di -7.88885229442 -1.35458268848 4.0519
5di5di5di5di- -7.88885229442 -1.35458268848 4.0519
5dl -7.7617751318 -0.000816341515755 4.9532
5dl5dl -7.70191008731 -0.872396966503 4.2053
5dl5dl- -7.70191008731 -0.872396966503 4.2053
5dl5dl-5dl -7.50598812353 -1.21852576918 3.8069
5dl5dl-5dl- -7.41319730457 -1.28981959489 3.7065
5dl5dl-5dl-5dl -7.35306014624 -1.45363212572 3.5445
5dl5dl-5dl-5dl- -7.2646231487 -1.52737497598 3.4383
5dl5dl-5dl5dl -7.2646231487 -1.52737497598 3.4383
5dl5dl-5dl5dl- -7.42408185811 -1.39267862588 3.6193
5dl5dl5dl -7.41346941841 -1.28981959489 3.7065
5dl5dl5dl- -7.50598812353 -1.21852576918 3.8069
5dl5dl5dl-5dl -7.42408185811 -1.39267862588 3.6193
5dl5dl5dl-5dl- -7.32448819319 -1.47948294039 3.5011
5dl5dl5dl5dl -7.2646231487 -1.52737497598 3.4383
5dl5dl5dl5dl- -7.2646231487 -1.52737497598 3.4383
5ea -7.64204504282 0.595657192662 5.5163
5ea5ea -7.0763203724 -0.360278722286 4.2347
5ea5ea- -6.98897183021 -0.496879869256 4.0574
5ea5ea-5ea -6.6256998557 -0.958112825657 3.4456
5ea5ea-5ea- -6.73726652952 -0.797565660892 3.6514
5ea5ea-5ea-5ea -6.55413391616 -1.03185567591 3.3427
5ea5ea-5ea-5ea- -6.55440602999 -1.03185567591 3.3427
5ea5ea-5ea5ea -6.55413391616 -1.03185567591 3.3427
5ea5ea-5ea5ea- -6.42732886738 -1.20900178483 3.1152
5ea5ea5ea -6.73726652952 -0.797565660892 3.6513
5ea5ea5ea- -6.73753864336 -0.797565660892 3.6516
5ea5ea5ea-5ea -6.55413391616 -1.03185567591 3.3427
5ea5ea5ea-5ea- -6.56556269738 -1.03131144824 3.3480
5ea5ea5ea5ea -6.55440602999 -1.03158356208 3.3428
5ea5ea5ea5ea- -6.55413391616 -1.03185567591 3.3426
5ed -8.2526684966 -0.192112370041 5.3401
5ed5ed -8.04422929625 -1.11621096588 4.3694
5ed5ed- -8.04422929625 -1.11593885204 4.3696
5ed5ed-5ed -7.90572335241 -1.54506237549 3.9578
5ed5ed-5ed- -7.90572335241 -1.54506237549 3.9578
5ed5ed-5ed-5ed -7.84259294186 -1.78370621192 3.7452
5ed5ed-5ed-5ed- -7.84259294186 -1.78370621192 3.7451
5ed5ed-5ed5ed -7.84259294186 -1.78370621192 3.7450
5ed5ed-5ed5ed- -7.90926083231 -1.73581417633 3.8196
5ed5ed5ed -7.90572335241 -1.54506237549 3.9580
5ed5ed5ed- -7.90572335241 -1.54506237549 3.9580
5ed5ed5ed-5ed -7.84259294186 -1.78343409809 3.7452
5ed5ed5ed-5ed- -7.84259294186 -1.78370621192 3.7452
5ed5ed5ed5ed -7.84259294186 -1.78370621192 3.7450
5ed5ed5ed5ed- -7.84259294186 -1.78370621192 3.7452
5ee -7.7449040738 0.342047095101 5.3408
5ee5ee -7.37591770868 -0.37116327583 4.4196
5ee5ee- -7.37564559484 -0.371435389668 4.4192
5ee5ee-5ee -7.21264940553 -0.632120447033 4.1056
5ee5ee-5ee- -7.13237582315 -0.69987679284 4.0086
5ee5ee-5ee-5ee -7.06897329876 -0.816069401916 3.8761
5ee5ee-5ee-5ee- -7.00203329447 -0.868859486602 3.8000
5ee5ee-5ee5ee -7.00203329447 -0.868859486602 3.8000
5ee5ee-5ee5ee- -7.1454372874 -0.750762080656 3.9648
5ee5ee5ee -7.13210370931 -0.700421020518 4.0080
5ee5ee5ee- -7.21237729169 -0.63266467471 4.1051
5ee5ee5ee-5ee -7.14570940124 -0.750762080656 3.9647
5ee5ee5ee-5ee- -7.06897329876 -0.816069401916 3.8761
5ee5ee5ee5ee -7.00203329447 -0.868859486602 3.8000
5ee5ee5ee5ee- -7.00203329447 -0.868859486602 3.8000
5ef -7.46217779551 0.624501259552 5.2419
5ef5ef -6.97427768293 -0.281637822935 4.1103
5ef5ef- -6.97427768293 -0.281637822935 4.1101
5ef5ef-5ef -6.67794571271 -0.684366304041 3.6234
5ef5ef-5ef- -6.67767359887 -0.684094190202 3.6235
5ef5ef-5ef-5ef -6.53263692291 -0.893621845913 3.3618
5ef5ef-5ef-5ef- -6.52501773543 -0.901241033393 3.3617
5ef5ef-5ef5ef -6.54324936261 -0.89797566733 3.3671
5ef5ef-5ef5ef- -6.54324936261 -0.89797566733 3.3671
5ef5ef5ef -6.67794571271 -0.684094190202 3.6236
5ef5ef5ef- -6.69209563232 -0.674025978175 3.6238
5ef5ef5ef-5ef -6.55114066393 -0.884914203078 3.3680
5ef5ef5ef-5ef- -6.54324936261 -0.89797566733 3.3671
5ef5ef5ef5ef -6.52501773543 -0.901241033393 3.3617
5ef5ef5ef5ef- -6.52501773543 -0.901241033393 3.3617
5eg -7.43333372862 0.448443605988 5.1470
5eg5eg -7.2681606286 -0.242725544018 4.3590
5eg5eg- -7.26843274244 -0.242725544018 4.3592
5eg5eg-5eg -7.20883981179 -0.518376862504 4.1318
5eg5eg-5eg- -7.20883981179 -0.518376862504 4.1316
5eg5eg-5eg-5eg -7.06706850189 -0.760830292683 3.8986
5eg5eg-5eg-5eg- -7.06706850189 -0.760830292683 3.8986
5eg5eg-5eg5eg -7.06706850189 -0.760830292683 3.8987
5eg5eg-5eg5eg- -7.18924761541 -0.653617440281 4.0253
5eg5eg5eg -7.14108346598 -0.57878613467 4.0591
5eg5eg5eg- -7.14108346598 -0.57878613467 4.0590
5eg5eg5eg-5eg -7.06706850189 -0.760830292683 3.8986
5eg5eg5eg-5eg- -7.13781809992 -0.719741103057 3.9625
5eg5eg5eg5eg -7.06706850189 -0.760830292683 3.8987
5eg5eg5eg5eg- -7.06706850189 -0.760830292683 3.8987
5eh -6.89046662065 0.695795085262 4.7998
5eh5eh -6.42515195667 0.0846274037999 3.9383
5eh5eh- -6.42515195667 0.0846274037999 3.9383
5eh5eh-5eh -6.1729024283 -0.28463107516 3.4919
5eh5eh-5eh- -6.1729024283 -0.28463107516 3.4919
5eh5eh-5eh-5eh -6.03602916749 -0.436742710929 3.2862
5eh5eh-5eh-5eh- -6.03602916749 -0.436742710929 3.2862
5eh5eh-5eh5eh -6.03602916749 -0.436742710929 3.2861
5eh5eh-5eh5eh- -6.03602916749 -0.436742710929 3.2862
5eh5eh5eh -6.17317454214 -0.28463107516 3.4921
5eh5eh5eh- -6.17317454214 -0.28463107516 3.4921
5eh5eh5eh-5eh -6.03602916749 -0.436742710929 3.2862
5eh5eh5eh-5eh- -6.03602916749 -0.436742710929 3.2862
5eh5eh5eh5eh -6.03602916749 -0.436742710929 3.2863
5eh5eh5eh5eh- -6.03602916749 -0.436742710929 3.2861
5ei -7.57183967246 0.683549962525 5.5121
5ei5ei -7.17700249268 0.0217691070868 4.6076
5ei5ei- -7.17727460652 0.0217691070868 4.6076
5ei5ei-5ei -7.00774768508 -0.236739039569 4.2751
5ei5ei-5ei- -7.00774768508 -0.236739039569 4.2751
5ei5ei-5ei-5ei -6.93264426563 -0.356469128546 4.1233
5ei5ei-5ei-5ei- -6.93264426563 -0.356469128546 4.1233
5ei5ei-5ei5ei -6.93264426563 -0.356469128546 4.1232
5ei5ei-5ei5ei- -6.93264426563 -0.356469128546 4.1231
5ei5ei5ei -7.00774768508 -0.236739039569 4.2751
5ei5ei5ei- -7.00774768508 -0.236739039569 4.2751
5ei5ei5ei-5ei -6.93264426563 -0.356469128546 4.1232
5ei5ei5ei-5ei- -6.93264426563 -0.356469128546 4.1232
5ei5ei5ei5ei -6.93264426563 -0.356469128546 4.1233
5ei5ei5ei5ei- -6.93264426563 -0.356469128546 4.1232
5el -7.25809241658 0.587765891343 5.0355
5el5el -7.13536907537 -0.0677563458076 4.4189
5el5el- -7.13536907537 -0.0677563458076 4.4190
5el5el-5el -6.88665702691 -0.349394168743 4.0541
5el5el-5el- -6.88665702691 -0.349394168743 4.0541
5el5el-5el-5el -6.74923953842 -0.489804909453 3.8559
5el5el-5el-5el- -6.6948167707 -0.526268163823 3.7931
5el5el-5el5el -6.74923953842 -0.489532795614 3.8559
5el5el-5el5el- -6.74923953842 -0.489532795614 3.8559
5el5el5el -6.86352735063 -0.345040347326 4.0338
5el5el5el- -6.88665702691 -0.349394168743 4.0540
5el5el5el-5el -6.74923953842 -0.489532795614 3.8560
5el5el5el-5el- -6.6948167707 -0.526540277662 3.7928
5el5el5el5el -6.64882953198 -0.528989302209 3.7562
5el5el5el5el- -6.64882953198 -0.528989302209 3.7562
5fa -7.26326257951 1.18995381613 5.5383
5fa5fa -6.45481236507 0.149390497383 4.1660
5fa5fa- -6.45481236507 0.149390497383 4.1658
5fa5fa-5fa -6.00800144212 -0.31157034518 3.5147
5fa5fa-5fa- -6.00800144212 -0.31157034518 3.5147
5fa5fa-5fa-5fa -5.74677215707 -0.561642962839 3.1574
5fa5fa-5fa-5fa- -5.74677215707 -0.561642962839 3.1574
5fa5fa-5fa5fa -5.74677215707 -0.561915076678 3.1573
5fa5fa-5fa5fa- -5.74677215707 -0.561642962839 3.1573
5fa5fa5fa -6.00827355595 -0.31157034518 3.5148
5fa5fa5fa- -6.00827355595 -0.31157034518 3.5148
5fa5fa5fa-5fa -5.74677215707 -0.561642962839 3.1574
5fa5fa5fa-5fa- -5.74677215707 -0.561915076678 3.1573
5fa5fa5fa5fa -5.74813272627 -0.559738165969 3.1594
5fa5fa5fa5fa- -5.74677215707 -0.561642962839 3.1575
5fd -8.00667758652 -0.164628872344 4.9949
5fd5fd -7.59007129965 -0.985868437193 4.0952
5fd5fd- -7.59034341349 -0.985868437193 4.0952
5fd5fd-5fd -7.40231275103 -1.41744098519 3.6600
5fd5fd-5fd- -7.34516884492 -1.44274757218 3.6105
5fd5fd-5fd-5fd -7.24965688758 -1.69091539297 3.3795
5fd5fd-5fd-5fd- -7.21482631624 -1.71486141076 3.3432
5fd5fd-5fd5fd -7.21482631624 -1.71486141076 3.3432
5fd5fd-5fd5fd- -7.31414786732 -1.66588091982 3.4317
5fd5fd5fd -7.34489673108 -1.44301968602 3.6102
5fd5fd5fd- -7.40258486486 -1.41771309903 3.6602
5fd5fd5fd-5fd -7.21482631624 -1.71486141076 3.3432
5fd5fd5fd-5fd- -7.27333079154 -1.6960855559 3.3879
5fd5fd5fd5fd -7.21482631624 -1.71486141076 3.3432
5fd5fd5fd5fd- -7.21482631624 -1.71486141076 3.3432
5fe -7.45510283571 0.441640760023 5.0581
5fe5fe -6.91277995541 -0.175513425887 4.2076
5fe5fe- -6.91250784157 -0.175513425887 4.2074
5fe5fe-5fe -6.62733253874 -0.477559786717 3.7852
5fe5fe-5fe- -6.56583481122 -0.509124991992 3.7305
5fe5fe-5fe-5fe -6.40664821564 -0.665590449179 3.5134
5fe5fe-5fe-5fe- -6.36610325369 -0.694706629907 3.4710
5fe5fe-5fe5fe -6.36610325369 -0.694434516069 3.4711
5fe5fe-5fe5fe- -6.47467667529 -0.637290609966 3.5692
5fe5fe5fe -6.56583481122 -0.508852878154 3.7306
5fe5fe5fe- -6.62733253874 -0.477559786717 3.7851
5fe5fe5fe-5fe -6.47467667529 -0.637290609966 3.5691
5fe5fe5fe-5fe- -6.42787309505 -0.674298092013 3.5183
5fe5fe5fe5fe -6.36610325369 -0.694706629907 3.4711
5fe5fe5fe5fe- -6.36610325369 -0.694706629907 3.4711
5ff -7.176458265 1.39376708123 5.6638
5ff5ff -6.64719684895 0.329529858526 4.4455
5ff5ff- -6.64692473511 0.328441403172 4.4444
5ff5ff-5ff -6.26596536109 -0.147485700513 3.8112
5ff5ff-5ff- -6.25943462897 -0.153472204962 3.8073
5ff5ff-5ff-5ff -6.06024729912 -0.405177505653 3.4863
5ff5ff-5ff-5ff- -6.05616559155 -0.414701490003 3.4799
5ff5ff-5ff5ff -6.04419258265 -0.414701490003 3.4727
5ff5ff-5ff5ff- -5.85507346483 -0.532526782111 3.2250
5ff5ff5ff -6.25943462897 -0.153472204962 3.8074
5ff5ff5ff- -6.26623747493 -0.147485700513 3.8113
5ff5ff5ff-5ff -6.06024729912 -0.405177505653 3.4863
5ff5ff5ff-5ff- -6.05616559155 -0.414701490003 3.4799
5ff5ff5ff5ff -6.04446469649 -0.414701490003 3.4730
5ff5ff5ff5ff- -6.04446469649 -0.414701490003 3.4731
5fg -7.47442291825 0.716203623155 5.3038
5fg5fg -7.01672744175 0.0729265087408 4.4925
5fg5fg- -7.02434662923 -0.0117008950592 4.4855
5fg5fg-5fg -6.80502287533 -0.364360429865 4.0743
5fg5fg-5fg- -6.80502287533 -0.364360429865 4.0743
5fg5fg-5fg-5fg -6.66951018372 -0.557289141422 3.8472
5fg5fg-5fg-5fg- -6.66406790694 -0.587221663666 3.8461
5fg5fg-5fg5fg -6.68393221716 -0.557017027583 3.8677
5fg5fg-5fg5fg- -6.60964513923 -0.547220929394 3.8050
5fg5fg5fg -6.76638271025 -0.393748724432 4.0409
5fg5fg5fg- -6.76447791338 -0.35374799016 4.0362
5fg5fg5fg-5fg -6.60964513923 -0.547220929394 3.8050
5fg5fg5fg-5fg- -6.66189099624 -0.60001101408 3.8376
5fg5fg5fg5fg -6.615087416 -0.607358087722 3.8032
5fg5fg5fg5fg- -6.61535952984 -0.607358087722 3.8034
5fh -7.09237508888 1.19566820674 5.3972
5fh5fh -6.5339974921 0.320550101853 4.3861
5fh5fh- -6.5339974921 0.320550101853 4.3861
5fh5fh-5fh -6.00147070999 0.0119730088977 3.7656
5fh5fh-5fh- -5.99385152251 0.00816341515755 3.7625
5fh5fh-5fh-5fh -5.81561695824 -0.26340619575 3.5029
5fh5fh-5fh-5fh- -5.81561695824 -0.26340619575 3.5029
5fh5fh-5fh5fh -5.82269191804 -0.249800503821 3.5078
5fh5fh-5fh5fh- -5.81561695824 -0.26340619575 3.5029
5fh5fh5fh -6.19412730771 -0.107212852402 3.8540
5fh5fh5fh- -6.00147070999 0.0119730088977 3.7655
5fh5fh5fh-5fh -5.81561695824 -0.26340619575 3.5029
5fh5fh5fh-5fh- -5.9952120917 -0.342863436617 3.5762
5fh5fh5fh5fh -6.02051867869 -0.335516362975 3.5943
5fh5fh5fh5fh- -5.8343928131 -0.244902454726 3.5209
5fi -7.18053997258 1.34587504564 5.6020
5fi5fi -6.62678831106 0.570622719513 4.6148
5fi5fi- -6.62678831106 0.570622719513 4.6148
5fi5fi-5fi -6.35113699257 0.246807251597 4.1694
5fi5fi-5fi- -6.35113699257 0.246807251597 4.1694
5fi5fi-5fi-5fi -6.2025628367 0.0895254528944 3.9533
5fi5fi-5fi-5fi- -6.2025628367 0.0895254528944 3.9533
5fi5fi-5fi5fi -6.2025628367 0.0895254528944 3.9533
5fi5fi-5fi5fi- -6.2025628367 0.0895254528944 3.9533
5fi5fi5fi -6.35113699257 0.246807251597 4.1694
5fi5fi5fi- -6.35113699257 0.246807251597 4.1694
5fi5fi5fi-5fi -6.2025628367 0.0895254528944 3.9533
5fi5fi5fi-5fi- -6.2025628367 0.0895254528944 3.9533
5fi5fi5fi5fi -6.2025628367 0.0895254528944 3.9533
5fi5fi5fi5fi- -6.2025628367 0.0895254528944 3.9533
5fl -7.17019964671 1.3505009809 5.6074
5fl5fl -6.80774401372 0.589126460536 4.7527
5fl5fl- -6.80801612756 0.589398574375 4.7532
5fl5fl-5fl -6.46787382932 0.256059122108 4.2492
5fl5fl-5fl- -6.40855301251 0.0302046360829 4.0082
5fl5fl-5fl-5fl -6.3146737382 0.115104153721 4.0433
5fl5fl-5fl-5fl- -6.13997665383 -0.0574160199414 3.7577
5fl5fl-5fl5fl -6.26297210887 -0.207350745002 3.7053
5fl5fl-5fl5fl- -6.31549007972 0.115648381399 4.0443
5fl5fl5fl -6.43522016869 0.135240577777 4.1381
5fl5fl5fl- -6.46787382932 0.256059122108 4.2492
5fl5fl5fl-5fl -6.3146737382 0.11537626756 4.0436
5fl5fl5fl-5fl- -6.29072772041 -0.0517016293311 3.9027
5fl5fl5fl5fl -6.261067312 -0.202724809746 3.7114
5fl5fl5fl5fl- -6.23222324511 -0.0971446403748 3.8197
5ga -7.30299119994 0.949133068984 5.3156
5ga5ga -7.15360070256 -0.0329257744688 4.5263
5ga5ga- -6.8189006811 -0.223677575317 4.1511
5ga5ga-5ga -6.86271100911 -0.443273443055 3.9927
5ga5ga-5ga- -6.81998913645 -0.465586777819 3.9513
5ga5ga-5ga-5ga -6.68338798948 -0.686271100911 3.6877
5ga5ga-5ga-5ga- -6.6425709137 -0.701237362033 3.6509
5ga5ga-5ga5ga -6.6425709137 -0.701237362033 3.6509
5ga5ga-5ga5ga- -6.67549668817 -0.691713377683 3.6775
5ga5ga5ga -6.81998913645 -0.465586777819 3.9512
5ga5ga5ga- -6.86162255376 -0.449804175181 3.9886
5ga5ga5ga-5ga -6.71359262557 -0.676747116561 3.7102
5ga5ga5ga-5ga- -6.67549668817 -0.691713377683 3.6774
5ga5ga5ga5ga- -6.6425709137 -0.701237362033 3.6509
5gd -7.86109668288 -0.208711314195 4.9464
5gd5gd -7.84531408024 -0.927636075736 4.2958
5gd5gd- -7.84531408024 -0.927636075736 4.2957
5gd5gd-5gd -7.89266188816 -1.24165544546 4.1099
5gd5gd-5gd- -7.79361245091 -1.33254146755 3.9825
5gd5gd-5gd-5gd -7.83252472983 -1.48710212787 3.9113
5gd5gd-5gd-5gd- -7.77483659605 -1.56002863661 3.8191
5gd5gd-5gd5gd -7.77483659605 -1.56002863661 3.8191
5gd5gd-5gd5gd- -7.93429530546 -1.40383529326 4.0184
5gd5gd5gd -7.79361245091 -1.33254146755 3.9825
5gd5gd5gd- -7.89266188816 -1.24165544546 4.1099
5gd5gd5gd-5gd -7.93429530546 -1.40383529326 4.0186
5gd5gd5gd-5gd- -7.86436204894 -1.49172806312 3.9079
5gd5gd5gd5gd -7.77483659605 -1.56002863661 3.8191
5gd5gd5gd5gd- -7.77483659605 -1.56002863661 3.8192
5ge -7.39442144971 0.382319943212 5.0634
5ge5ge -7.20285330734 -0.254970666754 4.3706
5ge5ge- -7.20285330734 -0.254970666754 4.3707
5ge5ge-5ge -7.10516443929 -0.530349871402 4.0937
5ge5ge-5ge- -7.04121768722 -0.588038005182 4.0224
5ge5ge-5ge-5ge -7.05563972067 -0.653345326442 3.9625
5ge5ge-5ge-5ge- -6.93971922543 -0.761918748038 3.8318
5ge5ge-5ge5ge -7.05563972067 -0.653345326442 3.9624
5ge5ge-5ge5ge- -7.05563972067 -0.653345326442 3.9625
5ge5ge5ge -7.04121768722 -0.588038005182 4.0224
5ge5ge5ge- -7.10516443929 -0.530621985241 4.0935
5ge5ge5ge-5ge -7.05563972067 -0.653345326442 3.9625
5ge5ge5ge-5ge- -7.00312174982 -0.709672891029 3.8996
5ge5ge5ge5ge -6.93944711159 -0.762190861876 3.8315
5ge5ge5ge5ge- -6.93971922543 -0.761918748038 3.8318
5gf -7.17727460652 1.07457754857 5.4602
5gf5gf -6.98869971638 0.101226347954 4.4981
5gf5gf- -6.98842760254 0.101226347954 4.4980
5gf5gf-5gf -6.7688317348 -0.310481889825 4.0071
5gf5gf-5gf- -6.7688317348 -0.310481889825 4.0071
5gf5gf-5gf-5gf -6.64093823066 -0.548581498587 3.7554
5gf5gf-5gf-5gf- -6.64093823066 -0.548581498587 3.7554
5gf5gf-5gf5gf -6.65155067037 -0.523547025437 3.7695
5gf5gf-5gf5gf- -6.65155067037 -0.523547025437 3.7695
5gf5gf5gf -6.74243669246 -0.333611566105 3.9907
5gf5gf5gf- -6.74243669246 -0.333611566105 3.9907
5gf5gf5gf-5gf -6.61535952984 -0.539329628075 3.7464
5gf5gf5gf-5gf- -6.61535952984 -0.539329628075 3.7464
5gf5gf5gf5gf -6.60257017942 -0.560554507485 3.7305
5gf5gf5gf5gf- -6.60257017942 -0.560554507485 3.7305
5gg -7.50598812353 0.688992239297 5.3028
5gg5gg -7.43605486701 0.0555112230713 4.8167
5gg5gg- -7.43605486701 0.0555112230713 4.8167
5gg5gg-5gg -7.41809535366 -0.223405461478 4.6127
5gg5gg-5gg- -7.41755112599 -0.151023180415 4.6481
5gg5gg-5gg-5gg -7.29754892317 -0.485995315713 4.3857
5gg5gg-5gg-5gg- -7.29754892317 -0.485995315713 4.3857
5gg5gg-5gg5gg -7.43795966388 -0.322182784885 4.6058
5gg5gg-5gg5gg- -7.43795966388 -0.322182784885 4.6058
5gg5gg5gg -7.31142672894 -0.32680872014 4.4363
5gg5gg5gg- -7.31142672894 -0.32680872014 4.4363
5gg5gg5gg-5gg -7.29646046782 -0.45960027337 4.3940
5gg5gg5gg-5gg- -7.29646046782 -0.45960027337 4.3940
5gg5gg5gg5gg -7.24149347242 -0.579602476186 4.2783
5gg5gg5gg5gg- -7.24149347242 -0.579602476186 4.2783
5gh -6.96965174768 1.03893063572 5.1513
5gh5gh -6.64338725521 0.392116041401 4.3676
5gh5gh- -6.64338725521 0.392116041401 4.3676
5gh5gh-5gh -6.49562944086 0.100410006438 4.0377
5gh5gh-5gh- -6.49562944086 0.100410006438 4.0377
5gh5gh-5gh-5gh -6.42923366425 -0.0421776449807 3.8786
5gh5gh-5gh-5gh- -6.42923366425 -0.0421776449807 3.8786
5gh5gh-5gh5gh -6.42923366425 -0.0421776449807 3.8786
5gh5gh-5gh5gh- -6.42923366425 -0.0421776449807 3.8786
5gh5gh5gh -6.49562944086 0.100410006438 4.0377
5gh5gh5gh- -6.49562944086 0.100410006438 4.0377
5gh5gh5gh-5gh -6.42923366425 -0.0421776449807 3.8786
5gh5gh5gh-5gh- -6.42923366425 -0.0421776449807 3.8786
5gh5gh5gh5gh -6.42923366425 -0.0421776449807 3.8786
5gh5gh5gh5gh- -6.42923366425 -0.0421776449807 3.8786
5gi -7.78354423888 0.97498388365 5.7210
5gi5gi -7.2850316866 0.302318474668 4.8956
5gi5gi- -7.2850316866 0.302318474668 4.8956
5gi5gi-5gi -7.11468842364 0.020952765571 4.5474
5gi5gi-5gi- -7.11468842364 0.020952765571 4.5474
5gi5gi-5gi-5gi -7.04638785016 -0.110750332304 4.3918
5gi5gi-5gi-5gi- -7.04638785016 -0.110750332304 4.3918
5gi5gi-5gi5gi -7.04638785016 -0.110750332304 4.3918
5gi5gi-5gi5gi- -7.04638785016 -0.110750332304 4.3918
5gi5gi5gi -7.11468842364 0.020952765571 4.5474
5gi5gi5gi- -7.11468842364 0.020952765571 4.5474
5gi5gi5gi-5gi -7.04638785016 -0.110750332304 4.3918
5gi5gi5gi-5gi- -7.04638785016 -0.110750332304 4.3918
5gi5gi5gi5gi -7.04638785016 -0.110750332304 4.3918
5gi5gi5gi5gi- -7.04638785016 -0.110750332304 4.3918
5gl -7.38244844081 0.9499494105 5.5186
5gl5gl -6.99740735921 0.0487083771067 4.5006
5gl5gl- -6.99740735921 0.0487083771067 4.5006
5gl5gl-5gl -6.7723692147 -0.325720264786 4.0307
5gl5gl-5gl- -6.7723692147 -0.325720264786 4.0306
5gl5gl-5gl-5gl -6.65345546724 -0.500961576835 3.8048
5gl5gl-5gl-5gl- -6.468418057 -0.515927837957 3.6453
5gl5gl-5gl5gl -6.65345546724 -0.500961576835 3.8048
5gl5gl-5gl5gl- -6.65345546724 -0.500961576835 3.8048
5gl5gl5gl -6.5255619631 -0.34231920894 3.8154
5gl5gl5gl- -6.7723692147 -0.325720264786 4.0306
5gl5gl5gl-5gl -6.65345546724 -0.500961576835 3.8048
5gl5gl5gl-5gl- -6.468418057 -0.515927837957 3.6453
5gl5gl5gl5gl -6.51358895421 -0.734979478018 3.5074
5gl5gl5gl5gl- -6.28446910212 -0.610623453785 3.4263
5ha -6.78896815885 1.41335927761 5.3272
5ha5ha -6.29045560657 0.517016293311 4.2579
5ha5ha- -6.29045560657 0.517016293311 4.2579
5ha5ha-5ha -6.0071851006 0.121362772009 3.7561
5ha5ha-5ha- -6.0071851006 0.121362772009 3.7561
5ha5ha-5ha-5ha -5.84827061887 -0.0870764283472 3.4859
5ha5ha-5ha-5ha- -5.84827061887 -0.0870764283472 3.4859
5ha5ha-5ha5ha -5.84827061887 -0.0870764283472 3.4859
5ha5ha-5ha5ha- -5.84827061887 -0.0870764283472 3.4859
5ha5ha5ha -6.0071851006 0.121362772009 3.7561
5ha5ha5ha- -6.0071851006 0.121362772009 3.7561
5ha5ha5ha-5ha -5.84827061887 -0.0870764283472 3.4859
5ha5ha5ha-5ha- -5.84827061887 -0.0870764283472 3.4859
5ha5ha5ha5ha -5.84827061887 -0.0870764283472 3.4859
5ha5ha5ha5ha- -5.84827061887 -0.0870764283472 3.4859
5hd -7.37537348101 0.103131144824 4.6801
5hd5hd -7.05944931441 -0.760830292683 3.7757
5hd5hd- -7.05944931441 -0.760830292683 3.7757
5hd5hd-5hd -6.88638491307 -1.18042983178 3.3622
5hd5hd-5hd- -6.88584068539 -1.18042983178 3.3620
5hd5hd-5hd-5hd -6.80801612756 -1.42070635125 3.1410
5hd5hd-5hd-5hd- -6.80828824139 -1.42070635125 3.1410
5hd5hd-5hd5hd -6.80801612756 -1.42070635125 3.1409
5hd5hd-5hd5hd- -6.80774401372 -1.42070635125 3.1404
5hd5hd5hd -6.88584068539 -1.18042983178 3.3620
5hd5hd5hd- -6.88638491307 -1.18042983178 3.3622
5hd5hd5hd-5hd -6.80801612756 -1.42070635125 3.1409
5hd5hd5hd-5hd- -6.80801612756 -1.42070635125 3.1409
5hd5hd5hd5hd -6.80801612756 -1.42070635125 3.1409
5hd5hd5hd5hd- -6.80828824139 -1.42070635125 3.1410
5he -6.89046662065 0.695795085262 4.7998
5he5he -6.42515195667 0.0848995176385 3.9386
5he5he- -6.42515195667 0.0848995176385 3.9386
5he5he-5he -6.17317454214 -0.284903188998 3.4919
5he5he-5he- -6.17317454214 -0.284903188998 3.4919
5he5he-5he-5he -6.03575705365 -0.436742710929 3.2861
5he5he-5he-5he- -6.03575705365 -0.436742710929 3.2859
5he5he-5he5he -6.03575705365 -0.436742710929 3.2861
5he5he-5he5he- -6.03575705365 -0.436742710929 3.2861
5he5he5he -6.17317454214 -0.284903188998 3.4920
5he5he5he- -6.17317454214 -0.284903188998 3.4919
5he5he5he-5he -6.03575705365 -0.436742710929 3.2862
5he5he5he-5he- -6.03575705365 -0.436742710929 3.2861
5he5he5he5he -6.03575705365 -0.436742710929 3.2861
5he5he5he5he- -6.03575705365 -0.436742710929 3.2861
5hf -6.64746896279 1.59758034633 5.4124
5hf5hf- -6.3682801644 0.529261416048 4.3715
5hf5hf-5hf -6.04827429023 0.0740149640951 3.7748
5hf5hf-5hf5hf- -5.85561769251 -0.161907733958 3.4673
5hg -6.88638491307 0.934983149378 4.9932
5hh -6.56746749425 1.71105181702 5.4344
5hi -6.75196067681 1.55540270135 5.4305
5hi5hi -6.38406276704 0.838926964357 4.5732
5hi5hi- -6.38406276704 0.838926964357 4.5732
5hi5hi-5hi -6.21290316257 0.555112230713 4.2252
5hi5hi-5hi- -6.21290316257 0.555112230713 4.2252
5hi5hi-5hi-5hi -6.13208535251 0.428035068094 4.0624
5hi5hi-5hi-5hi- -6.13208535251 0.428035068094 4.0624
5hi5hi-5hi5hi -6.13208535251 0.428035068094 4.0624
5hi5hi-5hi5hi- -6.13208535251 0.428035068094 4.0624
5hi5hi5hi -6.21290316257 0.555112230713 4.2252
5hi5hi5hi- -6.21290316257 0.555112230713 4.2252
5hi5hi5hi-5hi -6.13208535251 0.428035068094 4.0624
5hi5hi5hi-5hi- -6.13208535251 0.428035068094 4.0624
5hi5hi5hi5hi -6.13208535251 0.428035068094 4.0624
5hi5hi5hi5hi- -6.13208535251 0.428035068094 4.0624
5hl -6.59440676427 1.66315978143 5.4265
5hl5hl -6.20120226751 0.511301902701 4.2210
5hl5hl- -6.20120226751 0.511301902701 4.2210
5hl5hl-5hl -5.85316866796 0.14041074071 3.6702
5hl5hl-5hl- -5.7426904495 0.254426439077 3.6652
5hl5hl-5hl-5hl -5.63928719083 -0.0500689462996 3.3707
5hl5hl-5hl-5hl- -5.63928719083 -0.0500689462996 3.3707
5hl5hl-5hl5hl -5.63928719083 -0.0500689462996 3.3707
5hl5hl-5hl5hl- -5.63928719083 -0.0500689462996 3.3707
5hl5hl5hl -5.85316866796 0.14041074071 3.6702
5hl5hl5hl- -5.85316866796 0.14041074071 3.6702
5hl5hl5hl-5hl -5.63928719083 -0.0500689462996 3.3707
5hl5hl5hl-5hl- -5.63928719083 -0.0500689462996 3.3707
5hl5hl5hl5hl -5.63656605245 -0.0797293547054 3.3417
5hl5hl5hl5hl- -5.5579251531 0.0383680512405 3.3665
5ia -7.68503902932 1.29934357924 5.9970
5ia5ia -6.94815475443 0.39619774898 4.7062
5ia5ia- -6.94815475443 0.39619774898 4.7062
5ia5ia-5ia -6.63087001864 0.0054422767717 4.1665
5ia5ia-5ia- -6.63087001864 0.0054422767717 4.1665
5ia5ia-5ia-5ia -6.47059496771 -0.194561394588 3.8924
5ia5ia-5ia-5ia- -6.47059496771 -0.194561394588 3.8923
5ia5ia-5ia5ia -6.47059496771 -0.194561394588 3.8923
5ia5ia-5ia5ia- -6.47059496771 -0.194561394588 3.8924
5ia5ia5ia -6.63087001864 0.0054422767717 4.1665
5ia5ia5ia- -6.63087001864 0.0054422767717 4.1665
5ia5ia5ia-5ia -6.47059496771 -0.194561394588 3.8924
5ia5ia5ia-5ia- -6.47059496771 -0.194561394588 3.8924
5ia5ia5ia5ia -6.47059496771 -0.194561394588 3.8923
5ia5ia5ia5ia- -6.47059496771 -0.194561394588 3.8924
5id -8.44287606977 0.0813620377369 5.6035
5id5id -8.00504490349 -0.774708098451 4.5719
5id5id- -8.00504490349 -0.774708098451 4.5719
5id5id-5id -7.90681180776 -1.15349056176 4.2176
5id5id-5id- -7.90681180776 -1.15349056176 4.2175
5id5id-5id-5id -7.88885229442 -1.35485480231 4.0518
5id5id-5id-5id- -7.88885229442 -1.35458268848 4.0519
5id5id-5id5id -7.88885229442 -1.35485480231 4.0518
5id5id-5id5id- -7.88885229442 -1.35485480231 4.0519
5id5id5id -7.90681180776 -1.15349056176 4.2175
5id5id5id- -7.90681180776 -1.15349056176 4.2175
5id5id5id-5id -7.88885229442 -1.35485480231 4.0519
5id5id5id-5id- -7.88885229442 -1.35485480231 4.0519
5id5id5id5id -7.88885229442 -1.35485480231 4.0518
5id5id5id5id- -7.88885229442 -1.35485480231 4.0518
5ie -7.57183967246 0.683549962525 5.5121
5ie5ie -7.17700249268 0.0217691070868 4.6076
5ie5ie- -7.17727460652 0.0217691070868 4.6077
5ie5ie-5ie -7.00774768508 -0.236739039569 4.2751
5ie5ie-5ie- -7.00774768508 -0.236739039569 4.2751
5ie5ie-5ie-5ie -6.93264426563 -0.356469128546 4.1233
5ie5ie-5ie-5ie- -6.93264426563 -0.356469128546 4.1233
5ie5ie-5ie5ie -6.93264426563 -0.356469128546 4.1233
5ie5ie-5ie5ie- -6.93264426563 -0.356469128546 4.1233
5ie5ie5ie -7.00774768508 -0.236739039569 4.2752
5ie5ie5ie- -7.00774768508 -0.236739039569 4.2751
5ie5ie5ie-5ie -6.93264426563 -0.356469128546 4.1233
5ie5ie5ie-5ie- -6.93264426563 -0.356469128546 4.1233
5ie5ie5ie5ie -6.93264426563 -0.356469128546 4.1233
5ie5ie5ie5ie- -6.93264426563 -0.356197014708 4.1233
5if -7.24367038313 1.40954968387 5.7052
5if5if -6.87441190417 0.540145969591 4.7015
5if5if- -6.87441190417 0.540145969591 4.7015
5if5if-5if -6.72447717911 0.18068358882 4.3217
5if5if-5if- -6.72474929295 0.18068358882 4.3218
5if5if-5if-5if -6.66842172836 0.00489804909453 4.1497
5if5if-5if5if -6.6686938422 0.00517016293311 4.1500
5if5if-5if5if- -6.6686938422 0.00517016293311 4.1498
5if5if5if- -6.72474929295 0.180955702659 4.3220
5if5if5if-5if -6.6686938422 0.00517016293311 4.1498
5ig -7.26190201032 1.09988413556 5.3195
5ig5ig -7.1228518388 0.382047829373 4.8455
5ig5ig- -7.1228518388 0.382047829373 4.8455
5ig5ig-5ig -7.09101451968 0.0917023636031 4.5959
5ig5ig-5ig- -7.09101451968 0.0917023636031 4.5959
5ig5ig-5ig-5ig -7.09917793484 -0.0296604084058 4.5025
5ig5ig-5ig5ig -7.09917793484 -0.0296604084058 4.5025
5ig5ig-5ig5ig- -7.09917793484 -0.0296604084058 4.5025
5ig5ig5ig- -7.09101451968 0.0917023636031 4.5959
5ig5ig5ig-5ig -7.09917793484 -0.0293882945672 4.5027
5ih -6.75196067681 1.55540270135 5.4305
5ih5ih -6.38406276704 0.838926964357 4.5732
5ih5ih- -6.38406276704 0.838926964357 4.5732
5ih5ih-5ih -6.21290316257 0.555112230713 4.2253
5ih5ih-5ih- -6.21290316257 0.555112230713 4.2252
5ih5ih-5ih-5ih -6.13208535251 0.428307181933 4.0625
5ih5ih-5ih-5ih- -6.13208535251 0.428307181933 4.0626
5ih5ih-5ih5ih -6.13208535251 0.428307181933 4.0626
5ih5ih-5ih5ih- -6.13208535251 0.428307181933 4.0625
5ih5ih5ih -6.21290316257 0.555112230713 4.2253
5ih5ih5ih- -6.21290316257 0.555112230713 4.2252
5ih5ih5ih-5ih -6.13208535251 0.428307181933 4.0626
5ih5ih5ih-5ih- -6.13235746635 0.428035068094 4.0625
5ih5ih5ih5ih -6.13208535251 0.428307181933 4.0626
5ih5ih5ih5ih- -6.13208535251 0.428307181933 4.0625
5ii -7.58081942914 1.42261114812 6.0286
5il -7.17156021591 1.47812237119 5.7101
5il5il -6.8654321475 0.539601741914 4.7509
5il5il- -6.97808727667 0.424497588192 4.7427
5il5il-5il -6.72039547153 0.0873485421858 4.2883
5il5il-5il- -6.72039547153 0.0873485421858 4.2883
5il5il-5il-5il -6.59413465043 -0.0631304105517 4.0777
5il5il-5il-5il- -6.59413465043 -0.0631304105517 4.0776
5il5il-5il5il -6.59413465043 -0.0631304105517 4.0776
5il5il-5il5il- -6.59413465043 -0.0631304105517 4.0776
5il5il5il -6.72039547153 0.0873485421858 4.2883
5il5il5il- -6.72039547153 0.0873485421858 4.2883
5il5il5il-5il -6.59413465043 -0.0631304105517 4.0776
5il5il5il-5il- -6.59413465043 -0.0631304105517 4.0776
5il5il5il5il -6.59413465043 -0.0631304105517 4.0777
5il5il5il5il- -6.59413465043 -0.0631304105517 4.0776
5la -7.25673184738 1.31158870198 5.6378
5la5la -6.41399528928 0.264222537266 4.2099
5la5la- -6.41399528928 0.264222537266 4.2099
5la5la-5la -5.91466639548 -0.205990175809 3.4984
5la5la-5la- -5.91466639548 -0.205990175809 3.4984
5la5la-5la-5la -5.62051133597 -0.467491574689 3.1051
5la5la-5la-5la- -5.62051133597 -0.467491574689 3.1051
5la5la-5la5la- -5.62051133597 -0.467491574689 3.1051
5la5la5la -5.91466639548 -0.205990175809 3.4984
5la5la5la- -5.91466639548 -0.205990175809 3.4984
5la5la5la-5la -5.62051133597 -0.467491574689 3.1051
5la5la5la5la -5.62051133597 -0.467491574689 3.1051
5la5la5la5la- -5.62023922213 -0.467491574689 3.1051
5ld -7.945179859 0.0742870779337 5.1626
5le -7.36721006585 0.680828824139 5.2289
5lf -7.04965321622 1.50370107202 5.6401
5lg -7.13645753073 1.15321844792 5.3401
5lg5lg -6.96693060929 0.0919744774417 4.4919
5lg5lg- -6.96693060929 0.0919744774417 4.4919
5lg5lg-5lg- -6.81291417665 -0.335516362975 4.0480
5lg5lg-5lg-5lg -6.55331757464 -0.662325083116 3.5986
5lg5lg-5lg-5lg- -6.42569618434 -0.616882072072 3.5258
5lg5lg5lg -6.81291417665 -0.335516362975 4.0480
5lg5lg5lg5lg -6.66488424846 -0.591575485084 3.7204
5lg5lg5lg5lg- -6.66488424846 -0.591575485084 3.7204
5lh -6.59440676427 1.66343189527 5.4266
5lh5lh -6.07548567409 0.67103272595 4.2285
5lh5lh- -6.09507787046 0.614160933686 4.2164
5lh5lh-5lh -5.7426904495 0.254426439077 3.6652
5lh5lh-5lh- -5.7426904495 0.254426439077 3.6652
5lh5lh-5lh-5lh -5.58704133383 0.0228575624411 3.3679
5lh5lh-5lh5lh -5.58731344766 0.0228575624411 3.3680
5lh5lh-5lh5lh- -5.61452483152 -0.025578700827 3.3525
5lh5lh5lh- -5.7426904495 0.254426439077 3.6652
5lh5lh5lh-5lh -5.58704133383 0.0228575624411 3.3679
5li -7.17156021591 1.47812237119 5.7101
5li5li -6.8654321475 0.539601741914 4.7509
5li5li- -6.8654321475 0.539601741914 4.7509
5li5li-5li -6.15657559798 -0.0949677296661 3.7321
5li5li-5li- -6.15657559798 -0.0949677296661 3.7320
5li5li-5li-5li -6.02786575233 -0.197826760651 3.5546
5li5li-5li-5li- -6.02786575233 -0.197826760651 3.5546
5li5li-5li5li -6.24011454643 -0.0998657787607 3.8148
5li5li-5li5li- -6.24011454643 -0.0995936649221 3.8149
5li5li5li -6.15657559798 -0.0949677296661 3.7320
5li5li5li- -6.15657559798 -0.0949677296661 3.7320
5li5li5li-5li -6.02786575233 -0.197826760651 3.5546
5li5li5li-5li- -6.02786575233 -0.197826760651 3.5546
5li5li5li5li -6.16990917607 -0.232385218152 3.6282
5li5li5li5li- -6.24011454643 -0.0998657787607 3.8148
5ll -6.9141405246 1.47268009442 5.5240
5ll5ll -6.53862342736 0.28653587203 4.3006
5ll5ll- -6.85073800021 0.596473534178 4.7201
5ll5ll-5ll -6.62760465257 0.300141563959 4.3454
5ll5ll-5ll- -6.73155213891 0.375517097247 4.4755
5ll5ll-5ll-5ll -6.49345253015 0.199187329844 4.2056
5ll5ll-5ll-5ll- -6.44528838072 0.185309524076 4.1701
5ll5ll-5ll5ll -6.57154920183 0.0868043145086 4.1976
5ll5ll-5ll5ll- -6.52719464614 0.168438466084 4.1783
5ll5ll5ll -6.59277408124 0.336332704491 4.3648
5ll5ll5ll- -6.59277408124 0.336332704491 4.3648
5ll5ll5ll-5ll -6.48256797661 0.154560660316 4.1501
5ll5ll5ll-5ll- -6.41072992322 0.0318373191144 4.0109
5ll5ll5ll5ll -6.4803910659 0.11537626756 4.1355
5ll5ll5ll5ll- -6.48256797661 0.154832774155 4.1502
6ag -7.72340708056 0.556744913745 5.1794
6dg -8.23470898326 -0.595112964985 4.9934
6eg -7.55741763902 0.00952398435047 4.9046
6fg -7.29972583388 0.534703692819 4.8445
6ga -7.69184187528 0.584228411442 5.2016
6ga6ga -7.34244770654 -0.301774246991 4.4119
6ga6ga- -7.34244770654 -0.301774246991 4.4120
6ga6ga-6ga -7.19360143683 -0.766816797132 4.0739
6ga6ga-6ga- -7.19360143683 -0.766816797132 4.0739
6ga6ga-6ga-6ga -7.12938257092 -1.0275018545 3.8883
6ga6ga-6ga-6ga- -7.12938257092 -1.0275018545 3.8883
6ga6ga-6ga6ga -7.11822590354 -1.02559705763 3.8965
6ga6ga-6ga6ga- -7.11822590354 -1.02559705763 3.8965
6ga6ga6ga -7.20992826715 -0.768721594002 4.0753
6ga6ga6ga- -7.19360143683 -0.766816797132 4.0739
6ga6ga6ga-6ga -7.11822590354 -1.02559705763 3.8965
6ga6ga6ga-6ga- -7.11822590354 -1.02559705763 3.8965
6ga6ga6ga6ga- -7.11822590354 -1.02559705763 3.8965
6gd -8.22763402345 -0.550486295457 5.0131
6gd6gd -8.09375401487 -1.23294780263 4.3405
6gd6gd- -8.09375401487 -1.23294780263 4.3405
6gd6gd-6gd -7.99388823611 -1.71458929692 4.0460
6gd6gd-6gd- -7.99388823611 -1.71458929692 4.0460
6gd6gd-6gd-6gd -7.94790099739 -1.99241752612 3.9185
6gd6gd-6gd-6gd- -7.94790099739 -1.99241752612 3.9185
6gd6gd-6gd6gd -7.92667611798 -1.9951386645 3.9162
6gd6gd-6gd6gd- -7.92667611798 -1.9951386645 3.9162
6gd6gd6gd -8.01375254633 -1.70370474338 4.0684
6gd6gd6gd- -7.99388823611 -1.71458929692 4.0460
6gd6gd6gd-6gd -7.92667611798 -1.9951386645 3.9162
6gd6gd6gd-6gd- -7.92667611798 -1.9951386645 3.9162
6gd6gd6gd6gd -7.92667611798 -1.9951386645 3.9162
6gd6gd6gd6gd- -7.92667611798 -1.9951386645 3.9162
6ge -7.55578495599 0.0552391092327 4.9372
6ge6ge -7.31741323339 -0.489260681776 4.3408
6ge6ge- -7.31741323339 -0.489260681776 4.3409
6ge6ge-6ge -7.17945151722 -0.900968919555 4.0542
6ge6ge-6ge- -7.17945151722 -0.900968919555 4.0542
6ge6ge-6ge-6ge -7.13183159547 -1.12410226719 3.9196
6ge6ge-6ge-6ge- -7.13183159547 -1.12410226719 3.9197
6ge6ge-6ge6ge -7.10325964242 -1.13253779619 3.9096
6ge6ge-6ge6ge- -7.10325964242 -1.13253779619 3.9096
6ge6ge6ge -7.20965615331 -0.883553633885 4.0811
6ge6ge6ge- -7.17945151722 -0.900968919555 4.0543
6ge6ge6ge-6ge -7.10325964242 -1.13226568235 3.9097
6ge6ge6ge-6ge- -7.10325964242 -1.13226568235 3.9097
6ge6ge6ge6ge -7.14462094589 -1.10505429849 3.9535
6ge6ge6ge6ge- -7.10325964242 -1.13226568235 3.9097
6gf -7.27142599467 0.517560520989 4.8207
6gf6gf -7.22190127604 -0.335788476814 4.2383
6gf6gf- -7.22190127604 -0.335788476814 4.2383
6gf6gf-6gf -7.1919687538 -0.77307541542 3.9343
6gf6gf-6gf- -7.22761566665 -0.761918748038 3.9607
6gf6gf-6gf-6gf -7.2110167225 -1.01661730095 3.7862
6gf6gf-6gf-6gf- -7.2110167225 -1.01661730095 3.7862
6gf6gf-6gf6gf -7.18244476945 -1.02178746389 3.7725
6gf6gf-6gf6gf- -7.18244476945 -1.02178746389 3.7725
6gf6gf6gf -7.1919687538 -0.77307541542 3.9343
6gf6gf6gf- -7.1919687538 -0.77307541542 3.9343
6gf6gf6gf-6gf -7.18244476945 -1.02178746389 3.7725
6gf6gf6gf-6gf- -7.18244476945 -1.02178746389 3.7725
6gf6gf6gf6gf -7.23931656171 -1.00437217822 3.8238
6gf6gf6gf6gf- -7.20230907967 -1.01280770721 3.8040
6gg -7.33265160835 0.374700755731 4.7727
6gh -6.82379873019 0.730081428923 4.6077
6gh6gh -6.70869457647 0.0185037410238 4.1322
6gh6gh- -6.70869457647 0.0185037410238 4.1322
6gh6gh-6gh -6.67468034665 -0.331706769235 3.8995
6gh6gh-6gh- -6.67468034665 -0.331706769235 3.8995
6gh6gh-6gh-6gh -6.65182278421 -0.527900846855 3.7906
6gh6gh-6gh-6gh- -6.65182278421 -0.527900846855 3.7906
6gh6gh-6gh6gh -6.65182278421 -0.527900846855 3.7906
6gh6gh-6gh6gh- -6.65182278421 -0.527900846855 3.7906
6gh6gh6gh -6.67468034665 -0.331978883074 3.8995
6gh6gh6gh- -6.67468034665 -0.331978883074 3.8995
6gh6gh6gh-6gh -6.65182278421 -0.527900846855 3.7906
6gh6gh6gh-6gh- -6.65182278421 -0.527900846855 3.7906
6gh6gh6gh6gh -6.65182278421 -0.527900846855 3.7906
6gh6gh6gh6gh- -6.65182278421 -0.527900846855 3.7906
6gi -7.49836893605 0.616065730556 5.0856
6gi6gi -7.30163063075 -0.0272113838585 4.6069
6gi6gi- -7.30135851691 -0.0274834976971 4.6064
6gi6gi-6gi -7.24040501707 -0.382864170889 4.3920
6gi6gi-6gi- -7.24040501707 -0.382864170889 4.3920
6gi6gi-6gi-6gi -7.21156095018 -0.574160199414 4.2943
6gi6gi-6gi-6gi- -7.21156095018 -0.574160199414 4.2943
6gi6gi-6gi6gi -7.21156095018 -0.574160199414 4.2943
6gi6gi-6gi6gi- -7.21156095018 -0.574160199414 4.2943
6gi6gi6gi -7.24040501707 -0.382864170889 4.3920
6gi6gi6gi- -7.24040501707 -0.382864170889 4.3920
6gi6gi6gi-6gi -7.21156095018 -0.574160199414 4.2943
6gi6gi6gi-6gi- -7.21156095018 -0.574160199414 4.2943
6gi6gi6gi6gi -7.21156095018 -0.574160199414 4.2943
6gi6gi6gi6gi- -7.21156095018 -0.574160199414 4.2943
6gl -7.15169590569 0.604636949336 4.8019
6gl6gl -6.84257458506 -0.173880742856 4.1320
6gl6gl- -6.84284669889 -0.173880742856 4.1323
6gl6gl-6gl -6.64066611683 -0.561642962839 3.8458
6gl6gl-6gl- -6.64066611683 -0.561642962839 3.8458
6gl6gl-6gl-6gl -6.56393001435 -0.782055172093 3.6959
6gl6gl-6gl-6gl- -6.56393001435 -0.782055172093 3.6959
6gl6gl-6gl6gl -6.52665041846 -0.781510944416 3.6926
6gl6gl-6gl6gl- -6.52665041846 -0.781510944416 3.6926
6gl6gl6gl -6.68393221716 -0.55565645839 3.8682
6gl6gl6gl- -6.64066611683 -0.561642962839 3.8458
6gl6gl6gl-6gl -6.52665041846 -0.781510944416 3.6926
6gl6gl6gl-6gl- -6.52665041846 -0.781510944416 3.6927
6gl6gl6gl6gl -6.52637830462 -0.781510944416 3.6924
6gl6gl6gl6gl- -6.53372537826 -0.783687855125 3.7118
6hg -7.35061112169 0.819878995656 5.0147
6ig -7.50408332666 0.614705161363 5.0871
6lg -7.17237655742 0.647903049671 4.8427
