12ag -8.96696732289 3.05638263499 4.9719
12ag12ag -8.42600501178 1.32274536936 4.9828
12ag12ag- -8.42627712562 1.32220114168 4.9829
12ag12ag-12ag -7.89320611583 0.807089645243 4.3769
12ag12ag-12ag- -8.05538596363 0.761374520361 4.4335
12ag12ag-12ag-12ag -7.84476985256 0.459872387209 4.0944
12ag12ag-12ag-12ag- -7.84476985256 0.459872387209 4.0944
12ag12ag-12ag12ag -7.88341001764 0.462593525594 4.1136
12ag12ag-12ag12ag- -7.88341001764 0.462321411756 4.1135
12ag12ag12ag -8.05538596363 0.761918748038 4.4339
12ag12ag12ag- -8.05538596363 0.761918748038 4.4339
12ag12ag12ag-12ag -7.84476985256 0.459872387209 4.0945
12ag12ag12ag-12ag- -7.84204871418 0.469396371559 4.0998
12ag12ag12ag12ag -7.84476985256 0.459872387209 4.0945
12ag12ag12ag12ag- -7.84476985256 0.459872387209 4.0945
12dg -9.63663947965 1.63295514535 4.9154
12dg12dg -9.55391687272 0.137689602324 4.8593
12dg12dg- -9.09268391631 -0.0359190266932 4.4756
12dg12dg-12dg -8.87880243919 -0.660148172407 3.9836
12dg12dg-12dg- -9.48534418539 -0.466675233173 4.5365
12dg12dg-12dg-12dg -9.49650085277 -0.750489966817 4.3542
12dg12dg-12dg-12dg- -9.49650085277 -0.750762080656 4.3541
12dg12dg-12dg12dg -9.49650085277 -0.750489966817 4.3542
12dg12dg-12dg12dg- -9.49568451126 -0.751306308333 4.3529
12dg12dg12dg -9.48534418539 -0.466675233173 4.5365
12dg12dg12dg- -9.50575272329 -0.431028320319 4.5589
12dg12dg12dg-12dg -9.49650085277 -0.750489966817 4.3542
12dg12dg12dg-12dg- -9.49650085277 -0.750489966817 4.3542
12dg12dg12dg12dg -9.49650085277 -0.750489966817 4.3542
12dg12dg12dg12dg- -9.47391540417 -0.812531922015 4.3223
12eg -9.12479334927 2.20820380012 4.3809
12eg12eg -8.60097420999 0.953486890402 4.3463
12eg12eg- -8.60124632383 0.953214776563 4.3464
12eg12eg-12eg -7.93239050859 0.25007261766 3.9832
12eg12eg-12eg- -8.35226216153 0.477015559039 4.3268
12eg12eg-12eg-12eg -8.25702231802 0.279460912227 4.2029
12eg12eg-12eg-12eg- -8.21266776233 0.224221802994 4.1686
12eg12eg-12eg12eg -8.21266776233 0.224221802994 4.1687
12eg12eg-12eg12eg- -8.2562059765 0.279733026065 4.2025
12eg12eg12eg -8.35226216153 0.477015559039 4.3267
12eg12eg12eg- -8.37403126861 0.505315398252 4.3238
12eg12eg12eg-12eg -8.25702231802 0.279460912227 4.2029
12eg12eg12eg-12eg- -8.25702231802 0.279460912227 4.2029
12eg12eg12eg12eg -8.21266776233 0.224221802994 4.1687
12eg12eg12eg12eg- -8.21293987617 0.223949689155 4.1687
12fg -9.07744554135 2.39596234874 4.8269
12fg12fg -8.50083631739 1.51458562556 5.1209
12fg12fg- -8.4994757482 1.51431351173 5.1194
12fg12fg-12fg -8.14110182278 0.975255997488 4.5904
12fg12fg-12fg- -8.14082970894 0.97498388365 4.5900
12fg12fg-12fg-12fg -7.94790099739 0.696883540616 4.2998
12fg12fg-12fg-12fg- -7.90871660463 0.667767359887 4.2632
12fg12fg-12fg12fg -7.88150522077 0.644637683608 4.2469
12fg12fg-12fg12fg- -7.94817311123 0.697155654455 4.3002
12fg12fg12fg -8.14082970894 0.97498388365 4.5900
12fg12fg12fg- -8.14082970894 0.97498388365 4.5900
12fg12fg12fg-12fg -7.94790099739 0.696883540616 4.2998
12fg12fg12fg-12fg- -7.94790099739 0.696883540616 4.2998
12fg12fg12fg12fg -7.94790099739 0.696883540616 4.2998
12fg12fg12fg12fg- -7.94790099739 0.696883540616 4.2998
12ga -8.93431366226 3.0501240167 4.9011
12ga12ga -8.17484393877 1.49853090909 4.8913
12ga12ga- -8.17484393877 1.49825879525 4.8912
12ga12ga-12ga -7.75769342422 0.894982415106 4.3590
12ga12ga-12ga- -8.12559133398 0.752122649849 4.4585
12ga12ga-12ga-12ga -7.884498473 0.452797427405 4.1082
12ga12ga-12ga-12ga- -7.884498473 0.452797427405 4.1081
12ga12ga-12ga12ga -7.884498473 0.452797427405 4.1081
12ga12ga-12ga12ga- -7.52095438465 0.582323614572 3.9997
12ga12ga12ga -8.12722401702 0.745864031561 4.4547
12ga12ga12ga- -8.12722401702 0.745864031561 4.4547
12ga12ga12ga-12ga -7.88123310693 0.468852143882 4.1172
12ga12ga12ga-12ga- -7.88123310693 0.468852143882 4.1172
12ga12ga12ga12ga -7.88504270067 0.453069541244 4.1079
12ga12ga12ga12ga- -7.88504270067 0.453069541244 4.1079
12gd -9.58520996415 1.54152489558 4.9171
12gd12gd -9.42792816545 0.225854486025 4.8306
12gd12gd- -9.02683236738 0.0378238235633 4.5187
12gd12gd-12gd -8.76669153769 -0.587221663666 3.9926
12gd12gd-12gd- -9.17241327102 -0.383680512405 4.3788
12gd12gd-12gd-12gd -9.08179936277 -0.709400777191 4.1154
12gd12gd-12gd-12gd- -9.05486009275 -0.735523705695 4.0908
12gd12gd-12gd12gd -9.05486009275 -0.735523705695 4.0908
12gd12gd-12gd12gd- -8.65185949781 -0.953486890402 3.6898
12gd12gd12gd- -9.20180156559 -0.348849941066 4.4091
12gd12gd12gd-12gd -9.10819440511 -0.674025978175 4.1468
12gd12gd12gd-12gd- -9.10792229128 -0.674298092013 4.1464
12gd12gd12gd12gd -9.05486009275 -0.735523705695 4.0908
12gd12gd12gd12gd- -9.05486009275 -0.735523705695 4.0908
12ge -9.08506472883 2.10915436287 4.3894
12ge12ge -8.58872908726 1.04818250623 4.3148
12ge12ge- -8.24396085377 0.821783792526 4.2346
12ge12ge-12ge -8.2766145144 0.60763020156 4.3078
12ge12ge-12ge- -8.23525321093 0.567085239611 4.3076
12ge12ge-12ge-12ge -8.0798762091 0.345312461164 4.1753
12ge12ge-12ge-12ge- -8.04749466231 0.316468394274 4.1464
12ge12ge-12ge12ge -8.04776677615 0.316740508113 4.1467
12ge12ge-12ge12ge- -8.11334621125 0.384768967759 4.2105
12ge12ge12ge- -8.2766145144 0.607902315399 4.3079
12ge12ge12ge-12ge -8.11334621125 0.384768967759 4.2106
12ge12ge12ge-12ge- -8.11334621125 0.384768967759 4.2105
12ge12ge12ge12ge -8.04776677615 0.316740508113 4.1466
12ge12ge12ge12ge- -8.04749466231 0.316468394274 4.1464
12gf -8.90166000163 3.0691719854 5.0617
12gf12gf -8.33457476202 1.32029634481 4.8477
12gf12gf- -8.33457476202 1.32029634481 4.8476
12gf12gf-12gf -7.88912440825 0.731986225793 4.2040
12gf12gf-12gf- -7.89674359573 0.734163136502 4.2125
12gf12gf-12gf-12gf -7.6616372392 0.415245717681 3.8528
12gf12gf-12gf-12gf- -7.66190935304 0.415245717681 3.8529
12gf12gf-12gf12gf -7.66054878384 0.412524579295 3.8498
12gf12gf-12gf12gf- -7.65401805172 0.411708237779 3.8451
12gf12gf12gf -7.89674359573 0.734163136502 4.2125
12gf12gf12gf- -7.89701570957 0.734163136502 4.2125
12gf12gf12gf-12gf -7.66082089768 0.412524579295 3.8499
12gf12gf12gf-12gf- -7.66054878384 0.412524579295 3.8499
12gf12gf12gf12gf -7.66626317445 0.41334092081 3.8546
12gf12gf12gf12gf- -7.66653528829 0.41334092081 3.8548
12gg -9.02329488748 2.33555307657 4.8848
12gg12gg -8.72124852665 1.47757814352 5.1429
12gg12gg- -8.72124852665 1.47757814352 5.1429
12gg12gg-12gg -8.53893225479 0.884369975401 4.7697
12gg12gg-12gg- -8.61077030818 0.850899973255 4.8292
12gg12gg-12gg-12gg -8.44505298048 0.591575485084 4.5959
12gg12gg-12gg-12gg- -8.41756948279 0.591847598922 4.5870
12gg12gg-12gg12gg- -8.47144802283 0.639195406836 4.6336
12gg12gg12gg -8.50083631739 0.798926230085 4.7536
12gg12gg12gg12gg -8.41756948279 0.591847598922 4.5870
12gg12gg12gg12gg- -8.41756948279 0.591847598922 4.5870
12gh -8.77839243275 2.9034546577 5.6785
12gh12gh -7.85783131682 1.72084791521 4.7852
12gh12gh- -7.85783131682 1.72084791521 4.7852
12gh12gh-12gh -7.39033974213 1.18995381613 4.1790
12gh12gh-12gh- -7.39033974213 1.18995381613 4.1790
12gh12gh-12gh-12gh -7.11740956203 0.906411196326 3.8223
12gh12gh-12gh-12gh- -7.11740956203 0.906411196326 3.8223
12gh12gh-12gh12gh -7.11740956203 0.906411196326 3.8223
12gh12gh-12gh12gh- -7.11740956203 0.906411196326 3.8223
12gh12gh12gh -7.39033974213 1.18995381613 4.1790
12gh12gh12gh- -7.39033974213 1.18995381613 4.1790
12gh12gh12gh-12gh -7.11740956203 0.906411196326 3.8223
12gh12gh12gh-12gh- -7.11740956203 0.906411196326 3.8223
12gh12gh12gh12gh -7.11740956203 0.906411196326 3.8222
12gh12gh12gh12gh- -7.11740956203 0.906411196326 3.8223
12gi -9.38302938208 2.95461205935 5.5485
12gi12gi -8.65240372548 1.80166572527 5.3815
12gi12gi- -8.65240372548 1.80166572527 5.3815
12gi12gi-12gi -8.36151403204 1.34832407019 4.9940
12gi12gi-12gi- -8.36151403204 1.34832407019 4.9940
12gi12gi-12gi-12gi -8.22845036497 1.13961275599 4.7743
12gi12gi-12gi-12gi- -8.22845036497 1.13961275599 4.7743
12gi12gi-12gi12gi -8.22845036497 1.13961275599 4.7743
12gi12gi-12gi12gi- -8.22845036497 1.13961275599 4.7743
12gi12gi12gi -8.36151403204 1.34832407019 4.9940
12gi12gi12gi- -8.36151403204 1.34832407019 4.9940
12gi12gi12gi-12gi -8.22845036497 1.13961275599 4.7743
12gi12gi12gi-12gi- -8.22845036497 1.13961275599 4.7743
12gi12gi12gi12gi -8.22845036497 1.13961275599 4.7743
12gi12gi12gi12gi- -8.22845036497 1.13961275599 4.7743
12gl -9.42956084848 2.86154912656 5.4911
12gl12gl -8.30083264603 1.61962156726 5.0874
12gl12gl- -8.19225922444 1.67159531043 5.0909
12gl12gl-12gl -7.88123310693 1.07376120706 4.5154
12gl12gl-12gl- -7.85211692621 1.08682267131 4.4949
12gl12gl-12gl-12gl -7.62082016341 0.806001189889 4.1705
12gl12gl-12gl-12gl- -7.62082016341 0.806001189889 4.1705
12gl12gl-12gl12gl -7.65483439323 0.779061919869 4.1811
12gl12gl-12gl12gl- -7.65483439323 0.779061919869 4.1811
12gl12gl12gl -7.85211692621 1.08682267131 4.4949
12gl12gl12gl- -7.85211692621 1.08682267131 4.4949
12gl12gl12gl-12gl -7.62082016341 0.806001189889 4.1705
12gl12gl12gl-12gl- -7.62082016341 0.806001189889 4.1705
12gl12gl12gl12gl -7.62082016341 0.806001189889 4.1705
12gl12gl12gl12gl- -7.62082016341 0.806001189889 4.1705
12hg -8.72968405564 2.78209188569 5.7020
12hg12hg -8.16341515755 1.8068358882 5.1116
12hg12hg- -8.16341515755 1.8068358882 5.1116
12hg12hg-12hg -7.89266188816 1.27730235832 4.6475
12hg12hg-12hg- -7.89266188816 1.27730235832 4.6475
12hg12hg-12hg-12hg -7.63714699372 0.915935180677 4.2921
12hg12hg-12hg-12hg- -7.63714699372 0.915935180677 4.2921
12hg12hg-12hg12hg -7.63714699372 0.915935180677 4.2921
12hg12hg-12hg12hg- -7.63714699372 0.915935180677 4.2921
12hg12hg12hg -7.89320611583 1.27757447216 4.6479
12hg12hg12hg- -7.89266188816 1.27730235832 4.6475
12hg12hg12hg-12hg -7.76939431928 1.01090291034 4.4111
12hg12hg12hg-12hg- -7.63714699372 0.915935180677 4.2921
12hg12hg12hg12hg -7.63714699372 0.915935180677 4.2921
12hg12hg12hg12hg- -7.63714699372 0.915935180677 4.2921
12ig -8.87363227625 3.14454751869 5.0234
12ig12ig -8.57757241987 1.8892863813 5.1107
12ig12ig- -8.5770281922 1.88874215362 5.1104
12ig12ig-12ig -8.35743232446 1.41254293609 5.0178
12ig12ig-12ig- -8.35688809678 1.41199870842 5.0174
12ig12ig-12ig-12ig -8.11525100812 1.00382795054 4.6593
12ig12ig-12ig-12ig- -8.11525100812 1.0035558367 4.6591
12ig12ig-12ig12ig -8.26926744076 1.19430763755 4.8437
12ig12ig-12ig12ig- -8.26926744076 1.19430763755 4.8437
12ig12ig12ig -8.35743232446 1.41227082226 5.0177
12ig12ig12ig- -8.35743232446 1.41254293609 5.0178
12ig12ig12ig-12ig -8.26926744076 1.19430763755 4.8436
12ig12ig12ig-12ig- -8.26926744076 1.19430763755 4.8436
12ig12ig12ig12ig -8.26926744076 1.19430763755 4.8436
12ig12ig12ig12ig- -8.26926744076 1.19430763755 4.8436
12lg -8.91281666901 3.12767646069 5.0664
13ag -8.34872468162 3.44387274113 4.8296
13ag13ag -8.23443686942 2.32521275071 5.5226
13ag13ag- -8.07416181849 2.47650804496 4.9713
13ag13ag-13ag -7.8986483926 1.98044451722 4.9775
13ag13ag-13ag- -7.72803301581 1.66315978143 4.8449
13ag13ag-13ag-13ag -7.58816650278 1.2468256084 4.5195
13ag13ag-13ag-13ag- -7.58816650278 1.2468256084 4.5195
13ag13ag-13ag13ag- -7.85429383691 1.71377295541 4.9706
13ag13ag13ag -7.72803301581 1.66315978143 4.8449
13ag13ag13ag- -7.76993854695 1.62560807171 4.8785
13ag13ag13ag-13ag -7.58816650278 1.2468256084 4.5195
13ag13ag13ag-13ag- -7.70381488418 1.44029854763 4.7368
13ag13ag13ag13ag -7.58925495813 1.23675739637 4.5041
13ag13ag13ag13ag- -7.58816650278 1.2468256084 4.5195
13dg -9.06329562175 2.31432819716 4.8821
13dg13dg -9.34411710317 1.02559705763 4.9217
13dg13dg- -9.34411710317 1.02586917147 4.9221
13dg13dg-13dg -8.96098081844 0.158914481734 4.6777
13dg13dg-13dg- -9.24153018602 0.43647059709 4.9118
13dg13dg-13dg-13dg -8.83417576966 -0.247623593112 4.3587
13dg13dg-13dg-13dg- -9.24316286905 0.0691169150006 4.8395
13dg13dg-13dg13dg -9.24316286905 0.0693890288392 4.8395
13dg13dg-13dg13dg- -9.01404301696 -0.0315652052758 4.6120
13dg13dg13dg -9.24153018602 0.43647059709 4.9119
13dg13dg13dg- -8.76968478991 0.215786273998 4.6088
13dg13dg13dg-13dg -9.40888019675 0.389667016854 4.9134
13dg13dg13dg-13dg- -9.23037351864 0.246263023919 4.8609
13dg13dg13dg13dg -9.24261864138 0.0685726873234 4.8388
13dg13dg13dg13dg- -9.24289075521 0.0691169150006 4.8394
13eg -8.584103152 2.85175302837 4.3879
13eg13eg -8.30790760584 1.79812824537 4.3773
13eg13eg- -8.30790760584 1.79812824537 4.3773
13eg13eg-13eg -8.23797434932 1.46370033775 4.3779
13eg13eg-13eg- -8.12559133398 1.2884590257 4.3739
13eg13eg-13eg-13eg -8.13184995227 1.15539535863 4.3761
13eg13eg-13eg-13eg- -8.0537532806 0.984779981839 4.3727
13eg13eg-13eg13eg -8.05348116676 0.984779981839 4.3727
13eg13eg-13eg13eg- -8.22681768194 1.29063593641 4.3783
13eg13eg13eg -8.12559133398 1.2884590257 4.3739
13eg13eg13eg- -8.23797434932 1.46370033775 4.3779
13eg13eg13eg-13eg -8.22681768194 1.29063593641 4.3783
13eg13eg13eg-13eg- -8.1489931241 1.11621096588 4.3732
13eg13eg13eg13eg -8.05348116676 0.984779981839 4.3727
13eg13eg13eg13eg- -8.05348116676 0.984779981839 4.3726
13fg -8.69213234592 3.18373191144 5.8555
13fg13fg -8.01320831865 2.35160779305 5.4547
13fg13fg- -8.01320831865 2.35187990689 5.4547
13fg13fg-13fg -7.66027667 1.71295661389 4.8629
13fg13fg-13fg- -7.66027667 1.71295661389 4.8629
13fg13fg-13fg-13fg -7.66952854052 1.66043864305 4.8643
13fg13fg-13fg-13fg- -7.47632771512 1.34587504564 4.5220
13fg13fg-13fg13fg -7.48149787805 1.34941252554 4.5264
13fg13fg-13fg13fg- -7.66952854052 1.66043864305 4.8643
13fg13fg13fg -7.65565073475 1.70533742641 4.8554
13fg13fg13fg- -7.76803375008 1.89744979645 5.0660
13fg13fg13fg-13fg -7.66952854052 1.66043864305 4.8643
13fg13fg13fg-13fg- -7.57456081085 1.47213586674 4.6884
13fg13fg13fg13fg -7.48122576421 1.34941252554 4.5264
13fg13fg13fg13fg- -7.48122576421 1.34941252554 4.5264
13ga -8.31797581786 3.42155940637 4.7910
13ga13ga -8.23416475558 2.32521275071 5.5224
13ga13ga- -8.23443686942 2.32521275071 5.5225
13ga13ga-13ga -7.80014318304 1.64030221899 4.8867
13ga13ga-13ga- -7.85075635701 1.62370327484 4.9316
13ga13ga-13ga-13ga -7.78626537727 1.4231553758 4.7718
13ga13ga-13ga-13ga- -7.69401878599 1.2264170705 4.5650
13ga13ga-13ga13ga -7.69401878599 1.2264170705 4.5650
13ga13ga-13ga13ga- -7.9345674193 1.69309230368 5.0752
13ga13ga13ga -7.85075635701 1.62370327484 4.9316
13ga13ga13ga- -7.85075635701 1.62370327484 4.9316
13ga13ga13ga-13ga -7.69401878599 1.2264170705 4.5650
13ga13ga13ga-13ga- -7.79932684152 1.43839375076 4.7948
13ga13ga13ga13ga -7.69401878599 1.2264170705 4.5650
13ga13ga13ga13ga- -7.69401878599 1.2264170705 4.5650
13gd -9.01349878929 2.22208160588 4.8833
13gd13gd -9.13268465059 1.18750479158 4.8923
13gd13gd-13gd -8.70873129007 0.222589119962 4.5053
13gd13gd-13gd- -8.90955130295 0.523547025437 4.8591
13gd13gd-13gd-13gd -8.82329121612 -0.0380959374019 4.5305
13gd13gd-13gd-13gd- -8.54546298692 -0.148846269706 4.2454
13gd13gd-13gd13gd -8.74601088596 0.0519737431697 4.5105
13gd13gd-13gd13gd- -8.58519160735 0.0182316271852 4.3165
13gd13gd13gd -8.91363301053 0.508308650477 4.8582
13gd13gd13gd- -8.70873129007 0.222589119962 4.5053
13gd13gd13gd-13gd -8.58519160735 0.0182316271852 4.3165
13gd13gd13gd-13gd- -8.54546298692 -0.148846269706 4.2454
13gd13gd13gd13gd -8.85322373836 0.130070414844 4.6120
13ge -8.53185729499 2.74834976971 4.3874
13ge13ge -8.26436939166 1.90316418706 4.3533
13ge13ge- -8.26436939166 1.90289207322 4.3534
13ge13ge-13ge -8.10082897467 1.58343042673 4.3502
13ge13ge-13ge- -7.89375034351 1.32682707694 4.3415
13ge13ge-13ge-13ge -8.05212059757 1.42506017267 4.3498
13ge13ge-13ge-13ge- -7.91198197069 1.20845755716 4.3412
13ge13ge-13ge13ge -8.0523927114 1.42533228651 4.3497
13ge13ge-13ge13ge- -7.77429236837 1.0084538858 4.3343
13ge13ge13ge -7.89375034351 1.32682707694 4.3415
13ge13ge13ge- -8.10110108851 1.5839746544 4.3502
13ge13ge13ge-13ge -8.05212059757 1.42533228651 4.3497
13ge13ge13ge-13ge- -8.05212059757 1.42506017267 4.3498
13ge13ge13ge13ge -7.77429236837 1.0084538858 4.3343
13ge13ge13ge13ge- -7.77429236837 1.00818177196 4.3343
13gf -8.27552605904 3.69421747263 4.9317
13gf13gf -7.86218513823 2.17337322878 5.0350
13gf13gf- -7.86218513823 2.17337322878 5.0349
13gf13gf-13gf -7.59088764116 1.66370400911 4.7638
13gf13gf-13gf- -7.54653308548 1.44438025521 4.5350
13gf13gf-13gf-13gf -7.47877673967 1.38261041385 4.5238
13gf13gf-13gf-13gf- -7.43469429782 1.16247031843 4.3179
13gf13gf-13gf13gf -7.47877673967 1.38261041385 4.5238
13gf13gf-13gf13gf- -7.47877673967 1.38261041385 4.5238
13gf13gf13gf -7.54653308548 1.44438025521 4.5350
13gf13gf13gf- -7.54653308548 1.44438025521 4.5350
13gf13gf13gf-13gf -7.47877673967 1.38261041385 4.5238
13gf13gf13gf-13gf- -7.47877673967 1.38261041385 4.5238
13gf13gf13gf13gf -7.37727827788 1.03321624511 4.1661
13gf13gf13gf13gf- -7.37727827788 1.03321624511 4.1661
13gg -9.13295676443 3.27842752727 5.4737
13gg13gg -8.24885890286 1.6008457124 5.1105
13gg13gg- -8.34110549414 2.27732071512 4.9808
13gg13gg13gg -8.25783865954 1.74860352675 5.0700
13gg13gg13gg- -8.43253574391 1.95677061326 5.0439
13gh -8.19008231373 3.48849941066 5.7377
13gh13gh -7.5029948713 2.37337690014 5.1127
13gh13gh- -7.5029948713 2.37337690014 5.1127
13gh13gh-13gh -7.32149494097 2.11133127358 4.8320
13gh13gh-13gh- -7.48421901644 2.2574564049 5.0334
13gh13gh-13gh-13gh -7.20203696583 1.83187036135 4.6114
13gh13gh-13gh-13gh- -7.20203696583 1.83187036135 4.6115
13gh13gh-13gh13gh- -7.20203696583 1.83187036135 4.6115
13gh13gh13gh -7.32149494097 2.11133127358 4.8320
13gh13gh13gh- -7.48421901644 2.2574564049 5.0335
13gh13gh13gh-13gh- -7.20203696583 1.83187036135 4.6115
13gh13gh13gh13gh -7.20203696583 1.83187036135 4.6115
13gh13gh13gh13gh- -7.20203696583 1.83187036135 4.6115
13gi -8.83036617592 3.54373851989 5.5876
13gi13gi -8.20695337172 2.6269869977 5.4682
13gi13gi- -8.20695337172 2.6269869977 5.4681
13gi13gi-13gi -8.0298072628 2.25772851874 5.4180
13gi13gi-13gi- -8.0298072628 2.25772851874 5.4180
13gi13gi-13gi-13gi -7.9832757964 2.08765736962 5.3413
13gi13gi-13gi-13gi- -7.9832757964 2.08792948346 5.3413
13gi13gi-13gi13gi -7.9832757964 2.08765736962 5.3413
13gi13gi-13gi13gi- -7.9832757964 2.08765736962 5.3413
13gi13gi13gi -8.0298072628 2.25772851874 5.4180
13gi13gi13gi- -8.0298072628 2.25772851874 5.4180
13gi13gi13gi-13gi -7.9832757964 2.08792948346 5.3413
13gi13gi13gi-13gi- -7.9832757964 2.08792948346 5.3413
13gi13gi13gi13gi -7.9832757964 2.08765736962 5.3413
13gi13gi13gi13gi- -7.9832757964 2.08765736962 5.3413
13gl13gl -8.02953514896 2.45664373474 5.2975
13gl13gl- -8.02953514896 2.45664373474 5.2975
13gl13gl-13gl -7.71606000691 2.02697598362 5.1173
13gl13gl-13gl- -7.62326918796 1.75595060039 4.8415
13gl13gl-13gl-13gl -7.50979771727 1.57798814995 4.6855
13gl13gl-13gl-13gl- -7.45455860803 1.37390277102 4.4864
13gl13gl-13gl13gl -7.45455860803 1.37390277102 4.4864
13gl13gl-13gl13gl- -7.56585316801 1.76737938161 4.8733
13gl13gl13gl -7.62299707412 1.75567848655 4.8411
13gl13gl13gl- -7.71606000691 2.02697598362 5.1172
13gl13gl13gl-13gl -7.56585316801 1.76737938161 4.8734
13gl13gl13gl-13gl- -7.48639592715 1.5733622147 4.6602
13gl13gl13gl13gl -7.45455860803 1.37390277102 4.4865
13gl13gl13gl13gl- -7.45455860803 1.37390277102 4.4865
13hg -8.19661304585 3.39652493322 5.7582
13hg13hg -7.36884274888 2.35079145154 4.9863
13hg13hg- -7.36857063504 2.35079145154 4.9862
13hg13hg-13hg -7.50517178201 2.10262363075 5.0317
13hg13hg-13hg- -7.50489966817 2.10207940307 5.0313
13hg13hg-13hg-13hg -7.44040868843 1.86071442824 4.8492
13hg13hg-13hg-13hg- -7.44040868843 1.86071442824 4.8492
13hg13hg-13hg13hg -7.44040868843 1.86071442824 4.8492
13hg13hg-13hg13hg- -7.3421755927 1.80493109133 4.6766
13hg13hg13hg -7.50489966817 2.10235151691 5.0315
13hg13hg13hg- -7.50489966817 2.10235151691 5.0315
13hg13hg13hg-13hg -7.44040868843 1.86071442824 4.8493
13hg13hg13hg-13hg- -7.44040868843 1.86071442824 4.8492
13hg13hg13hg13hg -7.44040868843 1.86071442824 4.8492
13hg13hg13hg13hg- -7.44040868843 1.86071442824 4.8492
13ig -8.83009406208 3.54373851989 5.5875
13ig13ig -8.12831247237 2.80522156197 5.0226
13ig13ig- -8.12831247237 2.80522156197 5.0226
13ig13ig-13ig -8.01021506642 2.38398933984 5.0110
13ig13ig-13ig- -8.00967083875 2.38290088449 5.0111
13ig13ig-13ig-13ig -8.00450067581 2.19024428677 5.0127
13ig13ig-13ig-13ig- -8.00450067581 2.19024428677 5.0127
13ig13ig-13ig13ig -8.00450067581 2.19024428677 5.0127
13ig13ig-13ig13ig- -8.00450067581 2.19024428677 5.0127
13ig13ig13ig -8.01021506642 2.38398933984 5.0110
13ig13ig13ig- -8.00967083875 2.38290088449 5.0111
13ig13ig13ig-13ig -8.00450067581 2.19024428677 5.0127
13ig13ig13ig-13ig- -8.00450067581 2.19024428677 5.0127
13ig13ig13ig13ig -8.00450067581 2.19024428677 5.0127
13ig13ig13ig13ig- -8.00450067581 2.19024428677 5.0127
13lg -8.29239711704 3.722245198 4.9203
4ag -8.96125293228 2.18970005909 4.9451
4ag4ag -8.8986667494 1.37852870627 4.9707
4ag4ag- -8.8986667494 1.37852870627 4.9707
4ag4ag-4ag -8.81784893934 1.02342014692 4.9733
4ag4ag-4ag- -8.79471926306 1.01634518711 4.9725
4ag4ag-4ag-4ag -8.74927625202 0.83266834607 4.9481
4ag4ag-4ag-4ag- -8.76505885466 0.836750053649 4.9697
4ag4ag-4ag4ag -8.76505885466 0.836750053649 4.9697
4ag4ag-4ag4ag- -8.76505885466 0.836750053649 4.9697
4ag4ag4ag -8.81648837015 1.00219526751 4.9764
4ag4ag4ag- -8.81784893934 1.02342014692 4.9733
4ag4ag4ag-4ag -8.76505885466 0.836750053649 4.9697
4ag4ag4ag-4ag- -8.76505885466 0.836750053649 4.9697
4ag4ag4ag4ag -8.76369828547 0.80572907605 4.9735
4ag4ag4ag4ag- -8.76505885466 0.822872247881 4.9730
4dg -9.50275947106 0.683822076364 5.0274
4dg4dg -9.63201354439 0.176329767403 4.9588
4dg4dg- -9.63201354439 0.176329767403 4.9588
4dg4dg-4dg -9.67772866927 -0.0960561850205 4.9444
4dg4dg-4dg- -9.67772866927 -0.0957840711819 4.9444
4dg4dg-4dg-4dg -9.64834037471 -0.25769180514 4.9376
4dg4dg-4dg-4dg- -9.68997379201 -0.248439934628 4.9381
4dg4dg-4dg4dg -9.68997379201 -0.248439934628 4.9381
4dg4dg-4dg4dg- -9.68997379201 -0.248439934628 4.9381
4dg4dg4dg -9.63500679661 -0.108845535434 4.9432
4dg4dg4dg- -9.67772866927 -0.0960561850205 4.9444
4dg4dg4dg-4dg -9.68997379201 -0.248439934628 4.9381
4dg4dg4dg-4dg- -9.68997379201 -0.248439934628 4.9381
4dg4dg4dg4dg -9.63800004884 -0.277284001518 4.9387
4dg4dg4dg4dg- -9.64834037471 -0.25769180514 4.9376
4eg -8.82655658218 1.23512471334 4.4051
4eg4eg -8.80859706883 0.85960761609 4.3517
4eg4eg- -8.80859706883 0.85960761609 4.3517
4eg4eg-4eg -8.78846064478 0.666406790694 4.3505
4eg4eg-4eg- -8.78846064478 0.666678904533 4.3504
4eg4eg-4eg-4eg -8.76505885466 0.540690197268 4.3474
4eg4eg-4eg-4eg- -8.77158958678 0.555928572229 4.3497
4eg4eg-4eg4eg -8.77158958678 0.555928572229 4.3498
4eg4eg-4eg4eg- -8.77158958678 0.555928572229 4.3497
4eg4eg4eg -8.78056934346 0.647086708155 4.3473
4eg4eg4eg- -8.78846064478 0.666678904533 4.3504
4eg4eg4eg-4eg -8.77158958678 0.555928572229 4.3497
4eg4eg4eg-4eg- -8.77158958678 0.555928572229 4.3497
4eg4eg4eg4eg -8.75716755334 0.519465317859 4.3459
4eg4eg4eg4eg- -8.76560308234 0.540690197268 4.3488
4fg -8.60560014525 2.05745273354 4.8366
4fg4fg -8.53893225479 1.44764562127 4.9502
4fg4fg- -8.53893225479 1.44764562127 4.9502
4fg4fg-4fg -8.46464517686 1.13689161761 4.9268
4fg4fg-4fg- -8.46464517686 1.13661950377 4.9266
4fg4fg-4fg-4fg -8.41539257208 0.935799490894 4.8513
4fg4fg-4fg-4fg- -8.41566468592 0.977432908197 4.8557
4fg4fg-4fg4fg -8.41566468592 0.977432908197 4.8557
4fg4fg-4fg4fg- -8.41566468592 0.977432908197 4.8557
4fg4fg4fg -8.46518940454 1.08845535434 4.9219
4fg4fg4fg- -8.46464517686 1.13661950377 4.9266
4fg4fg4fg-4fg -8.41566468592 0.977432908197 4.8557
4fg4fg4fg-4fg- -8.41566468592 0.977432908197 4.8557
4fg4fg4fg4fg -8.41512045824 0.893893959751 4.8351
4fg4fg4fg4fg- -8.40831761227 0.928996644929 4.8362
4ga -8.96125293228 2.18970005909 4.9451
4ga4ga -8.8986667494 1.37852870627 4.9707
4ga4ga- -8.8986667494 1.37852870627 4.9707
4ga4ga-4ga -8.81784893934 1.02342014692 4.9733
4ga4ga-4ga- -8.81784893934 1.02342014692 4.9733
4ga4ga-4ga-4ga -8.76505885466 0.822872247881 4.9730
4ga4ga-4ga-4ga- -8.76505885466 0.822872247881 4.9730
4ga4ga-4ga4ga -8.76505885466 0.836750053649 4.9697
4ga4ga-4ga4ga- -8.76505885466 0.836750053649 4.9697
4ga4ga4ga -8.81676048399 1.00192315367 4.9766
4ga4ga4ga- -8.81784893934 1.02314803308 4.9733
4ga4ga4ga-4ga -8.76505885466 0.836750053649 4.9697
4ga4ga4ga-4ga- -8.76505885466 0.836750053649 4.9697
4ga4ga4ga4ga -8.76369828547 0.80572907605 4.9735
4ga4ga4ga4ga- -8.7639703993 0.821239564849 4.9739
4gd -9.50275947106 0.683822076364 5.0274
4gd4gd -9.63201354439 0.176601881242 4.9588
4gd4gd- -9.63201354439 0.176601881242 4.9588
4gd4gd-4gd -9.67772866927 -0.0960561850205 4.9444
4gd4gd-4gd- -9.67772866927 -0.0960561850205 4.9444
4gd4gd-4gd-4gd -9.64834037471 -0.25769180514 4.9376
4gd4gd-4gd-4gd- -9.64834037471 -0.25769180514 4.9376
4gd4gd-4gd4gd -9.68997379201 -0.248439934628 4.9381
4gd4gd-4gd4gd- -9.68997379201 -0.248439934628 4.9381
4gd4gd4gd -9.63500679661 -0.108845535434 4.9432
4gd4gd4gd- -9.67772866927 -0.0957840711819 4.9444
4gd4gd4gd-4gd -9.68997379201 -0.248439934628 4.9381
4gd4gd4gd-4gd- -9.68997379201 -0.248439934628 4.9381
4gd4gd4gd4gd -9.63800004884 -0.277284001518 4.9387
4gd4gd4gd4gd- -9.68861322282 -0.256603349786 4.9414
4ge -8.82628446834 1.23539682718 4.4050
4ge4ge -8.80859706883 0.85960761609 4.3517
4ge4ge- -8.80859706883 0.85960761609 4.3517
4ge4ge-4ge -8.78846064478 0.666678904533 4.3505
4ge4ge-4ge- -8.78846064478 0.666951018372 4.3505
4ge4ge-4ge-4ge -8.76560308234 0.54041808343 4.3488
4ge4ge-4ge-4ge- -8.76560308234 0.540690197268 4.3488
4ge4ge-4ge4ge -8.77158958678 0.555928572229 4.3497
4ge4ge-4ge4ge- -8.77158958678 0.555928572229 4.3497
4ge4ge4ge -8.78056934346 0.647086708155 4.3472
4ge4ge4ge- -8.78846064478 0.666678904533 4.3505
4ge4ge4ge-4ge -8.77158958678 0.555928572229 4.3497
4ge4ge4ge-4ge- -8.77158958678 0.555928572229 4.3497
4ge4ge4ge4ge -8.75716755334 0.519465317859 4.3459
4ge4ge4ge4ge- -8.76505885466 0.540962311107 4.3475
4gf -8.60560014525 2.05745273354 4.8367
4gf4gf -8.53893225479 1.44764562127 4.9502
4gf4gf- -8.53893225479 1.44764562127 4.9502
4gf4gf-4gf -8.46464517686 1.13689161761 4.9268
4gf4gf-4gf- -8.46464517686 1.13661950377 4.9266
4gf4gf-4gf-4gf -8.40831761227 0.929540872606 4.8364
4gf4gf-4gf-4gf- -8.40831761227 0.929540872606 4.8364
4gf4gf-4gf4gf -8.41566468592 0.977432908197 4.8557
4gf4gf-4gf4gf- -8.41566468592 0.977432908197 4.8557
4gf4gf4gf -8.46518940454 1.08845535434 4.9219
4gf4gf4gf- -8.46464517686 1.13661950377 4.9266
4gf4gf4gf-4gf -8.41566468592 0.977432908197 4.8557
4gf4gf4gf-4gf- -8.41566468592 0.977432908197 4.8557
4gf4gf4gf4gf -8.41512045824 0.893893959751 4.8351
4gf4gf4gf4gf- -8.41539257208 0.935799490894 4.8513
4gg -8.59090599796 1.93717841689 4.8209
4gg4gg -8.66818632812 1.3075069944 4.8959
4gg4gg- -8.66900266964 1.30723488056 4.8962
4gg4gg-4gg -8.62764136617 1.06641413341 4.8923
4gg4gg-4gg- -8.62764136617 1.06641413341 4.8923
4gg4gg-4gg-4gg -8.62764136617 0.897703553492 4.8875
4gg4gg-4gg-4gg- -8.62764136617 0.897431439653 4.8875
4gg4gg-4gg4gg -8.6306346184 0.94233022302 4.8958
4gg4gg-4gg4gg- -8.6306346184 0.942058109181 4.8958
4gg4gg4gg -8.64532876568 1.00573274741 4.8954
4gg4gg4gg- -8.62764136617 1.06641413341 4.8923
4gg4gg4gg-4gg -8.63090673224 0.942058109181 4.8958
4gg4gg4gg-4gg- -8.63090673224 0.942058109181 4.8958
4gg4gg4gg4gg -8.64668933487 0.846274037999 4.9051
4gg4gg4gg4gg- -8.62764136617 0.897431439653 4.8875
4gh -8.68151990621 2.29065429321 5.3890
4gh4gh -8.25212426893 1.83241458903 4.8863
4gh4gh- -8.25212426893 1.83241458903 4.8863
4gh4gh-4gh -8.16423149906 1.45308789804 4.8129
4gh4gh-4gh- -8.13457109066 1.61553985968 4.8206
4gh4gh-4gh-4gh- -8.1108971867 1.23294780263 4.7298
4gh4gh-4gh4gh -8.1108971867 1.23294780263 4.7298
4gh4gh-4gh4gh- -8.1108971867 1.23294780263 4.7298
4gh4gh4gh -8.10980873135 1.56683148257 4.8106
4gh4gh4gh- -8.16423149906 1.45308789804 4.8129
4gh4gh4gh-4gh -8.1108971867 1.23294780263 4.7298
4gh4gh4gh-4gh- -8.1108971867 1.23294780263 4.7299
4gh4gh4gh4gh -8.1108971867 1.23294780263 4.7298
4gi -8.77131747295 2.19650290506 4.9192
4gi4gi -8.74791568283 1.84030589035 4.9319
4gi4gi- -8.75009259354 1.83867320732 4.9337
4gi4gi-4gi -8.72750714493 1.6495540895 4.9383
4gi4gi-4gi- -8.7272350311 1.64928197566 4.9382
4gi4gi-4gi-4gi -8.69866307804 1.56519879954 4.9329
4gi4gi-4gi-4gi- -8.69866307804 1.56438245802 4.9329
4gi4gi-4gi4gi -8.69893519188 1.56438245802 4.9331
4gi4gi-4gi4gi- -8.69866307804 1.56438245802 4.9329
4gi4gi4gi -8.7272350311 1.64900986182 4.9382
4gi4gi4gi- -8.7272350311 1.64873774799 4.9382
4gi4gi4gi-4gi -8.69866307804 1.56519879954 4.9329
4gi4gi4gi-4gi- -8.69893519188 1.56519879954 4.9332
4gi4gi4gi4gi -8.69920730572 1.56519879954 4.9332
4gi4gi4gi4gi- -8.69920730572 1.56519879954 4.9332
4gl -8.52233331064 2.13418883602 4.8481
4hg -8.68124779237 2.29065429321 5.3889
4hg4hg -8.25212426893 1.83241458903 4.8863
4hg4hg- -8.25212426893 1.83241458903 4.8862
4hg4hg-4hg -8.10980873135 1.56683148257 4.8106
4hg4hg-4hg- -8.16423149906 1.4528157842 4.8128
4hg4hg-4hg-4hg -8.1108971867 1.23294780263 4.7298
4hg4hg-4hg-4hg- -8.1108971867 1.23294780263 4.7298
4hg4hg-4hg4hg -8.09674726709 1.34886829787 4.7404
4hg4hg-4hg4hg- -8.09674726709 1.34886829787 4.7404
4hg4hg4hg -8.16423149906 1.4528157842 4.8129
4hg4hg4hg- -8.16423149906 1.4528157842 4.8129
4hg4hg4hg-4hg- -8.1108971867 1.23294780263 4.7298
4hg4hg4hg4hg -8.1108971867 1.23294780263 4.7298
4ig -8.77131747295 2.19650290506 4.9192
4ig4ig -8.75009259354 1.83976166267 4.9337
4ig4ig- -8.75009259354 1.84003377651 4.9336
4ig4ig-4ig -8.7272350311 1.64900986182 4.9382
4ig4ig-4ig- -8.7272350311 1.64819352031 4.9382
4ig4ig-4ig-4ig -8.69893519188 1.5649266857 4.9332
4ig4ig-4ig-4ig- -8.69866307804 1.5649266857 4.9329
4ig4ig-4ig4ig -8.69866307804 1.56519879954 4.9330
4ig4ig-4ig4ig- -8.69866307804 1.56519879954 4.9330
4ig4ig4ig -8.7272350311 1.64873774799 4.9382
4ig4ig4ig- -8.7272350311 1.64873774799 4.9382
4ig4ig4ig-4ig -8.69866307804 1.56438245802 4.9329
4ig4ig4ig-4ig- -8.69893519188 1.56519879954 4.9332
4ig4ig4ig4ig -8.69866307804 1.56519879954 4.9329
4ig4ig4ig4ig- -8.69866307804 1.56465457186 4.9330
4lg -8.52233331064 2.13418883602 4.8481
5aa -9.5495630513 2.28602835795 6.0084
5aa5aa -8.59716461625 1.12029267345 4.9837
5aa5aa- -8.40124265247 0.914846725322 4.6724
5aa5aa-5aa -7.91660790595 0.323543354077 4.0286
5aa5aa-5aa- -8.16912954816 0.576609223961 4.3969
5aa5aa-5aa-5aa- -7.945179859 0.284903188998 4.0879
5aa5aa-5aa5aa -7.945179859 0.284903188998 4.0879
5aa5aa-5aa5aa- -7.66272569455 0.00299325222443 3.6873
5aa5aa5aa -8.16912954816 0.5768813378 4.3969
5aa5aa5aa- -8.16912954816 0.576609223961 4.3968
5aa5aa5aa-5aa -7.945179859 0.284903188998 4.0879
5aa5aa5aa-5aa- -7.97239124286 0.29796465325 4.1094
5aa5aa5aa5aa -7.945179859 0.284903188998 4.0879
5aa5aa5aa5aa- -7.945179859 0.284903188998 4.0879
5ad -10.2252217125 1.06859104412 4.9663
5ad5ad -9.57323695526 -0.273474407778 4.6774
5ad5ad- -9.45813280153 -0.433477344866 4.4609
5ad5ad-5ad -9.14112017958 -1.10668698152 3.8853
5ad5ad-5ad- -9.27962612342 -0.918928432901 4.1226
5ad5ad-5ad-5ad -9.15227684696 -1.28709845651 3.8326
5ad5ad-5ad5ad -9.15227684696 -1.28709845651 3.8326
5ad5ad-5ad5ad- -8.99826041433 -1.49417708767 3.5778
5ad5ad5ad -9.27962612342 -0.918928432901 4.1227
5ad5ad5ad- -9.27962612342 -0.918928432901 4.1227
5ad5ad5ad-5ad -9.15227684696 -1.28709845651 3.8326
5ad5ad5ad5ad- -9.15227684696 -1.28709845651 3.8326
5ae -9.22275433116 1.64737717879 4.3899
5ae5ae -8.61131453586 0.510213447347 4.3188
5ae5ae- -8.51226509861 0.352931648645 4.3076
5ae5ae-5ae -8.10137320235 -0.20000367136 3.8378
5ae5ae-5ae- -8.22953882032 -0.0141499196064 4.0611
5ae5ae-5ae-5ae -8.0262697829 -0.294699287187 3.7753
5ae5ae-5ae-5ae- -8.02599766906 -0.294971401026 3.7750
5ae5ae-5ae5ae- -7.87987253774 -0.500145235319 3.5301
5ae5ae5ae -8.22953882032 -0.0138778057678 4.0613
5ae5ae5ae- -8.22953882032 -0.0141499196064 4.0610
5ae5ae5ae-5ae -8.02599766906 -0.294971401026 3.7750
5ae5ae5ae-5ae- -8.03987547483 -0.293882945672 3.7822
5ae5ae5ae5ae -8.0262697829 -0.294971401026 3.7753
5ae5ae5ae5ae- -8.0262697829 -0.294699287187 3.7753
5af -9.07744554135 2.29990616372 5.5618
5af5af -8.54519087308 1.07893136999 4.8275
5af5af- -8.54519087308 1.07920348383 4.8277
5af5af-5af -8.29620671078 0.525996049985 4.3506
5af5af-5af- -8.29620671078 0.526268163823 4.3509
5af5af-5af-5af -8.13076149692 0.192928711557 4.0673
5af5af-5af-5af- -8.13076149692 0.192928711557 4.0673
5af5af-5af5af -8.1849121508 0.228575624411 4.1104
5af5af-5af5af- -8.1849121508 0.228575624411 4.1105
5af5af5af -8.23307630023 0.493614503193 4.3037
5af5af5af- -8.23307630023 0.493614503193 4.3036
5af5af5af-5af -8.12069328489 0.20190846823 4.0689
5af5af5af-5af- -8.12069328489 0.20190846823 4.0689
5af5af5af5af -8.07497816001 0.173608629017 4.0316
5af5af5af5af- -8.07497816001 0.173608629017 4.0316
5ag -8.88506105747 2.03595574029 4.8919
5ag5ag -8.63172307375 0.896615098137 4.8857
5ag5ag- -8.63145095991 0.89607087046 4.8866
5ag5ag-5ag -8.48995176385 0.38449685392 4.4986
5ag5ag-5ag- -8.48995176385 0.38449685392 4.4986
5ag5ag-5ag-5ag -8.3528063892 0.0617698413588 4.2283
5ag5ag-5ag-5ag- -8.3528063892 0.0617698413588 4.2283
5ag5ag-5ag5ag -8.4338963131 0.124356024233 4.3087
5ag5ag-5ag5ag- -8.4338963131 0.124356024233 4.3086
5ag5ag5ag -8.40750127076 0.330074086203 4.4175
5ag5ag5ag- -8.40750127076 0.330074086203 4.4175
5ag5ag5ag-5ag -8.3528063892 0.075375533288 4.2366
5ag5ag5ag-5ag- -8.3528063892 0.075375533288 4.2366
5ag5ag5ag5ag -8.28396158804 0.0234017901183 4.1668
5ag5ag5ag5ag- -8.28396158804 0.0234017901183 4.1667
5ah -8.46981533979 2.46780040213 5.4807
5ah5ah -7.90273010018 1.36546724202 4.6162
5ah5ah- -7.90273010018 1.36546724202 4.6162
5ah5ah-5ah -7.58326845368 0.870492169633 4.1274
5ah5ah-5ah- -7.58326845368 0.870492169633 4.1274
5ah5ah-5ah-5ah -7.40938771083 0.610079226107 3.8694
5ah5ah-5ah-5ah- -7.40938771083 0.610079226107 3.8694
5ah5ah-5ah5ah -7.40938771083 0.610079226107 3.8694
5ah5ah-5ah5ah- -7.40938771083 0.610079226107 3.8694
5ah5ah5ah -7.58326845368 0.870492169633 4.1275
5ah5ah5ah- -7.58326845368 0.870492169633 4.1274
5ah5ah5ah-5ah -7.40938771083 0.610079226107 3.8695
5ah5ah5ah-5ah- -7.40938771083 0.610079226107 3.8695
5ah5ah5ah5ah -7.40938771083 0.610079226107 3.8694
5ah5ah5ah5ah- -7.40938771083 0.610079226107 3.8695
5ai -9.32125954073 2.40466999157 5.9015
5ai5ai -8.51770737538 1.31158870198 5.0760
5ai5ai- -8.51770737538 1.31158870198 5.0760
5ai5ai-5ai -8.16749686513 0.835117370617 4.5775
5ai5ai-5ai- -8.16749686513 0.835117370617 4.5775
5ai5ai-5ai-5ai -7.99361612227 0.592936054277 4.3266
5ai5ai-5ai-5ai- -7.99361612227 0.592936054277 4.3264
5ai5ai-5ai5ai -7.99361612227 0.592936054277 4.3264
5ai5ai-5ai5ai- -7.99361612227 0.592936054277 4.3264
5ai5ai5ai -8.16749686513 0.835117370617 4.5775
5ai5ai5ai- -8.16749686513 0.835117370617 4.5775
5ai5ai5ai-5ai -7.99361612227 0.592936054277 4.3264
5ai5ai5ai-5ai- -7.99361612227 0.592936054277 4.3264
5ai5ai5ai5ai -7.99361612227 0.592936054277 4.3264
5ai5ai5ai5ai- -7.99361612227 0.592936054277 4.3266
5al -8.85866601513 2.24847664823 5.7323
5al5al -7.93157416707 1.04981518926 4.4860
5al5al- -7.90300221402 1.01416827641 4.4392
5al5al-5al -7.38272055465 0.464770436303 3.7983
5al5al-5al- -7.40857136931 0.49415873087 3.8351
5al5al-5al-5al -7.08557224291 0.167894238407 3.4528
5al5al-5al-5al- -7.10570866697 0.19238448388 3.4806
5al5al-5al5al -7.10570866697 0.19238448388 3.4805
5al5al-5al5al- -7.08557224291 0.167894238407 3.4528
5al5al5al -7.38272055465 0.465042550142 3.7986
5al5al5al- -7.38272055465 0.465042550142 3.7985
5al5al5al-5al -7.10570866697 0.192112370041 3.4805
5al5al5al-5al- -7.09754525181 0.181499930336 3.4681
5al5al5al5al -7.10570866697 0.192112370041 3.4804
5al5al5al5al- -7.10570866697 0.192112370041 3.4805
5da -10.2252217125 1.06859104412 4.9663
5da5da -9.57323695526 -0.273474407778 4.6773
5da5da- -9.45813280153 -0.433477344866 4.4609
5da5da-5da -9.14112017958 -1.10668698152 3.8853
5da5da-5da- -9.27962612342 -0.918928432901 4.1226
5da5da-5da-5da -9.15227684696 -1.28709845651 3.8326
5da5da-5da5da -9.15227684696 -1.28709845651 3.8326
5da5da-5da5da- -8.99826041433 -1.49417708767 3.5778
5da5da5da- -9.27962612342 -0.918928432901 4.1226
5da5da5da-5da -9.15227684696 -1.28709845651 3.8326
5da5da5da-5da- -9.16533831122 -1.28519365964 3.8389
5dd -10.9259148469 0.350482624097 4.8581
5dd5dd -10.6891758073 -0.913214042291 4.7582
5dd5dd- -10.6891758073 -0.913214042291 4.7582
5dd5dd-5dd -10.7574763808 -1.41172659458 4.7224
5dd5dd-5dd- -10.3874015603 -1.71023547551 4.3297
5dd5dd-5dd-5dd -10.8562537042 -1.65853384618 4.7259
5dd5dd-5dd-5dd- -10.4246811562 -1.97473012661 4.2432
5dd5dd-5dd5dd -10.6875431243 -1.79948881456 4.5621
5dd5dd-5dd5dd- -10.5645476692 -1.90860646383 4.4253
5dd5dd5dd -10.5795139303 -1.54751140003 4.6328
5dd5dd5dd- -10.4211436763 -1.70370474338 4.3630
5dd5dd5dd-5dd- -10.6875431243 -1.79948881456 4.5621
5dd5dd5dd5dd -10.4246811562 -1.97473012661 4.2432
5dd5dd5dd5dd- -10.4246811562 -1.97445801277 4.2433
5de -9.85732380274 0.870492169633 4.3334
5de5de -9.6186799663 -0.232113104313 4.2246
5de5de- -9.61840785246 -0.232385218152 4.2245
5de5de-5de -9.45241841092 -0.740693868628 4.2060
5de5de-5de- -9.45241841092 -0.74042175479 4.2059
5de5de-5de-5de -9.3754101946 -1.01824998398 4.1918
5de5de-5de-5de- -9.3754101946 -1.01797787015 4.1918
5de5de-5de5de -9.3754101946 -1.01824998398 4.1918
5de5de-5de5de- -9.3754101946 -1.01824998398 4.1918
5de5de5de -9.54357654685 -0.672121181305 4.2106
5de5de5de- -9.54330443301 -0.672665408982 4.2105
5de5de5de-5de -9.3754101946 -1.01824998398 4.1918
5de5de5de-5de- -9.44833670335 -0.962466647075 4.1941
5de5de5de5de -9.3754101946 -1.01824998398 4.1918
5de5de5de5de- -9.3754101946 -1.01824998398 4.1918
5df -9.8331056711 1.04137966026 4.8947
5df5df -9.43010507616 -0.270209041715 4.4738
5df5df- -9.43010507616 -0.270209041715 4.4738
5df5df-5df -9.22520335571 -0.874573877212 3.9997
5df5df-5df- -9.20425059013 -0.891172821366 3.9961
5df5df-5df-5df -9.11989530017 -1.23675739637 3.7383
5df5df-5df-5df- -9.1109155435 -1.24736983607 3.7388
5df5df-5df5df -9.1109155435 -1.24736983607 3.7388
5df5df-5df5df- -9.11962318633 -1.23648528253 3.7383
5df5df5df -9.20425059013 -0.891172821366 3.9960
5df5df5df- -9.22493124187 -0.87484599105 3.9992
5df5df5df-5df -9.14329709029 -1.22206324908 3.7469
5df5df5df-5df- -9.13186830907 -1.23866219324 3.7466
5df5df5df5df -9.1109155435 -1.24736983607 3.7388
5df5df5df5df- -9.1109155435 -1.24736983607 3.7388
5dg -9.47146637963 0.923826481996 4.8932
5dg5dg -9.47500385953 -0.0770082163195 4.7345
5dg5dg- -9.47500385953 -0.0770082163195 4.7344
5dg5dg-5dg -9.54221597766 -0.505043284414 4.5454
5dg5dg-5dg- -9.54221597766 -0.505043284414 4.5454
5dg5dg-5dg-5dg -9.44643190648 -0.857158591542 4.3335
5dg5dg-5dg-5dg- -9.44643190648 -0.857158591542 4.3335
5dg5dg-5dg5dg -9.44643190648 -0.857158591542 4.3335
5dg5dg-5dg5dg- -9.58575419183 -0.722462241443 4.4597
5dg5dg5dg -9.44888093102 -0.57307174406 4.4669
5dg5dg5dg- -9.44888093102 -0.57307174406 4.4669
5dg5dg5dg-5dg -9.58575419183 -0.722462241443 4.4597
5dg5dg5dg-5dg- -9.54085540846 -0.80382427918 4.4060
5dg5dg5dg5dg -9.44643190648 -0.857158591542 4.3335
5dg5dg5dg5dg- -9.44643190648 -0.857158591542 4.3335
5dh -9.03417944102 1.14097332519 4.9009
5dh5dh -8.63907014739 0.0791851270282 4.1343
5dh5dh- -8.63907014739 0.0791851270282 4.1343
5dh5dh-5dh -8.42056273501 -0.431300434157 3.7030
5dh5dh-5dh- -8.42056273501 -0.431572547996 3.7030
5dh5dh-5dh-5dh -8.32396232231 -0.720285330734 3.4738
5dh5dh-5dh-5dh- -8.32396232231 -0.720285330734 3.4739
5dh5dh-5dh5dh -8.32396232231 -0.720285330734 3.4738
5dh5dh-5dh5dh- -8.32396232231 -0.720285330734 3.4738
5dh5dh5dh -8.42056273501 -0.431300434157 3.7030
5dh5dh5dh- -8.42056273501 -0.431572547996 3.7030
5dh5dh5dh-5dh -8.32450654999 -0.720013216896 3.4744
5dh5dh5dh-5dh- -8.32369020847 -0.720013216896 3.4738
5dh5dh5dh5dh -8.32396232231 -0.720285330734 3.4738
5dh5dh5dh5dh- -8.32396232231 -0.720285330734 3.4738
5di -10.1158319494 1.16301454611 4.9485
5di5di -9.59636663154 0.129254073328 4.8833
5di5di- -9.59636663154 0.129254073328 4.8833
5di5di-5di -9.4804461363 -0.321910671046 4.6529
5di5di-5di- -9.4804461363 -0.321910671046 4.6529
5di5di-5di-5di -9.45677223234 -0.554568003036 4.5063
5di5di-5di-5di- -9.45677223234 -0.554568003036 4.5063
5di5di-5di5di -9.45677223234 -0.554568003036 4.5064
5di5di-5di5di- -9.45677223234 -0.554568003036 4.5063
5di5di5di -9.48017402246 -0.321910671046 4.6529
5di5di5di- -9.4804461363 -0.321910671046 4.6529
5di5di5di-5di -9.45677223234 -0.554568003036 4.5063
5di5di5di-5di- -9.45677223234 -0.554568003036 4.5063
5di5di5di5di -9.45677223234 -0.554568003036 4.5063
5di5di5di5di- -9.45677223234 -0.554568003036 4.5063
5dl -9.53024296876 1.04029120491 4.8924
5dl5dl -9.35527377055 -0.00625861828745 4.6427
5dl5dl- -9.35527377055 -0.00625861828745 4.6427
5dl5dl-5dl -9.13322887826 -0.435382141736 4.2590
5dl5dl-5dl- -9.02247854596 -0.517560520989 4.1509
5dl5dl-5dl-5dl -8.95744333854 -0.717019964671 4.0036
5dl5dl-5dl-5dl- -8.85404007988 -0.805184848373 3.8905
5dl5dl-5dl5dl -8.85404007988 -0.805184848373 3.8905
5dl5dl-5dl5dl- -9.04234285618 -0.646542480478 4.0804
5dl5dl5dl -9.02247854596 -0.517560520989 4.1509
5dl5dl5dl- -9.13322887826 -0.435382141736 4.2590
5dl5dl5dl-5dl -9.04207074234 -0.646542480478 4.0804
5dl5dl5dl-5dl- -8.92506179175 -0.750489966817 3.9550
5dl5dl5dl5dl -8.85404007988 -0.805184848373 3.8905
5dl5dl5dl5dl- -8.85404007988 -0.805184848373 3.8905
5ea -9.22275433116 1.64737717879 4.3899
5ea5ea -8.61131453586 0.510485561185 4.3189
5ea5ea- -8.51226509861 0.352387420967 4.3078
5ea5ea-5ea -8.10137320235 -0.20000367136 3.8378
5ea5ea-5ea- -8.22926670648 -0.0141499196064 4.0611
5ea5ea-5ea-5ea -8.0262697829 -0.294971401026 3.7751
5ea5ea-5ea-5ea- -8.0262697829 -0.294971401026 3.7752
5ea5ea-5ea5ea -8.0262697829 -0.294971401026 3.7752
5ea5ea-5ea5ea- -7.87987253774 -0.500145235319 3.5301
5ea5ea5ea -8.22926670648 -0.0141499196064 4.0609
5ea5ea5ea- -8.22953882032 -0.0141499196064 4.0613
5ea5ea5ea-5ea -8.0262697829 -0.294971401026 3.7751
5ea5ea5ea-5ea- -8.03987547483 -0.293882945672 3.7822
5ea5ea5ea5ea -8.0262697829 -0.294971401026 3.7753
5ea5ea5ea5ea- -8.02599766906 -0.294971401026 3.7750
5ed -9.85732380274 0.870492169633 4.3332
5ed5ed -9.61840785246 -0.232113104313 4.2246
5ed5ed- -9.6186799663 -0.232113104313 4.2246
5ed5ed-5ed -9.45241841092 -0.740693868628 4.2060
5ed5ed-5ed- -9.45241841092 -0.740693868628 4.2060
5ed5ed-5ed-5ed -9.3754101946 -1.01797787015 4.1919
5ed5ed-5ed-5ed- -9.3754101946 -1.01797787015 4.1918
5ed5ed-5ed5ed -9.3754101946 -1.01824998398 4.1919
5ed5ed-5ed5ed- -9.45160206941 -0.95947339485 4.2010
5ed5ed5ed -9.45241841092 -0.74042175479 4.2060
5ed5ed5ed- -9.45241841092 -0.74042175479 4.2060
5ed5ed5ed-5ed -9.3754101946 -1.01797787015 4.1919
5ed5ed5ed-5ed- -9.3754101946 -1.01797787015 4.1918
5ed5ed5ed5ed -9.3754101946 -1.01824998398 4.1919
5ed5ed5ed5ed- -9.3754101946 -1.01797787015 4.1918
5ee -9.31255189789 1.37934504779 4.3317
5ee5ee -8.93921171135 0.506675967445 4.2399
5ee5ee- -8.93893959751 0.506403853607 4.2399
5ee5ee-5ee -8.75798389486 0.186125865592 4.2239
5ee5ee-5ee- -8.66247193751 0.105308055532 4.2217
5ee5ee-5ee-5ee -8.59362713635 -0.0351026851775 4.2150
5ee5ee-5ee-5ee- -8.51553046468 -0.0985052095677 4.2165
5ee5ee-5ee5ee -8.51553046468 -0.0985052095677 4.2165
5ee5ee-5ee5ee- -8.68478527228 0.0435382141736 4.2312
5ee5ee5ee -8.66192770983 0.104763827855 4.2218
5ee5ee5ee- -8.75771178102 0.185581637915 4.2239
5ee5ee5ee-5ee -8.68478527228 0.0435382141736 4.2313
5ee5ee5ee-5ee- -8.59362713635 -0.0351026851775 4.2149
5ee5ee5ee5ee -8.51553046468 -0.0985052095677 4.2165
5ee5ee5ee5ee- -8.51553046468 -0.0985052095677 4.2165
5ef -9.13404521978 1.62098213645 4.3370
5ef5ef -8.60886551131 0.519465317859 4.3213
5ef5ef- -8.60859339747 0.519465317859 4.3214
5ef5ef-5ef -8.26137613944 0.020952765571 4.0010
5ef5ef-5ef- -8.26137613944 0.020952765571 4.0010
5ef5ef-5ef-5ef -8.09810783629 -0.233745787344 3.7546
5ef5ef-5ef-5ef- -8.08531848587 -0.247079365435 3.7508
5ef5ef-5ef5ef -8.11008084518 -0.240004405632 3.7585
5ef5ef-5ef5ef- -8.11008084518 -0.240004405632 3.7585
5ef5ef5ef -8.26137613944 0.0212248794096 4.0011
5ef5ef5ef- -8.28314524652 0.0370074820475 4.0027
5ef5ef5ef-5ef -8.12423076479 -0.221500664608 3.7619
5ef5ef5ef-5ef- -8.11008084518 -0.240004405632 3.7585
5ef5ef5ef5ef -8.08531848587 -0.247079365435 3.7508
5ef5ef5ef5ef- -8.08531848587 -0.247079365435 3.7508
5eg -8.99118545452 1.47431277745 4.3524
5eg5eg -8.8118624349 0.628038739454 4.2886
5eg5eg- -8.81213454873 0.628310853293 4.2887
5eg5eg-5eg -8.75090893505 0.290617579609 4.2738
5eg5eg-5eg- -8.75063682121 0.290617579609 4.2738
5eg5eg-5eg-5eg -8.59063388413 0.00190479687009 4.2707
5eg5eg-5eg-5eg- -8.59063388413 0.00190479687009 4.2707
5eg5eg-5eg5eg -8.59063388413 0.00190479687009 4.2707
5eg5eg-5eg5eg- -8.73131673867 0.130886756359 4.2658
5eg5eg5eg -8.67281226338 0.219595867738 4.2747
5eg5eg5eg- -8.67281226338 0.219595867738 4.2748
5eg5eg5eg-5eg -8.59063388413 0.00190479687009 4.2707
5eg5eg5eg-5eg- -8.67145169419 0.0519737431697 4.2670
5eg5eg5eg5eg -8.59063388413 0.00190479687009 4.2707
5eg5eg5eg5eg- -8.59063388413 0.00190479687009 4.2707
5eh -8.54709566995 1.69118750681 4.3733
5eh5eh -7.99579303298 0.914846725322 4.2477
5eh5eh- -7.99579303298 0.914846725322 4.2477
5eh5eh-5eh -7.70898504711 0.461232956401 3.8453
5eh5eh-5eh- -7.70898504711 0.461232956401 3.8453
5eh5eh-5eh-5eh -7.55524072831 0.269664814038 3.6444
5eh5eh-5eh-5eh- -7.55524072831 0.269664814038 3.6444
5eh5eh-5eh5eh -7.55496861447 0.269664814038 3.6442
5eh5eh-5eh5eh- -7.55496861447 0.269936927876 3.6443
5eh5eh5eh -7.70925716095 0.461232956401 3.8455
5eh5eh5eh- -7.70925716095 0.461232956401 3.8456
5eh5eh5eh-5eh -7.55524072831 0.269664814038 3.6444
5eh5eh5eh-5eh- -7.55496861447 0.269664814038 3.6443
5eh5eh5eh5eh -7.55524072831 0.269664814038 3.6445
5eh5eh5eh5eh- -7.55496861447 0.269664814038 3.6442
5ei -9.14710668403 1.72329693976 4.3831
5ei5ei -8.73376576322 0.910492903905 4.3350
5ei5ei- -8.73376576322 0.910492903905 4.3350
5ei5ei-5ei -8.55199371905 0.589398574375 4.3234
5ei5ei-5ei- -8.55199371905 0.589398574375 4.3234
5ei5ei-5ei-5ei -8.47308070586 0.443817670732 4.3171
5ei5ei-5ei-5ei- -8.47308070586 0.443817670732 4.3171
5ei5ei-5ei5ei -8.47308070586 0.443817670732 4.3171
5ei5ei-5ei5ei- -8.47280859202 0.443545556893 4.3171
5ei5ei5ei -8.55199371905 0.589398574375 4.3234
5ei5ei5ei- -8.55199371905 0.589398574375 4.3234
5ei5ei5ei-5ei -8.47308070586 0.443817670732 4.3171
5ei5ei5ei-5ei- -8.47308070586 0.443817670732 4.3171
5ei5ei5ei5ei -8.47308070586 0.443817670732 4.3171
5ei5ei5ei5ei- -8.47308070586 0.443817670732 4.3171
5el -9.00615171564 1.5924101834 4.3289
5el5el -8.75771178102 0.79810988857 4.3102
5el5el- -8.75798389486 0.798382002408 4.3103
5el5el-5el -8.47144802283 0.447083036795 4.2686
5el5el-5el- -8.47144802283 0.447083036795 4.2686
5el5el-5el-5el -8.31879215938 0.273474407778 4.2521
5el5el-5el-5el- -8.26273670863 0.22884773825 4.2381
5el5el-5el5el -8.31879215938 0.273474407778 4.2520
5el5el-5el5el- -8.31879215938 0.273474407778 4.2520
5el5el5el -8.45757021706 0.450620516697 4.2923
5el5el5el- -8.47117590899 0.447355150634 4.2686
5el5el5el-5el -8.31879215938 0.273474407778 4.2520
5el5el5el-5el- -8.26273670863 0.228575624411 4.2379
5el5el5el5el -8.22083117749 0.223677575317 4.2269
5el5el5el5el- -8.22083117749 0.223677575317 4.2269
5fa -9.02002952141 2.2468439652 5.6101
5fa5fa -8.0953866979 0.979337705067 4.5420
5fa5fa- -8.09511458406 0.979337705067 4.5418
5fa5fa-5fa -7.59306455187 0.411708237779 3.9089
5fa5fa-5fa- -7.59306455187 0.411708237779 3.9090
5fa5fa-5fa-5fa -7.30979404591 0.103403258662 3.5682
5fa5fa-5fa-5fa- -7.30979404591 0.103403258662 3.5682
5fa5fa-5fa5fa -7.30979404591 0.103403258662 3.5681
5fa5fa-5fa5fa- -7.30979404591 0.103403258662 3.5681
5fa5fa5fa -7.59306455187 0.411708237779 3.9091
5fa5fa5fa- -7.59306455187 0.411708237779 3.9090
5fa5fa5fa-5fa -7.30979404591 0.103403258662 3.5682
5fa5fa5fa-5fa- -7.30979404591 0.103403258662 3.5681
5fa5fa5fa5fa -7.31142672894 0.105580169371 3.5703
5fa5fa5fa5fa- -7.31006615975 0.103403258662 3.5683
5fd -9.77487330965 0.872124852665 4.8936
5fd5fd -9.2730953913 -0.134152122422 4.5312
5fd5fd- -9.2730953913 -0.134152122422 4.5313
5fd5fd-5fd -9.05105049901 -0.65769914786 4.1065
5fd5fd-5fd- -8.98193358401 -0.689536466974 4.0529
5fd5fd-5fd-5fd -8.87499284545 -0.985324209516 3.8259
5fd5fd-5fd-5fd- -8.83172674511 -1.01498461792 3.7872
5fd5fd-5fd5fd -8.83172674511 -1.01498461792 3.7872
5fd5fd-5fd5fd- -8.94982415106 -0.953486890402 3.8779
5fd5fd5fd -8.98166147017 -0.689808580813 4.0526
5fd5fd5fd- -9.05159472669 -0.65769914786 4.1068
5fd5fd5fd-5fd -8.83172674511 -1.01498461792 3.7872
5fd5fd5fd-5fd- -8.89893886324 -0.99022225861 3.8324
5fd5fd5fd5fd -8.83172674511 -1.01498461792 3.7872
5fd5fd5fd5fd- -8.83172674511 -1.01498461792 3.7872
5fe -9.19418237811 1.43431204318 4.3784
5fe5fe -8.57512339533 0.662869310793 4.3230
5fe5fe- -8.57485128149 0.662869310793 4.3230
5fe5fe-5fe -8.25375695196 0.281909936774 4.2215
5fe5fe-5fe- -8.17892564635 0.242997657856 4.1708
5fe5fe-5fe-5fe -8.00694970036 0.0462593525594 3.9621
5fe5fe-5fe-5fe- -7.9571528679 0.0114287812206 3.9192
5fe5fe-5fe5fe -7.9571528679 0.0114287812206 3.9192
5fe5fe-5fe5fe- -8.08722328274 0.0827226069298 4.0170
5fe5fe5fe -8.17892564635 0.242997657856 4.1708
5fe5fe5fe- -8.25375695196 0.281909936774 4.2215
5fe5fe5fe-5fe -8.08722328274 0.0827226069298 4.0169
5fe5fe5fe-5fe- -8.02899092129 0.0383680512405 3.9668
5fe5fe5fe5fe -7.9571528679 0.0114287812206 3.9192
5fe5fe5fe5fe- -7.9571528679 0.0114287812206 3.9192
5ff -8.99118545452 2.38235665681 5.3838
5ff5ff -8.36994956103 1.09226494808 4.8224
5ff5ff- -8.36940533336 1.09117649273 4.8211
5ff5ff-5ff -7.95579229871 0.504771170575 4.2149
5ff5ff-5ff- -7.94409140365 0.496335641579 4.2068
5ff5ff-5ff-5ff -7.73918968319 0.188302776301 3.9149
5ff5ff-5ff-5ff- -7.73374740642 0.174152856694 3.9058
5ff5ff-5ff5ff -7.71769268995 0.171975945986 3.8961
5ff5ff-5ff5ff- -7.51197462798 0.0242181316341 3.6287
5ff5ff5ff -7.94409140365 0.496607755417 4.2068
5ff5ff5ff- -7.95606441255 0.505043284414 4.2151
5ff5ff5ff-5ff -7.73918968319 0.188302776301 3.9149
5ff5ff5ff-5ff- -7.73374740642 0.174152856694 3.9058
5ff5ff5ff5ff -7.71796480378 0.172248059824 3.8964
5ff5ff5ff5ff- -7.71796480378 0.172248059824 3.8964
5fg -9.23391099854 1.76112076332 5.6231
5fg5fg -8.71743893291 0.9499494105 4.9138
5fg5fg- -8.72288120968 0.856342250027 4.9089
5fg5fg-5fg -8.47607395808 0.414701490003 4.5188
5fg5fg-5fg- -8.47607395808 0.414701490003 4.5188
5fg5fg-5fg-5fg -8.32586711918 0.17687399508 4.2995
5fg5fg-5fg-5fg- -8.3196085009 0.143948220611 4.2993
5fg5fg-5fg5fg -8.34545931556 0.179595133466 4.3191
5fg5fg-5fg5fg- -8.25484540731 0.185037410238 4.2580
5fg5fg5fg -8.42709346714 0.379598804826 4.4845
5fg5fg5fg- -8.4268213533 0.42504181587 4.4786
5fg5fg5fg-5fg -8.25484540731 0.185037410238 4.2580
5fg5fg5fg-5fg- -8.31688736251 0.131703097875 4.2916
5fg5fg5fg5fg -8.26001557024 0.117553178269 4.2566
5fg5fg5fg5fg- -8.26001557024 0.117553178269 4.2567
5fh -8.87716975616 2.1883394899 5.5974
5fh5fh -8.24640987832 1.12491860871 4.8106
5fh5fh- -8.24640987832 1.12491860871 4.8106
5fh5fh-5fh -7.66381414991 0.71348248477 4.2136
5fh5fh-5fh- -7.65020845798 0.706135411128 4.2040
5fh5fh-5fh-5fh -7.46925275532 0.386945878468 3.9711
5fh5fh-5fh-5fh- -7.46925275532 0.386945878468 3.9711
5fh5fh-5fh5fh -7.47768828431 0.403272708783 3.9740
5fh5fh-5fh5fh- -7.46952486916 0.386945878468 3.9711
5fh5fh5fh -7.86762741501 0.600555241757 4.2984
5fh5fh5fh- -7.66354203607 0.71348248477 4.2135
5fh5fh5fh-5fh -7.46925275532 0.386945878468 3.9711
5fh5fh5fh-5fh- -7.65701130394 0.312658800534 4.0351
5fh5fh5fh5fh -7.68803228154 0.324359695593 4.0548
5fh5fh5fh5fh- -7.49564779766 0.412252465456 3.9912
5fi -8.9310482962 2.38589413671 5.6161
5fi5fi -8.30464223977 1.42778131106 5.0152
5fi5fi- -8.30464223977 1.42778131106 5.0152
5fi5fi-5fi -8.00232376511 1.01961055318 4.6026
5fi5fi-5fi- -8.00232376511 1.01961055318 4.6026
5fi5fi-5fi-5fi -7.84395351105 0.822872247881 4.3995
5fi5fi-5fi-5fi- -7.84395351105 0.822872247881 4.3995
5fi5fi-5fi5fi -7.84395351105 0.822872247881 4.3995
5fi5fi-5fi5fi- -7.84395351105 0.822872247881 4.3995
5fi5fi5fi -8.00232376511 1.01961055318 4.6026
5fi5fi5fi- -8.00232376511 1.01961055318 4.6026
5fi5fi5fi-5fi -7.84395351105 0.822872247881 4.3995
5fi5fi5fi-5fi- -7.84395351105 0.822872247881 4.3995
5fi5fi5fi5fi -7.84395351105 0.822872247881 4.3995
5fi5fi5fi5fi- -7.84395351105 0.822872247881 4.3995
5fl -8.9691442336 2.35296836224 5.6193
5fl5fl -8.53131306731 1.41907366822 5.1231
5fl5fl- -8.53185729499 1.41934578206 5.1235
5fl5fl-5fl -8.16232670219 0.990766486288 4.6777
5fl5fl-5fl- -8.07769929839 0.74042175479 4.4210
5fl5fl-5fl-5fl -8.00558913117 0.801375254633 4.4855
5fl5fl-5fl-5fl- -7.79252399556 0.612800364493 4.1952
5fl5fl-5fl5fl -7.91007717382 0.453341655082 4.1115
5fl5fl-5fl5fl- -8.00667758652 0.80191948231 4.4865
5fl5fl5fl -8.1073597068 0.866138348216 4.5597
5fl5fl5fl- -8.16232670219 0.990766486288 4.6777
5fl5fl5fl-5fl -8.00586124501 0.80191948231 4.4859
5fl5fl5fl-5fl- -7.96504416922 0.624229145714 4.3454
5fl5fl5fl5fl -7.9070839216 0.457423362661 4.1195
5fl5fl5fl5fl- -7.884498473 0.582867842249 4.2597
5ga -8.86329195039 2.0261596421 4.8950
5ga5ga -8.7117245423 0.865049892861 4.9300
5ga5ga- -8.34845256779 0.622868576521 4.5098
5ga5ga-5ga -8.39362346499 0.360550836125 4.4119
5ga5ga-5ga- -8.34382663253 0.332523110751 4.3654
5ga5ga-5ga-5ga -8.19851784272 0.0644909797446 4.1223
5ga5ga-5ga-5ga- -8.15198637633 0.0440824418508 4.0819
5ga5ga-5ga5ga -8.15198637633 0.0440824418508 4.0819
5ga5ga-5ga5ga- -8.19008231373 0.0585044752958 4.1111
5ga5ga5ga -8.34382663253 0.332523110751 4.3654
5ga5ga5ga- -8.39280712347 0.354020103999 4.4084
5ga5ga5ga-5ga -8.23389264174 0.078640899351 4.1469
5ga5ga5ga-5ga- -8.18981019989 0.0585044752958 4.1110
5ga5ga5ga5ga- -8.15198637633 0.0440824418508 4.0819
5gd -9.42439068555 0.859335502251 4.9067
5gd5gd -9.40044466775 -0.0204085378939 4.7631
5gd5gd- -9.40044466775 -0.0204085378939 4.7631
5gd5gd-5gd -9.45160206941 -0.398374659688 4.5856
5gd5gd-5gd- -9.33704214336 -0.507220195122 4.4612
5gd5gd-5gd-5gd -9.38221304057 -0.687903783943 4.3976
5gd5gd-5gd-5gd- -9.31227978405 -0.774435984613 4.3046
5gd5gd-5gd5gd -9.31227978405 -0.774435984613 4.3046
5gd5gd-5gd5gd- -9.49677296661 -0.584772639119 4.4960
5gd5gd5gd -9.33704214336 -0.507220195122 4.4612
5gd5gd5gd- -9.45160206941 -0.398374659688 4.5856
5gd5gd5gd-5gd -9.49677296661 -0.584772639119 4.4962
5gd5gd5gd-5gd- -9.41051287978 -0.691169150006 4.3862
5gd5gd5gd5gd -9.31227978405 -0.774435984613 4.3046
5gd5gd5gd5gd- -9.31227978405 -0.774435984613 4.3046
5ge -8.94791935419 1.41009391155 4.3712
5ge5ge -8.75226950425 0.619331096619 4.3065
5ge5ge- -8.75226950425 0.619603210458 4.3065
5ge5ge-5ge -8.65158738397 0.277828229195 4.2888
5ge5ge-5ge- -8.57593973684 0.20762285884 4.2904
5ge5ge-5ge-5ge -8.60097420999 0.128709845651 4.2819
5ge5ge-5ge-5ge- -8.46382883535 -0.00435382141736 4.2754
5ge5ge-5ge5ge -8.60097420999 0.128709845651 4.2819
5ge5ge-5ge5ge- -8.60097420999 0.128709845651 4.2819
5ge5ge5ge -8.57593973684 0.20762285884 4.2904
5ge5ge5ge- -8.65158738397 0.277556115357 4.2888
5ge5ge5ge-5ge -8.60097420999 0.128709845651 4.2819
5ge5ge5ge-5ge- -8.53784379944 0.0598650444887 4.2807
5ge5ge5ge5ge -8.46355672151 -0.00489804909453 4.2752
5ge5ge5ge5ge- -8.46410094918 -0.00462593525594 4.2754
5gf -8.77539918052 2.09010639417 5.0697
5gf5gf -8.59036177029 0.920833229771 4.8698
5gf5gf- -8.59036177029 0.920833229771 4.8697
5gf5gf-5gf -8.37702452084 0.414973603842 4.4124
5gf5gf-5gf- -8.37702452084 0.414973603842 4.4124
5gf5gf-5gf-5gf -8.24287239841 0.122451227363 4.1774
5gf5gf-5gf-5gf- -8.24287239841 0.122451227363 4.1774
5gf5gf-5gf5gf -8.2611040256 0.155104887993 4.1966
5gf5gf-5gf5gf- -8.2611040256 0.155104887993 4.1966
5gf5gf5gf -8.33947281111 0.385857423113 4.3900
5gf5gf5gf- -8.33947281111 0.385857423113 4.3900
5gf5gf5gf-5gf -8.21076296546 0.135240577777 4.1709
5gf5gf5gf-5gf- -8.21076296546 0.135240577777 4.1710
5gf5gf5gf5gf -8.19117076908 0.106668624725 4.1493
5gf5gf5gf5gf- -8.19117076908 0.106668624725 4.1493
5gg -9.07009846771 1.74860352675 4.9621
5gg5gg -9.00642382948 0.974439655973 5.0553
5gg5gg- -9.00642382948 0.974439655973 5.0553
5gg5gg-5gg -8.99254602372 0.610895567623 4.9704
5gg5gg-5gg- -8.99145756836 0.681645165655 4.9893
5gg5gg-5gg-5gg -8.88342837444 0.315924166597 4.7994
5gg5gg-5gg-5gg- -8.88342837444 0.315924166597 4.7994
5gg5gg-5gg5gg -9.01866895222 0.491709706323 4.9612
5gg5gg-5gg5gg- -9.01866895222 0.491709706323 4.9612
5gg5gg5gg -8.87499284545 0.490077023291 4.8736
5gg5gg5gg- -8.87499284545 0.490077023291 4.8736
5gg5gg5gg-5gg -8.87091113787 0.325720264786 4.8323
5gg5gg5gg-5gg- -8.87091113787 0.325720264786 4.8323
5gg5gg5gg5gg -8.80778072732 0.202724809746 4.7213
5gg5gg5gg5gg- -8.80778072732 0.202724809746 4.7213
5gh -8.64015860275 2.08548045891 5.4436
5gh5gh -8.2646415055 1.25879861729 4.7403
5gh5gh- -8.2646415055 1.25879861729 4.7403
5gh5gh-5gh -8.10355011306 0.883009406208 4.4257
5gh5gh-5gh- -8.10355011306 0.883009406208 4.4257
5gh5gh-5gh-5gh -8.03524953957 0.702325817388 4.2793
5gh5gh-5gh-5gh- -8.03524953957 0.702325817388 4.2793
5gh5gh-5gh5gh -8.03524953957 0.702325817388 4.2793
5gh5gh-5gh5gh- -8.03524953957 0.702325817388 4.2793
5gh5gh5gh -8.10355011306 0.883009406208 4.4257
5gh5gh5gh- -8.10355011306 0.883009406208 4.4257
5gh5gh5gh-5gh -8.03524953957 0.702325817388 4.2793
5gh5gh5gh-5gh- -8.03524953957 0.702325817388 4.2793
5gh5gh5gh5gh -8.03524953957 0.702325817388 4.2793
5gh5gh5gh5gh- -8.03524953957 0.702325817388 4.2793
5gi -9.40044466775 2.05990175809 5.4166
5gi5gi -8.87771398383 1.21988633838 5.2545
5gi5gi- -8.87771398383 1.21988633838 5.2545
5gi5gi-5gi -8.69730250885 0.865049892861 4.9834
5gi5gi-5gi- -8.69730250885 0.865049892861 4.9834
5gi5gi-5gi-5gi -8.62872982153 0.703958500419 4.8437
5gi5gi-5gi-5gi- -8.62872982153 0.703958500419 4.8437
5gi5gi-5gi5gi -8.62872982153 0.703958500419 4.8437
5gi5gi-5gi5gi- -8.62872982153 0.703958500419 4.8437
5gi5gi5gi -8.69730250885 0.865049892861 4.9834
5gi5gi5gi- -8.69730250885 0.865049892861 4.9834
5gi5gi5gi-5gi -8.62872982153 0.703958500419 4.8438
5gi5gi5gi-5gi- -8.62872982153 0.703958500419 4.8437
5gi5gi5gi5gi -8.62872982153 0.703958500419 4.8437
5gi5gi5gi5gi- -8.62872982153 0.703958500419 4.8437
5gl -8.96261350147 2.00139728279 5.1438
5gl5gl -8.56342250027 0.907771765519 4.9057
5gl5gl- -8.56342250027 0.907771765519 4.9057
5gl5gl-5gl -8.32450654999 0.448715719827 4.4572
5gl5gl-5gl- -8.32450654999 0.448715719827 4.4572
5gl5gl-5gl-5gl -8.19933418424 0.233745787344 4.2479
5gl5gl-5gl-5gl- -8.00341222046 0.198643102167 4.0744
5gl5gl-5gl5gl -8.19933418424 0.233745787344 4.2479
5gl5gl-5gl5gl- -8.19933418424 0.233745787344 4.2479
5gl5gl5gl -8.06246092343 0.40381693646 4.2174
5gl5gl5gl- -8.32450654999 0.448443605988 4.4572
5gl5gl5gl-5gl -8.19933418424 0.233745787344 4.2479
5gl5gl5gl-5gl- -8.00314010662 0.198643102167 4.0743
5gl5gl5gl5gl -8.03878701948 -0.0323815467916 3.9203
5gl5gl5gl5gl- -7.79769415849 0.0821783792526 3.8408
5ha -8.46981533979 2.46780040213 5.4807
5ha5ha -7.90273010018 1.36546724202 4.6162
5ha5ha- -7.90273010018 1.36546724202 4.6162
5ha5ha-5ha -7.58326845368 0.870492169633 4.1274
5ha5ha-5ha- -7.58326845368 0.870492169633 4.1274
5ha5ha-5ha-5ha -7.40938771083 0.610079226107 3.8694
5ha5ha-5ha-5ha- -7.40938771083 0.610079226107 3.8695
5ha5ha-5ha5ha -7.40938771083 0.610079226107 3.8694
5ha5ha-5ha5ha- -7.40938771083 0.610079226107 3.8694
5ha5ha5ha -7.58326845368 0.870492169633 4.1274
5ha5ha5ha- -7.58326845368 0.870492169633 4.1274
5ha5ha5ha-5ha -7.40938771083 0.610079226107 3.8694
5ha5ha5ha-5ha- -7.40938771083 0.610079226107 3.8695
5ha5ha5ha5ha -7.40938771083 0.610079226107 3.8694
5ha5ha5ha5ha- -7.40938771083 0.610079226107 3.8695
5hd -9.03390732718 1.14124543903 4.9009
5hd5hd -8.63907014739 0.0791851270282 4.1343
5hd5hd- -8.63907014739 0.0791851270282 4.1343
5hd5hd-5hd -8.42110696269 -0.431300434157 3.7034
5hd5hd-5hd- -8.42056273501 -0.431300434157 3.7030
5hd5hd-5hd-5hd -8.32450654999 -0.720013216896 3.4746
5hd5hd-5hd-5hd- -8.32450654999 -0.720013216896 3.4746
5hd5hd-5hd5hd -8.32450654999 -0.720013216896 3.4745
5hd5hd-5hd5hd- -8.32396232231 -0.720285330734 3.4739
5hd5hd5hd -8.42056273501 -0.431300434157 3.7030
5hd5hd5hd- -8.42110696269 -0.431300434157 3.7034
5hd5hd5hd-5hd -8.32450654999 -0.720013216896 3.4745
5hd5hd5hd-5hd- -8.32450654999 -0.720013216896 3.4745
5hd5hd5hd5hd -8.32450654999 -0.720013216896 3.4745
5hd5hd5hd5hd- -8.32477866383 -0.720013216896 3.4747
5he -8.54709566995 1.69118750681 4.3733
5he5he -7.99606514682 0.914846725322 4.2482
5he5he- -7.99606514682 0.914846725322 4.2482
5he5he-5he -7.70898504711 0.461232956401 3.8453
5he5he-5he- -7.70898504711 0.461232956401 3.8453
5he5he-5he-5he -7.55496861447 0.269936927876 3.6442
5he5he-5he-5he- -7.55469650063 0.269664814038 3.6440
5he5he-5he5he -7.55496861447 0.269936927876 3.6442
5he5he-5he5he- -7.55496861447 0.269936927876 3.6442
5he5he5he -7.70925716095 0.461232956401 3.8455
5he5he5he- -7.70898504711 0.461232956401 3.8453
5he5he5he-5he -7.55496861447 0.269936927876 3.6443
5he5he5he-5he- -7.55496861447 0.269936927876 3.6442
5he5he5he5he -7.55496861447 0.269936927876 3.6442
5he5he5he5he- -7.55496861447 0.269936927876 3.6442
5hf -8.37811297619 2.58562569423 5.2380
5hf5hf- -8.04205238554 1.2968945547 4.7251
5hf5hf-5hf -7.68612748467 0.734979478018 4.1493
5hf5hf-5hf5hf- -7.48204210573 0.4421849877 3.8640
5hg -8.54655144227 1.97364167126 5.3430
5hh -8.29103654784 2.70154618947 5.3024
5hi -8.42899826401 2.59514967858 5.4874
5hi5hi -8.01320831865 1.70288840186 4.9315
5hi5hi- -8.01320831865 1.70288840186 4.9314
5hi5hi-5hi -7.82517765619 1.33880008584 4.6087
5hi5hi-5hi- -7.82517765619 1.33880008584 4.6087
5hi5hi-5hi-5hi -7.74082236622 1.17525966885 4.4585
5hi5hi-5hi-5hi- -7.74082236622 1.17525966885 4.4585
5hi5hi-5hi5hi -7.74082236622 1.17525966885 4.4585
5hi5hi-5hi5hi- -7.74082236622 1.17525966885 4.4585
5hi5hi5hi -7.82517765619 1.33880008584 4.6087
5hi5hi5hi- -7.82517765619 1.33880008584 4.6087
5hi5hi5hi-5hi -7.74082236622 1.17525966885 4.4585
5hi5hi5hi-5hi- -7.74082236622 1.17525966885 4.4585
5hi5hi5hi5hi -7.74082236622 1.17525966885 4.4585
5hi5hi5hi5hi- -7.74082236622 1.17525966885 4.4585
5hl -8.3062749228 2.66970887036 5.2389
5hl5hl -7.80857871203 1.31512618188 4.5605
5hl5hl- -7.80857871203 1.31512618188 4.5605
5hl5hl-5hl -7.41238096305 0.857974933058 4.0245
5hl5hl-5hl- -7.29156241872 0.967364696169 4.0008
5hl5hl-5hl-5hl -7.17727460652 0.616609958233 3.7367
5hl5hl-5hl-5hl- -7.17727460652 0.616609958233 3.7367
5hl5hl-5hl5hl -7.17727460652 0.616609958233 3.7367
5hl5hl-5hl5hl- -7.17727460652 0.616609958233 3.7367
5hl5hl5hl -7.41238096305 0.857974933058 4.0245
5hl5hl5hl- -7.41238096305 0.857974933058 4.0245
5hl5hl5hl-5hl -7.17727460652 0.616609958233 3.7367
5hl5hl5hl-5hl- -7.17727460652 0.616609958233 3.7367
5hl5hl5hl5hl -7.17264867126 0.578241906993 3.7047
5hl5hl5hl5hl- -7.08883760898 0.700148906679 3.7208
5ia -9.32262010992 2.40358153622 5.8961
5ia5ia -8.51770737538 1.31158870198 5.0760
5ia5ia- -8.51770737538 1.31158870198 5.0760
5ia5ia-5ia -8.16749686513 0.835117370617 4.5775
5ia5ia-5ia- -8.16749686513 0.835117370617 4.5775
5ia5ia-5ia-5ia -7.99361612227 0.592936054277 4.3264
5ia5ia-5ia-5ia- -7.99361612227 0.592936054277 4.3264
5ia5ia-5ia5ia -7.99361612227 0.592936054277 4.3264
5ia5ia-5ia5ia- -7.99361612227 0.592936054277 4.3264
5ia5ia5ia -8.16749686513 0.835117370617 4.5775
5ia5ia5ia- -8.16749686513 0.835117370617 4.5775
5ia5ia5ia-5ia -7.99361612227 0.592936054277 4.3264
5ia5ia5ia-5ia- -7.99361612227 0.592936054277 4.3264
5ia5ia5ia5ia -7.99361612227 0.592936054277 4.3264
5ia5ia5ia5ia- -7.99361612227 0.592936054277 4.3264
5id -10.1155598356 1.16301454611 4.9484
5id5id -9.59636663154 0.129254073328 4.8833
5id5id- -9.59636663154 0.129254073328 4.8833
5id5id-5id -9.4804461363 -0.321910671046 4.6529
5id5id-5id- -9.4804461363 -0.321910671046 4.6529
5id5id-5id-5id -9.45677223234 -0.554568003036 4.5062
5id5id-5id-5id- -9.45677223234 -0.554568003036 4.5063
5id5id-5id5id -9.45677223234 -0.554568003036 4.5063
5id5id-5id5id- -9.45677223234 -0.554568003036 4.5063
5id5id5id -9.48017402246 -0.321910671046 4.6529
5id5id5id- -9.48017402246 -0.321910671046 4.6529
5id5id5id-5id -9.45677223234 -0.554568003036 4.5063
5id5id5id-5id- -9.45677223234 -0.554568003036 4.5063
5id5id5id5id -9.45677223234 -0.554568003036 4.5062
5id5id5id5id- -9.45677223234 -0.554568003036 4.5062
5ie -9.14710668403 1.72329693976 4.3831
5ie5ie -8.73376576322 0.910492903905 4.3350
5ie5ie- -8.73376576322 0.910492903905 4.3350
5ie5ie-5ie -8.55199371905 0.589126460536 4.3234
5ie5ie-5ie- -8.55199371905 0.589398574375 4.3234
5ie5ie-5ie-5ie -8.47308070586 0.443817670732 4.3171
5ie5ie-5ie-5ie- -8.47308070586 0.443817670732 4.3171
5ie5ie-5ie5ie -8.47308070586 0.443817670732 4.3171
5ie5ie-5ie5ie- -8.47308070586 0.443817670732 4.3171
5ie5ie5ie -8.55199371905 0.589398574375 4.3234
5ie5ie5ie- -8.55226583289 0.589126460536 4.3234
5ie5ie5ie-5ie -8.47308070586 0.443817670732 4.3171
5ie5ie5ie-5ie- -8.47308070586 0.443817670732 4.3171
5ie5ie5ie5ie -8.47308070586 0.443817670732 4.3171
5ie5ie5ie5ie- -8.47308070586 0.443817670732 4.3171
5if -8.98628740543 2.45147357181 5.5110
5if5if -8.56369461411 1.39458342275 5.0640
5if5if- -8.56369461411 1.39458342275 5.0640
5if5if-5if -8.39498403418 0.950221524339 4.7262
5if5if-5if- -8.39525614802 0.950221524339 4.7263
5if5if-5if-5if -8.33593533121 0.735523705695 4.5706
5if5if-5if5if -8.33620744505 0.735795819534 4.5709
5if5if-5if5if- -8.33620744505 0.735795819534 4.5708
5if5if5if- -8.39525614802 0.950493638177 4.7265
5if5if5if-5if -8.33620744505 0.735795819534 4.5708
5ig -8.81866528086 2.16058387836 4.9380
5ig5ig -8.67607762944 1.28791479802 4.9426
5ig5ig- -8.67607762944 1.28791479802 4.9426
5ig5ig-5ig -8.64723356255 0.92681973422 4.9354
5ig5ig-5ig- -8.64723356255 0.92681973422 4.9354
5ig5ig-5ig-5ig -8.66083925448 0.779606147546 4.9209
5ig5ig-5ig5ig -8.66083925448 0.779606147546 4.9209
5ig5ig-5ig5ig- -8.66083925448 0.779606147546 4.9209
5ig5ig5ig- -8.64723356255 0.92681973422 4.9354
5ig5ig5ig-5ig -8.66083925448 0.779878261384 4.9211
5ih -8.42899826401 2.59514967858 5.4874
5ih5ih -8.01320831865 1.70288840186 4.9314
5ih5ih- -8.01320831865 1.70288840186 4.9314
5ih5ih-5ih -7.82517765619 1.33880008584 4.6087
5ih5ih-5ih- -7.82517765619 1.33880008584 4.6087
5ih5ih-5ih-5ih -7.74109448006 1.17525966885 4.4587
5ih5ih-5ih-5ih- -7.74109448006 1.17525966885 4.4587
5ih5ih-5ih5ih -7.74109448006 1.17525966885 4.4587
5ih5ih-5ih5ih- -7.74109448006 1.17525966885 4.4587
5ih5ih5ih -7.82517765619 1.33880008584 4.6087
5ih5ih5ih- -7.82517765619 1.33880008584 4.6087
5ih5ih5ih-5ih -7.74109448006 1.17525966885 4.4587
5ih5ih5ih-5ih- -7.74109448006 1.17525966885 4.4587
5ih5ih5ih5ih -7.74109448006 1.17525966885 4.4587
5ih5ih5ih5ih- -7.74109448006 1.17525966885 4.4587
5ii -9.24479555208 2.50943381943 5.8328
5il -8.88125146373 2.53637308945 5.5223
5il5il -8.49974786204 1.41199870842 5.1327
5il5il- -8.58383103816 1.30587431137 5.1239
5il5il-5il -8.29811150765 0.890628593688 4.7028
5il5il-5il- -8.29811150765 0.890628593688 4.7028
5il5il-5il-5il -8.16314304371 0.705863297289 4.5114
5il5il-5il-5il- -8.16314304371 0.705863297289 4.5114
5il5il-5il5il -8.16287092987 0.705863297289 4.5114
5il5il-5il5il- -8.16314304371 0.705863297289 4.5114
5il5il5il -8.29811150765 0.890628593688 4.7028
5il5il5il- -8.29811150765 0.890628593688 4.7028
5il5il5il-5il -8.16287092987 0.705863297289 4.5114
5il5il5il-5il- -8.16314304371 0.705863297289 4.5114
5il5il5il5il -8.16314304371 0.705863297289 4.5115
5il5il5il5il- -8.16314304371 0.705863297289 4.5114
5la -8.97676342108 2.38888738894 5.5700
5la5la -8.01592945703 1.12355803952 4.5944
5la5la- -8.01592945703 1.12328592568 4.5944
5la5la-5la -7.45183746965 0.548581498587 3.8908
5la5la-5la- -7.45183746965 0.548581498587 3.8908
5la5la-5la-5la -7.1263893187 0.230208307443 3.5112
5la5la-5la-5la- -7.1263893187 0.230208307443 3.5112
5la5la-5la5la- -7.1263893187 0.230208307443 3.5112
5la5la5la -7.45183746965 0.548581498587 3.8908
5la5la5la- -7.45183746965 0.548581498587 3.8908
5la5la5la-5la -7.1263893187 0.230208307443 3.5112
5la5la5la5la -7.1263893187 0.230208307443 3.5112
5la5la5la5la- -7.1263893187 0.230208307443 3.5112
5ld -9.68317094604 1.12165324265 4.8976
5le -9.02873716425 1.68928270994 4.3369
5lf -8.84315552633 2.51188284398 5.2944
5lg -8.74192917838 2.18099241626 4.9746
5lg5lg -8.53212940883 0.934711035539 4.8567
5lg5lg- -8.53212940883 0.934711035539 4.8567
5lg5lg-5lg- -8.36804476416 0.429395637287 4.4682
5lg5lg-5lg-5lg -8.08967230729 0.0378238235633 4.0256
5lg5lg-5lg-5lg- -7.95225481881 0.0791851270282 3.9467
5lg5lg5lg -8.36804476416 0.429395637287 4.4682
5lg5lg5lg5lg -8.21538890072 0.121362772009 4.1509
5lg5lg5lg5lg- -8.21538890072 0.121362772009 4.1509
5lh -8.3062749228 2.6699809842 5.2387
5lh5lh -7.66844008516 1.48002716806 4.5365
5lh5lh- -7.70544756721 1.40655643165 4.5420
5lh5lh-5lh -7.29156241872 0.967364696169 4.0008
5lh5lh-5lh- -7.29156241872 0.967364696169 4.0008
5lh5lh-5lh-5lh -7.12448452183 0.683277848687 3.7255
5lh5lh-5lh5lh -7.12448452183 0.683277848687 3.7255
5lh5lh-5lh5lh- -7.15659395478 0.626406056422 3.7076
5lh5lh5lh- -7.29156241872 0.967364696169 4.0008
5lh5lh5lh-5lh -7.12448452183 0.683277848687 3.7255
5li -8.88125146373 2.53637308945 5.5222
5li5li -8.49974786204 1.41199870842 5.1327
5li5li- -8.50001997588 1.41227082226 5.1327
5li5li-5li -7.68286211861 0.660420286246 4.1145
5li5li-5li- -7.68286211861 0.660420286246 4.1145
5li5li-5li-5li -7.54979845154 0.521914342406 3.9604
5li5li-5li-5li- -7.54979845154 0.521914342406 3.9604
5li5li-5li5li -7.79388456475 0.650352074218 4.2523
5li5li-5li5li- -7.79388456475 0.650352074218 4.2524
5li5li5li -7.68286211861 0.660148172407 4.1145
5li5li5li- -7.68286211861 0.660148172407 4.1145
5li5li5li-5li -7.54979845154 0.521914342406 3.9604
5li5li5li-5li- -7.54979845154 0.521914342406 3.9604
5li5li5li5li -7.70708025024 0.475382876008 4.0145
5li5li5li5li- -7.79388456475 0.650352074218 4.2523
5ll -8.713901453 2.48793682618 5.4506
5ll5ll -8.16613629593 1.10451007082 4.6612
5ll5ll- -8.54981680834 1.44410814137 5.0877
5ll5ll-5ll -8.30437012593 1.06505356422 4.7651
5ll5ll-5ll- -8.43661745149 1.14750405731 4.8955
5ll5ll-5ll-5ll -8.16423149906 0.928996644929 4.6423
5ll5ll-5ll-5ll- -8.11116930054 0.908860220874 4.6091
5ll5ll-5ll5ll -8.24504930912 0.8152530604 4.6506
5ll5ll-5ll5ll- -8.1990620704 0.894438187429 4.6112
5ll5ll5ll -8.26872321308 1.10396584314 4.7772
5ll5ll5ll- -8.26872321308 1.10396584314 4.7773
5ll5ll5ll-5ll -8.15008157946 0.875390218728 4.5846
5ll5ll5ll-5ll- -8.04803888999 0.75756492662 4.4564
5ll5ll5ll5ll -8.13375474914 0.841648102743 4.5749
5ll5ll5ll5ll- -8.15008157946 0.875662332566 4.5847
6ag -9.32343645143 1.64873774799 4.7591
6dg -9.83773160636 0.352115307129 4.6410
6eg -9.14819513939 0.919472660578 4.3509
6fg -8.99281813755 1.55921229509 4.8803
6ga -9.28806165242 1.66397612295 4.9469
6ga6ga -8.90601382305 0.562731418194 4.8177
6ga6ga- -8.90628593688 0.562731418194 4.8178
6ga6ga-6ga -8.74410608909 -0.00734707364179 4.5408
6ga6ga-6ga- -8.74410608909 -0.00734707364179 4.5408
6ga6ga-6ga-6ga -8.67743819863 -0.320277988014 4.3530
6ga6ga-6ga-6ga- -8.67743819863 -0.320277988014 4.3530
6ga6ga-6ga6ga -8.66356039287 -0.317828963467 4.3610
6ga6ga-6ga6ga- -8.66356039287 -0.317828963467 4.3610
6ga6ga6ga -8.7639703993 -0.00789130131896 4.5392
6ga6ga6ga- -8.74410608909 -0.00734707364179 4.5408
6ga6ga6ga-6ga -8.66356039287 -0.317828963467 4.3610
6ga6ga6ga-6ga- -8.66356039287 -0.318101077306 4.3610
6ga6ga6ga6ga- -8.66356039287 -0.318101077306 4.3610
6gd -9.81677884079 0.363544088349 4.9250
6gd6gd -9.66221818047 -0.437014824767 4.8052
6gd6gd- -9.66221818047 -0.437014824767 4.8052
6gd6gd-6gd -9.55908703565 -0.989950144772 4.5646
6gd6gd-6gd- -9.55908703565 -0.989950144772 4.5646
6gd6gd-6gd-6gd -9.51446036612 -1.30641853905 4.4238
6gd6gd-6gd-6gd- -9.51446036612 -1.30641853905 4.4238
6gd6gd-6gd6gd -9.4875210961 -1.30968390511 4.4230
6gd6gd-6gd6gd- -9.4875210961 -1.30968390511 4.4229
6gd6gd6gd -9.58167248425 -0.976072339004 4.5807
6gd6gd6gd- -9.55908703565 -0.989950144772 4.5647
6gd6gd6gd-6gd -9.4875210961 -1.30968390511 4.4229
6gd6gd6gd-6gd- -9.4875210961 -1.30968390511 4.4230
6gd6gd6gd6gd -9.4875210961 -1.30968390511 4.4230
6gd6gd6gd6gd- -9.4875210961 -1.30968390511 4.4230
6ge -9.13622213049 0.936343718571 4.3723
6ge6ge -8.87689764232 0.296604084058 4.3012
6ge6ge- -8.87689764232 0.296604084058 4.3011
6ge6ge-6ge -8.730772511 -0.173336515179 4.2961
6ge6ge-6ge- -8.730772511 -0.173336515179 4.2961
6ge6ge-6ge-6ge -8.68396893076 -0.430211978803 4.2982
6ge6ge-6ge-6ge- -8.68396893076 -0.430211978803 4.2982
6ge6ge-6ge6ge -8.6496825871 -0.44028019083 4.2984
6ge6ge-6ge6ge- -8.64941047326 -0.44028019083 4.2984
6ge6ge6ge -8.76451462698 -0.151567408092 4.2950
6ge6ge6ge- -8.73104462484 -0.173336515179 4.2961
6ge6ge6ge-6ge -8.6496825871 -0.44028019083 4.2984
6ge6ge6ge-6ge- -8.6496825871 -0.44028019083 4.2984
6ge6ge6ge6ge -8.69839096421 -0.405177505653 4.2994
6ge6ge6ge6ge- -8.6496825871 -0.44028019083 4.2984
6gf -8.96234138763 1.54914408306 4.9409
6gf6gf -8.8964898387 0.497151983095 4.7285
6gf6gf- -8.8964898387 0.497151983095 4.7285
6gf6gf-6gf -8.86111503968 -0.0443545556893 4.4294
6gf6gf-6gf- -8.90057154627 -0.02884406689 4.4556
6gf6gf-6gf-6gf -8.88206780525 -0.340686525908 4.2839
6gf6gf-6gf-6gf- -8.88206780525 -0.340686525908 4.2839
6gf6gf-6gf6gf -8.85186316917 -0.348849941066 4.2681
6gf6gf-6gf6gf- -8.85186316917 -0.348849941066 4.2680
6gf6gf6gf -8.86111503968 -0.0443545556893 4.4294
6gf6gf6gf- -8.86111503968 -0.0443545556893 4.4294
6gf6gf6gf-6gf -8.85186316917 -0.348849941066 4.2681
6gf6gf6gf-6gf- -8.85159105533 -0.348849941066 4.2680
6gf6gf6gf6gf -8.91254455517 -0.3229991264 4.3218
6gf6gf6gf6gf- -8.87363227625 -0.334972135298 4.3011
6gg -8.90410902618 1.42859765257 4.9144
6gh -8.45702598938 1.76112076332 4.9198
6gh6gh -8.33266996515 0.868043145086 4.5917
6gh6gh- -8.33266996515 0.868043145086 4.5917
6gh6gh-6gh -8.30001630452 0.425858157385 4.3605
6gh6gh-6gh- -8.30001630452 0.425858157385 4.3605
6gh6gh-6gh-6gh -8.27715874208 0.183676841045 4.2531
6gh6gh-6gh-6gh- -8.27715874208 0.183676841045 4.2531
6gh6gh-6gh6gh -8.27715874208 0.183676841045 4.2531
6gh6gh-6gh6gh- -8.27715874208 0.183676841045 4.2531
6gh6gh6gh -8.30001630452 0.425586043547 4.3605
6gh6gh6gh- -8.30001630452 0.425586043547 4.3605
6gh6gh6gh-6gh -8.27715874208 0.183676841045 4.2531
6gh6gh6gh-6gh- -8.27715874208 0.183676841045 4.2531
6gh6gh6gh6gh -8.27715874208 0.183676841045 4.2531
6gh6gh6gh6gh- -8.27715874208 0.183676841045 4.2531
6gi -9.10193578683 1.66669726133 4.9287
6gi6gi -8.90029943244 0.871580624987 4.8274
6gi6gi- -8.89975520476 0.871308511149 4.8273
6gi6gi-6gi -8.84206707098 0.424769702031 4.7693
6gi6gi-6gi- -8.84206707098 0.424769702031 4.7693
6gi6gi-6gi-6gi -8.81458357328 0.191568142364 4.7391
6gi6gi-6gi-6gi- -8.81458357328 0.191568142364 4.7391
6gi6gi-6gi6gi -8.81458357328 0.191568142364 4.7391
6gi6gi-6gi6gi- -8.81458357328 0.191568142364 4.7391
6gi6gi6gi -8.84206707098 0.424769702031 4.7693
6gi6gi6gi- -8.84206707098 0.424769702031 4.7693
6gi6gi6gi-6gi -8.81458357328 0.191568142364 4.7391
6gi6gi6gi-6gi- -8.81458357328 0.191568142364 4.7391
6gi6gi6gi6gi -8.81458357328 0.191568142364 4.7391
6gi6gi6gi6gi- -8.81458357328 0.191568142364 4.7391
6gl -8.82138641925 1.64710506495 4.8913
6gl6gl -8.48559794243 0.674025978175 4.6553
6gl6gl- -8.48559794243 0.674025978175 4.6555
6gl6gl-6gl -8.26545784702 0.190479687009 4.3724
6gl6gl-6gl- -8.26545784702 0.190479687009 4.3724
6gl6gl-6gl-6gl -8.18681694767 -0.0780966716739 4.2144
6gl6gl-6gl-6gl- -8.18681694767 -0.0780966716739 4.2144
6gl6gl-6gl6gl -8.14518353036 -0.078640899351 4.2099
6gl6gl-6gl6gl- -8.14491141652 -0.078640899351 4.2099
6gl6gl6gl -8.31661524867 0.201092126714 4.3896
6gl6gl6gl- -8.26545784702 0.190479687009 4.3725
6gl6gl6gl-6gl -8.14518353036 -0.078640899351 4.2099
6gl6gl6gl-6gl- -8.14518353036 -0.078640899351 4.2100
6gl6gl6gl6gl -8.14463930268 -0.0789130131896 4.2096
6gl6gl6gl6gl- -8.15443540087 -0.0761918748038 4.2325
6hg -8.98057301482 1.86806150189 5.2624
6ig -9.11472513724 1.6735001073 4.7447
6lg -8.85431219371 1.67975872558 4.8757
