11 -7.40530600325 -1.57662758076 3.8316
1111 -8.02354864451 -4.22102986413 2.1140
1111- -7.98245945489 -4.07490473281 2.2132
1111-11 -6.91767800451 -4.94022673951 0.5030
1111-11- -7.67959675254 -5.05179341333 1.1879
1111-11-11 -6.0988874642 -3.60278722286 1.7521
1111-11-11- -6.52991578452 -5.45044018686 0.3965
1111-1111 -7.14353249053 -5.45996417121 0.1387
1111-1111- -6.81998913645 -5.31792074746 0.1703
111111 -7.97783351963 -5.25370188156 1.2704
111111- -7.66925642668 -5.05043284414 1.1807
111111-11 -7.14815842579 -5.45969205737 0.1437
111111-11- -7.75524439967 -5.5875855615 0.7735
11111111 -7.81674212719 -5.87085606747 0.7352
11111111- -6.56202521748 -5.44554213776 0.3518
12aa -6.18106584346 0.235106356537 6.0410
12aa12aa -5.13778138632 -1.01797787015 4.1487
12aa12aa- -5.14104675238 -1.00627697509 4.1555
12aa12aa-12aa -4.73831827128 -1.48302042029 3.2546
12aa12aa-12aa-12aa -4.5064772808 -1.73173246875 2.7258
12aa12aa-12aa-12aa- -4.47463996169 -1.70288840186 2.7309
12aa12aa-12aa12aa -4.50402825626 -1.72139214289 2.7639
12aa12aa-12aa12aa- -4.52824638789 -1.73935165623 2.7621
12aa12aa12aa -4.6961406263 -1.45608115027 3.2619
12aa12aa12aa-12aa -4.50402825626 -1.72139214289 2.7640
12aa12aa12aa-12aa- -4.4803543523 -1.70343262954 2.7660
12aa12aa12aa12aa -4.44797280551 -1.6770375872 2.7365
12aa12aa12aa12aa- -4.47463996169 -1.70288840186 2.7310
12ae -6.0226955894 -0.505315398252 5.4103
12ae12ae -5.25098074317 -1.58179774369 3.6443
12ae12ae- -5.22050399325 -1.5507767661 3.6510
12ae12ae-12ae -4.88852511018 -1.95486581639 2.8513
12ae12ae-12ae-12ae -4.72199144096 -2.18371355464 2.3867
12ae12ae-12ae-12ae- -4.68960989417 -2.16330501675 2.3807
12ae12ae-12ae12ae -4.69287526024 -2.15405314624 2.4399
12ae12ae-12ae12ae- -4.71437225348 -2.17555013949 2.4334
12ae12ae12ae -4.89070202089 -1.96928784984 2.9022
12ae12ae12ae-12ae -4.71192322894 -2.18806737606 2.4536
12ae12ae12ae-12ae- -4.68960989417 -2.16520981362 2.4610
12ae12ae12ae12ae -4.6912425772 -2.17418957029 2.4513
12ae12ae12ae12ae- -4.69995022004 -2.19024428677 2.4419
12af -5.63085166184 0.431300434157 5.6789
12af12af -4.73913461279 -0.760830292683 3.9526
12af12af- -4.71736550571 -0.785048424317 3.9186
12af12af-12af -4.24987393102 -1.19240284068 3.0302
12af12af-12af-12af -3.92714691846 -1.38805269062 2.4646
12af12af-12af-12af- -3.90918740511 -1.36247398979 2.4744
12af12af-12af12af -4.03191074631 -1.43349570167 2.5472
12af12af-12af12af- -4.05150294269 -1.48329253413 2.5187
12af12af12af -4.33613401785 -1.21662097231 3.0958
12af12af12af-12af -4.05694521946 -1.48710212787 2.5214
12af12af12af-12af- -4.04252318602 -1.47730602968 2.5216
12af12af12af12af -4.10429302738 -1.45553692259 2.5695
12af12af12af12af- -4.13068806972 -1.52955188669 2.5249
12ai -5.80582086005 0.381503601696 5.9644
12ai12ai -4.77314884262 -0.75185053601 4.0152
12ai12ai- -4.75192396321 -0.736340047211 4.0127
12ai12ai-12ai -4.33967149775 -1.17444332733 3.1382
12ai12ai-12ai-12ai -4.1037487997 -1.39757667497 2.6276
12ai12ai-12ai-12ai- -4.07653741584 -1.3575759407 2.6455
12ai12ai-12ai12ai -4.10048343364 -1.38560366607 2.6709
12ai12ai-12ai12ai- -4.11953140234 -1.41145448074 2.6591
12ai12ai12ai -4.31844661834 -1.14859251267 3.1655
12ai12ai12ai-12ai -4.09939497828 -1.40029781336 2.6607
12ai12ai12ai-12ai- -4.07953066806 -1.37390277102 2.6727
12ai12ai12ai12ai -4.05531253643 -1.34179333806 2.6580
12ai12ai12ai12ai- -4.0727278221 -1.3766239094 2.6367
12al -5.48554287203 0.352931648645 5.5155
12al12al -4.43899304884 -0.65388955412 3.7899
12al12al- -4.52144354193 -0.616337844395 3.8775
12al12al-12al -4.08524505868 -1.18015771794 2.8182
12al12al-12al-12al -3.85122715749 -1.43540049854 2.2798
12al12al-12al-12al- -3.7927226822 -1.32818764613 2.3225
12al12al-12al12al -3.79544382058 -1.38995748749 2.3334
12al12al-12al12al- -3.85013870214 -1.41526407448 2.3476
12al12al12al -3.9274190323 -1.02233169156 2.9244
12al12al12al-12al -3.78129390098 -1.35812016838 2.3736
12al12al12al-12al- -3.73557877609 -1.28546577348 2.3995
12al12al12al12al -3.61530445944 -1.19648454826 2.3878
12al12al12al12al- -3.67081568251 -1.22832186737 2.4043
12ea -6.02323981708 -0.504771170575 5.4111
12ea12ea -5.25125285701 -1.58152562986 3.6445
12ea12ea- -5.22050399325 -1.5507767661 3.6512
12ea12ea-12ea -4.88852511018 -1.95486581639 2.8513
12ea12ea-12ea-12ea -4.72199144096 -2.18344144081 2.3868
12ea12ea-12ea-12ea- -4.6996781062 -2.19024428677 2.4419
12ea12ea-12ea12ea -4.71192322894 -2.18806737606 2.4536
12ea12ea-12ea12ea- -4.71437225348 -2.17555013949 2.4334
12ea12ea12ea -4.89070202089 -1.96928784984 2.9024
12ea12ea12ea-12ea -4.69287526024 -2.15405314624 2.4400
12ea12ea12ea-12ea- -4.68960989417 -2.16493769978 2.4611
12ea12ea12ea12ea -4.6912425772 -2.17418957029 2.4514
12ea12ea12ea12ea- -4.68960989417 -2.16330501675 2.3810
12ee -6.09099616288 -0.692529719199 4.7609
12ee12ee -5.15927837957 -2.02126159301 2.9580
12ee12ee- -5.23927984811 -1.93908321376 3.2933
12ee12ee-12ee -4.8583204741 -2.43160926159 2.0725
12ee12ee-12ee-12ee- -4.6721946085 -2.51786934843 2.0141
12ee12ee-12ee12ee -4.67137826699 -2.56766618089 1.8653
12ee12ee-12ee12ee- -4.67083403931 -2.65174935701 1.6721
12ee12ee12ee -4.81559860144 -2.35079145154 2.3886
12ee12ee12ee-12ee -4.67137826699 -2.56766618089 1.8652
12ee12ee12ee-12ee- -4.66811290092 -2.48793682618 2.0959
12ee12ee12ee12ee -4.62865639433 -2.52820967429 2.0205
12ee12ee12ee12ee- -4.6721946085 -2.51786934843 2.0142
12ef -5.81235159217 -0.418511083744 4.8843
12ef12ef -4.91111055878 -1.40029781336 3.3808
12ef12ef- -4.92444413687 -1.40818911468 3.4410
12ef12ef-12ef -4.48008223846 -1.72873921653 2.5953
12ef12ef-12ef-12ef -4.15599465671 -1.96139654852 1.9580
12ef12ef-12ef-12ef- -4.18919254501 -1.96384557307 2.0869
12ef12ef-12ef12ef -4.30157556035 -1.96819939448 2.1915
12ef12ef-12ef12ef- -4.31654182147 -2.0000367136 2.1552
12ef12ef12ef -4.55491354407 -1.79567922082 2.6377
12ef12ef12ef-12ef -4.30211978803 -1.98507045248 2.1541
12ef12ef12ef-12ef- -4.30674572328 -2.02425484523 2.1488
12ef12ef12ef12ef -4.35899158029 -2.01881256846 2.1766
12ef12ef12ef12ef- -4.37967223202 -2.06833728708 2.1065
12ei -5.85452923715 -0.410347668586 5.1223
12ei12ei -4.88362706108 -1.39676033346 3.3760
12ei12ei- -4.88580397179 -1.29852723773 3.5563
12ei12ei-12ei -4.50021866252 -1.70506531257 2.6438
12ei12ei-12ei-12ei -4.25368352476 -1.9809887449 1.9965
12ei12ei-12ei-12ei- -4.28688141307 -1.92520540799 2.2569
12ei12ei-12ei12ei -4.30293612954 -1.92330061112 2.2644
12ei12ei-12ei12ei- -4.29858230813 -1.91813044819 2.2133
12ei12ei12ei -4.48117069382 -1.75105255129 2.6600
12ei12ei12ei-12ei -4.27599685952 -1.90125939019 2.2394
12ei12ei12ei-12ei- -4.27871799791 -1.90642955313 2.2841
12ei12ei12ei12ei -4.25640466315 -1.93636207537 2.2208
12ei12ei12ei12ei- -4.26075848456 -1.92139581425 2.1753
12el -5.71085313038 -0.56735735345 4.5466
12el12el -4.71110688742 -1.31050024662 3.2583
12el12el- -4.70131078923 -1.20437584958 3.3456
12el12el-12el -4.36552231242 -1.71350084157 2.4815
12el12el-12el-12el -4.18211758521 -2.03922110636 1.3756
12el12el-12el-12el- -4.08714985555 -1.94887931195 1.3813
12el12el-12el12el -4.13640246033 -1.93772264456 2.0455
12el12el-12el12el- -4.17259360086 -1.94098801063 2.0365
12el12el12el -4.25477198011 -1.65200311405 2.5036
12el12el12el-12el -4.08442871716 -1.87622491704 2.0615
12el12el12el-12el- -3.97367838486 -1.88302776301 1.3569
12el12el12el12el -3.98673984911 -1.83159824752 2.0244
12el12el12el12el- -3.97204570182 -1.80084938375 1.9851
12fa -5.57806157715 0.390211244531 5.6331
12fa12fa -4.54185207982 -0.643821342092 3.8869
12fa12fa- -4.71763761955 -0.785048424317 3.9186
12fa12fa-12fa -4.18864831734 -1.12301381184 3.0454
12fa12fa-12fa-12fa -4.02293098964 -1.40628431781 2.5331
12fa12fa-12fa-12fa- -4.1312322974 -1.52955188669 2.5247
12fa12fa-12fa12fa -3.87462894761 -1.32437805239 2.5115
12fa12fa-12fa12fa- -4.05177505653 -1.48329253413 2.5184
12fa12fa12fa -4.03708090925 -1.02342014692 3.0068
12fa12fa12fa-12fa -3.91789504795 -1.34533081796 2.5269
12fa12fa12fa-12fa- -4.04279529986 -1.47730602968 2.5213
12fa12fa12fa12fa -3.73040861316 -1.20410373574 2.4620
12fa12fa12fa12fa- -3.90945951895 -1.36220187596 2.4741
12fe -5.78758923286 -0.597017761855 4.6508
12fe12fe -4.74539323108 -1.3145819542 3.2899
12fe12fe- -4.92498836455 -1.40818911468 3.4409
12fe12fe-12fe -4.42375467387 -1.6721395381 2.6205
12fe12fe-12fe-12fe -4.27273149346 -1.98289354177 2.0567
12fe12fe-12fe-12fe- -4.37994434586 -2.06833728708 2.1065
12fe12fe-12fe12fe -4.13204863891 -1.86125865592 2.1289
12fe12fe-12fe12fe- -4.31708604915 -2.0000367136 2.1550
12fe12fe12fe -4.28905832378 -1.66043864305 2.5262
12fe12fe12fe-12fe -4.1968117325 -1.90642955313 2.1657
12fe12fe12fe-12fe- -4.30701783712 -2.02425484523 2.1486
12fe12fe12fe12fe -4.02293098964 -1.84520393944 2.0402
12fe12fe12fe12fe- -4.18946465885 -1.96411768691 2.0866
12ff -5.43955563331 0.731169884278 5.3566
12ff12ff -4.29776596661 -0.340686525908 3.9789
12ff12ff- -4.45559199299 -0.521642228567 3.9939
12ff12ff-12ff -3.84007049011 -0.767633138648 3.1222
12ff12ff-12ff-12ff -3.5769364082 -0.996480876898 2.5796
12ff12ff-12ff-12ff- -3.6996597494 -1.12954454397 2.5886
12ff12ff-12ff12ff -3.53856835696 -0.94613981676 2.6399
12ff12ff-12ff12ff- -3.73312975155 -1.14859251267 2.6264
12ff12ff12ff -3.79680438978 -0.729265087408 3.1336
12ff12ff12ff-12ff -3.61421600408 -1.03131144824 2.6269
12ff12ff12ff-12ff- -3.74537487428 -1.17879714875 2.6207
12ff12ff12ff12ff -3.50156087491 -0.913758269968 2.6099
12ff12ff12ff12ff- -3.6996597494 -1.12954454397 2.5885
12fi -5.40472506197 0.503682715221 5.4855
12fi12fi -4.25558832163 -0.455246451953 3.7703
12fi12fi- -4.40987686811 -0.535520034335 3.8778
12fi12fi-12fi -3.85530886507 -0.846546151838 2.9992
12fi12fi-12fi-12fi -3.64578120936 -1.13199356851 2.4435
12fi12fi-12fi-12fi- -3.739116256 -1.25907073113 2.4173
12fi12fi-12fi12fi -3.53285396635 -1.04682193704 2.4708
12fi12fi-12fi12fi- -3.70836739224 -1.18587210855 2.4944
12fi12fi12fi -3.72170097033 -0.804640620696 2.9202
12fi12fi12fi-12fi -3.57965754658 -1.06995161332 2.4966
12fi12fi12fi-12fi- -3.68986365121 -1.21036235403 2.4651
12fi12fi12fi12fi -3.40006241312 -0.964371443945 2.4004
12fi12fi12fi12fi- -3.57394315597 -1.10287738778 2.4342
12fl -5.40744620036 0.717564192348 5.8711
12fl12fl -4.10565359657 -0.193745053072 3.9680
12fl12fl- -4.28062279478 -0.334700021459 3.9877
12fl12fl-12fl -3.75598731399 -0.765456227939 2.9762
12fl12fl-12fl-12fl -3.62183519157 -0.965459899299 2.5584
12fl12fl-12fl-12fl- -3.68605405747 -0.911581359259 2.6013
12fl12fl-12fl12fl -3.39135477028 -0.909404448551 2.4586
12fl12fl-12fl12fl- -3.59924974296 -1.07376120706 2.4929
12fl12fl12fl -3.52605112038 -0.492526047839 3.0928
12fl12fl12fl-12fl -3.43298818759 -0.900152578039 2.5473
12fl12fl12fl-12fl- -3.51435022532 -0.872396966503 2.6012
12fl12fl12fl12fl -3.17203101638 -0.612256136816 2.5700
12fl12fl12fl12fl- -3.34618387308 -0.782055172093 2.5613
12ia -5.80609297389 0.381503601696 5.9644
12ia12ia -4.77342095646 -0.75185053601 4.0154
12ia12ia- -4.75219607705 -0.736340047211 4.0127
12ia12ia-12ia -4.33967149775 -1.17444332733 3.1382
12ia12ia-12ia-12ia -4.10402091354 -1.39757667497 2.6276
12ia12ia-12ia-12ia- -4.07299993594 -1.3766239094 2.6367
12ia12ia-12ia12ia -4.09966709212 -1.40029781336 2.6607
12ia12ia-12ia12ia- -4.11980351618 -1.41145448074 2.6591
12ia12ia12ia -4.31871873218 -1.14859251267 3.1656
12ia12ia12ia-12ia -4.10075554747 -1.38560366607 2.6709
12ia12ia12ia-12ia- -4.07953066806 -1.37390277102 2.6727
12ia12ia12ia12ia -4.05558465027 -1.34179333806 2.6581
12ia12ia12ia12ia- -4.07653741584 -1.35730382686 2.6456
12ie -5.85452923715 -0.410891896263 5.1220
12ie12ie -4.88389917492 -1.39648821962 3.3762
12ie12ie- -4.88580397179 -1.29852723773 3.5562
12ie12ie-12ie -4.50049077636 -1.70479319873 2.6438
12ie12ie-12ie-12ie -4.2539556386 -1.9809887449 1.9965
12ie12ie-12ie-12ie- -4.2610305984 -1.92139581425 2.1751
12ie12ie-12ie12ie -4.27626897336 -1.90125939019 2.2393
12ie12ie-12ie12ie- -4.29885442196 -1.91813044819 2.2133
12ie12ie12ie -4.48171492149 -1.75105255129 2.6601
12ie12ie12ie-12ie -4.30320824338 -1.92330061112 2.2645
12ie12ie12ie-12ie- -4.27899011175 -1.90642955313 2.2840
12ie12ie12ie12ie -4.25667677698 -1.93636207537 2.2209
12ie12ie12ie12ie- -4.28742564074 -1.92520540799 2.2571
12if -5.44254888554 0.588854346698 5.6794
12if12if -4.39001255789 -0.563819873548 3.7642
12if12if- -4.40960475427 -0.535792148174 3.8778
12if12if-12if -3.90619415289 -0.900152578039 2.9841
12if12if-12if-12if -3.57584795284 -1.10178893243 2.4104
12if12if-12if-12if- -3.57394315597 -1.10287738778 2.4344
12if12if-12if12if -3.65367251068 -1.13199356851 2.5017
12if12if-12if12if- -3.7080952784 -1.18587210855 2.4947
12if12if12if -3.93939204119 -0.979609818906 2.9380
12if12if12if-12if -3.69040787889 -1.19349129603 2.4662
12if12if12if-12if- -3.68959153737 -1.21036235403 2.4654
12if12if12if12if -3.67897909767 -1.18777690542 2.4376
12if12if12if12if- -3.73884414216 -1.25907073113 2.4175
12ii -5.53289067995 0.494975072386 5.8450
12ii12ii -4.36144060484 -0.635930040773 3.6305
12ii12ii- -4.39491060698 -0.495791413902 3.9014
12ii12ii-12ii -3.94374586261 -0.929540872606 2.9647
12ii12ii-12ii-12ii -3.65775421826 -1.18179040097 2.3755
12ii12ii-12ii-12ii- -3.61394389025 -1.16519145682 2.3929
12ii12ii-12ii12ii -3.66646186109 -1.16192609076 2.4707
12ii12ii-12ii12ii- -3.70183666011 -1.15893283853 2.4853
12ii12ii12ii -3.85966268649 -0.996480876898 2.8349
12ii12ii12ii-12ii -3.66646186109 -1.16192609076 2.4708
12ii12ii12ii-12ii- -3.62999860672 -1.16056552156 2.4589
12ii12ii12ii12ii -3.56605185466 -1.16355877379 2.3616
12ii12ii12ii12ii- -3.61394389025 -1.16491934298 2.3930
12il -5.38404441024 0.537969058882 5.5302
12il12il -4.23953360515 -0.432116775673 3.7781
12il12il- -4.2419826297 -0.346400916519 3.8769
12il12il-12il -3.82809748121 -0.892805504397 2.8575
12il12il-12il-12il -3.64169950178 -1.08192462221 2.3426
12il12il-12il-12il- -3.59081421397 -0.95375900424 2.4047
12il12il-12il12il -3.53611933241 -1.09036015121 2.3725
12il12il-12il12il- -3.57503161133 -1.09253706192 2.4020
12il12il12il -3.70238088779 -0.764367772585 2.9321
12il12il12il-12il -3.51679924987 -1.04927096158 2.4221
12il12il12il-12il- -3.47053989731 -0.953486890402 2.3834
12il12il12il12il -3.37802119219 -0.910765017744 2.4217
12il12il12il12il- -3.39625281938 -0.92110534361 2.4089
12la -5.6686754854 0.477559786717 5.7131
12la12la -4.56389330075 -0.781783058254 3.5665
12la12la- -4.52171565577 -0.616337844395 3.8775
12la12la-12la -4.16851189328 -1.28927536722 2.7685
12la12la-12la-12la -3.85775788962 -1.46451667926 2.3066
12la12la-12la-12la- -3.67081568251 -1.22859398121 2.4038
12la12la-12la12la -3.88769041186 -1.50342895818 2.2899
12la12la-12la12la- -3.85041081598 -1.41553618832 2.3474
12la12la12la -4.09041522161 -1.19920568664 2.7623
12la12la12la-12la -3.90945951895 -1.51649042243 2.3118
12la12la12la-12la- -3.73585088993 -1.28573788731 2.3991
12la12la12la12la -3.81367544777 -1.41281504993 2.2588
12la12la12la12la- -3.79299479604 -1.32818764613 2.3221
12le -5.8308553332 -0.395381407464 4.9076
12le12le -4.35572621423 -1.68955482377 1.4828
12le12le- -4.70158290307 -1.20437584958 3.3452
12le12le-12le -4.46538809118 -1.85064621622 2.3295
12le12le-12le-12le -4.16143693348 -2.05745273354 1.8254
12le12le-12le-12le- -3.97231781566 -1.80112149759 1.9846
12le12le-12le12le -4.24443165425 -2.05636427819 1.4633
12le12le-12le12le- -4.1728657147 -1.94098801063 2.0365
12le12le12le -4.24252685738 -1.90289207322 1.4485
12le12le12le-12le -4.07245570826 -2.09690924014 1.3064
12le12le12le-12le- -3.97395049869 -1.88302776301 1.3579
12le12le12le12le -4.12715058982 -2.03758842332 1.4431
12le12le12le12le- -4.08742196938 -1.94887931195 1.3824
12lf -5.4909851488 0.788585904219 5.5827
12lf12lf -4.45368719612 -0.34422400581 3.0979
12lf12lf- -4.28062279478 -0.334700021459 3.9877
12lf12lf-12lf -3.87871065519 -0.898792008846 2.9125
12lf12lf-12lf-12lf -3.48904363834 -1.00600486125 2.4023
12lf12lf-12lf-12lf- -3.34618387308 -0.782327285932 2.5613
12lf12lf-12lf12lf -3.66265226735 -1.05416901068 2.5492
12lf12lf-12lf12lf- -3.59924974296 -1.07403332089 2.4930
12lf12lf12lf -3.99871285801 -0.665862563017 2.7750
12lf12lf12lf-12lf -3.66020324281 -1.06777470261 2.5444
12lf12lf12lf-12lf- -3.51462233916 -0.872669080342 2.6011
12lf12lf12lf12lf -3.74020471135 -0.862872982153 2.6090
12lf12lf12lf12lf- -3.68632617131 -0.912125586937 2.6011
12li -5.48363807516 0.630215650163 5.7521
12li12li -4.33450133482 -0.621780121167 2.7620
12li12li- -4.24225474354 -0.346400916519 3.8768
12li12li-12li -3.8928605748 -0.963282988591 2.8195
12li12li-12li-12li -3.56088169172 -1.12138112881 2.3166
12li12li-12li-12li- -3.39625281938 -0.921377457449 2.4084
12li12li-12li12li -3.66564551958 -1.10587064001 2.3913
12li12li-12li12li- -3.57503161133 -1.09280917576 2.4018
12li12li12li -3.93585456129 -0.849267290224 2.5765
12li12li12li-12li -3.6270053545 -1.14451080509 2.3346
12li12li12li-12li- -3.47108412499 -0.95375900424 2.3843
12li12li12li12li -3.67462527625 -0.965459899299 2.4387
12li12li12li12li- -3.59163055548 -0.95375900424 2.4059
12ll -5.35955416477 0.757837040459 5.7007
12ll12ll -4.31490913844 -0.217691070868 4.0184
12ll12ll- -4.03082229096 -0.108845535434 3.9436
12ll12ll-12ll -3.81802926918 -0.912941928452 2.8197
12ll12ll-12ll-12ll -3.58156234345 -1.01280770721 2.4249
12ll12ll-12ll-12ll- -3.34727232843 -0.612528250655 2.6234
12ll12ll-12ll12ll -3.57040567607 -1.05607380755 2.4234
12ll12ll-12ll12ll- -3.44169583042 -0.981242501937 2.3902
12ll12ll12ll -3.7962601621 -0.531710440595 3.1950
12ll12ll12ll-12ll -3.51380599765 -0.984779981839 2.4768
12ll12ll12ll-12ll- -3.29012842233 -0.60763020156 2.6408
12ll12ll12ll12ll -3.48931575217 -0.66912792908 2.7074
12ll12ll12ll12ll- -3.34781655611 -0.612528250655 2.6239
2 -7.26353469335 0.311842459018 7.4696
22 -6.053716567 -1.04791039239 5.6832
22- -5.89752322365 -1.27811869983 4.9312
22-2 -5.207442529 -1.9344572785 3.6977
22-2- -5.32036977201 -1.81935312478 4.0482
22-2-2 -4.88634819947 -2.21691144295 3.2927
22-2-2- -4.95437665912 -2.16003965069 3.4638
22-22 -4.87274250754 -2.24140168842 3.1919
22-22- -4.79219681132 -2.30181096059 3.0201
222 -5.41805864006 -1.70343262954 4.4625
222- -5.32036977201 -1.81908101094 4.0486
222-2 -4.87274250754 -2.24112957459 3.1923
222-2- -4.95818625286 -2.16520981362 3.4082
2222 -5.02675894018 -2.09010639417 3.7099
2222- -4.95410454528 -2.15949542301 3.4643
4aa -6.84665629263 -0.10966187695 5.5505
4aa4aa -5.72119345625 -1.18614422239 4.2937
4aa4aa- -5.72064922857 -1.18532788088 4.2812
4aa4aa-4aa -5.24962017398 -1.61309083513 3.4564
4aa4aa-4aa-4aa -4.99764275945 -1.83513572742 2.9982
4aa4aa-4aa-4aa- -4.99845910097 -1.83595206893 2.9988
4aa4aa-4aa4aa -4.99818698713 -1.83540784126 2.9970
4aa4aa-4aa4aa- -4.99737064561 -1.83459149974 2.9964
4aa4aa4aa -5.2504365155 -1.61417929049 3.4616
4aa4aa4aa-4aa -4.99737064561 -1.83459149974 2.9970
4aa4aa4aa-4aa- -4.99791487329 -1.83540784126 2.9977
4aa4aa4aa4aa -4.99845910097 -1.83595206893 2.9995
4aa4aa4aa4aa- -4.99764275945 -1.83513572742 2.9988
4ae -6.18759657558 -0.979337705067 4.9384
4ae4ae -5.73534337585 -1.54914408306 3.4359
4ae4ae- -5.55547612855 -1.6269686409 2.8048
4ae4ae-4ae -5.21206846426 -1.83295881671 2.7487
4ae4ae-4ae-4ae -5.00961576835 -1.98915216006 2.6047
4ae4ae-4ae-4ae- -5.02567048482 -1.97146476055 2.6907
4ae4ae-4ae4ae -4.97805056307 -1.95459370256 2.6573
4ae4ae-4ae4ae- -4.95464877295 -1.97037630519 2.6766
4ae4ae4ae -5.33968985455 -1.85227889925 3.1680
4ae4ae4ae-4ae -5.03138487544 -2.02343850372 2.6189
4ae4ae4ae-4ae- -5.05587512091 -2.01282606401 2.5819
4ae4ae4ae4ae -5.09778065205 -2.0226221622 2.8502
4ae4ae4ae4ae- -5.08172593557 -2.04030956171 2.6030
4af -5.92228558296 0.0114287812206 5.1889
4af4af -5.24798749095 -0.855253794672 4.0349
4af4af- -5.23601448205 -0.864233551346 4.0055
4af4af-4af -4.9619958466 -1.338527972 3.3772
4af4af-4af-4af -4.80362559254 -1.58860058966 2.9953
4af4af-4af-4af- -4.7723325011 -1.55757961206 2.9950
4af4af-4af4af -4.72661737622 -1.5578517259 2.9522
4af4af-4af4af- -4.69015412185 -1.52927977285 2.9477
4af4af4af -4.79192469748 -1.19131438532 3.3988
4af4af4af-4af -4.61069688098 -1.42097846509 2.9930
4af4af4af-4af- -4.57668265116 -1.38941325981 2.9908
4af4af4af4af -4.51191955758 -1.37335854334 2.9586
4af4af4af4af- -4.47246305098 -1.34070488271 2.9522
4ai -6.25181544149 0.0492526047839 5.3049
4ai4ai -5.49397840103 -0.909676562389 4.2287
4ai4ai- -5.48799189658 -0.892533390559 3.9506
4ai4ai-4ai -5.00090812551 -1.25634959275 3.4694
4ai4ai-4ai-4ai -4.7687950212 -1.4315909048 3.1078
4ai4ai-4ai-4ai- -4.78240071313 -1.43839375076 3.1195
4ai4ai-4ai4ai -4.74376054805 -1.44519659672 3.0649
4ai4ai-4ai4ai- -4.73124331148 -1.43975431995 3.0569
4ai4ai4ai -5.06703178829 -1.26206398336 3.5676
4ai4ai4ai-4ai -4.77260461494 -1.44356391369 3.0947
4ai4ai4ai-4ai- -4.78512185152 -1.44955041814 3.1016
4ai4ai4ai4ai -4.82539469963 -1.45036675966 3.1520
4ai4ai4ai4ai- -4.8117890077 -1.44274757218 3.1412
4al -5.8915367192 0.0617698413588 5.2089
4ea -6.18814080326 -0.998113559929 4.9332
4ea4ea -5.74323467717 -1.56683148257 3.7487
4ea4ea- -5.64200832922 -1.63241091767 3.1782
4ea4ea-4ea -5.2300279776 -1.8498298747 3.0650
4ea4ea-4ea-4ea -5.02240511876 -2.01772411311 2.7580
4ea4ea-4ea-4ea- -5.08798455386 -2.06752094557 2.7943
4ea4ea-4ea4ea -5.04226942898 -2.04330281393 2.7640
4ea4ea-4ea4ea- -4.97342462782 -1.98724736319 2.7306
4ea4ea4ea -5.34050619607 -1.88139507998 3.2268
4ea4ea4ea-4ea -4.99192836884 -1.98126085874 2.7587
4ea4ea4ea-4ea- -5.06186162536 -2.04112590323 2.7913
4ea4ea4ea4ea -5.10131813195 -2.05582005051 2.8300
4ea4ea4ea4ea- -5.03573869685 -2.00602321805 2.7896
4ee -5.91439428164 -1.55213733529 4.3921
4ee4ee -5.7271799607 -1.93391305082 3.1033
4ee4ee4ee -5.40445294813 -2.15704639846 2.7738
4ee4ee4ee4ee -5.17179561614 -2.28167453653 2.6104
4ef -5.58568076463 -0.530894099079 4.6696
4ef4ef -5.28064115158 -1.14287812206 3.7806
4ef4ef- -2.53936634167 -1.52628652062 0.2736
4ef4ef-4ef -2.26262656783 -1.75078043746 -0.1677
4ef4ef-4ef-4ef -2.50480788417 -1.77799182131 0.2085
4ef4ef-4ef-4ef- -2.48086186638 -1.69472498671 0.2560
4ef4ef-4ef4ef- -2.22589119962 -1.52710286214 0.1566
4ef4ef4ef -4.94485267477 -1.40682854548 3.2938
4ef4ef4ef-4ef -2.34290015022 -1.83132613368 -0.1552
4ef4ef4ef-4ef- -2.52140682833 -1.65526848011 0.2505
4ef4ef4ef4ef -4.70593672449 -1.54642294468 2.9267
4ef4ef4ef4ef- -2.59270065404 -1.66560880598 0.2473
4ei -5.78922191589 -0.778245578353 4.7609
4ei4ei -5.45479400827 -1.31267715733 3.6303
4ei4ei- -3.64877446159 -1.28546577348 1.3691
4ei4ei-4ei -3.13747255888 -1.33961642735 1.2864
4ei4ei-4ei-4ei -3.50482624097 -1.50832700728 1.2985
4ei4ei-4ei-4ei- -3.51788770523 -1.5649266857 1.3587
4ei4ei-4ei4ei -3.08713149875 -1.49145594928 1.1426
4ei4ei-4ei4ei- -2.92304685408 -1.4802992819 0.9636
4ei4ei4ei -5.14948228138 -1.55240944913 3.2659
4ei4ei4ei-4ei -3.20414044934 -1.56819205176 1.1913
4ei4ei4ei-4ei- -3.65421673836 -1.61880522574 1.2954
4ei4ei4ei4ei -4.93424023506 -1.69581344206 2.9652
4ei4ei4ei4ei- -3.75707576934 -1.64683295112 1.2861
4el -5.5543876732 -0.503410601382 4.6893
4fa -5.92908842893 -0.00108845535434 5.1912
4fa4fa -5.27710367168 -0.868043145086 4.0504
4fa4fa- -5.58159905705 -1.15702804166 3.9967
4fa4fa-4fa -4.95981893589 -1.33988854119 3.3678
4fa4fa-4fa-4fa -4.79328526667 -1.58479099592 2.9878
4fa4fa-4fa-4fa- -5.05233764101 -1.82397906003 2.9998
4fa4fa-4fa4fa -4.62158143453 -1.43839375076 2.9831
4fa4fa-4fa4fa- -4.88525974411 -1.71731043531 2.9502
4fa4fa4fa -4.81804762598 -1.21117869554 3.4013
4fa4fa4fa-4fa -4.72961062844 -1.55975652277 2.9496
4fa4fa4fa-4fa- -4.98403706752 -1.79295808244 2.9660
4fa4fa4fa4fa -4.54049151063 -1.3956718781 2.9604
4fa4fa4fa4fa- -4.79001990061 -1.66832994436 2.9159
4fe -5.59057881373 -0.514295154925 4.6668
4fe4fe -5.29941700644 -1.11757153507 3.6734
4fe4fe- -2.92495165095 -1.66234343992 0.0087
4fe4fe-4fe -2.63977634811 -1.87268743714 0.1855
4fe4fe-4fe-4fe -2.68195399309 -1.89500077191 0.1684
4fe4fe-4fe-4fe- -3.38645672119 -2.15759062614 0.1628
4fe4fe-4fe4fe -2.71678456443 -2.31378396949 -0.4832
4fe4fe-4fe4fe- -2.77637749508 -2.08194297901 0.1702
4fe4fe4fe -4.98049958762 -1.3766239094 3.3477
4fe4fe4fe-4fe -2.66780407349 -2.24983721742 -0.4936
4fe4fe4fe-4fe- -3.20060296944 -2.04357492777 0.1120
4fe4fe4fe4fe -4.74512111724 -1.51213660102 2.9892
4fe4fe4fe4fe- -2.87025676939 -1.82044158013 0.0608
4ff -5.16689756705 -0.000816341515755 4.6498
4ff4ff -4.70239924459 -0.528445074532 3.8236
4ff4ff- -4.02782903873 -0.974439655973 2.6225
4ff4ff-4ff -3.33693200257 -1.2073691018 1.7844
4ff4ff-4ff-4ff -3.78020544562 -1.49907513676 2.0465
4ff4ff-4ff-4ff- -4.18021278834 -1.70533742641 2.2056
4ff4ff-4ff4ff -3.24169215906 -1.27839081367 1.6519
4ff4ff-4ff4ff- -3.41666135727 -1.5649266857 1.5865
4ff4ff4ff -4.3181745045 -0.777157122999 3.3185
4ff4ff4ff-4ff -3.22618167026 -1.26777837397 1.6526
4ff4ff4ff-4ff- -3.93694301665 -1.4696868422 2.1898
4ff4ff4ff4ff -4.05640099179 -0.901513147232 2.9615
4ff4ff4ff4ff- -3.7116327583 -1.18804901926 2.2466
4fi -5.44771904847 0.0446266695279 4.8530
4fi4fi -4.94784592699 -0.610079226107 3.8948
4fi4fi- -4.10347668586 -1.02777396834 2.2274
4fi4fi-4fi -2.49909349356 -1.32791553229 0.5702
4fi4fi-4fi-4fi -2.40249308087 -1.49526554302 0.4092
4fi4fi-4fi-4fi- -4.40252979447 -1.61635620119 2.0820
4fi4fi-4fi4fi -2.41909202502 -1.35267789161 0.5669
4fi4fi-4fi4fi- -2.63188504679 -1.59213806956 0.5583
4fi4fi4fi -4.576954765 -0.902329488748 3.3792
4fi4fi4fi-4fi -2.52385585288 -1.4302303356 0.5415
4fi4fi4fi-4fi- -4.33586190401 -1.53064034204 2.0710
4fi4fi4fi4fi -4.3301475134 -1.05933917361 3.0195
4fi4fi4fi4fi- -4.12769481749 -1.3505009809 2.0471
4fl -5.16172740412 0.0487083771067 4.6877
4ia -6.24664527856 0.0405449619492 5.3054
4ia4ia -5.48336596132 -0.905866968649 4.2655
4ia4ia- -5.44907961766 -0.875390218728 4.1224
4ia4ia-4ia -4.94947861002 -1.23240357495 3.4636
4ia4ia-4ia-4ia -4.72117509945 -1.41934578206 3.0819
4ia4ia-4ia-4ia- -4.77668632252 -1.44982253198 3.1099
4ia4ia-4ia4ia -4.72906640077 -1.43812163692 3.0689
4ia4ia-4ia4ia- -4.67273883618 -1.41308716377 3.0335
4ia4ia4ia -5.04226942898 -1.26696203245 3.5527
4ia4ia4ia-4ia -4.69205891872 -1.42043423741 3.0469
4ia4ia4ia-4ia- -4.74865859715 -1.44628505208 3.0810
4ia4ia4ia4ia -4.79546217738 -1.45880228865 3.1237
4ia4ia4ia4ia- -4.73995095431 -1.42723708338 3.0970
4ie -5.78622866367 -0.760286065006 4.7634
4ie4ie -5.43928351947 -1.29254073328 3.4219
4ie4ie- -3.66537340574 -1.68166352245 1.0450
4ie4ie-4ie -3.13692833121 -1.63159457616 1.0032
4ie4ie-4ie-4ie -3.48931575217 -1.8032984083 0.9695
4ie4ie-4ie-4ie- -3.81231487857 -1.94779085659 0.9643
4ie4ie-4ie4ie -3.22590955642 -1.82180214933 0.9258
4ie4ie-4ie4ie- -2.93529197682 -1.66261555375 0.8985
4ie4ie4ie -5.13070642652 -1.52900765901 3.1565
4ie4ie4ie-4ie -3.08522670188 -1.63268303151 0.9987
4ie4ie4ie-4ie- -3.69204056192 -1.84928564702 0.9771
4ie4ie4ie4ie -4.90730096504 -1.67132319659 2.9509
4ie4ie4ie4ie- -3.52088095745 -1.66424823679 1.0472
4if -5.43846717796 0.0606813860044 4.8546
4if4if -4.91709706323 -0.594296623469 3.8984
4if4if- -2.34290015022 -0.902601602586 0.8468
4if4if-4if -2.5029030873 -1.28383309044 0.6592
4if4if-4if-4if -2.39786714561 -1.476761802 0.4534
4if4if-4if-4if- -2.32766177526 -1.37961716163 0.4762
4if4if-4if4if -2.5339240649 -1.39485553659 0.6235
4if4if-4if4if- -2.3575942975 -1.39458342275 0.5310
4if4if4if -4.53559346153 -0.886002658432 3.3748
4if4if4if-4if -2.42507852947 -1.30777910824 0.6634
4if4if4if-4if- -2.27732071512 -1.2348525995 0.6067
4if4if4if4if -4.28116702246 -1.04328445713 3.0034
4if4if4if4if- -2.20874802779 -1.08709478515 0.8005
4ii -5.73262223747 0.102859030985 5.0174
4ii4ii -5.19329260939 -0.638106951482 4.0779
4ii4ii4ii -4.82104087821 -0.95375900424 3.5567
4ii4ii4ii4ii -4.59273736764 -1.11974844578 3.2001
4il -5.42132400613 0.106124397048 4.8826
4la -5.87983582414 0.0590487029729 5.2063
4la4la- -5.18893878798 -0.797565660892 4.0108
4la4la-4la-4la- -4.39599906234 -1.32982032916 2.8933
4le -5.55003385178 -0.491981820162 4.6874
4le4le- -2.50888959175 -1.54397392013 -0.0992
4le4le-4le-4le- -2.60848325667 -1.6354041699 0.0391
4lf -5.15220341977 0.0612256136816 4.6880
4lf4lf- -3.51026851775 -0.807905986759 1.8267
4lf4lf-4lf-4lf- -3.17720117932 -1.28546577348 1.2604
4li -5.41751441239 0.103131144824 4.8792
4li4li- -2.11486875348 -0.741510210144 0.7243
4li4li-4li-4li- -2.03677208181 -1.01416827641 0.6837
4ll -5.12499203591 0.102042689469 4.7095
