11 -9.03363521334 0.0587765891343 3.7891
1111 -9.72262745264 -2.70236253099 2.2822
1111- -9.69786509333 -2.59079585717 2.3993
1111-11 -8.5876406319 -3.52768380341 0.8464
1111-11- -9.37921978834 -3.63326397279 1.5234
1111-11-11 -7.28312688973 -2.52875390197 2.0810
1111-11-11- -7.33047469764 -5.17506098221 -1.8701
1111-1111 -8.86927845484 -4.0811633511 0.5455
1111-1111- -7.79089131252 -4.77042770423 -1.2133
111111 -9.70167468707 -3.81639658615 1.5952
111111- -9.3683352348 -3.63190340359 1.5172
111111-11 -8.87308804858 -4.08143546494 0.5464
111111-11- -9.48942589297 -4.21259433513 1.1461
11111111 -9.50248735722 -4.48851776746 1.2810
11111111- -7.83660643741 -4.29994287732 0.1432
12aa -7.68259000477 1.68356831932 6.3393
12aa12aa -6.43304325799 0.211976680258 4.2612
12aa12aa- -6.43494805486 0.225310258348 4.2717
12aa12aa-12aa -5.92310192448 -0.35374799016 3.4140
12aa12aa-12aa-12aa -5.62676995426 -0.6615087416 2.9222
12aa12aa-12aa-12aa- -5.59357206595 -0.631304105517 2.9310
12aa12aa-12aa12aa -5.6235045882 -0.650896301895 2.9631
12aa12aa-12aa12aa- -5.64935540286 -0.669672156757 2.9593
12aa12aa12aa -5.8795637103 -0.32680872014 3.4245
12aa12aa12aa-12aa -5.6235045882 -0.650896301895 2.9631
12aa12aa12aa-12aa- -5.59792588737 -0.632120447033 2.9668
12aa12aa12aa12aa -5.56636068209 -0.604636949336 2.9397
12aa12aa12aa12aa- -5.59357206595 -0.631304105517 2.9310
12ae -7.44013657459 0.848995176385 5.5363
12ae12ae -6.49399675783 -0.422864905161 3.8086
12ae12ae- -6.45971041417 -0.392660269078 3.8188
12ae12ae-12ae -6.02759363849 -0.886818999948 3.0477
12ae12ae-12ae-12ae -5.80092281095 -1.16981739208 2.6113
12ae12ae-12ae-12ae- -5.768813378 -1.14451080509 2.6218
12ae12ae-12ae12ae -5.77071817487 -1.13689161761 2.6699
12ae12ae-12ae12ae- -5.79384785115 -1.16274243227 2.6583
12ae12ae12ae -6.02840998001 -0.902601602586 3.1078
12ae12ae12ae-12ae -5.78976614357 -1.17934137643 2.6819
12ae12ae12ae-12ae- -5.76554801194 -1.15212999257 2.6944
12ae12ae12ae12ae -5.76799703648 -1.1608376354 2.6920
12ae12ae12ae12ae- -5.77670467932 -1.18097405946 2.6756
12af -7.14108346598 1.84710873631 5.9692
12af12af -6.05752616074 0.430211978803 4.1397
12af12af- -6.0311311184 0.401367911913 4.1012
12af12af-12af -5.45996417121 -0.112383015336 3.2828
12af12af-12af-12af -5.07029715435 -0.373612300377 2.7895
12af12af-12af-12af- -5.05152129949 -0.34612880268 2.7967
12af12af-12af12af -5.17914268979 -0.410619782425 2.8718
12af12af-12af12af- -5.19846277233 -0.465858891657 2.8491
12af12af12af -5.55057807946 -0.131703097875 3.3454
12af12af12af-12af -5.20717041516 -0.472389623783 2.8553
12af12af12af-12af- -5.18975512949 -0.462049297917 2.8531
12af12af12af12af -5.25968838601 -0.430484092641 2.8842
12af12af12af12af- -5.28417863148 -0.510485561185 2.8504
12ai -7.28775282498 1.8032984083 6.0989
12ai12ai -6.05235599781 0.450892630535 4.1463
12ai12ai- -6.02922632153 0.466947347012 4.1405
12ai12ai-12ai -5.50894466215 -0.0742870779337 3.3057
12ai12ai-12ai-12ai -5.20961943971 -0.357013356223 2.8335
12ai12ai-12ai-12ai- -5.1813196005 -0.31347514205 2.8513
12ai12ai-12ai12ai -5.20417716294 -0.343679778133 2.8774
12ai12ai-12ai12ai- -5.22512992851 -0.372251731184 2.8661
12ai12ai12ai -5.48690344123 -0.0473478079138 3.3426
12ai12ai12ai-12ai -5.20308870758 -0.361095063802 2.8742
12ai12ai12ai-12ai- -5.18104748666 -0.331978883074 2.8854
12ai12ai12ai12ai -5.15955049341 -0.298508880928 2.8750
12ai12ai12ai12ai- -5.1764215514 -0.336060590652 2.8548
12al -6.96910752 1.75159677897 5.7787
12al12al -5.72609150534 0.526540277662 3.9810
12al12al- -5.81616118591 0.575520768607 4.0744
12al12al-12al -5.29070936361 -0.0979609818906 3.0902
12al12al-12al-12al -5.000091784 -0.405177505653 2.6158
12al12al-12al-12al- -4.93941039799 -0.288712782739 2.6414
12al12al-12al12al -4.92308356768 -0.378238235633 2.6140
12al12al-12al12al- -4.98349283984 -0.401367911913 2.6291
12al12al12al -5.09968544892 0.046531466398 3.1610
12al12al12al-12al -4.91219901413 -0.344496119648 2.7087
12al12al12al-12al- -4.86158584016 -0.265583106459 2.7180
12al12al12al12al -4.71899818874 -0.192112370041 2.6813
12al12al12al12al- -4.77695843636 -0.222317006124 2.6955
12ea -7.44068080227 0.849539404062 5.5372
12ea12ea -6.49399675783 -0.422592791322 3.8088
12ea12ea- -6.45998252801 -0.392388155239 3.8190
12ea12ea-12ea -6.02759363849 -0.886818999948 3.0478
12ea12ea-12ea-12ea -5.80119492479 -1.17008950592 2.6113
12ea12ea-12ea-12ea- -5.77670467932 -1.18097405946 2.6756
12ea12ea-12ea12ea -5.78976614357 -1.17934137643 2.6819
12ea12ea-12ea12ea- -5.79384785115 -1.16274243227 2.6583
12ea12ea12ea -6.02868209385 -0.902601602586 3.1079
12ea12ea12ea-12ea -5.77071817487 -1.13689161761 2.6700
12ea12ea12ea-12ea- -5.76554801194 -1.15212999257 2.6944
12ea12ea12ea12ea -5.76799703648 -1.1608376354 2.6920
12ea12ea12ea12ea- -5.768813378 -1.14451080509 2.6219
12ee -7.49836893605 0.669400042919 5.4339
12ee12ee -6.38297431169 -0.921649571287 3.1014
12ee12ee- -6.43522016869 -0.856886477704 3.4619
12ee12ee-12ee -5.97208241542 -1.42016212357 2.3076
12ee12ee-12ee-12ee- -5.7222819116 -1.56383823035 2.2338
12ee12ee-12ee12ee -5.72609150534 -1.61091392442 2.1013
12ee12ee-12ee12ee- -5.73479914818 -1.68601734387 1.9158
12ee12ee12ee -5.93262590883 -1.34424236261 2.5791
12ee12ee12ee-12ee -5.72609150534 -1.61091392442 2.1013
12ee12ee12ee-12ee- -5.71711174867 -1.53771530184 2.3226
12ee12ee12ee12ee -5.6841859742 -1.57744392228 2.2429
12ee12ee12ee12ee- -5.7222819116 -1.56383823035 2.2338
12ef -7.28911339417 0.904778513295 5.3496
12ef12ef -6.18242641265 -0.26340619575 3.5952
12ef12ef- -6.18569177871 -0.283542619805 3.6725
12ef12ef-12ef -5.64200832922 -0.691441263844 2.8876
12ef12ef-12ef-12ef -5.25615090611 -0.981786729614 2.3444
12ef12ef-12ef-12ef- -5.28526708683 -0.989678030933 2.4951
12ef12ef-12ef12ef -5.40581351733 -0.982875184969 2.5657
12ef12ef-12ef12ef- -5.41860286774 -1.01661730095 2.5188
12ef12ef12ef -5.72146557009 -0.746952486916 2.9537
12ef12ef12ef-12ef -5.40554140349 -0.995392421544 2.5385
12ef12ef12ef-12ef- -5.40717408652 -1.04001909107 2.5590
12ef12ef12ef12ef -5.4683997002 -1.01933843934 2.5805
12ef12ef12ef12ef- -5.483910189 -1.07240063786 2.5032
12ei -7.28285477589 0.927363961897 5.4453
12ei12ei -6.11766331907 -0.252521642207 3.5211
12ei12ei- -6.10977201775 -0.160002937088 3.7168
12ei12ei-12ei -5.62432092971 -0.654978009474 2.8427
12ei12ei-12ei-12ei -5.32254668272 -0.981242501937 2.2653
12ei12ei-12ei-12ei- -5.34730904203 -0.933078352508 2.4847
12ei12ei-12ei12ei -5.36499644154 -0.930901441799 2.4966
12ei12ei-12ei12ei- -5.36363587235 -0.921649571287 2.4437
12ei12ei12ei -5.60500084717 -0.699332565163 2.8651
12ei12ei12ei-12ei -5.33560814697 -0.901241033393 2.4822
12ei12ei12ei-12ei- -5.33533603313 -0.909676562389 2.5331
12ei12ei12ei12ei -5.31628806443 -0.938248515441 2.4739
12ei12ei12ei12ei- -5.31873708898 -0.920833229771 2.4353
12el -7.19251298148 0.745591917723 5.0305
12el12el -5.96473534178 -0.177690336596 3.5361
12el12el- -5.94568737308 -0.0672121181305 3.6496
12el12el-12el -5.53071376924 -0.676747116561 2.7661
12el12el-12el-12el -5.31792074746 -1.04355657097 1.6457
12el12el-12el-12el- -5.43574603957 -0.954847459594 1.6755
12el12el-12el12el -5.23465391286 -0.966820468492 2.3779
12el12el-12el12el- -5.27465464713 -0.965459899299 2.3477
12el12el12el -5.39356839459 -0.621508007328 2.8363
12el12el12el-12el -5.17696577908 -0.89416607359 2.4380
12el12el12el-12el- -5.24254521418 -0.902057374909 1.6724
12el12el12el12el -5.06077317 -0.85960761609 2.4335
12el12el12el12el- -5.04390211201 -0.825049158589 2.3770
12fa -7.08067419382 1.80438686366 5.8711
12fa12fa -5.8499033019 0.548309384749 4.0956
12fa12fa- -6.03140323223 0.401640025751 4.1015
12fa12fa-12fa -5.39356839459 -0.0351026851775 3.2985
12fa12fa-12fa-12fa -5.17125138847 -0.377421894117 2.8453
12fa12fa-12fa-12fa- -5.28472285916 -0.510485561185 2.8511
12fa12fa-12fa12fa -5.01260902057 -0.300141563959 2.8521
12fa12fa-12fa12fa- -5.199007 -0.465586777819 2.8497
12fa12fa12fa -5.23547025437 0.0595929306501 3.2783
12fa12fa12fa-12fa -5.06022894233 -0.322182784885 2.8523
12fa12fa12fa-12fa- -5.19002724333 -0.462049297917 2.8537
12fa12fa12fa12fa -4.86566754774 -0.182860499529 2.8057
12fa12fa12fa12fa- -5.05179341333 -0.345856688841 2.7973
12fe -7.27224233618 0.720829558411 5.1190
12fe12fe -6.00664087292 -0.170615376793 3.5908
12fe12fe- -6.18623600639 -0.283270505967 3.6727
12fe12fe-12fe -5.57969426018 -0.628038739454 2.9103
12fe12fe-12fe-12fe -5.37724156428 -0.987229006386 2.4171
12fe12fe-12fe-12fe- -5.48445441668 -1.07212852402 2.5041
12fe12fe-12fe12fe -5.22186456244 -0.86722680357 2.5257
12fe12fe-12fe12fe- -5.41914709542 -1.01634518711 2.5195
12fe12fe12fe -5.43928351947 -0.616065730556 2.8884
12fe12fe12fe-12fe -5.29479107119 -0.923554368157 2.5437
12fe12fe12fe-12fe- -5.4077183142 -1.03974697723 2.5597
12fe12fe12fe12fe -5.11111423014 -0.856886477704 2.4873
12fe12fe12fe12fe- -5.28581131451 -0.989405917095 2.4957
12ff -6.96910752 2.10997070439 5.8874
12ff12ff -5.62649784042 0.810627125144 4.1353
12ff12ff- -5.78296329761 0.618242641265 4.1149
12ff12ff-12ff -5.05832414545 0.265583106459 3.2748
12ff12ff-12ff-12ff -4.73151542531 -0.0315652052758 2.7616
12ff12ff-12ff-12ff- -4.86104161248 -0.172520173663 2.7718
12ff12ff-12ff12ff -4.68797721114 0.0239460177955 2.8224
12ff12ff-12ff12ff- -4.89042990705 -0.188574890139 2.8053
12ff12ff12ff -5.01723495583 0.305855954569 3.2933
12ff12ff12ff-12ff -4.77069981807 -0.0699332565163 2.8090
12ff12ff12ff-12ff- -4.90594039585 -0.224221802994 2.8035
12ff12ff12ff12ff -4.65831680274 0.0527900846855 2.8001
12ff12ff12ff12ff- -4.86076949864 -0.172520173663 2.7717
12fi -6.90788190632 1.88602101523 5.8171
12fi12fi -5.54867328258 0.71538728164 3.9532
12fi12fi- -5.70432239826 0.625861828745 4.0299
12fi12fi-12fi -5.03655503837 0.213881477128 3.1943
12fi12fi-12fi-12fi -4.76552965514 -0.1346963501 2.6727
12fi12fi-12fi-12fi- -4.86267429551 -0.268576358683 2.6629
12fi12fi-12fi12fi -4.64171785858 -0.0503410601382 2.7257
12fi12fi-12fi12fi- -4.82866006569 -0.197010419135 2.7328
12fi12fi12fi -4.89968177756 0.255514894431 3.1377
12fi12fi12fi-12fi -4.69478005711 -0.0759197609652 2.7337
12fi12fi12fi-12fi- -4.80879575547 -0.221772778447 2.7150
12fi12fi12fi12fi -4.51001476071 0.0312930914373 2.6640
12fi12fi12fi12fi- -4.6912425772 -0.115104153721 2.6727
12fl -6.92502507815 2.09582078478 6.0991
12fl12fl -5.41152790794 0.961922419398 4.0958
12fl12fl- -5.58921824453 0.811715580499 4.1087
12fl12fl-12fl -4.9606352774 0.276467660002 3.1449
12fl12fl-12fl-12fl -4.77777477787 0.0157826026379 2.7733
12fl12fl-12fl-12fl- -4.85260608348 0.0590487029729 2.8815
12fl12fl-12fl12fl -4.52552524951 0.0625861828745 2.6493
12fl12fl-12fl12fl- -4.7426720927 -0.10966187695 2.6720
12fl12fl12fl -4.71927030258 0.550214181619 3.2553
12fl12fl12fl-12fl -4.56661443913 0.0740149640951 2.7364
12fl12fl12fl-12fl- -4.65967737193 0.0927908189575 2.8280
12fl12fl12fl12fl -4.29858230813 0.364360429865 2.7627
12fl12fl12fl12fl- -4.47844955543 0.186670093269 2.7437
12ia -7.28802493882 1.8032984083 6.0992
12ia12ia -6.05262811164 0.451164744374 4.1466
12ia12ia- -6.02949843536 0.466947347012 4.1407
12ia12ia-12ia -5.50921677599 -0.0742870779337 3.3059
12ia12ia-12ia-12ia -5.20989155355 -0.356741242385 2.8338
12ia12ia-12ia-12ia- -5.17669366524 -0.336060590652 2.8551
12ia12ia-12ia12ia -5.20336082142 -0.361095063802 2.8745
12ia12ia-12ia12ia- -5.22540204235 -0.371979617346 2.8664
12ia12ia12ia -5.4874476689 -0.0473478079138 3.3429
12ia12ia12ia-12ia -5.20444927678 -0.343407664294 2.8778
12ia12ia12ia-12ia- -5.1813196005 -0.331706769235 2.8857
12ia12ia12ia12ia -5.16009472109 -0.298236767089 2.8754
12ia12ia12ia12ia- -5.18159171433 -0.313203028211 2.8517
12ie -7.28258266205 0.92681973422 5.4446
12ie12ie -6.11766331907 -0.252521642207 3.5214
12ie12ie- -6.10977201775 -0.160002937088 3.7168
12ie12ie-12ie -5.62459304355 -0.654705895635 2.8430
12ie12ie-12ie-12ie -5.32281879656 -0.981242501937 2.2656
12ie12ie-12ie-12ie- -5.31928131666 -0.920561115933 2.4357
12ie12ie-12ie12ie -5.33588026081 -0.901241033393 2.4826
12ie12ie-12ie12ie- -5.36390798619 -0.921649571287 2.4441
12ie12ie12ie -5.60527296101 -0.699060451325 2.8656
12ie12ie12ie-12ie -5.36526855538 -0.93062932796 2.4970
12ie12ie12ie-12ie- -5.33588026081 -0.909676562389 2.5336
12ie12ie12ie12ie -5.31683229211 -0.937976401602 2.4745
12ie12ie12ie12ie- -5.34758115587 -0.932806238669 2.4852
12if -6.95386914504 1.97445801277 5.9557
12if12if -5.69234938936 0.603004266304 3.9177
12if12if- -5.70405028442 0.625861828745 4.0297
12if12if-12if -5.09288260296 0.154016432639 3.1772
12if12if-12if-12if -4.69314737407 -0.11537626756 2.6498
12if12if-12if-12if- -4.69097046337 -0.115104153721 2.6723
12if12if-12if12if -4.77342095646 -0.138233830001 2.7350
12if12if-12if12if- -4.82838795185 -0.197010419135 2.7325
12if12if12if -5.13070642652 0.0794572408668 3.1331
12if12if12if-12if -4.8117890077 -0.204629606616 2.7167
12if12if12if-12if- -4.80852364163 -0.221772778447 2.7146
12if12if12if12if -4.80525827557 -0.191296028525 2.6758
12if12if12if12if- -4.86240218167 -0.268848472522 2.6625
12ii -7.01046882346 1.88983060897 5.9661
12ii12ii -5.62867475113 0.542050766461 3.7534
12ii12ii- -5.65425345196 0.682461507171 4.0206
12ii12ii-12ii -5.09369894447 0.143948220611 3.1172
12ii12ii-12ii-12ii -4.74158363734 -0.17306440134 2.5504
12ii12ii-12ii-12ii- -4.69423582943 -0.155921229509 2.5623
12ii12ii-12ii12ii -4.74702591411 -0.151023180415 2.6472
12ii12ii-12ii12ii- -4.78566607919 -0.148846269706 2.6610
12ii12ii12ii -5.0107042237 0.0770082163195 2.9847
12ii12ii12ii-12ii -4.74702591411 -0.151023180415 2.6473
12ii12ii12ii-12ii- -4.70702517984 -0.149118383545 2.6349
12ii12ii12ii12ii -4.64743224919 -0.15183952193 2.5354
12ii12ii12ii12ii- -4.69423582943 -0.155649115671 2.5623
12il -6.87550035952 1.92030735889 5.8383
12il12il -5.51819653266 0.734707364179 3.9357
12il12il- -5.51874076034 0.822055906365 4.0360
12il12il-12il -5.00988788219 0.166805783053 3.0620
12il12il-12il-12il -4.76933924888 -0.0614977275202 2.6304
12il12il-12il-12il- -4.70648095216 0.0810899238983 2.6692
12il12il-12il12il -4.64579956616 -0.0987773234063 2.5879
12il12il-12il12il- -4.68389550356 -0.103403258662 2.6129
12il12il12il -4.86457909238 0.293882945672 3.1267
12il12il12il-12il -4.6221256622 -0.0536064262012 2.6659
12il12il12il-12il- -4.56688655297 0.0568717922642 2.6515
12il12il12il12il -4.47137459563 0.0838110622842 2.6570
12il12il12il12il- -4.48824565362 0.0715659395478 2.6458
12la -7.1693833052 1.89364020271 6.0334
12la12la -5.88010793798 0.418511083744 3.7407
12la12la- -5.81643329975 0.575520768607 4.0747
12la12la-12la -5.36907814912 -0.219323753899 2.9826
12la12la-12la-12la -4.98022747378 -0.466403119335 2.5613
12la12la-12la-12la- -4.7772305502 -0.222317006124 2.6958
12la12la-12la12la -5.02811950937 -0.485995315713 2.5968
12la12la-12la12la- -4.98376495368 -0.401367911913 2.6297
12la12la12la -5.30322660018 -0.100954234115 3.0242
12la12la12la-12la -5.0501607303 -0.504226942898 2.6070
12la12la12la-12la- -4.86213006784 -0.265583106459 2.7184
12la12la12la12la -4.96852657872 -0.372523845023 2.6089
12la12la12la12la- -4.93995462567 -0.288712782739 2.6419
12le -7.29591624014 0.927636075736 5.3960
12le12le -5.80228338015 -0.565452556579 1.6436
12le12le- -5.94595948692 -0.0672121181305 3.6498
12le12le-12le -5.63166800335 -0.825865500105 2.6391
12le12le-12le-12le -5.26349797975 -1.08791112666 2.1823
12le12le-12le-12le- -5.04417422585 -0.825049158589 2.3774
12le12le-12le12le -5.36418010002 -1.03131144824 1.6405
12le12le-12le12le- -5.27547098865 -0.965187785461 2.3484
12le12le12le -5.68690711259 -0.845729810322 1.6499
12le12le12le-12le -5.42567782754 -1.1262791779 1.6628
12le12le12le-12le- -5.24336155569 -0.90178526107 1.6740
12le12le12le12le -5.50703986528 -1.00954234115 1.6560
12le12le12le12le- -5.43710660877 -0.954575345756 1.6771
12lf -7.02189760468 2.16602615514 6.0264
12lf12lf -5.78813346054 0.870220055795 3.6427
12lf12lf- -5.58921824453 0.81144346666 4.1086
12lf12lf-12lf -5.09369894447 0.125716593426 3.0668
12lf12lf-12lf-12lf -4.63600346797 -0.049796832461 2.5868
12lf12lf-12lf-12lf- -4.47844955543 0.186670093269 2.7435
12lf12lf-12lf12lf -4.82076876437 -0.0908860220874 2.7350
12lf12lf-12lf12lf- -4.7426720927 -0.10966187695 2.6719
12lf12lf12lf -5.23547025437 0.366809454412 3.4073
12lf12lf12lf-12lf -4.81940819518 -0.113743584528 2.7242
12lf12lf12lf-12lf- -4.65967737193 0.0925187051189 2.8278
12lf12lf12lf12lf -4.92199511232 0.106124397048 2.9715
12lf12lf12lf12lf- -4.85315031116 0.0587765891343 2.8815
12li -6.98625069183 2.01609143008 6.0267
12li12li -5.65779093186 0.585044752958 2.9803
12li12li- -5.51874076034 0.822055906365 4.0362
12li12li-12li -5.07301829274 0.0840831761227 2.9978
12li12li-12li-12li -4.67273883618 -0.137689602324 2.5245
12li12li-12li-12li- -4.48851776746 0.0715659395478 2.6459
12li12li-12li12li -4.79029201445 -0.0985052095677 2.6779
12li12li-12li12li- -4.6841676174 -0.103403258662 2.6132
12li12li12li -5.12771317429 0.25578700827 2.9218
12li12li12li-12li -4.73913461279 -0.147213586674 2.5866
12li12li12li-12li- -4.56743078065 0.0565996784257 2.6523
12li12li12li12li -4.80661884476 0.0848995176385 2.7325
12li12li12li12li- -4.70729729368 0.0810899238983 2.6703
12ll -6.86924174124 2.13337249451 6.0807
12ll12ll -5.63166800335 0.925731278866 4.1410
12ll12ll- -5.31873708898 1.045189254 4.0726
12ll12ll-12ll -5.02648682634 0.116192609076 2.9837
12ll12ll-12ll-12ll -4.73695770209 -0.0481641494295 2.6316
12ll12ll-12ll-12ll- -4.48824565362 0.361367177641 2.8276
12ll12ll-12ll12ll -4.72117509945 -0.0971446403748 2.6137
12ll12ll-12ll12ll- -4.57940378955 -0.017687399508 2.5688
12ll12ll12ll -5.0107042237 0.500689462996 3.3600
12ll12ll12ll-12ll -4.65641200587 -0.0212248794096 2.6596
12ll12ll12ll-12ll- -4.41885662478 0.363271974511 2.8267
12ll12ll12ll12ll -4.64607168 0.300413677798 2.9097
12ll12ll12ll12ll- -4.4887898813 0.361639291479 2.8280
2 -8.88587739899 1.83295881671 7.7179
22 -7.44122502994 0.281909936774 5.7305
22- -7.33455640522 0.0848995176385 4.9763
22-2 -6.49318041631 -0.71729207851 3.7255
22-2- -6.5805289585 -0.619875324296 4.0777
22-2-2 -6.03439648446 -1.13308202387 3.3082
22-2-2- -6.08664234147 -1.08872746818 3.4875
22-22 -6.02215136172 -1.15512324479 3.2020
22-22- -5.95412290208 -1.20709698796 3.0277
222 -6.64828530431 -0.530077757563 4.5054
222- -6.5805289585 -0.619603210458 4.0779
222-2 -6.02215136172 -1.15485113095 3.2022
222-2- -6.09398941511 -1.09008803737 3.4186
2222 -6.13997665383 -1.03702583885 3.7419
2222- -6.08664234147 -1.08845535434 3.4877
4aa -8.28586638491 1.24736983607 5.6400
4aa4aa -6.98625069183 0.00979609818906 4.4571
4aa4aa- -6.98597857799 0.0106124397048 4.4485
4aa4aa-4aa -6.4197096799 -0.50966921967 3.6692
4aa4aa-4aa-4aa -6.11330949765 -0.78450419664 3.2559
4aa4aa-4aa-4aa- -6.11385372533 -0.785048424317 3.2565
4aa4aa-4aa4aa -6.11358161149 -0.784776310479 3.2549
4aa4aa-4aa4aa- -6.11303738381 -0.783959968963 3.2543
4aa4aa4aa -6.42025390757 -0.510485561185 3.6739
4aa4aa4aa-4aa -6.11276526997 -0.783959968963 3.2549
4aa4aa4aa-4aa- -6.11330949765 -0.78450419664 3.2555
4aa4aa4aa4aa -6.11358161149 -0.785048424317 3.2572
4aa4aa4aa4aa- -6.11303738381 -0.784232082802 3.2565
4ae -7.54000235335 0.268032131006 5.1764
4ae4ae -6.98244109809 -0.399463115043 3.7887
4ae4ae- -6.85291491092 -0.464770436303 3.1717
4ae4ae-4ae -6.3563071555 -0.743142893175 3.1723
4ae4ae-4ae-4ae -6.1002480334 -0.954031118079 3.1049
4ae4ae-4ae-4ae- -6.11711909139 -0.939064856957 3.1327
4ae4ae-4ae4ae -6.06813860044 -0.909948676228 3.1264
4ae4ae-4ae4ae- -6.045281038 -0.922738026641 3.1116
4ae4ae4ae -6.4888265949 -0.786953221188 3.4997
4ae4ae4ae-4ae -6.12310559584 -0.997297218414 3.0934
4ae4ae4ae-4ae- -6.14732372747 -0.988861689418 3.0828
4ae4ae4ae4ae -6.19276673852 -1.00600486125 3.1370
4ae4ae4ae4ae- -6.17535145285 -1.02178746389 3.1060
4af -7.33482851906 1.34533081796 5.3134
4af4af -6.53699074433 0.312930914373 4.3487
4af4af- -6.51631009259 0.304495385377 4.2865
4af4af-4af -6.14786795515 -0.26150139888 3.6152
4af4af-4af-4af -5.93834029944 -0.569534264158 3.2590
4af4af-4af-4af- -5.90487029729 -0.53851328656 3.2584
4af4af-4af4af -5.8689512706 -0.537696945044 3.2431
4af4af-4af4af- -5.82758996713 -0.508036536638 3.2315
4af4af4af -5.98024583058 -0.115920495237 3.6989
4af4af4af-4af -5.73724817272 -0.393748724432 3.2746
4af4af4af-4af- -5.70105703219 -0.362183519157 3.2757
4af4af4af4af -5.64418523993 -0.349666282582 3.3093
4af4af4af4af- -5.59983068424 -0.316468394274 3.2937
4ai -7.64884788878 1.38805269062 5.4162
4ai4ai -6.75386547368 0.269664814038 4.4662
4ai4ai- -6.74842319691 0.289529124254 4.3623
4ai4ai-4ai -6.16718803769 -0.161363506281 3.7334
4ai4ai-4ai-4ai -5.88146850717 -0.391299699885 3.3959
4ai4ai-4ai-4ai- -5.8950741991 -0.397558318173 3.4071
4ai4ai-4ai4ai -5.85725037554 -0.400551570397 3.3558
4ai4ai-4ai4ai- -5.84391679745 -0.394837179787 3.3464
4ai4ai4ai -6.23222324511 -0.172792287501 3.8116
4ai4ai4ai-4ai -5.88473387324 -0.403544822621 3.3816
4ai4ai4ai-4ai- -5.89806745133 -0.40953132707 3.3906
4ai4ai4ai4ai -5.93697973025 -0.41143612394 3.4355
4ai4ai4ai4ai- -5.92337403832 -0.404361164137 3.4244
4al -7.29401144327 1.38805269062 5.3422
4ea -7.53809755648 0.248167820789 5.1734
4ea4ea -6.98679491951 -0.421232222129 4.1152
4ea4ea- -6.88203109165 -0.475382876008 3.5465
4ea4ea-4ea -6.37154553047 -0.766544683294 3.4053
4ea4ea-4ea-4ea -6.11222104229 -0.989133803256 3.0805
4ea4ea-4ea-4ea- -6.18161007113 -1.05280844149 3.0875
4ea4ea-4ea4ea -6.13208535251 -1.02124323621 3.0712
4ea4ea-4ea4ea- -6.06106364064 -0.947500385953 3.0838
4ea4ea4ea -6.49018716409 -0.820151109495 3.4788
4ea4ea4ea-4ea -6.08065583702 -0.945323475244 3.0953
4ea4ea4ea-4ea- -6.15331023192 -1.02205957772 3.0837
4ea4ea4ea4ea -6.19739267377 -1.04410079865 3.1144
4ea4ea4ea4ea- -6.12773153109 -0.980970388099 3.1046
4ee -7.19577834754 -0.397014090495 4.5593
4ee4ee -6.92992312724 -0.868859486602 3.5556
4ee4ee4ee -6.53535806129 -1.16165397692 3.2540
4ee4ee4ee4ee -6.252631783 -1.32954821533 2.9336
4ef -6.91087515854 0.704502728096 4.9338
4ef4ef -6.51794277562 -0.0155104887993 4.1109
4ef4ef- -3.50455412714 -0.496607755417 -0.2370
4ef4ef-4ef -2.88032498142 -0.568173694965 -0.5314
4ef4ef-4ef-4ef -3.36713663865 -0.618514755104 -0.3471
4ef4ef-4ef-4ef- -3.31625135083 -0.529533529886 -0.3534
4ef4ef-4ef4ef -2.89120953496 -0.604636949336 -0.5592
4ef4ef4ef -6.10487396865 -0.361095063802 3.6032
4ef4ef4ef-4ef -2.97665328028 -0.596745648017 -0.5082
4ef4ef4ef-4ef- -3.36985777704 -0.557289141422 -0.2710
4ef4ef4ef4ef -5.81670541359 -0.547220929394 3.2716
4ef4ef4ef4ef- -3.43625355365 -0.498240438449 -0.1742
4ei -7.10734135 0.450076289019 5.0112
4ei4ei -6.68393221716 -0.178506678112 4.0710
4ei4ei- -4.77886323323 -0.0351026851775 1.4200
4ei4ei-4ei -4.25177872789 -0.31728473579 1.3834
4ei4ei-4ei-4ei -4.64634379384 -0.518648976343 1.3679
4ei4ei-4ei-4ei- -4.63137753272 -0.571439061028 1.4130
4ei4ei-4ei4ei -4.18402238208 -0.518921090181 1.3753
4ei4ei-4ei4ei- -4.03980204763 -0.534431578981 1.3668
4ei4ei4ei -6.29480942798 -0.499056779965 3.6199
4ei4ei4ei-4ei -4.29450060055 -0.602460038627 1.3432
4ei4ei4ei-4ei- -4.73967884047 -0.609262884592 1.3562
4ei4ei4ei4ei -6.0297705492 -0.687903783943 3.3035
4ei4ei4ei4ei- -4.83954461923 -0.638106951482 1.3521
4el -6.87413979033 0.7306256566 4.9545
4fa -7.34081502351 1.3314530122 5.3153
4fa4fa -6.5650184697 0.299325222443 4.3485
4fa4fa- -6.87277922114 0.00625861828745 4.2308
4fa4fa-4fa -6.14677949979 -0.262861968073 3.6068
4fa4fa-4fa-4fa -5.92854420125 -0.565452556579 3.2518
4fa4fa-4fa-4fa- -6.20229072287 -0.814708832723 3.2678
4fa4fa-4fa4fa -5.75003752314 -0.41143612394 3.2654
4fa4fa-4fa4fa- -6.02704941082 -0.697699882132 3.2349
4fa4fa4fa -6.00745721444 -0.13660114697 3.6904
4fa4fa4fa-4fa -5.87276086434 -0.540145969591 3.2372
4fa4fa4fa-4fa- -6.14079299535 -0.786953221188 3.2513
4fa4fa4fa4fa -5.67493410369 -0.372795958861 3.3017
4fa4fa4fa4fa- -5.9380681856 -0.65579435099 3.2616
4fe -6.91713377683 0.72300646912 4.9309
4fe4fe -6.5424330211 0.0146941472836 4.0571
4fe4fe- -4.50593305313 -0.474838648331 0.3480
4fe4fe-4fe -3.58020177426 -1.1728106443 -0.5781
4fe4fe-4fe-4fe -3.5423779507 -0.850355745578 0.3110
4fe4fe-4fe-4fe- -4.99981967016 -1.11539462436 0.5148
4fe4fe-4fe4fe -3.58319502649 -1.1763481242 -0.5203
4fe4fe-4fe4fe- -3.7723141443 -1.37335854334 -0.5100
4fe4fe4fe -6.14296990605 -0.325176037109 3.6478
4fe4fe4fe-4fe -3.54373851989 -1.18723267775 -0.5840
4fe4fe4fe-4fe- -4.80416982022 -1.0106307965 0.4750
4fe4fe4fe4fe -5.85833883089 -0.506675967445 3.3182
4fe4fe4fe4fe- -4.43545556893 -0.775252326128 0.3215
4ff -6.55358968848 1.29825512389 4.7879
4ff4ff -5.98759290422 0.606813860044 4.1037
4ff4ff- -5.25778358914 0.154016432639 2.9037
4ff4ff-4ff -4.45151028541 -0.159186595572 2.0470
4ff4ff-4ff-4ff -4.87818478431 -0.518376862504 2.3317
4ff4ff-4ff-4ff- -5.3146553814 -0.749673625301 2.4971
4ff4ff-4ff4ff -4.32960328572 -0.290617579609 1.9420
4ff4ff-4ff4ff- -4.50457248393 -0.60572540469 1.8756
4ff4ff4ff -5.51384271125 0.264766764943 3.5937
4ff4ff4ff-4ff -4.30919474783 -0.278644570711 1.9350
4ff4ff4ff-4ff- -5.06703178829 -0.506131739768 2.4618
4ff4ff4ff4ff -5.19628586162 0.0878927698629 3.2526
4ff4ff4ff4ff- -4.86784445845 -0.212520907935 2.5870
4fi -6.82026125029 1.35893650989 4.9820
4fi4fi -6.21208682105 0.537969058882 4.1869
4fi4fi- -5.64799483367 0.118369519784 2.8198
4fi4fi-4fi -3.58455559568 -0.297420425573 0.8307
4fi4fi-4fi-4fi -3.44441696881 -0.521642228567 0.7065
4fi4fi-4fi-4fi- -5.77670467932 -0.630487764001 2.8094
4fi4fi-4fi4fi -3.41883826798 -0.373884414216 0.7655
4fi4fi-4fi4fi- -3.63135917592 -0.632936788549 0.7503
4fi4fi4fi -5.7533028892 0.156193343348 3.6848
4fi4fi4fi-4fi -3.60469201973 -0.448443605988 0.8180
4fi4fi4fi-4fi- -5.68745134026 -0.545044018686 2.7697
4fi4fi4fi4fi -5.45343343908 -0.0503410601382 3.3571
4fi4fi4fi4fi- -5.54812905491 -0.346945144196 2.7131
4fl -6.53916765503 1.34233756574 4.8338
4ia -7.64313349817 1.37716813708 5.4178
4ia4ia -6.74162035094 0.272658066262 4.4722
4ia4ia- -6.70542921041 0.306944409924 4.4069
4ia4ia-4ia -6.11167681462 -0.137689602324 3.7086
4ia4ia-4ia-4ia -5.83031110552 -0.379326690987 3.3626
4ia4ia-4ia-4ia- -5.88636655627 -0.412796693133 3.3871
4ia4ia-4ia4ia -5.837930293 -0.399191001204 3.3476
4ia4ia-4ia4ia- -5.7807863869 -0.368442137444 3.3177
4ia4ia4ia -6.20610031661 -0.179050905789 3.7864
4ia4ia4ia-4ia -5.80092281095 -0.376061324924 3.3300
4ia4ia4ia-4ia- -5.85833883089 -0.407354416362 3.3596
4ia4ia4ia4ia -5.90568663881 -0.421232222129 3.4010
4ia4ia4ia4ia- -5.84935907422 -0.386945878468 3.3766
4ie -7.10598078081 0.468852143882 5.0115
4ie4ie -6.67413611897 -0.155104887993 3.8154
4ie4ie- -4.7913804698 -0.402456367267 1.0538
4ie4ie-4ie -4.22375100252 -0.508308650477 1.0320
4ie4ie-4ie-4ie -4.62103720685 -0.66531833534 0.9945
4ie4ie-4ie-4ie- -4.90376348514 -0.765456227939 0.9835
4ie4ie-4ie4ie -4.28715352691 -0.740965982467 0.9781
4ie4ie-4ie4ie- -4.00986952539 -0.64028386219 1.0361
4ie4ie4ie -6.27684991464 -0.472389623783 3.6197
4ie4ie4ie-4ie -4.14810335539 -0.594568737308 1.0298
4ie4ie4ie-4ie- -4.77750266404 -0.708584435675 0.9941
4ie4ie4ie4ie -6.00201493767 -0.660148172407 3.2977
4ie4ie4ie4ie- -4.62103720685 -0.604909063174 1.0565
4if -6.81128149362 1.37580756789 4.9845
4if4if -6.18324275416 0.555112230713 4.2046
4if4if- -3.40985851131 0.197282532974 1.0193
4if4if-4if -3.57176624527 -0.260957171203 0.9062
4if4if-4if-4if -3.41992672334 -0.50966921967 0.7434
4if4if-4if-4if- -3.33693200257 -0.410619782425 0.7442
4if4if-4if4if -3.5995218568 -0.418238969905 0.8901
4if4if-4if4if- -3.32060517225 -0.485451088035 0.8471
4if4if4if -5.71085313038 0.173336515179 3.6898
4if4if4if-4if -3.40550468989 -0.333611566105 0.8489
4if4if4if-4if- -3.21502500288 -0.264766764943 0.7576
4if4if4if4if -5.40200392359 -0.0337421159845 3.3504
4if4if4if4if- -3.12114572857 -0.132519439391 0.9197
4ii -7.09101451968 1.42886976641 5.1381
4ii4ii -6.43304325799 0.521642228567 4.3312
4ii4ii4ii -5.97289875694 0.118641633623 3.8214
4ii4ii4ii4ii -5.6926215032 -0.0963282988591 3.4940
4il -6.78488645128 1.41444773296 5.0203
4la -7.28094997902 1.3850594384 5.3403
4la4la- -6.45862195881 0.367897909767 4.2833
4la4la-4la-4la- -5.50976100367 -0.312930914373 3.2067
4le -6.87060231043 0.742870779337 4.9497
4le4le- -3.49557437046 0.0155104887993 0.1535
4le4le-4le-4le- -3.44087948891 -0.064218865906 0.2229
4lf -6.52964367068 1.35648748535 4.8348
4lf4lf- -4.9845812952 0.330618313881 2.4907
4lf4lf-4lf-4lf- -4.64335054161 -0.319461646499 2.0949
4li -6.7808047437 1.41172659458 5.0167
4li4li- -3.18400402528 0.365176771381 0.9043
4li4li-4li-4li- -2.93039392772 -0.0710217118707 0.7906
4ll -6.49127561944 1.39050171517 4.8623
