1111- -10.961117994 -2.44541432744 1.87112375698
1111-11- -10.5894359996 -3.30917535387 1.1109676268
1111-11-11 -8.02573180498 -3.09134107726 1.00552020469
1111-11 -9.95494324847 -3.2537034047 0.736179914767
1111-1111- -9.78520979199 -3.63305928313 0.286792023561
1111-1111 -10.0153950387 -3.73626031993 0.348319702343
1111 -10.9081469342 -2.35211607526 1.86579430929
111111- -10.5863691769 -3.30773427691 1.11045818206
111111-11- -10.4260279926 -3.83116616719 0.674549288682
111111-11 -10.017343135 -3.735568806 0.349830032974
111111 -10.6703170661 -3.2673207101 1.09758199074
11111111- -8.7443178819 -3.7635969252 0.263021844395
11111111 -10.882041845 -3.78177136557 0.901789054816
12aa -8.27287479381 0.608713047732 4.60368264796
12aa12aa- -7.03876324296 -0.385620579652 3.14795744517
12aa12aa-12aa-12aa- -6.2429756781 -0.993415272054 2.15191803614
12aa12aa-12aa-12aa -6.26096298032 -1.01578622352 2.1435496788
12aa12aa-12aa -6.54073701689 -0.803976607671 2.5096258135
12aa12aa-12aa12aa- -6.27020168538 -1.03612892018 2.1721466538
12aa12aa-12aa12aa -6.25876946046 -1.02233287571 2.17714375233
12aa12aa -7.05169272253 -0.39391568451 3.14214494452
12aa12aa12aa-12aa- -6.24700449449 -1.00849845918 2.18208996447
12aa12aa12aa-12aa -6.25876585671 -1.0223187712 2.17716398642
12aa12aa12aa -6.52655391867 -0.779967454995 2.52133513039
12aa12aa12aa12aa- -6.24296997701 -0.993384486761 2.15195376063
12aa12aa12aa12aa -6.22866587479 -0.972955361608 2.16097348068
12ae -7.95823538726 0.262313462401 4.01006335197
12ae12ae- -6.8910913375 -0.689430532134 2.84172110999
12ae12ae-12ae-12ae- -6.19207630434 -1.25147458063 1.91867370637
12ae12ae-12ae-12ae -6.20176301725 -1.27437398357 1.90369754843
12ae12ae-12ae -6.44859322666 -1.07645074289 2.24020679175
12ae12ae-12ae12ae- -6.20421356735 -1.29316209997 1.93882418059
12ae12ae-12ae12ae -6.19592522047 -1.27585862189 1.94776994791
12ae12ae -6.92786180699 -0.708621039617 2.8434199021
12ae12ae12ae-12ae- -6.19451874064 -1.28065412514 1.97420205323
12ae12ae12ae-12ae -6.2040807395 -1.29882160647 1.96482773658
12ae12ae12ae -6.46290713606 -1.07783191943 2.29961972682
12ae12ae12ae12ae- -6.20066335144 -1.28402975425 1.96588658634
12ae12ae12ae12ae -6.19995319366 -1.26664731418 1.97916586226
12af -8.06401071508 0.599019066367 4.42352883004
12af12af- -6.88462331897 -0.398496672829 3.00700671441
12af12af-12af-12af- -6.04156832376 -0.948001711779 2.05730300947
12af12af-12af-12af -6.04420231246 -0.969151198074 2.04772399535
12af12af-12af -6.36186789813 -0.781240912262 2.39419045082
12af12af-12af12af- -6.10136873372 -1.03117676801 2.07839224159
12af12af-12af12af -6.08475422315 -0.998872151708 2.08687918515
12af12af -6.90109319945 -0.390402867747 3.01691846558
12af12af12af-12af- -6.09869454023 -1.02261406758 2.09017100704
12af12af12af-12af -6.09972618534 -1.03126101353 2.08532575195
12af12af12af -6.39837456723 -0.784107149241 2.42553697267
12af12af12af12af- -6.13122108825 -1.03624073504 2.07121690859
12af12af12af12af -6.11146022806 -0.987201874981 2.08449199204
12ai -7.91876059686 0.760374302138 4.42640230846
12ai12ai- -6.65489587133 -0.144184581824 3.02548595076
12ai12ai-12ai-12ai- -5.84610883002 -0.680908826468 2.07967971647
12ai12ai-12ai-12ai -5.86076086105 -0.721246172162 2.06691685587
12ai12ai-12ai -6.14862220908 -0.532716387142 2.40886152558
12ai12ai-12ai12ai- -5.86691044196 -0.749769946158 2.08868772444
12ai12ai-12ai12ai -5.8588251172 -0.726904038029 2.09749237539
12ai12ai -6.68533383679 -0.153507338759 3.03514171358
12ai12ai12ai-12ai- -5.83250025797 -0.705985449374 2.10953832343
12ai12ai12ai-12ai -5.84160743219 -0.72914505721 2.10084552249
12ai12ai12ai -6.13314275012 -0.49331249946 2.44399204874
12ai12ai12ai12ai- -5.81376195579 -0.688484463366 2.08718974745
12ai12ai12ai12ai -5.80718344529 -0.651823184179 2.10311649784
12al -7.9524459246 0.654476250279 4.37973343073
12al12al- -6.70314670687 -0.222231489191 3.01220657894
12al12al-12al-12al- -5.84313062851 -0.790541774983 1.9855873272
12al12al-12al-12al -5.93645395169 -0.891921130482 1.98628142766
12al12al-12al -6.2499260394 -0.694867941543 2.35693358371
12al12al-12al12al- -5.9312730517 -0.899658593533 2.02568906311
12al12al-12al12al -5.93405497168 -0.896476634659 2.03121114345
12al12al -6.71920699945 -0.25367157502 2.9954994768
12al12al12al-12al- -5.83419497943 -0.799311004364 2.05312915752
12al12al12al-12al -5.91981292818 -0.875319634076 2.06278402512
12al12al12al -6.1585091948 -0.600383634278 2.40160181845
12al12al12al12al- -5.82322689948 -0.777283552552 2.05207292597
12al12al12al12al -5.82637149998 -0.7652170984 2.0606346419
12ea -7.95875895255 0.262730903435 4.00994234624
12ea12ea- -6.89131526298 -0.689310668309 2.8419473803
12ea12ea-12ea-12ea- -6.20079406853 -1.28398623332 1.96597429915
12ea12ea-12ea-12ea -6.20189089913 -1.27432503558 1.90383558078
12ea12ea-12ea -6.44875314519 -1.07638559551 2.24035822904
12ea12ea-12ea12ea- -6.20433217892 -1.29312815302 1.93895148158
12ea12ea-12ea12ea -6.2041989415 -1.29878882021 1.96493462697
12ea12ea -6.92812877247 -0.708501620728 2.84362922942
12ea12ea12ea-12ea- -6.19463807078 -1.28059335304 1.97433586435
12ea12ea12ea-12ea -6.19604493925 -1.27579793524 1.94792164752
12ea12ea12ea -6.46309418677 -1.07774570432 2.29976041874
12ea12ea12ea12ea- -6.19221405951 -1.2513642536 1.91885482227
12ea12ea12ea12ea -6.20008954347 -1.26656465936 1.97928462259
12ee -7.91724896322 0.0847929055769 3.99007650709
12ee12ee- -6.76934017157 -0.939852604332 2.59315069052
12ee12ee-12ee-12ee- -6.10586654674 -1.50354979612 1.68406434053
12ee12ee-12ee -6.30465541691 -1.31638694345 1.82900891772
12ee12ee-12ee12ee- -6.05132555314 -1.51054906399 1.52856148449
12ee12ee-12ee12ee -6.07885754143 -1.51170212204 1.62430901419
12ee12ee -6.80025807282 -0.97165233801 1.90798640953
12ee12ee12ee-12ee- -6.10511963531 -1.51302998438 1.73276724858
12ee12ee12ee-12ee -6.07885378034 -1.51168161929 1.624339034
12ee12ee12ee -6.35792207503 -1.32925514416 1.8808834258
12ee12ee12ee12ee- -6.10586566685 -1.50351391602 1.68412141023
12ee12ee12ee12ee -6.11109225503 -1.51350716201 1.71792489644
12ef -7.93957524375 0.230826853903 4.00518130522
12ef12ef- -6.7984865366 -0.717961620737 2.73779015456
12ef12ef-12ef-12ef- -6.05267011923 -1.25881309277 1.87141167787
12ef12ef-12ef-12ef -6.02493096044 -1.24319516778 1.79453954763
12ef12ef-12ef -6.3155870023 -1.06241768727 2.13328222221
12ef12ef-12ef12ef- -6.08438238025 -1.29650578108 1.84459867495
12ef12ef-12ef12ef -6.08049584587 -1.28221932167 1.87388576462
12ef12ef -6.8234676604 -0.702788558075 2.71349905802
12ef12ef12ef-12ef- -6.08798497891 -1.29398142077 1.88541105191
12ef12ef12ef-12ef -6.07392359819 -1.27968425876 1.85616084129
12ef12ef12ef -6.36408432269 -1.07430741336 2.19471006603
12ef12ef12ef12ef- -6.1049289068 -1.28960852057 1.8365514393
12ef12ef12ef12ef -6.10840370864 -1.27257625369 1.89198164541
12ei -7.81323673851 0.351998020653 4.01256264995
12ei12ei- -6.57276783404 -0.480487864645 2.74658186028
12ei12ei-12ei-12ei- -5.86943911417 -1.05291029741 1.8460910923
12ei12ei-12ei-12ei -5.83536105545 -1.05804202487 1.73522351599
12ei12ei-12ei -6.11537122743 -0.856973814175 2.11601003777
12ei12ei-12ei12ei- -5.86392246931 -1.0673915887 1.81679376742
12ei12ei-12ei12ei -5.8727574456 -1.07104682709 1.85014674555
12ei12ei -6.61825459475 -0.52746050968 2.66241588711
12ei12ei12ei-12ei- -5.84510207621 -1.04816410124 1.86950349081
12ei12ei12ei-12ei -5.83877404114 -1.04569126448 1.83647119252
12ei12ei12ei -6.12513488845 -0.868117025065 2.15588487558
12ei12ei12ei12ei- -5.8142284556 -1.02224146535 1.81090063154
12ei12ei12ei12ei -5.84236007507 -1.03990386239 1.85545613272
12el -7.94917512872 0.212624930137 3.10094375185
12el12el- -6.6322352739 -0.559556543935 2.73985023833
12el12el-12el-12el- -4.61752093427 0.108187147246 0.924293131246
12el12el-12el-12el -5.03268003766 -0.601592324432 0.962728690562
12el12el-12el -6.24260439253 -1.00484277384 2.10936574208
12el12el-12el12el- -5.19494011463 -1.23120577313 0.3044363518
12el12el-12el12el -5.98548552204 -1.21749403101 1.83474406677
12el12el -6.72215482395 -0.61853171136 2.72363518147
12el12el12el-12el- -4.85192758993 -0.519111213439 0.955120500812
12el12el12el-12el -5.94981277198 -1.17720424349 1.84211413977
12el12el12el -6.21616830931 -0.960252906864 2.19361944665
12el12el12el12el- -5.87376254687 -1.09940355556 1.82608451808
12el12el12el12el -5.92634167424 -1.13334269416 1.8852480528
12fa -8.04059126746 0.596066923919 4.39978830273
12fa12fa- -6.88481347359 -0.398365475876 3.00718731641
12fa12fa-12fa-12fa- -6.13136843363 -1.03609348898 2.07145456163
12fa12fa-12fa-12fa -6.08333363012 -0.979129766231 2.05748624455
12fa12fa-12fa -6.33618204242 -0.751667844502 2.40209314421
12fa12fa-12fa12fa- -6.10146543327 -1.03106741579 2.07864192655
12fa12fa-12fa12fa -6.02032949996 -0.955512821141 2.09122712213
12fa12fa -6.82402365078 -0.335781862785 3.01544578644
12fa12fa12fa-12fa- -6.09879442882 -1.02248306797 2.09043225015
12fa12fa12fa-12fa -6.04411045852 -0.963076101101 2.08417841846
12fa12fa12fa -6.27907095908 -0.697339844075 2.42075118516
12fa12fa12fa12fa- -6.04164571655 -0.947841518479 2.05760223533
12fa12fa12fa12fa -5.96000029261 -0.87416230576 2.07986200414
12fe -7.96655802494 0.182114397298 4.03265620948
12fe12fe- -6.79846541923 -0.71796125141 2.73774138524
12fe12fe-12fe-12fe- -6.10502384871 -1.28952435646 1.83670211759
12fe12fe-12fe-12fe -6.05718248398 -1.24807402458 1.80328028851
12fe12fe-12fe -6.29038872429 -1.03539334312 2.1420583945
12fe12fe-12fe12fe- -6.08439299261 -1.29645816129 1.84473771417
12fe12fe-12fe12fe -6.00327038683 -1.22115258537 1.86165961284
12fe12fe -6.76374185304 -0.662554786612 2.73573179445
12fe12fe12fe-12fe- -6.08802208775 -1.29394042687 1.88556941305
12fe12fe12fe-12fe -6.04315244244 -1.25257399091 1.87341165635
12fe12fe12fe -6.26649966411 -1.01188015099 2.20203180653
12fe12fe12fe12fe- -6.05265906661 -1.25877920318 1.87161038886
12fe12fe12fe12fe -5.98322174464 -1.19125429159 1.89325851206
12ff -7.99228147348 0.600265431759 4.37061441454
12ff12ff- -6.78948661376 -0.41051278515 2.9202096614
12ff12ff-12ff-12ff- -5.99648448386 -0.954941004269 1.98078671629
12ff12ff-12ff-12ff -5.93137671807 -0.894775028334 1.96492243251
12ff12ff-12ff -6.21167765818 -0.70506791788 2.31236040183
12ff12ff-12ff12ff- -6.00577881686 -0.980752844213 1.99208025442
12ff12ff-12ff12ff -5.91193486369 -0.882594314154 2.00603463096
12ff12ff -6.73008662242 -0.320678689752 2.93470939693
12ff12ff12ff-12ff- -6.02054841234 -0.989690567148 2.00630258358
12ff12ff12ff-12ff -5.95392161937 -0.92480632592 1.99977833054
12ff12ff12ff -6.20366611851 -0.676530868008 2.34580556859
12ff12ff12ff12ff- -5.99642078451 -0.954961513007 1.9808140811
12ff12ff12ff12ff -5.90207351687 -0.850623010174 2.00322274987
12fi -7.84185657289 0.758204227264 4.37207863258
12fi12fi- -6.55112659365 -0.160391853436 2.92795763774
12fi12fi-12fi-12fi- -5.75566496226 -0.708482281758 1.980007979
12fi12fi-12fi-12fi -5.71902712142 -0.673198736716 1.9668578537
12fi12fi-12fi -5.9906641263 -0.476223948592 2.31680906528
12fi12fi-12fi12fi- -5.75613448873 -0.726307445352 1.99274536007
12fi12fi-12fi12fi -5.67598515951 -0.646490423732 2.00462955792
12fi12fi -6.51633744963 -0.10221076244 2.93595157551
12fi12fi12fi-12fi- -5.73374848606 -0.697462921807 2.00951252526
12fi12fi12fi-12fi -5.6890522719 -0.653896625788 2.00412089125
12fi12fi12fi -5.94492128044 -0.414194378864 2.34743151933
12fi12fi12fi12fi- -5.68215599456 -0.633675394739 1.9841537891
12fi12fi12fi12fi -5.60704388811 -0.552254013157 2.00575965258
12fl -7.88114253831 0.703717727283 4.36752431374
12fl12fl- -6.59702232136 -0.214958272172 2.92710199591
12fl12fl-12fl-12fl- -5.82418205145 -0.757368113772 1.7398787291
12fl12fl-12fl-12fl -5.80547003745 -0.76337323206 1.74997910992
12fl12fl-12fl -6.06349379743 -0.574989173049 2.2839190684
12fl12fl-12fl12fl- -5.81138931801 -0.807295761596 1.95240534889
12fl12fl-12fl12fl -5.71915024566 -0.720756135621 1.96645266212
12fl12fl -6.51772247693 -0.118570161889 2.93499049073
12fl12fl12fl-12fl- -5.76116910082 -0.722624081432 1.7885033778
12fl12fl12fl-12fl -5.73317644774 -0.71776908231 1.98650682381
12fl12fl12fl -5.93013293587 -0.413275983043 2.34449266533
12fl12fl12fl12fl- -5.66957289388 -0.633891467192 1.97932723342
12fl12fl12fl12fl -5.58043965309 -0.539645323732 2.00048458228
12ia -7.91923004645 0.760332142192 4.42661229255
12ia12ia- -6.65513525267 -0.144121190416 3.02564787495
12ia12ia-12ia-12ia- -5.81397697497 -0.688426800955 2.08742627756
12ia12ia-12ia-12ia -5.86098683044 -0.72116686323 2.06717435556
12ia12ia-12ia -6.14884650038 -0.532642010364 2.40904906902
12ia12ia-12ia12ia- -5.86711581451 -0.749709564069 2.08892315111
12ia12ia-12ia12ia -5.84181116651 -0.729090330959 2.10107485628
12ia12ia -6.6856355407 -0.1534344705 3.03534780528
12ia12ia12ia-12ia- -5.83272339302 -0.705915967538 2.10980025947
12ia12ia12ia-12ia -5.85905282753 -0.726825660202 2.09776297102
12ia12ia12ia -6.13341782845 -0.493214794633 2.44423482396
12ia12ia12ia12ia- -5.84636287033 -0.680783047528 2.07999193591
12ia12ia12ia12ia -5.80743875058 -0.651716213312 2.10341438361
12ie -7.81304348662 0.351541628949 4.01262890483
12ie12ie- -6.57279233819 -0.480547742077 2.74652026369
12ie12ie-12ie-12ie- -5.81438773874 -1.02223503678 1.81107827905
12ie12ie-12ie-12ie -5.8355028785 -1.05800900902 1.73540587238
12ie12ie-12ie -6.11547623359 -0.856962951205 2.11608718627
12ie12ie-12ie12ie- -5.86405694061 -1.06736680128 1.81695502356
12ie12ie-12ie12ie -5.83892348444 -1.04568275988 1.83663220453
12ie12ie -6.61835594997 -0.527473951811 2.66253816798
12ie12ie12ie-12ie- -5.84526357577 -1.0481444663 1.86970512256
12ie12ie12ie-12ie -5.87291612643 -1.07100281166 1.85036509972
12ie12ie12ie -6.12531088266 -0.868074043933 2.15609967048
12ie12ie12ie12ie- -5.86962283905 -1.05283409112 1.84637414414
12ie12ie12ie12ie -5.84257909052 -1.03985330675 1.85575621097
12if -7.84685699761 0.758572605417 4.37323960584
12if12if- -6.55117263406 -0.160466900003 2.92793096531
12if12if-12if-12if- -5.68229126418 -0.633754876872 1.98411546328
12if12if-12if-12if -5.70118765544 -0.664749626947 1.96151441171
12if12if-12if -6.01488326421 -0.501778925674 2.30935815354
12if12if-12if12if- -5.75623806798 -0.726362693716 1.99272270824
12if12if-12if12if -5.71276150962 -0.676475436763 2.00412604061
12if12if -6.55969996142 -0.142527423843 2.91985276607
12if12if12if-12if- -5.73385545847 -0.697542545668 2.00949766747
12if12if12if-12if -5.74220394607 -0.70919380176 1.99889855843
12if12if12if -6.01794998353 -0.480670483775 2.33820382605
12if12if12if12if- -5.75575367066 -0.708568954502 1.98002232237
12if12if12if12if -5.70305585662 -0.6398653003 2.00009989944
12ii -7.69203916099 0.90992128896 4.36714555497
12ii12ii- -6.31217662897 0.0819128247884 2.93083348197
12ii12ii-12ii-12ii- -5.43396135073 -0.420148318118 1.94098912932
12ii12ii-12ii-12ii -5.48269501368 -0.465488088995 1.9296944685
12ii12ii-12ii -5.79063984779 -0.284588575184 2.29706791512
12ii12ii-12ii12ii- -5.50284198569 -0.483706822067 1.97304227032
12ii12ii-12ii12ii -5.47353519104 -0.459777840272 1.97665113049
12ii12ii -6.33009561863 0.0479468620295 2.86152631851
12ii12ii12ii-12ii- -5.44207915532 -0.435303400584 1.97964889676
12ii12ii12ii-12ii -5.47355023416 -0.459761823192 1.97667281433
12ii12ii12ii -5.74578561003 -0.25393941343 2.28454444889
12ii12ii12ii12ii- -5.43399280213 -0.420106728357 1.94102601455
12ii12ii12ii12ii -5.39658356402 -0.382257794949 1.94909888748
12il -7.78729796318 0.814498197166 4.37220848462
12il12il- -6.38043178789 0.0138640492603 2.93562187508
12il12il-12il-12il- -4.26307096508 -0.23872024061 0.694279363684
12il12il-12il-12il -4.54567524897 -0.448904635113 0.833559322659
12il12il-12il -5.91655146024 -0.417336079108 2.28496504687
12il12il-12il12il- -5.60055836902 -0.588042402784 1.95586787673
12il12il-12il12il -5.59310869623 -0.579378695144 1.9688940903
12il12il -6.43049068428 -0.0176080134882 2.9311745702
12il12il12il-12il- -4.43279747331 -0.343080980891 0.838105092697
12il12il12il-12il -5.5878486379 -0.563638635332 1.98896797132
12il12il12il -5.84257259257 -0.311198758511 2.34369121745
12il12il12il12il- -5.50299520342 -0.460959785139 1.9791224908
12il12il12il12il -5.4917480211 -0.43486562194 2.0028743852
12la -8.01612747891 0.662114143939 4.43454763803
12la12la- -6.70327540219 -0.222091468087 3.0123709206
12la12la-12la-12la- -5.82324669422 -0.777172431243 2.05226136151
12la12la-12la-12la -5.92973825104 -0.908208368017 1.99197233393
12la12la-12la -6.26107111895 -0.737381447065 2.31902491027
12la12la-12la12la- -5.93133368334 -0.899566805026 2.02589521302
12la12la-12la12la -5.94672718754 -0.943232858904 2.00914992672
12la12la -6.71885718067 -0.289466373183 2.86731421699
12la12la12la-12la- -5.83424770055 -0.799262574977 2.05330536337
12la12la12la-12la -5.93382208915 -0.928077912687 2.00821747762
12la12la12la -6.17107211463 -0.651692169257 2.30195948338
12la12la12la12la- -5.84319785674 -0.79050303736 1.98573535984
12la12la12la12la -5.85215748563 -0.831272109905 1.97822896235
12le -7.88629975093 0.289421586896 4.00089533623
12le12le- -6.63217286894 -0.559569194007 2.73979666287
12le12le-12le-12le- -5.87372524175 -1.09939719497 1.82616595897
12le12le-12le-12le -5.10014285316 -1.28411285145 0.340904477159
12le12le-12le -5.31780124068 -1.07980208915 0.298901562092
12le12le-12le12le- -5.19479399899 -1.23117407783 0.305078893588
12le12le-12le12le -5.21012853983 -0.967361220085 0.326095490786
12le12le -5.14111070012 0.323015175315 0.940112157513
12le12le12le-12le- -4.851049695 -0.519292692692 0.953438486566
12le12le12le-12le -4.83404634991 -0.679673095872 0.326654263799
12le12le12le -4.76908526456 0.32501412546 0.917608398331
12le12le12le12le- -4.6167282057 0.108019954119 0.922788857173
12le12le12le12le -4.48864133618 0.372561510072 0.918406959324
12lf -7.94874533168 0.658435429195 4.37941791514
12lf12lf- -6.59697216998 -0.214962041426 2.92708371806
12lf12lf-12lf-12lf- -5.66956277467 -0.63392056002 1.97924621239
12lf12lf-12lf-12lf -5.76190929284 -0.757040763243 1.91932764389
12lf12lf-12lf -6.11667424508 -0.641611066442 2.2460311216
12lf12lf-12lf12lf- -5.81136333785 -0.807320813376 1.95235986713
12lf12lf-12lf12lf -5.81669381 -0.804969755317 1.80083185065
12lf12lf -6.42600110376 -0.234253575868 1.84920556155
12lf12lf12lf-12lf- -5.76120668892 -0.72263519757 1.79002756743
12lf12lf12lf-12lf -5.84433949741 -0.829445801485 1.76809674348
12lf12lf12lf -6.11849289132 -0.57611266741 1.7868372707
12lf12lf12lf12lf- -5.82424780141 -0.757322757649 1.74132042563
12lf12lf12lf12lf -5.81740557228 -0.742280527492 1.7828605275
12li -7.79507213479 0.820347598797 4.37978182842
12li12li- -6.38034975574 0.0139215083526 2.93563343897
12li12li-12li-12li- -5.50282305963 -0.46097614281 1.97905913542
12li12li-12li-12li -5.60035601548 -0.58157192794 1.92324336314
12li12li-12li -5.92956950935 -0.445350927036 2.25026401892
12li12li-12li12li- -5.60045642926 -0.588004759749 1.95585807445
12li12li-12li12li -4.60493996869 -0.492925851074 0.828909132125
12li12li -4.59353814196 0.0897494432769 0.864666888433
12li12li12li-12li- -4.4329948576 -0.343726892086 0.837214395337
12li12li12li-12li -4.5266874744 -0.455411649116 0.8384058817
12li12li12li -4.30539819046 -0.11224347159 0.69650187689
12li12li12li12li- -4.26427698487 -0.239713552885 0.693624877241
12li12li12li12li -4.14972542501 -0.170442901237 0.64511879913
12ll -7.88694503985 0.701777915406 4.36491558321
12ll12ll- -6.43641927066 -0.0637189746855 2.92470970778
12ll12ll-12ll-12ll- -5.77171060057 -0.704581546795 1.96196138801
12ll12ll-12ll-12ll -5.84590770404 -0.822070124775 1.90934087331
12ll12ll-12ll -6.07818899448 -0.618474277959 2.23035119622
12ll12ll-12ll12ll- -5.71487495132 -0.730818020953 1.92564722771
12ll12ll-12ll12ll -5.83180661378 -0.840618808505 1.92502065303
12ll12ll -6.69160583734 -0.268031897567 2.87392941202
12ll12ll12ll-12ll- -5.75809449296 -0.715830484472 2.00224316
12ll12ll12ll-12ll -5.82632497747 -0.823422435404 1.95423481045
12ll12ll12ll -6.18419156033 -0.630243905597 2.30701799081
12ll12ll12ll12ll- -5.77203070215 -0.704576219297 1.96203987467
12ll12ll12ll12ll -5.89466367807 -0.807309389773 1.97914533939
2 -9.95789505337 1.23592013492 6.54967548948
22- -8.22947120751 0.0359913922222 4.57239683049
22-2- -7.3731749091 -0.607130121321 3.64232089714
22-2-2- -6.83796633178 -1.02524518465 3.0805059176
22-2-2 -6.85093750554 -1.01530636171 3.001071822
22-2 -7.3763816056 -0.605896917079 3.51760954509
22-22- -6.85195782793 -1.01875012479 2.90780728096
22-22 -6.84949470304 -1.02084365833 2.96742072945
22 -8.22457496864 0.0221532109783 4.87313552745
222- -7.37343385581 -0.607234778501 3.64224348186
222-2- -6.84952695766 -1.01883201925 3.02179741006
222-2 -6.84969724664 -1.02092152769 2.96738917576
222 -7.35696014716 -0.622887582939 3.82308231978
2222- -6.83828617006 -1.02538752329 3.08042367487
2222 -6.82353681914 -1.03806413981 3.18225952065
4aa -9.0227717421 0.690198031886 4.69040847284
4aa4aa- -7.64871246943 -0.132535860729 3.84504321336
4aa4aa-4aa-4aa- -6.80608170353 -0.685788746026 2.939003935
4aa4aa-4aa-4aa -6.80418251444 -0.683811801454 2.93861980439
4aa4aa-4aa -7.09167497996 -0.494224657315 3.24495911349
4aa4aa-4aa4aa- -6.80216220636 -0.681753409251 2.9376838789
4aa4aa-4aa4aa -6.80405798511 -0.683712887919 2.93803351624
4aa4aa -7.65173766905 -0.135719876432 3.84969295341
4aa4aa4aa-4aa- -6.80553002662 -0.685227033335 2.93840584069
4aa4aa4aa-4aa -6.80363432534 -0.68327119438 2.93805751137
4aa4aa4aa -7.09615667694 -0.498885248906 3.24764824401
4aa4aa4aa4aa- -6.80564461421 -0.685339979159 2.93901332614
4aa4aa4aa4aa -6.80754689121 -0.687315400797 2.9394033279
4ae -8.15165488528 0.194281800148 3.93553169395
4ae4ae- -5.82081885111 -0.424083396568 0.484915993282
4ae4ae-4ae-4ae- -5.82749008197 -0.738204179225 0.468621295136
4ae4ae-4ae-4ae -5.45907412903 -0.749535122401 0.476786069802
4ae4ae-4ae -5.4853619688 -0.602825544865 0.482866674335
4ae4ae-4ae4ae- -5.31014946708 -0.736058777271 0.496383064266
4ae4ae-4ae4ae -5.53074804973 -0.715809515938 0.490062648818
4ae4ae -6.26217543104 -0.34958004415 0.882519709517
4ae4ae4ae-4ae- -5.6894589289 -0.787722043322 0.489972050887
4ae4ae4ae-4ae -5.39877835393 -0.795137662107 0.513651341747
4ae4ae4ae -6.05708955553 -0.647496595293 0.888848699648
4ae4ae4ae4ae- -5.56281478767 -0.82324394575 0.526569349407
4ae4ae4ae4ae -5.95107199073 -0.812903864909 0.89516975972
4af -8.42015232858 0.725327523242 4.45897352846
4af4af- -7.41842786978 -0.0316744054567 3.7110031401
4af4af-4af-4af- -6.62518656185 -0.577502402369 2.83261033458
4af4af-4af-4af -6.63493332405 -0.582098222842 2.83350556454
4af4af-4af -6.88882952159 -0.37788313172 3.12809284857
4af4af-4af4af- -6.60199922798 -0.555035901113 2.8492346656
4af4af-4af4af -6.63730465362 -0.581845884057 2.85476699201
4af4af -7.46937256812 -0.0691602019213 3.73755291021
4af4af4af-4af- -6.56575363442 -0.528653204435 2.86480963283
4af4af4af-4af -6.57362946153 -0.535714808637 2.86441741215
4af4af4af -6.91186875027 -0.402545601192 3.18049142137
4af4af4af4af- -6.57298696138 -0.549866431457 2.88130122826
4af4af4af4af -6.60950962965 -0.575330308076 2.88876902447
4ai -8.33418209521 0.862493321946 4.46698197446
4ai4ai- -6.77390435737 0.146073921447 2.62646422868
4ai4ai-4ai-4ai- -6.50438084911 -0.331546190825 2.52283819846
4ai4ai-4ai-4ai -6.45528346435 -0.314365058139 2.51797979689
4ai4ai-4ai -6.59066977087 -0.143003693792 2.537645474
4ai4ai-4ai4ai- -6.40058808158 -0.287717250086 2.49584316088
4ai4ai-4ai4ai -6.44347022033 -0.304417540461 2.48701330602
4ai4ai -7.20623625766 0.0925572051927 2.97900412257
4ai4ai4ai-4ai- -6.50325052159 -0.34515253595 2.49757685901
4ai4ai4ai-4ai -6.44769457039 -0.328642061232 2.50415081759
4ai4ai4ai -6.8513195917 -0.216032580421 2.80088312575
4ai4ai4ai4ai- -6.51463133089 -0.35584173558 2.58977185428
4ai4ai4ai4ai -6.55806478141 -0.373280277132 2.73679356898
4al -8.35425379791 0.80586897616 4.46489095068
4ea -8.14357703953 0.177842815708 3.93918852828
4ea4ea- -6.38484772701 -0.388749485608 1.06898399079
4ea4ea-4ea-4ea- -6.19101807018 -0.836632069969 1.09595217966
4ea4ea-4ea-4ea -6.10399305193 -0.753568302221 1.05220698376
4ea4ea-4ea -6.11369035736 -0.587072778342 1.05904835746
4ea4ea-4ea4ea- -5.97543800294 -0.718972200204 1.06900685456
4ea4ea-4ea4ea -6.05018519285 -0.800635414252 1.07763467596
4ea4ea -6.97272884498 -0.357636413068 1.58904727475
4ea4ea4ea-4ea- -6.27065334852 -0.800094245508 1.05939453028
4ea4ea4ea-4ea -6.13242021158 -0.710438578055 1.06317329388
4ea4ea4ea -6.79391089657 -0.663373978386 1.58173431004
4ea4ea4ea4ea- -6.42492928355 -0.748387559687 1.04607653057
4ea4ea4ea4ea -6.70457483784 -0.830441124931 1.58118700137
4ee -7.69472386149 -0.171534193144 3.80892803239
4ee4ee -6.25086259021 -0.567464087441 0.908458146281
4ee4ee4ee -6.08874917751 -0.795654673143 0.898095824513
4ee4ee4ee4ee -6.00647193844 -0.919558288189 0.894662842782
4ef -7.7868678244 0.273928031142 3.97344073115
4ef4ef- -4.82113688619 -0.0200191738994 1.61811625626
4ef4ef-4ef-4ef- -4.60298411876 -0.494018536366 1.40239742315
4ef4ef-4ef-4ef -4.69213804033 -0.463238751604 1.4610710659
4ef4ef-4ef -4.46227909587 -0.321576026714 1.42123525399
4ef4ef-4ef4ef- -4.08588370711 -0.448358112686 1.31645315827
4ef4ef -6.89549219937 -0.249017179514 1.69465893759
4ef4ef4ef-4ef- -4.67311432738 -0.405187014194 1.40712803573
4ef4ef4ef-4ef -4.47843936758 -0.571524432586 1.3736231223
4ef4ef4ef -6.72559804276 -0.519467030532 1.68030587211
4ef4ef4ef4ef- -4.77374433641 -0.489094047399 1.54177652712
4ef4ef4ef4ef -6.54364081455 -0.658103412303 1.67363692086
4ei -7.69163940781 0.374505461904 3.97692420147
4ei4ei- -5.26615681852 0.0120825829691 1.81804009716
4ei4ei-4ei-4ei- -5.06670732084 -0.383149854463 1.57719770594
4ei4ei-4ei-4ei -5.12458786086 -0.389453275991 1.54739786633
4ei4ei-4ei -4.8953545155 -0.218663336314 1.69028366666
4ei4ei-4ei4ei- -4.74819086686 -0.348489250438 1.61941223593
4ei4ei-4ei4ei -4.79258179249 -0.316504420684 1.53863254652
4ei4ei -6.72305584433 -0.108870038078 1.66229595866
4ei4ei4ei-4ei- -5.15627868583 -0.439254819103 1.56526058173
4ei4ei4ei-4ei -4.92480335448 -0.466329667225 1.64059228377
4ei4ei4ei -6.5229234691 -0.360048692862 1.65586988252
4ei4ei4ei4ei- -5.28373826796 -0.505365046554 1.64030332029
4ei4ei4ei4ei -6.4115011237 -0.493295032287 1.65561625576
4el -7.72975938576 0.336041316835 3.97132319196
4fa -8.41510319499 0.718527071536 4.45620616745
4fa4fa- -7.51511651164 -0.129420664864 3.61061231098
4fa4fa-4fa-4fa- -6.77103608481 -0.717836762197 2.82426438778
4fa4fa-4fa-4fa -6.63488956265 -0.585125151063 2.8353205484
4fa4fa-4fa -6.88591303182 -0.379808055221 3.1262838423
4fa4fa-4fa4fa- -6.65780600931 -0.617664213231 2.84995200498
4fa4fa-4fa4fa -6.58146673253 -0.548407972646 2.86006209694
4fa4fa -7.47528160702 -0.0779099159347 3.72857187747
4fa4fa4fa-4fa- -6.76745489444 -0.712913342555 2.83863212632
4fa4fa4fa-4fa -6.63038405114 -0.579548115263 2.85274860654
4fa4fa4fa -6.92262385745 -0.413198129625 3.17525002737
4fa4fa4fa4fa- -6.70055889207 -0.656406027833 2.87187595206
4fa4fa4fa4fa -6.62395737934 -0.586419692363 2.88449601967
4fe -7.79129862164 0.288429532638 3.97067119473
4fe4fe- -5.18277300687 -0.230389005957 1.76895798673
4fe4fe-4fe-4fe- -5.37093380453 -0.814286494215 0.902601215433
4fe4fe-4fe-4fe -4.66017718619 -0.451021115632 0.770002016522
4fe4fe-4fe -4.44792334991 -0.32815244147 1.35312026161
4fe4fe-4fe4fe- -4.24784214034 -0.627355980846 1.160025114
4fe4fe -6.2019404555 -0.235035304312 0.991068044133
4fe4fe4fe-4fe- -5.18748550839 -0.665205450212 0.886970083044
4fe4fe4fe-4fe -4.36629895871 -0.315865149305 0.856303652298
4fe4fe4fe -6.01745365613 -0.495132115406 0.992474505519
4fe4fe4fe4fe- -5.00223583664 -0.533254445025 0.892582664397
4fe4fe4fe4fe -5.92959287782 -0.62881666848 0.995503379402
4ff -7.93953499319 0.664320015485 4.16858076889
4ff4ff- -4.862069721 -0.182231336395 0.555080805798
4ff4ff-4ff-4ff- -4.91056228004 -0.752159764806 0.549204147886
4ff4ff-4ff-4ff -4.84977623651 -0.716267666681 0.54721194001
4ff4ff-4ff -4.76964714773 -0.519404448028 0.495816559759
4ff4ff-4ff4ff- -4.79595053883 -0.759573617187 0.447816815872
4ff4ff-4ff4ff -4.72842425328 -0.641954724803 0.491597642136
4ff4ff -7.22360968363 -0.00651085494093 3.54519645496
4ff4ff4ff-4ff- -4.79390200455 -0.659528280418 0.478406992215
4ff4ff4ff-4ff -4.66486201471 -0.625860977697 0.419778484909
4ff4ff4ff -6.7099766536 -0.299042199149 3.06437261884
4ff4ff4ff4ff- -4.69486791956 -0.559631670301 0.481968495075
4ff4ff4ff4ff -6.41503696587 -0.444350919091 2.79334748367
4fi -7.84282970849 0.799711981455 4.17993552447
4fi4fi- -4.06727660085 0.322970998093 0.718020755246
4fi4fi-4fi-4fi- -4.23748254431 -0.178182970726 0.701621481711
4fi4fi-4fi-4fi -3.57699609626 0.135119958232 0.695635245576
4fi4fi-4fi -2.97326198242 0.144505321582 0.22361919058
4fi4fi-4fi4fi- -2.79747445976 0.209972123279 0.083119977824
4fi4fi-4fi4fi -3.02587610193 0.0264144736765 0.227866663057
4fi4fi -7.04528142246 0.143873084526 2.94428761066
4fi4fi4fi-4fi- -4.2374714898 -0.181624556526 0.69523495373
4fi4fi4fi-4fi -3.23533634418 0.114360375785 0.560321450649
4fi4fi4fi -6.61412633268 -0.135445103172 2.7838966431
4fi4fi4fi4fi- -4.14747621682 -0.0696955125034 0.70273166103
4fi4fi4fi4fi -6.33296275886 -0.27604585705 2.7104219647
4fl -7.87850256209 0.745668269863 4.18007080586
4ia -8.32664336756 0.861223980761 4.46503617447
4ia4ia- -7.10607524208 0.156646984926 2.94964497379
4ia4ia-4ia-4ia- -6.51392950088 -0.366115900606 2.93290463482
4ia4ia-4ia-4ia -6.45045793491 -0.308590104557 2.8359731954
4ia4ia-4ia -6.71123939188 -0.129394395208 2.84267909064
4ia4ia-4ia4ia- -6.38991597065 -0.273135489324 2.79841911044
4ia4ia-4ia4ia -6.45464257508 -0.331324625722 2.8242062778
4ia4ia -7.37931104886 0.090736317624 3.619998598
4ia4ia4ia-4ia- -6.48932758209 -0.347225296184 2.8237164648
4ia4ia4ia-4ia -6.42318331762 -0.289247761214 2.79298079979
4ia4ia4ia -6.8374467649 -0.22310642593 3.22974626781
4ia4ia4ia4ia- -6.48093568789 -0.325537280722 2.83859854934
4ia4ia4ia4ia -6.54423624882 -0.383095796262 2.95713882742
4ie -7.69455799441 0.390456181313 3.97378701257
4ie4ie- -5.21522608554 0.0917944805177 1.74092776601
4ie4ie-4ie-4ie- -5.29527440115 -0.444242831319 0.979334179877
4ie4ie-4ie-4ie -5.01265341033 -0.291309130484 0.889372936495
4ie4ie-4ie -4.72272365797 -0.148777248685 1.60951606374
4ie4ie-4ie4ie- -4.51887855499 -0.283390955931 1.4810395969
4ie4ie-4ie4ie -4.77849128064 -0.395746332351 0.978492345354
4ie4ie -6.03861348936 -0.0965401185371 0.953990706274
4ie4ie4ie-4ie- -5.11020019497 -0.362864371337 0.868448586512
4ie4ie4ie-4ie -4.59497128303 -0.240527195301 0.840531418083
4ie4ie4ie -5.82180747643 -0.343723336976 0.960455756696
4ie4ie4ie4ie- -4.95630778052 -0.331804223156 0.889759230067
4ie4ie4ie4ie -5.7106532212 -0.477398803694 0.96425183369
4if -7.84138435036 0.805337029191 4.18200869816
4if4if- -3.93462877688 0.375949657997 0.798750495621
4if4if-4if-4if- -3.92531093848 -0.114663891639 0.756220063127
4if4if-4if-4if -3.55828736628 0.179254888359 0.745291074541
4if4if-4if -2.88025854921 0.167385028244 0.129090255113
4if4if-4if4if- -2.81820552691 0.270379532657 0.279759908452
4if4if-4if4if -3.21428049613 0.172559405549 0.544848872086
4if4if -7.10121760069 0.151813229604 3.48156762629
4if4if4if-4if- -3.9213089722 -0.0577715799225 0.765492371665
4if4if4if-4if -2.94963373266 0.0590939618679 0.130726882907
4if4if4if -6.60307332509 -0.130524474888 3.0859673447
4if4if4if4if- -3.85738327234 0.0141011377269 0.797398804852
4if4if4if4if -6.31112407107 -0.273187479333 2.8387758696
4ii -7.74686211451 0.93815565158 4.19228380777
4ii4ii -6.88731831523 0.300432582117 2.94046738397
4ii4ii4ii -6.49409062048 0.0319308050121 2.7934990455
4ii4ii4ii4ii -6.22731853082 -0.102210206933 2.72719781265
4il -7.78113294942 0.883363776728 4.1918259523
4la -8.35073059377 0.794061904294 4.46072468195
4la4la- -7.32859231025 0.0576359536112 3.70774931141
4la4la-4la-4la- -6.47557265154 -0.466024073453 2.86477593062
4le -7.73820536329 0.34505999103 3.9702666208
4le4le- -4.53741853441 0.256566476997 1.42378029091
4le4le-4le-4le- -4.55121568219 -0.273106657973 0.98820193638
4lf -7.88296621864 0.739386625633 4.17926202515
4lf4lf- -5.66658149727 -0.0317832978766 1.64419810036
4lf4lf-4lf-4lf- -5.41400386771 -0.478354031524 1.55296615905
4li -7.7866423689 0.871305176823 4.18896753373
4li4li- -3.88213414381 0.312718110671 0.763176990812
4li4li-4li-4li- -3.78719320198 -0.0103727175792 0.75883976716
4ll -7.81823983278 0.817371394731 4.18741554411
