1111 -9.50987755236 -3.38802938355 2.18760377306
1111- -9.62236960434 -3.42648789506 2.24696809059
1111-11 -8.68267557086 -4.6587531084 0.292764421711
1111-11- -8.95568139173 -4.72260796569 0.474296080255
1111-11-11 -8.26186892464 -2.04651271223 2.67634216359
1111-11-11- -8.45077597619 -4.6418683739 0.37729860559
1111-1111 -8.83422023793 -4.82892936644 0.390867685531
1111-1111- -8.7158880985 -4.64227077867 0.45859089906
111111 -8.89812679304 -4.76601885625 0.381715666282
111111- -8.95531077929 -4.71959382497 0.477445853787
111111-11 -8.83094397073 -4.82989941874 0.387021464923
111111-11- -8.9618195251 -5.09064416805 0.257631815127
11111111 -9.18336845052 -5.60224222579 -0.0549925065011
11111111- -8.42452884494 -4.66218617634 0.366291464435
12aa -7.92181187769 1.38147637881 6.16920910264
12aa12aa -6.532213288 0.243695214752 4.04796643906
12aa12aa- -6.53757461439 0.234817980104 4.04564883413
12aa12aa-12aa -6.00867312989 -0.20901306651 3.25771577009
12aa12aa-12aa-12aa -5.72328407247 -0.434091300568 2.83912670667
12aa12aa-12aa-12aa- -5.70640620335 -0.41409723831 2.84669129741
12aa12aa-12aa12aa -5.72395830953 -0.441432109344 2.87014083314
12aa12aa-12aa12aa- -5.73805251528 -0.456422911399 2.86510455132
12aa12aa12aa -5.98201208357 -0.176192888554 3.27380178806
12aa12aa12aa-12aa -5.72395312641 -0.441429570289 2.87015933934
12aa12aa12aa-12aa- -5.7098224606 -0.426511492072 2.87512414089
12aa12aa12aa12aa -5.6905481437 -0.394450878883 2.85458804881
12aa12aa12aa12aa- -5.70639853265 -0.414082726219 2.84672728856
12ae -7.64732665633 0.747021231348 5.50174130598
12ae12ae -6.50695367354 -0.25912784059 3.60699236337
12ae12ae- -6.4994578707 -0.261087204341 3.60268267359
12ae12ae-12ae -6.04337064513 -0.651220223764 2.89623529502
12ae12ae-12ae-12ae -5.80234356632 -0.861741526668 2.52794699596
12ae12ae-12ae-12ae- -5.79801193851 -0.851826924482 2.53814049207
12ae12ae-12ae12ae -5.80273032306 -0.8669094552 2.56391989179
12ae12ae-12ae12ae- -5.81031374013 -0.878827639809 2.5561972032
12ae12ae12ae -6.04804693843 -0.660116604304 2.95608168121
12ae12ae12ae-12ae -5.8182057641 -0.897081583357 2.58084560842
12ae12ae12ae-12ae- -5.81055792043 -0.885138160544 2.58910517917
12ae12ae12ae12ae -5.81503485768 -0.885433543635 2.59143869193
12ae12ae12ae12ae- -5.81975959017 -0.897651440215 2.58122313792
12af -7.24958001479 1.42512217505 5.54674491326
12af12af -5.99978418654 0.400514118 3.71675576771
12af12af- -6.00236959324 0.358590442981 3.6807558099
12af12af-12af -5.45269493241 -0.0453313636872 2.94779912668
12af12af-12af-12af -5.12962690721 -0.250309482273 2.55284669417
12af12af-12af-12af- -5.12979175921 -0.235624072051 2.55721623314
12af12af-12af12af -5.18043989746 -0.27713777393 2.60375742295
12af12af-12af12af- -5.21050485639 -0.326609693091 2.59202310804
12af12af12af -5.48702636797 -0.0241773815466 2.99965358659
12af12af12af-12af -5.20163149586 -0.314829891553 2.60122385156
12af12af12af-12af- -5.20446457333 -0.314244185741 2.60194051342
12af12af12af12af -5.21429591037 -0.24968087153 2.61476984884
12af12af12af12af- -5.24806631771 -0.31978481698 2.59612602026
12ai -7.18655571348 1.5481380238 5.62190580777
12ai12ai -5.88285393025 0.555915588719 3.74765101606
12ai12ai- -5.875668855 0.549582026939 3.73595428056
12ai12ai-12ai -5.34520892687 0.145509823097 2.99496022131
12ai12ai-12ai-12ai -5.05278482007 -0.0493668014924 2.60627811272
12ai12ai-12ai-12ai- -5.03382212558 -0.0119204652178 2.6161182786
12ai12ai-12ai12ai -5.04905910493 -0.0554207801951 2.63573420352
12ai12ai-12ai12ai- -5.06363082851 -0.0795856300753 2.62920416403
12ai12ai12ai -5.31374059844 0.192001573424 3.02827702504
12ai12ai12ai-12ai -5.03699991392 -0.0590160277208 2.63949658773
12ai12ai12ai-12ai- -5.02205502234 -0.0347093002005 2.6458292257
12ai12ai12ai12ai -4.99233297102 0.0188332729889 2.63696798932
12ai12ai12ai12ai- -5.00828999957 -0.0180174971244 2.62446913177
12al -7.00393791055 1.46412926243 5.37607483191
12al12al -5.71033384428 0.536543390376 3.60454438296
12al12al- -5.75916824216 0.560184561118 3.65628504291
12al12al-12al -5.14457286344 0.0923409377515 2.78608383538
12al12al-12al-12al -4.84581935577 -0.112714983196 2.40958202396
12al12al-12al-12al- -4.81548139902 -0.0256363107728 2.44408076806
12al12al-12al12al -4.86456422012 -0.137712487581 2.42533295372
12al12al-12al12al- -4.87583055023 -0.139068813273 2.43099362208
12al12al12al -5.12639012876 0.165791804275 2.88310137222
12al12al12al-12al -4.8306335926 -0.10849912897 2.481768127
12al12al12al-12al- -4.80614810994 -0.0459375826003 2.50986804761
12al12al12al12al -4.79402620954 -0.0107025051424 2.49864468553
12al12al12al12al- -4.8147909973 -0.0259813497547 2.50534118658
12ea -7.64805783995 0.747507499196 5.50278060812
12ea12ea -6.50723786743 -0.259075165788 3.60724463962
12ea12ea- -6.49972746542 -0.261032565647 3.60298009079
12ea12ea-12ea -6.04352684155 -0.651230098571 2.89639159647
12ea12ea-12ea-12ea -5.80244122432 -0.861776410184 2.52804412086
12ea12ea-12ea-12ea- -5.81988129648 -0.897652042063 2.58128729776
12ea12ea-12ea12ea -5.81830931128 -0.897105989032 2.58092957233
12ea12ea-12ea12ea- -5.81040915117 -0.878870058987 2.55629436587
12ea12ea12ea -6.04821625338 -0.660100152439 2.95621236724
12ea12ea12ea-12ea -5.80281491363 -0.866939291749 2.56403562994
12ea12ea12ea-12ea- -5.8106497523 -0.885147747652 2.58921036286
12ea12ea12ea12ea -5.81514043713 -0.885415088681 2.59152338088
12ea12ea12ea12ea- -5.7980979378 -0.851827780046 2.53827517142
12ee -7.66717870152 0.569280104941 5.29174286552
12ee12ee -6.42990744883 -0.645344904984 3.10794426375
12ee12ee- -6.49331937979 -0.672064362603 3.26970353958
12ee12ee-12ee -5.97646425422 -1.02576119059 2.40883785021
12ee12ee-12ee-12ee- -5.81048331192 -1.24011109356 2.23210601474
12ee12ee-12ee12ee -5.76881158117 -1.23265785665 2.17141876379
12ee12ee-12ee12ee- -5.71488461896 -1.21496629106 2.07086315333
12ee12ee12ee -6.00497789537 -1.02986129618 2.56950635227
12ee12ee12ee-12ee -5.76879441439 -1.23267917328 2.17142789359
12ee12ee12ee-12ee- -5.82087849735 -1.2486456205 2.28479503829
12ee12ee12ee12ee -5.79723630537 -1.25611106543 2.25062694912
12ee12ee12ee12ee- -5.81043981368 -1.2401371241 2.23213624375
12ef -7.41053511481 0.709537150265 5.10992119131
12ef12ef -6.13916898951 -0.153818603873 3.33628056892
12ef12ef- -6.14561665067 -0.184303103504 3.34278006708
12ef12ef-12ef -5.6435262161 -0.531068526178 2.65907266145
12ef12ef-12ef-12ef -5.35648458354 -0.724974065947 2.2881569147
12ef12ef-12ef-12ef- -5.3941446897 -0.79291984704 2.33911834603
12ef12ef-12ef12ef -5.43101313716 -0.776425477198 2.38003981673
12ef12ef-12ef12ef- -5.4428510301 -0.78889962991 2.35279672744
12ef12ef12ef -5.6980154861 -0.560517801574 2.72702784872
12ef12ef12ef-12ef -5.43581963928 -0.775202116246 2.36630000144
12ef12ef12ef-12ef- -5.45958446725 -0.819338906578 2.3816580127
12ef12ef12ef12ef -5.48342686594 -0.796606526613 2.39774641012
12ef12ef12ef12ef- -5.49274336096 -0.791692403383 2.35789138815
12ei -7.31281185102 0.807038583412 5.1287523678
12ei12ei -5.95859164904 -0.0083824902586 3.2768810856
12ei12ei- -5.97592650488 0.0225316184513 3.3801466322
12ei12ei-12ei -5.48650199558 -0.346832699455 2.64552889784
12ei12ei-12ei-12ei -5.1946388241 -0.555518308973 2.22192246396
12ei12ei-12ei-12ei- -5.24096362892 -0.572503244453 2.33643510527
12ei12ei-12ei12ei -5.24495609608 -0.572686592792 2.34755473593
12ei12ei-12ei12ei- -5.23701308861 -0.555756972277 2.31681707252
12ei12ei12ei -5.46413056654 -0.366555794859 2.67425499086
12ei12ei12ei-12ei -5.21539716577 -0.537509793992 2.33907010182
12ei12ei12ei-12ei- -5.22225613221 -0.553460986086 2.37025777009
12ei12ei12ei12ei -5.20329482405 -0.559717443086 2.33770613497
12ei12ei12ei12ei- -5.19423448907 -0.516054300055 2.31635843023
12el -7.20276746585 0.649179013206 4.84277764797
12el12el -5.9431427608 -0.0795488962385 3.25655982953
12el12el- -5.91242425084 -0.0114149413011 3.30634254836
12el12el-12el -5.41490049201 -0.426884695564 2.54032009372
12el12el-12el-12el -4.29468626671 -0.580332018092 0.846350824932
12el12el-12el-12el- -4.10339184926 -0.555981891569 0.806568353069
12el12el-12el12el -5.20265044776 -0.68392130312 2.23561944316
12el12el-12el12el- -4.44074615591 -0.616383371192 1.22367115728
12el12el12el -5.43754805241 -0.445787256344 2.63446872353
12el12el12el-12el -5.14298290858 -0.618856988203 2.2765628292
12el12el12el-12el- -4.02153349188 -0.569529934972 0.857429024894
12el12el12el12el -5.17161205093 -0.644188636213 2.30618698707
12el12el12el12el- -5.12938986763 -0.563422222963 2.28204773286
12fa -7.19841146654 1.40699219913 5.47055373369
12fa12fa -5.88767632046 0.456624901065 3.67914413775
12fa12fa- -6.00327063877 0.358568142126 3.68142161986
12fa12fa-12fa -5.41961103205 -0.00571297609327 2.95708462664
12fa12fa-12fa-12fa -5.18797363202 -0.248968783778 2.5871009942
12fa12fa-12fa-12fa- -5.24908780148 -0.319668119557 2.59708423828
12fa12fa-12fa12fa -5.08974855507 -0.21419532589 2.60215184814
12fa12fa-12fa12fa- -5.21142606414 -0.326519364799 2.59296817178
12fa12fa12fa -5.31712176667 0.0710795042576 2.95498347221
12fa12fa12fa-12fa -5.13063540777 -0.23835203537 2.59661559231
12fa12fa12fa-12fa- -5.20539718774 -0.314157165264 2.60288477041
12fa12fa12fa12fa -4.99995384123 -0.117648526813 2.5726390917
12fa12fa12fa12fa- -5.13067400061 -0.235520498559 2.55818187156
12fe -7.37055556382 0.608641986216 4.97419885377
12fe12fe -6.03908088843 -0.117977777451 3.30730442274
12fe12fe- -6.14634753516 -0.184348375217 3.34327317972
12fe12fe-12fe -5.61298821072 -0.495172973398 2.66734879205
12fe12fe-12fe-12fe -5.41691027788 -0.721882358687 2.3201771803
12fe12fe-12fe-12fe- -5.49377731004 -0.791467197404 2.35889938438
12fe12fe-12fe12fe -5.32397298585 -0.68604546616 2.36408935521
12fe12fe-12fe12fe- -5.44375839271 -0.788726832431 2.3537524819
12fe12fe12fe -5.53695246419 -0.490455124074 2.6789606157
12fe12fe12fe-12fe -5.38509561639 -0.747914034489 2.36849685491
12fe12fe12fe-12fe- -5.46050763485 -0.819195386331 2.38261330349
12fe12fe12fe12fe -5.27789163928 -0.694931057082 2.34921461354
12fe12fe12fe12fe- -5.39500288479 -0.792815912561 2.34010156379
12ff -7.22502525191 1.59342537032 5.73238352305
12ff12ff -5.66780833659 0.628568262363 3.6175744419
12ff12ff- -5.7744805541 0.497388916401 3.60234008764
12ff12ff-12ff -5.14090350453 0.180597157 2.83302229999
12ff12ff-12ff-12ff -4.8676457556 -0.0537974722546 2.42501977336
12ff12ff-12ff-12ff- -4.95864101615 -0.137943704011 2.44629049408
12ff12ff-12ff12ff -4.82320229751 -0.0144565975866 2.46793179193
12ff12ff-12ff12ff- -4.97356469157 -0.164229217563 2.45492642265
12ff12ff12ff -5.10693595553 0.229869492784 2.87717729757
12ff12ff12ff-12ff -4.89654194202 -0.085033212855 2.46600886579
12ff12ff12ff-12ff- -4.99344725732 -0.180471010974 2.47594033024
12ff12ff12ff12ff -4.80307223159 0.0218963398154 2.4693478424
12ff12ff12ff12ff- -4.95853446377 -0.137958477701 2.44629366678
12fi -7.08117836233 1.6326664451 5.61629598538
12fi12fi -5.50192175007 0.740490508875 3.5660449593
12fi12fi- -5.59160821566 0.657083127137 3.58168748643
12fi12fi-12fi -4.97344391385 0.328151403462 2.82202055689
12fi12fi-12fi-12fi -4.71605480507 0.0904268693667 2.42025284339
12fi12fi-12fi-12fi- -4.78117705026 0.0198937969542 2.43282909749
12fi12fi-12fi12fi -4.62502883374 0.143441077008 2.44868595834
12fi12fi-12fi12fi- -4.75524366966 0.029367367643 2.4447244619
12fi12fi12fi -4.88612290481 0.398666105057 2.83824464208
12fi12fi12fi-12fi -4.66804856856 0.118723430929 2.45630448116
12fi12fi12fi-12fi- -4.74687109792 0.0375397330972 2.46249613117
12fi12fi12fi12fi -4.53514274685 0.23987968474 2.44013762004
12fi12fi12fi12fi- -4.66662672729 0.120309573001 2.42721164338
12fl -7.11719021086 1.66611502499 5.71828316555
12fl12fl -5.45412380212 0.806106386905 3.59052596559
12fl12fl- -5.53378750311 0.708308266212 3.57937639541
12fl12fl-12fl -4.92760016426 0.338053451174 2.76540358707
12fl12fl-12fl-12fl -4.741021255 0.125742678052 2.45819339394
12fl12fl-12fl-12fl- -4.80998170959 0.127273911212 2.54138761377
12fl12fl-12fl12fl -4.58686646154 0.158504908956 2.38638096013
12fl12fl-12fl12fl- -4.72991851421 0.0283221246911 2.3859527431
12fl12fl12fl -4.82745965753 0.481137982682 2.85816668494
12fl12fl12fl-12fl -4.60668616883 0.160934613042 2.42548613346
12fl12fl12fl-12fl- -4.68532242189 0.151197212209 2.4960547571
12fl12fl12fl12fl -4.46711561319 0.332574828527 2.45204141573
12fl12fl12fl12fl- -4.58196795513 0.213076680111 2.42758043286
12ia -7.18753890183 1.54797847061 5.62241922199
12ia12ia -5.88353324844 0.55595549132 3.74819200796
12ia12ia- -5.87629890477 0.549612751958 3.73646819173
12ia12ia-12ia -5.34583098033 0.145596009412 2.99553448729
12ia12ia-12ia-12ia -5.05344186868 -0.0492286268459 2.60697047584
12ia12ia-12ia-12ia- -5.00894335948 -0.0179129447073 2.62510722606
12ia12ia-12ia12ia -5.03763809259 -0.0589067193369 2.6401462991
12ia12ia-12ia12ia- -5.06426717643 -0.0794642121291 2.62987775948
12ia12ia12ia -5.31440339923 0.192093721069 3.02887770093
12ia12ia12ia-12ia -5.0497127851 -0.0552928796303 2.63644193172
12ia12ia12ia-12ia- -5.02270767289 -0.0345968761541 2.64650946875
12ia12ia12ia12ia -4.99301444217 0.0189717112816 2.6376738805
12ia12ia12ia12ia- -5.03449992861 -0.0117516305184 2.61687159252
12ie -7.31345745983 0.806540646667 5.12900710475
12ie12ie -5.9591634911 -0.00835565538521 3.27740926514
12ie12ie- -5.97636415732 0.0225232462188 3.38044645698
12ie12ie-12ie -5.48706471776 -0.346708615422 2.64606470866
12ie12ie-12ie-12ie -5.19530431829 -0.555322135657 2.22264678684
12ie12ie-12ie-12ie- -5.19496581486 -0.515891805766 2.3170762497
12ie12ie-12ie12ie -5.21607793735 -0.537338025951 2.33976399313
12ie12ie-12ie12ie- -5.23765989451 -0.555558505818 2.31752231539
12ie12ie12ie -5.46481019034 -0.366454873762 2.67493253439
12ie12ie12ie-12ie -5.24563691294 -0.572506244904 2.34831057836
12ie12ie12ie-12ie- -5.22295608547 -0.553316606266 2.37098504989
12ie12ie12ie12ie -5.20407433052 -0.559576687226 2.33854008045
12ie12ie12ie12ie- -5.24167510951 -0.572324772362 2.33726023374
12if -7.10724732326 1.64999616683 5.67701815277
12if12if -5.58977430637 0.681237286804 3.57689416268
12if12if- -5.59130145595 0.657114367104 3.58148616461
12if12if-12if -5.00569707231 0.293018090813 2.81479256214
12if12if-12if-12if -4.67040982877 0.0996303781218 2.39829345814
12if12if-12if-12if- -4.66637472232 0.120290551277 2.42688251757
12if12if-12if12if -4.70305228467 0.0915327756151 2.45982687949
12if12if-12if12if- -4.75494568154 0.0293760319429 2.44443915111
12if12if12if -5.02951644312 0.297860995709 2.85817307435
12if12if12if-12if -4.74414017657 0.0394719100663 2.45209239785
12if12if12if-12if- -4.74656578642 0.0375239922089 2.46219466202
12if12if12if12if -4.72125728709 0.102980741393 2.46113050283
12if12if12if12if- -4.78081232633 0.0198600535523 2.43254446768
12ii -6.96792041041 1.73283066675 5.64392825766
12ii12ii -5.3005305891 0.795188177848 3.34141306578
12ii12ii- -5.3944091554 0.837104522894 3.57024199552
12ii12ii-12ii -4.81677811317 0.450594232664 2.77506907661
12ii12ii-12ii-12ii -4.4568335321 0.25187594642 2.30928347129
12ii12ii-12ii-12ii- -4.39049121622 0.293083715613 2.30849739835
12ii12ii-12ii12ii -4.45811115116 0.26049968863 2.37957184037
12ii12ii-12ii12ii- -4.50935026912 0.238143010354 2.39209218573
12ii12ii12ii -4.68418015035 0.471671785202 2.67541026204
12ii12ii12ii-12ii -4.45811166985 0.26052898387 2.37962061439
12ii12ii12ii-12ii- -4.40562273818 0.2833715294 2.36587563927
12ii12ii12ii12ii -4.32204278777 0.329096783863 2.29317514525
12ii12ii12ii12ii- -4.39050649047 0.29314364753 2.30858228689
12il -6.76544950115 1.73794541688 5.36161784117
12il12il -5.33760955749 0.887509584425 3.54246460969
12il12il- -5.32433956274 0.897497414246 3.55988384228
12il12il-12il -4.7584718267 0.479721443123 2.73924456471
12il12il-12il-12il -2.51253682074 0.622755797853 0.836079171665
12il12il-12il-12il- -2.04160533549 0.956799744383 0.642298167169
12il12il-12il12il -4.4425387449 0.29772391858 2.38043243829
12il12il-12il12il- -4.47627220745 0.28627963198 2.40037901069
12il12il12il -4.71798076614 0.581219938143 2.84433681227
12il12il12il-12il -4.4213222595 0.326497324087 2.4170602839
12il12il12il-12il- -2.32543040515 0.71936996553 0.86903416187
12il12il12il12il -4.35516853038 0.45069766724 2.45894670446
12il12il12il12il- -4.37971216225 0.410074567597 2.43115868722
12la -7.17578771748 1.49529037198 5.54416771174
12la12la -5.69564238134 0.512958314798 3.47126431227
12la12la- -5.75995900581 0.560180321332 3.65688657775
12la12la-12la -5.20231032494 0.0326247611225 2.73815565594
12la12la-12la-12la -4.9207925816 -0.164001441025 2.41172826226
12la12la-12la-12la- -4.81554813661 -0.0258851662735 2.50611083475
12la12la-12la12la -4.88144523623 -0.174430466489 2.40865584645
12la12la-12la12la- -4.87660935437 -0.138965151052 2.4318504889
12la12la12la -5.12275181294 0.134165294387 2.78676587006
12la12la12la-12la -4.88137304048 -0.170846993394 2.41988168686
12la12la12la-12la- -4.80685070833 -0.0458909448008 2.51063290075
12la12la12la12la -4.80556154382 -0.053930919915 2.42068837079
12la12la12la12la- -4.81620195534 -0.0255740640536 2.44483158698
12le -7.34292930936 0.757306785319 5.08907037481
12le12le -4.2347680426 -0.110279238552 0.842104337981
12le12le- -5.91307877069 -0.0115071118024 3.30675777996
12le12le-12le -4.54515841232 -0.453225672213 1.21832331487
12le12le-12le-12le -4.44441315336 -0.703630848872 1.08838314223
12le12le-12le-12le- -5.13029222561 -0.563309901501 2.28292660775
12le12le-12le12le -4.41384001322 -0.610796096114 0.806524866935
12le12le-12le12le- -4.440850857 -0.616221879115 1.22422634267
12le12le12le -4.18015973069 -0.394553876666 0.79855173358
12le12le12le-12le -4.01009763245 -0.634461434858 0.854502860995
12le12le12le-12le- -4.02259471952 -0.569534188117 0.859215561793
12le12le12le12le -4.09981693157 -0.543700532132 0.789954268464
12le12le12le12le- -4.10438914414 -0.556054413375 0.808307292931
12lf -7.19713504756 1.67011915408 5.78586535489
12lf12lf -5.67961842332 0.746296520528 3.37198288541
12lf12lf- -5.53369852524 0.708306750478 3.57930935037
12lf12lf-12lf -5.01001970342 0.243965332894 2.73056936146
12lf12lf-12lf-12lf -4.67220726696 0.0847352237723 2.35058964073
12lf12lf-12lf-12lf- -4.5819719198 0.213017460554 2.42747734229
12lf12lf-12lf12lf -4.76355663955 0.0484736587993 2.43115137867
12lf12lf-12lf12lf- -4.72990720208 0.0282892434869 2.38595666862
12lf12lf12lf -5.12510815658 0.366968169938 2.99956806215
12lf12lf12lf-12lf -4.75167157536 0.0538268696651 2.43344710272
12lf12lf12lf-12lf- -4.68522791111 0.151205428736 2.4959679811
12lf12lf12lf12lf -4.83462588879 0.167984560187 2.6089660815
12lf12lf12lf12lf- -4.80984551081 0.127348015911 2.54134277241
12li -7.05438409495 1.72430112986 5.69177109305
12li12li -2.44184343688 1.22289093172 0.904707764337
12li12li- -5.32459622181 0.897480868773 3.56006433585
12li12li-12li -4.82778959103 0.437683726019 2.75196058402
12li12li-12li-12li -4.49167614068 0.287786256946 2.36437678424
12li12li-12li-12li- -4.3799205463 0.410026435568 2.43131986488
12li12li-12li12li -2.60674638923 0.521949995679 0.808325456268
12li12li-12li12li- -4.47648056903 0.286310793684 2.40063350948
12li12li12li -2.04432599821 1.117010465 0.643644430331
12li12li12li-12li -2.42516249172 0.605370763157 0.867731551148
12li12li12li-12li- -2.32594323576 0.718578912255 0.868900534322
12li12li12li12li -1.84049457806 1.12641267106 0.556660930383
12li12li12li12li- -2.04342017485 0.955648841777 0.642345614569
12ll -7.02220448298 1.71771020439 5.65552489367
12ll12ll -5.52063452597 0.857991721724 3.69063008174
12ll12ll- -5.27040107305 0.915947712192 3.53476868141
12ll12ll-12ll -4.82990650299 0.366762165103 2.67120801424
12ll12ll-12ll-12ll -4.59925436824 0.21051910783 2.3893045279
12ll12ll-12ll-12ll- -4.47464091426 0.410313398565 2.50450400641
12ll12ll-12ll12ll -4.58945507182 0.169132237954 2.36751983694
12ll12ll-12ll12ll- -4.48471432129 0.217586610948 2.32230022341
12ll12ll12ll -4.92494208379 0.527253078497 2.97055946482
12ll12ll12ll-12ll -4.51228559639 0.235549286858 2.38336718684
12ll12ll12ll-12ll- -4.4114506689 0.418276515627 2.49182450246
12ll12ll12ll12ll -4.59890801257 0.368799490485 2.58489862811
12ll12ll12ll12ll- -4.47478191424 0.410247702215 2.5045210391
2 -10.0340941178 1.19382391082 6.88413486287
22 -8.0364681947 -0.0878623028432 5.41868989942
22- -7.99584898982 -0.107907209288 5.08358768728
22-2 -6.99426109733 -0.781595203778 3.7335770899
22-2- -7.01768642898 -0.759831533096 3.8764894559
22-2-2 -6.41993699765 -1.18465066001 3.09408558122
22-2-2- -6.42556182914 -1.18181460716 3.18471393089
22-22 -6.41588212841 -1.19487035214 3.06093427945
22-22- -6.40077740119 -1.20773520364 2.98863013612
222 -7.03003160166 -0.75729286885 4.07492288799
222- -7.0175169197 -0.75951827176 3.87641940534
222-2 -6.41563618772 -1.19450991067 3.06088866926
222-2- -6.43313075734 -1.17483961949 3.12616454875
2222 -6.42945584235 -1.18287852638 3.29797136805
2222- -6.42535187336 -1.18141971801 3.18460740023
4aa -9.04406798838 0.881541125677 6.12875384089
4aa4aa -7.34505040061 0.00463083062432 4.55488274969
4aa4aa- -7.34342093285 0.00622174806636 4.55255743413
4aa4aa-4aa -6.6812334562 -0.377687005966 3.75017738022
4aa4aa-4aa-4aa -6.34066153384 -0.5803034125 3.35167210285
4aa4aa-4aa-4aa- -6.34175875013 -0.581427959091 3.35183011422
4aa4aa-4aa4aa -6.34061976504 -0.580281357772 3.35136893644
4aa4aa-4aa4aa- -6.33952601102 -0.579156841157 3.35125124717
4aa4aa4aa -6.68373303238 -0.380233802196 3.75136425794
4aa4aa4aa-4aa -6.34033671911 -0.579993851859 3.35136571601
4aa4aa4aa-4aa- -6.34142986291 -0.58111733001 3.35148039668
4aa4aa4aa4aa -6.34256816657 -0.582265350485 3.35197368972
4aa4aa4aa4aa- -6.34146902383 -0.58114224447 3.35181033444
4ae -8.11731182622 0.178235980138 5.44650122739
4ae4ae -5.58890095613 -0.341619822912 1.92216370221
4ae4ae- -4.89464371813 -0.337762756506 1.2158419684
4ae4ae-4ae -4.71936338472 -0.583473334411 1.1316145232
4ae4ae-4ae-4ae -4.63459288118 -0.772291135524 1.11765266236
4ae4ae-4ae-4ae- -4.9278695857 -0.774691134753 1.12576366383
4ae4ae-4ae4ae -4.73286578805 -0.738538264891 1.10683775688
4ae4ae-4ae4ae- -4.61761710033 -0.73387445951 1.1103491293
4ae4ae4ae -5.31986602736 -0.657297407755 1.69951046146
4ae4ae4ae-4ae -4.65944815582 -0.79611813402 1.03746716837
4ae4ae4ae-4ae- -4.75203060688 -0.804651458662 1.03560416285
4ae4ae4ae4ae -5.20336475026 -0.832792648919 1.59525696205
4ae4ae4ae4ae- -4.67806456612 -0.833324970532 1.10873763412
4af -7.7914091889 0.936785689108 5.39065051481
4af4af -6.87259146866 0.140617839716 4.20500404794
4af4af- -6.86088315758 0.177096186019 4.22466477515
4af4af-4af -6.38050974964 -0.234867808789 3.56638660988
4af4af-4af-4af -6.12188608201 -0.478793332159 3.19657786825
4af4af-4af-4af- -6.08792453154 -0.45569028048 3.18968946709
4af4af-4af4af -6.12092406581 -0.461875800333 3.22286992238
4af4af-4af4af- -6.07732670459 -0.418182593421 3.2224211523
4af4af4af -6.28973765152 -0.200324774986 3.54650933774
4af4af4af-4af -5.99865750944 -0.363587236429 3.21372259246
4af4af4af-4af- -5.96393441857 -0.338894855904 3.20720472266
4af4af4af4af -5.96881372244 -0.382433209331 3.20254127265
4af4af4af4af- -5.92481050517 -0.338863031831 3.20000132495
4ai -7.72153802209 1.09898084904 5.44820352901
4ai4ai -4.56797621325 0.366725769723 1.75756809615
4ai4ai- -4.21849797105 0.398328000307 1.46720659776
4ai4ai-4ai -4.04769971081 0.126660873691 1.25920509159
4ai4ai-4ai-4ai -4.0446786961 -0.0113098124838 1.24799523609
4ai4ai-4ai-4ai- -4.07893373747 -0.0229516424977 1.24576942683
4ai4ai-4ai4ai -3.96795551263 -0.015974137692 1.1575641074
4ai4ai-4ai4ai- -3.95214082458 -0.00471448461121 1.16471587322
4ai4ai4ai -4.39922434512 0.0961283674445 1.54823774025
4ai4ai4ai-4ai -3.996750918 -0.0148230647167 1.23671563907
4ai4ai4ai-4ai- -4.06362941672 -0.0256743033984 1.24012098355
4ai4ai4ai4ai -4.32370321924 -0.0362742794501 1.48078542177
4ai4ai4ai4ai- -4.11491505487 -0.0241096995588 1.39940906136
4al -7.62752928282 1.043317379 5.36670252626
4ea -8.10456188399 0.160642817478 5.41574759672
4ea4ea -6.4114098413 -0.359993771785 2.73833735219
4ea4ea- -5.59070021493 -0.364404347777 1.89856871912
4ea4ea-4ea -5.44558222395 -0.628616901708 1.8031537488
4ea4ea-4ea-4ea -5.37572966484 -0.816834067575 1.79164164475
4ea4ea-4ea-4ea- -5.41351859264 -0.864283750199 1.79544599047
4ea4ea-4ea4ea -5.39456600883 -0.835615403131 1.71449599033
4ea4ea-4ea4ea- -5.35775842137 -0.786239407343 1.77518344916
4ea4ea4ea -6.14918185478 -0.681663584202 2.50541434383
4ea4ea4ea-4ea -5.44544449779 -0.788073641709 1.77408667618
4ea4ea4ea-4ea- -5.461674109 -0.840854217288 1.71394528092
4ea4ea4ea4ea -6.0375751094 -0.860579193202 2.39483397344
4ea4ea4ea4ea- -5.60422330311 -0.815758354451 1.79646648065
4ee -7.63900818989 -0.301268307084 4.70841283715
4ee4ee -5.62611739575 -0.701735234457 1.79012569721
4ee4ee4ee -5.39321972711 -0.958514082233 1.56000241702
4ee4ee4ee4ee -5.29106440716 -1.10361890633 1.45907590033
4ef -7.2749667308 0.55014690131 4.90871871977
4ef4ef -6.29985361954 -0.118980943653 2.91576235012
4ef4ef- -3.26039683635 0.580639185281 0.709499998499
4ef4ef-4ef -2.84371008043 0.439705873491 0.729916277806
4ef4ef-4ef-4ef -3.03076003709 -0.00962892078277 0.706235712498
4ef4ef-4ef-4ef- -3.15894691771 -0.388527022474 0.603480464272
4ef4ef-4ef4ef- -2.57744666219 0.5065616413 0.70768689744
4ef4ef4ef -6.02428521121 -0.419603434031 2.67885792204
4ef4ef4ef-4ef -2.95986371692 0.106861074869 0.811117973957
4ef4ef4ef-4ef- -3.25925454521 -0.215556359609 0.737527695564
4ef4ef4ef4ef -5.90288713402 -0.578455473843 2.56709087132
4ef4ef4ef4ef- -3.31051005077 -0.141984449067 0.783835589536
4ei -7.23852475909 0.483026245509 4.93274286374
4ei4ei -4.70222700686 0.0379343146321 1.64699422817
4ei4ei- -3.62718752538 0.510689074705 1.51593321987
4ei4ei-4ei -3.00761080199 0.400071299671 1.04939398953
4ei4ei-4ei-4ei -3.33339552144 0.151780925996 1.16632090752
4ei4ei-4ei-4ei- -3.37701116316 -0.0649687005676 0.978149788158
4ei4ei-4ei4ei -2.89553538769 0.17340753629 0.787788890397
4ei4ei-4ei4ei- -2.75090004375 0.34024169883 0.85721260582
4ei4ei4ei -4.5254037503 -0.178260528082 1.4570898008
4ei4ei4ei-4ei -3.07827316726 0.0839366373412 1.00017275423
4ei4ei4ei-4ei- -3.47913241432 -0.0876362820172 1.00985921667
4ei4ei4ei4ei -4.43794261656 -0.290069792373 1.39990768936
4ei4ei4ei4ei- -3.64656124364 -0.108691170336 1.34019128674
4el -7.15457073923 0.634146029245 4.90565723575
4fa -7.77791917563 0.935369646874 5.3819052583
4fa4fa -6.86843397191 0.139820252864 4.19635422594
4fa4fa- -7.0318090457 -0.00477309757333 4.1694964199
4fa4fa-4fa -6.36055208025 -0.229229156884 3.55231078666
4fa4fa-4fa-4fa -6.10085530167 -0.467228213567 3.18768695584
4fa4fa-4fa-4fa- -6.2688473259 -0.646759588123 3.16738536214
4fa4fa-4fa4fa -5.98808162988 -0.366839771862 3.20134274759
4fa4fa-4fa4fa- -6.17689890434 -0.534906807776 3.2096565399
4fa4fa4fa -6.28600755155 -0.204523241383 3.53562480439
4fa4fa4fa-4fa -6.10001868781 -0.455611206926 3.20906348128
4fa4fa4fa-4fa- -6.26797768249 -0.637207912136 3.18511193692
4fa4fa4fa4fa -5.96605648928 -0.388350990904 3.19126738535
4fa4fa4fa4fa- -6.14958415539 -0.555401162756 3.19401071566
4fe -7.27441036804 0.580072874288 4.90676508699
4fe4fe -5.50086027686 -0.0882828063521 2.12435183208
4fe4fe- -3.65797543945 0.386065133084 1.39832952081
4fe4fe-4fe -2.75218203782 0.423421509804 0.821953660374
4fe4fe-4fe-4fe -3.10281657485 0.0824530455717 0.966583679798
4fe4fe-4fe-4fe- -3.98460342963 -0.463501144425 1.25775570333
4fe4fe-4fe4fe -2.85982537844 0.101164893927 0.782271381998
4fe4fe-4fe4fe- -2.5014515438 0.297471014493 0.579322689885
4fe4fe4fe -5.22476392295 -0.384275923483 1.90219660982
4fe4fe4fe-4fe -2.74693470694 0.116863951307 0.615779371693
4fe4fe4fe-4fe- -3.84398721716 -0.399467517084 1.05245335612
4fe4fe4fe4fe -5.10651828664 -0.538740294461 1.79829786427
4fe4fe4fe4fe- -3.62959319693 -0.293117976285 1.00043709858
4ff -6.80457628275 0.857171163446 4.52807266713
4ff4ff -6.10139756233 0.184603896781 3.55048966383
4ff4ff- -3.98759996946 0.00566188098816 1.0746975939
4ff4ff-4ff -3.95582832537 -0.363205690802 0.907833706813
4ff4ff-4ff-4ff -4.09741968959 -0.666002506839 0.931637941052
4ff4ff-4ff-4ff- -4.18538551897 -0.775686737975 0.914124127897
4ff4ff-4ff4ff -3.93340692783 -0.500902509809 0.881242216456
4ff4ff-4ff4ff- -3.96079856033 -0.602672429701 0.830996657454
4ff4ff4ff -5.63697538909 -0.126455945361 3.01436808691
4ff4ff4ff-4ff -3.88667122807 -0.489486373426 0.789791223148
4ff4ff4ff-4ff- -4.05358803186 -0.593625252724 0.849198628867
4ff4ff4ff4ff -5.35649778081 -0.294661994793 2.70880344016
4ff4ff4ff4ff- -3.87821329054 -0.399974772951 0.895099743945
4fi -6.79353633225 1.02318468242 4.64450431169
4fi4fi -4.48940340666 0.422337086779 1.74680872304
4fi4fi- -2.48289045288 1.44845710566 0.976864173854
4fi4fi-4fi -1.13652670446 1.50687308249 0.0675734912384
4fi4fi-4fi-4fi -1.67198057197 1.2963561825 0.589154219503
4fi4fi-4fi-4fi- -2.85601496954 0.711373968087 1.02021314391
4fi4fi-4fi4fi -1.39544232571 1.13049185731 0.214034071205
4fi4fi-4fi4fi- -0.972666602564 1.68940940644 0.250551133761
4fi4fi4fi -4.26775915437 0.166201473658 1.5342343136
4fi4fi4fi-4fi -1.46074354661 1.07033806215 0.185183253549
4fi4fi4fi-4fi- -2.8472395082 0.710132265278 1.03160810489
4fi4fi4fi4fi -4.15399451108 0.0345009393779 1.45381298507
4fi4fi4fi4fi- -2.68899425982 0.7593418827 0.983958180384
4fl -6.68359272726 0.962176077344 4.52698392686
4ia -7.70691286789 1.10015018041 5.44121977221
4ia4ia -5.29870309983 0.3539148395 2.45935654249
4ia4ia- -4.57967239792 0.396463092623 1.80202244947
4ia4ia-4ia -4.38152525752 0.118272172612 1.57156705151
4ia4ia-4ia-4ia -4.40961571365 -0.0376896799877 1.56944779979
4ia4ia-4ia-4ia- -4.48669225092 -0.0715762204864 1.73820115463
4ia4ia-4ia4ia -4.3342946866 -0.0502380888016 1.53976221824
4ia4ia-4ia4ia- -4.27633884652 -0.0184741330228 1.47159305688
4ia4ia4ia -5.12168641748 0.0628722180343 2.22204907422
4ia4ia4ia-4ia -4.31133324118 -0.029029079095 1.4685651634
4ia4ia4ia-4ia- -4.43553393523 -0.0606266444607 1.55271760064
4ia4ia4ia4ia -5.03914309751 -0.083195980702 2.13545613038
4ia4ia4ia4ia- -4.45816886271 -0.0488336336711 1.5674541427
4ie -7.23684609336 0.506750482339 4.95086878181
4ie4ie -5.10675057913 0.050415274428 1.92945812586
4ie4ie- -3.64440421811 0.616632721735 1.55257326018
4ie4ie-4ie -2.82347185849 0.471233541606 0.89623286256
4ie4ie-4ie-4ie -3.30805463925 0.301045580569 1.29050889025
4ie4ie-4ie-4ie- -3.70079619131 -0.0360482303594 1.43631390286
4ie4ie-4ie4ie -2.89988082976 0.167358852876 0.848642700146
4ie4ie-4ie4ie- -2.45356975022 0.390642645481 0.604311416085
4ie4ie4ie -4.85034251991 -0.181474564076 1.74989915243
4ie4ie4ie-4ie -2.7379657308 0.25786401544 0.729346676537
4ie4ie4ie-4ie- -3.55299669374 0.00600670399782 1.16238480302
4ie4ie4ie4ie -4.71514474221 -0.303634933427 1.66556481627
4ie4ie4ie4ie- -3.43143366123 -0.0143136219604 1.13655115238
4if -6.79291745223 1.02600843665 4.64667627831
4if4if -5.1967142179 0.412498902833 2.43872412904
4if4if- -2.33861349301 1.10026620241 0.600475205129
4if4if-4if -1.17497953442 1.50946680733 0.145913023764
4if4if-4if-4if -1.68233273013 1.31553168522 0.606992579232
4if4if-4if-4if- -2.52244267305 0.494166804688 0.549579231279
4if4if-4if4if -1.48881799126 1.07637170268 0.244504259716
4if4if-4if4if- -0.897297695877 1.37650000229 0.0679072858557
4if4if4if -4.94511676085 0.143490497949 2.19440939214
4if4if4if-4if -1.41544758525 1.15750010312 0.249437440496
4if4if4if-4if- -2.54009376454 0.639867584061 0.630889097722
4if4if4if4if -4.80218275007 0.00280569715344 2.09190653633
4if4if4if4if- -2.42891268127 0.810378526754 0.650180297051
4ii -6.77405928032 1.19104668224 4.75713848156
4ii4ii -4.26856915067 0.650504483767 1.74484260171
4ii4ii4ii -4.05348640275 0.437797133918 1.56669630864
4ii4ii4ii4ii -3.93578659277 0.338326665332 1.49781071343
4il -6.67202050903 1.12979595145 4.64460009665
4la -7.60841396581 1.02935561105 5.34487490098
4la4la- -6.7132264548 0.291807366682 4.1937123353
4la4la-4la-4la- -5.74727992369 -0.226421154219 3.13960995321
4le -7.15388261374 0.651343853208 4.89316996733
4le4le- -3.08617636563 0.316147692744 0.106188149622
4le4le-4le-4le- -3.15697511857 0.059089441799 0.168670381867
4lf -6.68558289777 0.949805253169 4.51852678848
4lf4lf- -5.64034740665 0.243021212672 3.14676971969
4lf4lf-4lf-4lf- -5.04750073895 -0.327463584346 2.43815213755
4li -6.6745414516 1.11508320758 4.6342607782
4li4li- -2.64597742644 0.515169297794 0.504079868526
4li4li-4li-4li- -2.55677527564 0.257300304368 0.526012876496
4ll -6.55882556083 1.05253099291 4.51025718371
Using multi
