1111- -10.6033738758 -1.61811047921 2.00017402851
1111-11- -9.99010686337 -2.46979801334 1.02344395604
1111-11-11- -8.04827832671 -2.84024814233 0.242477136845
1111-11-11 -7.64006864649 -2.12660205563 0.989226509877
1111-11 -9.57847823099 -2.45440651711 0.816329955395
1111-1111- -9.17651750863 -2.85046872669 0.19572555207
1111-1111 -9.37804473755 -2.92215936307 0.296059622044
1111 -10.5039784336 -1.4862856453 1.9693749928
111111- -9.98942014456 -2.46834006797 1.025451502
111111-11- -9.67649780936 -2.98344403118 0.507931711943
111111-11 -9.38054270169 -2.92109157703 0.299088856222
111111 -9.99424549555 -2.41004727447 0.969558447072
11111111- -8.13386287361 -2.80770537862 0.418367527417
11111111 -9.99053112709 -2.90398706393 0.63378636106
12aa -9.21341120838 1.56394158782 6.25690533416
12aa12aa- -7.56876290598 0.36916214954 4.24895151304
12aa12aa-12aa-12aa- -6.54680392059 -0.335129314974 2.97370070443
12aa12aa-12aa-12aa -6.56360333026 -0.359810354878 2.96591180242
12aa12aa-12aa -6.91844379391 -0.118553018102 3.42132442908
12aa12aa-12aa12aa- -6.57503219136 -0.386059142536 2.99092250804
12aa12aa-12aa12aa -6.56263046519 -0.368740730042 2.99671588205
12aa12aa -7.57145271218 0.37225642717 4.25058369669
12aa12aa12aa-12aa- -6.55014405079 -0.351554530112 3.00239712429
12aa12aa12aa-12aa -6.56263468495 -0.368746545994 2.99673679196
12aa12aa12aa -6.89843776394 -0.0820141879286 3.43644051682
12aa12aa12aa12aa- -6.5468113741 -0.335130346165 2.97373896516
12aa12aa12aa12aa -6.53167584676 -0.311016966017 2.9819978422
12ae -8.69781477792 1.13491367863 5.51678397747
12ae12ae- -7.3660718609 -0.00314760070165 3.83341498312
12ae12ae-12ae-12ae- -6.47161164322 -0.658734543036 2.66628685188
12ae12ae-12ae-12ae -6.47537839556 -0.677460996235 2.65412823439
12ae12ae-12ae -6.79410517858 -0.454742604953 3.06881694447
12ae12ae-12ae12ae- -6.48718322538 -0.706736300459 2.68504146758
12ae12ae-12ae12ae -6.47873651087 -0.688587951512 2.69308931197
12ae12ae -7.38685665721 -0.0117293009141 3.84559341372
12ae12ae12ae-12ae- -6.48006488787 -0.694427299011 2.72154119577
12ae12ae12ae-12ae -6.48922450388 -0.71309980229 2.71341656946
12ae12ae12ae -6.80147608046 -0.449737785789 3.13430370706
12ae12ae12ae12ae- -6.48785122774 -0.698444509227 2.71761703357
12ae12ae12ae12ae -6.48376802323 -0.678566715539 2.72941175831
12af -8.51024433387 1.59607583028 5.74080528197
12af12af- -7.10158296412 0.440468627364 3.9239975163
12af12af-12af-12af- -6.06900408652 -0.189433135796 2.7486456968
12af12af-12af-12af -6.07102017076 -0.21275688545 2.74146794341
12af12af-12af -6.45275845627 -0.000550978577404 3.15715399641
12af12af-12af12af- -6.12788303033 -0.278864924169 2.77076636811
12af12af-12af12af -6.10743721457 -0.241087343791 2.77948180478
12af12af -7.10828201843 0.459200710635 3.94691174672
12af12af12af-12af- -6.12212729721 -0.262222380799 2.78714854655
12af12af12af-12af -6.12293207703 -0.2729172785 2.78323902973
12af12af12af -6.47968977588 0.0134163197438 3.20401302758
12af12af12af12af- -6.15126606818 -0.267306011531 2.77800855796
12af12af12af12af -6.1287812849 -0.212527722761 2.79172120454
12ai -8.58399978509 1.79856142255 5.92180388809
12ai12ai- -6.96086999581 0.744399361812 4.05527878649
12ai12ai-12ai-12ai- -5.91318677865 0.135626842846 2.84977028826
12ai12ai-12ai-12ai -5.93276053283 0.0895072289892 2.83893564052
12ai12ai-12ai -6.2998185041 0.298722890965 3.26399427188
12ai12ai-12ai12ai- -5.94199824312 0.0532151786152 2.85934870229
12ai12ai-12ai12ai -5.92834060982 0.0816476220039 2.86724371946
12ai12ai -6.97481609864 0.748988792012 4.06958436473
12ai12ai12ai-12ai- -5.89727628779 0.109631973003 2.87855586244
12ai12ai12ai-12ai -5.91147014034 0.0812254133278 2.87105231487
12ai12ai12ai -6.26723675475 0.358088282468 3.29843608309
12ai12ai12ai12ai- -5.87828503479 0.132296325369 2.85709369946
12ai12ai12ai12ai -5.86304576971 0.177254408943 2.87088239704
12al -8.23372627954 1.69982448012 5.62019974765
12al12al- -6.80899669362 0.69830761987 3.90613028552
12al12al-12al-12al- -5.63879821436 0.130971899771 2.61490357994
12al12al-12al-12al -5.73684696352 0.00632811107306 2.60716360749
12al12al-12al -6.13565477754 0.189978302568 3.03351435973
12al12al-12al12al- -5.76096489137 -0.0472712236953 2.62694076802
12al12al-12al12al -5.76097308654 -0.0464789636757 2.62766633953
12al12al -6.78656345094 0.669902739993 3.87835065616
12al12al12al-12al- -5.65436923 0.085321357258 2.70287790393
12al12al12al-12al -5.74572578466 -0.0112704185957 2.70364850395
12al12al12al -6.08833965488 0.281464105903 3.13406576966
12al12al12al12al- -5.69037604999 0.0863428406529 2.72143409927
12al12al12al12al -5.6797139688 0.102848928355 2.72198933114
12ea -8.69904306134 1.13531523926 5.51689529527
12ea12ea- -7.366611164 -0.00309669147015 3.83385912459
12ea12ea-12ea-12ea- -6.48819462076 -0.698428578667 2.71783515876
12ea12ea-12ea-12ea -6.47571130383 -0.677472328942 2.6544005459
12ea12ea-12ea -6.79450380355 -0.454732931178 3.06912770855
12ea12ea-12ea12ea- -6.48751627072 -0.706748721038 2.68531379142
12ea12ea-12ea12ea -6.48955523959 -0.713099409279 2.71366321404
12ea12ea -7.38741988382 -0.0116629154118 3.84599302329
12ea12ea12ea-12ea- -6.48040277231 -0.694422411747 2.72181595906
12ea12ea12ea-12ea -6.47907603701 -0.688596597108 2.69338694729
12ea12ea12ea -6.80189250402 -0.449707666987 3.13458217003
12ea12ea12ea12ea- -6.47196848904 -0.658719601643 2.66661073391
12ea12ea12ea12ea -6.48411573382 -0.678539239197 2.72965739119
12ee -8.73589804657 0.940615129612 5.3517771128
12ee12ee- -7.24295093234 -0.315000419443 3.51877113626
12ee12ee-12ee-12ee- -6.38303650853 -0.979412016524 2.36099561055
12ee12ee-12ee -6.60367599342 -0.733532695293 2.5703864251
12ee12ee-12ee12ee- -6.26617692383 -0.946555620378 2.18380030807
12ee12ee-12ee12ee -6.32780735055 -0.969637740208 2.29330190925
12ee12ee -7.23393654986 -0.33660218301 3.36412013702
12ee12ee12ee-12ee- -6.38863042266 -0.991997486548 2.41319717832
12ee12ee12ee-12ee -6.32781394128 -0.969635284228 2.2933373267
12ee12ee12ee -6.6773309734 -0.76477270503 2.75025600388
12ee12ee12ee12ee- -6.38303175445 -0.979416389414 2.36106374437
12ee12ee12ee12ee -6.38148278542 -0.993373086094 2.38971513069
12ef -8.6213129474 1.11188275969 5.46770557879
12ef12ef- -7.05953731603 0.0349344322734 3.60541866778
12ef12ef-12ef-12ef- -6.13147171234 -0.599743896673 2.50872666527
12ef12ef-12ef-12ef -6.09327965003 -0.561345340061 2.42979303199
12ef12ef-12ef -6.44968458397 -0.364061586497 2.84122945759
12ef12ef-12ef12ef- -6.15851404487 -0.628090891534 2.48327294806
12ef12ef-12ef12ef -6.1518850808 -0.610389171026 2.5159226095
12ef12ef -7.06650348544 0.0588558448187 3.56628084414
12ef12ef12ef-12ef- -6.16190063378 -0.623752183425 2.53228410896
12ef12ef12ef-12ef -6.14308549505 -0.602689083175 2.50184441476
12ef12ef12ef -6.48335781039 -0.363305546528 2.91168048671
12ef12ef12ef12ef- -6.16744713247 -0.596726152901 2.49217561687
12ef12ef12ef12ef -6.1706605148 -0.587952609415 2.54397818784
12ei -8.54377600218 1.25837084271 5.49867093739
12ei12ei- -6.8954428992 0.317054898376 3.70107359513
12ei12ei-12ei-12ei- -5.97207778416 -0.33945341311 2.55068491968
12ei12ei-12ei-12ei -5.91886583445 -0.340115520935 2.42326060189
12ei12ei-12ei -6.29046297537 -0.115490997194 2.89884410092
12ei12ei-12ei12ei- -5.9692833356 -0.354215589548 2.51913648227
12ei12ei-12ei12ei -5.97657328266 -0.357539815461 2.555608309
12ei12ei -6.91486973486 0.273283271262 3.60485957442
12ei12ei12ei-12ei- -5.94635824936 -0.329651537298 2.57547122878
12ei12ei12ei-12ei -5.94120426003 -0.327252832377 2.54008469139
12ei12ei12ei -6.28240685544 -0.119459363281 2.93616618397
12ei12ei12ei12ei- -5.91139672885 -0.291706399391 2.51494166785
12ei12ei12ei12ei -5.93403168885 -0.318662943253 2.55517655462
12el -8.3744118956 1.12603276978 4.45676763666
12el12el- -6.78849999288 0.265637119704 3.58366642365
12el12el-12el-12el- -4.05986699913 1.04294928869 2.18372126461
12el12el-12el-12el -4.48615654224 0.293323892109 1.96256456286
12el12el-12el -6.21731980532 -0.213771913862 2.75660545447
12el12el-12el12el- -5.17907568458 -0.468551732106 0.971473226831
12el12el-12el12el -5.90658996083 -0.469527089045 2.4039196389
12el12el -6.86955651704 0.206303985041 3.55558808829
12el12el12el-12el- -4.28894390913 0.275606939018 1.99288530634
12el12el12el-12el -5.86055657535 -0.406434796971 2.44715884563
12el12el12el -6.22766543502 -0.181720749177 2.88376775137
12el12el12el12el- -5.81184624565 -0.325501927943 2.4576681187
12el12el12el12el -5.86852484115 -0.376459829772 2.50847140991
12fa -8.48543635371 1.59158650301 5.71852143825
12fa12fa- -7.10249731467 0.440340638298 3.92455950001
12fa12fa-12fa-12fa- -6.15217950663 -0.267378730997 2.77866629749
12fa12fa-12fa-12fa -6.1078354998 -0.213327603041 2.7567732373
12fa12fa-12fa -6.42555037924 0.0325079953273 3.1666787088
12fa12fa-12fa12fa- -6.12870959279 -0.278971924058 2.77142501378
12fa12fa-12fa12fa -6.0412110694 -0.195850490811 2.79013691795
12fa12fa -7.0344541987 0.511042484792 3.94700230298
12fa12fa12fa-12fa- -6.12298055989 -0.262331424412 2.78781670903
12fa12fa12fa-12fa -6.06943610196 -0.205378621195 2.77693514912
12fa12fa12fa -6.36179540477 0.0955356304361 3.1961151182
12fa12fa12fa12fa- -6.06982661136 -0.189542141829 2.74933903971
12fa12fa12fa12fa -5.97787480348 -0.104956724922 2.78218800781
12fe -8.60510060503 1.05651602618 5.43407155139
12fe12fe- -7.05995429893 0.0347827570395 3.60559000378
12fe12fe-12fe-12fe- -6.16813691977 -0.596718392637 2.49269496952
12fe12fe-12fe-12fe -6.11913985746 -0.555058474882 2.44249768666
12fe12fe-12fe -6.42300928013 -0.334604629872 2.85106613369
12fe12fe-12fe12fe- -6.15904067797 -0.628144848016 2.48372376077
12fe12fe-12fe12fe -6.06983153589 -0.546269868748 2.50622585864
12fe12fe -7.01694814044 0.0963307916291 3.59802041056
12fe12fe12fe-12fe- -6.16248032769 -0.62382145254 2.53277219013
12fe12fe12fe-12fe -6.11876428383 -0.586101255147 2.5136516544
12fe12fe12fe -6.3926706752 -0.31101637321 2.91637530389
12fe12fe12fe12fe- -6.13197631563 -0.599844163304 2.50924177485
12fe12fe12fe12fe -6.05023356413 -0.521257799352 2.53731789567
12ff -8.49872289413 1.65188404832 5.75494024415
12ff12ff- -6.82044063284 0.514997278036 3.75806780208
12ff12ff-12ff-12ff- -5.83094519493 -0.0976326763005 2.5865535112
12ff12ff-12ff-12ff -5.76885016538 -0.0420216835958 2.56067403601
12ff12ff-12ff -6.11507900236 0.169972008442 2.98123428309
12ff12ff-12ff12ff- -5.84102048996 -0.131518631645 2.58404592123
12ff12ff-12ff12ff -5.74590475413 -0.0276211816305 2.60579283723
12ff12ff -6.78234842731 0.605923655591 3.78577982063
12ff12ff12ff-12ff- -5.85131109744 -0.132804185376 2.61135559565
12ff12ff12ff-12ff -5.78743753914 -0.0709540153232 2.59891036534
12ff12ff12ff -6.11383690618 0.206855683353 3.04261643346
12ff12ff12ff12ff- -5.83086470808 -0.0976503596688 2.58657045877
12ff12ff12ff12ff -5.73765489098 0.014039465338 2.6222968585
12fi -8.33886207937 1.85433568048 5.79804983203
12fi12fi- -6.63718162369 0.809231099151 3.84231338762
12fi12fi-12fi-12fi- -5.5888785901 0.208747768211 2.63652056143
12fi12fi-12fi-12fi -5.56437686218 0.235198123425 2.61842491188
12fi12fi-12fi -5.92707060065 0.446024836188 3.05692526861
12fi12fi-12fi12fi- -5.61834279933 0.165543184302 2.64740818104
12fi12fi-12fi12fi -5.53014759267 0.252872075554 2.66447795366
12fi12fi -6.60362513894 0.87206993267 3.85428769964
12fi12fi12fi-12fi- -5.57851235573 0.209589934118 2.66494321201
12fi12fi12fi-12fi -5.54406368065 0.246538320723 2.6588586003
12fi12fi12fi -5.87406326005 0.516700265673 3.09492478182
12fi12fi12fi12fi- -5.53637302086 0.26801900658 2.6358447734
12fi12fi12fi12fi -5.45223320334 0.360685567696 2.66733669742
12fl -8.2426544384 1.85878054232 5.72379460137
12fl12fl- -6.51599068235 0.813759986043 3.75821818994
12fl12fl-12fl-12fl- -4.52734851805 0.378613481294 0.948710097535
12fl12fl-12fl-12fl -4.50183570657 0.334148856234 0.921407456002
12fl12fl-12fl -5.75397900259 0.47146102354 2.90933064641
12fl12fl-12fl12fl- -5.45461119615 0.197004841576 2.50134603602
12fl12fl-12fl12fl -5.31473587163 0.317056334796 2.50939658823
12fl12fl -6.37875606531 0.967721366649 3.75967075065
12fl12fl12fl-12fl- -4.51906585373 0.355267900944 0.954524669653
12fl12fl12fl-12fl -5.3492476496 0.32756184854 2.56151354382
12fl12fl12fl -5.62505129575 0.661520159929 3.0221972572
12fl12fl12fl12fl- -5.31386978789 0.400087915524 2.57479747259
12fl12fl12fl12fl -5.17903542114 0.541386033601 2.60354888241
12ia -8.58529099861 1.79837971463 5.92263200529
12ia12ia- -6.96155389545 0.744371829732 4.05574455052
12ia12ia-12ia-12ia- -5.8789754645 0.132329818134 2.85769160849
12ia12ia-12ia-12ia -5.93345469981 0.0895607094581 2.83956356868
12ia12ia-12ia -6.30047834117 0.29874190756 3.2645001034
12ia12ia-12ia12ia- -5.94266308832 0.0532534492858 2.85994960132
12ia12ia-12ia12ia -5.91213835412 0.0812615847002 2.87164355078
12ia12ia -6.97558380433 0.74897371578 4.07010788018
12ia12ia12ia-12ia- -5.89797671874 0.109658431313 2.87918382965
12ia12ia12ia-12ia -5.92904240818 0.0816802064198 2.86788516624
12ia12ia12ia -6.26797453269 0.358110053481 3.29900599926
12ia12ia12ia12ia- -5.9139288277 0.135687632568 2.85046184782
12ia12ia12ia12ia -5.86379703933 0.177299865767 2.8715519329
12ie -8.54329213024 1.2578510084 5.49797017897
12ie12ie- -6.89560328969 0.316983815765 3.70111346127
12ie12ie-12ie-12ie- -5.91186285818 -0.291623059943 2.5154001509
12ie12ie-12ie-12ie -5.9192801573 -0.34002677817 2.42371493116
12ie12ie-12ie -6.2907838853 -0.115454164991 2.89911794094
12ie12ie-12ie12ie- -5.96968827015 -0.354128794104 2.51956389088
12ie12ie-12ie12ie -5.94163331776 -0.327177866598 2.54050899111
12ie12ie -6.91519234398 0.273264698084 3.60517173752
12ie12ie12ie-12ie- -5.94681592875 -0.329585723799 2.57594928689
12ie12ie12ie-12ie -5.97702353672 -0.357452969438 2.55610840787
12ie12ie12ie -6.28286613345 -0.119403167728 2.93663827504
12ie12ie12ie12ie- -5.97257205718 -0.339346550962 2.55127644671
12ie12ie12ie12ie -5.93458820934 -0.318578185692 2.55579365375
12if -8.36570865159 1.85194187266 5.80866977618
12if12if- -6.63691154878 0.809313903389 3.84217028699
12if12if-12if-12if- -5.53623649811 0.268118291723 2.63573810472
12if12if-12if-12if -5.56182377265 0.227162354078 2.613575584
12if12if-12if -5.9540703631 0.416396681935 3.04785812899
12if12if-12if12if- -5.61817095152 0.165666765218 2.64731991868
12if12if-12if12if -5.55920940647 0.231903095957 2.65849937832
12if12if -6.62360894206 0.844213217041 3.82336573996
12if12if12if-12if- -5.5783241144 0.209672554205 2.66484670184
12if12if12if-12if -5.59158652413 0.193767239129 2.65565672756
12if12if12if -5.92193694969 0.469664825554 3.07844633832
12if12if12if12if- -5.58865087449 0.208811192942 2.6364444322
12if12if12if12if -5.52100826197 0.297231694215 2.65736063265
12ii -8.31645990249 2.05103796392 5.89965297156
12ii12ii- -6.45078830275 1.10550364293 3.93031314622
12ii12ii-12ii-12ii- -5.26378077167 0.551122456097 2.62886126995
12ii12ii-12ii-12ii -5.33441954604 0.488082401917 2.62258522129
12ii12ii-12ii -5.75325319197 0.68685382479 3.10187619076
12ii12ii-12ii12ii- -5.37614355337 0.460928474045 2.68180205084
12ii12ii-12ii12ii -5.32695260792 0.497928676521 2.67917107706
12ii12ii -6.41113478991 1.08564584455 3.80934440129
12ii12ii12ii-12ii- -5.27592032485 0.534782949381 2.67481179387
12ii12ii12ii-12ii -5.32696683345 0.497942750303 2.67920942217
12ii12ii12ii -5.64596046247 0.748160210529 3.05506476019
12ii12ii12ii12ii- -5.26381565055 0.551164846122 2.62892656352
12ii12ii12ii12ii -5.1984106279 0.608211622952 2.62750952813
12il -8.10192411189 2.00125669078 5.75468936957
12il12il- -6.35188436079 1.08747567723 3.84212002958
12il12il-12il-12il- -1.65062715931 2.55812848908 0.766059957404
12il12il-12il-12il -2.90775509704 1.65018456878 0.906756106197
12il12il-12il -5.66462770029 0.651538353186 2.97880409487
12il12il-12il12il- -5.29298545383 0.44314992178 2.57614318547
12il12il-12il12il -5.25282676374 0.472604881101 2.57104436758
12il12il -6.3730814503 1.08662017412 3.83439479947
12il12il12il-12il- -2.77540366476 1.79699756999 0.934091788787
12il12il12il-12il -5.25801012783 0.498452881429 2.627620828
12il12il12il -5.61371032448 0.77402475129 3.08617788768
12il12il12il12il- -5.20586195375 0.595597152345 2.64339291396
12il12il12il12il -5.16501505765 0.651787293363 2.66389771459
12la -8.37004486698 1.71721337386 5.73468482508
12la12la- -6.80984431011 0.69819857583 3.90666543036
12la12la-12la-12la- -5.69108218679 0.0862398228706 2.72197810423
12la12la-12la-12la -5.79576686667 -0.075320521632 2.59880302358
12la12la-12la -6.15756969841 0.124263117775 2.95742863514
12la12la-12la12la- -5.76166292525 -0.0473788665207 2.62752864174
12la12la-12la12la -5.76113852383 -0.0696341368556 2.60488954438
12la12la -6.72236207081 0.686536996524 3.68875570972
12la12la12la-12la- -5.65508774911 0.085090424944 2.70339248398
12la12la12la-12la -5.73290577226 -0.0615521804442 2.60027987449
12la12la12la -6.02486973471 0.298374113002 2.99016895138
12la12la12la12la- -5.63955069558 0.130663963815 2.61533642065
12la12la12la12la -5.62542925202 0.113831559091 2.60110893631
12le -8.50105030377 1.21367616324 5.46984685337
12le12le- -6.78888814782 0.265463984281 3.58382437107
12le12le-12le-12le- -5.81235937667 -0.325595833386 2.45805128731
12le12le-12le-12le -5.35179755779 -0.515522006879 1.24123091001
12le12le-12le -5.32231998954 -0.306946774429 0.952324893613
12le12le-12le12le- -5.17981879163 -0.468577822752 0.972907638879
12le12le-12le12le -4.77887960475 -0.105972261556 1.00082539819
12le12le -4.59674757452 1.41573330969 2.73812956058
12le12le12le-12le- -4.28799741687 0.275330828294 1.99227469204
12le12le12le-12le -4.2654246544 0.0963112768591 0.969292724849
12le12le12le -4.21939179719 1.49651659454 2.60487820904
12le12le12le12le- -4.05890508828 1.04266069459 2.18286984346
12le12le12le12le -3.91959743986 1.59163385266 2.50469903823
12lf -8.39862918572 1.77472428865 5.76964441102
12lf12lf- -6.51591199667 0.813765588625 3.75817135238
12lf12lf-12lf-12lf- -5.31379892313 0.400092279177 2.57465360138
12lf12lf-12lf-12lf -5.40542832941 0.236366732103 2.46593240446
12lf12lf-12lf -5.82871127707 0.370868722325 2.85248865815
12lf12lf-12lf12lf- -5.4544857211 0.197007612422 2.50127940697
12lf12lf-12lf12lf -4.5788545804 0.255952003593 0.991814339963
12lf12lf -4.67931345004 0.903478726736 1.02408210324
12lf12lf12lf-12lf- -4.51960519094 0.355110117174 0.955783246744
12lf12lf12lf-12lf -4.58229271694 0.239520181312 0.928899476356
12lf12lf12lf -4.58683371675 0.590857948295 1.00190411165
12lf12lf12lf12lf- -4.52833206183 0.378321628945 0.949776111625
12lf12lf12lf12lf -4.49597468824 0.457194229746 0.991506641518
12li -8.2410082767 1.97556101532 5.81743551784
12li12li- -6.3521156462 1.0873973471 3.84224921338
12li12li-12li-12li- -5.20591377239 0.595447493984 2.64333922678
12li12li-12li-12li -5.3034403154 0.437950120106 2.54002536636
12li12li-12li -5.70762653013 0.59047428141 2.94034288802
12li12li-12li12li- -5.29308135228 0.443066514626 2.57620186834
12li12li-12li12li -2.97148645155 1.44383811317 0.871006052577
12li12li -2.73645955374 2.25331378999 0.940812598823
12li12li12li-12li- -2.77498929844 1.79577762768 0.933200217634
12li12li12li-12li -2.88565142069 1.67923191485 0.93845525138
12li12li12li -1.48422049226 2.73648127988 0.766371350145
12li12li12li12li- -1.65152537511 2.55653321547 0.765861075397
12li12li12li12li -0.818914993299 3.05827476681 0.771576121778
12ll -8.14658120609 1.86490242514 5.69750737395
12ll12ll- -6.25246541654 1.02107360141 3.71967790572
12ll12ll-12ll-12ll- -5.43856279182 0.35640867486 2.61201082882
12ll12ll-12ll-12ll -5.46842708457 0.220374447604 2.48387999639
12ll12ll-12ll -5.71325983663 0.439569340805 2.80959101902
12ll12ll-12ll12ll- -5.28832513329 0.305859183965 2.44148439224
12ll12ll-12ll12ll -5.41196924193 0.204704657258 2.46275585845
12ll12ll -6.64860191642 0.80878178826 3.79506721808
12ll12ll12ll-12ll- -5.40420162508 0.343657655871 2.62648680738
12ll12ll12ll-12ll -5.41365343043 0.228960882736 2.50631328461
12ll12ll12ll -5.97369339086 0.430825380844 3.07249184336
12ll12ll12ll12ll- -5.43905311632 0.35626477519 2.61215460245
12ll12ll12ll12ll -5.59406175458 0.256750038837 2.66986267793
2 -11.2080008051 2.26129283315 9.04367415847
22- -8.83787907887 0.77515801332 5.85284842445
22-2- -7.71790526319 -0.0192957872021 4.59568190619
22-2-2- -7.02871161388 -0.534537361935 3.83924913188
22-2-2 -7.02934738958 -0.522004359379 3.73926739701
22-2 -7.70173349301 -0.0189195600094 4.4355424079
22-22- -7.01475314805 -0.528103006289 3.62063674102
22-22 -7.02599111747 -0.53040470655 3.69832012865
22 -8.86373373213 0.759399229481 6.23590273868
222- -7.71813170502 -0.0193677835545 4.59573358519
222-2- -7.03967880855 -0.526589087475 3.76964341569
222-2 -7.02609435257 -0.530386030746 3.69835631915
222 -7.72005878218 -0.0390771883726 4.82158287894
2222- -7.02894305847 -0.534581062868 3.83926642445
2222 -7.02659035401 -0.551168330611 3.96522294163
4aa -9.99761028086 1.63696931039 6.38498893013
4aa4aa- -8.12490723743 0.641066341381 4.98588008382
4aa4aa-4aa-4aa- -6.99715685836 -0.0342209071839 3.74590217088
4aa4aa-4aa-4aa -6.99429636798 -0.0311468238758 3.74555079422
4aa4aa-4aa -7.37771881052 0.20129150468 4.16429503122
4aa4aa-4aa4aa- -6.99126591297 -0.0279863636368 3.7445572041
4aa4aa-4aa4aa -6.99411510187 -0.031019921358 3.7448822597
4aa4aa -8.12959435611 0.635927834201 4.99113175824
4aa4aa4aa-4aa- -6.99631091405 -0.0333447861516 3.74528260128
4aa4aa4aa-4aa -6.99345999314 -0.0303174299811 3.74495845143
4aa4aa4aa -7.384537312 0.193972090077 4.16717189716
4aa4aa4aa4aa- -6.99648164716 -0.0335127738408 3.74595798087
4aa4aa4aa4aa -6.99934592083 -0.036582573862 3.74631739105
4ae -8.87324251183 0.989120878008 5.37272200585
4ae4ae- -5.3239991946 0.347018693039 0.447744248111
4ae4ae-4ae-4ae- -5.38073910253 -0.0965937542527 0.443564748867
4ae4ae-4ae-4ae -5.0062885751 -0.0859943820246 0.450846736248
4ae4ae-4ae -5.01714464907 0.124500314321 0.464252634044
4ae4ae-4ae4ae- -4.87218044078 -0.0206158936466 0.478653138908
4ae4ae-4ae4ae -5.04775364648 -0.0280738122648 0.470718710336
4ae4ae -6.23920118577 0.356785381276 1.3014434851
4ae4ae4ae-4ae- -5.18832685787 -0.152736511659 0.464803408449
4ae4ae4ae-4ae -4.9476515856 -0.137157512196 0.492789361625
4ae4ae4ae -6.02587610039 -0.00647002076885 1.30322301512
4ae4ae4ae4ae- -5.08781299351 -0.197775431757 0.487939535758
4ae4ae4ae4ae -5.92649430233 -0.205703459342 1.30623821666
4af -8.70793609551 1.7145606229 5.78389746536
4af4af- -7.71438784065 0.76229011034 4.70418727658
4af4af-4af-4af- -6.66578099718 0.126298247289 3.34842881632
4af4af-4af-4af -6.67501625124 0.128635697375 3.3078703558
4af4af-4af -7.01951095471 0.366892579339 3.49339604877
4af4af-4af4af- -6.6946006766 0.135047299887 3.38689151207
4af4af-4af4af -6.73026116314 0.105648253179 3.38392997446
4af4af -7.74275729719 0.730059922589 4.71913118143
4af4af4af-4af- -6.63701693215 0.179295531718 3.59511612006
4af4af4af-4af -6.64583862172 0.178258690404 3.49953620563
4af4af4af -7.07851764557 0.323086881191 4.01171853296
4af4af4af4af- -6.67407833399 0.140820835188 3.62751090246
4af4af4af4af -6.71074948369 0.112123911801 3.63428014275
4ai -8.90732050946 1.89024948361 5.98544744414
4ai4ai- -5.11475657354 1.12019524773 1.73069090673
4ai4ai-4ai-4ai- -4.98777285637 0.603141148699 1.66449092509
4ai4ai-4ai-4ai -4.93603017415 0.633928234662 1.6675783518
4ai4ai-4ai -4.90206674246 0.807679805843 1.64863318264
4ai4ai-4ai4ai- -4.82235109372 0.654122092765 1.60836831467
4ai4ai-4ai4ai -4.82294778131 0.624357445428 1.59436409301
4ai4ai -5.7944538497 1.05303919472 2.27607871681
4ai4ai4ai-4ai- -4.96623651582 0.596523073121 1.65830629787
4ai4ai4ai-4ai -4.84722015161 0.62640121048 1.64862678197
4ai4ai4ai -5.6026482507 0.733280566142 2.10980810588
4ai4ai4ai4ai- -5.00216196116 0.604403009037 1.73838649305
4ai4ai4ai4ai -5.51212721512 0.573290160331 2.06144037752
4al -8.49235784408 1.87603050881 5.76610931936
4ea -8.85858341085 0.96959116033 5.35799718342
4ea4ea- -6.1404265406 0.343924761991 1.28333660458
4ea4ea-4ea-4ea- -5.94096032464 -0.227627559527 1.31308285868
4ea4ea-4ea-4ea -5.87204463711 -0.129906081903 1.27401363688
4ea4ea-4ea -5.87866985011 0.0922201131777 1.28451641914
4ea4ea-4ea4ea- -5.7537456614 -0.063773785531 1.29622497332
4ea4ea-4ea4ea -5.82022907791 -0.170089549055 1.30428855052
4ea4ea -7.19294251852 0.339150140251 2.26008070034
4ea4ea4ea-4ea- -6.0101778964 -0.186326281755 1.28314258991
4ea4ea4ea-4ea -5.88905881814 -0.0751542260314 1.28868106502
4ea4ea4ea -6.9807302359 -0.0317159553792 2.24239767343
4ea4ea4ea4ea- -6.16825566434 -0.140238563742 1.26815177853
4ea4ea4ea4ea -6.8827988239 -0.234820916697 2.23511896816
4ee -8.26393623312 0.530732276873 5.01395081853
4ee4ee -6.24815582158 0.0444549879703 1.30876242097
4ee4ee4ee -6.03414546727 -0.247531892159 1.28106083014
4ee4ee4ee4ee -5.92919088154 -0.408700855756 1.26765582975
4ef -8.06231071976 1.15373297312 5.25274538327
4ef4ef- -4.31551920536 0.811098565882 1.89195244667
4ef4ef-4ef-4ef- -3.9561862083 0.194291819549 1.48779404902
4ef4ef-4ef-4ef -4.05243120844 0.286869680662 1.62505155565
4ef4ef-4ef -3.87284703877 0.525357669517 1.64493738668
4ef4ef-4ef4ef- -3.45770509441 0.400446111489 1.50625941683
4ef4ef -7.08613383253 0.494300848169 2.41195943141
4ef4ef4ef-4ef- -4.07784570584 0.304205240562 1.54030583788
4ef4ef4ef-4ef -3.90784953878 0.192672877731 1.566031667
4ef4ef4ef -6.88168130741 0.153189611484 2.3923026786
4ef4ef4ef4ef- -4.28320960494 0.211015218628 1.78892683122
4ef4ef4ef4ef -6.625339956 -0.0242971857845 2.38294539681
4ei -8.1279796695 1.31227459674 5.35995744444
4ei4ei- -4.6365344737 1.00698378124 2.23035719393
4ei4ei-4ei-4ei- -4.30611854113 0.532771244028 1.74469387937
4ei4ei-4ei-4ei -4.3881875287 0.57887900823 1.9025632535
4ei4ei-4ei -4.15973263072 0.811584338889 2.00293534157
4ei4ei-4ei4ei- -3.97527628244 0.705313954291 1.90714989628
4ei4ei-4ei4ei -3.97621837931 0.669257298289 1.71905926138
4ei4ei -5.85793384615 0.77436482015 2.17611138746
4ei4ei4ei-4ei- -4.41571360075 0.469296008747 1.80277226981
4ei4ei4ei-4ei -4.19602360158 0.508870954035 1.97854869407
4ei4ei4ei -5.5659681283 0.51361107172 1.98037517852
4ei4ei4ei4ei- -4.6363214622 0.406463585678 2.01774888176
4ei4ei4ei4ei -5.42439402214 0.376856345982 1.91688604376
4el -7.89769091044 1.2938621456 5.2287945191
4fa -8.69124729527 1.71523157641 5.77819866476
4fa4fa- -7.67757872718 0.693711690566 3.75752151456
4fa4fa-4fa-4fa- -6.77304037108 0.00410801898011 3.4955892579
4fa4fa-4fa-4fa -6.66724354312 0.132514910942 3.5277838136
4fa4fa-4fa -7.00939316716 0.369006648168 3.67737507173
4fa4fa-4fa4fa- -6.72725750356 0.0887819844816 3.56578541597
4fa4fa-4fa4fa -6.63623017168 0.172640495421 3.58785448175
4fa4fa -7.7270470329 0.733109627833 4.70254431878
4fa4fa4fa-4fa- -6.81797835433 -0.0143373191943 3.52723787881
4fa4fa4fa-4fa -6.71031953601 0.113885865584 3.55910157692
4fa4fa4fa -7.06302181774 0.324499838632 3.99640342526
4fa4fa4fa4fa- -6.78854446542 0.0296338533508 3.59254416835
4fa4fa4fa4fa -6.69617818647 0.112866550904 3.62012168605
4fe -8.06006391963 1.18167541728 5.27563165962
4fe4fe- -4.72348005716 0.667382641727 2.16670593544
4fe4fe-4fe-4fe- -4.95702082508 -0.0409484341466 1.39442041749
4fe4fe-4fe-4fe -4.07074179795 0.372965545783 1.20625362663
4fe4fe-4fe -3.82205172963 0.557491810362 1.56098089123
4fe4fe-4fe4fe- -3.55353181801 0.262608515561 1.28290461014
4fe4fe -6.1393231303 0.53032987382 1.45829487751
4fe4fe4fe-4fe- -4.76774188283 0.10421037315 1.3129156754
4fe4fe4fe-4fe -3.73840584164 0.527777724522 1.27419810781
4fe4fe4fe -5.94807088138 0.200007609487 1.46080451756
4fe4fe4fe4fe- -4.56803783326 0.214572497894 1.30945651203
4fe4fe4fe4fe -5.86173687422 0.0294923240673 1.46272133766
4ff -7.81881276915 1.64143613679 5.12820279126
4ff4ff- -4.77057777716 0.644469589756 1.16489421995
4ff4ff-4ff-4ff- -4.83288114181 -0.0554133552316 1.16698278459
4ff4ff-4ff-4ff -4.75930568076 0.00425530019817 1.16231711556
4ff4ff-4ff -4.63550285671 0.254160216948 1.05908612902
4ff4ff-4ff4ff- -4.67247606042 -0.0349172003326 1.04368047832
4ff4ff-4ff4ff -4.60321352802 0.0793828857159 1.06044349439
4ff4ff -7.12489020372 0.793068227031 4.23644294024
4ff4ff4ff-4ff- -4.73944052597 0.0321854976691 1.07612144951
4ff4ff4ff-4ff -4.54994660934 0.0866151430873 0.958653438014
4ff4ff4ff -6.6019439398 0.422915182013 3.66963432363
4ff4ff4ff4ff- -4.63086945483 0.125153101174 1.05711716955
4ff4ff4ff4ff -6.27949045474 0.234139336887 3.34130379079
4fi -7.88770598365 1.81987398521 5.29544003934
4fi4fi- -3.04815941394 2.25880566192 1.17553449714
4fi4fi-4fi-4fi- -3.27008030799 1.28524396994 1.15065647587
4fi4fi-4fi-4fi -2.44719119121 1.48093006195 0.692839410803
4fi4fi-4fi -1.93383005797 1.90656545253 0.422430377882
4fi4fi-4fi4fi- -1.60756507064 2.20586280992 0.456276731986
4fi4fi-4fi4fi -1.89297394585 1.4560413058 0.292476933219
4fi4fi -5.72992038521 1.11613131407 2.2143745249
4fi4fi4fi-4fi- -3.2903073782 1.52504820226 1.15504535819
4fi4fi4fi-4fi -2.11764901675 1.6650403626 0.366543675335
4fi4fi4fi -5.48402313847 0.819672751257 2.08145868695
4fi4fi4fi4fi- -3.19575589211 1.53704273341 1.17877336296
4fi4fi4fi4fi -5.35735321628 0.670786358191 2.03644638367
4fl -7.6480688243 1.79992500201 5.12913162588
4ia -8.89372294707 1.89438569456 5.98219369113
4ia4ia- -5.63372153896 1.12096365973 2.19625664579
4ia4ia-4ia-4ia- -5.52270099533 0.547536993821 2.19531003592
4ia4ia-4ia-4ia -5.44305278184 0.607211476937 2.10232986909
4ia4ia-4ia -5.39763447788 0.80603541379 2.08236080607
4ia4ia-4ia4ia- -5.28640253595 0.649288407925 2.02976656044
4ia4ia-4ia4ia -5.3455112747 0.589640174023 2.0745544003
4ia4ia -6.80297364711 1.03431193621 3.23948653804
4ia4ia4ia-4ia- -5.48975364258 0.558441916881 2.08823442959
4ia4ia4ia-4ia -5.32932596367 0.618072109304 2.02284821102
4ia4ia4ia -6.57553555343 0.690328079629 3.02760449428
4ia4ia4ia4ia- -5.52696066164 0.575415775746 2.09958315252
4ia4ia4ia4ia -6.45220175496 0.515747365287 2.95382042485
4ie -8.13115763019 1.33759620709 5.38655459311
4ie4ie- -4.65248988755 1.12027411238 2.41123364255
4ie4ie-4ie-4ie- -4.68942210882 0.472939733256 1.46051010534
4ie4ie-4ie-4ie -4.35176528708 0.718592622259 1.32128639251
4ie4ie-4ie -3.96652174606 0.897966118786 1.89945849201
4ie4ie-4ie4ie- -3.6789030247 0.775257343745 1.6895245212
4ie4ie-4ie4ie -4.01964366823 0.589543697141 1.4737557815
4ie4ie -5.88188322075 0.786252702082 1.42063683864
4ie4ie4ie-4ie- -4.46543507547 0.568611799823 1.27919492703
4ie4ie4ie-4ie -3.80092711313 0.763520564891 1.2373605519
4ie4ie4ie -5.59053602497 0.511257379975 1.42293346945
4ie4ie4ie4ie- -4.33359424548 0.590499213181 1.31589490962
4ie4ie4ie4ie -5.44318282478 0.365617042566 1.42682942602
4if -7.89361407477 1.82286020604 5.29978107384
4if4if- -3.06504598707 1.33906651891 0.674706671517
4if4if-4if-4if- -2.97030968698 0.797608664322 0.598035285298
4if4if-4if-4if -2.3899957413 1.56418706214 0.649636762178
4if4if-4if -1.85212199696 1.94617617592 0.353343109847
4if4if-4if4if- -1.92584744431 1.69217856593 0.200656812734
4if4if-4if4if -2.04327438368 1.71097185264 0.296354432995
4if4if -6.6673372013 1.09485638307 3.17806786537
4if4if4if-4if- -3.02075663506 0.851837065671 0.610783329033
4if4if4if-4if -1.80474246017 1.4618497282 0.173983968936
4if4if4if -6.3044918757 0.776796569418 2.98786863771
4if4if4if4if- -3.01676783477 0.982925099633 0.680546509974
4if4if4if4if -6.04234039109 0.615242204976 2.90882988235
4ii -7.99829610846 2.00051227071 5.4805568303
4ii4ii -5.47653028526 1.41966092043 2.24360444315
4ii4ii4ii -5.18741532775 1.16881180854 2.11669222678
4ii4ii4ii4ii -5.04091607943 1.04807961556 2.06786367799
4il -7.71280974887 1.97975826264 5.29441453028
4la -8.48196731846 1.85869771681 5.75408721557
4la4la- -7.49511524803 0.955200995339 4.67730235803
4la4la-4la-4la- -6.41183872408 0.335974681154 3.57529698501
4le -7.90361707032 1.30656387587 5.24759813531
4le4le- -3.8968801142 1.25892318778 1.92167781155
4le4le-4le-4le- -3.88275082568 0.567881254314 1.47498903391
4lf -7.65832918875 1.78232076236 5.12400453893
4lf4lf- -6.59664261074 0.889996861461 3.36694499728
4lf4lf-4lf-4lf- -5.81242754228 0.315846563739 2.99862878249
4li -7.71663024236 1.95929320391 5.2848585424
4li4li- -2.86132582174 1.36825677635 0.732231430737
4li4li-4li-4li- -2.74197287101 1.09228470467 0.721887351082
4ll -7.4875405462 1.9385532764 5.12323426842
