1111 -7.70945529978 -3.87378890717 3.42909348762
1111- -6.91265230601 -3.83131182716 2.84237187575
1111-11 -5.22334583234 -1.999791904 2.67039906866
1111-11- -6.83283968559 -4.69874339616 1.73048114593
1111-11-11 -6.17700508894 -1.53461183482 4.01055786067
1111-11-11- -5.59147722454 -3.72803429077 1.35626176224
1111-1111 -5.59287883747 -2.57451072108 2.38487728213
1111-1111- -3.44380718432 -2.55920602441 0.265820435123
111111 -6.73828246824 -4.77480993055 1.42152588794
111111- -6.84544014289 -4.68811257322 1.7561309394
111111-11 -5.58743203964 -2.5725346287 2.38168552437
111111-11- -6.58596869787 -5.0349567733 1.04471479756
11111111 -6.51726866983 -5.19487131686 0.818104342062
11111111- -5.5913528299 -3.88697174027 1.22164581495
12aa -6.50547258836 -0.1686506905 6.02691620631
12aa12aa -5.15590380586 -1.00780002643 3.67330794577
12aa12aa- -5.16056808352 -1.00220972009 3.6823481529
12aa12aa-12aa -4.69071306508 -1.39220764029 2.81064447981
12aa12aa-12aa-12aa -4.46763920172 -1.61540820929 2.36009447899
12aa12aa-12aa-12aa- -4.47927890604 -1.63748064432 2.34938703132
12aa12aa-12aa12aa -4.47444174581 -1.61975771145 2.36784900401
12aa12aa-12aa12aa- -4.4666682933 -1.60469608024 2.37506552513
12aa12aa12aa -4.69753731202 -1.42035268565 2.78936674221
12aa12aa12aa-12aa -4.47442579097 -1.61976183925 2.36783179913
12aa12aa12aa-12aa- -4.48277463491 -1.63477085631 2.36119427298
12aa12aa12aa12aa -4.49023975118 -1.6591951547 2.33837830306
12aa12aa12aa12aa- -4.4792563105 -1.63748948578 2.34936012255
12ae -6.21015196009 -0.586375098997 5.2034728132
12ae12ae -5.06212353051 -1.37819337828 3.20637458683
12ae12ae- -5.06804683495 -1.38463768409 3.20425026987
12ae12ae-12ae -4.67149043911 -1.68754093747 2.49054806548
12ae12ae-12ae-12ae -4.4900787462 -1.86852275085 2.12439009825
12ae12ae-12ae-12ae- -4.49684252455 -1.88500967998 2.11464215433
12ae12ae-12ae12ae -4.49362134388 -1.87158002908 2.12959786992
12ae12ae-12ae12ae- -4.48720511317 -1.86043863668 2.13417855775
12ae12ae12ae -4.673375239 -1.70315912862 2.48280318673
12ae12ae12ae-12ae -4.49157176556 -1.87162901052 2.13093316801
12ae12ae12ae-12ae- -4.49978696037 -1.88416627942 2.12667097676
12ae12ae12ae12ae -4.50210239239 -1.90052706083 2.11105853796
12ae12ae12ae12ae- -4.49349353403 -1.88633736596 2.11640637164
12af -5.357307769 0.0753106358375 4.89430373697
12af12af -4.43752004905 -0.833134960146 3.08037457298
12af12af- -4.43874608148 -0.828317955301 3.08372802534
12af12af-12af -4.13208922849 -1.22947810741 2.3761828281
12af12af-12af-12af -4.03246821218 -1.48230707155 2.0246768415
12af12af-12af-12af- -4.03943209196 -1.49491302856 2.01685680089
12af12af-12af12af -4.02268636399 -1.47621435599 2.02699292403
12af12af-12af12af- -4.0150151521 -1.46438726587 2.03193365288
12af12af12af -4.12362068988 -1.23412597688 2.36611234372
12af12af12af-12af -4.01121560766 -1.46416185614 2.03103750297
12af12af12af-12af- -4.01716281707 -1.47245026905 2.02765111115
12af12af12af12af -4.01495081023 -1.4828634782 2.0091659499
12af12af12af12af- -4.00648914423 -1.46686187008 2.01871149841
12ai -6.25995332404 0.129667331217 5.97104764869
12ai12ai -4.8954196356 -0.859740275644 3.56301166218
12ai12ai- -4.89043653103 -0.85638935967 3.56019633852
12ai12ai-12ai -4.38677038837 -1.1946349995 2.70661642256
12ai12ai-12ai-12ai -4.13265758848 -1.37470920725 2.26838440236
12ai12ai-12ai-12ai- -4.1445340752 -1.39363371549 2.26065275064
12ai12ai-12ai12ai -4.13640010491 -1.37864747924 2.27342258529
12ai12ai-12ai12ai- -4.12783873427 -1.36627773525 2.27741208347
12ai12ai12ai -4.40499520863 -1.22144419264 2.69860790458
12ai12ai12ai-12ai -4.14051677433 -1.38299232712 2.27399003808
12ai12ai12ai-12ai- -4.14953459208 -1.3953728004 2.27039037281
12ai12ai12ai12ai -4.16148009492 -1.41582329643 2.2561771815
12ai12ai12ai12ai- -4.14964466074 -1.39765660722 2.26312476043
12al -5.46000434268 0.169993166216 5.11607209922
12al12al -4.34648529227 -0.689282654754 3.14488153022
12al12al- -4.38259701072 -0.687303883701 3.18192788179
12al12al-12al -3.90275783595 -1.04565328063 2.3329518738
12al12al-12al-12al -3.66020409701 -1.21886529042 1.92084609568
12al12al-12al-12al- -3.63770362108 -1.21057170429 1.90881172461
12al12al-12al12al -3.71398073157 -1.22696153057 1.97197172998
12al12al-12al12al- -3.72330505276 -1.22183182131 1.98695596737
12al12al12al -3.92718057777 -1.03153125666 2.38162173033
12al12al12al-12al -3.71856121706 -1.22259101022 1.98465559169
12al12al12al-12al- -3.69396984384 -1.20884147425 1.97702965095
12al12al12al12al -3.73058936082 -1.22096998234 1.99524665066
12al12al12al12al- -3.73875930399 -1.20682625647 2.01955712768
12ea -6.21066478881 -0.586137512624 5.20425187619
12ea12ea -5.06219792477 -1.37834023649 3.20631814381
12ea12ea- -5.06810398612 -1.38478664501 3.20417783856
12ea12ea-12ea -4.67144477985 -1.68780403851 2.49026128513
12ea12ea-12ea-12ea -4.4899758723 -1.86884441375 2.12398750521
12ea12ea-12ea-12ea- -4.49341550602 -1.88663806815 2.11604375901
12ea12ea-12ea12ea -4.49148335084 -1.87193933438 2.13055400396
12ea12ea-12ea12ea- -4.48709841594 -1.86076110376 2.13377263117
12ea12ea12ea -4.67334618129 -1.70341272713 2.48253813142
12ea12ea12ea-12ea -4.49350133042 -1.87190612544 2.12917690873
12ea12ea12ea-12ea- -4.49968226309 -1.88447959896 2.12627461474
12ea12ea12ea12ea -4.50200974364 -1.90083204224 2.11067939151
12ea12ea12ea12ea- -4.49671840068 -1.88533490368 2.11421718226
12ee -6.08623663412 -0.783786088151 4.87414751417
12ee12ee -2.12511237677 -1.33058125943 0.334394683288
12ee12ee- -5.01422495451 -1.74214955555 2.79736126389
12ee12ee-12ee -4.22994967525 -2.06109328399 1.66885737255
12ee12ee-12ee-12ee- -2.21968594348 -1.63338219894 0.113468262876
12ee12ee-12ee12ee -2.58883174849 -1.69241768684 0.413235904989
12ee12ee-12ee12ee- -4.13414749764 -2.22350490965 1.40162620082
12ee12ee12ee -2.19135044275 -1.47421875198 0.25834619902
12ee12ee12ee-12ee -2.58882935746 -1.69243781278 0.413198427166
12ee12ee12ee-12ee- -2.06365992499 -1.37814223937 0.246340641984
12ee12ee12ee12ee -2.09060671757 -1.62574373679 0.000262691187345
12ee12ee12ee12ee- -2.21968733134 -1.63341365278 0.113476949886
12ef -5.36184094895 -0.664004971116 4.13464324482
12ef12ef -4.44606601238 -1.22141830767 2.69208525446
12ef12ef- -4.45927808648 -1.229349013 2.69797977699
12ef12ef-12ef -4.20473804198 -1.52622632452 2.14572659218
12ef12ef-12ef-12ef -4.14053312224 -1.73126092245 1.87730276348
12ef12ef-12ef-12ef- -4.15196591161 -1.73499724559 1.88952993145
12ef12ef-12ef12ef -4.12573800509 -1.70694476445 1.89728813986
12ef12ef-12ef12ef- -4.1328369387 -1.71037279564 1.89866378679
12ef12ef12ef -4.17577459591 -1.50973212557 2.13816528974
12ef12ef12ef-12ef -4.11811402544 -1.69576548967 1.90080820749
12ef12ef12ef-12ef- -4.12339546206 -1.70346056609 1.90056279965
12ef12ef12ef12ef -4.09825326813 -1.69588691825 1.87790917868
12ef12ef12ef12ef- -4.10678706041 -1.6880694445 1.89099164014
12ei -6.06765374945 -0.539974049635 5.09800981908
12ei12ei -4.77758703676 -1.24703631236 3.05337150268
12ei12ei- -4.83641266376 -1.23958255455 3.11797805813
12ei12ei-12ei -4.38351457361 -1.51205564261 2.3779985162
12ei12ei-12ei-12ei -4.12463254972 -1.68035020793 1.9458799822
12ei12ei-12ei-12ei- -4.1425212482 -1.66159387312 1.99071415392
12ei12ei-12ei12ei -4.1528033812 -1.65221771042 2.01234195971
12ei12ei-12ei12ei- -4.15854312911 -1.65029364991 2.01590894615
12ei12ei12ei -4.34548015826 -1.52649011445 2.33246041408
12ei12ei12ei-12ei -4.16389970171 -1.65732126671 2.0154751968
12ei12ei12ei-12ei- -4.16031583342 -1.66036477144 2.01290578925
12ei12ei12ei12ei -4.13845863567 -1.68263491255 1.96665469475
12ei12ei12ei12ei- -4.15650480436 -1.66510695813 1.99609915178
12el -5.44834522505 -0.516717640085 4.38013057968
12el12el -4.36137049447 -1.05047852884 2.78864471586
12el12el- -4.38997321258 -1.07225184678 2.79755173279
12el12el-12el -3.96119881145 -1.31869890222 2.11088053695
12el12el-12el-12el -3.29847210308 -1.39461043531 1.3415912865
12el12el-12el-12el- -2.97821540939 -1.30940235767 1.11224645402
12el12el-12el12el -3.81518202537 -1.45101094551 1.84512634141
12el12el-12el12el- -2.91891067925 -1.44214663567 0.958707756185
12el12el12el -3.99297792123 -1.29558314251 2.17790223853
12el12el12el-12el -3.8140423383 -1.43967190974 1.85568529658
12el12el12el-12el- -3.26875189985 -1.36613993748 1.35629507864
12el12el12el12el -3.83312389857 -1.43237325091 1.88366663808
12el12el12el12el- -3.84695771126 -1.42177346785 1.90446583674
12fa -5.36546313924 0.0764011161365 4.90395496216
12fa12fa -4.44734669866 -0.838286491646 3.0849044405
12fa12fa- -4.43978008 -0.828183815836 3.08487384332
12fa12fa-12fa -4.1315228161 -1.22922895514 2.3758943076
12fa12fa-12fa-12fa -4.02329656642 -1.47590030124 2.02204590734
12fa12fa-12fa-12fa- -4.00767310119 -1.46639059024 2.02031889524
12fa12fa-12fa12fa -4.01982696842 -1.47158324893 2.03217222928
12fa12fa-12fa12fa- -4.01619100765 -1.46390263771 2.03355448558
12fa12fa12fa -4.14051507318 -1.24539437039 2.37152598914
12fa12fa12fa-12fa -4.02968431626 -1.480220397 2.02987295498
12fa12fa12fa-12fa- -4.01832910386 -1.47196813251 2.02925787395
12fa12fa12fa12fa -4.03844543501 -1.50024059229 2.01507381343
12fa12fa12fa12fa- -4.04058457156 -1.49441891428 2.01847026024
12fe -5.36894458248 -0.660066851245 4.14561113253
12fe12fe -4.46488366249 -1.2366436643 2.69554647516
12fe12fe- -4.46032773992 -1.22903831442 2.69931470685
12fe12fe-12fe -4.20827593897 -1.53052389227 2.14485154217
12fe12fe-12fe-12fe -4.12929556413 -1.72333186976 1.87401130201
12fe12fe-12fe-12fe- -4.10809679212 -1.68736645886 1.89296411251
12fe12fe-12fe12fe -4.13896183916 -1.71701073328 1.90028525592
12fe12fe-12fe12fe- -4.13409222205 -1.70961546346 1.90064230408
12fe12fe12fe -4.21050446638 -1.53984894922 2.14263941027
12fe12fe12fe-12fe -4.14544847148 -1.72341267027 1.90035434595
12fe12fe12fe-12fe- -4.12468472551 -1.70275767046 1.90251896638
12fe12fe12fe12fe -4.14731351751 -1.74002964876 1.88269234709
12fe12fe12fe12fe- -4.15323853912 -1.73429154724 1.89148335748
12ff -5.32139926331 0.28902321181 4.99570287085
12ff12ff -4.08866325188 -0.622363061437 2.94060435061
12ff12ff- -4.07845580811 -0.610099049334 2.94418156903
12ff12ff-12ff -3.78334878975 -1.07549862559 2.17877665638
12ff12ff-12ff-12ff -3.70005279867 -1.39019618717 1.78148920204
12ff12ff-12ff-12ff- -3.68125500564 -1.37324764722 1.78422904396
12ff12ff-12ff12ff -3.68146025643 -1.37427603295 1.78887536948
12ff12ff-12ff12ff- -3.68608062877 -1.37271902296 1.79211821766
12ff12ff12ff -3.76784797757 -1.06856331354 2.1778241994
12ff12ff12ff-12ff -3.68527342364 -1.37475554904 1.79211776788
12ff12ff12ff-12ff- -3.67118761754 -1.36235149757 1.79326491075
12ff12ff12ff12ff -3.67253921042 -1.37044951947 1.78312285718
12ff12ff12ff12ff- -3.68126681948 -1.37323536248 1.78426420918
12fi -5.30935393122 0.161507214893 4.93719760561
12fi12fi -4.25330896068 -0.696855086145 3.04129545579
12fi12fi- -4.26107335723 -0.677159018585 3.0667744024
12fi12fi-12fi -3.8856241532 -1.0350905874 2.33154603046
12fi12fi-12fi-12fi -3.70808207448 -1.23250291509 1.95704473941
12fi12fi-12fi-12fi- -3.67864337403 -1.21167396106 1.95322099047
12fi12fi-12fi12fi -3.71891135933 -1.24424530501 1.96548255362
12fi12fi-12fi12fi- -3.71910170592 -1.23433652353 1.9726245611
12fi12fi12fi -3.88256698917 -1.06093434037 2.30611903194
12fi12fi12fi-12fi -3.7309979953 -1.25354478523 1.96495200957
12fi12fi12fi-12fi- -3.70587321737 -1.23418878147 1.96216219145
12fi12fi12fi12fi -3.72879968087 -1.27695558922 1.93651809982
12fi12fi12fi12fi- -3.73679084963 -1.26956676198 1.94725961225
12fl -5.29157183669 0.365273671616 5.06583713738
12fl12fl -3.96826126238 -0.464936353515 2.98448678079
12fl12fl- -3.9692285374 -0.455450838394 2.9959006153
12fl12fl-12fl -3.59145971599 -0.871579753319 2.19659213183
12fl12fl-12fl-12fl -3.35771954977 -0.994952132008 1.83879004617
12fl12fl-12fl-12fl- -3.2606647834 -0.865039267304 1.87531414987
12fl12fl-12fl12fl -3.41071076193 -1.09036418997 1.80696363612
12fl12fl-12fl12fl- -3.39348686997 -1.06733987366 1.81079365833
12fl12fl12fl -3.55514333556 -0.831663538382 2.20730771342
12fl12fl12fl-12fl -3.41200429971 -1.092568043 1.80615828796
12fl12fl12fl-12fl- -3.31898052344 -0.965890663301 1.84103924881
12fl12fl12fl12fl -3.37636534188 -1.05696344427 1.80520696311
12fl12fl12fl12fl- -3.38958465487 -1.06294082687 1.8075270528
12ia -6.2603445307 0.129650705747 5.9714298744
12ia12ia -4.89564099959 -0.859680777194 3.56329003359
12ia12ia- -4.89063457327 -0.856344540784 3.56043610516
12ia12ia-12ia -4.3869756904 -1.19455106742 2.70689766402
12ia12ia-12ia-12ia -4.13287079254 -1.37459170981 2.2687061302
12ia12ia-12ia-12ia- -4.1498763231 -1.39752354105 2.26347632289
12ia12ia-12ia12ia -4.14074523991 -1.38286741811 2.2743310887
12ia12ia-12ia12ia- -4.12805603435 -1.3661589293 2.27773770904
12ia12ia12ia -4.40521221599 -1.22134097952 2.69892144977
12ia12ia12ia-12ia -4.1366087423 -1.37852681387 2.27374432813
12ia12ia12ia-12ia- -4.14974938553 -1.39524796612 2.27072058824
12ia12ia12ia12ia -4.16170148369 -1.41568376045 2.25652952104
12ia12ia12ia12ia- -4.14473148056 -1.39351290304 2.26096648476
12ie -6.06747144256 -0.540214720882 5.09761124304
12ie12ie -4.77784433061 -1.24679462657 3.05385177244
12ie12ie- -4.83655684721 -1.23938099546 3.11830335703
12ie12ie-12ie -4.38378605621 -1.51169202507 2.37860588605
12ie12ie-12ie-12ie -4.12501024343 -1.67989871485 1.94667897222
12ie12ie-12ie-12ie- -4.15693143639 -1.66463725961 1.99696137334
12ie12ie-12ie12ie -4.16428887359 -1.65685477489 2.01629672773
12ie12ie-12ie12ie- -4.15888903219 -1.64983794069 2.01667882495
12ie12ie12ie -4.3458592319 -1.52610891123 2.3331951894
12ie12ie12ie-12ie -4.15317896757 -1.65177606058 2.01313028467
12ie12ie12ie-12ie- -4.16071573279 -1.65992022469 2.01371868855
12ie12ie12ie12ie -4.13891819455 -1.68217212452 1.96754839609
12ie12ie12ie12ie- -4.14291868815 -1.66115828633 1.99152207697
12if -5.30288174499 0.159804651271 4.92851440824
12if12if -4.24197147484 -0.679489091629 3.04825708661
12if12if- -4.26016018346 -0.677249903301 3.06577698665
12if12if-12if -3.88620674191 -1.0346837164 2.33256634154
12if12if-12if-12if -3.72996840732 -1.25523509565 1.95586409861
12if12if-12if-12if- -3.73579393466 -1.2699441003 1.94591145006
12if12if-12if12if -3.70927305778 -1.23159430008 1.96542274278
12if12if-12if12if- -3.71809325915 -1.23472284373 1.97126163291
12if12if12if -3.84593848339 -1.02019801439 2.31104234589
12if12if12if-12if -3.69924315096 -1.22225462361 1.96801477989
12if12if12if-12if- -3.70487391701 -1.23456953102 1.96081691362
12if12if12if12if -3.66880102097 -1.21423051075 1.93994112225
12if12if12if12if- -3.67764024499 -1.21205590005 1.9518775009
12ii -6.06709565824 0.182062324656 5.83630019522
12ii12ii -4.57844925324 -0.766204543618 3.34250299627
12ii12ii- -4.64074585657 -0.721500688162 3.44820449146
12ii12ii-12ii -4.08767771487 -1.02556959654 2.57887791984
12ii12ii-12ii-12ii -3.76974618755 -1.18562712276 2.09727920684
12ii12ii-12ii-12ii- -3.76737484334 -1.21355068382 2.06782265333
12ii12ii-12ii12ii -3.78373685998 -1.18701153799 2.11617335918
12ii12ii-12ii12ii- -3.78897454881 -1.16536788161 2.14207265754
12ii12ii12ii -4.04052945597 -1.08835209606 2.47069042481
12ii12ii12ii-12ii -3.78372404851 -1.18701676657 2.11615871611
12ii12ii12ii-12ii- -3.78025387065 -1.20819956806 2.0924327448
12ii12ii12ii12ii -3.7595591923 -1.24802700521 2.02601242989
12ii12ii12ii12ii- -3.76735437157 -1.21356064391 2.06779794184
12il -5.39752524058 0.255491372152 5.13513215444
12il12il -4.17688046326 -0.544804346526 3.12727688137
12il12il- -4.19725347299 -0.534400040564 3.15728573976
12il12il-12il -3.68431468596 -0.848887221763 2.31951591852
12il12il-12il-12il -1.5109729912 -0.0801754642005 0.920507816059
12il12il-12il-12il- -0.636817921694 -0.0101318534487 0.109074338231
12il12il-12il12il -3.45235154286 -0.999185232639 1.94508164829
12il12il-12il12il- -3.45769291967 -0.99281176278 1.95839195053
12il12il12il -3.70296331386 -0.841640838989 2.35444222228
12il12il12il-12il -3.44920109187 -0.989408569198 1.95536253653
12il12il12il-12il- -1.4732940289 -0.133248823832 0.833388730978
12il12il12il12il -3.46040833411 -0.991293255856 1.96180825037
12il12il12il12il- -3.45794264297 -0.973768733425 1.97765073366
12la -5.52608646116 0.185892663744 5.19447829486
12la12la -4.25018487475 -0.703818725996 3.0331337887
12la12la- -4.38348271478 -0.687172640059 3.18293425812
12la12la-12la -3.92514483508 -1.05097669517 2.35164254348
12la12la-12la-12la -3.74229098355 -1.23189802353 1.99144289918
12la12la-12la-12la- -3.7397219761 -1.20638158138 2.02091905412
12la12la-12la12la -3.67460767707 -1.20992813538 1.95265987777
12la12la-12la12la- -3.72430839698 -1.22141997145 1.98833200089
12la12la12la -3.80584884356 -1.02980884507 2.2608310166
12la12la12la-12la -3.69787338904 -1.23482234944 1.95040726952
12la12la12la-12la- -3.6947875029 -1.20838485384 1.9782660884
12la12la12la12la -3.59774534869 -1.20080997167 1.88132513696
12la12la12la12la- -3.63838883411 -1.21009442157 1.90994275928
12le -5.52387501682 -0.562127304052 4.41889276543
12le12le -3.23836087291 -1.04273640814 1.64331701126
12le12le- -4.39088126272 -1.07195154054 2.79874465285
12le12le-12le -2.90776430767 -1.32601109669 1.05264744726
12le12le-12le-12le -2.25261746587 -1.48363715659 0.244160172017
12le12le-12le-12le- -3.84804269587 -1.42105968785 1.90622335286
12le12le-12le12le -2.83359839827 -1.37498859375 0.938554299631
12le12le-12le12le- -2.91927879888 -1.44144993473 0.959771576711
12le12le12le -2.96830411888 -1.19082069559 1.21490881587
12le12le12le-12le -2.70912028705 -1.39023120587 0.779263004449
12le12le12le-12le- -3.26793033504 -1.36542838838 1.35616377668
12le12le12le12le -2.83488873076 -1.24489837961 1.03121808798
12le12le12le12le- -2.97715518288 -1.3087111959 1.11184956155
12lf -5.29924091567 0.384088449159 5.11390466283
12lf12lf -3.95692695877 -0.348169041337 3.09287303077
12lf12lf- -3.96904455826 -0.455458041943 2.99570763382
12lf12lf-12lf -3.57982308664 -0.848940298243 2.20794689648
12lf12lf-12lf-12lf -3.41637474646 -1.08217549385 1.81171843126
12lf12lf-12lf-12lf- -3.38943328084 -1.06303513844 1.80727724329
12lf12lf-12lf12lf -3.32369843683 -0.973991461736 1.83534542046
12lf12lf-12lf12lf- -3.39335838968 -1.06742592855 1.81059127902
12lf12lf12lf -3.44796509457 -0.624656185838 2.30521260435
12lf12lf12lf-12lf -3.33038070691 -0.977715199133 1.83860417445
12lf12lf12lf-12lf- -3.31873044361 -0.965963305143 1.84072370761
12lf12lf12lf12lf -3.19228671961 -0.771786724822 1.90275278254
12lf12lf12lf12lf- -3.26032118436 -0.86508175316 1.87494402748
12li -5.46554206131 0.266320089907 5.22205993868
12li12li -1.09426945362 0.0501773064262 0.579328923817
12li12li- -4.19802029897 -0.534315537136 3.15814013926
12li12li-12li -3.70795288451 -0.857672962816 2.33703285124
12li12li-12li-12li -3.45985782651 -0.999865637543 1.9479487763
12li12li-12li-12li- -3.45877098256 -0.973457215222 1.97875491958
12li12li-12li12li -1.5034483134 -0.169000284448 0.832756891806
12li12li-12li12li- -3.45854530756 -0.992510006542 1.95952068655
12li12li12li -0.494324710571 0.188056671155 0.16027513997
12li12li12li-12li -1.49991344252 -0.148532704564 0.846450419183
12li12li12li-12li- -1.47300613696 -0.134360678864 0.83166310213
12li12li12li12li -0.523873941365 0.204229522227 0.259616952495
12li12li12li12li- -0.63792578403 -0.0109666483379 0.109465160412
12ll -5.42135861287 0.454153994484 5.31280769329
12ll12ll -3.88488860714 -0.29084504234 3.07843565466
12ll12ll- -3.87774611225 -0.321325305491 3.04526613107
12ll12ll-12ll -3.42463257213 -0.697601578347 2.20848368765
12ll12ll-12ll-12ll -3.1908012505 -0.833149351466 1.83745791933
12ll12ll-12ll-12ll- -3.15021985172 -0.767301643897 1.86485353038
12ll12ll-12ll12ll -3.18441439731 -0.83978724216 1.83387574511
12ll12ll-12ll12ll- -3.17522409649 -0.853857333811 1.81072617195
12ll12ll12ll -3.39757528234 -0.589560900246 2.29066438283
12ll12ll12ll-12ll -3.18026820725 -0.843926791473 1.8259910856
12ll12ll12ll-12ll- -3.13869682062 -0.775093361521 1.85377187606
12ll12ll12ll12ll -3.16092431405 -0.755944818146 1.88817227769
12ll12ll12ll12ll- -3.15000517444 -0.767309775372 1.86464457112
2 -8.74942810485 -0.0104149940565 8.54244660147
22 -6.58862106735 -1.23811450709 5.04463355247
22- -6.48552783166 -1.34710383278 4.82102774087
22-2 -5.53739053111 -1.94688230906 3.2352079113
22-2- -5.59802374936 -1.88117782864 3.36483100547
22-2-2 -5.06532101317 -2.22708495225 2.47242908978
22-2-2- -5.10071063267 -2.18699147114 2.55170141593
22-22 -5.05541614134 -2.23487107825 2.45411340018
22-22- -5.01885414929 -2.27644032373 2.37466204256
222 -5.65802705167 -1.81742009365 3.49745452045
222- -5.59811695556 -1.88123799242 3.36484036542
222-2 -5.05554229108 -2.23495514312 2.45413434698
222-2- -5.09370050027 -2.1901957718 2.53615949689
2222 -5.13800062612 -2.14569506982 2.63649284557
2222- -5.10085791512 -2.18708654624 2.55171344808
4aa -7.94780597582 -2.15473188659 5.48242867662
4aa4aa -6.18573393828 -1.21551477267 4.53815115138
4aa4aa- -6.18683060417 -1.21672156746 4.53800043438
4aa4aa-4aa -5.52723357211 -1.54009453262 3.54764928459
4aa4aa-4aa-4aa -5.17924908489 -1.68857119379 3.05294363776
4aa4aa-4aa-4aa- -5.17875689339 -1.68806812053 3.0529586613
4aa4aa-4aa4aa -5.17942278786 -1.68872673804 3.05296012675
4aa4aa-4aa4aa- -5.17990663149 -1.68923426726 3.0529322733
4aa4aa4aa -5.52574414255 -1.53856969008 3.54770363302
4aa4aa4aa-4aa -5.17928172881 -1.68859921518 3.05294537017
4aa4aa4aa-4aa- -5.17879784391 -1.6880899561 3.05297481503
4aa4aa4aa4aa -5.17812135057 -1.6874344534 3.05295927658
4aa4aa4aa4aa- -5.17861255772 -1.68793767418 3.0529430446
4ae -7.01577109886 -1.10901370122 5.50366020685
4ae4ae -1.87769981307 -1.49452331825 0.0224859462301
4ae4ae- -1.8783121252 -0.879760883894 0.522255659764
4ae4ae-4ae -1.38212806016 -0.767702966169 0.158277578919
4ae4ae-4ae-4ae -1.5072827111 -0.87400816376 0.174319747573
4ae4ae-4ae-4ae- -1.49486116223 -0.911176539313 0.133694425014
4ae4ae-4ae4ae -1.5278467126 -0.911049393439 0.166874643564
4ae4ae-4ae4ae- -1.22268596766 -0.781596808959 0.00160691536712
4ae4ae4ae -2.18522084966 -0.997898802302 0.709046663123
4ae4ae4ae-4ae -1.57595339948 -0.927054959936 0.248981738446
4ae4ae4ae-4ae- -1.56797373573 -1.16686789757 -0.00764344650997
4ae4ae4ae4ae -1.79302800335 -1.11614281846 0.267503459434
4ae4ae4ae4ae- -1.53511783711 -1.06098017835 0.0352243162233
4af -6.07018452721 -0.971568793569 4.71728271272
4af4af -3.49436383165 -1.26835669337 1.60520429549
4af4af- -3.50423679302 -1.30930722435 1.57229089617
4af4af-4af -3.2491864212 -1.57163482116 1.06231592913
4af4af-4af-4af -3.19054924577 -1.67252238546 0.920815332434
4af4af-4af-4af- -3.18592030157 -1.66769217589 0.920237365017
4af4af-4af4af -3.27853508739 -1.79651248581 0.88411502893
4af4af-4af4af- -3.28525013634 -1.81700016516 0.871624611124
4af4af4af -3.31314913705 -1.63235988097 1.07545387181
4af4af4af-4af -3.21647376926 -1.76994991258 0.850936917951
4af4af4af-4af- -3.20895682171 -1.76384167588 0.848829632139
4af4af4af4af -3.2623354337 -1.84184253717 0.824724511455
4af4af4af4af- -3.27294633425 -1.86096224763 0.817778223934
4ai -7.48389436086 -0.550833832696 6.63018364942
4ai4ai -6.11836809272 -1.04514324957 4.63753850613
4ai4ai- -5.54870226624 -1.05251123824 4.01215110712
4ai4ai-4ai -5.24192289321 -1.33552875131 3.41253738553
4ai4ai-4ai-4ai -5.1188029114 -1.42852857034 3.24560817858
4ai4ai-4ai-4ai- -5.12167631297 -1.42450677294 3.253227603
4ai4ai-4ai4ai -5.07831875653 -1.45288173215 3.14410613141
4ai4ai-4ai4ai- -5.08130790746 -1.45817224001 3.13542267022
4ai4ai4ai -5.47525500137 -1.28820703658 3.74414919769
4ai4ai4ai-4ai -5.1067410655 -1.42585754646 3.23251408762
4ai4ai4ai-4ai- -5.1190667167 -1.42055304507 3.25246474879
4ai4ai4ai4ai -5.12231655468 -1.39100585259 3.28969889498
4ai4ai4ai4ai- -5.12073635774 -1.39503253222 3.28297295508
4al -6.28099517832 -0.918279526592 4.99808734038
4ea -7.002423731 -1.12593930643 5.47323600531
4ea4ea -3.35369590506 -1.53374699567 1.41131160447
4ea4ea- -1.97573011717 -1.5850551434 0.0465284191919
4ea4ea-4ea -2.03822610303 -1.48274027425 0.247947497795
4ea4ea-4ea-4ea -1.90150392606 -1.41213695356 0.253420619846
4ea4ea-4ea-4ea- -2.34401501278 -1.63186172961 0.278336175134
4ea4ea-4ea4ea -1.95832080104 -1.34767168099 0.248875431555
4ea4ea-4ea4ea- -1.85832520573 -1.313954952 0.146643119102
4ea4ea4ea -2.84853742221 -1.78991929963 0.611821492356
4ea4ea4ea-4ea -1.8772244824 -1.31952292411 0.289930931047
4ea4ea4ea-4ea- -2.35254485341 -1.42039628987 0.498073239171
4ea4ea4ea4ea -2.6048881589 -1.91776830812 0.234604802128
4ea4ea4ea4ea- -2.32519468331 -1.58145649498 0.317107730632
4ee -6.5391178506 -1.55672203626 4.56897029215
4ee4ee -2.24014473535 -1.41374196617 0.391089428242
4ee4ee4ee -2.24808181879 -1.44800650902 0.338883271911
4ee4ee4ee4ee -1.96179928168 -1.40959335169 0.117605715854
4ef -5.80643629315 -0.76686573773 4.55365093619
4ef4ef -3.24898536205 -1.4450940804 1.19494056318
4ef4ef- -2.18312355615 -1.03536209674 0.651309244503
4ef4ef-4ef -1.86681974392 -1.15108390085 0.226883449896
4ef4ef-4ef-4ef -2.05154453275 -1.35549947328 0.244515175405
4ef4ef-4ef-4ef- -2.45390931999 -1.3859423813 0.610431620684
4ef4ef-4ef4ef- -1.90219226865 -1.39332222147 0.0532570481901
4ef4ef4ef -3.07303410958 -1.75854582905 0.779748148801
4ef4ef4ef-4ef -2.18517007872 -1.33946321653 0.384540444176
4ef4ef4ef-4ef- -2.57856254642 -1.56713694936 0.545602613099
4ef4ef4ef4ef -2.97196170019 -1.95077539019 0.53626124001
4ef4ef4ef4ef- -2.64868326332 -1.52092868298 0.689634522763
4ei -6.71407052576 -1.02482111944 5.28250338177
4ei4ei -3.23918899612 -1.37452833019 1.47970692192
4ei4ei- -2.24160551967 -0.859466071984 0.893639423203
4ei4ei-4ei -1.63730716017 -0.934367232319 0.243320901995
4ei4ei-4ei-4ei -1.93861944691 -0.949937013759 0.549441371602
4ei4ei-4ei-4ei- -2.23479358825 -1.33501036492 0.465453008831
4ei4ei-4ei4ei -1.79353649186 -0.997832210303 0.340201681884
4ei4ei-4ei4ei- -1.48315567441 -0.811626646555 0.222465963932
4ei4ei4ei -2.74126009798 -1.53125000477 0.763313191514
4ei4ei4ei-4ei -1.65350833421 -1.00575636023 0.188353717046
4ei4ei4ei-4ei- -2.30826345318 -1.22455631415 0.629289525676
4ei4ei4ei4ei -2.49556688517 -1.60220029722 0.438343320319
4ei4ei4ei4ei- -2.31649683519 -1.16751386554 0.719514200245
4el -5.93699495386 -0.724175242855 4.73979653191
4fa -6.05373165575 -1.04134754335 4.62177351745
4fa4fa -4.29761592193 -1.25647964855 2.41191053136
4fa4fa- -5.60373259757 -1.17785945092 3.92478681984
4fa4fa-4fa -3.81112393433 -1.58402406601 1.6183771911
4fa4fa-4fa-4fa -3.76538885587 -1.70352436529 1.47017592257
4fa4fa-4fa-4fa- -4.88439594366 -1.58477270142 2.82555383184
4fa4fa-4fa4fa -3.89660851443 -1.78223218242 1.51083952343
4fa4fa-4fa4fa- -3.79486997472 -1.7226582196 1.45940305363
4fa4fa4fa -4.17887043271 -1.62083879333 1.94597973994
4fa4fa4fa-4fa -3.84104287093 -1.79978068091 1.44917955443
4fa4fa4fa-4fa- -4.28151519664 -1.67944971349 1.98792744458
4fa4fa4fa4fa -4.15779237956 -1.8294603924 1.72666253244
4fa4fa4fa4fa- -4.17311939882 -1.76765902515 1.78778994622
4fe -5.79766742777 -0.733477213477 4.57757591267
4fe4fe -1.82930700353 -1.41890489225 -0.0114666339996
4fe4fe- -2.1467488563 -1.02626408715 0.625452786083
4fe4fe-4fe -1.9354937323 -1.13912494417 0.311234201321
4fe4fe-4fe-4fe -2.12561792632 -1.3711361505 0.288466295217
4fe4fe-4fe-4fe- -1.66286496163 -1.15536166834 0.0864441840658
4fe4fe-4fe4fe -2.19282884575 -1.416116811 0.310484952646
4fe4fe-4fe4fe- -1.96453469618 -1.2278158562 0.259888404384
4fe4fe4fe -2.16231551751 -1.14048452881 0.551154238945
4fe4fe4fe-4fe -2.30534997158 -1.25238020443 0.602216219416
4fe4fe4fe-4fe- -1.95328279395 -1.52264924636 0.0210049832867
4fe4fe4fe4fe -2.1170749538 -1.25802682104 0.437654168913
4fe4fe4fe4fe- -1.94699914456 -1.45477851999 0.0311830432502
4ff -5.00354313988 -0.511289343514 3.94414928932
4ff4ff -3.4892108472 -1.36057899802 1.49814292253
4ff4ff- -2.21307998688 -1.10880634198 0.470833377478
4ff4ff-4ff -1.70886067562 -1.01669999794 0.183653730481
4ff4ff-4ff-4ff -2.0387331365 -1.36021610686 0.084835383158
4ff4ff-4ff-4ff- -2.52386377941 -1.16339589497 0.755259260355
4ff4ff-4ff4ff -2.14595299774 -1.56279710752 0.0495400291748
4ff4ff-4ff4ff- -2.15691183133 -1.47995628305 0.139487279485
4ff4ff4ff -3.44421976918 -1.79979470905 1.02620951117
4ff4ff4ff-4ff -2.15363642525 -1.56523433452 0.0333118346307
4ff4ff4ff-4ff- -2.75179879322 -1.23708974119 1.06027631373
4ff4ff4ff4ff -3.46603715655 -2.0896020319 0.76835858523
4ff4ff4ff4ff- -2.88971588793 -1.43951773336 1.02726746568
4fi -5.78700766518 -0.354769389544 4.90352703969
4fi4fi -4.12219581002 -1.07464026711 2.42214763667
4fi4fi- -1.86328076057 -0.272846390143 1.09240908952
4fi4fi-4fi -1.37826343273 -0.748861872039 0.170331444634
4fi4fi-4fi-4fi -1.66011522821 -0.733588167191 0.457992070029
4fi4fi-4fi-4fi- -2.15321622804 -0.724737122128 1.01381488268
4fi4fi-4fi4fi -1.72913612232 -0.788490462594 0.454836458418
4fi4fi-4fi4fi- -1.5018148712 -0.779928459562 0.229119609259
4fi4fi4fi -4.02807685691 -1.39490465668 2.01724234386
4fi4fi4fi-4fi -1.68908012849 -0.897834299464 0.327977588516
4fi4fi4fi-4fi- -2.25790495217 -0.805611564998 1.03120011843
4fi4fi4fi4fi -3.99172628996 -1.57781915748 1.80690810505
4fi4fi4fi4fi- -2.27235450577 -0.915441799257 0.94669766678
4fl -5.10237825245 -0.394720527845 4.16435259081
4ia -7.47543981524 -0.615631312769 6.54732502561
4ia4ia -6.10183389829 -1.05778498752 4.6089808289
4ia4ia- -6.14225398529 -1.07928343769 4.62826864182
4ia4ia-4ia -5.4911676952 -1.36595375007 3.68297265812
4ia4ia-4ia-4ia -5.12630452873 -1.47156717747 3.21406958553
4ia4ia-4ia-4ia- -5.11302319949 -1.45277991151 3.21943540731
4ia4ia-4ia4ia -5.12587692104 -1.47164256929 3.21344123452
4ia4ia-4ia4ia- -5.13940151785 -1.49148581828 3.20720846154
4ia4ia4ia -5.45204434426 -1.32464904306 3.68504046146
4ia4ia4ia-4ia -5.12299761277 -1.47790460896 3.20444812809
4ia4ia4ia-4ia- -5.109487984 -1.45810244331 3.2106466355
4ia4ia4ia4ia -5.09593778669 -1.43914912389 3.21598905436
4ia4ia4ia4ia- -5.10919094459 -1.4580339893 3.21048601529
4ie -6.72112937116 -1.00617366429 5.30842422182
4ie4ie -1.72819041286 -1.31805749304 0.0773369361154
4ie4ie- -2.07011300276 -0.84516215201 0.740952737945
4ie4ie-4ie -1.47897489933 -0.744247370674 0.259613990675
4ie4ie-4ie-4ie -1.51845948752 -0.844649805129 0.222753336173
4ie4ie-4ie-4ie- -1.48447884702 -0.712610347299 0.326487168706
4ie4ie-4ie4ie -1.48789425339 -0.868898891273 0.156384720651
4ie4ie-4ie4ie- -1.31859054074 -0.549988931708 0.316235843759
4ie4ie4ie -1.96238760794 -0.841389592249 0.661546321729
4ie4ie4ie-4ie -1.58615505599 -0.78035816471 0.406597545829
4ie4ie4ie-4ie- -1.4886634115 -1.08450283385 0.0564425762777
4ie4ie4ie4ie -1.6407271381 -0.958343304184 0.281582969991
4ie4ie4ie4ie- -1.62679600917 -0.849907475913 0.348207548351
4if -5.79978440865 -0.356138888293 4.91333039601
4if4if -3.26285867879 -1.10808316439 1.52949609576
4if4if- -2.0957467897 -0.728659115221 0.867292169589
4if4if-4if -1.42000873185 -0.829225521101 0.139013790354
4if4if-4if-4if -1.66287748111 -0.804402390449 0.391985681264
4if4if-4if-4if- -2.3213007124 -0.880270367263 1.02218401739
4if4if-4if4if -1.73444347682 -0.993657922081 0.275897089568
4if4if-4if4if- -1.74121006875 -1.21323108948 0.0595246517923
4if4if4if -3.12168603432 -1.4411537261 1.06752069073
4if4if4if-4if -1.76510055845 -0.897625071334 0.37959271568
4if4if4if-4if- -2.45353054701 -1.00707262125 1.01866687946
4if4if4if4if -3.05669854536 -1.6288532385 0.824254006876
4if4if4if4if- -2.50014789531 -1.09489827915 0.989964916777
4ii -7.05653683002 -0.206391956538 6.38458158231
4ii4ii -5.887639885 -0.846778856622 4.57004156865
4ii4ii4ii -5.33890148479 -1.06735746632 3.818003894
4ii4ii4ii4ii -4.99193767295 -1.15184572173 3.39239696064
4il -5.98424841449 -0.239362664694 5.22456791136
4la -6.25401075193 -0.96673892374 4.91916083474
4la4la- -5.60295707969 -1.10294804547 4.00602391841
4la4la-4la-4la- -4.81319963269 -1.52110120802 2.82262968391
4le -5.92354904086 -0.693441850238 4.75576214417
4le4le- -2.14369324906 -0.982733593294 0.668853288694
4le4le-4le-4le- -1.62544532502 -1.09773256506 0.108179273492
4lf -5.09986549239 -0.396755693804 4.15926567407
4lf4lf- -2.09417974318 -0.0342762182537 1.54085067965
4lf4lf-4lf-4lf- -2.40735223182 -0.958067553131 1.03058422753
4li -5.96393623809 -0.239939642583 5.20440051613
4li4li- -1.82907284481 -0.270599705063 1.06187247995
4li4li-4li-4li- -2.10075673656 -0.659044731394 1.02877849584
4ll -5.21489659945 -0.279767891293 4.39718139368
Using multi
