11 -11.6617106664 1.87867394159 2.7310
1111 -12.5411825927 -1.05335266916 1.5416
1111- -12.5365566574 -0.952670548886 1.6555
1111-11 -11.5509603341 -1.99840403057 0.1080
1111-11- -12.2696129818 -2.13146769764 0.8929
1111-11-11 -8.64560087952 -1.73526994866 2.3597
1111-11-11- -10.3893063572 -2.96740140977 0.4599
1111-1111 -11.9574984089 -2.64276960034 0.8052
1111-1111- -11.5980360282 -2.45800430394 0.8476
111111 -12.6549261772 -2.3350088489 0.6543
111111- -12.2581842006 -2.1298350146 0.8876
111111-11 -11.9574984089 -2.6424974865 0.8065
111111-11- -12.4497523429 -2.81066383874 0.3191
11111111 -12.377097948 -3.14400329101 0.5083
11111111- -8.55253794672 -3.91762293411 -2.7716
12aa -9.29540872606 3.01012328243 6.6887
12aa12aa -7.88477058684 1.24219967314 4.5220
12aa12aa- -7.88585904219 1.25471690972 4.5349
12aa12aa-12aa -7.30299119994 0.548309384749 3.6888
12aa12aa-12aa-12aa -6.96856329232 0.17496919821 3.2222
12aa12aa-12aa-12aa- -6.93046735492 0.213881477128 3.2370
12aa12aa-12aa12aa -6.96257678787 0.189391231655 3.2605
12aa12aa-12aa12aa- -6.99305353779 0.163268303151 3.2523
12aa12aa12aa -7.25564339203 0.586949549828 3.7098
12aa12aa12aa-12aa -6.96257678787 0.189391231655 3.2606
12aa12aa12aa-12aa- -6.93264426563 0.215242046321 3.2687
12aa12aa12aa12aa -6.90026271884 0.248984162305 3.2515
12aa12aa12aa12aa- -6.93046735492 0.213881477128 3.2370
12ae -9.03009773344 2.02180582069 4.2203
12ae12ae -7.93048571172 0.495519300063 4.0826
12ae12ae- -7.88912440825 0.528445074532 4.0604
12ae12ae-12ae -7.39033974213 -0.0756476471266 3.3359
12ae12ae-12ae-12ae -7.13428062002 -0.423953360515 2.9232
12ae12ae-12ae-12ae- -7.09591256878 -0.389122789176 2.9432
12ae12ae-12ae12ae -7.09618468262 -0.38068726018 2.9767
12ae12ae-12ae12ae- -7.12257972496 -0.413613034649 2.9591
12ae12ae12ae -7.39306088051 -0.0857158591542 3.4021
12ae12ae12ae-12ae -7.11686533435 -0.428307181933 2.9836
12ae12ae12ae-12ae- -7.08910972281 -0.393204496755 3.0024
12ae12ae12ae12ae -7.09427988575 -0.399463115043 3.0083
12ae12ae12ae12ae- -7.10325964242 -0.426130271224 2.9848
12af -8.90029943244 3.08441036036 6.1236
12af12af -7.63524219685 1.33934431351 4.3911
12af12af- -7.59524146258 1.30696276672 4.3459
12af12af-12af -6.96257678787 0.65579435099 3.5393
12af12af-12af-12af -6.54025611039 0.320005874176 3.0758
12af12af-12af-12af- -6.51712643411 0.35184319329 3.0805
12af12af-12af12af -6.64420359673 0.293066604156 3.1380
12af12af-12af12af- -6.66570058998 0.230208307443 3.1162
12af12af12af -7.06162622512 0.638651179159 3.6058
12af12af12af-12af -6.68719758322 0.216874729352 3.1295
12af12af12af-12af- -6.66379579311 0.23075253512 3.1276
12af12af12af12af -6.74025978175 0.26340619575 3.1581
12af12af12af12af- -6.76665482409 0.177690336596 3.1299
12ai -8.92179642568 3.06264125327 6.4515
12ai12ai -7.53075048284 1.40601220397 4.4058
12ai12ai- -7.49836893605 1.42506017267 4.3945
12ai12ai-12ai -6.90924247551 0.754299560557 3.5655
12ai12ai-12ai-12ai -6.57753570627 0.398646773527 3.1162
12ai12ai-12ai-12ai- -6.54651472868 0.445178239925 3.1358
12ai12ai-12ai12ai -6.56828383576 0.417422628389 3.1530
12ai12ai-12ai12ai- -6.59168562588 0.385041081598 3.1385
12ai12ai12ai -6.89427621439 0.783959968963 3.6204
12ai12ai12ai-12ai -6.57018863263 0.400279456558 3.1566
12ai12ai12ai-12ai- -6.545970501 0.433205231027 3.1712
12ai12ai12ai12ai -6.53018789836 0.466675233173 3.1747
12ai12ai12ai12ai- -6.54733107019 0.425586043547 3.1508
12al -8.69839096421 2.97039466199 6.2227
12al12al -7.26543949022 1.44900619046 4.2642
12al12al- -7.35115534937 1.5077827796 4.3563
12al12al-12al -6.78053262986 0.691441263844 3.3732
12al12al-12al-12al -6.47059496771 0.310754003664 2.9069
12al12al-12al-12al- -6.41317894777 0.433205231027 2.9300
12al12al-12al12al -6.36311000147 0.328713517011 2.8783
12al12al-12al12al- -6.43141057495 0.303951157699 2.8958
12al12al12al -6.56093676212 0.837838509003 3.4520
12al12al12al-12al -6.35385813096 0.377694007956 3.0017
12al12al12al-12al- -6.30596609537 0.463137753272 3.0141
12al12al12al12al -6.14052088151 0.529533529886 2.9899
12al12al12al12al- -6.19875324296 0.497151983095 3.0020
12ea -9.03064196112 2.02235004836 4.2210
12ea12ea -7.93075782556 0.495791413902 4.0829
12ea12ea- -7.88939652209 0.528445074532 4.0608
12ea12ea-12ea -7.39033974213 -0.0756476471266 3.3359
12ea12ea-12ea-12ea -7.13455273386 -0.423953360515 2.9233
12ea12ea-12ea-12ea- -7.10325964242 -0.426402385063 2.9848
12ea12ea-12ea12ea -7.11686533435 -0.428579295771 2.9836
12ea12ea-12ea12ea- -7.12257972496 -0.413613034649 2.9592
12ea12ea12ea -7.39306088051 -0.0857158591542 3.4021
12ea12ea12ea-12ea -7.09618468262 -0.38068726018 2.9767
12ea12ea12ea-12ea- -7.08910972281 -0.393476610594 3.0024
12ea12ea12ea12ea -7.09427988575 -0.399463115043 3.0083
12ea12ea12ea12ea- -7.09591256878 -0.389122789176 2.9432
12ee -9.05213895437 1.86316345279 4.1209
12ee12ee -7.8104835089 -0.115920495237 3.1501
12ee12ee- -7.83606220973 -0.0364632543704 3.7216
12ee12ee-12ee -7.32884201461 -0.710761346384 2.6119
12ee12ee-12ee-12ee- -7.03795232116 -0.902329488748 2.5119
12ee12ee-12ee12ee -7.04910898854 -0.952670548886 2.3990
12ee12ee-12ee12ee- -7.07115020947 -1.03539315582 2.2243
12ee12ee12ee -7.29265087408 -0.630487764001 2.8334
12ee12ee12ee-12ee -7.04910898854 -0.952670548886 2.3990
12ee12ee12ee-12ee- -7.02761199529 -0.870764283472 2.5996
12ee12ee12ee12ee -7.00829191275 -0.916751522193 2.5181
12ee12ee12ee12ee- -7.03795232116 -0.902329488748 2.5119
12ef -8.93948382519 2.01228183634 4.1894
12ef12ef -7.69864472124 0.563819873548 3.8072
12ef12ef- -7.69293033063 0.535792148174 3.9136
12ef12ef-12ef -7.08203476301 0.0155104887993 3.1345
12ef12ef-12ef-12ef -6.66760538685 -0.342863436617 2.6529
12ef12ef-12ef-12ef- -6.68366010332 -0.336060590652 2.7774
12ef12ef-12ef12ef -6.80175750927 -0.332250996912 2.8028
12ef12ef-12ef12ef- -6.81862856726 -0.373340186538 2.7656
12ef12ef12ef -7.16366891459 -0.0296604084058 3.1778
12ef12ef12ef-12ef -6.81454685968 -0.352115307129 2.7858
12ef12ef12ef-12ef- -6.81128149362 -0.392388155239 2.8157
12ef12ef12ef12ef -6.87277922114 -0.363816202188 2.8109
12ef12ef12ef12ef- -6.89454832823 -0.428035068094 2.7621
12ei -8.86274772271 2.06969785628 4.2203
12ei12ei -7.56285991579 0.600555241757 3.7338
12ei12ei- -7.54054658103 0.704502728096 3.9707
12ei12ei-12ei -6.99114874092 0.093062932796 3.1007
12ei12ei-12ei-12ei -6.66951018372 -0.301502133152 2.5673
12ei12ei-12ei-12ei- -6.67767359887 -0.245990910081 2.7371
12ei12ei-12ei12ei -6.69563311222 -0.244630340888 2.7528
12ei12ei-12ei12ei- -6.69862636444 -0.2383717226 2.7051
12ei12ei12ei -6.98053630122 0.0503410601382 3.1146
12ei12ei12ei-12ei -6.66923806988 -0.20952765571 2.7523
12ei12ei12ei-12ei- -6.66406790694 -0.214153590966 2.7981
12ei12ei12ei12ei -6.65454392259 -0.245718796242 2.7413
12ei12ei12ei12ei- -6.6567208333 -0.229664079766 2.7207
12el -8.92696658862 1.83241458903 3.9485
12el12el -7.47061332451 0.666406790694 3.7616
12el12el- -7.44122502994 0.787769562703 3.9504
12el12el-12el -6.96992386151 0.040000734272 3.0166
12el12el-12el-12el -6.75359335984 -0.413068806972 1.1850
12el12el-12el-12el- -6.8414861297 -0.333067338428 1.2350
12el12el-12el12el -6.62651619722 -0.324359695593 2.6120
12el12el-12el12el- -6.67087075291 -0.334155793782 2.5673
12el12el12el -6.81835645342 0.106124397048 3.1245
12el12el12el-12el -6.56828383576 -0.230480421281 2.7066
12el12el12el-12el- -6.62406717267 -0.254426439077 1.2202
12el12el12el12el -6.44256724234 -0.19238448388 2.7374
12el12el12el12el- -6.42542407051 -0.16354041699 2.6988
12fa -8.83145463127 3.04277694306 6.3141
12fa12fa -7.42054437821 1.4696868422 4.3796
12fa12fa- -7.59551357642 1.30696276672 4.3462
12fa12fa-12fa -6.88502434388 0.748313056109 3.5601
12fa12fa-12fa-12fa -6.63386327086 0.327625061656 3.1130
12fa12fa-12fa-12fa- -6.76719905177 0.177962450435 3.1304
12fa12fa-12fa12fa -6.47304399226 0.414973603842 3.1435
12fa12fa-12fa12fa- -6.66597270381 0.230480421281 3.1167
12fa12fa12fa -6.73672230185 0.846546151838 3.5780
12fa12fa12fa-12fa -6.51903123098 0.386401650791 3.1202
12fa12fa12fa-12fa- -6.66434002078 0.231024648959 3.1281
12fa12fa12fa12fa -6.33426593458 0.532526782111 3.1263
12fa12fa12fa12fa- -6.51739854795 0.352115307129 3.0810
12fe -8.95962024925 1.82125792165 4.2115
12fe12fe -7.51796113242 0.685454759395 3.8721
12fe12fe- -7.69320244447 0.535792148174 3.9137
12fe12fe-12fe -7.00910825427 0.0974167542134 3.1624
12fe12fe-12fe-12fe -6.77753937763 -0.335244249137 2.6845
12fe12fe-12fe-12fe- -6.8950925559 -0.427490840417 2.7628
12fe12fe-12fe12fe -6.61535952984 -0.195105622265 2.8089
12fe12fe-12fe12fe- -6.8189006811 -0.3730680727 2.7662
12fe12fe12fe -6.87658881488 0.123811796556 3.1919
12fe12fe12fe-12fe -6.68719758322 -0.265583106459 2.7987
12fe12fe12fe-12fe- -6.8118257213 -0.391843927562 2.8164
12fe12fe12fe12fe -6.51059570198 -0.17687399508 2.8093
12fe12fe12fe12fe- -6.68393221716 -0.335788476814 2.7781
12ff -8.74927625202 3.24386906977 5.9213
12ff12ff -7.2801336375 1.60057359856 4.3550
12ff12ff- -7.44013657459 1.3956718781 4.3291
12ff12ff-12ff -6.65100644269 0.902601602586 3.4982
12ff12ff-12ff-12ff -6.29780268021 0.515655724118 3.0049
12ff12ff-12ff-12ff- -6.44419992537 0.357013356223 3.0145
12ff12ff-12ff12ff -6.24991064462 0.582051500733 3.0649
12ff12ff-12ff12ff- -6.46161521104 0.354020103999 3.0391
12ff12ff12ff -6.61753644055 0.938520629279 3.5253
12ff12ff12ff-12ff -6.34542260196 0.471573282268 3.0477
12ff12ff12ff-12ff- -6.49372464399 0.302590588506 3.0425
12ff12ff12ff12ff -6.23603283885 0.595385078824 3.0531
12ff12ff12ff12ff- -6.44392781153 0.356741242385 3.0145
12fi -8.63172307375 3.04876344751 6.2253
12fi12fi -7.10924614687 1.57526701157 4.2163
12fi12fi- -7.26081355496 1.47485700513 4.2617
12fi12fi-12fi -6.51875911714 0.937976401602 3.4411
12fi12fi-12fi-12fi -6.22106657773 0.503954829059 2.9285
12fi12fi-12fi-12fi- -6.33834764216 0.351298965613 2.9258
12fi12fi-12fi12fi -6.09126827672 0.598650444887 3.0020
12fi12fi-12fi12fi- -6.28637389899 0.435926369413 2.9862
12fi12fi12fi -6.39304252371 0.977705022036 3.4137
12fi12fi12fi-12fi -6.14623527212 0.567901581127 2.9899
12fi12fi12fi-12fi- -6.27630568696 0.405993847169 2.9759
12fi12fi12fi12fi -5.97072184623 0.678651913431 2.9614
12fi12fi12fi12fi- -6.15140543505 0.516199951796 2.9381
12fl -8.66900266964 3.2335287439 6.4265
12fl12fl -7.01863223862 1.77635913828 4.3185
12fl12fl- -7.21400997472 1.60873701371 4.3210
12fl12fl-12fl -6.51984757249 0.942602336858 3.3908
12fl12fl-12fl-12fl -6.31739487659 0.602460038627 3.0379
12fl12fl-12fl-12fl- -6.40719244332 0.62885508097 3.1329
12fl12fl-12fl12fl -6.0501790871 0.639739634513 2.9020
12fl12fl-12fl12fl- -6.28174796373 0.449532061342 2.9105
12fl12fl12fl -6.25997885665 1.21852576918 3.4876
12fl12fl12fl-12fl -6.08419331692 0.657971261698 2.9823
12fl12fl12fl-12fl- -6.19249462468 0.661236627761 3.0650
12fl12fl12fl12fl -5.80663720156 0.949405182823 3.0122
12fl12fl12fl12fl- -5.99357940867 0.757020698943 2.9790
12ia -8.92234065336 3.06291336711 6.4520
12ia12ia -7.53102259668 1.40601220397 4.4060
12ia12ia- -7.49864104988 1.42506017267 4.3946
12ia12ia-12ia -6.90951458935 0.754571674396 3.5656
12ia12ia-12ia-12ia -6.57780782011 0.398646773527 3.1163
12ia12ia-12ia-12ia- -6.54787529787 0.425586043547 3.1510
12ia12ia-12ia12ia -6.57046074647 0.400279456558 3.1567
12ia12ia-12ia12ia- -6.59195773972 0.385313195436 3.1387
12ia12ia12ia -6.89454832823 0.783959968963 3.6207
12ia12ia12ia-12ia -6.5685559496 0.417422628389 3.1532
12ia12ia12ia-12ia- -6.54624261484 0.433477344866 3.1714
12ia12ia12ia12ia -6.5304600122 0.466675233173 3.1750
12ia12ia12ia12ia- -6.54678684251 0.445178239925 3.1360
12ie -8.86247560887 2.0691536286 4.2195
12ie12ie -7.56285991579 0.600555241757 3.7339
12ie12ie- -7.54081869487 0.704502728096 3.9706
12ie12ie-12ie -6.99142085476 0.093062932796 3.1009
12ie12ie-12ie-12ie -6.66978229755 -0.301230019313 2.5676
12ie12ie-12ie-12ie- -6.65726506098 -0.229391965927 2.7210
12ie12ie-12ie12ie -6.66951018372 -0.209255541872 2.7526
12ie12ie-12ie12ie- -6.69889847828 -0.238099608762 2.7054
12ie12ie12ie -6.98080841506 0.0506131739768 3.1149
12ie12ie12ie-12ie -6.69590522606 -0.244358227049 2.7532
12ie12ie12ie-12ie- -6.66434002078 -0.214153590966 2.7984
12ie12ie12ie12ie -6.65481603643 -0.245446682404 2.7418
12ie12ie12ie12ie- -6.67794571271 -0.245718796242 2.7375
12if -8.67771031247 3.14209849414 6.1036
12if12if -7.26299046567 1.44791773511 4.1501
12if12if- -7.26054144112 1.47485700513 4.2615
12if12if-12if -6.58542700759 0.864505665184 3.4184
12if12if-12if-12if -6.15303811808 0.512390358055 2.9182
12if12if-12if-12if- -6.15140543505 0.515927837957 2.9377
12if12if-12if12if -6.2300463344 0.500689462996 2.9844
12if12if-12if12if- -6.28637389899 0.435654255574 2.9858
12if12if12if -6.63712863692 0.783415741286 3.3734
12if12if12if-12if -6.28147584989 0.420960108291 2.9776
12if12if12if-12if- -6.27603357312 0.40572173333 2.9755
12if12if12if12if -6.28093162222 0.433477344866 2.9293
12if12if12if12if- -6.33807552832 0.351026851775 2.9254
12ii -8.63389998446 3.09447857239 6.2946
12ii12ii -7.11740956203 1.43295147399 3.9955
12ii12ii- -7.12557297718 1.58669579279 4.2662
12ii12ii-12ii -6.4994390346 0.915935180677 3.3713
12ii12ii-12ii-12ii -6.12038445745 0.517016293311 2.8193
12ii12ii-12ii-12ii- -6.07494144641 0.536880603528 2.8301
12ii12ii-12ii12ii -6.12228925432 0.547765157071 2.9145
12ii12ii-12ii12ii- -6.16038519172 0.547765157071 2.9260
12ii12ii12ii -6.43277114415 0.84219233042 3.2412
12ii12ii12ii-12ii -6.12228925432 0.54803727091 2.9145
12ii12ii12ii-12ii- -6.08228852005 0.552663206166 2.9048
12ii12ii12ii12ii -6.03521282597 0.544499791008 2.8108
12ii12ii12ii12ii- -6.07494144641 0.536880603528 2.8301
12il -8.60233477918 3.0776075144 6.2549
12il12il -7.06026565592 1.58696790663 4.1849
12il12il- -7.05400703764 1.68492888852 4.2872
12il12il-12il -6.49127561944 0.886818999948 3.3193
12il12il-12il-12il -6.22215503308 0.590214915891 2.7495
12il12il-12il-12il- -6.13426226322 0.745864031561 2.7516
12il12il-12il12il -6.08773079682 0.536064262012 2.8376
12il12il-12il12il- -6.12310559584 0.530349871402 2.8597
12il12il12il -6.33290536539 1.01090291034 3.3859
12il12il12il-12il -6.05861461609 0.593208168115 2.9355
12il12il12il-12il- -5.984599652 0.718380533864 2.7538
12il12il12il12il -5.90242127275 0.72681606286 2.9342
12il12il12il12il- -5.91466639548 0.713754598608 2.9250
12la -8.91145609982 3.13692833121 6.4726
12la12la -7.47088543835 1.3265549631 4.0208
12la12la- -7.35169957705 1.50805489344 4.3566
12la12la-12la -6.86243889527 0.54041808343 3.2465
12la12la-12la-12la -6.42215870444 0.216602615514 2.8325
12la12la-12la-12la- -6.1990253568 0.497424096933 3.0024
12la12la-12la12la -6.50324862834 0.201636354391 2.8720
12la12la-12la12la- -6.43195480263 0.304223271538 2.8962
12la12la12la -6.8344111699 0.675658661206 3.3173
12la12la12la-12la -6.52148025553 0.19238448388 2.8862
12la12la12la-12la- -6.30651032304 0.46340986711 3.0145
12la12la12la12la -6.47440456145 0.331162541558 2.9150
12la12la12la12la- -6.41372317545 0.433205231027 2.9304
12le -8.92751081629 2.04112590323 4.1867
12le12le -7.63877967676 0.203541151262 1.1366
12le12le- -7.44149714378 0.788041676542 3.9506
12le12le-12le -7.07686460008 -0.14993472506 2.8678
12le12le-12le-12le -6.6616188824 -0.474838648331 2.4570
12le12le-12le-12le- -6.42596829818 -0.163268303151 2.6994
12le12le-12le12le -6.78842393118 -0.399463115043 1.1477
12le12le-12le12le- -6.67141498059 -0.333883679944 2.5679
12le12le12le -7.22952046352 -0.175241312049 1.1713
12le12le12le-12le -6.83277848687 -0.516744179473 1.2061
12le12le12le-12le- -6.62515562803 -0.2538822114 1.2225
12le12le12le12le -6.94624995756 -0.393204496755 1.1873
12le12le12le12le- -6.84257458506 -0.332523110751 1.2373
12lf -8.79254235236 3.30237354507 6.0192
12lf12lf -7.43306161479 1.66043864305 4.0599
12lf12lf- -7.21400997472 1.60873701371 4.3211
12lf12lf-12lf -6.67903416807 0.748857283786 3.2927
12lf12lf-12lf-12lf -6.18079372962 0.490893364807 2.8260
12lf12lf-12lf-12lf- -5.99357940867 0.756748585105 2.9789
12lf12lf-12lf12lf -6.38651179159 0.454157996598 2.9766
12lf12lf-12lf12lf- -6.28174796373 0.449259947504 2.9104
12lf12lf12lf -6.8344111699 1.00763754428 3.6170
12lf12lf12lf-12lf -6.38052528714 0.427218726578 2.9594
12lf12lf12lf-12lf- -6.19276673852 0.660964513923 3.0649
12lf12lf12lf12lf -6.50379285602 0.6615087416 3.2205
12lf12lf12lf12lf- -6.407736671 0.628310853293 3.1326
12li -8.68995543521 3.19026264357 6.4094
12li12li -7.23605119565 1.42914188025 2.8156
12li12li- -7.05427915148 1.68520100236 4.2874
12li12li-12li -6.55875985141 0.77688500916 3.2348
12li12li-12li-12li -6.11956811594 0.473478079138 2.7742
12li12li-12li-12li- -5.91493850932 0.713754598608 2.9252
12li12li-12li12li -6.26025097048 0.520553773213 2.7972
12li12li-12li12li- -6.12337770968 0.530349871402 2.8600
12li12li12li -6.62134603429 0.97688868052 2.8116
12li12li12li-12li -6.17888893275 0.485451088035 2.7370
12li12li12li-12li- -5.98514387968 0.718380533864 2.7571
12li12li12li12li -6.2681422718 0.735795819534 2.7814
12li12li12li12li- -6.13507860474 0.7461361454 2.7547
12ll -8.65784600226 3.27325736434 6.4435
12ll12ll -7.23088103272 1.72139214289 4.3203
12ll12ll- -6.92148759825 1.87023841259 4.3047
12ll12ll-12ll -6.58433855224 0.768449480164 3.2283
12ll12ll-12ll-12ll -6.26161153968 0.516199951796 2.8790
12ll12ll-12ll-12ll- -5.976164123 0.948316727468 3.0479
12ll12ll-12ll12ll -6.26025097048 0.454974338114 2.8523
12ll12ll-12ll12ll- -6.08800291066 0.562459304355 2.8130
12ll12ll12ll -6.55168489161 1.14396657741 3.5449
12ll12ll12ll-12ll -6.1680043792 0.557017027583 2.9015
12ll12ll12ll-12ll- -5.90024436204 0.963282988591 3.0569
12ll12ll12ll12ll -6.16065730556 0.858247046897 3.1110
12ll12ll12ll12ll- -5.97670835068 0.948588841307 3.0480
2 -10.667678814 3.24060370371 7.5457
22 -8.98710374694 1.46206765472 5.8787
22- -8.90546959537 1.24709772223 5.0687
22-2 -7.9381048992 0.277556115357 3.7841
22-2- -8.014296774 0.37878246331 4.1611
22-2-2 -7.38653014839 -0.255242780593 3.3808
22-2-2- -7.43251738711 -0.210343997226 3.5729
22-22 -7.3731965703 -0.27891668455 3.2512
22-22- -7.3111546151 -0.330074086203 3.0678
222 -8.06871954172 0.474294420654 4.6320
222- -8.01402466016 0.379326690987 4.1616
222-2 -7.37292445646 -0.278644570711 3.2515
222-2- -7.43551063933 -0.211976680258 3.4836
2222 -7.47741617047 -0.158642367895 3.8516
2222- -7.43224527327 -0.209799769549 3.5733
4aa -9.93542047441 2.27922551199 5.8623
4aa4aa -8.49865940668 0.8152530604 4.7387
4aa4aa- -8.50083631739 0.813076149692 4.7313
4aa4aa-4aa -7.87225335026 0.173336515179 3.9431
4aa4aa-4aa-4aa -7.53347162122 -0.16735001073 3.5382
4aa4aa-4aa-4aa- -7.53265527971 -0.166533669214 3.5387
4aa4aa-4aa4aa -7.53428796274 -0.167894238407 3.5373
4aa4aa-4aa4aa- -7.53510430425 -0.168710579923 3.5369
4aa4aa4aa -7.86871587036 0.176329767403 3.9469
4aa4aa4aa-4aa -7.53319950738 -0.166805783053 3.5373
4aa4aa4aa-4aa- -7.53238316587 -0.166261555375 3.5378
4aa4aa4aa4aa -7.53075048284 -0.164900986182 3.5391
4aa4aa4aa4aa- -7.53183893819 -0.16544521386 3.5386
4ae -9.13105196756 1.1812461733 4.2167
4ae4ae -8.49566615446 0.359462380771 3.2432
4ae4ae- -8.38763696054 0.298780994766 2.8742
4ae4ae-4ae -7.81347676113 -0.0911581359259 2.9000
4ae4ae-4ae-4ae -7.52394763687 -0.372523845023 2.8900
4ae4ae-4ae-4ae- -7.53483219042 -0.355108559353 2.8853
4ae4ae-4ae4ae -7.48340267492 -0.320277988014 2.9048
4ae4ae-4ae4ae- -7.46707584461 -0.333883679944 2.9115
4ae4ae4ae -7.94082603758 -0.146669358997 3.2335
4ae4ae4ae-4ae -7.5495263377 -0.422864905161 2.9063
4ae4ae4ae-4ae- -7.56803007872 -0.41334092081 2.8861
4ae4ae4ae4ae -7.61456154512 -0.432388889511 3.2284
4ae4ae4ae4ae- -7.60394910542 -0.451708972051 2.8855
4af -9.05486009275 2.331471369 5.5783
4af4af -8.12504710631 1.05743437674 4.6792
4af4af- -8.10300588538 1.04927096158 4.6014
4af4af-4af -7.66571894678 0.350482624097 3.8870
4af4af-4af-4af -7.42517031347 -0.0468035802366 3.5043
4af4af-4af-4af- -7.38598592071 -0.0136056919292 3.4986
4af4af-4af4af -7.3612235614 -0.00272113838585 3.5224
4af4af-4af4af- -7.3217670548 0.0263950423427 3.5123
4af4af4af -7.49129397624 0.506948081284 3.9980
4af4af4af-4af -7.21700322695 0.155377001832 3.5565
4af4af4af-4af- -7.17591403732 0.188030662462 3.5514
4af4af4af4af -7.12121915577 0.205990175809 3.6133
4af4af4af4af- -7.07958573846 0.237555381085 3.5984
4ai -9.29704140909 2.37228844478 5.6532
4ai4ai -8.28668272643 1.02478071611 4.7506
4ai4ai- -8.27715874208 1.053624783 4.4936
4ai4ai-4ai -7.63224894463 0.483002063488 4.0130
4ai4ai-4ai-4ai -7.3195901441 0.175785539726 3.6802
4ai4ai-4ai-4ai- -7.33237949451 0.169526921438 3.6941
4ai4ai-4ai4ai -7.29047396337 0.174697084372 3.6451
4ai4ai-4ai4ai- -7.27741249911 0.18068358882 3.6349
4ai4ai4ai -7.70435911185 0.456334907307 4.0889
4ai4ai4ai-4ai -7.32448819319 0.160547164765 3.6636
4ai4ai4ai-4ai- -7.33782177128 0.154016432639 3.6732
4ai4ai4ai4ai -7.37999941626 0.146669358997 3.7184
4ai4ai4ai4ai- -7.36748217969 0.152927977285 3.7039
4al -9.00533537413 2.36494137114 5.6141
4ea -9.12697025998 1.16110974924 4.1883
4ea4ea -8.49811517901 0.334155793782 3.5221
4ea4ea- -8.40750127076 0.284086847483 3.1632
4ea4ea-4ea -7.82109594861 -0.117825292107 3.1800
4ea4ea-4ea-4ea -7.52938991364 -0.4076265302 3.1728
4ea4ea-4ea-4ea- -7.60503756077 -0.483818405004 3.1656
4ea4ea-4ea4ea -7.55251958992 -0.448171492149 3.1795
4ea4ea-4ea4ea- -7.47469503209 -0.361639291479 3.1888
4ea4ea4ea -7.94000969607 -0.182044158013 3.5086
4ea4ea4ea-4ea -7.4910218624 -0.357829697739 3.1831
4ea4ea4ea-4ea- -7.57020698943 -0.446810922956 3.1628
4ea4ea4ea4ea -7.61646634199 -0.472117509945 3.4149
4ea4ea4ea4ea- -7.54081869487 -0.397558318173 3.1680
4ee -8.73975226767 0.406265961007 4.1212
4ee4ee -8.42410021491 -0.191023914687 3.1467
4ee4ee4ee -7.9846363656 -0.583139956087 3.0760
4ee4ee4ee4ee -7.6757871588 -0.811715580499 3.0386
4ef -8.54002071015 1.56900839328 4.2596
4ef4ef -8.07824352607 0.680828824139 3.6897
4ef4ef- -4.68634452811 0.54994206778 0.2761
4ef4ef-4ef -4.62430257291 0.460688728724 0.2958
4ef4ef-4ef-4ef -4.54566167356 -0.0565996784257 0.2339
4ef4ef-4ef-4ef- -4.49668118262 -0.0228575624411 0.2240
4ef4ef-4ef4ef -4.67273883618 0.142859765257 0.2954
4ef4ef-4ef4ef- -4.31273222773 0.496607755417 0.2036
4ef4ef4ef -7.60177219471 0.219051640061 3.6733
4ef4ef4ef-4ef -4.58076435874 0.303679043861 0.3840
4ef4ef4ef-4ef- -4.51083110222 0.25007261766 0.3426
4ef4ef4ef4ef -7.28067786518 -0.0337421159845 3.5808
4ef4ef4ef4ef- -4.56824712216 0.395381407464 0.3793
4ei -8.69648616734 1.31186081582 4.2241
4ei4ei -8.21212353465 0.528989302209 3.5446
4ei4ei- -6.10977201775 0.74994573914 0.6168
4ei4ei-4ei -5.56826547896 0.255242780593 0.6318
4ei4ei-4ei-4ei -5.99575631938 -0.00136056919292 0.5977
4ei4ei-4ei-4ei- -6.00500818989 -0.0476199217524 0.6108
4ei4ei-4ei4ei -5.52091767105 -0.00816341515755 0.6325
4ei4ei-4ei4ei- -5.35955416477 -0.0481641494295 0.6317
4ei4ei4ei -7.76422415634 0.0908860220874 3.5273
4ei4ei4ei-4ei -5.60282393646 -0.105035941694 0.6217
4ei4ei4ei-4ei- -6.08745868298 -0.0813620377369 0.5987
4ei4ei4ei4ei -7.47061332451 -0.165717327698 3.5079
4ei4ei4ei4ei- -6.16528324082 -0.123811796556 0.6069
4el -8.49675460981 1.5959476633 4.2581
4fa -9.06003025568 2.31677722171 5.5812
4fa4fa -8.15497962855 1.04192388794 4.6704
4fa4fa- -8.47580184424 0.724094924474 4.4957
4fa4fa-4fa -7.66925642668 0.349394168743 3.8799
4fa4fa-4fa-4fa -7.41918380902 -0.0421776449807 3.5006
4fa4fa-4fa-4fa- -7.71333886853 -0.323543354077 3.4973
4fa4fa-4fa4fa -7.23632330949 0.136329033131 3.5493
4fa4fa-4fa4fa- -7.53728121496 -0.173336515179 3.5164
4fa4fa4fa -7.52449186455 0.483818405004 3.9873
4fa4fa4fa-4fa -7.37047543191 -0.0054422767717 3.5169
4fa4fa4fa-4fa- -7.65946032849 -0.289257010416 3.5066
4fa4fa4fa4fa -7.15958720701 0.179867247305 3.6041
4fa4fa4fa4fa- -7.44612307904 -0.130614642521 3.5592
4fe -8.54763989763 1.58696790663 4.2898
4fe4fe -8.10654336528 0.710217118707 3.4460
4fe4fe- -7.25809241658 0.295515628703 0.6865
4fe4fe-4fe -4.79382949435 -0.244902454726 -0.5052
4fe4fe-4fe-4fe -4.65613989203 -0.148846269706 -0.6278
4fe4fe-4fe-4fe- -7.45619129107 -0.588038005182 0.8226
4fe4fe-4fe4fe -4.75056339402 -0.254426439077 -0.3985
4fe4fe-4fe4fe- -4.90131446059 -0.434837914059 -0.4126
4fe4fe4fe -7.64367772585 0.251705300691 3.4375
4fe4fe4fe-4fe -4.81968030902 -0.279733026065 -0.5101
4fe4fe4fe-4fe- -7.24720786303 -0.476199217524 0.7709
4fe4fe4fe4fe -7.32775355925 0.00217691070868 3.4319
4fe4fe4fe4fe- -7.00910825427 -0.210343997226 0.6458
4ff -8.34028915263 2.22970079336 5.1097
4ff4ff -7.66980065435 1.28737057035 4.4608
4ff4ff- -6.89237141752 0.832940459908 3.2297
4ff4ff-4ff -5.98623233503 0.444089784571 2.4019
4ff4ff-4ff-4ff -6.41698854151 -0.0217691070868 2.6355
4ff4ff-4ff-4ff- -6.91713377683 -0.318101077306 2.7986
4ff4ff-4ff4ff -5.86078785544 0.221772778447 2.2886
4ff4ff-4ff4ff- -6.04990697326 -0.120546430493 2.2086
4ff4ff4ff -7.1108788299 0.814708832723 3.9074
4ff4ff4ff-4ff -5.83520915461 0.235378470376 2.2775
4ff4ff4ff-4ff- -6.65780928866 -0.0634025243903 2.7582
4ff4ff4ff4ff -6.75359335984 0.563547759709 3.5573
4ff4ff4ff4ff- -6.46297578023 0.244358227049 2.8980
4fi -8.53621111641 2.31704933555 5.2683
4fi4fi -7.83470164054 1.23403625798 4.4958
4fi4fi- -7.78245578353 0.823144361719 3.9645
4fi4fi-4fi -5.06975292668 0.303406930022 1.0268
4fi4fi-4fi-4fi -4.9154643802 -0.0157826026379 0.9185
4fi4fi-4fi-4fi- -7.32285551016 -0.18068358882 3.3398
4fi4fi-4fi4fi -4.87110982451 0.137145374647 0.9370
4fi4fi-4fi4fi- -5.09451528599 -0.131975211714 0.9357
4fi4fi4fi -7.30353542762 0.724639152152 3.9839
4fi4fi4fi-4fi -5.10648829488 0.0808178100597 1.0168
4fi4fi4fi-4fi- -7.22217338988 -0.0808178100597 3.2918
4fi4fi4fi4fi -6.97155654455 0.445722467602 3.6590
4fi4fi4fi4fi- -7.06298679431 0.154288546478 3.3953
4fl -8.31226142725 2.26779673077 5.1600
4ia -9.29187124616 2.36140389124 5.6568
4ia4ia -8.27443760369 1.02804608217 4.7738
4ia4ia- -8.23470898326 1.07185641019 4.6175
4ia4ia-4ia -7.57673772156 0.508036536638 3.9888
4ia4ia-4ia-4ia -7.26761640093 0.189119117817 3.6479
4ia4ia-4ia-4ia- -7.33156315299 0.142587651418 3.6692
4ia4ia-4ia4ia -7.27931729598 0.16354041699 3.6302
4ia4ia-4ia4ia- -7.21373786089 0.208983428033 3.6061
4ia4ia4ia -7.67741984183 0.450348402858 4.0678
4ia4ia4ia-4ia -7.23142526039 0.203269037423 3.6187
4ia4ia4ia-4ia- -7.29727680933 0.157009684863 3.6427
4ia4ia4ia4ia -7.34707364179 0.136873260808 3.6855
4ia4ia4ia4ia- -7.28312688973 0.183948954883 3.6636
4ie -8.69730250885 1.330092443 4.2530
4ie4ie -8.2074975994 0.554840116875 3.2830
4ie4ie- -6.14868429666 0.446810922956 0.4622
4ie4ie-4ie -5.61588540072 0.117008950592 0.4284
4ie4ie-4ie-4ie -6.02079079253 -0.0881648837015 0.4376
4ie4ie-4ie-4ie- -6.26678170261 -0.169526921438 0.4725
4ie4ie-4ie4ie -5.6722129653 -0.189663345494 0.4356
4ie4ie-4ie4ie- -5.43329701502 -0.14231553758 0.4192
4ie4ie4ie -7.746264643 0.118097405946 3.2821
4ie4ie4ie-4ie -5.55112230713 -0.0772803301581 0.4198
4ie4ie4ie-4ie- -6.15467080111 -0.129798301005 0.4505
4ie4ie4ie4ie -7.44204137146 -0.138778057678 3.2781
4ie4ie4ie4ie- -6.01317160505 -0.0704774841935 0.4374
4if -8.52831981509 2.33555307657 5.2714
4if4if -7.80531334597 1.25308422668 4.5446
4if4if- -4.80008811264 0.895254528944 1.1185
4if4if-4if -4.99737064561 0.336876932168 1.0669
4if4if-4if-4if -4.8308369764 -0.00653073212604 0.9248
4if4if-4if-4if- -4.73641347441 0.0843552899613 0.9143
4if4if-4if4if -5.04499056736 0.108029193918 1.0566
4if4if-4if4if- -4.64498322464 0.0117008950592 0.9754
4if4if4if -7.25428282284 0.74423134853 4.0010
4if4if4if-4if -4.79246892516 0.178234564273 0.9793
4if4if4if-4if- -4.56389330075 0.229936193604 0.8658
4if4if4if4if -6.91005881703 0.464770436303 3.6589
4if4if4if4if- -4.47436784785 0.348849941066 1.0073
4ii -8.7413849507 2.40439787774 5.3955
4ii4ii -7.99470457762 1.23185934727 4.6295
4ii4ii4ii -7.47170177986 0.69987679284 4.1146
4ii4ii4ii4ii -7.16149200388 0.410075554747 3.7865
4il -8.4910402192 2.36385291579 5.3113
4la -8.99363447907 2.36194811892 5.6139
4la4la- -8.02300441684 1.11865999042 4.5919
4la4la-4la-4la- -6.96475369858 0.250344731498 3.5086
4le -8.49539404062 1.60710433068 4.2879
4le4le- -4.64906493222 1.40982179771 0.4660
4le4le-4le-4le- -4.53994728295 0.473205965299 0.3971
4lf -8.30355378442 2.28439567492 5.1612
4lf4lf- -7.29292298791 1.04001909107 3.6686
4lf4lf-4lf-4lf- -6.5889644875 0.147213586674 3.0470
4li -8.48695851162 2.36167600508 5.3074
4li4li- -4.59137679844 1.08791112666 1.0168
4li4li-4li-4li- -4.29041889297 0.418783197582 0.8798
4ll -8.24668199215 2.30970226191 5.1904
