12aa4fd-4al-12di4ah-12dh-13li-6ll -4.62076509301 -2.05799696122 2.2882
12ad4hf4ei4id6fd13af-4id-12ea -5.44363734089 -2.14697818643 2.9045
12ad6dh4ei-13id-6ff-13dd12el12df- -5.72010500089 -2.64032057579 2.7000
12ad6ia-13lf6ie-12ae12fi-13ea4ih- -4.62647948362 -1.9584032963 2.3291
12ae13dh6ed6lf13he6fh4fd6il -5.14104675238 -2.29664079766 2.4276
12al13ha-12li4ff13hl6di4hh13ah- -3.9260584631 -1.54723928619 2.1141
12al4ha-6ae12ei4fa-12fi-12da-4ee -4.86376275087 -2.00683955956 2.5304
12da12lf-6id4if12fa-6fi-4aa6ff -5.13369967874 -2.19378176667 2.5818
12df13hh13dl4fd-13ei6ii-6ie12hf -4.87709632896 -1.94425337669 2.5773
12di12ah-6he6hd-12fa-12fl-13da4ed -4.92036242929 -2.5268491051 2.0571
12ee13fe6ff-4fd12ha-12ae12aa-6le- -4.85723201874 -2.02017313765 2.4623
12ee6de-4ae-12id4fh-12el12df-6la -5.04825593343 -2.60086406919 2.1931
12ef6lh-13fl-4af-13ah-12hi-6ah-12lf -3.96007269293 -1.50478952737 2.1739
12fa13df13ef13ff-6fd12eh13la12la -4.19354636643 -2.00248573815 1.9524
12fa13ee-12hh6fh12ii6fl4ea4di- -4.64552745232 -1.69907880812 2.5762
12ff13fi12dh6ie6aa-6ad-6fa-13ll -4.96254007427 -2.38807104742 2.3041
12hd4ea-12af-4ie6hh6ea4ea13il -5.02567048482 -1.89608922726 2.7805
12he6el13ei-13if4ie13ff12hd-12la- -4.37477418293 -1.64928197566 2.3978
12hf12de-12da6ea12le-4hd-4ah6fi -5.42785473825 -2.37256055862 2.6719
12hf13ed6ia13ha6if13hl-12di-6fd -4.86838868612 -2.19867981577 2.3684
12hf4ha-4ia13ie-4ff-12ai-6fa-12df -4.8809059227 -1.94969565346 2.6535
12hh6ae13da-4fh-12ha4hi-13fa-6lh -4.28334393317 -1.4922722908 2.4553
12id13af-12hh-4ia-13fe13ff-13aa12hf -4.17721953612 -1.3815219585 2.4638
12id6eh-6el-13ee-13eh-6ad-13ih13ef- -4.52525313567 -2.06697671789 2.2272
12id6hf6lh-12df12lh-12ld13ii12fh- -4.39355003779 -2.06833728708 1.9922
12la6fi-13hi4le6ah13dl12he6he -4.64933704606 -1.75948808029 2.5016
12la6hl-13fd12ah-13le13il4ei12el- -4.33477344866 -1.58288619905 2.3515
12ld12ei6fe-4ia12fa-4dh13fl13lh -4.49450427191 -2.11459663964 2.1823
12ld6li-4df13fa-13al-13la4ee6ah -4.46620443269 -1.86234711128 2.2176
12lh13dl-4ld12fh-12ll-12ff-6ia13fa -4.41178166498 -1.5698247348 2.4568
13aa6if12aa13hi13eh-13ff-6ah6ee -4.11762660547 -1.92438906647 1.8882
13ah12al13el6la6dd-4ai-13ah-4fd- -4.38103280122 -2.43895633524 1.6889
13al12la-6fe-4ff4dh-6af-4ei-13fe- -4.96580544034 -1.56274977499 3.0712
13di4ed4ii-12dh12hf-12if12af-4ie- -4.78838721758 -2.18507412384 2.3068
13dl13da-4df6eh13df12fl-13el-13de- -4.99220048268 -2.25800063258 2.3964
13ee6ee-13he12lf-12hf-6hf-13da6al- -4.56552598378 -2.09418810175 2.0924
13eh12ha13id-12hf-6il6ie-12ha-13he- -4.33150808259 -1.72302482592 2.2729
13fa12fa6hi-12ae-13hi-4fh12hl-4fe- -4.07109513907 -1.37635179556 2.3238
13fe4ai4fl12ah6ha13ih-13df-4fl- -4.32116775673 -1.57281798702 2.4203
13ha13dd6ea-12hf-4ff-12fd13ei-6ii -4.8964164115 -2.21609510144 2.3480
13he4ia4fi13de12lh-13ha13ai6fa- -4.43763247964 -1.42125057893 2.6194
13hl4ee-12el-4hf12al6ah-13aa12le -4.25912580153 -1.78860426102 2.1971
13ie13ai-13di-13ei-6la-12ae-4fd-4ei- -4.56334907307 -2.06588826254 2.1990
13ie13ha6de12dh4ie-4fa12hi13he -4.58022013106 -2.3075253512 2.0569
13if4ah-12al-13ef6fl-4ia-6ha-6hf- -4.56715866681 -1.59921302936 2.6189
13ih12eh-13el-12ld-6ia-6hh-12he-12ah- -4.38810776102 -1.81744832791 2.2164
13ii6fa-13ia-12fh-12fl-6ea-4ei-6lf- -4.16306961651 -1.59159384188 2.2461
13il12ia6ia-4df6fi-6hh-4ii13ef- -4.68171859285 -2.09745346781 2.2868
13le13al4fa13fe12id-4df-6ih13lh- -4.44389109793 -2.03513939878 2.1294
13lf12ai-13hi-4aa6af-13fe-12lh6ii -4.32742637502 -1.50914334879 2.5358
13li4lf13el-4fa6hl12ah13hd13df- -4.55681834094 -1.6008457124 2.5981
13ll4ah-12le4di4aa12ea-4dd-4if -4.74784225563 -2.6305244776 1.9333
13ll6ea13ha-13el-12ef-13ae-6hi4hl -4.2800785671 -1.41689675751 2.4651
4aa6ld-6di6ia13ld12ie-13hd-12he -4.63790826484 -2.33609730425 2.0500
4ad12lf-13dh6fl-6hl-4hf-4ii6fd- -4.82838795185 -2.13255615299 2.3633
4af12eh13la6fh6ee4ai-6ah6dd -4.37422995525 -2.56440081482 1.6725
4af6el-6he12hi12ae13ea6da-6ld- -4.60906419795 -2.17827127787 2.1008
4dd4dd13fe13ef4di-4ah13da12ef -5.35982627861 -2.89338644567 2.2196
4df12he4dd4eh-4eh-12hf-6hi6hh -4.78049591626 -2.37419324165 2.2146
4ed6ld-13ff-13fe6ie6ee4fe6lf- -4.98703031975 -2.07241899466 2.5658
4ei12lh4fh-13ia4ed-13le13dh-4fa -4.59273736764 -2.07405167769 2.1655
4fd4af4da6ei-13hl13ef13ia-6li- -4.58729509086 -1.80574743285 2.5128
4fh4ie-13lh-6df-4ha13ae-12he6fd- -4.88988567937 -2.16765883817 2.4935
4he4hf6ih12fe-13hl6fl-4di12lf -4.42266621852 -1.56356611651 2.5222
4hh12hl-6ld4fh4af6eh-12ih-12ha- -4.39164524092 -1.68220775013 2.5041
4hi6aa13df-6ii-13dd6ha12if-4ae- -5.3873097763 -2.18942794525 2.8029
4id12fh12hh13hd-12ld-4af-13ae13il- -4.42783638145 -1.99105695693 2.0405
4id13hf-6fl-4hh-4dh13fe-12dh-13la- -4.47953801078 -1.73227669643 2.4468
4if12hf6ai-13fe-4hi12al6ai13lf- -4.4838918322 -1.40383529326 2.6898
4ii12aa12af12ed13la-6al6de-12fd -4.75491721543 -2.38562202287 2.0691
4ii12ea-6ed-12eh4ai-13ef6eh-6ie- -4.96308430195 -2.3301107998 2.3036
4le6fi4hf6he-13hl-6ee-12ai-4fe- -4.47899378311 -1.59758034633 2.5164
4lf13ea13hf13hl-4fd13fl-13ld-4hd -3.88605772883 -1.83459149974 1.7695
4lf13lf-13eh-12aa-4eh-12ah-4ie-4hf- -4.22810482393 -1.40492374861 2.4732
4lf6aa-12lh12af-6fd4ih12hl6ei -4.6721946085 -1.81472718952 2.5166
4ll12he6ei-12aa13le-13ha-6aa-6al- -4.32252832592 -1.71295661389 2.2307
4ll12lf-12ae4dd-12fe-12hf-4ai13ii- -4.71273957045 -2.1967750189 2.1741
6aa13ld13dl-6fe-6ea4ad4hh13ih -4.52253199728 -2.09935826468 2.2062
6af4fl12ff-13ee13fd-4ia12ai-12eh- -4.81070055234 -1.66479246446 2.7483
6ah13eh-6fa-13df12hl-6af12di-13he- -4.74512111724 -2.06697671789 2.3154
6da12dh-12dh-6af4fi-4he-4fe12ae -5.19737431697 -2.59678236162 2.3028
6dd12el-4ae13lf-12ef-12il12ld-13fe- -4.62484680059 -2.74018635455 1.6163
6dd4ha6he-13hi12ld6ad6ll12fe -4.82485047195 -2.74236326526 1.8202
6df12ee12ae13ai-6hf4he-4he-4dd- -4.75056339402 -2.26997364148 2.2679
6df13ie13ff-6da4fd12hf4ef6de- -5.09478739983 -2.34534917476 2.4453
6df6ia-12el-6ie12al-12fa-13id13li -4.40851629891 -2.26126599864 1.8872
6dh6af12fd4df12il-12dh-4ha-13fh- -4.53015118476 -2.50916170559 1.7611
6dl6ad-12da12ae-6ae-6ii13ad12ef- -5.24744326327 -2.75379204648 2.2722
6ea13ee12lf-4ef-6lh-13dh6ll-13il- -4.60471037653 -1.70125571883 2.5796
6ed6lf4ee13ee-6ff-13el-13li-4ai -4.64008517555 -2.21337396305 2.1917
6ee6fh12da-13id4fa13de-6lh13aa -5.00771097148 -2.42589487098 2.3128
6eh6da12eh12fe4fh12ei13ae12hi- -4.09749018141 -2.06153444112 1.7489
6el6eh6ea-13fh4ff4ii-12de6fa -4.87383096289 -1.97037630519 2.6231
6fa12fe-13ef4fi-13el4fe13fe6il- -4.57668265116 -1.57853237763 2.6537
6fa6la-12hi12ae-4fi13ll-4di-4ai -4.64280631394 -1.55186522145 2.7037
6fd6ed13ei-12ai6ed12fd12ah4ld -5.12091032833 -2.42888812321 2.2814
6ha12fl13eh13fd-6ee-12fd-6lf6ef- -4.54402899053 -2.24629973752 1.9896
6hf12ie-13hh6li-12hh-12ia-4fa-13ea- -4.29667751126 -1.37526334021 2.5343
6hh6aa-12fi13fa13ed13lh-6dd12da -4.56661443913 -2.88386246132 1.3563
6hh6hf-13df4fd-13hi-4ha-4ef- -4.76498542746 -1.73445360714 2.6474
6hl13la6ea-6ia4dd-4aa4af4ae- -4.96036316356 -2.40167673935 2.3178
6ia6df6di-4ae13ia13ai13ei-12ie- -4.61042476714 -2.2003124988 2.1582
6ii13fd6fd-6hf-4af4he-12hf-6fi- -4.90648462352 -2.32085892929 2.3521
6la6fi-4de12ld-13la12ah12il13ee -4.59192102612 -2.11840623338 2.0777
6li4ff-13fl-13hh-6ff-6ia12de13hf- -4.46783711573 -1.88520467372 2.2711
6ll13fh-6ea-6hl-13fh-4da-13fh6ed- -4.45123817157 -2.30425998514 1.9103
