12aa4fd-4al-12di4ah-12dh-13li-6ll -5.76799703648 -1.00736543044 2.9770
12ad4hf4ei4id6fd13af-4id-12ea -6.66951018372 -1.04464502633 3.4544
12ad6dh4ei-13id-6ff-13dd12el12df- -6.94380093301 -1.57254587318 3.2297
12ad6ia-13lf6ie-12ae12fi-13ea4ih- -5.7723508579 -0.902057374909 2.9176
12ae13dh6ed6lf13he6fh4fd6il -6.35685138318 -1.20464796342 3.1804
12al13ha-12li4ff13hl6di4hh13ah- -5.10186235963 -0.516744179473 2.9706
12al4ha-6ae12ei4fa-12fi-12da-4ee -6.06623380357 -0.927091848059 3.1574
12da12lf-6id4if12fa-6fi-4aa6ff -6.33698707297 -1.10913600607 3.2637
12df13hh13dl4fd-13ei6ii-6ie12hf -6.0812000647 -0.894438187429 3.2537
12di12ah-6he6hd-12fa-12fl-13da4ed -6.08936347985 -1.40193049639 2.9324
12ee13fe6ff-4fd12ha-12ae12aa-6le- -6.03847819204 -0.981242501937 3.0227
12ee6de-4ae-12id4fh-12el12df-6la -6.23929820491 -1.53281725275 2.9214
12ef6lh-13fl-4af-13ah-12hi-6ah-12lf -5.0798211387 -0.48653954339 2.7934
12fa13df13ef13ff-6fd12eh13la12la -5.3075804216 -1.05226421381 2.4669
12fa13ee-12hh6fh12ii6fl4ea4di- -5.85017541574 -0.637834837643 3.1067
12ff13fi12dh6ie6aa-6ad-6fa-13ll -6.16609958233 -1.39403919507 3.0224
12hd4ea-12af-4ie6hh6ea4ea13il -6.35032065106 -0.822055906365 3.5374
12he6el13ei-13if4ie13ff12hd-12la- -5.52826474469 -0.612528250655 3.0056
12hf12de-12da6ea12le-4hd-4ah6fi -6.63794497844 -1.30696276672 3.1791
12hf13ed6ia13ha6if13hl-12di-6fd -6.04147144426 -1.11811576275 3.0145
12hf4ha-4ia13ie-4ff-12ai-6fa-12df -6.14405836141 -0.888723796818 3.2698
12hh6ae13da-4fh-12ha4hi-13fa-6lh -5.4648622203 -0.451708972051 3.0766
12id13af-12hh-4ia-13fe13ff-13aa12hf -5.34975806658 -0.317556849629 3.0097
12id6eh-6el-13ee-13eh-6ad-13ih13ef- -5.73098955444 -0.98641266487 3.0480
12id6hf6lh-12df12lh-12ld13ii12fh- -5.55574824239 -1.00654908893 2.7873
12la6fi-13hi4le6ah13dl12he6he -5.82813419481 -0.693346060714 3.0964
12la6hl-13fd12ah-13le13il4ei12el- -5.50731197912 -0.531438326756 2.8755
12ld12ei6fe-4ia12fa-4dh13fl13lh -5.70785987816 -1.02423648843 3.1029
12ld6li-4df13fa-13al-13la4ee6ah -5.61534117304 -0.792667611798 2.9972
12lh13dl-4ld12fh-12ll-12ff-6ia13fa -5.6115315793 -0.539873855752 2.9836
13aa6if12aa13hi13eh-13ff-6ah6ee -5.25560667843 -0.830219321523 2.8080
13ah12al13el6la6dd-4ai-13ah-4fd- -5.50921677599 -1.44138700298 2.7113
13al12la-6fe-4ff4dh-6af-4ei-13fe- -6.27766625615 -0.466403119335 3.7210
13di4ed4ii-12dh12hf-12if12af-4ie- -6.00908989747 -1.0775708008 3.2128
13dl13da-4df6eh13df12fl-13el-13de- -6.1524938904 -1.18614422239 2.9694
13ee6ee-13he12lf-12hf-6hf-13da6al- -5.70187337371 -1.07702657312 2.6520
13eh12ha13id-12hf-6il6ie-12ha-13he- -5.53425124914 -0.702053703549 2.9912
13fa12fa6hi-12ae-13hi-4fh12hl-4fe- -5.24036830347 -0.361095063802 2.8501
13fe4ai4fl12ah6ha13ih-13df-4fl- -5.49561108406 -0.527900846855 2.9735
13ha13dd6ea-12hf-4ff-12fd13ei-6ii -6.06841071428 -1.2122671509 2.8763
13he4ia4fi13de12lh-13ha13ai6fa- -5.6186065391 -0.327897175495 3.1636
13hl4ee-12el-4hf12al6ah-13aa12le -5.42431725835 -0.763279317231 2.9805
13ie13ai-13di-13ei-6la-12ae-4fd-4ei- -5.73724817272 -0.98641266487 3.1190
13ie13ha6de12dh4ie-4fa12hi13he -5.83139956087 -1.33199723987 2.7639
13if4ah-12al-13ef6fl-4ia-6ha-6hf- -5.76772492265 -0.548581498587 3.0797
13ih12eh-13el-12ld-6ia-6hh-12he-12ah- -5.59329995211 -0.803552165341 2.8739
13ii6fa-13ia-12fh-12fl-6ea-4ei-6lf- -5.28771611138 -0.551030523134 2.8262
13il12ia6ia-4df6fi-6hh-4ii13ef- -6.00255916534 -1.06287665351 3.2872
13le13al4fa13fe12id-4df-6ih13lh- -5.65479767963 -0.983419412646 3.1738
13lf12ai-13hi-4aa6af-13fe-12lh6ii -5.57397986957 -0.433749458704 3.2712
13li4lf13el-4fa6hl12ah13hd13df- -5.76337110123 -0.546404587879 3.1360
13ll4ah-12le4di4aa12ea-4dd-4if -5.96745648017 -1.55458635984 3.1844
13ll6ea13ha-13el-12ef-13ae-6hi4hl -5.42894319361 -0.347761485712 2.9670
4aa6ld-6di6ia13ld12ie-13hd-12he -5.78731711902 -1.22723341202 3.0560
4ad12lf-13dh6fl-6hl-4hf-4ii6fd- -6.03439648446 -1.06750258877 2.9802
4af12eh13la6fh6ee4ai-6ah6dd -5.52173401257 -1.39022960133 3.0677
4af6el-6he12hi12ae13ea6da-6ld- -5.76146630436 -1.07376120706 2.9608
4dd4dd13fe13ef4di-4ah13da12ef -6.56311367283 -1.84357125641 2.9234
4df12he4dd4eh-4eh-12hf-6hi6hh -6.06596168973 -1.30641853905 3.3436
4ed6ld-13ff-13fe6ie6ee4fe6lf- -6.14215356454 -0.976616566681 3.1649
4ei12lh4fh-13ia4ed-13le13dh-4fa -5.77371142709 -1.0571622629 2.8641
4fd4af4da6ei-13hl13ef13ia-6li- -5.77616045164 -0.702325817388 3.4222
4fh4ie-13lh-6df-4ha13ae-12he6fd- -6.11739120523 -1.06042762897 3.1850
4he4hf6ih12fe-13hl6fl-4di12lf -5.61996710829 -0.506948081284 3.1073
4hh12hl-6ld4fh4af6eh-12ih-12ha- -5.67466198985 -0.637018496127 3.2558
4hi6aa13df-6ii-13dd6ha12if-4ae- -6.59331830891 -1.09389763111 3.3461
4id12fh12hh13hd-12ld-4af-13ae13il- -5.55765303926 -0.95947339485 2.6102
4id13hf-6fl-4hh-4dh13fe-12dh-13la- -5.691260934 -0.66722313221 2.9957
4if12hf6ai-13fe-4hi12al6ai13lf- -5.70187337371 -0.348849941066 3.2456
4ii12aa12af12ed13la-6al6de-12fd -5.89099249152 -1.32791553229 2.8453
4ii12ea-6ed-12eh4ai-13ef6eh-6ie- -6.14324201989 -1.30206471763 3.0375
4le6fi4hf6he-13hl-6ee-12ai-4fe- -5.65044385822 -0.548581498587 3.0710
4lf13ea13hf13hl-4fd13fl-13ld-4hd -5.01968398038 -0.792939725636 2.7836
4lf13lf-13eh-12aa-4eh-12ah-4ie-4hf- -5.38186749953 -0.352387420967 3.0266
4lf6aa-12lh12af-6fd4ih12hl6ei -5.89942802052 -0.730353542762 3.1654
4ll12he6ei-12aa13le-13ha-6aa-6al- -5.46159685424 -0.637834837643 2.8773
4ll12lf-12ae4dd-12fe-12hf-4ai13ii- -5.88582232859 -1.21961422454 2.7207
6aa13ld13dl-6fe-6ea4ad4hh13ih -5.84772639119 -1.00573274741 3.3805
6af4fl12ff-13ee13fd-4ia12ai-12eh- -6.00772932828 -0.581235159217 3.3102
6ah13eh-6fa-13df12hl-6af12di-13he- -5.91521062316 -1.03076722056 2.8834
6da12dh-12dh-6af4fi-4he-4fe12ae -6.37481089653 -1.50887123495 2.9704
6dd12el-4ae13lf-12ef-12il12ld-13fe- -5.76908549184 -1.64492815425 2.7548
6dd4ha6he-13hi12ld6ad6ll12fe -5.98704867655 -1.56030075045 2.8676
6df12ee12ae13ai-6hf4he-4he-4dd- -5.86105996928 -1.11621096588 2.9349
6df13ie13ff-6da4fd12hf4ef6de- -6.25453657987 -1.34260967958 3.0226
6df6ia-12el-6ie12al-12fa-13id13li -5.51221002821 -1.2109065817 2.6733
6dh6af12fd4df12il-12dh-4ha-13fh- -5.71275792725 -1.48655790019 2.8139
6dl6ad-12da12ae-6ae-6ii13ad12ef- -6.47168342306 -1.64139067434 3.3028
6ea13ee12lf-4ef-6lh-13dh6ll-13il- -5.80201126631 -0.627766625615 3.1434
6ed6lf4ee13ee-6ff-13el-13li-4ai -5.79792955873 -1.12872820245 3.0361
6ee6fh12da-13id4fa13de-6lh13aa -6.1954878769 -1.34750772867 2.9972
6eh6da12eh12fe4fh12ei13ae12hi- -5.24853171863 -1.02831819601 2.6008
6el6eh6ea-13fh4ff4ii-12de6fa -6.07766258479 -0.829402980007 3.5100
6fa12fe-13ef4fi-13el4fe13fe6il- -5.74541158788 -0.518376862504 3.0981
6fa6la-12hi12ae-4fi13ll-4di-4ai -5.83493704078 -0.457423362661 3.2564
6fd6ed13ei-12ai6ed12fd12ah4ld -6.26487690574 -1.37063740495 2.8819
6ha12fl13eh13fd-6ee-12fd-6lf6ef- -5.65751881802 -1.21879788302 2.6739
6hf12ie-13hh6li-12hh-12ia-4fa-13ea- -5.46431799262 -0.299053108605 3.0620
6hh6aa-12fi13fa13ed13lh-6dd12da -5.70867621967 -1.87676914472 2.5041
6hh6hf-13df4fd-13hi-4ha-4ef- -5.97725257836 -0.680284596462 3.1303
6hl13la6ea-6ia4dd-4aa4af4ae- -6.13861608464 -1.32628284926 3.2968
6ia6df6di-4ae13ia13ai13ei-12ie- -5.76554801194 -1.10042836324 3.1399
6ii13fd6fd-6hf-4af4he-12hf-6fi- -6.15820828102 -1.25934284497 3.1119
6la6fi-4de12ld-13la12ah12il13ee -5.76473167042 -1.07512177625 2.7593
6li4ff-13fl-13hh-6ff-6ia12de13hf- -5.66622646085 -0.847362493353 3.0218
6ll13fh-6ea-6hl-13fh-4da-13fh6ed- -5.58949035837 -1.2277776397 2.7234
