12aa4fd-4al-12di4ah-12dh-13li-6ll -7.25809241658 -0.358646039255 3.4508
12ad4hf4ei4id6fd13af-4id-12ea -8.21076296546 -0.364904657542 3.8836
12ad6dh4ei-13id-6ff-13dd12el12df- -8.49729883749 -0.855253794672 3.7383
12ad6ia-13lf6ie-12ae12fi-13ea4ih- -7.24013290323 -0.222861233801 3.4019
12ae13dh6ed6lf13he6fh4fd6il -7.96205091699 -0.541778652623 3.6979
12al13ha-12li4ff13hl6di4hh13ah- -6.62189026196 0.0927908189575 3.4905
12al4ha-6ae12ei4fa-12fi-12da-4ee -7.58816650278 -0.20762285884 3.6401
12da12lf-6id4if12fa-6fi-4aa6ff -7.92722034566 -0.487355884906 3.7460
12df13hh13dl4fd-13ei6ii-6ie12hf -7.63360951382 -0.275651318487 3.7204
12di12ah-6he6hd-12fa-12fl-13da4ed -7.59823471481 -0.659331830891 3.3871
12ee13fe6ff-4fd12ha-12ae12aa-6le- -7.52394763687 -0.358101811578 3.4813
12ee6de-4ae-12id4fh-12el12df-6la -7.75959822109 -0.879744040145 3.3709
12ef6lh-13fl-4af-13ah-12hi-6ah-12lf -6.55712716838 0.108029193918 3.2531
12fa13df13ef13ff-6fd12eh13la12la -6.80094116775 -0.533887351304 2.9512
12fa13ee-12hh6fh12ii6fl4ea4di- -7.40068006799 0.0125172365749 3.5822
12ff13fi12dh6ie6aa-6ad-6fa-13ll -7.72476764975 -0.865594120539 3.4447
12hd4ea-12af-4ie6hh6ea4ea13il -7.96694896609 -0.154016432639 4.0175
12he6el13ei-13if4ie13ff12hd-12la- -7.03795232116 0.0372795958861 3.4838
12hf12de-12da6ea12le-4hd-4ah6fi -8.17620450796 -0.628310853293 3.6318
12hf13ed6ia13ha6if13hl-12di-6fd -7.53673698729 -0.388034333822 3.4837
12hf4ha-4ia13ie-4ff-12ai-6fa-12df -7.72095805601 -0.220956436931 3.7503
12hh6ae13da-4fh-12ha4hi-13fa-6lh -7.0156389864 0.171975945986 3.5471
12id13af-12hh-4ia-13fe13ff-13aa12hf -6.88937816529 0.40000734272 3.4944
12id6eh-6el-13ee-13eh-6ad-13ih13ef- -7.24394249697 -0.294699287187 3.5319
12id6hf6lh-12df12lh-12ld13ii12fh- -7.098905821 -0.313747255888 3.3033
12la6fi-13hi4le6ah13dl12he6he -7.32476030703 -0.0266671561813 3.5955
12la6hl-13fd12ah-13le13il4ei12el- -7.00938036811 0.177146108919 3.3678
12ld12ei6fe-4ia12fa-4dh13fl13lh -7.26135778264 -0.286263758191 3.5684
12ld6li-4df13fa-13al-13la4ee6ah -7.14053923831 -0.148846269706 3.5842
12lh13dl-4ld12fh-12ll-12ff-6ia13fa -7.18571013551 0.0552391092327 3.4408
13aa6if12aa13hi13eh-13ff-6ah6ee -6.74352514781 -0.17687399508 3.3528
13ah12al13el6la6dd-4ai-13ah-4fd- -6.98869971638 -0.852804770125 3.3731
13al12la-6fe-4ff4dh-6af-4ei-13fe- -7.94790099739 0.143948220611 4.1982
13di4ed4ii-12dh12hf-12if12af-4ie- -7.58462902288 -0.386401650791 3.7380
13dl13da-4df6eh13df12fl-13el-13de- -7.69320244447 -0.519465317859 3.4973
13ee6ee-13he12lf-12hf-6hf-13da6al- -7.17183232974 -0.468580030043 3.1017
13eh12ha13id-12hf-6il6ie-12ha-13he- -7.06598004653 -0.0952398435047 3.4627
13fa12fa6hi-12ae-13hi-4fh12hl-4fe- -6.73508961882 0.260957171203 3.2878
13fe4ai4fl12ah6ha13ih-13df-4fl- -7.00094483911 0.10585228321 3.4190
13ha13dd6ea-12hf-4ff-12fd13ei-6ii -7.60884715451 -0.6269502841 3.3279
13he4ia4fi13de12lh-13ha13ai6fa- -7.12666143254 0.382047829373 3.6381
13hl4ee-12el-4hf12al6ah-13aa12le -6.92312028128 -0.157826026379 3.4754
13ie13ai-13di-13ei-6la-12ae-4fd-4ei- -7.19686680289 -0.307488637601 3.6669
13ie13ha6de12dh4ie-4fa12hi13he -7.37646193636 -0.72681606286 3.2945
13if4ah-12al-13ef6fl-4ia-6ha-6hf- -7.314692095 0.0827226069298 3.4998
13ih12eh-13el-12ld-6ia-6hh-12he-12ah- -7.09863370716 -0.21143245258 3.2722
13ii6fa-13ia-12fh-12fl-6ea-4ei-6lf- -6.77645092228 0.0751034194494 3.3207
13il12ia6ia-4df6fi-6hh-4ii13ef- -7.64667097807 -0.46721946085 3.7975
13le13al4fa13fe12id-4df-6ih13lh- -7.20530233189 -0.312930914373 3.7604
13lf12ai-13hi-4aa6af-13fe-12lh6ii -7.1574102963 0.236739039569 3.7551
13li4lf13el-4fa6hl12ah13hd13df- -7.30353542762 0.0963282988591 3.6124
13ll4ah-12le4di4aa12ea-4dd-4if -7.49292665927 -0.883009406208 3.7090
13ll6ea13ha-13el-12ef-13ae-6hi4hl -6.88665702691 0.384768967759 3.4516
4aa6ld-6di6ia13ld12ie-13hd-12he -7.21754745463 -0.578514020832 3.4780
4ad12lf-13dh6fl-6hl-4hf-4ii6fd- -7.63796333524 -0.371435389668 3.4779
4af12eh13la6fh6ee4ai-6ah6dd -7.04040134571 -0.581507273056 3.6056
4af6el-6he12hi12ae13ea6da-6ld- -7.21128883634 -0.342591322778 3.4982
4dd4dd13fe13ef4di-4ah13da12ef -8.06001189889 -1.191858613 3.4304
4df12he4dd4eh-4eh-12hf-6hi6hh -7.66680740213 -0.64218865906 3.7992
4ed6ld-13ff-13fe6ie6ee4fe6lf- -7.67850829719 -0.319461646499 3.6134
4ei12lh4fh-13ia4ed-13le13dh-4fa -7.28448745892 -0.434293686382 3.3914
4fd4af4da6ei-13hl13ef13ia-6li- -7.30081428923 -0.0737428502565 3.9452
4fh4ie-13lh-6df-4ha13ae-12he6fd- -7.64286138433 -0.330074086203 3.6592
4he4hf6ih12fe-13hl6fl-4di12lf -7.17809094803 0.133880008584 3.5460
4hh12hl-6ld4fh4af6eh-12ih-12ha- -7.25183379829 -0.0598650444887 3.7556
4hi6aa13df-6ii-13dd6ha12if-4ae- -8.12150962641 -0.394565065948 3.8068
4id12fh12hh13hd-12ld-4af-13ae13il- -7.00529866053 -0.323815467916 3.0504
4id13hf-6fl-4hh-4dh13fe-12dh-13la- -7.23196948807 -0.0212248794096 3.5030
4if12hf6ai-13fe-4hi12al6ai13lf- -7.25455493667 0.296331970219 3.7042
4ii12aa12af12ed13la-6al6de-12fd -7.37918307475 -0.677019230399 3.3287
4ii12ea-6ed-12eh4ai-13ef6eh-6ie- -7.63823544908 -0.663141424631 3.5620
4le6fi4hf6he-13hl-6ee-12ai-4fe- -7.13672964457 0.0794572408668 3.5063
4lf13ea13hf13hl-4fd13fl-13ld-4hd -6.52855521533 -0.19619407762 3.3834
4lf13lf-13eh-12aa-4eh-12ah-4ie-4hf- -6.86624848901 0.275107090809 3.5036
4lf6aa-12lh12af-6fd4ih12hl6ei -7.46408259238 -0.0748313056109 3.6104
4ll12he6ei-12aa13le-13ha-6aa-6al- -6.93727020088 0.046531466398 3.4101
4ll12lf-12ae4dd-12fe-12hf-4ai13ii- -7.35686973998 -0.666134676856 3.0952
6aa13ld13dl-6fe-6ea4ad4hh13ih -7.47796039815 -0.326536606302 3.9784
6af4fl12ff-13ee13fd-4ia12ai-12eh- -7.56340414347 0.113199356851 3.7846
6ah13eh-6fa-13df12hl-6af12di-13he- -7.45047690045 -0.388034333822 3.3925
6da12dh-12dh-6af4fi-4he-4fe12ae -7.89293400199 -0.730353542762 3.4989
6dd12el-4ae13lf-12ef-12il12ld-13fe- -7.2836711174 -0.909948676228 3.2757
6dd4ha6he-13hi12ld6ad6ll12fe -7.47306234906 -0.752122649849 3.4066
6df12ee12ae13ai-6hf4he-4he-4dd- -7.30924981823 -0.3385096152 3.4457
6df13ie13ff-6da4fd12hf4ef6de- -7.78680960495 -0.804096393018 3.4742
6df6ia-12el-6ie12al-12fa-13id13li -6.98652280567 -0.557289141422 3.1990
6dh6af12fd4df12il-12dh-4ha-13fh- -7.25618761971 -0.85579802235 3.4433
6dl6ad-12da12ae-6ae-6ii13ad12ef- -7.98436425176 -0.902329488748 3.8270
6ea13ee12lf-4ef-6lh-13dh6ll-13il- -7.36584949665 0.0342863436617 3.6058
6ed6lf4ee13ee-6ff-13el-13li-4ai -7.30217485843 -0.500689462996 3.5678
6ee6fh12da-13id4fa13de-6lh13aa -7.69701203821 -0.699332565163 3.5100
6eh6da12eh12fe4fh12ei13ae12hi- -6.72883100053 -0.387490106145 3.1458
6el6eh6ea-13fh4ff4ii-12de6fa -7.64667097807 -0.0906139082488 3.9785
6fa12fe-13ef4fi-13el4fe13fe6il- -7.25618761971 0.178506678112 3.5487
6fa6la-12hi12ae-4fi13ll-4di-4ai -7.34244770654 0.228303510573 3.7122
6fd6ed13ei-12ai6ed12fd12ah4ld -7.72803301581 -0.714026712447 3.3680
6ha12fl13eh13fd-6ee-12fd-6lf6ef- -7.16149200388 -0.610351339946 3.2647
6hf12ie-13hh6li-12hh-12ia-4fa-13ea- -6.99223719628 0.383136284728 3.5367
6hh6aa-12fi13fa13ed13lh-6dd12da -7.20312542118 -1.24356024233 3.1903
6hh6hf-13df4fd-13hi-4ha-4ef- -7.57265601398 -0.0821783792526 3.5714
6hl13la6ea-6ia4dd-4aa4af4ae- -7.6580997593 -0.673481750498 3.7654
6ia6df6di-4ae13ia13ai13ei-12ie- -7.20938403947 -0.450892630535 3.6902
6ii13fd6fd-6hf-4af4he-12hf-6fi- -7.75878187957 -0.649263618864 3.5780
6la6fi-4de12ld-13la12ah12il13ee -7.24040501707 -0.455246451953 3.2400
6li4ff-13fl-13hh-6ff-6ia12de13hf- -7.26271835183 -0.231296762797 3.5300
6ll13fh-6ea-6hl-13fh-4da-13fh6ed- -7.12257972496 -0.565724670418 3.1884
