12ad12il4aa-4ia- -5.35520034335 -1.68356831932 3.3830
12ad13ei-4da-13hh -5.04825593343 -1.73227669643 2.9389
12ad13fi13ih-6ei -4.74212786502 -1.43295147399 2.9263
12ad4if-4if-12ee- -5.42731051058 -1.59812457401 3.4298
12ad6el-13ll12ai- -4.76308063059 -1.8963613411 2.6729
12ad6id-13li6hh- -5.1157401654 -2.05990175809 2.7372
12ae13ld-6ae-12dh -5.43683449493 -2.22180949205 2.9143
12ae4ad-12eh12fi -4.64416688313 -1.94833508427 2.4758
12ae4ee6eh-6fa- -5.61370849001 -1.89799402413 3.2673
12ae6fi12da-12da -5.79384785115 -2.32738966142 3.1274
12af12ad-13ld-12ad- -5.42594994138 -2.24629973752 2.9358
12af12id-13fe4fd- -5.1609110626 -1.76220921868 3.0671
12af6ea13da4ff -5.26322586591 -1.84683662248 3.1096
12ah12he-6ah13aa -4.48470817372 -1.37716813708 2.8328
12ah12hl12if-12fi- -4.1693282348 -0.747224600754 3.1541
12ai4af-6dh-6ah- -5.51465905276 -1.43812163692 3.6495
12al13fa-13da-4de -4.6411736309 -2.11867834722 2.1861
12al6lh-6ef13ea- -4.76716233817 -1.38750846294 2.9572
12da12al4lh-4ed -5.25016440166 -1.95160045033 2.8403
12da4he-4ah4af -5.45615457747 -1.44247545834 3.5523
12de12hh-13aa13id -4.9726082863 -1.63377148686 3.0741
12de13hf6lf4lf- -4.88879722402 -1.6079206722 2.9977
12de6hh4dl-4ed -5.32417936575 -2.14915509714 2.7422
12df4ei4if-13al -4.82348990276 -1.55159310761 2.9086
12df4ii-12id-4da -6.09671055349 -2.13065135612 3.5318
12dh12dl12if-4hi -4.88689242715 -1.74288913614 2.7881
12di13af-13ei-13fd- -4.85723201874 -1.48329253413 3.0839
12di13fa13lh13eh- -4.34674645756 -1.03512104198 3.0045
12di6ia-12df-6hf -5.39819432985 -2.35732218366 2.6616
12dl12ai-6fa-12lf -4.92498836455 -1.57036896247 3.0796
12dl12dl-4af-13hh -4.55872313781 -1.86153076976 2.4232
12dl12hf-13hi-13fl- -4.16769555177 -0.908860220874 2.9723
12dl6le-12ee13ad- -5.49506685638 -2.05582005051 3.0813
12ea12hi13al-12la -4.27109881043 -0.927908189575 3.1197
12ea12lf4ea-4af -5.00226869471 -1.58560733743 3.1002
12ea4ai-4ea-4ad -5.65996784257 -1.64193490202 3.6466
12ed4ha-6ai-4ii -5.72473093615 -1.71921523218 3.4978
12ed4hh13ll4hf -4.71110688742 -1.57363432854 2.8131
12ee13dh12il6if -4.98594186439 -1.68220775013 2.9917
12ee4hf-4fa13he- -4.7913804698 -1.15621170015 3.1976
12ee4ih4ef-6fl- -5.48581498587 -1.46397245159 3.4978
12ee6eh13ih12lf -4.3350455625 -1.44628505208 2.6070
12ef13al-4if6ff -4.96444487114 -1.15621170015 3.4174
12ef6hh-13ea-13ha- -4.37205304454 -1.32192902785 2.7173
12ef6la4if-12fe- -5.08090959406 -1.45308789804 3.2730
12eh12fh-4hf12ll -4.31871873218 -0.947500385953 3.0786
12eh13le13fh12hf- -3.99000521517 -0.705046955774 2.9949
12eh6fh13hf-13hf- -4.01667237135 -0.992399169319 2.7943
12ei6ef13ea-4ee -5.25587879227 -1.73663051785 3.1203
12el12ii13df-13ae- -4.97424096933 -1.3681883804 3.2762
12el6if4lf-12fd -4.01667237135 -0.992399169319 2.7942
12fa12ae4ah-4dh- -5.00852731299 -1.48410887564 3.2231
12fa12ld12ee4fh- -4.99709853177 -1.82833288145 2.8403
12fa13fi-12ed-13di- -4.94131519486 -1.88193930765 2.7292
12fa13id13he-13fi- -4.39300581011 -0.969269493039 3.1143
12fd12eh-6ai4aa -5.30241025867 -2.09391598791 2.9599
12fd12hh13aa-6ih- -4.77450941181 -1.51240871485 3.0188
12fd4ll-12le6ef -4.59437005067 -1.06695836109 3.1797
12fe13di6id12ae -5.61806231142 -2.23976900539 3.0069
12fe4hh6il13df -4.96471698498 -1.47376854978 2.9803
12ff6dh6lf-4hd- -5.65126019973 -1.839217435 3.3690
12fh12fe4id-4de -5.12608049126 -2.20548266173 2.5957
12fh12he4ha-12he -4.3766789798 -1.07158429635 2.9524
12fh4ef13if6da- -4.9034913713 -1.77037263383 2.7539
12fh6fh4ef-12ie -5.02158877725 -1.34941252554 3.2289
12fi12ii-12ae-12ai- -4.71219534277 -1.22369593212 3.2300
12fl13ea4af-13le- -4.65205818445 -1.04491714017 3.3126
12fl6aa-4ef13il- -4.91736917707 -1.59458709411 3.0445
12hd13id-12id-12ed -5.75711248294 -2.59787081697 2.8336
12hd4hl-4de-12af -5.14648902916 -1.90779012232 2.9157
12hd6ae13he13hi -4.42865272297 -1.7080585648 2.5218
12he12ie13dl-6ld- -5.16716968089 -1.92792654637 2.9327
12he4hd-13dd-12ld -5.71765597635 -2.31160705878 3.0470
12hf4hh-6dd13hh -4.91682494939 -2.29174274856 2.1609
12hh12aa4li6he -4.5720567159 -0.994848193866 3.2938
12hh12ed13hh-12ef -4.49287158888 -1.48438098948 2.7601
12hh13ae13al-6ll- -4.14402164781 -0.894982415106 3.0007
12hh4ef-13fa-13il- -4.2003492124 -0.78640899351 3.1370
12hh4lh13ed13ll- -4.70702517984 -1.18070194562 3.2103
12hh6aa4ia-4ll- -5.21125212274 -1.95785906862 2.7831
12hi12df-4di-13ld- -5.45098441453 -2.08901793882 3.0175
12hl13ed-4ff-6da- -5.16853025008 -1.83649629661 2.9624
12hl13hi-4hi4ll -4.92444413687 -1.02940665137 3.5431
12hl4ed12hi-13aa- -4.66756867325 -1.7390795424 2.5701
12ia12hf4hd4lf -4.07817009887 -0.330618313881 3.3697
12ia13di-6el4li- -4.7271616039 -1.41880155438 2.9881
12ia13di12id-4hi- -5.26050472752 -1.50152416131 3.3061
12ia13fl6le12ih -4.56688655297 -1.19022592997 3.1368
12id12ai4da4ae -5.65996784257 -2.08656891427 3.2329
12id13ei6de4df -5.66894759924 -2.55950276573 2.7115
12ie6fd6eh-6ah- -5.483910189 -2.09718135397 2.9479
12if4ia-4hd4eh -5.39656164682 -1.29145227792 3.6357
12if6el-12il4fl -4.82838795185 -1.2503630883 3.1970
12ih13ai-12hh-12ih- -4.03490399854 -0.432116775673 3.3009
12ih13la-12fa-13ha -3.6544888522 -0.49034913713 2.9637
12ih6ia-12ia-4he -4.77559786717 -1.25009097446 3.1879
12il12li4ii6hd -4.49504849958 -1.37036529111 2.7897
12il13dd-4dd-12fi- -5.7152069518 -2.50371942882 2.8020
12il13il-6fh13el -4.57178460207 -1.2193421107 3.0122
12la12ad-4ea-12ld -5.42050766461 -1.94915142578 3.1395
12la6df13fd4hi- -5.36037050628 -1.82969345064 3.1602
12le13ia12eh-4il- -4.54756647043 -1.20872967099 3.0624
12le4he13hf-13ai- -4.4006249976 -1.10886389223 2.9987
12lf12id4ea-6id -5.70350605674 -2.09119484953 3.1760
12lf13dh13lh12ae- -5.10267870114 -1.0691352718 3.6152
12lf6eh-12hi-13id- -4.94376421941 -1.41771309903 3.1755
12ll4df-13dl6el -5.3717992875 -1.85363946844 3.1731
12ll6ea13ii-13dh- -4.73995095431 -1.39703244729 3.0585
13aa6af13hi-12ea- -4.71818184722 -1.19376340987 3.2025
13ad12hh12ih12ea -4.60008444128 -1.3039695145 2.9947
13ae12il6ed13lh- -4.3872914195 -1.20247105271 2.9070
13ae13fi-12ia6fl -4.69205891872 -1.40220261023 2.9486
13ah4lh12fd-4fe- -4.51436858212 -1.72901133037 2.4907
13ah6hf6hh6he- -4.7032155861 -1.45853017482 2.8363
13ai12hf-4fe6ai- -4.5184502897 -1.3004320346 2.9271
13al12ea-13el6li -4.41695182791 -1.09933990788 3.0319
13al13de-12af-6af- -4.91682494939 -1.62914555161 2.9940
13al13dl-6fa6ee -5.15329187512 -1.72547385047 3.0780
13al13hi-12hh-13li- -3.73149706851 -0.232385218152 3.1955
13al4ei6eh13al -4.80036022648 -0.98641266487 3.3790
13al6ah-4af-13la -4.36089637716 -0.86341720983 3.1880
13al6ee-13ha12ee -4.46511597734 -1.61009758291 2.4272
13da12ai4ah-4ll- -4.88471551644 -1.94452549053 2.5680
13da12ha12fa-13ie- -4.56824712216 -1.30015992076 3.0445
13da13da6he13dd -5.98949770109 -2.49610024134 3.1354
13da4ei12ad13lf- -5.28417863148 -1.80901279891 3.1574
13dd4ll4ee13ae- -5.01260902057 -1.14750405731 3.5083
13dd6eh13el6ii- -5.39873855752 -2.15078778018 2.9190
13dd6ii6ee6if- -6.1334459217 -2.0726911085 3.5961
13de13dd13ha-4fi -5.17587732372 -1.62506384403 3.1479
13de13if-4de-4ef -5.50268604386 -2.25555160803 2.7788
13de13lf4dh-6af -5.31764863363 -1.78343409809 3.1683
13de4al-12il-12il -5.11301902701 -1.54723928619 3.1984
13df12da13aa13ff -4.84090518843 -1.69472498671 2.8293
13df13aa12dd-13li -5.40009912672 -2.02860866665 3.0718
13df4ie-4fh13af- -4.97151983095 -1.33308569523 3.2356
13dh12ha6hi6ei -4.77042770423 -1.34533081796 3.0976
13dh6ie-13al-4fd -4.97478519701 -1.63948587747 3.0334
13di13ae12il6hi- -4.95219974841 -1.39512765042 3.2049
13dl12da13hh13di- -4.94893438234 -1.72955555805 2.9090
13dl13eh12hd4af -4.853422425 -1.82343483236 2.7029
13dl13fl-12ia-12hh -4.45259874076 -0.852260542448 3.3067
13dl4ae6id-13il -5.49561108406 -1.59077750037 3.4609
13dl6ld13ah13ii -4.65042550142 -1.65907807385 2.7814
13ea13af4ef-4ff- -4.81695917063 -1.15621170015 3.2953
13ea13lh-4al4dl -4.73913461279 -0.894438187429 3.3559
13ea4ll4hh-6hh -5.44554213776 -1.88983060897 3.1669
13ed12fd4ll4fi- -4.63681980949 -1.1847836532 3.1140
13ed6ll-6ed12fe- -5.64037564619 -2.22072103669 3.0303
13ee12ld-12ea6ld- -5.39792221601 -2.3350088489 2.7384
13ee13de-4la6hi -5.10757675024 -1.66479246446 3.0533
13ee4ad-4ea-12he- -5.34404367597 -1.76193710484 3.1837
13ee4eh12de-12fh- -5.25723936146 -1.93881109992 2.9738
13ef13le12ae4la- -4.90267502978 -0.985868437193 3.5181
13ef4ed-6if-6di -5.7258193915 -2.28330721957 2.9310
13ef4fd13li-4id- -5.40118758207 -1.3681883804 3.5523
13ef4hf4af-4ll -5.17506098221 -1.73173246875 3.0766
13ei13ei-12lh4ii -4.58185281409 -1.33226935371 2.9333
13ei4dd6ie13ie -5.52962531388 -2.57855073443 2.5632
13el13id6eh4df- -5.29234204664 -1.84384337025 3.0787
13el4dh13fa4al -4.80063234032 -1.20355950806 3.2405
13el4ha-6ff-6ii -5.268123915 -1.28383309044 3.5288
13el6ll6fi-12id -4.61369013321 -0.813076149692 3.4039
13fa12ih-12id-13ih- -4.58022013106 -1.06423722271 3.1274
13fa13fa4lf13hi- -4.11844294698 -0.86151241296 3.0070
13fa13id6fl12dh -5.15628512735 -2.10126306155 2.7695
13fa4la-6fe-4aa- -5.16172740412 -1.47948294039 3.3677
13fa6af-13di4ff- -5.05805203162 -1.6030226231 3.1452
13fd13hf-6fe-6hd- -5.2920699328 -2.16384924443 2.8034
13fd13il-6ld4ef- -4.37450206909 -1.20791332948 2.8955
13fe13fd4eh-13il -4.97179194478 -1.37281431566 3.1741
13ff4fd-12fi13de- -5.06022894233 -2.01473086088 2.7763
13fi13ad4dd12ii- -5.35520034335 -2.5352846341 2.4343
13fi13ee4hl-12ii- -4.77097193191 -0.988861689418 3.3533
13fi13he13ie-12el- -4.45314296844 -1.2109065817 2.9089
13fi13hf6ae-4el- -5.26050472752 -1.76982840616 3.1812
13fi6el13ef4al- -4.69559639862 -1.37607968172 3.0221
13ha12fl13af13dd- -4.77995168858 -1.55621904287 2.9643
13ha13fd6eh-12ad- -4.80498616173 -2.07894972679 2.4695
13hd12ff13dh-4if -4.85614356339 -1.63431571454 2.9599
13hd13da-12li-6ld -5.34322733445 -1.960580207 3.0366
13hd6el-4df12ee -5.46431799262 -2.02398273139 3.1090
13he12eh6ll-4ei- -4.55192029185 -1.32356171088 2.9151
13he12hl-4af-12da -4.61777184079 -1.67268376578 2.6984
13he12ii-4fl-12df- -4.67654842992 -1.77254954454 2.6123
13he4la4fh12fh -4.51055898838 -1.25417268204 2.8635
13he6ai12lh-6fe -4.99029568581 -1.60329473694 3.0501
13he6ff-13dl6ia- -5.17043504695 -1.87051052643 2.9768
13hf4de-6af6ha- -5.18948301565 -2.12357639632 2.6281
13hf6ff12de-4ia -5.26785180117 -1.91105548838 3.0232
13hf6fh6ef12fa- -4.844986896 -1.23349203031 3.1677
13hh12al-13ea12le -4.09150367696 -0.800558913117 3.0182
13hh12el4de4hh- -4.62130932069 -1.70941913399 2.4623
13hi12ff-13le4lf -4.42838060913 -0.849267290224 3.2149
13hi6aa-6ff-4al- -4.9726082863 -1.61336294897 3.0331
13hi6ef-12dh-12fe- -4.8428099853 -1.73037189956 2.7893
13hl12ia-13hl-13ae -4.12442945143 -0.660964513923 3.1959
13hl6ff-6ld4ie -5.23819139276 -1.60111782623 3.2194
13hl6ii4ee12he- -4.88036169502 -1.39539976426 3.1048
13ia12hd6hi4ie- -4.45967370057 -0.995120307705 3.1457
13id12ef6fe-12hh- -5.06648756061 -1.7842504396 2.9629
13ie6if-4dd4il -5.55085019329 -2.3850777952 2.7591
13if13df-6he13ei -4.83029274872 -1.73091612724 2.7858
13if6af-13ei-4el- -4.80797941396 -1.30777910824 3.1396
13ih12ih12eh-13lh -3.82102252141 -0.784776310479 2.7525
13ih4ff-12fe4id- -4.47355150634 -1.59649189098 2.5772
13ih4fl6ee4hh- -4.93015852748 -1.55050465226 3.0197
13ii4hh13il12ii- -4.35545410039 -0.550486295457 3.4044
13ii6de6lh-13ea- -4.95573722831 -2.0620786688 2.4209
13il13dd-13ad-13le- -5.29370261583 -1.62914555161 3.2905
13il4de12ea13lf -4.80933998315 -1.91840256202 2.5368
13la12ff-6ai4li- -5.48717555506 -2.11405241197 2.9754
13la4ed-6ea-4df -4.48824565362 -1.49608188454 2.5304
13ld6hi-4eh13ll- -5.03029642008 -1.29526187166 3.3278
13le12ae4ai4lf- -4.50947053303 -1.15076942338 3.1054
13le6fe6dd6lf- -5.81616118591 -2.44113324595 2.8766
13lf6dd-6ah-6il -5.62785840961 -2.52848178813 2.6793
13lf6hi6hh-4hh- -4.85940892945 -1.34968463938 3.2179
13lf6lf6ea-13ah- -4.6580446889 -1.3004320346 2.9763
13lh12al-4ff-13fe- -4.14429376165 -0.719468989219 3.1215
13lh12fe4ha6ld- -4.33477344866 -1.60030148472 2.4293
13lh13ia-6la6ll -4.28769775458 -1.15784438318 2.8404
13lh4hh-12hi4df- -4.52552524951 -1.09607454182 2.9217
13lh6dl-13if-12ia -4.58647874935 -1.33308569523 2.9280
13lh6ee12ll12fe- -4.34402531917 -1.31730309259 2.6530
13li13dh-12lh13di -4.80661884476 -0.958384939496 3.4330
13li4fl-6if-12ll- -4.67083403931 -1.54669505852 2.7038
13li6dl-12da-4ae -5.45098441453 -2.12929078693 3.0221
13ll12fd13li-12di- -4.79763908809 -1.92357272496 2.6202
13ll12fi-13ae-13ld -4.39327792395 -0.977432908197 3.1062
13ll6de4lf-6li- -5.24281732802 -1.89826613797 2.8323
4aa12dl13il-12id- -5.13560447561 -1.89935459332 2.8920
4aa12fa6ii6ei- -5.11519593772 -1.50097993363 3.2982
4aa12ha4dh-4ee -5.02131666341 -1.72248059824 2.9650
4aa12if6ad-13he- -5.01288113441 -1.7877879195 2.7700
4aa4aa-12al-4il -4.94077096719 -1.22070267989 3.4158
4ae6hf13fe-12ei- -4.64933704606 -1.33716740281 2.9626
4af12ea-12ah-6fl -4.76770656585 -1.48546944484 2.9489
4af13al-6if-6hl- -4.6531466398 -1.20764121564 3.0786
4ah12ee4ii-13hd- -5.12852951581 -1.40546797629 3.2685
4ah12ha6ih-12ah -4.58811143238 -1.21825365534 3.0237
4ai12ll6hi-6al- -4.98430918136 -1.32900398765 3.2832
4ai13ah13eh-13id -4.46076215592 -1.04491714017 3.0699
4ai13eh-4il-12ff -4.65287452596 -0.78450419664 3.4280
4ai6fi-13ei13ie- -4.98213227065 -1.20464796342 3.3886
4da4dd4de-4fd- -6.85917352921 -2.91597189428 3.5183
4da4eh-4ia-4dd- -5.71357426877 -2.54181536622 2.8209
4da4ih-12di-13ad- -5.64853906135 -2.04820086303 3.2263
4dd13da-6ha12ea -5.63711028013 -2.75079879425 2.4876
4de4df-13ee-4fi- -5.32064188585 -2.15568582927 2.8092
4df13le-4he6ia- -5.29343050199 -1.32682707694 3.5626
4dh4ai12fa6le -5.18404073888 -1.57662758076 3.2549
4di6ae-13hh13li -4.46919768492 -1.35104520857 2.7854
4dl12aa6li-6de -5.72473093615 -2.33419250738 2.9761
4ea13dd-6aa-13fh- -5.30295448634 -1.78642735031 3.2141
4ea13ff12ih-12lh- -4.25722100466 -0.98641266487 3.0070
4ea13li6fl13lf- -4.69641274014 -1.3004320346 3.0800
4ea4ed-13ai-13de -5.46159685424 -2.31868201858 2.7532
4ea4ih-12ee-12al -4.88389917492 -1.44193123066 3.1065
4ea6di-13he-6ef -5.36418010002 -1.81309450649 3.1241
4ed12ee-6ih-6il -5.52118978489 -2.2384084362 2.8859
4ed13dl-13li-4ll -4.86267429551 -2.20276152334 2.3107
4ed13ie-13ai-13ai -4.47817744159 -2.07704492992 2.0580
4ee13ih13ad12fh- -4.50076289019 -1.61553985968 2.4703
4ee4af6li-12le- -5.40853465571 -1.4887348109 3.5305
4ef13li4la-12ih -4.56824712216 -1.01661730095 3.2578
4eh4fi-13he13ii -4.61042476714 -0.813620377369 3.3976
4eh4la-13da13hd- -5.29043724977 -1.54451814781 3.2793
4eh6ei-4ee4ea -5.29125359128 -1.59431498027 3.3207
4eh6lf-6al6df -5.35873782325 -1.93989955527 3.0080
4ei12ef-13la-13ee- -4.62185354836 -1.55485847367 2.7441
4ei12fh13ee12hi -4.56661443913 -1.23648528253 3.0207
4ei4ad-6af-6ff- -5.71439061028 -2.13446094986 3.1688
4ei4ih12hh-12ie- -4.57858744803 -0.785320538156 3.4047
4ei6if6ee-4fe- -5.82459671491 -1.78615523647 3.4857
4el12lh6ff-4ld -4.93587291809 -1.59839668785 3.0074
4el13af-4ae6dd- -5.17587732372 -2.66072911368 2.1300
4fa13ee-13de-12hh- -4.82212933356 -1.30696276672 3.1391
4fd12ei6ff6ii- -5.48690344123 -2.12221582712 2.9710
4fd12id-13lh-4lf- -4.73450867754 -1.95541004407 2.4454
4fd4ih12ei-13il- -4.82621104114 -1.34315390726 3.1078
4fd6ee-6hl4il -5.05641934858 -1.98017240338 2.5376
4fd6hl12il6lh- -4.77287672878 -1.3314530122 3.0198
4fe12ll13if-6aa -4.69886176468 -1.40846122852 2.9513
4fe4ia13ef-4hd- -5.23138854679 -1.39812090265 3.4377
4fi13da6ea-4eh -5.47874002607 -1.76384190171 3.2840
4fi6aa-12df6li -5.59438840747 -1.94017166911 3.2836
4fi6al-4ll13dl -5.32690050414 -1.34886829787 3.5739
4fl12ia-6ld-4eh- -5.19927911384 -1.45553692259 3.3217
4fl13el-12ha-13fa- -4.05340773956 -0.889540138334 2.8647
4fl13hh-6fa-4df- -4.85587144955 -1.62315904716 2.8945
4fl6hi-6dh-6ia -5.5064956376 -1.42533228651 3.5697
4ha12hl6hl12df -4.74784225563 -1.63622051141 2.8031
4ha6ld6ia12fl- -5.50078124699 -1.77499856909 3.3440
4hd13ai-12li-6lf -4.54321264901 -1.25689382042 2.9405
4he12al12de-4ah- -4.95791413902 -1.69499710055 2.9232
4he12ff6he4fi- -4.85668779106 -1.2813840659 3.1838
4he13li-13ii-12li- -4.4147749172 -0.749673625301 3.2479
4he4da13li12el- -5.05451455171 -1.61200237978 3.1073
4he4ih-4ad-6hl- -5.19710220313 -1.51649042243 3.0896
4hf4ei4ha-6ie -5.05914048697 -1.02015478085 3.5694
4hh12fh13dd-6if -4.9655333265 -1.68955482377 2.8658
4hh12il-13ai13hl -4.19790018785 -0.668311587565 3.1577
4hh6ee-4he6ld -4.87900112583 -1.76493035706 2.5124
4hh6hl12fa6ia -4.67818111295 -1.16900105056 3.1270
4hi12ah-4hi-6di -4.77206038726 -1.54723928619 2.7939
4hi13hf-6da12li -4.86702811693 -1.44111488915 3.0900
4hl6id12fi-6da- -5.3005054618 -2.00738378724 2.8873
4ia13di-4ha13dl -5.40962311107 -1.44682927976 3.5146
4ia13ee-6fd-12hh -5.16662545321 -1.65336368324 3.1985
4ia13hf-12ha6la -4.27273149346 -1.15566747247 2.8323
4ia13li-4di-12if- -5.04281365666 -1.49036749393 3.1462
4ia6ad-13af-6ah- -5.21478960264 -1.85363946844 3.0595
4id13fl-13de-13ae -4.99818698713 -2.04656818 2.5815
4ie12df-4ii-4dh- -5.60010279808 -1.66479246446 3.5072
4ie12ef-6ih4la -5.07846056951 -1.42723708338 3.2415
4ie13fh6ae-13hl -4.57287305742 -1.39077382901 2.8587
4ie6fd-6hd-13fh- -5.14267943542 -1.90996703303 2.9152
4if12fh13fa12fl -3.98837253214 -0.679196141108 3.0801
4ih12ef-6ee12if -4.9535603176 -1.89064695049 2.6038
4ih12hd-12lh-4if -4.77505363949 -1.60465530614 2.8199
4ih4fa4al-6eh- -5.08390284628 -1.03321624511 3.5647
4ih4ih12ef-6ie -5.0727461789 -1.44737350743 3.2104
4ii4de6dh-13ea- -5.61996710829 -2.01146549482 3.1593
4ii4fl12da-6ei- -5.68799556794 -1.78316198425 3.4618
4ii4ha-12hf-13ff- -4.24470376809 -0.632120447033 3.3412
4ii4il12ha12eh -4.6496091599 -1.1643751153 3.2183
4il12di6he-6hd -5.56010206381 -1.96955996368 3.1467
4il12ih-12ah13la- -3.98565139375 -0.816885743432 2.8527
4la13af-4ed13fi -4.77151615959 -1.84520393944 2.5141
4la6ie-6ld-12af- -5.63683816629 -1.75703905574 3.5780
4ld12ee12da6al- -5.60173548111 -2.21609510144 3.0328
4ld13fd-12fl13eh -4.65532355051 -1.65989441537 2.6570
4ld13if13al-13al- -4.05912213017 -1.40193049639 2.3283
4le13fl-13dd13fd- -5.38159538569 -1.69145962064 3.3127
4le13ie12ha6lh -4.33803881472 -1.14097332519 2.8405
4le6le-13di-13al- -4.94811804083 -1.5684641656 3.0319
4lh12ee-6hd-13ai -5.01451381744 -1.81663198639 2.8146
4li12ll12fl13ia -4.42892483681 -0.894982415106 3.2378
4li4dd-13hi-12ed- -5.44527002392 -2.43079292008 2.5882
4li6dd-4hi-6le- -5.62649784042 -2.47514747577 2.5137
6aa12le-4ef12af- -5.17751000676 -1.56220554732 3.2819
6aa4dd13aa12hf -4.90403559898 -2.27949762583 2.3744
6aa6fh-13ah12fe- -4.2264721409 -1.52873554517 2.5075
6ad12af6fa4ha -5.32118611353 -2.2419459161 2.7643
6ad12fl-13ai-6hl -4.75518932927 -1.91323239909 2.5007
6af13hi-12ah12fd -4.55681834094 -1.2539005682 2.9986
6af4dd13la-12ha- -4.86838868612 -2.16548192746 2.4081
6ah6ed12ha13fh- -4.70375981378 -1.76248133251 2.5053
6ai4ad6hd-6fh -5.22540204235 -2.16276078907 2.6906
6ai6dh-13di6fi- -5.77997004538 -2.02017313765 3.3252
6al12ie-12hf4aa -4.5388588276 -1.19321918219 3.0151
6al13ff-6af-12hl -4.59409793683 -1.19811723129 3.1132
6dd6di-13af12fh- -4.85097340045 -2.7497103389 1.7906
6df12de13hf6af- -5.18186382817 -2.28657258563 2.5365
6df13dh6ha4fi -5.19791854465 -1.98915216006 2.8350
6df6hd6fl4fh- -4.95818625286 -2.41310552057 2.1963
6dh12fi-12ea6fe- -5.37343197054 -1.90833435 3.0870
6dh13ia-13fl13ae -4.53123964012 -1.36410667283 2.7672
6dh4ia13lh-13fe- -4.46702077421 -1.18968170229 2.9391
6dh4ii-6ll6ad -5.98677656271 -1.89472865807 3.6611
6dh6af12di6dd- -6.34460626045 -3.05420572428 2.9020
6dh6al-12ef12dh -5.26540277662 -2.07677281608 2.8654
6di12he6ah13li -4.81913608134 -1.63622051141 2.8664
6di13dd-12il-4he -5.34050619607 -2.17827127787 2.7830
6di13fh-12eh6aa- -4.99682641793 -1.75050832362 2.9566
6di6hi6dl-6hd -5.89316940223 -2.21609510144 3.1956
6dl12ae13ea-6hh- -4.85913681561 -1.75758328342 2.7628
6dl4da-4ah-13fl -4.92117877081 -1.78180141505 2.8249
6dl6aa-13ai6ii -5.1573735827 -1.77146108919 3.0982
6ea13ae13de4fl- -5.18866667414 -1.47131952523 3.2745
6ea13eh13aa-4ea- -4.53668191689 -1.41553618832 2.7895
6ed12id12ai-6fh- -5.28962090825 -2.41773145583 2.5041
6ed13ie-13dd-6ie- -5.92772785973 -2.56684983937 2.9047
6ee4fe-12dd13dh- -5.68826768178 -2.46888885748 2.8472
6ee4ih13fa-4ld- -4.84417055449 -1.69336441751 2.7354
6ef13al4fi-6fe- -5.04934438878 -1.36492301434 3.2732
6ef6dl13hl13de- -5.17968691746 -1.97717915116 2.9258
6ef6ef-12ai-12ea- -5.51057734518 -1.73282092411 3.3715
6ef6eh-4fd13id- -5.83303224391 -1.99323386763 3.3678
6eh12hh-13eh-6el -4.52634159102 -1.28628211499 2.8666
6eh6dh-4ia-6ae -5.83384858542 -1.57064107631 3.7240
6eh6ei4fd-13le- -5.56908182048 -1.53200091123 3.6142
6ei4fe-12hh-6hl- -4.60090078279 -1.2955339855 2.9153
6el12ih-4aa-12hi- -4.38538662263 -1.08682267131 2.9526
6el13ah-6hd12il- -4.79682274657 -1.537443188 2.9040
6el6fi4dh12if -5.31139001534 -1.63186668999 3.2899
6fa4ef6fl-4fe- -5.28989302209 -1.6544521386 3.2204
6fa6he-13ih-6ea- -4.706753066 -1.5578517259 2.7861
6fd12di13hi12ie -4.96335641579 -2.03867687868 2.5787
6fd13df4ai-4di- -5.67738312824 -2.04738452151 3.2967
6fd4fe-6ii13lh -4.78267282697 -1.53472204962 2.9355
6fe13de-12ad-4fh- -5.30377082786 -1.9309197986 2.9930
6fh13ah6de-13dh -4.89723275301 -2.06697671789 2.4311
6fh13dl-6fe12ae -5.29860066493 -1.85418369612 3.0753
6fh4ei4id-12le -5.28417863148 -1.49662611222 3.4489
6fi4da4al-12ei -5.58867401686 -1.71023547551 3.5137
6fi6al-12ll-4ff- -4.78539396535 -1.38315464153 3.0522
6fl12ii4el-12il -4.97233617246 -1.23240357495 3.3301
6fl13di12lh13ld- -4.71682127803 -1.70724222328 2.6838
6fl4hl12ha12dh -4.75491721543 -1.485197331 2.9557
6ha12if-12id-13ei- -5.02485414331 -1.52982400052 3.1364
6ha13eh-6fd-13fe13li -4.72961062844 -1.6220705918 2.7779
6he13da-12hh12fl -4.46212272512 -1.27539756145 2.8722
6he13de13ll12de- -5.24880383246 -1.87649703088 3.0209
6he4fh-13ii-6ha- -4.75382876008 -0.900968919555 3.3664
6he6al-12he-6hf -4.59137679844 -1.53417782194 2.7294
6hf12al-12ad-4eh -4.9965543041 -1.60465530614 3.0593
6hf12ei13ea-13ef- -4.6926031464 -1.50206838899 2.8374
6hf4dl-12li4fi -5.1489380537 -1.52927977285 3.2586
6hh13fl-12aa6ai -4.43572768277 -1.23321991647 2.9494
6hi12ed-13fe-4ia- -5.13750927248 -1.42941399409 3.3232
6hi12ei-12fe13hd -4.75491721543 -1.32274536936 3.0866
6hi13ed6ha12dl -5.5064956376 -2.14044745431 3.0248
6hi13hl-12al6ii -4.42076142165 -1.05743437674 3.0753
6hi6ae-12eh12la- -5.01859552502 -1.50342895818 3.1077
6hi6ai-12fa6fa -5.21778285487 -1.48465310332 3.3631
6hi6hd-4hf-4hi -4.85451088035 -1.49281651848 2.8836
6hl12aa4le4ai- -4.73369233602 -1.24029487627 3.1876
6ia12ha4fd-6fi -5.23710293741 -1.75431791736 3.1926
6id13el-13ah-4dd -5.12199878368 -2.32494063687 2.3775
6id6df-4if-4fd -6.22161080541 -2.12738599006 3.6636
6if12ff-12de12dl -5.47629100152 -2.30589266817 2.8699
6if13aa-12ia-13il- -4.43491134126 -1.1502251957 2.9878
6if13di-12ii-6fi -5.34866961123 -1.64520026808 3.2963
6if4ai-6aa-4eh- -5.37016660447 -1.40165838255 3.5343
6ih6dl12dh-6hh -4.74348843421 -2.17010786271 2.2235
6ii6hf6fe6ha- -5.1538361028 -1.89091906433 2.8696
6il13ad4de12di -5.70513873977 -2.39895560096 2.8832
6il13ie-6id4he -5.21533383032 -1.70751433712 2.9849
6la12fh12fi-4de- -4.82430624427 -2.06616037638 2.4066
6la12ha13ff13ef- -4.38320971193 -1.1643751153 2.9736
6ld12ae12ee-13fh -4.82430624427 -1.99731557521 2.5175
6ld12fd13dh-6df -5.80092281095 -2.59623813394 2.8691
6ld13ia6ad-13he -5.17125138847 -1.9450697182 2.8388
6le6fd-12ha-6ff- -5.28336228996 -2.14942721098 2.8210
6lf12ee-12hd-4ed -5.26621911813 -2.44303804282 2.4669
6lf4ae-13aa4fi -4.83736770852 -1.47785025735 3.0431
6lf4ia12el4ii -5.3040429417 -1.50587798273 3.4195
6lh13dd-6fa6hd -5.80527663237 -2.38126820146 3.0107
6li12ai-13fi12ed- -4.80716307244 -1.59295441108 2.9319
6ll12eh13ai4fh- -4.21422701816 -1.23920642092 2.6819
6ll13al-12if13de -4.60117289663 -1.49989147828 2.8209
6ll13id6ei13ea- -5.18730610494 -1.75295734816 3.0636
