12ad12il4aa-4ia- -6.59304619507 -0.536880603528 3.7507
12ad13ei-4da-13hh -6.31031991678 -0.632936788549 3.5305
12ad13fi13ih-6ei -5.94351046237 -0.303406930022 3.4292
12ad4if-4if-12ee- -6.72556563446 -0.430484092641 4.1397
12ad6el-13ll12ai- -5.94078932399 -0.852532656287 3.2016
12ad6id-13li6hh- -6.34378991893 -0.98641266487 3.3104
12ae13ld-6ae-12dh -6.684204331 -1.16002129389 3.4906
12ae4ad-12eh12fi -5.85017541574 -0.94233022302 2.9744
12ae4ee6eh-6fa- -6.89209930368 -0.796205091699 3.8586
12ae6fi12da-12da -7.04584362248 -1.21879788302 3.5688
12af12ad-13ld-12ad- -6.6305979048 -1.12464649487 3.3795
12af12id-13fe4fd- -6.39086561301 -0.617970527426 3.6064
12af6ea13da4ff -6.50243228683 -0.762190861876 3.5621
12ah12he-6ah13aa -5.73044532676 -0.327897175495 3.3099
12ah12hl12if-12fi- -5.43003164896 0.37497286957 3.5672
12ai4af-6dh-6ah- -6.83332271454 -0.293882945672 4.1930
12al13fa-13da-4de -5.80636508772 -1.02777396834 3.1202
12al6lh-6ef13ea- -6.04119933042 -0.289801238093 3.5077
12da12al4lh-4ed -6.49753423773 -0.794028180991 3.6375
12da4he-4ah4af -6.77781149147 -0.281637822935 4.1230
12de12hh-13aa13id -6.17235820062 -0.51919320402 3.4170
12de13hf6lf4lf- -6.08446543076 -0.502050032189 3.4084
12de6hh4dl-4ed -6.62243448964 -1.01117502418 3.2872
12df4ei4if-13al -6.12881998645 -0.392116041401 4.1872
12df4ii-12id-4da -7.40340120638 -0.95375900424 4.1562
12dh12dl12if-4hi -6.11194892846 -0.587493777505 3.4091
12di13af-13ei-13fd- -6.04990697326 -0.323271240239 3.5253
12di13fa13lh13eh- -5.58432019544 0.100137892599 3.5067
12di6ia-12df-6hf -6.66624481765 -1.26342455255 3.3265
12dl12ai-6fa-12lf -6.15929673637 -0.449259947504 3.5025
12dl12dl-4af-13hh -5.77833736235 -0.750762080656 3.2608
12dl12hf-13hi-13fl- -5.38676554863 0.231296762797 3.4677
12dl6le-12ee13ad- -6.72638197598 -0.94613981676 3.5699
12ea12hi13al-12la -5.48010059526 0.195921963781 3.4919
12ea12lf4ea-4af -6.23984243259 -0.48844434026 3.5597
12ea4ai-4ea-4ad -6.96393735707 -0.45198108589 4.4179
12ed4ha-6ai-4ii -7.03876866268 -0.560282393646 3.9402
12ed4hh13ll4hf -5.95249021904 -0.477559786717 3.4139
12ee13dh12il6if -6.19521576306 -0.561642962839 3.4435
12ee4hf-4fa13he- -6.08011160934 -0.0250344731498 3.6899
12ee4ih4ef-6fl- -6.81699588423 -0.321366443369 4.0733
12ee6eh13ih12lf -5.55465978703 -0.367625795928 3.2735
12ef13al-4if6ff -6.24120300178 -0.00435382141736 3.9522
12ef6hh-13ea-13ha- -5.60581718869 -0.238643836439 3.2008
12ef6la4if-12fe- -6.35440235863 -0.34422400581 3.7911
12eh12fh-4hf12ll -5.56282320219 0.136873260808 3.4901
12eh13le13fh12hf- -5.19955122768 0.412252465456 3.4108
12eh6fh13hf-13hf- -5.22268090396 0.0571439061028 3.1866
12ei6ef13ea-4ee -6.46079886952 -0.613072478332 3.5736
12el12ii13df-13ae- -6.22433194379 -0.220412209254 3.7002
12el6if4lf-12fd -5.22268090396 0.0568717922642 3.1866
12fa12ae4ah-4dh- -6.27957105302 -0.38259205705 3.6804
12fa12ld12ee4fh- -6.261067312 -0.745864031561 3.3463
12fa13fi-12ed-13di- -6.16963706224 -0.788858018058 3.3286
12fa13id13he-13fi- -5.61316426233 0.151023180415 3.4874
12fd12eh-6ai4aa -6.53780708584 -1.01307982105 3.3542
12fd12hh13aa-6ih- -6.01534851576 -0.431028320319 3.3537
12fd4ll-12le6ef -5.8999722482 0.00190479687009 3.7495
12fe13di6id12ae -6.88665702691 -1.12192535649 3.6545
12fe4hh6il13df -6.32283715336 -0.367625795928 3.6168
12ff6dh6lf-4hd- -6.97754304899 -0.707495980321 3.8983
12fh12fe4id-4de -6.41780488303 -1.10396584314 3.5411
12fh12he4ha-12he -5.64581792296 0.0242181316341 3.4852
12fh4ef13if6da- -6.10650665168 -0.645181911285 3.3480
12fh6fh4ef-12ie -6.33671495913 -0.243541885533 3.6760
12fi12ii-12ae-12ai- -5.95983729269 -0.0821783792526 3.6438
12fl13ea4af-13le- -5.88418964556 0.0623140690359 3.7453
12fl6aa-4ef13il- -6.17807259123 -0.54422767717 3.6503
12hd13id-12id-12ed -6.99849581457 -1.49145594928 3.3983
12hd4hl-4de-12af -6.37753203491 -0.832124118393 3.3453
12hd6ae13he13hi -5.60581718869 -0.691169150006 2.9888
12he12ie13dl-6ld- -6.37535512421 -0.822055906365 3.3588
12he4hd-13dd-12ld -7.01373418953 -1.22723341202 3.6164
12hf4hh-6dd13hh -6.2681422718 -1.1763481242 3.0011
12hh12aa4li6he -5.82704573946 0.13660114697 3.7394
12hh12ed13hh-12ef -5.68309751885 -0.428307181933 3.1244
12hh13ae13al-6ll- -5.32472359343 0.212520907935 3.4093
12hh4ef-13fa-13il- -5.4373787226 0.275379204648 3.5990
12hh4lh13ed13ll- -5.96010940653 -0.103947486339 3.6482
12hh6aa4ia-4ll- -6.55005220858 -0.883281520047 3.4785
12hi12df-4di-13ld- -6.72148392689 -1.00328372286 3.4987
12hl13ed-4ff-6da- -6.44311147001 -0.656066464828 3.7926
12hl13hi-4hi4ll -6.21888966702 0.0952398435047 4.0312
12hl4ed12hi-13aa- -5.89235306072 -0.712394029415 3.0993
12ia12hf4hd4lf -5.36309164467 0.837566395164 3.9859
12ia13di-6el4li- -5.98596022119 -0.329801972365 3.5957
12ia13di12id-4hi- -6.51304472653 -0.324359695593 3.7960
12ia13fl6le12ih -5.79384785115 -0.112110901497 3.5681
12id12ai4da4ae -6.91277995541 -0.958929167173 3.6733
12id13ei6de4df -6.8880175961 -1.46859838684 3.3760
12ie6fd6eh-6ah- -6.79168929724 -0.989405917095 3.7083
12if4ia-4hd4eh -6.72610986214 -0.151567408092 4.2528
12if6el-12il4fl -6.10242494411 -0.135784805454 3.6945
12ih13ai-12hh-12ih- -5.29451895735 0.705046955774 3.7210
12ih13la-12fa-13ha -4.86076949864 0.603276380143 3.3649
12ih6ia-12ia-4he -6.02405615859 -0.131158870198 3.6417
12il12li4ii6hd -5.73207800979 -0.214153590966 3.5348
12il13dd-4dd-12fi- -6.98080841506 -1.43186301863 3.5087
12il13il-6fh13el -5.81235159217 -0.143403992934 3.3918
12la12ad-4ea-12ld -6.69400042919 -0.844913468806 3.6748
12la6df13fd4hi- -6.62869310793 -0.734707364179 3.6654
12le13ia12eh-4il- -5.76636435345 -0.106396510887 3.4245
12le4he13hf-13ai- -5.63248434487 -0.0448987833665 3.4521
12lf12id4ea-6id -7.04312248409 -0.951037865854 3.9192
12lf13dh13lh12ae- -6.43766919324 0.142859765257 4.3008
12lf6eh-12hi-13id- -6.2025628367 -0.329257744688 3.5807
12ll4df-13dl6el -6.60474709013 -0.778517692191 3.6168
12ll6ea13ii-13dh- -5.98949770109 -0.327897175495 3.5570
13aa6af13hi-12ea- -5.94432680389 -0.0761918748038 3.5947
13ad12hh12ih12ea -5.84337256977 -0.202180582069 3.3969
13ae12il6ed13lh- -5.58785767534 -0.0911581359259 3.3733
13ae13fi-12ia6fl -5.91929233074 -0.277828229195 3.4959
13ah4lh12fd-4fe- -5.74731638475 -0.63647426845 3.2285
13ah6hf6hh6he- -5.97317087078 -0.363544088349 3.3066
13ai12hf-4fe6ai- -5.76337110123 -0.210071883388 3.5719
13al12ea-13el6li -5.59819800121 0.0331978883074 3.4351
13al13de-12af-6af- -6.13453437706 -0.517560520989 3.4831
13al13dl-6fa6ee -6.40038959736 -0.589670688214 3.7648
13al13hi-12hh-13li- -4.98349283984 0.883281520047 3.6174
13al4ei6eh13al -6.10351339946 0.154016432639 3.9012
13al6ah-4af-13la -5.60962678243 0.213065135612 3.6803
13al6ee-13ha12ee -5.63602182477 -0.533615237465 3.0418
13da12ai4ah-4ll- -6.10541819633 -0.899608350362 3.1434
13da12ha12fa-13ie- -5.78704500519 -0.187758548624 3.4237
13da13da6he13dd -7.22924834969 -1.38533155224 3.6937
13da4ei12ad13lf- -6.53454171978 -0.713210370931 3.6619
13dd4ll4ee13ae- -6.27358454858 0.00707495980321 3.9380
13dd6eh13el6ii- -6.59141351204 -1.06750258877 3.3748
13dd6ii6ee6if- -7.49292665927 -0.914574611484 4.3965
13de13dd13ha-4fi -6.4028386219 -0.480008811264 3.5817
13de13if-4de-4ef -6.75767506742 -1.15974918005 3.4389
13de13lf4dh-6af -6.57671936476 -0.678924027269 3.6975
13de4al-12il-12il -6.38787236078 -0.430484092641 3.7789
13df12da13aa13ff -6.06759437277 -0.568717922642 3.4220
13df13aa12dd-13li -6.62080180661 -0.914574611484 3.4564
13df4ie-4fh13af- -6.29508154182 -0.215242046321 3.9134
13dh12ha6hi6ei -6.01752542647 -0.199187329844 3.6000
13dh6ie-13al-4fd -6.18324275416 -0.542050766461 3.4590
13di13ae12il6hi- -6.16909283456 -0.25007261766 3.6068
13dl12da13hh13di- -6.16773226537 -0.607085973883 3.3936
13dl13eh12hd4af -6.0572540469 -0.71538728164 3.2660
13dl13fl-12ia-12hh -5.70296182906 0.283814733644 3.7016
13dl4ae6id-13il -6.79332198027 -0.451708972051 4.0246
13dl6ld13ah13ii -5.8605157416 -0.635930040773 3.1977
13ea13af4ef-4ff- -6.06895494196 -0.0487083771067 3.7302
13ea13lh-4al4dl -6.07085973883 0.238915950278 3.9340
13ea4ll4hh-6hh -6.70216384435 -0.795116636345 3.7478
13ed12fd4ll4fi- -5.8773867996 -0.0669400042919 3.6704
13ed6ll-6ed12fe- -6.90107906035 -1.1417896667 3.5669
13ee12ld-12ea6ld- -6.60746822852 -1.22342381828 3.2722
13ee13de-4la6hi -6.34732739883 -0.54803727091 3.5114
13ee4ad-4ea-12he- -6.62760465257 -0.65388955412 3.8379
13ee4eh12de-12fh- -6.50379285602 -0.853348997802 3.4097
13ef13le12ae4la- -6.19766478761 0.130070414844 3.9882
13ef4ed-6if-6di -7.02924467833 -1.16355877379 3.5488
13ef4fd13li-4id- -6.67685725736 -0.196738305297 4.1213
13ef4hf4af-4ll -6.42351927364 -0.637018496127 3.6034
13ei13ei-12lh4ii -5.79112671276 -0.204901720454 3.4819
13ei4dd6ie13ie -6.82189393332 -1.45798594714 3.6312
13el13id6eh4df- -6.54270513494 -0.739061185597 3.6637
13el4dh13fa4al -6.03194745991 -0.0876206560243 3.6884
13el4ha-6ff-6ii -6.57862416163 -0.126805048781 4.0692
13el6ll6fi-12id -5.85507346483 0.357829697739 3.8971
13fa12ih-12id-13ih- -5.86214842463 0.0625861828745 3.6528
13fa13fa4lf13hi- -5.37533676741 0.175785539726 3.4447
13fa13id6fl12dh -6.43522016869 -1.07566600393 3.3128
13fa4la-6fe-4aa- -6.47413244761 -0.364088316027 4.0163
13fa6af-13di4ff- -6.33970821135 -0.5268123915 3.5924
13fd13hf-6fe-6hd- -6.55903196525 -1.08001982534 3.3772
13fd13il-6ld4ef- -5.60500084717 -0.139594399194 3.3265
13fe13fd4eh-13il -6.27929893919 -0.28463107516 3.8035
13ff4fd-12fi13de- -6.31086414446 -0.989950144772 3.2575
13fi13ad4dd12ii- -6.66297945159 -1.47567334665 3.3402
13fi13ee4hl-12ii- -6.05426079468 0.148574155867 3.8965
13fi13he13ie-12el- -5.70595508129 -0.110206104627 3.5218
13fi13hf6ae-4el- -6.50216017299 -0.664229879986 3.6983
13fi6el13ef4al- -5.92391826599 -0.322182784885 3.4170
13ha12fl13af13dd- -6.02242347556 -0.468307916205 3.3869
13ha13fd6eh-12ad- -6.04255989962 -1.0500873031 3.1166
13hd12ff13dh-4if -6.13290169403 -0.580963045379 3.3512
13hd13da-12li-6ld -6.59549521962 -0.797021433215 3.6570
13hd6el-4df12ee -6.76937596248 -0.95947339485 3.6596
13he12eh6ll-4ei- -5.79221516812 -0.237555381085 3.3568
13he12hl-4af-12da -5.86296476615 -0.627222397938 3.2718
13he12ii-4fl-12df- -5.94269412086 -0.713210370931 3.3563
13he4la4fh12fh -5.7807863869 -0.148302042029 3.6532
13he6ai12lh-6fe -6.26596536109 -0.516744179473 3.5738
13he6ff-13dl6ia- -6.43766919324 -0.81334826353 3.3908
13hf4de-6af6ha- -6.53726285816 -1.05389689684 3.4299
13hf6ff12de-4ia -6.57971261698 -0.822328020204 3.5207
13hf6fh6ef12fa- -6.18623600639 -0.117008950592 3.7205
13hh12al-13ea12le -5.28744399754 0.330074086203 3.4125
13hh12el4de4hh- -5.87112818131 -0.629399308647 3.2529
13hi12ff-13le4lf -5.73153378211 0.240548633309 3.7093
13hi6aa-6ff-4al- -6.27630568696 -0.550214181619 3.5088
13hi6ef-12dh-12fe- -6.11603063603 -0.657427034021 3.3366
13hl12ia-13hl-13ae -5.35220709113 0.462593525594 3.5664
13hl6ff-6ld4ie -6.55930407909 -0.436742710929 3.9255
13hl6ii4ee12he- -6.22242714692 -0.289257010416 3.8682
13ia12hd6hi4ie- -5.69234938936 0.128437731812 3.5706
13id12ef6fe-12hh- -6.33072845468 -0.708312321837 3.4553
13ie6if-4dd4il -6.85563604931 -1.25852650346 3.7433
13if13df-6he13ei -6.06705014509 -0.629399308647 3.3068
13if6af-13ei-4el- -6.05970307145 -0.216058387836 3.5448
13ih12ih12eh-13lh -5.05941260081 0.278372456872 3.1841
13ih4ff-12fe4id- -5.72337036696 -0.487083771067 3.3876
13ih4fl6ee4hh- -6.17970527426 -0.468580030043 3.5196
13ii4hh13il12ii- -5.61479694536 0.582051500733 3.8221
13ii6de6lh-13ea- -6.24337991249 -0.961922419398 3.3817
13il13dd-13ad-13le- -6.51086781582 -0.465586777819 3.7277
13il4de12ea13lf -6.04827429023 -0.893893959751 3.1189
13la12ff-6ai4li- -6.81835645342 -1.01634518711 3.7371
13la4ed-6ea-4df -5.81643329975 -0.359734494609 3.5615
13ld6hi-4eh13ll- -6.33889186984 -0.179595133466 4.0106
13le12ae4ai4lf- -5.76826915032 -0.0517016293311 3.6333
13le6fe6dd6lf- -7.14108346598 -1.32383382472 3.7938
13lf6dd-6ah-6il -6.92366450895 -1.45199944269 3.3652
13lf6hi6hh-4hh- -6.1037855133 -0.241909202502 3.6385
13lf6lf6ea-13ah- -5.95602769895 -0.235650584215 3.6196
13lh12al-4ff-13fe- -5.39275205308 0.360822949964 3.5237
13lh12fe4ha6ld- -5.58649710615 -0.48844434026 3.2495
13lh13ia-6la6ll -5.52391092327 -0.0557833369099 3.5226
13lh4hh-12hi4df- -5.85616192019 0.00925187051189 3.4891
13lh6dl-13if-12ia -5.81752175511 -0.289257010416 3.4278
13lh6ee12ll12fe- -5.61262003465 -0.212248794096 3.3870
13li13dh-12lh13di -6.1693649484 0.192112370041 4.1161
13li4fl-6if-12ll- -5.93126533964 -0.476199217524 3.3656
13li6dl-12da-4ae -6.71005514567 -1.05580169371 3.4906
13ll12fd13li-12di- -6.02351193092 -0.866682575893 3.1227
13ll12fi-13ae-13ld -5.61588540072 0.16354041699 3.5683
13ll6de4lf-6li- -6.56229733131 -0.795932977861 3.6105
4aa12dl13il-12id- -6.33453804842 -0.760013951168 3.4951
4aa12fa6ii6ei- -6.35603504167 -0.357557583901 3.7862
4aa12ha4dh-4ee -6.26868649948 -0.60763020156 3.5793
4aa12if6ad-13he- -6.23412804198 -0.697699882132 3.3297
4aa4aa-12al-4il -6.19984169832 -0.0933350466346 3.8670
4ae6hf13fe-12ei- -5.87575411656 -0.216602615514 3.4262
4af12ea-12ah-6fl -5.98786501806 -0.358646039255 3.4018
4af13al-6if-6hl- -5.8654137907 -0.0824504930912 3.5478
4ah12ee4ii-13hd- -6.40011748352 -0.257963918978 3.8086
4ah12ha6ih-12ah -5.86133208312 -0.130614642521 3.5439
4ai12ll6hi-6al- -6.22895787905 -0.193200825395 3.6970
4ai13ah13eh-13id -5.68173694965 0.0936071604732 3.5319
4ai13eh-4il-12ff -5.93670761641 0.362183519157 3.9806
4ai6fi-13ei13ie- -6.2384818634 -0.0508852878154 3.9379
4da4dd4de-4fd- -8.19307556595 -1.78370621192 4.3250
4da4eh-4ia-4dd- -7.02570719842 -1.3660114697 4.1766
4da4ih-12di-13ad- -6.89237141752 -0.914846725322 3.6454
4dd13da-6ha12ea -6.84910531718 -1.6354041699 3.2957
4de4df-13ee-4fi- -6.52773887381 -1.03702583885 3.7055
4df13le-4he6ia- -6.5304600122 -0.148574155867 4.0781
4dh4ai12fa6le -6.40501553261 -0.407354416362 3.7409
4di6ae-13hh13li -5.65098808589 -0.23075253512 3.3201
4dl12aa6li-6de -6.98597857799 -1.17906926259 3.8071
4ea13dd-6aa-13fh- -6.54297724877 -0.665590449179 3.7207
4ea13ff12ih-12lh- -5.49016880729 0.112655129174 3.4495
4ea13li6fl13lf- -5.9500411945 -0.20762285884 3.5388
4ea4ed-13ai-13de -6.67740148504 -1.23757373788 3.3775
4ea4ih-12ee-12al -6.11956811594 -0.31728473579 3.5215
4ea6di-13he-6ef -6.5840664384 -0.681917279494 3.6511
4ed12ee-6ih-6il -6.7914171834 -1.13607527609 3.6207
4ed13dl-13li-4ll -6.04936274558 -1.14859251267 3.0540
4ed13ie-13ai-13ai -5.64418523993 -1.01253559337 2.9069
4ee13ih13ad12fh- -5.70132914603 -0.502594259866 3.2987
4ee4af6li-12le- -6.71495319476 -0.336060590652 4.2966
4ef13li4la-12ih -5.77452776861 0.0908860220874 3.6887
4eh4fi-13he13ii -5.87194452282 0.333067338428 3.8803
4eh4la-13da13hd- -6.57807993395 -0.394020838271 3.9621
4eh6ei-4ee4ea -6.6256998557 -0.438919621637 4.3351
4eh6lf-6al6df -6.67930628191 -0.80191948231 3.9018
4ei12ef-13la-13ee- -5.80663720156 -0.440824418508 3.3404
4ei12fh13ee12hi -5.76445955658 -0.122451227363 3.4680
4ei4ad-6af-6ff- -7.03958500419 -1.00763754428 3.7716
4ei4ih12hh-12ie- -5.84446102513 0.386401650791 3.8007
4ei6if6ee-4fe- -7.16639005297 -0.619875324296 4.3307
4el12lh6ff-4ld -6.14460258909 -0.487627998744 3.4402
4el13af-4ae6dd- -6.36991284743 -1.48356464796 3.4061
4fa13ee-13de-12hh- -6.04909063174 -0.162724075474 3.6934
4fd12ei6ff6ii- -6.75087222145 -1.02804608217 3.5243
4fd12id-13lh-4lf- -5.92201346912 -0.896887211976 3.0213
4fd4ih12ei-13il- -6.08201640621 -0.220140095415 3.6224
4fd6ee-6hl4il -6.3541302448 -0.860151843767 3.3369
4fd6hl12il6lh- -6.0488185179 -0.175241312049 3.6322
4fe12ll13if-6aa -5.89099249152 -0.306944409924 3.3604
4fe4ia13ef-4hd- -6.47141130923 -0.247895706951 3.9085
4fi13da6ea-4eh -6.74733474155 -0.648991505025 3.8744
4fi6aa-12df6li -6.86842539972 -0.807905986759 3.7562
4fi6al-4ll13dl -6.62433928651 -0.220956436931 4.0378
4fl12ia-6ld-4eh- -6.49045927793 -0.303951157699 3.9475
4fl13el-12ha-13fa- -5.24581058024 0.216330501675 3.3876
4fl13hh-6fa-4df- -6.08174429237 -0.530621985241 3.4759
4fl6hi-6dh-6ia -6.85427548012 -0.241909202502 4.1768
4ha12hl6hl12df -5.99983802696 -0.575520768607 3.1976
4ha6ld6ia12fl- -6.8295131208 -0.660964513923 3.9788
4hd13ai-12li-6lf -5.7307174406 -0.146397245159 3.3718
4he12al12de-4ah- -6.16882072072 -0.593208168115 3.3446
4he12ff6he4fi- -6.09480575662 -0.168982693761 3.5887
4he13li-13ii-12li- -5.6496275167 0.380143032503 3.7991
4he4da13li12el- -6.27984316686 -0.504499056736 3.6258
4he4ih-4ad-6hl- -6.55114066393 -0.343407664294 3.8717
4hf4ei4ha-6ie -6.44039033163 0.17496919821 4.2915
4hh12fh13dd-6if -6.23249535895 -0.583139956087 3.4169
4hh12il-13ai13hl -5.45316132524 0.46721946085 3.6519
4hh6ee-4he6ld -6.24936641694 -0.597834103371 3.5744
4hh6hl12fa6ia -5.9380681856 -0.0214969932482 3.6046
4hi12ah-4hi-6di -6.04555315184 -0.318917418822 3.7832
4hi13hf-6da12li -6.08582599995 -0.349394168743 3.5071
4hl6id12fi-6da- -6.66787750068 -0.862600868314 3.6759
4ia13di-4ha13dl -6.68665335555 -0.302590588506 4.0388
4ia13ee-6fd-12hh -6.41209049241 -0.565996784257 3.5918
4ia13hf-12ha6la -5.44744693463 -0.0231296762797 3.3411
4ia13li-4di-12if- -6.2920882896 -0.380143032503 3.6740
4ia6ad-13af-6ah- -6.42868943657 -0.761918748038 3.5123
4id13fl-13de-13ae -6.18868503094 -0.954031118079 3.2317
4ie12df-4ii-4dh- -6.89971849116 -0.518921090181 3.9722
4ie12ef-6ih4la -6.33617073145 -0.301774246991 3.7328
4ie13fh6ae-13hl -5.777248907 -0.338781729038 3.3111
4ie6fd-6hd-13fh- -6.39195406836 -0.816341515755 3.4352
4if12fh13fa12fl -5.19029935717 0.429395637287 3.4487
4ih12ef-6ee12if -6.20201860903 -0.801647368471 3.3356
4ih12hd-12lh-4if -6.02732152466 -0.518104748666 3.2874
4ih4fa4al-6eh- -6.44474415305 0.120274316655 4.3363
4ih4ih12ef-6ie -6.32691886094 -0.300413677798 3.6646
4ii4de6dh-13ea- -6.8844801162 -0.881104609338 3.8187
4ii4fl12da-6ei- -6.97155654455 -0.629943536324 3.9249
4ii4ha-12hf-13ff- -5.52255035408 0.471573282268 3.7586
4ii4il12ha12eh -5.91956444458 -0.0438103280122 3.5796
4il12di6he-6hd -6.78815181734 -0.812259808176 3.6251
4il12ih-12ah13la- -5.21642228567 0.315107825081 3.4633
4la13af-4ed13fi -5.98704867655 -0.7806946029 3.0739
4la6ie-6ld-12af- -6.95822296645 -0.632936788549 4.0248
4ld12ee12da6al- -6.82543141323 -1.10968023375 3.4631
4ld13fd-12fl13eh -5.87575411656 -0.604364835497 3.1287
4ld13if13al-13al- -5.25560667843 -0.341230753585 3.0959
4le13fl-13dd13fd- -6.60828457003 -0.567901581127 3.7028
4le13ie12ha6lh -5.53016954156 -0.0133335780907 3.3359
4le6le-13di-13al- -6.21970600854 -0.47102905459 3.6373
4lh12ee-6hd-13ai -6.26514901958 -0.748585169947 3.3669
4li12ll12fl13ia -5.6735735345 0.223949689155 3.6307
4li4dd-13hi-12ed- -6.65644871946 -1.33689528897 3.1486
4li6dd-4hi-6le- -6.98597857799 -1.2955339855 3.4938
6aa12le-4ef12af- -6.46215943871 -0.456062793468 3.7849
6aa4dd13aa12hf -6.07902315399 -1.25471690972 2.9712
6aa6fh-13ah12fe- -5.38812611782 -0.481641494295 3.0185
6ad12af6fa4ha -6.55440602999 -1.13798007296 3.3454
6ad12fl-13ai-6hl -5.91521062316 -0.818518426463 3.1278
6af13hi-12ah12fd -5.75956150749 -0.0941513881504 3.4596
6af4dd13la-12ha- -6.03548493981 -1.11811576275 2.9530
6ah6ed12ha13fh- -5.91167314326 -0.685998987073 3.1168
6ai4ad6hd-6fh -6.55549448535 -1.01824998398 3.4275
6ai6dh-13di6fi- -7.03495906894 -0.864505665184 3.7442
6al12ie-12hf4aa -5.74650004324 -0.0533343123626 3.4405
6al13ff-6af-12hl -5.81588907208 -0.106940738564 3.5242
6dd6di-13af12fh- -5.98596022119 -1.65826173234 2.9500
6df12de13hf6af- -6.36365422915 -1.15512324479 3.1736
6df13dh6ha4fi -6.39957325584 -0.852804770125 3.3779
6df6hd6fl4fh- -6.29753056637 -1.31811943411 3.1939
6dh12fi-12ea6fe- -6.59467887811 -0.761374520361 3.5223
6dh13ia-13fl13ae -5.71847231786 -0.200547899037 3.3952
6dh4ia13lh-13fe- -5.69534264158 -0.00707495980321 3.6656
6dh4ii-6ll6ad -7.28748071114 -0.708040207998 4.0921
6dh6af12di6dd- -7.62762300937 -1.8724153233 3.8132
6dh6al-12ef12dh -6.5339974921 -0.966004126976 3.4466
6di12he6ah13li -6.05616559155 -0.539329628075 3.3792
6di13dd-12il-4he -6.58488277992 -0.997025104575 3.6311
6di13fh-12eh6aa- -6.18405909568 -0.636202154612 3.3332
6di6hi6dl-6hd -7.16394102842 -1.05770649058 3.7580
6dl12ae13ea-6hh- -6.03521282597 -0.631031991678 3.3158
6dl4da-4ah-13fl -6.19575999074 -0.64218865906 3.8029
6dl6aa-13ai6ii -6.35821195238 -0.639467520675 3.6563
6ea13ae13de4fl- -6.41453951696 -0.285991644353 3.8670
6ea13eh13aa-4ea- -5.69316573087 -0.29034546577 3.3053
6ed12id12ai-6fh- -6.53671863049 -1.29226861944 3.3003
6ed13ie-13dd-6ie- -7.15196801953 -1.4196178959 3.7190
6ee4fe-12dd13dh- -6.97318922758 -1.38614789375 3.4520
6ee4ih13fa-4ld- -6.04364835497 -0.517016293311 3.6578
6ef13al4fi-6fe- -6.2871902405 -0.197282532974 3.7478
6ef6dl13hl13de- -6.38487910856 -0.900424691877 3.3228
6ef6ef-12ai-12ea- -6.77862783299 -0.570894833351 3.8618
6ef6eh-4fd13id- -7.11414419596 -0.856614363865 3.9382
6eh12hh-13eh-6el -5.71411849644 -0.180411474982 3.2800
6eh6dh-4ia-6ae -7.176458265 -0.367625795928 4.3247
6eh6ei4fd-13le- -6.85073800021 -0.388578561499 4.1065
6ei4fe-12hh-6hl- -5.85534557867 -0.176057653564 3.4338
6el12ih-4aa-12hi- -5.61207580698 0.0612256136816 3.5460
6el13ah-6hd12il- -6.00255916534 -0.416878400712 3.3650
6el6fi4dh12if -6.62542774187 -0.496607755417 3.8284
6fa4ef6fl-4fe- -6.58978082901 -0.523547025437 3.9680
6fa6he-13ih-6ea- -5.90867989103 -0.44028019083 3.3254
6fd12di13hi12ie -6.18106584346 -0.92491493735 3.2814
6fd13df4ai-4di- -6.92801833037 -0.925459165027 3.7192
6fd4fe-6ii13lh -6.13262958019 -0.350482624097 4.1241
6fe13de-12ad-4fh- -6.54733107019 -0.791307042605 3.5656
6fh13ah6de-13dh -6.12228925432 -1.02532494379 3.0332
6fh13dl-6fe12ae -6.537534972 -0.728176632053 3.5241
6fh4ei4id-12le -6.66678904533 -0.322727012562 4.1373
6fi4da4al-12ei -6.87332344882 -0.575248654769 4.0801
6fi6al-12ll-4ff- -6.05208388397 -0.262045626557 3.6709
6fl12ii4el-12il -6.2455568232 -0.0952398435047 3.8122
6fl13di12lh13ld- -5.93153745347 -0.602732152466 3.3625
6fl4hl12ha12dh -6.0107225805 -0.385041081598 3.4041
6ha12if-12id-13ei- -6.27222397938 -0.402728481106 3.5767
6ha13eh-6fd-13fe13li -5.92827208741 -0.548309384749 3.2650
6he13da-12hh12fl -5.67738312824 -0.16354041699 3.4034
6he13de13ll12de- -6.44719317759 -0.7461361454 3.4994
6he4fh-13ii-6ha- -6.02895420769 0.276467660002 3.9446
6he6al-12he-6hf -5.80309972166 -0.451708972051 3.2122
6hf12al-12ad-4eh -6.23684918037 -0.476471331362 3.5136
6hf12ei13ea-13ef- -5.90976834639 -0.385585309275 3.4031
6hf4dl-12li4fi -6.39385886523 -0.415789945358 3.7773
6hh13fl-12aa6ai -5.60717775788 -0.112110901497 3.3311
6hi12ed-13fe-4ia- -6.36365422915 -0.259868715849 3.7793
6hi12ei-12fe13hd -5.9726266431 -0.168166352245 3.5288
6hi13ed6ha12dl -6.74706262771 -1.0430123433 3.5492
6hi13hl-12al6ii -5.62323247436 0.065579435099 3.4622
6hi6ae-12eh12la- -6.35467447247 -0.380415146342 3.8166
6hi6ai-12fa6fa -6.47984683822 -0.33660481833 3.8048
6hi6hd-4hf-4hi -6.2025628367 -0.323543354077 3.6656
6hl12aa4le4ai- -5.95657192662 -0.114832039883 3.6034
6ia12ha4fd-6fi -6.47848626903 -0.634297357741 3.6680
6id13el-13ah-4dd -6.27385666241 -1.21526040312 2.9626
6id6df-4if-4fd -7.55034267922 -0.939881198472 4.4615
6if12ff-12de12dl -6.69753790909 -1.22451227363 3.2805
6if13aa-12ia-13il- -5.64527369528 -0.0234017901183 3.4727
6if13di-12ii-6fi -6.5876039183 -0.473478079138 3.8080
6if4ai-6aa-4eh- -6.69318408767 -0.245446682404 4.2369
6ih6dl12dh-6hh -5.97752469219 -1.1072312092 2.9677
6ii6hf6fe6ha- -6.41590008616 -0.783143627447 3.4062
6il13ad4de12di -6.94706629907 -1.31567040956 3.5629
6il13ie-6id4he -6.45834984497 -0.549669953942 3.6692
6la12fh12fi-4de- -6.03249168759 -0.97688868052 3.2242
6la12ha13ff13ef- -5.60146336727 -0.0854437453157 3.3360
6ld12ae12ee-13fh -6.00691298676 -0.915663066838 3.1301
6ld12fd13dh-6df -7.03006101984 -1.51866733314 3.2688
6ld13ia6ad-13he -6.38651179159 -0.852260542448 3.3547
6le6fd-12ha-6ff- -6.50841879127 -1.08546210212 3.2630
6lf12ee-12hd-4ed -6.46433634942 -1.34750772867 3.1890
6lf4ae-13aa4fi -6.02242347556 -0.382864170889 3.4733
6lf4ia12el4ii -6.57182131566 -0.376061324924 3.8853
6lh13dd-6fa6hd -7.04910898854 -1.2490025191 3.5159
6li12ai-13fi12ed- -5.97072184623 -0.460416614886 3.3313
6ll12eh13ai4fh- -5.4077183142 -0.143403992934 3.2222
6ll13al-12if13de -5.77343931326 -0.399463115043 3.2185
6ll13id6ei13ea- -6.40746455716 -0.662325083116 3.5311
