12ad12il4aa-4ia- -8.09919629164 0.287352213546 4.1550
12ad13ei-4da-13hh -7.84939578782 0.12490025191 3.9991
12ad13fi13ih-6ei -7.42707511034 0.476199217524 3.8783
12ad4if-4if-12ee- -8.32232963928 0.337693273684 4.2094
12ad6el-13ll12ai- -7.39986372648 -0.149118383545 3.6506
12ad6id-13li6hh- -7.86653895965 -0.299597336282 3.7043
12ae13ld-6ae-12dh -8.22382442971 -0.431028320319 4.0145
12ae4ad-12eh12fi -7.36775429353 -0.291433921124 3.4656
12ae4ee6eh-6fa- -8.49185656072 -0.136056919292 4.1384
12ae6fi12da-12da -8.59906941312 -0.445178239925 4.0273
12af12ad-13ld-12ad- -8.16831320664 -0.251433186852 3.8512
12af12id-13fe4fd- -7.95769709558 0.182860499529 4.0615
12af6ea13da4ff -8.07688295688 -0.0680284596462 4.0047
12ah12he-6ah13aa -7.26190201032 0.359190266932 3.7484
12ah12hl12if-12fi- -6.99250931012 1.17389909966 3.9947
12ai4af-6dh-6ah- -8.43144728855 0.384224740082 4.5413
12al13fa-13da-4de -7.31142672894 -0.308577092955 3.7120
12al6lh-6ef13ea- -7.66190935304 0.39619774898 3.9722
12da12al4lh-4ed -8.05674653282 -0.0291161807286 4.1277
12da4he-4ah4af -8.38355525296 0.435926369413 4.2812
12de12hh-13aa13id -7.63605853837 0.288168555061 3.7626
12de13hf6lf4lf- -7.65565073475 0.259868715849 3.8637
12de6hh4dl-4ed -8.22110329133 -0.298508880928 3.7275
12df4ei4if-13al -7.74708098451 0.335516362975 4.3801
12df4ii-12id-4da -9.0023421219 -0.134152122422 4.6405
12dh12dl12if-4hi -7.65837187313 0.25959660201 3.8463
12di13af-13ei-13fd- -7.5756492662 0.572255402544 4.0200
12di13fa13lh13eh- -7.10462021161 0.968997379201 3.9969
12di6ia-12df-6hf -8.29974419068 -0.537424831205 3.8710
12dl12ai-6fa-12lf -7.73374740642 0.294971401026 3.9303
12dl12dl-4af-13hh -7.34870632482 0.0438103280122 3.8020
12dl12hf-13hi-13fl- -6.94380093301 1.05961128745 3.9045
12dl6le-12ee13ad- -8.2455935368 -0.208711314195 4.0289
12ea12hi13al-12la -6.97291711374 1.06233242584 3.9358
12ea12lf4ea-4af -7.7759250514 0.190479687009 3.9652
12ea4ai-4ea-4ad -8.51090452942 0.31157034518 4.2445
12ed4ha-6ai-4ii -8.61403567424 0.205990175809 4.2492
12ed4hh13ll4hf -7.53129471051 0.244630340888 3.8758
12ee13dh12il6if -7.7223186252 0.279188798388 3.9547
12ee4hf-4fa13he- -7.68667171235 0.668855815242 4.1108
12ee4ih4ef-6fl- -8.49430558527 0.346945144196 4.2151
12ee6eh13ih12lf -7.09291931655 0.342047095101 3.7969
12ef13al-4if6ff -7.86817164268 0.699604679002 4.2682
12ef6hh-13ea-13ha- -7.16013143468 0.456879134984 3.6283
12ef6la4if-12fe- -7.9846363656 0.307216523762 4.2323
12eh12fh-4hf12ll -7.1348248477 0.788858018058 3.8691
12eh13le13fh12hf- -6.74189246478 1.20355950806 3.8567
12eh6fh13hf-13hf- -6.77753937763 0.688720125458 3.5312
12ei6ef13ea-4ee -7.96939799064 0.134968463938 4.0300
12el12ii13df-13ae- -7.77048277463 0.663957766147 4.1842
12el6if4lf-12fd -6.77753937763 0.68844801162 3.5312
12fa12ae4ah-4dh- -7.83116416064 0.338237501361 4.1187
12fa12ld12ee4fh- -7.83851123428 0.036735368209 3.8260
12fa13fi-12ed-13di- -7.70191008731 0.0538785400398 3.8335
12fa13id13he-13fi- -7.11550476516 0.983691526484 3.8916
12fd12eh-6ai4aa -8.06654263101 -0.247351479274 3.7821
12fd12hh13aa-6ih- -7.5234034092 0.325720264786 3.6514
12fd4ll-12le6ef -7.51768901859 0.622868576521 4.1918
12fe13di6id12ae -8.43688956533 -0.384224740082 4.1236
12fe4hh6il13df -8.00803815572 0.343135550456 4.0499
12ff6dh6lf-4hd- -8.66600941741 -0.0579602476186 4.3293
12fh12fe4id-4de -8.05810710201 -0.408442871716 4.1568
12fh12he4ha-12he -7.21292151937 0.720829558411 3.9018
12fh4ef13if6da- -7.6221807326 0.078640899351 3.7929
12fh6fh4ef-12ie -8.03143994583 0.395925635141 4.1110
12fi12ii-12ae-12ai- -7.47115755219 0.78640899351 4.0866
12fl13ea4af-13le- -7.41156462154 0.803280051503 4.1853
12fl6aa-4ef13il- -7.72640033278 0.0887091113787 4.1132
12hd13id-12id-12ed -8.52070062761 -0.632120447033 3.9090
12hd4hl-4de-12af -7.95932977861 -0.141771309903 3.8044
12hd6ae13he13hi -7.04040134571 -0.0636746382289 3.2715
12he12ie13dl-6ld- -7.87769562703 -0.0054422767717 3.8388
12he4hd-13dd-12ld -8.5805656721 -0.500689462996 4.0693
12hf4hh-6dd13hh -7.91824058898 -0.466947347012 3.5600
12hh12aa4li6he -7.38135998545 0.852804770125 4.1452
12hh12ed13hh-12ef -7.17781883419 0.32109432953 3.4918
12hh13ae13al-6ll- -6.82162181949 1.0035558367 3.8880
12hh4ef-13fa-13il- -6.9965910177 0.892805504397 3.9927
12hh4lh13ed13ll- -7.51170251414 0.558649710615 4.0563
12hh6aa4ia-4ll- -8.21511678688 -0.220140095415 3.9688
12hi12df-4di-13ld- -8.28695484026 -0.333611566105 3.9015
12hl13ed-4ff-6da- -8.02246018916 0.102042689469 4.1667
12hl13hi-4hi4ll -7.81293253345 0.776340781483 4.4129
12hl4ed12hi-13aa- -7.36802640736 -0.08653220067 3.4976
12ia12hf4hd4lf -6.93590963169 1.59213806956 4.4229
12ia13di-6el4li- -7.54517251628 0.306944409924 4.0159
12ia13di12id-4hi- -8.03198417351 0.54041808343 4.2283
12ia13fl6le12ih -7.32829778693 0.590759143568 4.0125
12id12ai4da4ae -8.41702525511 -0.181227816498 4.0920
12id13ei6de4df -8.37702452084 -0.75946972349 3.8899
12ie6fd6eh-6ah- -8.40804549844 -0.304223271538 4.1569
12if4ia-4hd4eh -8.33784012808 0.519737431697 4.2827
12if6el-12il4fl -7.70191008731 0.550486295457 4.1324
12ih13ai-12hh-12ih- -6.85618027699 1.5162183086 4.1725
12ih13la-12fa-13ha -6.40909724019 1.40655643165 3.8191
12ih6ia-12ia-4he -7.55714552518 0.592663940438 4.0506
12il12li4ii6hd -7.25319436748 0.502050032189 3.9544
12il13dd-4dd-12fi- -8.53294575035 -0.748313056109 3.9894
12il13il-6fh13el -7.35795819534 0.58259572841 3.8143
12la12ad-4ea-12ld -8.24777044751 -0.103947486339 4.1402
12la6df13fd4hi- -8.21647735607 -0.0557833369099 4.1138
12le13ia12eh-4il- -7.24775209071 0.714843053963 3.8542
12le4he13hf-13ai- -7.15060745033 0.620963779651 3.8490
12lf12id4ea-6id -8.69893519188 -0.224493916833 4.1684
12lf13dh13lh12ae- -8.08314157516 0.918656319063 4.7784
12lf6eh-12hi-13id- -7.77021066079 0.315924166597 3.9549
12ll4df-13dl6el -8.16341515755 -0.109389763111 4.0591
12ll6ea13ii-13dh- -7.50734869272 0.369802706637 3.9953
13aa6af13hi-12ea- -7.45401438036 0.718924761541 4.0383
13ad12hh12ih12ea -7.34489673108 0.597561989532 3.7867
13ae12il6ed13lh- -7.11822590354 0.736340047211 3.8587
13ae13fi-12ia6fl -7.461361454 0.511301902701 3.9883
13ah4lh12fd-4fe- -7.30979404591 0.0922465912803 3.7652
13ah6hf6hh6he- -7.58871073046 0.264766764943 3.7134
13ai12hf-4fe6ai- -7.31523632268 0.429123523448 4.0146
13al12ea-13el6li -7.0692454126 0.879199812468 3.8873
13al13de-12af-6af- -7.66136512536 0.244358227049 3.9434
13al13dl-6fa6ee -7.97375181205 0.125172365749 4.0386
13al13hi-12hh-13li- -6.53236480907 1.69690189742 4.0674
13al4ei6eh13al -7.70109374579 0.872396966503 4.2184
13al6ah-4af-13la -7.17047176055 0.868587372763 4.0928
13al6ee-13ha12ee -7.09591256878 0.132791553229 3.4995
13da12ai4ah-4ll- -7.61047983754 -0.251433186852 3.5991
13da12ha12fa-13ie- -7.30081428923 0.634297357741 3.8400
13da13da6he13dd -8.75281373192 -0.638923292997 4.1517
13da4ei12ad13lf- -8.08178100597 -0.0106124397048 4.0851
13dd4ll4ee13ae- -7.79932684152 0.790218587251 4.3610
13dd6eh13el6ii- -8.07960409526 -0.330346200042 3.8190
13dd6ii6ee6if- -9.17976034466 -0.186125865592 4.1080
13de13dd13ha-4fi -7.91606367827 0.332795224589 3.9759
13de13if-4de-4ef -8.30382589826 -0.475110762169 3.9859
13de13lf4dh-6af -8.14736044107 -0.0108845535434 4.1373
13de4al-12il-12il -7.93402319162 0.303134816184 4.2111
13df12da13aa13ff -7.62354130179 0.251161073014 3.9026
13df13aa12dd-13li -8.14246239198 -0.0889812252173 3.8834
13df4ie-4fh13af- -7.94762888355 0.424769702031 4.2569
13dh12ha6hi6ei -7.56095511892 0.558377596776 4.0159
13dh6ie-13al-4fd -7.71796480378 0.14612513132 3.8731
13di13ae12il6hi- -7.67252179274 0.576609223961 4.0507
13dl12da13hh13di- -7.67769195567 0.245174568565 3.8610
13dl13eh12hd4af -7.58163577065 0.0323815467916 3.7937
13dl13fl-12ia-12hh -7.27605192992 1.10423795698 4.1456
13dl4ae6id-13il -8.33403053434 0.259052374333 4.2795
13dl6ld13ah13ii -7.37755039171 0.0125172365749 3.5966
13ea13af4ef-4ff- -7.62190861876 0.597561989532 4.1188
13ea13lh-4al4dl -7.72123016985 0.909676562389 4.3214
13ea4ll4hh-6hh -8.21647735607 -0.114287812206 4.2042
13ed12fd4ll4fi- -7.39904738496 0.622596462682 4.0839
13ed6ll-6ed12fe- -8.49376135759 -0.483818405004 4.0286
13ee12ld-12ea6ld- -8.11198564205 -0.417422628389 3.7665
13ee13de-4la6hi -7.88150522077 0.195377736104 3.9267
13ee4ad-4ea-12he- -8.1715785727 0.0386401650791 4.2111
13ee4eh12de-12fh- -8.08368580284 -0.134152122422 3.8834
13ef13le12ae4la- -7.83334107134 0.757020698943 4.2811
13ef4ed-6if-6di -8.61757315415 -0.466947347012 4.1041
13ef4fd13li-4id- -8.22572922658 0.552118978489 4.1881
13ef4hf4af-4ll -7.9810988857 0.0372795958861 4.0189
13ei13ei-12lh4ii -7.30952193207 0.59810621721 3.9991
13ei4dd6ie13ie -8.33974492495 -0.718380533864 4.1911
13el13id6eh4df- -8.08613482739 -0.0274834976971 4.1569
13el4dh13fa4al -7.5925203242 0.602732152466 4.1213
13el4ha-6ff-6ii -8.19661304585 0.566268898095 4.2865
13el6ll6fi-12id -7.36748217969 1.16736836753 4.2635
13fa12ih-12id-13ih- -7.42816356569 0.890084366011 4.0846
13fa13fa4lf13hi- -6.9500595513 0.830491435361 3.8799
13fa13id6fl12dh -8.0347053119 -0.395653521302 3.8006
13fa4la-6fe-4aa- -8.10137320235 0.305039613054 4.2415
13fa6af-13di4ff- -7.93592798849 0.20571806197 4.0512
13fd13hf-6fe-6hd- -8.15579597007 -0.423681246677 3.7997
13fd13il-6ld4ef- -7.15523338559 0.545044018686 3.7055
13fe13fd4eh-13il -7.89402245735 0.422320677484 4.2244
13ff4fd-12fi13de- -7.89755993725 -0.357557583901 3.6760
13fi13ad4dd12ii- -8.25566174883 -0.789130131896 3.9516
13fi13ee4hl-12ii- -7.62462975715 0.890628593688 4.2136
13fi13he13ie-12el- -7.25210591213 0.727904518215 4.0504
13fi13hf6ae-4el- -8.05429750827 0.0446266695279 4.1738
13fi6el13ef4al- -7.46190568168 0.352659534806 3.8446
13ha12fl13af13dd- -7.55877820821 0.333611566105 3.8217
13ha13fd6eh-12ad- -7.61320097593 -0.365720999058 3.6816
13hd12ff13dh-4if -7.72259073904 0.181227816498 3.7928
13hd13da-12li-6ld -8.12912881389 0.0304767499215 4.1763
13hd6el-4df12ee -8.36586785345 -0.299869450121 4.1224
13he12eh6ll-4ei- -7.32856990077 0.472389623783 3.7830
13he12hl-4af-12da -7.39795892961 0.0625861828745 3.7357
13he12ii-4fl-12df- -7.49864104988 -0.0212248794096 3.8909
13he4la4fh12fh -7.37482925333 0.527084505339 4.1561
13he6ai12lh-6fe -7.84340928337 0.193472939234 4.0381
13he6ff-13dl6ia- -8.03280051503 -0.109933990788 3.8574
13hf4de-6af6ha- -8.18817751686 -0.423681246677 3.9401
13hf6ff12de-4ia -8.24042337387 -0.123267568879 3.9974
13hf6fh6ef12fa- -7.90136953099 0.532526782111 4.1609
13hh12al-13ea12le -6.79794791553 1.16764048137 3.8503
13hh12el4de4hh- -7.40176852335 0.0179595133466 3.7244
13hi12ff-13le4lf -7.36938697656 0.881104609338 4.1436
13hi6aa-6ff-4al- -7.91932904434 0.0702053703549 3.9511
13hi6ef-12dh-12fe- -7.69156976144 0.0565996784257 3.8428
13hl12ia-13hl-13ae -6.87277922114 1.30451374218 4.0081
13hl6ff-6ld4ie -8.25593386267 0.259324488171 4.3032
13hl6ii4ee12he- -7.8308920468 0.389122789176 4.1593
13ia12hd6hi4ie- -7.2039417627 0.924098595834 4.0121
13id12ef6fe-12hh- -7.90463489705 0.00408170757877 3.8327
13ie6if-4dd4il -8.42654923946 -0.516744179473 4.2466
13if13df-6he13ei -7.58871073046 0.120818544332 3.7761
13if6af-13ei-4el- -7.60748658532 0.512934585733 3.9731
13ih12ih12eh-13lh -6.58433855224 1.00682120276 3.5586
13ih4ff-12fe4id- -7.32231128248 0.232929445829 3.8957
13ih4fl6ee4hh- -7.74544830148 0.201092126714 3.9500
13ii4hh13il12ii- -7.15550549943 1.32573862159 4.2452
13ii6de6lh-13ea- -7.84068814499 -0.251433186852 3.8871
13il13dd-13ad-13le- -8.01293620481 0.456879134984 4.2336
13il4de12ea13lf -7.57537715237 -0.264222537266 3.6080
13la12ff-6ai4li- -8.44559720816 -0.337421159845 4.1237
13la4ed-6ea-4df -7.45210958349 0.34803359955 4.1210
13ld6hi-4eh13ll- -7.9416423791 0.536880603528 4.2907
13le12ae4ai4lf- -7.34598518644 0.651712643411 4.0776
13le6fe6dd6lf- -8.78492316488 -0.62504548723 4.2166
13lf6dd-6ah-6il -8.53866014096 -0.80001468544 3.8837
13lf6hi6hh-4hh- -7.61755479735 0.510213447347 4.0759
13lf6lf6ea-13ah- -7.58653381975 0.385313195436 4.0850
13lh12al-4ff-13fe- -6.98897183021 1.01171925186 3.9268
13lh12fe4ha6ld- -7.1835332248 0.204357492777 3.8208
13lh13ia-6la6ll -7.07795305543 0.648175163509 4.0386
13lh4hh-12hi4df- -7.54054658103 0.646270366639 3.9473
13lh6dl-13if-12ia -7.35823030917 0.342591322778 3.8308
13lh6ee12ll12fe- -7.21128883634 0.469940599236 3.8765
13li13dh-12lh13di -7.85102847085 0.924098595834 4.5427
13li4fl-6if-12ll- -7.51115828646 0.155104887993 3.8645
13li6dl-12da-4ae -8.25158004125 -0.352931648645 3.9021
13ll12fd13li-12di- -7.56367625731 -0.0503410601382 3.6256
13ll12fi-13ae-13ld -7.13292005083 1.04763827855 4.0513
13ll6de4lf-6li- -8.21729369759 -0.0911581359259 4.1128
4aa12dl13il-12id- -7.83143627447 0.0601371583273 4.0439
4aa12fa6ii6ei- -7.90490701089 0.389667016854 4.2175
4aa12ha4dh-4ee -7.7985105 0.0900696805716 4.0046
4aa12if6ad-13he- -7.7307541542 -0.0359190266932 3.6372
4aa4aa-12al-4il -7.75415594432 0.639739634513 4.2971
4ae6hf13fe-12ei- -7.45102112813 0.578241906993 3.9012
4af12ea-12ah-6fl -7.5459888578 0.424497588192 3.8678
4af13al-6if-6hl- -7.42054437821 0.626406056422 3.9940
4ah12ee4ii-13hd- -7.9416423791 0.483546291165 4.1923
4ah12ha6ih-12ah -7.43632698085 0.576064996284 3.9894
4ai12ll6hi-6al- -7.77538082373 0.533343123626 4.0886
4ai13ah13eh-13id -7.19713891673 0.897703553492 3.9643
4ai13eh-4il-12ff -7.52830145829 1.07811502847 4.2312
4ai6fi-13ei13ie- -7.76748952241 0.721645899927 4.2388
4da4dd4de-4fd- -9.86575933173 -1.06369299503 4.1419
4da4eh-4ia-4dd- -8.61621258495 -0.564364101225 4.2800
4da4ih-12di-13ad- -8.41920216582 -0.151567408092 4.0584
4dd13da-6ha12ea -8.3541669584 -0.871852738826 3.8842
4de4df-13ee-4fi- -8.04586197928 -0.318917418822 4.1715
4df13le-4he6ia- -8.06545417566 0.623957031875 4.2581
4dh4ai12fa6le -7.96041823396 0.356741242385 4.1917
4di6ae-13hh13li -7.09672891029 0.450892630535 3.6131
4dl12aa6li-6de -8.56995323239 -0.414429376165 4.1685
4ea13dd-6aa-13fh- -8.09402612871 0.0775524439967 4.1138
4ea13ff12ih-12lh- -7.02679565378 0.864505665184 3.8820
4ea13li6fl13lf- -7.54353983325 0.485723201874 3.9567
4ea4ed-13ai-13de -8.15851710845 -0.5268123915 3.8874
4ea4ih-12ee-12al -7.63524219685 0.464226208626 3.9310
4ea6di-13he-6ef -8.11008084518 0.0136056919292 4.0896
4ed12ee-6ih-6il -8.36858899184 -0.411164010102 4.1267
4ed13dl-13li-4ll -7.55632918366 -0.435110027897 3.7105
4ed13ie-13ai-13ai -7.06815695724 -0.301774246991 3.5603
4ee13ih13ad12fh- -7.22924834969 0.21143245258 3.9334
4ee4af6li-12le- -8.35253427536 0.391299699885 4.2015
4ef13li4la-12ih -7.26870485628 0.807361759081 4.1175
4eh4fi-13he13ii -7.41537421528 1.03838640804 4.2400
4eh4la-13da13hd- -8.15715653926 0.362183519157 4.3345
4eh6ei-4ee4ea -8.20695337172 0.292794490317 4.1752
4eh6lf-6al6df -8.31062874422 -0.132791553229 4.3284
4ei12ef-13la-13ee- -7.30652867984 0.321638557207 3.8935
4ei12fh13ee12hi -7.26489526254 0.643821342092 3.9194
4ei4ad-6af-6ff- -8.81676048399 -0.343407664294 4.2644
4ei4ih12hh-12ie- -7.41401364608 1.15784438318 4.1738
4ei6if6ee-4fe- -8.84043438795 0.114287812206 4.0795
4el12lh6ff-4ld -7.7272166743 0.191840256202 3.8788
4el13af-4ae6dd- -7.88177733461 -0.647630935832 4.0339
4fa13ee-13de-12hh- -7.5579618667 0.670760612112 4.1539
4fd12ei6ff6ii- -8.39117444044 -0.324359695593 4.0120
4fd12id-13lh-4lf- -7.40857136931 -0.22313334764 3.4630
4fd4ih12ei-13il- -7.61347308977 0.493614503193 4.0254
4fd6ee-6hl4il -7.98300368257 -0.198915216006 3.8278
4fd6hl12il6lh- -7.66626317445 0.545588246363 4.0939
4fe12ll13if-6aa -7.39523779122 0.419599539098 3.8059
4fe4ia13ef-4hd- -8.02001116461 0.48653954339 4.2233
4fi13da6ea-4eh -8.29947207684 0.0489804909453 4.2744
4fi6aa-12df6li -8.48831908082 -0.0448987833665 4.2441
4fi6al-4ll13dl -8.23960703235 0.49796832461 4.4869
4fl12ia-6ld-4eh- -8.11878848802 0.428579295771 4.2659
4fl13el-12ha-13fa- -6.75522604287 0.958657053335 3.8731
4fl13hh-6fa-4df- -7.67769195567 0.118369519784 3.9730
4fl6hi-6dh-6ia -8.52831981509 0.472117509945 4.5348
4ha12hl6hl12df -7.57537715237 0.10775708008 3.6177
4ha6ld6ia12fl- -8.46654997373 -0.011156667382 4.4054
4hd13ai-12li-6lf -7.21482631624 0.616337844395 3.8275
4he12al12de-4ah- -7.68449480164 0.169799035277 3.7739
4he12ff6he4fi- -7.65211325485 0.512662471894 3.9723
4he13li-13ii-12li- -7.15224013337 1.13770795912 4.2822
4he4da13li12el- -7.78163944201 0.220956436931 4.0601
4he4ih-4ad-6hl- -8.24314451225 0.376061324924 4.3020
4hf4ei4ha-6ie -8.19824572889 0.89607087046 4.2541
4hh12fh13dd-6if -7.84204871418 0.173608629017 3.8734
4hh12il-13ai13hl -7.00584288821 1.24873040527 4.1141
4hh6ee-4he6ld -7.94926156658 0.137689602324 4.0762
4hh6hl12fa6ia -7.56803007872 0.721373786089 4.0396
4hi12ah-4hi-6di -7.61809902502 0.520825887052 4.2180
4hi13hf-6da12li -7.63306528615 0.314563597404 3.8923
4hl6id12fi-6da- -8.37648029316 -0.11347147069 4.0874
4ia13di-4ha13dl -8.23960703235 0.470484826913 4.4909
4ia13ee-6fd-12hh -7.9416423791 0.0955119573433 3.8680
4ia13hf-12ha6la -6.94761052675 0.739333299435 3.8006
4ia13li-4di-12if- -7.81075562274 0.314291483566 4.1137
4ia6ad-13af-6ah- -7.96041823396 -0.060953499843 3.9200
4id13fl-13de-13ae -7.66490260526 -0.222317006124 3.7512
4ie12df-4ii-4dh- -8.50138054507 0.250344731498 4.1664
4ie12ef-6ih4la -7.9035464417 0.433749458704 4.1829
4ie13fh6ae-13hl -7.28748071114 0.299325222443 3.6765
4ie6fd-6hd-13fh- -7.94191449294 -0.189391231655 3.7505
4if12fh13fa12fl -6.76094043348 1.17879714875 3.8948
4ih12ef-6ee12if -7.74055025239 -0.154560660316 3.7950
4ih12hd-12lh-4if -7.5960578041 0.230480421281 3.7423
4ih4fa4al-6eh- -8.12504710631 0.788585904219 4.2504
4ih4ih12ef-6ie -7.87497448865 0.431028320319 4.0453
4ii4de6dh-13ea- -8.40260322166 -0.148302042029 4.1534
4ii4fl12da-6ei- -8.57185802926 0.14041074071 4.1387
4ii4ha-12hf-13ff- -7.13727387224 1.14342234973 4.1432
4ii4il12ha12eh -7.46870852764 0.737972730242 3.9885
4il12di6he-6hd -8.29539036926 -0.0579602476186 4.0278
4il12ih-12ah13la- -6.74733474155 1.10097259091 3.9384
4la13af-4ed13fi -7.52149861233 -0.1346963501 3.5743
4la6ie-6ld-12af- -8.58872908726 0.0699332565163 4.2284
4ld12ee12da6al- -8.34409874637 -0.325992378625 3.9198
4ld13fd-12fl13eh -7.39959161264 0.093062932796 3.5646
4ld13if13al-13al- -6.7914171834 0.37497286957 3.7050
4le13fl-13dd13fd- -8.15933344997 0.21143245258 4.1677
4le13ie12ha6lh -7.02244183236 0.767361024809 3.8124
4le6le-13di-13al- -7.78381635272 0.264222537266 4.1426
4lh12ee-6hd-13ai -7.78980285717 -0.0530621985241 3.7491
4li12ll12fl13ia -7.23169737423 0.989405917095 4.0580
4li4dd-13hi-12ed- -8.15307483168 -0.623140690359 3.6439
4li6dd-4hi-6le- -8.64396819649 -0.485178974197 4.3021
6aa12le-4ef12af- -8.04069181635 0.267760017168 4.1770
6aa4dd13aa12hf -7.56204357427 -0.606813860044 3.4722
6aa6fh-13ah12fe- -6.90978670319 0.185037410238 3.4866
6ad12af6fa4ha -8.13157783843 -0.413068806972 3.8174
6ad12fl-13ai-6hl -7.38789071758 -0.0995936649221 3.5563
6af13hi-12ah12fd -7.29074607721 0.750489966817 3.9261
6af4dd13la-12ha- -7.50571600969 -0.468035802366 3.4173
6ah6ed12ha13fh- -7.40340120638 -0.0527900846855 3.4614
6ai4ad6hd-6fh -8.27525394521 -0.332523110751 3.9494
6ai6dh-13di6fi- -8.59988575464 -0.0617698413588 4.1712
6al12ie-12hf4aa -7.23795599252 0.733891022664 3.8218
6al13ff-6af-12hl -7.38598592071 0.594840851147 3.9532
6dd6di-13af12fh- -7.52258706768 -0.933078352508 3.5804
6df12de13hf6af- -7.86300147975 -0.368986365121 3.6564
6df13dh6ha4fi -7.96667685225 -0.0438103280122 3.9366
6df6hd6fl4fh- -8.03225628735 -0.692801833037 3.6605
6dh12fi-12ea6fe- -8.1383806844 0.0424497588192 3.9799
6dh13ia-13fl13ae -7.20611867341 0.638923292997 3.9138
6dh4ia13lh-13fe- -7.25428282284 0.749673625301 4.1552
6dh4ii-6ll6ad -8.98084512866 0.0487083771067 4.5415
6dh6af12di6dd- -9.2265639249 -1.053624783 4.3059
6dh6al-12ef12dh -8.10953661751 -0.228031396734 3.8911
6di12he6ah13li -7.55877820821 0.183676841045 3.8018
6di13dd-12il-4he -8.09130499032 -0.151023180415 4.1430
6di13fh-12eh6aa- -7.67605927264 0.143948220611 3.7613
6di6hi6dl-6hd -8.69893519188 -0.35565278703 4.1657
6dl12ae13ea-6hh- -7.50979771727 0.17496919821 3.8184
6dl4da-4ah-13fl -7.81347676113 0.072110167225 4.3601
6dl6aa-13ai6ii -7.83660643741 0.109117649273 4.1006
6ea13ae13de4fl- -7.92123384121 0.591303371245 4.2105
6ea13eh13aa-4ea- -7.14244403518 0.529533529886 3.8314
6ed12id12ai-6fh- -8.11633946347 -0.535792148174 3.7968
6ed13ie-13dd-6ie- -8.64587299336 -0.648447277348 4.1516
6ee4fe-12dd13dh- -8.54410241773 -0.659331830891 3.9468
6ee4ih13fa-4ld- -7.58490113672 0.247351479274 4.1497
6ef13al4fi-6fe- -7.89102920512 0.585861094473 4.2405
6ef6dl13hl13de- -7.87823985471 -0.243813999372 3.6602
6ef6ef-12ai-12ea- -8.3457314294 0.207078631163 4.1641
6ef6eh-4fd13id- -8.70601015169 -0.166805783053 4.1948
6eh12hh-13eh-6el -7.21537054392 0.557289141422 3.7059
6eh6dh-4ia-6ae -8.81594414247 0.380143032503 4.2648
6eh6ei4fd-13le- -8.4064128154 0.314019369727 4.1605
6ei4fe-12hh-6hl- -7.4387760054 0.490893364807 3.8403
6el12ih-4aa-12hi- -7.13455273386 0.822872247881 3.9922
6el13ah-6hd12il- -7.53374373506 0.320550101853 3.8246
6el6fi4dh12if -8.22736190961 0.217691070868 4.2613
6fa4ef6fl-4fe- -8.29811150765 0.137689602324 4.2625
6fa6he-13ih-6ea- -7.39523779122 0.272658066262 3.7406
6fd12di13hi12ie -7.70054951811 -0.160819278604 3.9094
6fd13df4ai-4di- -8.51090452942 -0.161363506281 4.1887
6fd4fe-6ii13lh -7.76585683937 0.370891161991 4.2936
6fe13de-12ad-4fh- -8.100284747 0.0179595133466 4.0841
6fh13ah6de-13dh -7.66980065435 -0.394837179787 3.5085
6fh13dl-6fe12ae -8.11633946347 0.035374799016 3.9911
6fh4ei4id-12le -8.42355598723 0.449532061342 4.2236
6fi4da4al-12ei -8.43117517471 0.129798301005 4.2393
6fi6al-12ll-4ff- -7.6877601677 0.427218726578 4.1430
6fl12ii4el-12il -7.81755846871 0.643821342092 4.2620
6fl13di12lh13ld- -7.45374226652 0.185037410238 3.8995
6fl4hl12ha12dh -7.57864251843 0.372251731184 3.8445
6ha12if-12id-13ei- -7.80993928123 0.422592791322 4.0271
6ha13eh-6fd-13fe13li -7.43850389156 0.116736836753 3.6595
6he13da-12hh12fl -7.21509843008 0.603004266304 3.9004
6he13de13ll12de- -7.93375107778 0.094423501989 3.9774
6he4fh-13ii-6ha- -7.60966349603 1.0106307965 4.2513
6he6al-12he-6hf -7.30380754146 0.207078631163 3.5826
6hf12al-12ad-4eh -7.8104835089 0.304767499215 3.9917
6hf12ei13ea-13ef- -7.42761933801 0.404633277976 3.9188
6hf4dl-12li4fi -7.95116636345 0.274018635455 4.2181
6hh13fl-12aa6ai -7.08393955988 0.66341353847 3.7359
6hi12ed-13fe-4ia- -7.89375034351 0.565452556579 4.1871
6hi12ei-12fe13hd -7.49483145614 0.65388955412 3.9216
6hi13ed6ha12dl -8.29484614158 -0.286263758191 4.0262
6hi13hl-12al6ii -7.12121915577 0.852532656287 3.8866
6hi6ae-12eh12la- -8.00504490349 0.334427907621 4.1736
6hi6ai-12fa6fa -8.07470604617 0.402728481106 4.2305
6hi6hd-4hf-4hi -7.90164164483 0.383136284728 4.2265
6hl12aa4le4ai- -7.48694015483 0.618514755104 4.0278
6ia12ha4fd-6fi -8.03416108422 0.0574160199414 4.0846
6id13el-13ah-4dd -7.71361098237 -0.473750192976 3.4546
6id6df-4if-4fd -9.26901368372 -0.201092126714 4.5752
6if12ff-12de12dl -8.26491361934 -0.475654989846 3.6866
6if13aa-12ia-13il- -7.12475663567 0.802191596148 3.9469
6if13di-12ii-6fi -8.15225849017 0.397014090495 4.3161
6if4ai-6aa-4eh- -8.31062874422 0.462865639433 4.2789
6ih6dl12dh-6hh -7.55605706983 -0.427490840417 3.5676
6ii6hf6fe6ha- -7.97728929196 -0.134968463938 3.8079
6il13ad4de12di -8.47743452727 -0.597289875694 4.0821
6il13ie-6id4he -7.97484026741 0.206806517325 4.1603
6la12fh12fi-4de- -7.59415300723 -0.26531099262 3.7881
6la12ha13ff13ef- -7.13672964457 0.651168415734 3.7430
6ld12ae12ee-13fh -7.50054584675 -0.179867247305 3.6378
6ld12fd13dh-6df -8.57784453371 -0.760558178845 3.7232
6ld13ia6ad-13he -7.85048424317 -0.155649115671 3.6669
6le6fd-12ha-6ff- -8.05429750827 -0.491165478646 3.5499
6lf12ee-12hd-4ed -7.99361612227 -0.606813860044 3.7153
6lf4ae-13aa4fi -7.51741690475 0.293882945672 3.8891
6lf4ia12el4ii -8.14137393662 0.34231920894 4.2070
6lh13dd-6fa6hd -8.60832128363 -0.528445074532 3.9238
6li12ai-13fi12ed- -7.45347015268 0.373340186538 3.8098
6ll12eh13ai4fh- -6.92720198886 0.622324348844 3.7632
6ll13al-12if13de -7.25890875809 0.398374659688 3.6646
6ll13id6ei13ea- -7.92422709343 0.0674842319691 4.0007
