12aa4fd-4al-12di4ah-12dh-13li-6ll -4.79546217738 -1.80710800204 2.6823
12ad4hf4ei4id6fd13af-4id-12ea -5.48363807516 -1.96575036994 3.1006
12ad6dh4ei-13id-6ff-13dd12el12df- -5.8428283421 -2.44875243343 2.9665
12ad6ia-13lf6ie-12ae12fi-13ea4ih- -4.73042696996 -1.75186889281 2.5934
12ae13dh6ed6lf13he6fh4fd6il -4.97315251398 -2.08711314195 2.4528
12al13ha-12li4ff13hl6di4hh13ah- -3.96660342505 -1.44193123066 2.2568
12al4ha-6ae12ei4fa-12fi-12da-4ee -4.93723348728 -1.79758401769 2.8026
12da12lf-6id4if12fa-6fi-4aa6ff -5.22921163609 -2.03595574029 2.8084
12df13hh13dl4fd-13ei6ii-6ie12hf -4.96172373276 -1.78615523647 2.8023
12di12ah-6he6hd-12fa-12fl-13da4ed -5.01805129734 -2.42725544018 2.2299
12ee13fe6ff-4fd12ha-12ae12aa-6le- -4.88389917492 -1.85418369612 2.6596
12ee6de-4ae-12id4fh-12el12df-6la -5.14730537067 -2.4732426789 2.4418
12ef6lh-13fl-4af-13ah-12hi-6ah-12lf -3.99571960578 -1.31866366178 2.3793
12fa13df13ef13ff-6fd12eh13la12la -4.2659286475 -1.82670019842 2.1408
12fa13ee-12hh6fh12ii6fl4ea4di- -4.76090371988 -1.49771456757 2.8450
12ff13fi12dh6ie6aa-6ad-6fa-13ll -5.0536982102 -2.28766104098 2.4821
12hd4ea-12af-4ie6hh6ea4ea13il -5.0262147125 -1.7186710045 2.9403
12he6el13ei-13if4ie13ff12hd-12la- -4.50157923171 -1.46887050068 2.6662
12hf12de-12da6ea12le-4hd-4ah6fi -5.59847011505 -2.21038071083 2.9585
12hf13ed6ia13ha6if13hl-12di-6fd -5.06458276374 -2.00983281179 2.7336
12hf4ha-4ia13ie-4ff-12ai-6fa-12df -4.98975145813 -1.70424897106 2.9810
12hh6ae13da-4fh-12ha4hi-13fa-6lh -4.48824565362 -1.35648748535 2.7638
12id6eh-6el-13ee-13eh-6ad-13ih13ef- -4.68852143882 -1.87622491704 2.5827
12id6hf6lh-12df12lh-12ld13ii12fh- -4.52416468031 -1.88683735675 2.2699
12la6fi-13hi4le6ah13dl12he6he -4.73722981592 -1.55268156297 2.7638
12la6hl-13fd12ah-13le13il4ei12el- -4.41613548639 -1.40791700084 2.5578
12ld12ei6fe-4ia12fa-4dh13fl13lh -4.53913094143 -1.88765369826 2.4546
12ld6li-4df13fa-13al-13la4ee6ah -4.58647874935 -1.7722774307 2.3892
12lh13dl-4ld12fh-12ll-12ff-6ia13fa -4.53858671376 -1.44982253198 2.6762
13aa6if12aa13hi13eh-13ff-6ah6ee -4.19817230169 -1.8533673546 2.0390
13ah12al13el6la6dd-4ai-13ah-4fd- -4.57450574045 -2.40303730854 1.8955
13al12la-6fe-4ff4dh-6af-4ei-13fe- -5.23655870973 -1.43540049854 3.3569
13di4ed4ii-12dh12hf-12if12af-4ie- -4.90757307888 -2.05146622909 2.5608
13dl13da-4df6eh13df12fl-13el-13de- -5.04907227494 -2.05282679828 2.6351
13ee6ee-13he12lf-12hf-6hf-13da6al- -4.63164964655 -1.84710873631 2.3517
13eh12ha13id-12hf-6il6ie-12ha-13he- -4.48824565362 -1.64057433283 2.5233
13fa12fa6hi-12ae-13hi-4fh12hl-4fe- -4.16960034864 -1.1657356845 2.5713
13fe4ai4fl12ah6ha13ih-13df-4fl- -4.52879061557 -1.3265549631 2.7992
13ha13dd6ea-12hf-4ff-12fd13ei-6ii -4.98022747378 -2.01962890998 2.5936
13he4ia4fi13de12lh-13ha13ai6fa- -4.53477712002 -1.1883211331 2.9321
13hl4ee-12el-4hf12al6ah-13aa12le -4.38266548425 -1.63866953596 2.4590
13ie13ai-13di-13ei-6la-12ae-4fd-4ei- -4.81859185366 -1.81118970962 2.7256
13ie13ha6de12dh4ie-4fa12hi13he -4.6580446889 -2.18888371758 2.2096
13if4ah-12al-13ef6fl-4ia-6ha-6hf- -4.64498322464 -1.39186228436 2.8402
13ih12eh-13el-12ld-6ia-6hh-12he-12ah- -4.52906272941 -1.6650645783 2.4948
13ii6fa-13ia-12fh-12fl-6ea-4ei-6lf- -4.23545189757 -1.46097919936 2.4259
13il12ia6ia-4df6fi-6hh-4ii13ef- -4.73287599451 -1.93336882315 2.4858
13le13al4fa13fe12id-4df-6ih13lh- -4.52035508657 -1.81962523862 2.4237
13lf12ai-13hi-4aa6af-13fe-12lh6ii -4.23871726364 -1.29498975783 2.6780
13li4lf13el-4fa6hl12ah13hd13df- -4.60607094573 -1.39485553659 2.8229
13ll4ah-12le4di4aa12ea-4dd-4if -4.82294567508 -2.48929739537 2.1552
13ll6ea13ha-13el-12ef-13ae-6hi4hl -4.430285406 -1.24927463294 2.7570
4aa6ld-6di6ia13ld12ie-13hd-12he -4.75518932927 -2.20412209254 2.3047
4ad12lf-13dh6fl-6hl-4hf-4ii6fd- -4.91138267262 -1.93010345708 2.6416
4af12eh13la6fh6ee4ai-6ah6dd -4.43654402429 -2.43541885533 1.8661
4af6el-6he12hi12ae13ea6da-6ld- -4.68797721114 -1.99405020915 2.3323
4dd4dd13fe13ef4di-4ah13da12ef -5.41588172936 -2.73855367152 2.4245
4df12he4dd4eh-4eh-12hf-6hi6hh -4.77859111939 -2.2073874586 2.3872
4ed6ld-13ff-13fe6ie6ee4fe6lf- -5.02022820805 -1.91813044819 2.7344
4ei12lh4fh-13ia4ed-13le13dh-4fa -4.69069834953 -1.95595427175 2.3556
4fd4af4da6ei-13hl13ef13ia-6li- -4.44661223632 -1.60329473694 2.5764
4fh4ie-13lh-6df-4ha13ae-12he6fd- -4.90974998959 -1.95649849943 2.7563
4he4hf6ih12fe-13hl6fl-4di12lf -4.46375540815 -1.38832480446 2.7179
4hh12hl-6ld4fh4af6eh-12ih-12ha- -4.46865345724 -1.50097993363 2.7077
4hi6aa13df-6ii-13dd6ha12if-4ae- -5.46322953727 -2.00738378724 3.0332
4id12fh12hh13hd-12ld-4af-13ae13il- -4.5374982584 -1.8237069462 2.2806
4id13hf-6fl-4hh-4dh13fe-12dh-13la- -4.57613842348 -1.4647887931 2.7183
4ii12aa12af12ed13la-6al6de-12fd -4.87437519057 -2.25310258348 2.3093
4ii12ea-6ed-12eh4ai-13ef6eh-6ie- -5.01941186654 -2.21772778447 2.4664
4le6fi4hf6he-13hl-6ee-12ai-4fe- -4.5198108589 -1.43077456328 2.6855
4lf13ea13hf13hl-4fd13fl-13ld-4hd -3.91599025108 -1.67540490417 1.9331
4lf13lf-13eh-12aa-4eh-12ah-4ie-4hf- -4.32960328572 -1.18668845007 2.7636
4lf6aa-12lh12af-6fd4ih12hl6ei -4.71790973339 -1.61826099806 2.7300
4ll12he6ei-12aa13le-13ha-6aa-6al- -4.40633938821 -1.55921229509 2.4480
4ll12lf-12ae4dd-12fe-12hf-4ai13ii- -4.81451014608 -2.07840549911 2.3726
6aa13ld13dl-6fe-6ea4ad4hh13ih -4.6305611912 -1.9238448388 2.4326
6af4fl12ff-13ee13fd-4ia12ai-12eh- -4.94240365022 -1.41989000974 3.1106
6ah13eh-6fa-13df12hl-6af12di-13he- -4.81505437376 -1.86806150189 2.5589
6da12dh-12dh-6af4fi-4he-4fe12ae -5.30540351089 -2.39732291793 2.5722
6dd12el-4ae13lf-12ef-12il12ld-13fe- -4.73940672663 -2.57120366079 1.8656
6dd4ha6he-13hi12ld6ad6ll12fe -4.90893364807 -2.67787228551 1.9733
6df12ee12ae13ai-6hf4he-4he-4dd- -4.8068909586 -2.11840623338 2.4429
6df13ie13ff-6da4fd12hf4ef6de- -5.19274838172 -2.17228477342 2.6795
6df6ia-12el-6ie12al-12fa-13id13li -4.49804175181 -2.14126379582 2.0743
6dh6af12fd4df12il-12dh-4ha-13fh- -4.61586704392 -2.27160632451 2.0680
6dl6ad-12da12ae-6ae-6ii13ad12ef- -5.30077757563 -2.61419764729 2.4688
6ea13ee12lf-4ef-6lh-13dh6ll-13il- -4.75056339402 -1.51050391798 2.8777
6ed6lf4ee13ee-6ff-13el-13li-4ai -4.65559566435 -2.08656891427 2.3611
6ee6fh12da-13id4fa13de-6lh13aa -5.04063674595 -2.29446388695 2.5230
6eh6da12eh12fe4fh12ei13ae12hi- -4.20497514765 -1.9273823187 1.9749
6el6eh6ea-13fh4ff4ii-12de6fa -4.89206259008 -1.82261849084 2.7861
6fa12fe-13ef4fi-13el4fe13fe6il- -4.65695623354 -1.3124050435 2.9522
6fa6la-12hi12ae-4fi13ll-4di-4ai -4.74185575118 -1.30641853905 3.0174
6fd6ed13ei-12ai6ed12fd12ah4ld -5.15356398896 -2.27242266602 2.4420
6ha12fl13eh13fd-6ee-12fd-6lf6ef- -4.61096899482 -2.06343923799 2.1970
6hf12ie-13hh6li-12hh-12ia-4fa-13ea- -4.39246158244 -1.15675592782 2.8228
6hh6hf-13df4fd-13hi-4ha-4ef- -4.88389917492 -1.52737497598 2.9225
6hl13la6ea-6ia4dd-4aa4af4ae- -4.96254007427 -2.25092567277 2.4651
6ia6df6di-4ae13ia13ai13ei-12ie- -4.7377740436 -2.0966371263 2.3768
6ii13fd6fd-6hf-4af4he-12hf-6fi- -4.92281145384 -2.12820233157 2.5538
6la6fi-4de12ld-13la12ah12il13ee -4.6651196487 -1.91105548838 2.3477
6li4ff-13fl-13hh-6ff-6ia12de13hf- -4.55572988559 -1.79295808244 2.4499
6ll13fh-6ea-6hl-13fh-4da-13fh6ed- -4.46021792825 -2.14915509714 2.0690
