12aa4fd-4al-12di4ah-12dh-13li-6ll -5.98187851361 -0.711849801738 3.3563
12ad4hf4ei4id6fd13af-4id-12ea -6.74352514781 -0.827770296975 3.6986
12ad6dh4ei-13id-6ff-13dd12el12df- -7.09291931655 -1.3575759407 3.5210
12ad6ia-13lf6ie-12ae12fi-13ea4ih- -5.92881631509 -0.649535732702 3.2656
12ae13dh6ed6lf13he6fh4fd6il -6.18895714478 -0.959745508689 3.3544
12al13ha-12li4ff13hl6di4hh13ah- -5.18621764959 -0.364088316027 3.2443
12al4ha-6ae12ei4fa-12fi-12da-4ee -6.18052161578 -0.671576953628 3.5248
12da12lf-6id4if12fa-6fi-4aa6ff -6.47576513064 -0.909132334712 3.5764
12df13hh13dl4fd-13ei6ii-6ie12hf -6.2229713746 -0.69035280849 3.6051
12di12ah-6he6hd-12fa-12fl-13da4ed -6.23331170046 -1.26913894316 3.2606
12ee13fe6ff-4fd12ha-12ae12aa-6le- -6.10324128562 -0.791307042605 3.3031
12ee6de-4ae-12id4fh-12el12df-6la -6.37045707511 -1.36192976212 3.2766
12ef6lh-13fl-4af-13ah-12hi-6ah-12lf -5.16880236392 -0.260957171203 3.0993
12fa13df13ef13ff-6fd12eh13la12la -5.44146043018 -0.804368506857 2.8103
12fa13ee-12hh6fh12ii6fl4ea4di- -6.00664087292 -0.39429295211 3.4031
12ff13fi12dh6ie6aa-6ad-6fa-13ll -6.31304105517 -1.25172365749 3.2912
12hd4ea-12af-4ie6hh6ea4ea13il -6.37862049027 -0.615521502879 3.7227
12he6el13ei-13if4ie13ff12hd-12la- -5.70432239826 -0.385585309275 3.3092
12hf12de-12da6ea12le-4hd-4ah6fi -6.8605340984 -1.09961202172 3.5494
12hf13ed6ia13ha6if13hl-12di-6fd -6.29997959092 -0.872124852665 3.3900
12hf4ha-4ia13ie-4ff-12ai-6fa-12df -6.30025170476 -0.595112964985 3.6321
12hh6ae13da-4fh-12ha4hi-13fa-6lh -5.7236424808 -0.270753269392 3.3996
12id6eh-6el-13ee-13eh-6ad-13ih13ef- -5.95140176369 -0.758653381975 3.4389
12id6hf6lh-12df12lh-12ld13ii12fh- -5.73833662808 -0.790762814928 3.0896
12la6fi-13hi4le6ah13dl12he6he -5.94895273914 -0.444906126086 3.3774
12la6hl-13fd12ah-13le13il4ei12el- -5.62622572658 -0.31347514205 3.1154
12ld12ei6fe-4ia12fa-4dh13fl13lh -5.78704500519 -0.752394763687 3.3462
12ld6li-4df13fa-13al-13la4ee6ah -5.81207947834 -0.673209636659 3.3591
12lh13dl-4ld12fh-12ll-12ff-6ia13fa -5.78377963912 -0.395381407464 3.2721
13aa6if12aa13hi13eh-13ff-6ah6ee -5.39683376065 -0.72110167225 3.1952
13ah12al13el6la6dd-4ai-13ah-4fd- -5.78867768822 -1.32628284926 3.1464
13al12la-6fe-4ff4dh-6af-4ei-13fe- -6.5889644875 -0.310481889825 4.0268
13di4ed4ii-12dh12hf-12if12af-4ie- -6.18786868942 -0.909404448551 3.6222
13dl13da-4df6eh13df12fl-13el-13de- -6.25018275846 -0.943146564535 3.2658
13ee6ee-13he12lf-12hf-6hf-13da6al- -5.82024289349 -0.772531187743 3.0053
13eh12ha13id-12hf-6il6ie-12ha-13he- -5.73833662808 -0.579058248509 3.2458
13fa12fa6hi-12ae-13hi-4fh12hl-4fe- -5.37288774286 -0.0908860220874 3.1712
13fe4ai4fl12ah6ha13ih-13df-4fl- -5.75003752314 -0.231840990474 3.3665
13ha13dd6ea-12hf-4ff-12fd13ei-6ii -6.19113405548 -0.966004126976 3.1777
13he4ia4fi13de12lh-13ha13ai6fa- -5.78105850074 -0.0517016293311 3.5882
13hl4ee-12el-4hf12al6ah-13aa12le -5.5911230414 -0.57307174406 3.2854
13ie13ai-13di-13ei-6la-12ae-4fd-4ei- -6.0678664866 -0.688175897781 3.6027
13ie13ha6de12dh4ie-4fa12hi13he -5.94895273914 -1.14995308186 3.0262
13if4ah-12al-13ef6fl-4ia-6ha-6hf- -5.89208094688 -0.284086847483 3.4038
13ih12eh-13el-12ld-6ia-6hh-12he-12ah- -5.77969793154 -0.594568737308 3.1598
13ii6fa-13ia-12fh-12fl-6ea-4ei-6lf- -5.41207213562 -0.367625795928 3.1903
13il12ia6ia-4df6fi-6hh-4ii13ef- -6.07494144641 -0.846546151838 3.5650
13le13al4fa13fe12id-4df-6ih13lh- -5.78704500519 -0.718108420026 3.5702
13lf12ai-13hi-4aa6af-13fe-12lh6ii -5.52663206166 -0.177962450435 3.5522
13li4lf13el-4fa6hl12ah13hd13df- -5.84691004967 -0.306944409924 3.3894
13ll4ah-12le4di4aa12ea-4dd-4if -6.08963559369 -1.37553545405 3.5451
13ll6ea13ha-13el-12ef-13ae-6hi4hl -5.62867475113 -0.107212852402 3.3550
4aa6ld-6di6ia13ld12ie-13hd-12he -5.97208241542 -1.06668624725 3.4399
4ad12lf-13dh6fl-6hl-4hf-4ii6fd- -6.1764399082 -0.809266555952 3.3290
4af12eh13la6fh6ee4ai-6ah6dd -5.6425525569 -1.23594105485 3.3865
4af6el-6he12hi12ae13ea6da-6ld- -5.8915367192 -0.829947207684 3.3172
4dd4dd13fe13ef4di-4ah13da12ef -6.66597270381 -1.65118677253 3.1964
4df12he4dd4eh-4eh-12hf-6hi6hh -6.09017982137 -1.10968023375 3.5254
4ed6ld-13ff-13fe6ie6ee4fe6lf- -6.2229713746 -0.785864765833 3.4512
4ei12lh4fh-13ia4ed-13le13dh-4fa -5.91929233074 -0.891717049043 3.1544
4fd4af4da6ei-13hl13ef13ia-6li- -5.639015077 -0.472117509945 3.4986
4fh4ie-13lh-6df-4ha13ae-12he6fd- -6.19929747064 -0.808722328274 3.4886
4he4hf6ih12fe-13hl6fl-4di12lf -5.68990036481 -0.300141563959 3.3589
4hh12hl-6ld4fh4af6eh-12ih-12ha- -5.78704500519 -0.419327425259 3.5058
4hi6aa13df-6ii-13dd6ha12if-4ae- -6.70406864122 -0.874029649535 3.6146
4id12fh12hh13hd-12ld-4af-13ae13il- -5.70976467503 -0.730897770439 2.9638
4id13hf-6fl-4hh-4dh13fe-12dh-13la- -5.83412069926 -0.374428641893 3.3262
4ii12aa12af12ed13la-6al6de-12fd -6.06949916964 -1.15403478944 3.2035
4ii12ea-6ed-12eh4ai-13ef6eh-6ie- -6.23031844824 -1.13988486983 3.3385
4le6fi4hf6he-13hl-6ee-12ai-4fe- -5.7222819116 -0.348849941066 3.2876
4lf13ea13hf13hl-4fd13fl-13ld-4hd -5.10077390427 -0.600283127918 3.0688
4lf13lf-13eh-12aa-4eh-12ah-4ie-4hf- -5.53642815985 -0.0862600868314 3.4026
4lf6aa-12lh12af-6fd4ih12hl6ei -5.97888526139 -0.497696210772 3.4342
4ll12he6ei-12aa13le-13ha-6aa-6al- -5.60146336727 -0.431300434157 3.2059
4ll12lf-12ae4dd-12fe-12hf-4ai13ii- -6.03085900456 -1.05117575845 3.0082
6aa13ld13dl-6fe-6ea4ad4hh13ih -5.98024583058 -0.804640620696 3.5789
6af4fl12ff-13ee13fd-4ia12ai-12eh- -6.18215429881 -0.305855954569 3.6449
6ah13eh-6fa-13df12hl-6af12di-13he- -6.02187924788 -0.78640899351 3.1816
6da12dh-12dh-6af4fi-4he-4fe12ae -6.53182058139 -1.26723414629 3.3050
6dd12el-4ae13lf-12ef-12il12ld-13fe- -5.92936054277 -1.43240724631 3.0420
6dd4ha6he-13hi12ld6ad6ll12fe -6.12228925432 -1.47213586674 3.1794
6df12ee12ae13ai-6hf4he-4he-4dd- -5.9655516833 -0.946956158275 3.2292
6df13ie13ff-6da4fd12hf4ef6de- -6.40311073574 -1.12491860871 3.3318
6df6ia-12el-6ie12al-12fa-13id13li -5.6616005256 -1.04682193704 2.9844
6dh6af12fd4df12il-12dh-4ha-13fh- -5.85833883089 -1.18696056391 3.2393
6dl6ad-12da12ae-6ae-6ii13ad12ef- -6.55848773757 -1.4696868422 3.5778
6ea13ee12lf-4ef-6lh-13dh6ll-13il- -5.98269485513 -0.402728481106 3.4455
6ed6lf4ee13ee-6ff-13el-13li-4ai -5.84582159432 -0.944779247567 3.2659
6ee6fh12da-13id4fa13de-6lh13aa -6.26650958877 -1.17498755501 3.3911
6eh6da12eh12fe4fh12ei13ae12hi- -5.41098368026 -0.846818265676 2.9260
6el6eh6ea-13fh4ff4ii-12de6fa -6.12528250655 -0.656610692505 3.7115
6fa12fe-13ef4fi-13el4fe13fe6il- -5.87140029515 -0.202724809746 3.4428
6fa6la-12hi12ae-4fi13ll-4di-4ai -5.98650444887 -0.171703832147 3.6236
6fd6ed13ei-12ai6ed12fd12ah4ld -6.3421572359 -1.15621170015 3.1463
6ha12fl13eh13fd-6ee-12fd-6lf6ef- -5.78486809448 -0.993215510835 3.0100
6hf12ie-13hh6li-12hh-12ia-4fa-13ea- -5.59819800121 -0.0348305713389 3.3758
6hh6hf-13df4fd-13hi-4ha-4ef- -6.13916031231 -0.432388889511 3.4563
6hl13la6ea-6ia4dd-4aa4af4ae- -6.16419478546 -1.14750405731 3.4462
6ia6df6di-4ae13ia13ai13ei-12ie- -5.96527956946 -0.956480142626 3.5442
6ii13fd6fd-6hf-4af4he-12hf-6fi- -6.20582820277 -1.0226038054 3.3335
6la6fi-4de12ld-13la12ah12il13ee -5.87629834424 -0.827770296975 3.0927
6li4ff-13fl-13hh-6ff-6ia12de13hf- -5.78459598064 -0.709945004868 3.3230
6ll13fh-6ea-6hl-13fh-4da-13fh6ed- -5.64282467074 -1.02722974066 2.9815
