12aa4fd-4al-12di4ah-12dh-13li-6ll -7.50109007443 -0.0378238235633 3.8252
12ad4hf4ei4id6fd13af-4id-12ea -8.32205752544 -0.131703097875 4.1474
12ad6dh4ei-13id-6ff-13dd12el12df- -8.6771660848 -0.6269502841 4.0449
12ad6ia-13lf6ie-12ae12fi-13ea4ih- -7.45074901429 0.0568717922642 3.7980
12ae13dh6ed6lf13he6fh4fd6il -7.82762668073 -0.267760017168 3.9144
12al13ha-12li4ff13hl6di4hh13ah- -6.753321246 0.273202293939 3.7953
12al4ha-6ae12ei4fa-12fi-12da-4ee -7.74599252916 0.0718380533864 4.0498
12da12lf-6id4if12fa-6fi-4aa6ff -8.11062507286 -0.255242780593 4.0890
12df13hh13dl4fd-13ei6ii-6ie12hf -7.84096025882 -0.0397286204334 4.1300
12di12ah-6he6hd-12fa-12fl-13da4ed -7.79089131252 -0.506131739768 3.7549
12ee13fe6ff-4fd12ha-12ae12aa-6le- -7.66599106061 -0.156737571025 3.8131
12ee6de-4ae-12id4fh-12el12df-6la -7.92558766262 -0.679468254947 3.7491
12ef6lh-13fl-4af-13ah-12hi-6ah-12lf -6.7067897796 0.357557583901 3.5957
12fa13df13ef13ff-6fd12eh13la12la -7.0001284976 -0.223949689155 3.4306
12fa13ee-12hh6fh12ii6fl4ea4di- -7.60830292683 0.283270505967 3.8986
12ff13fi12dh6ie6aa-6ad-6fa-13ll -7.92722034566 -0.687903783943 3.7435
12hd4ea-12af-4ie6hh6ea4ea13il -8.04776677615 0.0731986225793 4.2159
12he6el13ei-13if4ie13ff12hd-12la- -7.25999721345 0.29796465325 3.8203
12hf12de-12da6ea12le-4hd-4ah6fi -8.43825013452 -0.380959374019 4.0490
12hf13ed6ia13ha6if13hl-12di-6fd -7.8570149753 -0.0971446403748 3.8877
12hf4ha-4ia13ie-4ff-12ai-6fa-12df -7.92449920727 0.113199356851 4.1340
12hh6ae13da-4fh-12ha4hi-13fa-6lh -7.32503242087 0.389122789176 3.8854
12id6eh-6el-13ee-13eh-6ad-13ih13ef- -7.5234034092 -0.0462593525594 3.9631
12id6hf6lh-12df12lh-12ld13ii12fh- -7.32856990077 -0.0756476471266 3.6216
12la6fi-13hi4le6ah13dl12he6he -7.4804094227 0.253065869884 3.8856
12la6hl-13fd12ah-13le13il4ei12el- -7.17373712661 0.411708237779 3.6081
12ld12ei6fe-4ia12fa-4dh13fl13lh -7.37809461939 0.0171431718308 3.8441
12ld6li-4df13fa-13al-13la4ee6ah -7.42544242731 -0.0293882945672 4.0418
12lh13dl-4ld12fh-12ll-12ff-6ia13fa -7.40857136931 0.203269037423 3.7622
13aa6if12aa13hi13eh-13ff-6ah6ee -6.95223646201 -0.0312930914373 3.8211
13ah12al13el6la6dd-4ai-13ah-4fd- -7.33482851906 -0.675930775045 3.8664
13al12la-6fe-4ff4dh-6af-4ei-13fe- -8.26137613944 0.324631809432 4.4229
13di4ed4ii-12dh12hf-12if12af-4ie- -7.83252472983 -0.188574890139 4.1929
13dl13da-4df6eh13df12fl-13el-13de- -7.83959968963 -0.256603349786 3.8216
13ee6ee-13he12lf-12hf-6hf-13da6al- -7.35360437392 -0.129254073328 3.4943
13eh12ha13id-12hf-6il6ie-12ha-13he- -7.29782103701 0.100954234115 3.7788
13fa12fa6hi-12ae-13hi-4fh12hl-4fe- -6.91686166299 0.581235159217 3.6620
13fe4ai4fl12ah6ha13ih-13df-4fl- -7.3076171352 0.427218726578 3.8296
13ha13dd6ea-12hf-4ff-12fd13ei-6ii -7.78490480808 -0.343951891971 3.6733
13he4ia4fi13de12lh-13ha13ai6fa- -7.36176778908 0.668855815242 4.1209
13hl4ee-12el-4hf12al6ah-13aa12le -7.12774988789 0.0552391092327 3.7999
13ie13ai-13di-13ei-6la-12ae-4fd-4ei- -7.58979918581 0.0258508146656 4.1231
13ie13ha6de12dh4ie-4fa12hi13he -7.54979845154 -0.502594259866 3.6742
13if4ah-12al-13ef6fl-4ia-6ha-6hf- -7.49020552089 0.376061324924 3.8799
13ih12eh-13el-12ld-6ia-6hh-12he-12ah- -7.33564486057 0.0427218726578 3.5977
13ii6fa-13ia-12fh-12fl-6ea-4ei-6lf- -6.96448158474 0.292522376479 3.7442
13il12ia6ia-4df6fi-6hh-4ii13ef- -7.75170691977 -0.215786273998 4.0815
13le13al4fa13fe12id-4df-6ih13lh- -7.39469356354 -0.0201364240553 4.1622
13lf12ai-13hi-4aa6af-13fe-12lh6ii -7.15632184094 0.531982554434 4.0577
13li4lf13el-4fa6hl12ah13hd13df- -7.43142893175 0.352931648645 3.8820
13ll4ah-12le4di4aa12ea-4dd-4if -7.65374593788 -0.673753864336 4.0763
13ll6ea13ha-13el-12ef-13ae-6hi4hl -7.13972289679 0.609807112269 3.8835
4aa6ld-6di6ia13ld12ie-13hd-12he -7.48313056109 -0.395381407464 3.9302
4ad12lf-13dh6fl-6hl-4hf-4ii6fd- -7.83524586821 -0.0723822810636 3.8360
4af12eh13la6fh6ee4ai-6ah6dd -7.22353395908 -0.40381693646 3.9709
4af6el-6he12hi12ae13ea6da-6ld- -7.39659836042 -0.0647630935832 3.8674
4dd4dd13fe13ef4di-4ah13da12ef -8.2181100391 -0.973895428295 3.7667
4df12he4dd4eh-4eh-12hf-6hi6hh -7.71116195782 -0.427218726578 3.9663
4ed6ld-13ff-13fe6ie6ee4fe6lf- -7.81211619193 -0.104491714017 3.9311
4ei12lh4fh-13ia4ed-13le13dh-4fa -7.48095365038 -0.237283267246 3.7264
4fd4af4da6ei-13hl13ef13ia-6li- -7.17264867126 0.175785539726 4.0629
4fh4ie-13lh-6df-4ha13ae-12he6fd- -7.77646927908 -0.051157401654 3.9545
4hh12hl-6ld4fh4af6eh-12ih-12ha- -7.41319730457 0.184221068722 4.0302
4hi6aa13df-6ii-13dd6ha12if-4ae- -8.27144435147 -0.146397245159 4.1038
4id12fh12hh13hd-12ld-4af-13ae13il- -7.2300646912 -0.0527900846855 3.5060
4id13hf-6fl-4hh-4dh13fe-12dh-13la- -7.42625876882 0.300957905475 3.8674
4ii12aa12af12ed13la-6al6de-12fd -7.6221807326 -0.476471331362 3.7377
4ii12ea-6ed-12eh4ai-13ef6eh-6ie- -7.77265968534 -0.466675233173 3.9131
4le6fi4hf6he-13hl-6ee-12ai-4fe- -7.24884054606 0.300413677798 3.7632
4lf13ea13hf13hl-4fd13fl-13ld-4hd -6.66542847614 0.011156667382 3.7652
4lf13lf-13eh-12aa-4eh-12ah-4ie-4hf- -7.08176264917 0.580418817702 3.9279
4lf6aa-12lh12af-6fd4ih12hl6ei -7.57918674611 0.184221068722 3.9262
4ll12he6ei-12aa13le-13ha-6aa-6al- -7.13536907537 0.287080099707 3.7794
4ll12lf-12ae4dd-12fe-12hf-4ai13ii- -7.55061479305 -0.457151248823 3.4451
6aa13ld13dl-6fe-6ea4ad4hh13ih -7.64313349817 -0.140954968387 4.2159
6af4fl12ff-13ee13fd-4ia12ai-12eh- -7.78844228798 0.391299699885 4.1279
6ah13eh-6fa-13df12hl-6af12di-13he- -7.60340487774 -0.110206104627 3.7274
6da12dh-12dh-6af4fi-4he-4fe12ae -8.11008084518 -0.459328159531 3.8798
6dd12el-4ae13lf-12ef-12il12ld-13fe- -7.49319877311 -0.677291344238 3.5903
6dd4ha6he-13hi12ld6ad6ll12fe -7.66762374365 -0.642460772899 3.7526
6df12ee12ae13ai-6hf4he-4he-4dd- -7.46462682006 -0.160547164765 3.7906
6df13ie13ff-6da4fd12hf4ef6de- -7.98926230085 -0.55184686465 3.8315
6df6ia-12el-6ie12al-12fa-13id13li -7.19659468906 -0.360278722286 3.5823
6dh6af12fd4df12il-12dh-4ha-13fh- -7.45564706339 -0.512390358055 3.8808
6dl6ad-12da12ae-6ae-6ii13ad12ef- -8.10844816215 -0.71348248477 4.1237
6ea13ee12lf-4ef-6lh-13dh6ll-13il- -7.57537715237 0.275379204648 3.9217
6ed6lf4ee13ee-6ff-13el-13li-4ai -7.38516957919 -0.282182050613 3.8173
6ee6fh12da-13id4fa13de-6lh13aa -7.80558545981 -0.504226942898 3.9289
6eh6da12eh12fe4fh12ei13ae12hi- -6.95169223433 -0.17877879195 3.5140
6el6eh6ea-13fh4ff4ii-12de6fa -7.7307541542 0.103403258662 4.1999
6fa12fe-13ef4fi-13el4fe13fe6il- -7.43142893175 0.52300279776 3.9329
6fa6la-12hi12ae-4fi13ll-4di-4ai -7.55442438679 0.536336375851 4.1097
6fd6ed13ei-12ai6ed12fd12ah4ld -7.85783131682 -0.48463474652 3.6933
6ha12fl13eh13fd-6ee-12fd-6lf6ef- -7.35169957705 -0.362455632995 3.6628
6hf12ie-13hh6li-12hh-12ia-4fa-13ea- -7.1693833052 0.687631670104 3.8829
6hh6hf-13df4fd-13hi-4ha-4ef- -7.76449627018 0.201364240553 3.9193
6hl13la6ea-6ia4dd-4aa4af4ae- -7.71279464085 -0.477015559039 3.9316
6ia6df6di-4ae13ia13ai13ei-12ie- -7.47741617047 -0.277828229195 4.1662
6ii13fd6fd-6hf-4af4he-12hf-6fi- -7.84585830792 -0.382047829373 3.8362
6la6fi-4de12ld-13la12ah12il13ee -7.40748291396 -0.189935459332 3.6177
6li4ff-13fl-13hh-6ff-6ia12de13hf- -7.41782323982 -0.0525179708469 3.8869
6ll13fh-6ea-6hl-13fh-4da-13fh6ed- -7.2229897314 -0.32109432953 3.4774
