1212 -5.28417863148 -0.530349871402 4.6506
1212- -5.29642375422 -0.5268123915 4.6570
1212-12 -4.95519300063 -0.970085834555 3.8117
1212-1212- -4.78049591626 -1.20872967099 3.3497
1212-124- -4.85151762813 -1.25907073113 3.3431
1212-13-8 -5.16961870544 -2.58072764514 2.0817
1212-4 -5.07682788648 -1.06178819816 3.7934
1212-4-13 -4.78757087606 -1.17580389653 3.3802
1212-413 -4.78757087606 -1.17580389653 3.3802
1212-5 -5.01614650047 -1.18287885633 3.6280
1212-5- -4.99737064561 -1.18151828714 3.6212
1212-55- -4.8950558423 -1.58805636198 3.0760
1212-58- -5.35003018042 -2.68657992835 2.2182
1212-8-13 -5.36853392144 -2.43296983079 2.2178
1212128- -5.26186529672 -2.55650951351 2.2038
121213 -4.71355591197 -0.770082163195 3.7607
121213- -4.70294347226 -0.709672891029 3.7974
1212134 -4.64035728939 -1.04328445713 3.3446
12124-4 -5.01669072815 -1.22206324908 3.5323
12125 -4.97424096933 -1.15457901712 3.6376
12125-12 -4.82321778892 -1.43322358783 3.1804
121254- -4.89070202089 -1.38614789375 3.2576
12128-13- -5.35302343264 -2.3992277148 2.2145
12128-5- -5.52391092327 -2.49555601366 2.2040
1213 -4.95247186225 -0.157009684863 4.6576
1213- -4.97015926175 -0.140954968387 4.6829
1213-12 -4.73369233602 -0.670488498273 3.8921
1213-125- -4.64634379384 -1.15430690328 3.2371
1213-13 -4.53423289234 -0.413068806972 3.9148
1213-13- -4.51191955758 -0.459056045693 3.8788
1213-13-4 -4.64198997242 -0.709945004868 3.5764
1213-13-5 -4.63219387423 -0.882193064692 3.4192
1213-13-8- -4.97315251398 -2.57419691301 1.9016
1213-134- -4.50865419151 -0.824504930912 3.4154
1213-4 -4.83736770852 -0.812804035853 3.8098
1213-4-5 -4.84661957904 -1.18342308401 3.3693
1213-48- -5.14023041087 -2.65229358469 2.0909
1213-8 -5.51057734518 -2.61909569638 2.2325
121312 -4.67845322679 -0.631304105517 3.8889
121312- -4.70539249681 -0.652256871088 3.8878
121313-8 -4.96145161892 -2.52222316984 1.9502
12131313- -4.45123817157 -0.459872387209 3.6628
1213135 -4.59790753057 -0.807089645243 3.4471
12135- -4.77178827343 -0.908588107035 3.6629
12138 -5.49343417335 -2.57446902685 2.2302
12138- -5.49343417335 -2.57446902685 2.2302
12138-13- -5.15247553361 -2.39977194248 2.2185
124 -5.54513580268 -0.719468989219 4.6333
124- -5.54513580268 -0.719468989219 4.6334
124-12 -5.17968691746 -1.12056478729 3.8901
124-128- -5.51030523134 -2.62725911154 2.2069
124-13 -4.95029495154 -0.939881198472 3.8276
124-13- -5.01097633754 -0.908315993196 3.8705
124-5 -5.27084505339 -1.30533008369 3.7613
124-5-12- -5.000091784 -1.50506164121 3.2751
124-8- -5.88391753172 -2.69828082341 2.1607
124-812 -5.68391386036 -2.50480788417 2.1528
124-85 -5.71112524422 -2.56086333492 2.1638
12413 -4.95029495154 -0.939881198472 3.8276
12413- -4.94893438234 -0.939609084634 3.8256
12413-4- -4.89832120837 -1.09879568021 3.5064
12413-5 -4.79301315283 -1.24492081153 3.3145
1244 -5.42105189229 -1.0381142942 4.1239
1244- -5.42105189229 -1.03838640804 4.1238
1244-12- -5.23193277447 -1.23702951021 3.6991
1244-4- -5.37343197054 -1.18587210855 3.8708
1248- -5.88391753172 -2.69828082341 2.1607
125 -5.38812611782 -0.896615098137 4.3333
125- -5.40118758207 -0.901241033393 4.3207
125-12 -5.04907227494 -1.30124837611 3.5748
125-124 -4.92634893374 -1.48655790019 3.2056
125-13 -4.83301388711 -1.09553031414 3.5403
125-13- -4.82430624427 -1.12900031629 3.5228
125-13-8 -5.24281732802 -2.6114765089 2.1331
125-135- -4.72825005925 -1.36655569737 3.1320
125-4 -5.1883945603 -1.36410667283 3.6033
125-4- -5.1883945603 -1.36410667283 3.6033
125-412- -5.02050032189 -1.52356538224 3.2692
125-413 -4.87056559683 -1.42070635125 3.2202
125-5 -5.11954975914 -1.468326273 3.4512
125-8 -5.79303150963 -2.70943749079 2.2173
125-84- -5.63221223103 -2.56467292866 2.1655
125128 -5.34050619607 -2.59297276788 2.2063
12513- -4.80607461709 -1.08382941908 3.5334
125138- -5.21914342406 -2.58208821433 2.1365
1255 -5.07818845567 -1.44737350743 3.4540
1258-5- -5.58105482938 -2.55732585502 2.2157
128 -6.37780414875 -2.73610464697 2.2017
128- -6.37780414875 -2.73610464697 2.2017
128-12- -6.045281038 -2.52412796671 2.1926
128-12-8- -6.30651032304 -2.88168555061 2.1936
128-124 -5.67275719298 -2.48004552486 2.1974
128-13 -5.74731638475 -2.47242633738 2.2202
128-4 -6.1418814507 -2.56385658715 2.1505
128-4-4 -6.03738973668 -2.53991056935 2.1520
128-5- -6.11004413159 -2.58372089736 2.2024
128-512- -5.56363954371 -2.52848178813 2.2093
128-54- -5.8188823243 -2.53501252026 2.2055
128-84- -6.13399014938 -2.95896588077 1.9573
12812-12- -5.49261783184 -2.43650731069 2.1948
12813 -5.74731638475 -2.47242633738 2.2202
12813- -5.74704427091 -2.47460324809 2.2132
12813-4 -5.44282099938 -2.46943308516 2.2169
1284 -6.1418814507 -2.56385658715 2.1505
1284-13 -5.38486075176 -2.45936487313 2.1539
12844- -6.03711762284 -2.53991056935 2.1519
1285 -6.1108604731 -2.58290455585 2.2047
12858- -6.34297357741 -2.93012181388 2.2033
1288- -6.35848406621 -3.16713296729 1.9790
1312 -4.95274397608 -0.157009684863 4.6579
1312- -4.97015926175 -0.140954968387 4.6829
1312-12 -4.73015485612 -0.721373786089 3.8050
1312-12- -4.70294347226 -0.709672891029 3.7974
1312-13- -4.54566167356 -0.495247186225 3.8412
1312-134- -4.50566093929 -0.880016153984 3.3563
1312-4 -4.82974852104 -0.847634607192 3.7275
1312-4- -4.82974852104 -0.847634607192 3.7275
1312-5 -4.78593819303 -0.987229006386 3.5624
1312-55 -4.69940599236 -1.46696570381 2.9969
1312-8 -5.4373787226 -2.53555674793 2.2068
1312-8- -5.4373787226 -2.53555674793 2.2068
1312-8-4 -5.3005054618 -2.40875169915 2.1550
1312-813- -5.14213520774 -2.33963478415 2.2247
131212- -4.74076729583 -0.782055172093 3.7707
13121313- -4.33422922098 -0.684910531718 3.3964
13124 -4.83138120408 -0.914302497645 3.6789
13124- -4.83138120408 -0.914302497645 3.6789
131244 -4.81287746305 -1.15349056176 3.3860
131244- -4.81287746305 -1.15349056176 3.3860
13125 -4.77695843636 -1.05607380755 3.5103
13125- -4.79328526667 -1.05444112452 3.5184
131285- -5.27601521632 -2.4958281275 2.2122
131288- -5.63302857255 -3.01883092526 1.9823
1313 -4.64824859071 0.274290749294 4.7867
1313- -4.69097046337 0.293610831833 4.8117
1313-12 -4.53423289234 -0.413068806972 3.9148
1313-12-13- -4.33422922098 -0.684910531718 3.3964
1313-124 -4.50021866252 -0.922465912803 3.2946
1313-13- -4.53831459992 0.0152383749608 4.2388
1313-5 -4.59518639218 -0.755388015912 3.5984
1313-813 -4.95954682205 -2.35487315911 2.0744
1313-84 -5.11791707611 -2.40956804067 2.1588
131312- -4.67382729153 -0.387762219983 4.0326
131312-5 -4.60008444128 -1.0585228321 3.2618
1313128- -4.98893511662 -2.58943528797 1.9292
131313- -4.53804248608 0.0146941472836 4.2379
131313-8 -4.94213153638 -2.53201926803 1.9410
13131312 -4.53069541244 -0.46912425772 3.7295
13134 -4.79845542961 -0.504771170575 3.9431
13134- -4.79845542961 -0.504771170575 3.9430
13135- -4.76308063059 -0.707768094159 3.7435
131355- -4.71301168429 -1.30614642521 3.1071
13138-12- -5.16336008715 -2.43052080624 2.1913
13138-5- -5.19057147101 -2.48984162305 2.1606
134 -5.17696577908 -0.437014824767 4.5223
134- -5.17696577908 -0.437014824767 4.5223
134-12- -4.94893438234 -0.939609084634 3.8256
134-128 -5.26295375207 -2.6030409799 2.2075
134-13- -4.88145015037 -0.64218865906 3.9682
134-13-13- -4.64797647687 -0.779878261384 3.5558
134-13-5 -4.6735551777 -1.11865999042 3.3151
134-412- -5.07818845567 -1.11240137214 3.6457
134-5- -5.02403780179 -1.15757226934 3.6534
134-8 -5.5424146643 -2.64140903114 2.1617
134-8- -5.5424146643 -2.64140903114 2.1617
134-8-13- -5.29941700644 -2.42072470805 2.1774
13412-8- -5.26023261368 -2.59025162949 2.2070
13413 -4.77178827343 -0.738244844081 3.8431
1341312- -4.62947273585 -0.988861689418 3.4117
1344 -5.1764215514 -0.833212573747 4.0199
1345- -5.02403780179 -1.15757226934 3.6534
13454- -4.94947861002 -1.4661493623 3.2248
1348 -5.5424146643 -2.64140903114 2.1617
1348- -5.5424146643 -2.64140903114 2.1617
1348-8 -5.69098882016 -3.07706328672 1.9569
135 -5.06131739768 -0.640828089867 4.2320
135- -5.07465097577 -0.616609958233 4.2403
135-12- -4.80607461709 -1.08382941908 3.5334
135-13- -4.63872460636 -0.910220790067 3.5340
135-13-12- -4.49259947504 -1.09389763111 3.1833
135-4 -5.03927617675 -1.03376047278 3.7010
135-4-8 -5.20118391071 -2.65637529227 2.1617
135-5- -4.87655210128 -1.29063593641 3.3768
135-5-13 -4.59573061986 -1.37172586031 3.0067
135-58 -5.20825887052 -2.64385805569 2.1512
135-8- -5.49152937648 -2.61120439506 2.2170
135-8-4- -5.35982627861 -2.48113398022 2.1653
13512 -4.79791120193 -1.11757153507 3.5168
13512- -4.82430624427 -1.12900031629 3.5229
13512-4- -4.7497470525 -1.35866439605 3.1583
13513- -4.63872460636 -0.910220790067 3.5340
13513-13 -4.39817597305 -0.994031852351 3.1671
1354 -4.930974869 -1.21145080938 3.5009
1358 -5.4888082381 -2.63079659144 2.2202
138 -6.16718803769 -2.64549073872 2.2275
138- -6.16718803769 -2.64549073872 2.2275
138-12 -5.74731638475 -2.47242633738 2.2202
138-125 -5.41343270481 -2.42970446472 2.2239
138-13 -5.51710807731 -2.43133714776 2.2386
138-13- -5.51411482508 -2.43922844908 2.2430
138-1312 -5.16063894876 -2.39405755187 2.2340
138-4 -5.88582232859 -2.51079438862 2.1742
138-5-4 -5.61806231142 -2.49691658286 2.2282
138-5-5- -5.48173327829 -2.50045406276 2.2312
138-8- -6.2871902405 -3.08332190501 1.9903
13812 -5.74731638475 -2.47242633738 2.2202
13812-13 -5.13315545107 -2.34045112567 2.2171
13812-13- -5.13859772784 -2.40739112996 2.2134
1381313- -4.9690708064 -2.34807031315 2.0926
1384 -5.88582232859 -2.51079438862 2.1742
1384-5- -5.64146410154 -2.49174641992 2.1776
1385- -5.79820167257 -2.53582886177 2.2276
1385-13- -5.19628586162 -2.43922844908 2.2339
1388 -6.2871902405 -3.08304979117 1.9905
1388- -6.2871902405 -3.08332190501 1.9903
1388-12- -6.06187998216 -2.85175302837 1.9897
412 -5.54513580268 -0.719468989219 4.6334
412- -5.54513580268 -0.719468989219 4.6333
412-12-13 -4.6389967202 -1.08219673605 3.2790
412-13 -4.82974852104 -0.847634607192 3.7275
412-4 -5.23057220528 -1.13362625154 3.8406
412-5 -5.14730537067 -1.23866219324 3.6748
412-5-8- -5.46078051272 -2.66072911368 2.2158
41212 -5.05560300707 -1.03893063572 3.8084
41213 -4.83138120408 -0.914302497645 3.6789
41213-5 -4.71790973339 -1.17253853046 3.2811
4121312 -4.62294200372 -1.06124397048 3.2971
4124- -5.23057220528 -1.13362625154 3.8406
41248- -5.51302636973 -2.68957318057 2.1614
4128 -5.96527956946 -2.66263391055 2.2065
412812 -5.67194085146 -2.47841284183 2.1974
413 -5.17696577908 -0.437014824767 4.5223
413- -5.17696577908 -0.437014824767 4.5223
413-12 -4.83736770852 -0.812804035853 3.8099
413-12- -4.81451014608 -0.785592651995 3.8226
413-13 -4.62158143453 -0.610079226107 3.7632
413-13-8 -5.06403853607 -2.57093154695 1.9735
413-4- -5.03927617675 -0.743142893175 3.9761
413-55 -4.90158657443 -1.27022739851 3.3172
41312 -4.81451014608 -0.785592651995 3.8226
41312-5- -4.71328379813 -1.14478291893 3.2973
41313 -4.77886323323 -0.549125726264 3.9049
41313- -4.72498469319 -0.490893364807 3.8986
41313-5- -4.53777037224 -0.993487624674 3.2836
4135 -4.99709853177 -0.864505665184 3.8310
4135- -4.91029421726 -1.01525673176 3.6664
413512- -4.82430624427 -1.22696129818 3.3150
4138- -5.69860800765 -2.6220889486 2.2316
4138-8- -5.90133281739 -3.0261779989 1.9914
44 -6.08718656914 -0.634297357741 5.0840
44- -6.08691445531 -0.634297357741 5.0840
44-12 -5.42105189229 -1.03838640804 4.1239
44-124 -5.17016293311 -1.28873113954 3.5824
44-13 -5.17016293311 -0.821511678688 4.0274
44-4 -5.8118073645 -0.946411930598 4.4893
44-4-12- -5.3731598567 -1.18587210855 3.8707
44-5-12- -5.1573735827 -1.37172586031 3.5062
44-8- -6.33127268236 -2.74290749294 2.1594
44-813 -5.78568443599 -2.49256276144 2.1756
44-84 -6.1073229932 -2.5769180514 2.1109
4412- -5.42105189229 -1.03838640804 4.1238
441212- -5.03709926605 -1.24709772223 3.5191
4413- -5.16961870544 -0.822055906365 4.0270
4413-13 -4.71192322894 -0.886274772271 3.4992
444 -5.8118073645 -0.946411930598 4.4893
444- -5.8118073645 -0.946411930598 4.4893
4445- -5.54568003036 -1.24736983607 3.9314
445 -5.62241613284 -1.13144934084 4.1592
445-4- -5.39139148388 -1.35648748535 3.6854
445-8- -5.92065289993 -2.70889326311 2.2136
448 -6.33181691003 -2.74317960677 2.1595
448-8- -6.32746308861 -3.169309878 1.9572
4485 -6.08364908924 -2.59651024778 2.1626
45 -5.79466419267 -0.888723796818 4.5984
45- -5.70132914603 -1.02859030985 4.4214
45-12 -5.18785033262 -1.36410667283 3.6028
45-13- -4.93070275516 -1.21145080938 3.5009
45-413- -4.94947861002 -1.4661493623 3.2248
45-48- -5.63983141851 -2.71678456443 2.1622
45-5 -5.27220562258 -1.51213660102 3.5197
45-5- -5.25342976772 -1.51023180415 3.5142
45-8 -6.05643770538 -2.72059415817 2.2144
45-8- -6.05643770538 -2.72059415817 2.2144
45124- -5.01696284199 -1.44465236905 3.2959
4513- -4.94267576406 -1.17743657956 3.5223
4513-13 -4.56634232529 -1.22668918434 3.0761
455 -5.40363660662 -1.31866366178 3.7773
455- -5.27220562258 -1.51213660102 3.5197
4554- -5.24853171863 -1.48819058322 3.4190
4555- -5.18159171433 -1.58996115885 3.2873
4558 -5.67901581127 -2.70970960463 2.2158
458 -6.13888819848 -2.72059415817 2.2134
458- -6.13888819848 -2.72059415817 2.2136
48 -6.37562723804 -2.78454091024 2.1580
48- -6.37562723804 -2.78454091024 2.1580
48-12 -6.1418814507 -2.56385658715 2.1505
48-12- -6.1418814507 -2.56385658715 2.1505
48-1212 -5.56309531603 -2.47242633738 2.1526
48-1212- -5.57642889412 -2.50589633953 2.1553
48-1213 -5.30241025867 -2.47269845122 2.1603
48-13 -5.88582232859 -2.51079438862 2.1742
48-4 -6.13399014938 -2.6030409799 2.1095
48-44- -6.1073229932 -2.5769180514 2.1108
48-5 -6.20637243044 -2.62154472093 2.1612
48-5-8- -6.43902976243 -2.9584216531 2.1598
48-513 -5.35520034335 -2.50344731498 2.1683
48-88 -6.43930187627 -3.55462307343 1.8644
4812 -6.1418814507 -2.56385658715 2.1505
4812- -6.1418814507 -2.56385658715 2.1505
4813- -5.88582232859 -2.51079438862 2.1742
4813-12- -5.34132253758 -2.45800430394 2.1767
485 -6.20637243044 -2.62154472093 2.1612
485- -6.20637243044 -2.62154472093 2.1612
488 -6.37753203491 -3.21475288904 1.9570
488-12- -6.13399014938 -2.95896588077 1.9573
512 -5.38812611782 -0.896615098137 4.3333
512- -5.40118758207 -0.901241033393 4.3208
512-12 -5.0156022728 -1.18260674249 3.6278
512-12- -4.991656255 -1.15757226934 3.6411
512-12-13- -4.64743224919 -1.26206398336 3.1276
512-12-4- -4.87464730441 -1.36056919292 3.2474
512-124- -4.89804909453 -1.37607968172 3.2648
512-13- -4.79328526667 -1.05444112452 3.5184
512-48 -5.42241246148 -2.69692025422 2.1617
512-5 -5.07846056951 -1.32900398765 3.5338
512-8-5 -5.60445661949 -2.54453650461 2.2075
51212- -4.99682641793 -1.1812461733 3.6209
51213- -4.76580176898 -0.982875184969 3.5576
51213-12 -4.62892850817 -1.15267422025 3.2289
512138 -5.19519740626 -2.56222390412 2.1201
5124 -5.12852951581 -1.23594105485 3.6681
5124- -5.12852951581 -1.23594105485 3.6681
5124-8 -5.40363660662 -2.67841651319 2.1615
5125- -5.05914048697 -1.3265549631 3.5265
51254 -4.94458056093 -1.49472131535 3.1961
513 -5.06131739768 -0.640828089867 4.2320
513- -5.07465097577 -0.616609958233 4.2403
513-12 -4.79791120193 -0.939609084634 3.6501
513-12- -4.77178827343 -0.908588107035 3.6629
513-1213 -4.51817817586 -1.0345768143 3.2315
513-13 -4.59518639218 -0.755388015912 3.5984
513-13- -4.76362485827 -0.706679638805 3.7447
513-1312 -4.4719188233 -0.906955424004 3.3063
513-4- -4.91029421726 -1.01525673176 3.6664
513-4-5 -4.84417055449 -1.38342675537 3.2183
513-48 -5.20608195981 -2.66834830116 2.1348
513-5- -4.84335421297 -1.12110901497 3.5239
513-512- -4.72743371774 -1.36628358353 3.1316
513-8 -5.59139515524 -2.64304171418 2.2324
51312 -4.75137973553 -0.925187051189 3.6438
51312- -4.77668632252 -0.95947339485 3.6277
513124 -4.68253493437 -1.19838934513 3.2215
51313 -4.75736623998 -0.71538728164 3.7266
51313- -4.70403192762 -0.67103272595 3.7211
5134 -4.99764275945 -0.898519895007 3.7988
5134- -4.99791487329 -0.89797566733 3.7993
5135 -4.96281218811 -0.992943396996 3.6839
5135- -4.84335421297 -1.12083690113 3.5240
5135-4- -4.88852511018 -1.25580536507 3.3207
5138-12- -5.34513213132 -2.46399080839 2.2181
5138-5 -5.37506465357 -2.52086260065 2.2319
54 -5.70132914603 -1.02859030985 4.4214
54- -5.79439207883 -0.888995910657 4.5981
54-13 -5.0262147125 -1.15866072469 3.6519
54-13-8- -5.45071230069 -2.62644277002 2.2322
54-1312- -4.78566607919 -1.30968390511 3.2391
54-4 -5.63085166184 -1.14478291893 4.1538
54-4-12 -5.34622058668 -1.30777910824 3.7162
54-4-5- -5.48445441668 -1.36002496525 3.7675
54-44 -5.55710881158 -1.25689382042 3.9311
54-5-13 -4.88172226421 -1.49281651848 3.1415
54-55- -5.13968618319 -1.71050758934 3.1781
54-8- -6.01589274344 -2.73256716707 2.1618
54-8-4- -5.86595801837 -2.57174788847 2.1130
5412-12 -4.98376495368 -1.44465236905 3.2961
5412-12- -4.99845910097 -1.35131732241 3.3934
5413 -5.0262147125 -1.15866072469 3.6519
541313- -4.715188595 -1.07512177625 3.3331
544 -5.63085166184 -1.14505503277 4.1537
544-13 -5.1502986229 -1.20083836968 3.6159
545 -5.51221002821 -1.30206471763 3.9125
545- -5.36635701073 -1.44982253198 3.6921
545-5- -5.29941700644 -1.53091245588 3.4482
545-8- -5.65643036266 -2.70834903544 2.2153
548 -6.01589274344 -2.73256716707 2.1618
548- -6.01589274344 -2.73256716707 2.1618
548-12 -5.79330362347 -2.53501252026 2.1540
54812 -5.79330362347 -2.53501252026 2.1540
55 -5.5078562068 -1.17498755501 4.1188
55- -5.52445515095 -1.17743657956 4.1220
55-13 -4.89668852534 -1.29172439176 3.3829
55-4 -5.36526855538 -1.36655569737 3.7121
55-4- -5.36526855538 -1.36682781121 3.7118
55-5 -5.19302049555 -1.59921302936 3.3771
55-5- -5.17424464069 -1.59703611865 3.3720
55-8 -5.89044826385 -2.73093448404 2.2171
55-8- -5.89044826385 -2.73093448404 2.2171
55-8-4- -5.71983288705 -2.5839930112 2.1655
55-88 -6.04827429023 -3.11788036251 1.9872
5512 -5.07818845567 -1.44764562127 3.4540
5512- -5.09968544892 -1.46750993149 3.4443
551212- -4.85396665268 -1.57581123925 3.0603
5513- -4.87655210128 -1.29063593641 3.3768
5513-4- -4.78321705465 -1.45091098733 3.0904
555- -5.17424464069 -1.59703611865 3.3720
555-5- -4.99410527955 -1.81962523862 2.9559
558 -5.8760262304 -2.71596822292 2.2173
558- -5.8760262304 -2.71596822292 2.2173
558-4- -5.70513873977 -2.57174788847 2.1651
558-5- -5.66105629792 -2.59324488171 2.2174
58 -6.44175090082 -2.79352066691 2.2126
58- -6.44175090082 -2.79352066691 2.2126
58-12 -6.1108604731 -2.58290455585 2.2047
58-13-8 -6.14296990605 -2.87923652607 2.2245
58-134- -5.51629173579 -2.5148760962 2.2296
58-4 -6.20637243044 -2.62154472093 2.1612
58-4- -6.20637243044 -2.62154472093 2.1612
58-4-5 -5.82378037339 -2.5924285402 2.1644
58-48 -6.40447130493 -2.91134595902 2.1597
58-5 -6.17698413588 -2.64004846195 2.2141
58-5- -6.17671202204 -2.64168114498 2.2138
58-54- -5.79901801408 -2.59324488171 2.2155
58-55 -5.65996784257 -2.59161219868 2.2179
58-58- -6.4028386219 -2.94889766874 2.2103
58-8-13- -6.10242494411 -2.88903262426 1.9960
5812-5- -5.58568076463 -2.52521642207 2.2059
5812-8 -6.36691959521 -2.8963796979 2.2002
5813-4- -5.47601888768 -2.5268491051 2.2315
581313- -5.09315471679 -2.43133714776 2.1193
584 -6.20637243044 -2.62154472093 2.1612
584-8- -6.40583187413 -2.91161807286 2.1596
585- -6.17671202204 -2.64168114498 2.2138
588-13 -6.10215283027 -2.88984896577 1.9955
588-4 -6.17099763143 -2.99379645211 1.9619
812 -6.37481089653 -2.73610464697 2.1986
812- -6.37780414875 -2.73610464697 2.2017
812-12- -5.72990109908 -2.61338130577 2.2041
812-12-12- -5.2610489552 -2.55514894431 2.2042
812-12-5 -5.33914562687 -2.61310919193 2.2064
812-12-8 -6.04827429023 -2.80059562672 2.2009
812-1212- -5.32581204878 -2.62943602225 2.2077
812-124- -5.45261709756 -2.63651098205 2.2074
812-13- -5.4387392918 -2.59895927232 2.2127
812-4-13- -5.26295375207 -2.6030409799 2.2079
812-5- -5.80418817702 -2.64521862488 2.2061
812-5-8- -6.09507787046 -2.87651538768 2.2052
812-8 -6.65291123956 -3.02345686052 2.1996
81212 -5.72990109908 -2.61338130577 2.2041
81212-13- -5.10403927034 -2.59732658929 2.0617
8128- -6.65291123956 -3.02345686052 2.1996
8128-12 -6.30787089224 -2.87488270465 2.1918
813 -6.16773226537 -2.6460349664 2.2279
813- -6.16773226537 -2.6460349664 2.2279
813-12 -5.51112157286 -2.62018415173 2.2326
813-12- -5.49343417335 -2.57446902685 2.2302
813-13 -5.24390578337 -2.5148760962 2.1617
813-1313 -4.94185942254 -2.53201926803 1.9409
813-4-4- -5.57996637402 -2.61773512719 2.2316
813-5 -5.59139515524 -2.64304171418 2.2324
813-5- -5.5734356419 -2.61800724103 2.2325
813-513 -5.04825593343 -2.58916317414 1.9983
813-8 -6.545970501 -2.99542913514 2.2237
813-8- -6.545970501 -2.99542913514 2.2237
813-8-5- -6.14324201989 -2.87542693233 2.2244
813-85 -6.14351413373 -2.87978075374 2.2247
81312 -5.49397840103 -2.57555748221 2.2302
81312- -5.51112157286 -2.62018415173 2.2326
81312-13- -4.97288040014 -2.59188431252 1.9210
81313 -5.34322733445 -2.57446902685 2.2063
81313- -5.24390578337 -2.5148760962 2.1617
81313-5 -5.04009251827 -2.56712195321 1.9797
8131312 -4.94675747164 -2.53365195106 1.9132
8131313- -4.78811510374 -2.4958281275 1.8112
813138 -5.64173621538 -2.81474554632 2.2333
8134 -5.69915223532 -2.62290529012 2.2315
8134- -5.69860800765 -2.6220889486 2.2316
8135 -5.5734356419 -2.61800724103 2.2325
8135-4 -5.45479400827 -2.63542252669 2.2312
8138-5 -6.14324201989 -2.87542693233 2.2244
81388 -6.52828310149 -3.31679557851 1.9910
84 -6.37562723804 -2.78454091024 2.1580
84- -6.37562723804 -2.78454091024 2.1580
84-12 -5.88391753172 -2.69828082341 2.1607
84-12- -5.88391753172 -2.69828082341 2.1607
84-128 -6.22133869157 -2.88331823365 2.1616
84-13 -5.5424146643 -2.64140903114 2.1621
84-13- -5.54214255046 -2.64140903114 2.1622
84-13-4 -5.32853318717 -2.67025309803 2.1603
84-4- -6.33127268236 -2.74290749294 2.1594
84-4-12 -5.62894686497 -2.72304318272 2.1594
84-4-8 -6.47059496771 -2.87950863991 2.1602
84-5 -6.01589274344 -2.73256716707 2.1618
84-5- -6.01589274344 -2.73256716707 2.1618
84-512- -5.44799116231 -2.70998171847 2.1625
84-513- -5.20118391071 -2.65637529227 2.1617
84-55- -5.52908108621 -2.72494797959 2.1627
84-8 -6.58352221072 -3.03243661719 2.1598
84-8- -6.58352221072 -3.03243661719 2.1598
8412 -5.88391753172 -2.69828082341 2.1607
8412- -5.88391753172 -2.69828082341 2.1607
8413-8 -5.96337477259 -2.86916831404 2.1628
844- -6.33100056852 -2.7426353791 2.1591
84412 -5.62894686497 -2.72277106888 2.1594
8448- -6.47032285387 -2.87923652607 2.1601
845 -6.01589274344 -2.73256716707 2.1618
845- -6.01589274344 -2.73256716707 2.1618
8454- -5.63983141851 -2.71678456443 2.1622
848- -6.58352221072 -3.03243661719 2.1598
848-5- -6.40474341877 -2.91134595902 2.1597
848-8- -6.54379359029 -3.36577606946 1.9600
84812- -6.34623894348 -2.89583547022 2.1532
85 -6.44175090082 -2.79352066691 2.2126
85- -6.44175090082 -2.79352066691 2.2126
85-13 -5.49152937648 -2.61120439506 2.2170
85-13- -5.4888082381 -2.63106870528 2.2202
85-134- -5.26322586591 -2.62127260709 2.1727
85-138 -5.89861167901 -2.88467880284 2.2175
85-4- -6.05643770538 -2.72059415817 2.2144
85-5 -5.89044826385 -2.73093448404 2.2171
85-5-4 -5.68500231572 -2.70889326311 2.2157
8512 -5.78133061458 -2.67678383016 2.2152
85124 -5.46078051272 -2.66072911368 2.2158
85125 -5.36173107548 -2.64413016953 2.2154
8513 -5.4888082381 -2.63106870528 2.2202
8513- -5.49152937648 -2.61120439506 2.2170
854 -6.13888819848 -2.72059415817 2.2134
854- -6.05643770538 -2.72059415817 2.2144
854-4 -5.93262590883 -2.70998171847 2.2137
854-8 -6.30297284314 -2.91025750367 2.1627
854-8- -6.30297284314 -2.91025750367 2.1627
85513 -5.18240805585 -2.64276960034 2.1229
858 -6.67794571271 -3.07053255459 2.2096
858- -6.67794571271 -3.07053255459 2.2096
858-8- -6.58542700759 -3.45339672548 1.9859
88 -6.67794571271 -3.46945144196 1.9828
88- -6.67794571271 -3.46945144196 1.9828
88-13 -6.28691812667 -3.08304979117 1.9904
88-13- -6.28691812667 -3.08304979117 1.9904
88-13-12 -5.71956077322 -3.02155206365 1.9922
88-1312- -5.71928865938 -3.01991938062 1.9919
88-4 -6.37753203491 -3.21475288904 1.9570
88-4-8 -6.54379359029 -3.36577606946 1.9600
88-48- -6.54379359029 -3.36577606946 1.9600
88-5- -6.40147805271 -3.19924240024 1.9857
88-5-12- -5.94840851147 -3.07787962823 1.9856
88-5-5- -6.03575705365 -3.10590735361 1.9872
88-8 -6.69427254303 -3.73884414216 1.8762
88-8- -6.69427254303 -3.73884414216 1.8762
88-84- -6.43930187627 -3.55462307343 1.8644
8813-5- -5.7758883378 -3.01447710384 1.9918
