1212 -6.65617660563 0.742870779337 4.8578
1212- -6.66760538685 0.747224600754 4.8710
1212-12 -6.24855007543 0.231568876636 4.1084
1212-1212- -6.03167534607 -0.0462593525594 3.7094
1212-124- -6.08990770753 -0.0957840711819 3.7247
1212-13-8 -6.36555902602 -1.30560219753 2.4414
1212-4 -6.35603504167 0.128981959489 4.1274
1212-4-13 -6.04011087507 -0.0585044752958 3.7747
1212-413 -6.04011087507 -0.0585044752958 3.7747
1212-5 -6.30351707082 -0.0122451227363 3.9531
1212-5- -6.28283641909 -0.0138778057678 3.9436
1212-55- -6.14052088151 -0.493342389354 3.4547
1212-58- -6.55631082686 -1.40954968387 2.4295
1212-8-13 -6.63250270167 -1.17008950592 2.4238
1212128- -6.46950651236 -1.27594178912 2.4186
121213 -6.00038225464 0.422048563645 4.0839
121213- -5.99221883948 0.488716454099 4.1164
1212134 -5.85643403402 0.123539682718 3.7226
12124-4 -6.27276820706 -0.0693890288392 3.9472
12125 -6.25970674281 0.0141499196064 3.9573
12125-12 -6.07385299105 -0.323815467916 3.5340
121254- -6.13752762928 -0.25959660201 3.6429
12128-13- -6.61726432671 -1.1347147069 2.4207
12128-5- -6.78162108521 -1.21906999686 2.4115
1213 -6.30895934759 1.11158503062 4.8807
1213- -6.32800731629 1.12845608861 4.9033
1213-12 -6.00800144212 0.534159465142 4.1870
1213-125- -5.87548200273 -0.00680284596462 3.6574
1213-13 -5.80990256763 0.791579156444 4.2343
1213-13- -5.78214695609 0.737700616404 4.1908
1213-13-4 -5.88908769465 0.487083771067 4.0728
1213-13-5 -5.87847525495 0.293338717995 3.9000
1213-13-8- -6.14133722302 -1.31811943411 2.4466
1213-134- -5.71956077322 0.342863436617 3.8348
1213-4 -6.09235673208 0.372795958861 4.1517
1213-4-5 -6.09480575662 -0.0503410601382 3.8993
1213-48- -6.32691886094 -1.37526334021 2.3809
1213-8 -6.74107612326 -1.33526260594 2.4428
121312 -5.94895273914 0.578514020832 4.1943
121312- -5.97752469219 0.555112230713 4.1890
121313-8 -6.13752762928 -1.25689382042 2.4429
12131313- -5.71357426877 0.74423134853 4.1332
1213135 -5.84364468361 0.378510349472 3.9605
12135- -6.03548493981 0.263950423427 3.9915
12138 -6.72284449608 -1.28764268418 2.4408
12138- -6.72284449608 -1.28764268418 2.4408
12138-13- -6.38923292997 -1.14505503277 2.4453
124 -6.89808580813 0.51538361028 4.8979
124- -6.89808580813 0.51538361028 4.8979
124-12 -6.47413244761 0.0291161807286 4.2247
124-128- -6.73264059427 -1.3349904921 2.4218
124-13 -6.23521649733 0.199187329844 4.1789
124-13- -6.3111362583 0.244086113211 4.2683
124-5 -6.56120887596 -0.17306440134 4.1124
124-5-12- -6.25535292139 -0.415517831519 3.6509
124-8- -7.16040354852 -1.39131805668 2.3794
124-812 -6.96584215394 -1.22424015979 2.3668
124-85 -6.99006028557 -1.27730235832 2.3744
12413 -6.23521649733 0.199187329844 4.1789
12413- -6.23412804198 0.199731557521 4.1776
12413-4- -6.1348064909 0.0443545556893 3.9425
12413-5 -6.01698119879 -0.128165617973 3.7044
1244 -6.72502140679 0.137689602324 4.5071
1244- -6.72502140679 0.137689602324 4.5070
1244-12- -6.51222838501 -0.104763827855 4.1756
1244-4- -6.65644871946 -0.0345584575003 4.3428
1248- -7.16040354852 -1.39131805668 2.3794
125 -6.75304913216 0.316468394274 4.5613
125- -6.76719905177 0.312930914373 4.5578
125-12 -6.34378991893 -0.166805783053 3.8571
125-124 -6.16528324082 -0.369530592798 3.5509
125-13 -6.12147291281 0.032109432953 3.8331
125-13- -6.10949990391 -0.00653073212604 3.8084
125-13-8 -6.43848553476 -1.3349904921 2.4432
125-135- -5.95466712975 -0.261773512719 3.4854
125-4 -6.47113919539 -0.227215055218 3.9116
125-4- -6.47113919539 -0.227215055218 3.9116
125-412- -6.27712202848 -0.43456580022 3.6465
125-413 -6.12419405119 -0.341502867424 3.6190
125-5 -6.40909724019 -0.35184319329 3.7484
125-8 -7.05346280996 -1.41444773296 2.4289
125-84- -6.89073873449 -1.28356097661 2.3756
125128 -6.5495079809 -1.3110444743 2.4210
12513- -6.09317307359 0.0435382141736 3.8302
125138- -6.41290683393 -1.30478585601 2.4431
1255 -6.36528691218 -0.333339452267 3.7473
1258-5- -6.84175824354 -1.28301674893 2.4199
128 -7.99007864237 -1.40927757003 2.4176
128- -7.99007864237 -1.40927757003 2.4176
128-12- -7.37156388727 -1.22968243657 2.4035
128-12-8- -7.56993487559 -1.61608408736 2.4068
128-124 -6.92393662279 -1.19566820674 2.4084
128-13 -7.04747630551 -1.19240284068 2.4260
128-4 -7.56775796488 -1.25852650346 2.3648
128-4-4 -7.32367185167 -1.24274390082 2.3663
128-5- -7.43469429782 -1.28628211499 2.4103
128-512- -6.8295131208 -1.26424089407 2.4164
128-54- -7.09047029201 -1.24927463294 2.4132
128-84- -7.91878481666 -1.79078117173 2.2609
12812-12- -6.75413758752 -1.16301454611 2.4053
12813 -7.04747630551 -1.19240284068 2.4260
12813- -7.04720419167 -1.19349129603 2.4197
12813-4 -6.6580814025 -1.19131438532 2.4235
1284 -7.56775796488 -1.25852650346 2.3648
1284-13 -6.64311514137 -1.19321918219 2.3673
12844- -7.32367185167 -1.24247178698 2.3662
1285 -7.43551063933 -1.28573788731 2.4125
12858- -7.6102077237 -1.76248133251 2.4148
1288- -8.12586344782 -1.84901353318 2.2880
1312 -6.30923146143 1.11158503062 4.8809
1312- -6.32800731629 1.12845608861 4.9033
1312-12 -6.01970233718 0.476743445201 4.1192
1312-12- -5.99221883948 0.488716454099 4.1164
1312-13- -5.83548126845 0.69416240223 4.1405
1312-134- -5.73098955444 0.276467660002 3.7691
1312-4 -6.10405762714 0.333611566105 4.1100
1312-4- -6.10405762714 0.333611566105 4.1100
1312-5 -6.0678664866 0.175241312049 3.9326
1312-55 -5.94214989318 -0.383952626243 3.4223
1312-8 -6.67413611897 -1.25553325123 2.4209
1312-8- -6.67413611897 -1.25553325123 2.4209
1312-8-4 -6.53508594746 -1.13961275599 2.3681
1312-813- -6.39521943442 -1.08954380969 2.4294
131212- -6.02813786617 0.40953132707 4.0870
13121313- -5.57833369099 0.466403119335 3.7639
13124 -6.10242494411 0.259324488171 4.0664
13124- -6.10242494411 0.259324488171 4.0665
131244 -6.06378477903 -0.0198643102167 3.8673
131244- -6.06378477903 -0.0201364240553 3.8673
13125 -6.05344445316 0.0952398435047 3.8812
13125- -6.07222030802 0.0995936649221 3.8925
131285- -6.50841879127 -1.24002276243 2.4181
131288- -6.80311807846 -1.79703979001 2.2922
1313 -5.99847745777 1.537443188 4.9912
1313- -6.04446469649 1.56002863661 5.0239
1313-12 -5.80990256763 0.791579156444 4.2343
1313-12-13- -5.57833369099 0.466403119335 3.7639
1313-124 -5.72636361918 0.23456212886 3.7663
1313-13- -5.84799850503 1.2490025191 4.5991
1313-5 -5.86105996928 0.4076265302 3.9795
1313-813 -6.19222251084 -1.11403405517 2.4471
1313-84 -6.33154479619 -1.14913674034 2.3880
131312- -5.97208241542 0.834028915263 4.3877
131312-5 -5.84963118806 0.0870764283472 3.7307
1313128- -6.1799773881 -1.34233756574 2.4270
131313- -5.84772639119 1.24791406375 4.5981
131313-8 -6.15276600424 -1.27322065074 2.4418
13131312 -5.80391606318 0.74042175479 4.2047
13134 -6.09507787046 0.703142158903 4.4618
13134- -6.09507787046 0.702870045065 4.4615
13135- -6.05915884377 0.477559786717 4.1889
131355- -5.97126607391 -0.202724809746 3.6179
13138-12- -6.4041991911 -1.17662023804 2.4220
13138-5- -6.42651252586 -1.23403625798 2.4333
134 -6.50950724663 0.781783058254 4.8167
134- -6.50950724663 0.781510944416 4.8167
134-12- -6.23412804198 0.199731557521 4.1775
134-128 -6.47630935832 -1.32519439391 2.4220
134-13- -6.18814080326 0.511029788862 4.3592
134-13-13- -5.92092501377 0.349122054904 4.0381
134-13-5 -5.90133281739 -0.00925187051189 3.7037
134-412- -6.36909650592 0.0190479687009 4.1976
134-5- -6.30378918466 -0.0361911405318 4.0512
134-8 -6.78951238653 -1.35240577777 2.3797
134-8- -6.78951238653 -1.35240577777 2.3797
134-8-13- -6.56393001435 -1.16383088763 2.3859
13412-8- -6.47413244761 -1.31131658814 2.4216
13413 -6.05344445316 0.389667016854 4.1755
1341312- -5.86486956302 0.12299545504 3.7998
1344 -6.4874660257 0.341230753585 4.5252
1345- -6.30378918466 -0.0361911405318 4.0512
13454- -6.19140616932 -0.377421894117 3.6612
1348 -6.78951238653 -1.35240577777 2.3797
1348- -6.78951238653 -1.35240577777 2.3797
1348-8 -6.89536466974 -1.79431865163 2.2663
135 -6.40692032948 0.561098735162 4.4872
135- -6.4232471598 0.587493777505 4.4987
135-12- -6.09317307359 0.0435382141736 3.8302
135-13- -5.92446249367 0.206262289647 3.8157
135-13-12- -5.7258193915 0.00761918748038 3.5276
135-4 -6.33970821135 0.118913747462 4.1043
135-4-8 -6.41671642767 -1.37417488485 2.3800
135-5- -6.15684771182 -0.184221068722 3.7025
135-5-13 -5.84827061887 -0.317828963467 3.3545
135-58 -6.41154626474 -1.37744025092 2.4286
135-8- -6.72855888669 -1.3314530122 2.4280
135-8-4- -6.59712790265 -1.21199503706 2.3750
13512 -6.08147217853 0.00435382141736 3.8061
13512- -6.10949990391 -0.00653073212604 3.8084
13512-4- -5.98759290422 -0.25197741453 3.5159
13513- -5.92446249367 0.206262289647 3.8157
13513-13 -5.64010353235 0.0963282988591 3.5334
1354 -6.20093015367 -0.0889812252173 3.8337
1358 -6.71713010547 -1.35594325767 2.4306
138 -7.48176999189 -1.33689528897 2.4382
138- -7.48176999189 -1.33689528897 2.4382
138-12 -7.04747630551 -1.19240284068 2.4260
138-125 -6.67250343594 -1.1621982046 2.4293
138-13 -6.80856035523 -1.16519145682 2.4390
138-13- -6.80529498917 -1.17335487198 2.4442
138-1312 -6.39739634513 -1.13906852832 2.4414
138-4 -7.17673037884 -1.21961422454 2.3836
138-5-4 -6.88475223004 -1.21906999686 2.4312
138-5-5- -6.74515783084 -1.23349203031 2.4337
138-8- -7.65048057181 -1.77635913828 2.2974
13812 -7.04747630551 -1.19240284068 2.4260
13812-13 -6.38623967775 -1.08927169586 2.4227
13812-13- -6.38623967775 -1.16301454611 2.4284
1381313- -6.20201860903 -1.10695909536 2.4429
1384 -7.17673037884 -1.21961422454 2.3836
1384-5- -6.9155010938 -1.21689308615 2.3867
1385- -7.09455199959 -1.25199577133 2.4305
1385-13- -6.44474415305 -1.19213072684 2.4352
1388 -7.65020845798 -1.77608702444 2.2975
1388- -7.65048057181 -1.77635913828 2.2974
1388-12- -7.44340194065 -1.66969051356 2.2917
412 -6.89808580813 0.51538361028 4.8979
412- -6.89808580813 0.51538361028 4.8979
412-12-13 -5.87847525495 0.0737428502565 3.7001
412-13 -6.10405762714 0.333611566105 4.1100
412-4 -6.49181984712 0.0536064262012 4.1658
412-5 -6.42025390757 -0.0672121181305 3.9900
412-5-8- -6.65100644269 -1.37499122637 2.4274
41212 -6.3350822761 0.153200091123 4.1385
41213 -6.10242494411 0.259324488171 4.0664
41213-5 -5.93235379499 -0.0190479687009 3.6734
4121312 -5.83983508987 0.100410006438 3.7243
4124- -6.49181984712 0.0536064262012 4.1658
41248- -6.71549742244 -1.38968537365 2.3799
4128 -7.20938403947 -1.35295000544 2.4217
412812 -6.92312028128 -1.19430763755 2.4084
413 -6.50950724663 0.781510944416 4.8167
413- -6.50950724663 0.781510944416 4.8167
413-12 -6.09235673208 0.372795958861 4.1517
413-12- -6.06732225893 0.40381693646 4.1617
413-13 -5.87793102727 0.568173694965 4.1636
413-13-8 -6.21154259338 -1.30424162834 2.4465
413-4- -6.29997959092 0.46150507024 4.3689
413-55 -6.14242567838 -0.137417488485 3.7398
41312 -6.06732225893 0.40381693646 4.1618
41312-5- -5.93589127489 0.0106124397048 3.6998
41313 -6.06868282812 0.651168415734 4.3865
41313- -6.01017835282 0.713754598608 4.3946
41313-5- -5.73588760353 0.161091392442 3.6985
4135 -6.26868649948 0.328441403172 4.2105
4135- -6.15657559798 0.152111635769 3.9829
413512- -6.06596168973 -0.0955119573433 3.6962
4138- -6.90924247551 -1.32220114168 2.4423
4138-8- -7.06026565592 -1.73663051785 2.2987
44 -7.43632698085 0.6114397953 5.3654
44- -7.43632698085 0.6114397953 5.3654
44-12 -6.72502140679 0.137689602324 4.5071
44-124 -6.40800878484 -0.132519439391 3.9754
44-13 -6.48120740742 0.35374799016 4.5309
44-4 -7.11033460222 0.250888959175 4.9095
44-4-12- -6.65617660563 -0.0345584575003 4.3427
44-5-12- -6.43168268879 -0.243813999372 3.9010
44-8- -7.65265748252 -1.41526407448 2.3785
44-813 -7.06108199744 -1.20709698796 2.3849
44-84 -7.4423134853 -1.26995528468 2.3282
4412- -6.72502140679 0.137689602324 4.5070
441212- -6.29344885879 -0.0960561850205 3.9360
4413- -6.48066317974 0.353203762483 4.5301
4413-13 -5.9726266431 0.267487903329 4.0969
444 -7.11033460222 0.250888959175 4.9095
444- -7.11033460222 0.250888959175 4.9095
4445- -6.83169003151 -0.0938792743118 4.3971
445 -6.93482117634 0.0421776449807 4.5474
445-4- -6.65726506098 -0.214425704805 4.0880
445-8- -7.15768241014 -1.40084204104 2.4259
448 -7.65265748252 -1.41580830216 2.3787
448-8- -7.74762521219 -1.84765296399 2.2655
4485 -7.36666583817 -1.29662244086 2.3734
45 -7.16149200388 0.330074086203 4.8841
45- -7.04938110238 0.172248059824 4.6628
45-12 -6.47059496771 -0.227215055218 3.9111
45-13- -6.20093015367 -0.0889812252173 3.8337
45-413- -6.19140616932 -0.377421894117 3.6612
45-48- -6.85182645557 -1.41172659458 2.3809
45-5 -6.55005220858 -0.388306447661 3.8126
45-5- -6.52991578452 -0.388034333822 3.8067
45-8 -7.30734502136 -1.40900545619 2.4269
45-8- -7.30734502136 -1.40900545619 2.4269
45124- -6.24936641694 -0.31157034518 3.6629
4513- -6.21725698399 -0.0495247186225 3.8627
4513-13 -5.78840557438 -0.123811796556 3.5346
455 -6.71005514567 -0.166261555375 4.1228
455- -6.55005220858 -0.388306447661 3.8126
4554- -6.51386106805 -0.361367177641 3.8123
4555- -6.44828163295 -0.483002063488 3.6750
4558 -6.90624922329 -1.41308716377 2.4278
458 -7.40585023093 -1.40710065932 2.4258
458- -7.40585023093 -1.40710065932 2.4260
48 -8.13810857056 -1.44383602753 2.3774
48- -8.13810857056 -1.44383602753 2.3774
48-12 -7.56775796488 -1.25852650346 2.3648
48-12- -7.56775796488 -1.25852650346 2.3648
48-1212 -6.81590742887 -1.18940958845 2.3665
48-1212- -6.82896889313 -1.22424015979 2.3689
48-1213 -6.52991578452 -1.21063446786 2.3726
48-13 -7.17673037884 -1.21961422454 2.3836
48-4 -7.82980359144 -1.28709845651 2.3269
48-44- -7.4423134853 -1.26968317084 2.3281
48-5 -7.64531040888 -1.31376561269 2.3722
48-5-8- -7.80966716739 -1.76601881242 2.3737
48-513 -6.58433855224 -1.2383900794 2.3773
48-88 -8.18627271999 -2.37691438004 2.2146
4812 -7.56775796488 -1.25852650346 2.3648
4812- -7.56775796488 -1.25852650346 2.3648
4813- -7.17673037884 -1.21988633838 2.3836
4813-12- -6.56175310364 -1.18342308401 2.3862
485 -7.64531040888 -1.31376561269 2.3722
485- -7.64531040888 -1.31376561269 2.3722
488 -8.12831247237 -1.87812971391 2.2645
488-12- -7.91878481666 -1.79078117173 2.2609
512 -6.75304913216 0.316468394274 4.5613
512- -6.76719905177 0.312930914373 4.5578
512-12 -6.30297284314 -0.0119730088977 3.9528
512-12- -6.27875471151 0.0138778057678 3.9640
512-12-13- -5.89072037769 -0.130342528682 3.5659
512-12-4- -6.10650665168 -0.207894972679 3.6284
512-124- -6.12963632796 -0.223949689155 3.6446
512-13- -6.07194819418 0.0995936649221 3.8925
512-48 -6.63740075076 -1.40247472407 2.3802
512-5 -6.35984463541 -0.173880742856 3.8487
512-8-5 -6.86026198456 -1.26505723558 2.4149
51212- -6.28229219141 -0.0136056919292 3.9432
51213- -6.04582526568 0.176329767403 3.9218
51213-12 -5.85616192019 -0.00816341515755 3.6469
512138 -6.38351853936 -1.28029561054 2.4415
5124 -6.40011748352 -0.0669400042919 3.9825
5124- -6.40011748352 -0.0669400042919 3.9825
5124-8 -6.61726432671 -1.38315464153 2.3800
5125- -6.33889186984 -0.173880742856 3.8409
51254 -6.18405909568 -0.374700755731 3.5664
513 -6.40692032948 0.561098735162 4.4872
513- -6.4232471598 0.587493777505 4.4987
513-12 -6.06351266519 0.229391965927 3.9797
513-12- -6.03548493981 0.263950423427 3.9915
513-1213 -5.75248654769 0.102586917147 3.6556
513-13 -5.86105996928 0.4076265302 3.9795
513-13- -6.05997518529 0.478648242071 4.1905
513-1312 -5.68853979562 0.248712048467 3.7291
513-4- -6.15657559798 0.15183952193 3.9828
513-4-5 -6.06269632367 -0.278372456872 3.6483
513-48 -6.38678390543 -1.38642000759 2.3811
513-5- -6.09698266733 0.0296604084058 3.8402
513-512- -5.95412290208 -0.26150139888 3.4849
513-8 -6.81754011191 -1.35431057464 2.4429
51312 -6.01153892202 0.244358227049 3.9741
51312- -6.03847819204 0.206534403486 3.9596
513124 -5.89017615001 -0.0473478079138 3.6223
51313 -6.05290022548 0.47102905459 4.1913
51313- -5.99221883948 0.516199951796 4.1794
5134 -6.2681422718 0.291161807286 4.1729
5134- -6.26841438564 0.291706034963 4.1736
5135 -6.24229145714 0.184765296399 4.0625
5135- -6.09698266733 0.0299325222443 3.8403
5135-4- -6.12936421413 -0.117008950592 3.7496
5138-12- -6.5685559496 -1.19349129603 2.4247
5138-5 -6.59359042275 -1.25063520214 2.4347
54 -7.04938110238 0.172248059824 4.6628
54- -7.16121989004 0.329801972365 4.8836
54-13 -6.30569398153 -0.0370074820475 4.0516
54-13-8- -6.64447571057 -1.33689528897 2.4428
54-1312- -6.01181103586 -0.204357492777 3.7133
54-4 -6.94271247766 0.0274834976971 4.5404
54-4-12 -6.62978156328 -0.174152856694 4.2090
54-4-5- -6.7723692147 -0.22313334764 4.2537
54-44 -6.84284669889 -0.104219600178 4.3959
54-5-13 -6.13181323867 -0.417966856066 3.5740
54-55- -6.38787236078 -0.630487764001 3.5572
54-8- -7.29183453256 -1.42097846509 2.3806
54-8-4- -7.13945078295 -1.27703024448 2.3301
5412-12 -6.23303958663 -0.333067338428 3.7320
5412-12- -6.25372023836 -0.223949689155 3.8274
5413 -6.30569398153 -0.0370074820475 4.0516
541313- -5.97344298462 0.0530621985241 3.9364
544 -6.94244036382 0.0274834976971 4.5402
544-13 -6.44474415305 -0.0683005734848 4.2212
545 -6.82298238868 -0.154560660316 4.3025
545- -6.65291123956 -0.328985630849 4.0341
545-5- -6.57807993395 -0.417966856066 3.8777
545-8- -6.87794938407 -1.41227082226 2.4276
548 -7.29183453256 -1.42097846509 2.3806
548- -7.29183453256 -1.42097846509 2.3806
548-12 -7.07305500634 -1.2503630883 2.3681
54812 -7.07305500634 -1.2503630883 2.3681
55 -6.86978596891 0.00299325222443 4.3453
55- -6.88665702691 0.00163268303151 4.3470
55-13 -6.17807259123 -0.183404727206 3.7096
55-4 -6.66461213462 -0.222044892285 4.0373
55-4- -6.66434002078 -0.222044892285 4.0371
55-5 -6.47794204135 -0.49415873087 3.6690
55-5- -6.45807773114 -0.493614503193 3.6636
55-8 -7.15142379185 -1.43131879096 2.4291
55-8- -7.15142379185 -1.43131879096 2.4291
55-8-4- -6.97754304899 -1.30288105914 2.3760
55-88 -7.26652794557 -1.94098801063 2.2940
5512 -6.36528691218 -0.333339452267 3.7473
5512- -6.38814447462 -0.352659534806 3.7414
551212- -6.09616632582 -0.484362632681 3.4341
5513- -6.15684771182 -0.184221068722 3.7025
5513-4- -5.99249095332 -0.349666282582 3.4590
555- -6.45807773114 -0.493614503193 3.6636
555-5- -6.23467226966 -0.757837040459 3.3033
558 -7.1348248477 -1.41635252983 2.4291
558- -7.1348248477 -1.41635252983 2.4291
558-4- -6.960671991 -1.29145227792 2.3754
558-5- -6.92148759825 -1.33880008584 2.4215
58 -8.09348190103 -1.46451667926 2.4253
58- -8.09348190103 -1.46451667926 2.4253
58-12 -7.43551063933 -1.28573788731 2.4125
58-13-8 -7.36421681362 -1.57907660531 2.4323
58-134- -6.73862709872 -1.23566894101 2.4324
58-4 -7.64531040888 -1.31376561269 2.3721
58-4- -7.64531040888 -1.31376561269 2.3721
58-4-5 -7.10081061787 -1.30505796985 2.3751
58-48 -7.79660570313 -1.62560807171 2.3764
58-5 -7.50027373292 -1.34070488271 2.4187
58-5- -7.50054584675 -1.34179333806 2.4186
58-54- -7.05319069612 -1.30941179127 2.4201
58-55 -6.92012702905 -1.34152122422 2.4219
58-58- -7.66844008516 -1.7997609284 2.4207
58-8-13- -7.46598738925 -1.7186710045 2.2964
5812-5- -6.83985344667 -1.24519292536 2.4134
5812-8 -7.62843935089 -1.66207132608 2.4124
5813-4- -6.68583701403 -1.24736983607 2.4346
581313- -6.31059203062 -1.17825292107 2.4346
584 -7.64531040888 -1.31376561269 2.3721
584-8- -7.79714993081 -1.62533595787 2.3765
585- -7.50054584675 -1.34179333806 2.4186
588-13 -7.46598738925 -1.71894311834 2.2962
588-4 -7.9487173389 -1.83513572742 2.2637
812 -7.9917113254 -1.40927757003 2.4144
812- -7.99007864237 -1.40927757003 2.4176
812-12- -6.98625069183 -1.31730309259 2.4192
812-12-12- -6.46896228468 -1.27485333377 2.4189
812-12-5 -6.5424330211 -1.3314530122 2.4211
812-12-8 -7.23278582959 -1.46914261452 2.4177
812-1212- -6.53345326442 -1.34968463938 2.4224
812-124- -6.64501993824 -1.346963501 2.4221
812-13- -6.66814961452 -1.32737130462 2.4259
812-4-13- -6.47630935832 -1.32492228007 2.4224
812-5- -7.0572724037 -1.34533081796 2.4211
812-5-8- -7.27958940982 -1.60737644452 2.4217
812-8 -8.1715785727 -1.6650645783 2.4181
81212 -6.98625069183 -1.31730309259 2.4192
81212-13- -6.30161227395 -1.33526260594 2.4220
8128- -8.1715785727 -1.6650645783 2.4181
8128-12 -7.57156755863 -1.61553985968 2.4061
813 -7.48231421957 -1.33771163048 2.4386
813- -7.48231421957 -1.33771163048 2.4386
813-12 -6.74162035094 -1.33635106129 2.4428
813-12- -6.72284449608 -1.28764268418 2.4407
813-13 -6.46596903245 -1.24464869769 2.4426
813-1313 -6.15276600424 -1.2729485369 2.4417
813-4-4- -6.77100864551 -1.32165691401 2.4421
813-5 -6.81754011191 -1.35431057464 2.4429
813-5- -6.79577100482 -1.32737130462 2.4430
813-513 -6.24392414017 -1.32873187381 2.4433
813-8 -7.75878187957 -1.65118677253 2.4384
813-8- -7.75878187957 -1.65118677253 2.4384
813-8-5- -7.3647610413 -1.57717180844 2.4320
813-85 -7.36503315514 -1.57962083299 2.4325
81312 -6.72366083759 -1.28873113954 2.4408
81312- -6.74162035094 -1.33635106129 2.4428
81312-13- -6.16773226537 -1.33580683361 2.4433
81313 -6.58433855224 -1.30206471763 2.4413
81313- -6.46596903245 -1.24464869769 2.4426
81313-5 -6.21181470722 -1.29771089621 2.4431
8131312 -6.11276526997 -1.27485333377 2.4458
8131313- -5.95956517885 -1.25117942981 2.4460
813138 -6.76937596248 -1.50397318586 2.4445
8134 -6.91005881703 -1.3230174832 2.4422
8134- -6.90924247551 -1.32220114168 2.4423
8135 -6.79577100482 -1.32737130462 2.4430
8135-4 -6.65590449179 -1.34723561483 2.4419
8138-5 -7.3647610413 -1.57717180844 2.4320
81388 -7.87633505784 -2.09010639417 2.2985
84 -8.13810857056 -1.44410814137 2.3773
84- -8.13810857056 -1.44410814137 2.3773
84-12 -7.16040354852 -1.39131805668 2.3794
84-12- -7.16040354852 -1.39131805668 2.3794
84-128 -7.41782323982 -1.5423412371 2.3813
84-13 -6.78924027269 -1.35213366393 2.3801
84-13- -6.78924027269 -1.35213366393 2.3802
84-13-4 -6.52148025553 -1.37852870627 2.3794
84-4- -7.65265748252 -1.41526407448 2.3785
84-4-12 -6.89890214964 -1.40873334235 2.3785
84-4-8 -7.84096025882 -1.5339057081 2.3800
84-5 -7.29183453256 -1.42097846509 2.3806
84-5- -7.29183453256 -1.42097846509 2.3806
84-512- -6.675768802 -1.41553618832 2.3812
84-513- -6.41671642767 -1.37417488485 2.3800
84-55- -6.75359335984 -1.42614862802 2.3814
84-8 -8.32586711918 -1.67486067649 2.3811
84-8- -8.32586711918 -1.67486067649 2.3811
8412 -7.16040354852 -1.39131805668 2.3794
8412- -7.16040354852 -1.39131805668 2.3794
8413-8 -7.12421240799 -1.53853164336 2.3822
844- -7.65292959636 -1.41526407448 2.3782
84412 -6.89890214964 -1.40846122852 2.3785
8448- -7.84096025882 -1.53363359426 2.3798
845 -7.29183453256 -1.42097846509 2.3806
845- -7.29183453256 -1.42097846509 2.3806
8454- -6.85182645557 -1.41172659458 2.3809
848- -8.32586711918 -1.67486067649 2.3811
848-5- -7.79660570313 -1.62560807171 2.3764
848-8- -8.28260101885 -2.15922330917 2.2670
84812- -7.72286285288 -1.5804371745 2.3693
85 -8.09348190103 -1.46451667926 2.4253
85- -8.09348190103 -1.46451667926 2.4253
85-13 -6.72883100053 -1.3314530122 2.4280
85-13- -6.71713010547 -1.35621537151 2.4306
85-134- -6.42406350131 -1.34288179342 2.4287
85-138 -7.05400703764 -1.57662758076 2.4300
85-4- -7.30734502136 -1.40900545619 2.4269
85-5 -7.15142379185 -1.43131879096 2.4291
85-5-4 -6.9141405246 -1.41172659458 2.4277
8512 -7.03958500419 -1.3815219585 2.4270
85124 -6.65100644269 -1.37499122637 2.4274
85125 -6.56039253444 -1.36329033131 2.4270
8513 -6.71713010547 -1.35621537151 2.4306
8513- -6.72883100053 -1.3314530122 2.4280
854 -7.40585023093 -1.40682854548 2.4258
854- -7.30734502136 -1.40900545619 2.4269
854-4 -7.16965541904 -1.40165838255 2.4260
854-8 -7.50598812353 -1.61472351816 2.3825
854-8- -7.50598812353 -1.61472351816 2.3825
85513 -6.37508301037 -1.38288252769 2.4292
858 -8.22708979578 -1.8117339373 2.4259
858- -8.22708979578 -1.8117339373 2.4259
858-8- -8.31852004554 -2.2920148624 2.2933
88 -8.40151476631 -2.09418810175 2.2936
88- -8.40151476631 -2.09418810175 2.2936
88-13 -7.65020845798 -1.77608702444 2.2974
88-13- -7.65020845798 -1.77608702444 2.2974
88-13-12 -6.89373198671 -1.74642661604 2.2992
88-1312- -6.89318775903 -1.74479393301 2.2989
88-4 -8.12831247237 -1.87812971391 2.2645
88-4-8 -8.28260101885 -2.15922330917 2.2670
88-48- -8.28260101885 -2.15922330917 2.2670
88-5- -8.16259881603 -1.89091906433 2.2922
88-5-12- -7.1609477762 -1.88683735675 2.2929
88-5-5- -7.25128957061 -1.93064768476 2.2939
88-8 -8.41403200288 -2.49310698911 2.2236
88-8- -8.41403200288 -2.49310698911 2.2236
88-84- -8.18627271999 -2.37691438004 2.2146
8813-5- -6.94407304685 -1.7390795424 2.2989
