1212 -8.21239564849 1.82642808458 5.2243
1212- -8.22464077123 1.82833288145 5.2400
1212-12 -7.76014244876 1.20927389867 4.5173
1212-1212- -7.52285918152 0.876206560243 4.1480
1212-124- -7.57592138004 0.781510944416 4.1609
1212-13-8 -7.80313643526 -0.078640899351 2.1474
1212-4 -7.86381782127 1.02069900853 4.5329
1212-4-13 -7.52884568597 0.731986225793 4.1883
1212-413 -7.52884568597 0.731986225793 4.1883
1212-5 -7.80585757365 0.907499651681 4.3597
1212-5- -7.78027887282 0.907227537842 4.3504
1212-55- -7.61918748038 0.316740508113 3.8724
1212-58- -8.00694970036 -0.396469862818 2.1351
1212-8-13 -8.13375474914 -0.145308789804 2.1357
1212128- -7.92068961353 -0.0495247186225 2.1262
121213 -7.49700836685 1.4041074071 4.5055
121213- -7.49047763473 1.47540123281 4.5379
1212134 -7.31496420884 1.03131144824 4.1793
12124-4 -7.77429236837 0.727632404376 4.3689
12125 -7.75578862735 0.943962906051 4.3677
12125-12 -7.55632918366 0.517016293311 3.9562
121254- -7.61809902502 0.568990036481 4.0741
12128-13- -8.11742791883 -0.111022446143 2.1321
12128-5- -8.27797508359 -0.365993112897 2.1230
1213 -7.84368139721 2.20493843405 5.2675
1213- -7.86490627662 2.22153737821 5.2887
1213-12 -7.49564779766 1.53989221255 4.6191
1213-125- -7.34054290967 0.894710301267 4.1183
1213-13 -7.29265087408 1.80547531901 4.6825
1213-13- -7.26162989648 1.74561027452 4.6362
1213-13-4 -7.37564559484 1.39240651204 4.5728
1213-13-5 -7.35850242301 1.22723341202 4.4020
1213-13-8- -7.54925422386 -0.110750332304 2.1511
1213-134- -7.17047176055 1.23458048566 4.3123
1213-4 -7.5734723555 1.26505723558 4.5748
1213-4-5 -7.58081942914 0.739061185597 4.3560
1213-48- -7.77456448221 -0.166805783053 2.0929
1213-8 -8.19416402131 -0.0960561850205 2.1484
121312 -7.43170104559 1.5994851432 4.6417
121312- -7.46190568168 1.56900839328 4.6290
121313-8 -7.55007056538 -0.0361911405318 2.1484
12131313- -7.2004042828 1.74724295755 4.6449
1213135 -7.31986225793 1.32791553229 4.4789
12135- -7.50979771727 1.20872967099 4.4213
12138 -8.17511605261 -0.0408170757877 2.1464
12138- -8.17511605261 -0.0408170757877 2.1464
12138-13- -7.86245725207 0.0187758548624 2.1591
124 -8.45729810322 1.4337678155 5.2604
124- -8.45729810322 1.4337678155 5.2604
124-12 -7.99252766692 0.841920216582 4.6044
124-128- -8.20368800566 -0.159458709411 2.1296
124-13 -7.73918968319 1.0035558367 4.5588
124-13- -7.82817090841 1.05743437674 4.6627
124-5 -8.07470604617 0.61524938904 4.4880
124-5-12- -7.74245504926 0.339870184393 4.0552
124-8- -8.68179202005 -0.138778057678 2.0935
124-812 -8.49974786204 -0.341774981263 2.0847
124-85 -8.51879583074 -0.433205231027 2.0910
12413 -7.73918968319 1.0035558367 4.5588
12413- -7.73837334168 1.00437217822 4.5577
12413-4- -7.62109227725 0.832940459908 4.3728
12413-5 -7.47932096734 0.668039473726 4.1279
1244 -8.26300882247 0.931173555638 4.8921
1244- -8.26300882247 0.931173555638 4.8921
1244-12- -8.03252840119 0.638106951482 4.5845
1244-4- -8.18872174454 0.700965248195 4.7452
1248- -8.68179202005 -0.138778057678 2.0935
125 -8.29430191391 1.2919965056 4.9134
125- -8.31307776877 1.2849215458 4.9085
125-12 -7.84776310479 0.698244109809 4.2380
125-124 -7.64531040888 0.450076289019 3.9626
125-13 -7.61483365896 0.893893959751 4.2163
125-13- -7.599595284 0.854981680834 4.1905
125-13-8 -7.86762741501 -0.138778057678 3.8485
125-135- -7.41156462154 0.578241906993 3.9128
125-4 -7.97456815357 0.589398574375 4.2934
125-4- -7.97456815357 0.589398574375 4.2934
125-412- -7.76939431928 0.314291483566 4.0484
125-413 -7.61075195138 0.402184253428 4.0235
125-5 -7.90517912473 0.482185721972 4.1219
125-8 -8.53212940883 -0.303679043861 2.1352
125-84- -8.38573216367 -0.477559786717 2.0894
125128 -7.98899018701 -0.209255541872 2.1294
12513- -7.58136365681 0.911037131582 4.2184
125138- -7.83660643741 -0.105308055532 3.8534
1255 -7.85211692621 0.505859625929 4.1268
1258-5- -8.32913248525 -0.52109800089 2.1297
128 -9.55446110039 -0.102859030985 2.1283
128- -9.55446110039 -0.102859030985 2.1283
128-12- -8.92342910872 -0.166805783053 2.1179
128-12-8- -9.08452050116 -0.754843788235 2.1183
128-124 -8.43063094704 -0.292794490317 2.1222
128-13 -8.56832054936 -0.00625861828745 2.1384
128-4 -9.13023562604 -0.185853751753 2.0838
128-4-4 -8.87744186999 -0.294699287187 2.0831
128-5- -8.97730764875 -0.288712782739 2.1234
128-512- -8.32858825757 -0.471301168429 2.1258
128-54- -8.60532803141 -0.412796693133 2.1246
128-84- -9.49323548671 -1.00954234115 1.9993
12812-12- -8.25729443186 -0.261773512719 2.1170
12813 -8.56832054936 -0.00625861828745 2.1384
12813- -8.56832054936 0.00408170757877 2.1331
12813-4 -8.12940092772 -0.152927977285 2.1351
1284 -9.13023562604 -0.185853751753 2.0838
1284-13 -8.15117003481 -0.284358961321 2.0853
12844- -8.87716975616 -0.294971401026 2.0830
1285 -8.97757976259 -0.288168555061 2.1254
12858- -9.12016741401 -0.952126321209 2.1255
1288- -9.67391907553 -0.954031118079 2.0241
1312 -7.84395351105 2.20521054789 5.2677
1312- -7.86490627662 2.22153737821 5.2887
1312-12 -7.52095438465 1.45798594714 4.5364
1312-12- -7.49047763473 1.47540123281 4.5379
1312-13- -7.33156315299 1.67894238407 4.5602
1312-134- -7.19659468906 1.14940885418 4.2250
1312-4 -7.599595284 1.20981812635 4.5301
1312-4- -7.599595284 1.20981812635 4.5301
1312-5 -7.55986666357 1.08736689899 4.3543
1312-55 -7.41319730457 0.415789945358 3.8543
1312-8 -8.13021726924 -0.00653073212604 2.1288
1312-8- -8.13021726924 -0.00653073212604 2.1288
1312-8-4 -8.00939872491 -0.20952765571 2.0847
1312-813- -7.88041676542 -0.0408170757877 2.1397
131212- -7.52721300294 1.38696423527 4.5032
13121313- -7.04802053319 1.40900545619 4.2291
13124 -7.59524146258 1.12845608861 4.4868
13124- -7.59524146258 1.12845608861 4.4868
131244 -7.55442438679 0.743687120853 4.2983
131244- -7.55442438679 0.743687120853 4.2983
13125 -7.53864178416 1.00382795054 4.3059
13125- -7.5614993466 1.00600486125 4.3142
131285- -7.97538449509 -0.374156528054 2.1297
131288- -8.22763402345 -0.992943396996 2.0255
1313 -7.52313129536 2.64712342175 5.4050
1313- -7.57020698943 2.67297423642 5.4379
1313-12 -7.29265087408 1.80547531901 4.6825
1313-12-13- -7.04802053319 1.40900545619 4.2291
1313-124 -7.18951972925 1.09770722485 4.2372
1313-13- -7.36448892746 2.29283120392 5.0829
1313-5 -7.33346794986 1.33390203674 4.4214
1313-813 -7.65510650707 0.0536064262012 2.1608
1313-84 -7.78300001121 -0.0884369975401 2.1023
131312- -7.48149787805 1.85418369612 4.8436
131312-5 -7.33319583602 0.977705022036 4.1974
1313128- -7.61047983754 -0.120546430493 2.1334
131313- -7.36394469978 2.2920148624 5.0818
131313-8 -7.59877894248 -0.0560554507485 2.1471
13131312 -7.30380754146 1.74642661604 4.7117
13134 -7.61401731744 1.58479099592 4.9444
13134- -7.61401731744 1.58451888208 4.9442
13135- -7.56666950953 1.4147198468 4.6555
131355- -7.45945665713 0.616609958233 4.0846
13138-12- -7.8831379038 -0.094423501989 2.1324
13138-5- -7.89837627877 -0.223405461478 2.1435
134 -8.04232449938 1.68003083942 5.1881
134- -8.04232449938 1.68003083942 5.1881
134-12- -7.73810122784 1.00437217822 4.5576
134-128 -7.93429530546 -0.125716593426 2.1296
134-13- -7.70544756721 1.31757520643 4.7546
134-13-13- -7.42462608579 1.13226568235 4.4847
134-13-5 -7.36340047211 0.785864765833 4.1244
134-412- -7.89184554664 0.757837040459 4.6183
134-5- -7.80368066294 0.744775576207 4.4372
134-8 -8.27851931127 -0.0917023636031 2.0938
134-8- -8.27851931127 -0.0917023636031 2.0938
134-8-13- -8.07116856627 -0.147485700513 4.1032
13412-8- -7.93184628091 -0.115104153721 2.1293
13413 -7.54979845154 1.18287885633 4.5488
1341312- -7.33564486057 0.911853473098 4.2201
1344 -8.022732303 1.12165324265 4.9410
1345- -7.80368066294 0.744775576207 4.4372
13454- -7.67497081729 0.349122054904 4.0685
1348 -8.27851931127 -0.0917023636031 2.0938
1348- -8.27851931127 -0.0917023636031 2.0938
1348-8 -8.3718543579 -0.978521363551 2.0025
135 -7.92858091485 1.52819131749 4.8606
135- -7.94762888355 1.554314246 4.8612
135-12- -7.58136365681 0.911037131582 4.2184
135-13- -7.41156462154 1.06614201958 4.2001
135-13-12- -7.184893794 0.857158591542 3.9601
135-4 -7.8499400155 0.945323475244 4.5186
135-4-8 -7.87796774087 -0.291433921124 2.0917
135-5- -7.63877967676 0.642732886738 4.0879
135-5-13 -7.31877380258 0.448171492149 3.7582
135-58 -7.84721887711 -0.439735963153 3.6611
135-8- -8.17919776019 -0.179050905789 2.1345
135-8-4- -8.06627051717 -0.381503601696 3.8537
13512 -7.56612528185 0.87103639731 4.1936
13512- -7.599595284 0.854981680834 4.1905
13512-4- -7.46000088481 0.560826621324 3.9272
13513- -7.41156462154 1.06614201958 4.2001
13513-13 -7.10543655313 0.928996644929 3.9649
1354 -7.68612748467 0.715115167801 4.2200
1358 -8.16042190532 -0.22122855077 2.1369
138 -8.99499504826 -0.0571439061028 2.1461
138- -8.99499504826 -0.0571439061028 2.1461
138-12 -8.56832054936 -0.00625861828745 2.1384
138-125 -8.16205458835 -0.185853751753 2.1397
138-13 -8.31552679332 0.0614977275202 2.1491
138-13- -8.31144508574 0.0476199217524 2.1593
138-1312 -7.87116489491 0.0405449619492 2.1498
138-4 -8.69811885037 -0.0310209775987 2.1005
138-5-4 -8.38682061903 -0.284358961321 2.1423
138-5-5- -8.230083048 -0.401367911913 3.8271
138-8- -9.14084806574 -0.824232817074 2.0310
13812 -8.56832054936 -0.00625861828745 2.1384
13812-13 -7.87089278107 -0.0378238235633 2.1349
13812-13- -7.86517839046 -0.112383015336 2.1408
1381313- -7.66571894678 0.0789130131896 2.1503
1384 -8.69811885037 -0.0310209775987 2.1005
1384-5- -8.43008671936 -0.284903188998 4.1530
1385- -8.60587225909 -0.138233830001 2.1425
1385-13- -7.91824058898 -0.278644570711 3.7548
1388 -9.14030383807 -0.824232817074 2.0312
1388- -9.14084806574 -0.824232817074 2.0310
1388-12- -8.96397407066 -0.906411196326 2.0263
412 -8.45729810322 1.4337678155 5.2604
412- -8.45729810322 1.4337678155 5.2604
412-12-13 -7.35823030917 0.944507133728 4.1519
412-13 -7.599595284 1.20981812635 4.5301
412-4 -7.99660937449 0.900424691877 4.5604
412-5 -7.91851270282 0.80763387292 4.3849
412-5-8- -8.09239344568 -0.368170023605 2.1336
41212 -7.84177660034 1.05471323836 4.5478
41213 -7.59524146258 1.12845608861 4.4868
41213-5 -7.38897917293 0.85960761609 4.1253
4121312 -7.29836526469 0.980426160421 4.1928
4124- -7.99660937449 0.900424691877 4.5604
41248- -8.19089865524 -0.235106356537 4.1576
4128 -8.69839096421 -0.0813620377369 2.1296
412812 -8.42981460552 -0.293066604156 2.1222
413 -8.04232449938 1.68003083942 5.1881
413- -8.04232449938 1.68003083942 5.1881
413-12 -7.5734723555 1.26505723558 4.5749
413-12- -7.5459888578 1.30777910824 4.5912
413-13 -7.35306014624 1.44301968602 4.6080
413-13-8 -7.6102077237 -0.0933350466346 3.9081
413-4- -7.7998710692 1.32274536936 4.8042
413-55 -7.61837113886 0.694434516069 4.1845
41312 -7.54626097164 1.30777910824 4.5912
41312-5- -7.39986372648 0.895526642783 4.1527
41313 -7.58245211217 1.53009611436 4.8594
41313- -7.51333519717 1.59894091552 4.8730
41313-5- -7.17428135429 1.05335266916 4.1774
4135 -7.76367992867 1.23077089192 4.6558
4135- -7.62653455402 1.03239990359 4.3906
413512- -7.54462828861 0.747496714593 4.1306
4138- -8.3612419182 -0.0767361024809 2.1478
4138-8- -8.49185656072 -0.894982415106 2.0310
44 -9.03009773344 1.46642147613 5.6634
44- -9.03009773344 1.46642147613 5.6634
44-12 -8.26300882247 0.931173555638 4.8921
44-124 -7.90681180776 0.641644431383 4.3822
44-13 -8.01701791239 1.1347147069 4.9468
44-4 -8.6722680357 1.02151535005 5.3149
44-4-12- -8.1884496307 0.700965248195 4.7451
44-5-12- -7.93620010233 0.527900846855 4.3069
44-8- -9.21323034681 -0.130070414844 2.0919
44-813 -8.58519160735 -0.157553912541 2.1000
44-84 -9.0037026911 -0.308577092955 2.0489
4412- -8.26300882247 0.931173555638 4.8920
441212- -7.79714993081 0.691985491521 4.3536
4413- -8.01647368471 1.13417047922 4.9458
4413-13 -7.47061332451 1.03321624511 4.5747
444 -8.6722680357 1.02151535005 5.3149
444- -8.6722680357 1.02124323621 5.3149
4445- -8.36668419497 0.643005000576 4.7994
445 -8.47770664111 0.830219321523 4.9322
445-4- -8.17266702806 0.535247920497 4.4939
445-8- -8.65213161165 -0.296876197896 2.1327
448 -9.21323034681 -0.130614642521 2.0921
448-8- -9.3027557997 -0.993487624674 2.0007
4485 -8.9141772382 -0.392932382917 2.0890
45 -8.72859560029 1.22151902141 5.2420
45- -8.60206266535 1.04736616471 4.9997
45-12 -7.97402392589 0.589398574375 4.2928
45-13- -7.68612748467 0.715115167801 4.2200
45-413- -7.67497081729 0.349122054904 4.0685
45-48- -8.3302209406 -0.363544088349 2.0928
45-5 -8.04504563776 0.414429376165 4.1804
45-5- -8.02028327845 0.414973603842 4.1776
45-8 -8.79662405993 -0.309937662148 2.1346
45-8- -8.79662405993 -0.309937662148 2.1346
45124- -7.72748878813 0.495247186225 4.0810
4513- -7.7068081364 0.755932243589 4.2504
4513-13 -7.24503095232 0.662052969277 3.9831
455 -8.22600134042 0.660692400084 4.5172
455- -8.04504563776 0.414429376165 4.1804
4554- -8.01266409097 0.419599539098 4.2289
4555- -7.93756067152 0.302046360829 4.0900
4558 -8.36994956103 -0.394565065948 2.1343
458 -8.90764650608 -0.231840990474 2.1328
458- -8.90737439224 -0.231840990474 2.1330
48 -9.99120381132 -0.134968463938 2.0929
48- -9.99120381132 -0.134968463938 2.0929
48-12 -9.13023562604 -0.185853751753 2.0838
48-12- -9.13023562604 -0.185853751753 2.0838
48-1212 -8.31443833796 -0.275107090809 2.0830
48-1212- -8.32777191605 -0.309121320632 2.0853
48-1213 -7.99660937449 -0.280549367581 2.0888
48-13 -8.69811885037 -0.0310209775987 2.1005
48-4 -9.41541092888 -0.205990175809 2.0497
48-44- -9.0037026911 -0.308304979117 2.0488
48-5 -9.1990804272 -0.302862702345 2.0893
48-5-8- -9.3267018175 -0.951309979693 2.0885
48-513 -8.04667832079 -0.417966856066 2.0906
48-88 -10.1424991056 -1.52710286214 1.9666
4812 -9.13023562604 -0.185853751753 2.0838
4812- -9.13023562604 -0.185853751753 2.0838
4813- -8.69811885037 -0.0310209775987 2.1006
4813-12- -8.02817457977 -0.133335780907 2.1016
485 -9.1990804272 -0.302862702345 2.0893
485- -9.1990804272 -0.302862702345 2.0893
488 -10.0864436548 -0.949677296661 2.0022
488-12- -9.49323548671 -1.00954234115 1.9993
512 -8.29430191391 1.2919965056 4.9134
512- -8.31307776877 1.2849215458 4.9085
512-12 -7.80531334597 0.907771765519 4.3593
512-12- -7.77919041747 0.941785995342 4.3739
512-12-13- -7.36612161049 0.754843788235 4.0247
512-12-4- -7.58272422601 0.66531833534 4.0703
512-124- -7.60775869916 0.64409345593 4.0795
512-13- -7.5614993466 1.00600486125 4.3142
512-48 -8.10708759296 -0.267487903329 2.0934
512-5 -7.85266115388 0.720013216896 4.2483
512-8-5 -8.3492689093 -0.435382141736 2.1268
51212- -7.77973464514 0.907771765519 4.3501
51213- -7.53265527971 1.09036015121 4.3437
51213-12 -7.31686900571 0.894710301267 4.1089
512138 -7.80885082587 -0.0489804909453 2.1471
5124 -7.89402245735 0.810082897467 4.3785
5124- -7.89402245735 0.810082897467 4.3785
5124-8 -8.08232523365 -0.249800503821 2.0937
5125- -7.82708245306 0.721373786089 4.2409
51254 -7.65510650707 0.447355150634 3.9898
513 -7.92858091485 1.52819131749 4.8606
513- -7.94762888355 1.554314246 4.8612
513-12 -7.54054658103 1.16383088763 4.4033
513-12- -7.50979771727 1.20872967099 4.4213
513-1213 -7.21700322695 1.00464429206 4.1191
513-13 -7.33346794986 1.33390203674 4.4214
513-13- -7.56748585105 1.416080416 4.6572
513-1312 -7.13428062002 1.17852503491 4.2125
513-4- -7.62653455402 1.03212778975 4.3905
513-4-5 -7.52122649849 0.493886617032 4.0764
513-48 -7.82490554235 -0.195649849943 3.9980
513-5- -7.5601387774 0.937160060086 4.2604
513-512- -7.41074828002 0.578514020832 3.9123
513-8 -8.26083191176 -0.11537626756 2.1486
51312 -7.48285844725 1.18614422239 4.4109
51312- -7.51197462798 1.13879641448 4.3914
513124 -7.34027079583 0.82695395546 4.0840
51313 -7.56095511892 1.40927757003 4.6725
51313- -7.4888449517 1.45825806098 4.6610
5134 -7.7639520425 1.18750479158 4.6134
5134- -7.76422415634 1.1883211331 4.6142
5135 -7.73401952026 1.10995234759 4.5156
5135- -7.5601387774 0.937432173925 4.2605
5135-4- -7.60530967461 0.709945004868 4.2052
5138-12- -8.03007937664 -0.185309524076 2.1361
5138-5 -8.04776677615 -0.295787742542 2.1437
54 -8.60206266535 1.04736616471 4.9997
54- -8.72832348645 1.22124690757 5.2415
54-13 -7.80531334597 0.74423134853 4.4375
54-13-8- -8.08395791668 -0.131158870198 4.0520
54-1312- -7.4804094227 0.563547759709 4.1497
54-4 -8.48505371475 0.814708832723 4.9248
54-4-12 -8.15361905936 0.564636215064 4.6183
54-4-5- -8.29838362149 0.513750927248 4.6615
54-44 -8.37838509003 0.631576219356 4.7980
54-5-13 -7.61265674825 0.307216523762 3.9816
54-55- -7.87007643955 0.103403258662 3.9522
54-8- -8.80805284116 -0.235378470376 2.0946
54-8-4- -8.66682575893 -0.417694742228 2.0518
5412-12 -7.72449553591 0.436742710929 4.1526
5412-12- -7.74816943987 0.566813125772 4.2548
5413 -7.80531334597 0.74423134853 4.4375
541313- -7.46571527542 0.831307776877 4.4126
544 -8.48478160092 0.814436718885 4.9245
544-13 -7.97157490134 0.668039473726 4.6481
545 -8.34899679546 0.637290609966 4.6897
545- -8.16123824684 0.441368646185 4.4034
545-5- -8.08096466446 0.340958639747 4.2924
545-8- -8.34464297404 -0.464498322464 3.9827
548 -8.80805284116 -0.235378470376 2.0946
548- -8.80805284116 -0.235378470376 2.0946
548-12 -8.60124632383 -0.408442871716 2.0861
54812 -8.60124632383 -0.408442871716 2.0861
55 -8.40124265247 0.914846725322 4.6724
55- -8.42219541804 0.91348615613 4.6709
55-13 -7.66326992223 0.644637683608 4.0912
55-4 -8.17511605261 0.600827355595 4.4208
55-4- -8.17484393877 0.600555241757 4.4205
55-5 -7.96586051073 0.32109432953 4.0342
55-5- -7.94245872062 0.320550101853 4.0319
55-8 -8.62274331708 -0.386673764629 2.1355
55-8- -8.62274331708 -0.386673764629 2.1355
55-8-4- -8.46654997373 -0.533343123626 2.0900
55-88 -8.72478600655 -1.14070121135 2.0256
5512 -7.85211692621 0.505859625929 4.1268
5512- -7.88041676542 0.480553038941 4.1183
551212- -7.56666950953 0.327897175495 3.8574
5513- -7.63877967676 0.642732886738 4.0879
5513-4- -7.44068080227 0.458239704177 3.8803
555- -7.94218660678 0.320550101853 4.0319
555-5- -7.69592358286 0.00680284596462 3.7013
558 -8.60151843767 -0.381231487857 2.1365
558- -8.60151843767 -0.381231487857 2.1364
558-4- -8.44423663897 -0.525451822307 2.0896
558-5- -8.40260322166 -0.592936054277 2.1314
58 -9.64997305774 -0.154560660316 2.1334
58- -9.64997305774 -0.154560660316 2.1334
58-12 -8.97757976259 -0.288168555061 2.1254
58-13-8 -8.83363154198 -0.677291344238 4.0465
58-134- -8.21239564849 -0.2383717226 2.1413
58-4 -9.1990804272 -0.302862702345 2.0893
58-4- -9.1990804272 -0.302862702345 2.0893
58-4-5 -8.62355965859 -0.491437592484 2.0918
58-48 -9.33432100498 -0.846818265676 2.0925
58-5 -9.03309098566 -0.392932382917 2.1308
58-5- -9.03309098566 -0.393476610594 2.1298
58-54- -8.55199371905 -0.54613247404 2.1288
58-55 -8.40151476631 -0.592391826599 2.1302
58-58- -9.16887579112 -0.996208763059 2.1299
58-8-13- -8.98057301482 -0.96137819172 2.0294
5812-5- -8.32396232231 -0.421776449807 2.1251
5812-8 -9.13431733362 -0.814436718885 2.1235
5813-4- -8.14926523794 -0.269664814038 2.1461
581313- -7.7617751318 -0.187486434785 2.1425
584 -9.1990804272 -0.302862702345 2.0893
584-8- -9.33486523266 -0.846546151838 2.0927
585- -9.03309098566 -0.393476610594 2.1298
588-13 -8.98057301482 -0.96137819172 2.0297
588-4 -9.55935914949 -1.05906705977 2.0010
812 -9.55609378342 -0.102859030985 2.1250
812- -9.55446110039 -0.102859030985 2.1283
812-12- -8.4684547706 -0.0476199217524 2.1268
812-12-12- -7.91987327201 -0.0495247186225 2.1266
812-12-5 -7.98626904863 -0.129526187166 2.1287
812-12-8 -8.67362860489 -0.479192469748 2.1260
812-1212- -7.98790173166 -0.128709845651 2.1304
812-124- -8.09511458406 -0.127621390296 2.1303
812-13- -8.11688369115 -0.0848995176385 2.1327
812-4-13- -7.93429530546 -0.125172365749 2.1300
812-5- -8.5255986767 -0.0990494372449 2.1284
812-5-8- -8.70927551775 -0.713754598608 2.1307
812-8 -9.68480362908 -0.660420286246 2.1266
81212 -8.4684547706 -0.0476199217524 2.1268
81212-13- -7.74082236622 -0.110206104627 2.1300
8128- -9.68480362908 -0.660420286246 2.1266
8128-12 -9.0869695257 -0.753211105203 2.1190
813 -8.99581138978 -0.05768813378 2.1465
813- -8.99581138978 -0.05768813378 2.1465
813-12 -8.19498036282 -0.0971446403748 2.1485
813-12- -8.17511605261 -0.0408170757877 2.1464
813-13 -7.90300221402 -0.0163268303151 2.1478
813-1313 -7.59850682865 -0.0557833369099 2.1471
813-4-4- -8.22110329133 -0.0933350466346 2.1477
813-5 -8.2611040256 -0.11537626756 2.1486
813-5- -8.23579743861 -0.0857158591542 2.1481
813-513 -7.66925642668 -0.127893504135 3.8259
813-8 -9.22057742045 -0.501777918351 2.1466
813-8- -9.22057742045 -0.501777918351 2.1466
813-8-5- -8.83499211117 -0.675930775045 4.0452
813-85 -8.83471999734 -0.677019230399 4.0474
81312 -8.17593239412 -0.0419055311421 2.1464
81312- -8.19498036282 -0.0971446403748 2.1485
81312-13- -7.59905105632 -0.124628138072 2.1487
81313 -8.04368506857 -0.0699332565163 2.1458
81313- -7.90300221402 -0.0163268303151 2.1478
81313-5 -7.61918748038 -0.0770082163195 3.9659
8131312 -7.51714479091 -0.0604092721659 2.1505
8131313- -7.36503315514 -0.0514295154925 3.8919
813138 -8.14599987188 -0.320822215692 3.9045
8134 -8.36205825971 -0.0775524439967 2.1477
8134- -8.3612419182 -0.0767361024809 2.1478
8135 -8.23579743861 -0.0857158591542 2.1481
8135-4 -8.09756360861 -0.121634885847 2.1469
8138-5 -8.83499211117 -0.675930775045 4.0452
81388 -9.33105563892 -1.20492007725 2.0323
84 -9.99120381132 -0.134968463938 2.0929
84- -9.99120381132 -0.134968463938 2.0929
84-12 -8.68179202005 -0.138778057678 2.0935
84-12- -8.68179202005 -0.138778057678 2.0935
84-128 -8.88887065121 -0.597289875694 2.0951
84-13 -8.27851931127 -0.0914302497645 2.0942
84-13- -8.27851931127 -0.0914302497645 2.0943
84-13-4 -7.98735750398 -0.121362772009 2.0921
84-4- -9.21323034681 -0.130070414844 2.0919
84-4-12 -8.42137907653 -0.151023180415 2.0925
84-4-8 -9.37785921915 -0.507220195122 2.0940
84-5 -8.80805284116 -0.235378470376 2.0946
84-5- -8.80805284116 -0.235378470376 2.0946
84-512- -8.15334694552 -0.36544888522 2.0931
84-513- -7.87796774087 -0.291433921124 2.0918
84-55- -8.22382442971 -0.409259213232 2.0933
84-8 -10.0771917843 -0.724094924474 2.0956
84-8- -10.0771917843 -0.724094924474 2.0956
8412 -8.68179202005 -0.138778057678 2.0935
8412- -8.68179202005 -0.138778057678 2.0935
8413-8 -8.5566196543 -0.499601007642 2.0959
844- -9.21350246065 -0.130070414844 2.0916
84412 -8.42137907653 -0.151295294253 2.0924
8448- -9.37785921915 -0.507220195122 2.0939
845 -8.80805284116 -0.235378470376 2.0946
845- -8.80805284116 -0.235378470376 2.0946
8454- -8.3302209406 -0.363544088349 2.0929
848- -10.0771917843 -0.724094924474 2.0956
848-5- -9.33432100498 -0.846818265676 2.0926
848-8- -10.1563769113 -1.31430984037 2.0047
84812- -9.26928579756 -0.795116636345 2.0871
85 -9.64997305774 -0.154560660316 2.1334
85- -9.64997305774 -0.154560660316 2.1334
85-13 -8.17919776019 -0.179050905789 2.1345
85-13- -8.16042190532 -0.22122855077 2.1369
85-134- -7.8379670066 -0.275923432325 3.7605
85-138 -8.45593753403 -0.612256136816 2.1359
85-4- -8.79662405993 -0.309937662148 2.1346
85-5 -8.62274331708 -0.386673764629 2.1355
85-5-4 -8.3802898869 -0.392660269078 2.1339
8512 -8.51280932629 -0.271025383231 2.1345
85124 -8.09239344568 -0.368170023605 2.1336
85125 -7.99334400843 -0.379054577149 2.1330
8513 -8.16042190532 -0.22122855077 2.1369
8513- -8.17919776019 -0.179050905789 2.1345
854 -8.90764650608 -0.231840990474 2.1328
854- -8.79662405993 -0.309937662148 2.1346
854-4 -8.66464884822 -0.299053108605 2.1332
854-8 -8.97730764875 -0.788858018058 2.0946
854-8- -8.97730764875 -0.788858018058 2.0946
85513 -7.79959895536 -0.474022306815 2.1343
858 -9.73269566467 -0.902057374909 2.1349
858- -9.73269566467 -0.902057374909 2.1349
858-8- -9.82058843453 -1.44356391369 2.0263
88 -11.2535399085 -0.845185582645 2.0294
88- -11.2535399085 -0.845185582645 2.0294
88-13 -9.14057595191 -0.824232817074 2.0310
88-13- -9.14057595191 -0.824232817074 2.0310
88-13-12 -8.32532289151 -0.911309245421 2.0308
88-1312- -8.32450654999 -0.911037131582 2.0305
88-4 -10.0864436548 -0.949677296661 2.0022
88-4-8 -10.1563769113 -1.31430984037 2.0047
88-48- -10.1563769113 -1.31430984037 2.0060
88-5- -9.75609745478 -1.01824998398 2.0266
88-5-12- -8.61893372334 -1.08056405302 2.0246
88-5-5- -8.70383324098 -1.1298166578 2.0257
88-8 -11.286465683 -1.55023253842 1.9752
88-8- -11.286465683 -1.55023253842 1.9752
88-84- -10.1424991056 -1.52710286214 1.9668
8813-5- -8.36341882891 -0.912941928452 2.0311
