11 -7.2872085973 -1.13716373145 4.0840
1111 -7.24503095232 -3.10536312593 2.4790
1111- -7.30788924904 -3.07434214833 2.5682
1111-11- -7.10570866697 -3.87354049226 1.7406
1111-11-11 -7.09482411342 -3.60714104428 2.0930
1111-11-11- -7.16312468691 -4.09721806757 1.7035
1111-1111 -7.05944931441 -4.05803367482 1.6164
1111-1111- -7.09482411342 -3.60714104428 2.0930
111111 -7.176458265 -3.99571960578 1.6903
111111- -7.10570866697 -3.87381260609 1.7405
111111-11 -7.05944931441 -4.05803367482 1.6165
111111-11- -7.04448305329 -4.34783491291 1.3098
11111111 -7.28094997902 -4.25477198011 1.6278
11111111- -7.16339680075 -4.09749018141 1.7037
12aa -6.13779974312 0.571983288705 6.5761
12aa12aa -5.28417863148 -0.530349871402 4.6506
12aa12aa- -5.29642375422 -0.5268123915 4.6570
12aa12aa-12aa -4.95519300063 -0.970085834555 3.8117
12aa12aa-12aa-12aa -4.75518932927 -1.19757300361 3.3284
12aa12aa-12aa-12aa- -4.72634526238 -1.17063373359 3.3327
12aa12aa-12aa12aa -4.75627778463 -1.18886536078 3.3514
12aa12aa-12aa12aa- -4.78049591626 -1.20872967099 3.3497
12aa12aa12aa -4.90947787575 -0.938248515441 3.8194
12aa12aa12aa-12aa -4.75627778463 -1.18886536078 3.3514
12aa12aa12aa-12aa- -4.73205965299 -1.16900105056 3.3532
12aa12aa12aa12aa -4.70022233388 -1.14587137428 3.3383
12aa12aa12aa12aa- -4.72634526238 -1.17063373359 3.3327
12ae -6.15331023192 -0.170887490631 5.7923
12ae12ae -5.50350238538 -1.14587137428 4.1700
12ae12ae- -5.49452262871 -1.13144934084 4.1879
12ae12ae-12ae -5.20363293526 -1.52057213001 3.4358
12ae12ae-12ae-12ae -5.04580690888 -1.73282092411 3.0137
12ae12ae-12ae-12ae- -5.02730316786 -1.70969124783 3.0213
12ae12ae-12ae12ae -5.0311127616 -1.71105181702 3.0471
12ae12ae-12ae12ae- -5.05206552717 -1.73173246875 3.0392
12ae12ae12ae -5.19274838172 -1.51757887779 3.4762
12ae12ae12ae-12ae -5.04798381959 -1.73554206249 3.0545
12ae12ae12ae-12ae- -5.02567048482 -1.71322872773 3.0636
12ae12ae12ae12ae -5.02158877725 -1.71567775228 3.0613
12ae12ae12ae12ae- -5.0346502415 -1.73363726562 3.0500
12af -5.75602402759 0.65388955412 6.0821
12af12af -5.05097707181 -0.452253199728 4.4672
12af12af- -5.02294934644 -0.522458570083 4.3717
12af12af-12af -4.63709192333 -0.903417944102 3.5593
12af12af-12af-12af -4.35436564504 -1.09280917576 3.0432
12af12af-12af-12af- -4.33667824553 -1.08219673605 3.0460
12af12af-12af12af -4.45668044834 -1.12029267345 3.1316
12af12af-12af12af- -4.47355150634 -1.18396731168 3.0904
12af12af12af -4.72661737622 -0.898247781169 3.6711
12af12af12af-12af -4.49477638575 -1.1763481242 3.1183
12af12af12af-12af- -4.47436784785 -1.17199430279 3.1119
12af12af12af12af -4.54457321821 -1.13417047922 3.1983
12af12af12af12af- -4.56552598378 -1.20682487412 3.1506
12ai -5.96718436633 0.71729207851 6.5006
12ai12ai -5.15982260725 -0.325720264786 4.6577
12ai12ai- -5.1002296766 -0.348849941066 4.5981
12ai12ai-12ai -4.75165184937 -0.773891756935 3.7609
12ai12ai-12ai-12ai -4.5614442762 -0.995664535382 3.2935
12ai12ai-12ai-12ai- -4.5374982584 -0.967636810008 3.3099
12ai12ai-12ai12ai -4.55572988559 -0.977705022036 3.3266
12ai12ai-12ai12ai- -4.57178460207 -1.00056258448 3.3117
12ai12ai12ai -4.78757087606 -0.720829558411 3.8488
12ai12ai12ai-12ai -4.56743078065 -0.98069827426 3.3303
12ai12ai12ai-12ai- -4.50402825626 -0.987229006386 3.2879
12ai12ai12ai12ai -4.56933557752 -0.92110534361 3.3784
12ai12ai12ai12ai- -4.55572988559 -0.962194533236 3.3282
12al -5.55846938077 0.598650444887 5.8529
12al12al -4.72825005925 -0.335516362975 4.2696
12al12al- -4.80036022648 -0.298236767089 4.3487
12al12al-12al -4.45450353764 -0.71348248477 3.5156
12al12al-12al-12al -4.22783271009 -0.967908923847 3.0441
12al12al-12al-12al- -4.30184767419 -0.832124118393 3.1605
12al12al-12al12al -4.19844441553 -0.923282254319 3.0434
12al12al-12al12al- -4.24415954041 -0.933078352508 3.0634
12al12al12al -4.30021499116 -0.701509475872 3.4615
12al12al12al-12al -4.18919254501 -0.922738026641 3.0436
12al12al12al-12al- -4.17939644683 -0.863145095991 3.0961
12al12al12al12al -4.04007416147 -0.881376723177 2.9750
12al12al12al12al- -4.08197969261 -0.892805504397 2.9930
12ea -6.15331023192 -0.170887490631 5.7922
12ea12ea -5.50350238538 -1.14587137428 4.1699
12ea12ea- -5.49425051487 -1.13172145467 4.1878
12ea12ea-12ea -5.2039050491 -1.52057213001 3.4358
12ea12ea-12ea-12ea -5.04580690888 -1.73282092411 3.0137
12ea12ea-12ea-12ea- -5.0346502415 -1.73363726562 3.0499
12ea12ea-12ea12ea -5.04798381959 -1.73554206249 3.0545
12ea12ea-12ea12ea- -5.05179341333 -1.73173246875 3.0391
12ea12ea12ea -5.19274838172 -1.51757887779 3.4762
12ea12ea12ea-12ea -5.0311127616 -1.71105181702 3.0471
12ea12ea12ea-12ea- -5.02567048482 -1.71322872773 3.0636
12ea12ea12ea12ea -5.02186089108 -1.71567775228 3.0613
12ea12ea12ea12ea- -5.02730316786 -1.70941913399 3.0213
12ee -6.28882292354 -0.397558318173 5.2676
12ee12ee -5.77126240255 -1.36002496525 4.0693
12ee12ee- -5.60146336727 -1.554314246 3.8504
12ee12ee-12ee -5.36418010002 -1.81826466942 3.2371
12ee12ee-12ee-12ee- -5.35329554648 -1.88520467372 3.0843
12ee12ee-12ee12ee -5.26975659804 -1.9619407762 2.9711
12ee12ee-12ee12ee- -5.23138854679 -1.97799549267 2.9117
12ee12ee12ee -5.56717702361 -1.64792140647 3.5493
12ee12ee12ee-12ee -5.26975659804 -1.9619407762 2.9711
12ee12ee12ee-12ee- -5.31247847069 -1.94234857982 3.0408
12ee12ee12ee12ee -5.46186896808 -1.79241385476 3.2581
12ee12ee12ee12ee- -5.35329554648 -1.88520467372 3.0843
12ef -5.99929379928 -0.133880008584 5.3435
12ef12ef -5.24989228782 -1.0655977919 3.9313
12ef12ef- -5.31519960908 -1.17525966885 3.9517
12ef12ef-12ef -4.90240291595 -1.43921009228 3.1729
12ef12ef-12ef-12ef -4.66076582728 -1.65853384618 2.6775
12ef12ef-12ef-12ef- -4.72117509945 -1.69771823893 2.7487
12ef12ef-12ef12ef -4.73178753915 -1.62424750251 2.8280
12ef12ef-12ef12ef- -4.78675453455 -1.71050758934 2.7962
12ef12ef12ef -4.94866226851 -1.42914188025 3.2804
12ef12ef12ef-12ef -4.76008737837 -1.66452035062 2.8134
12ef12ef12ef-12ef- -4.81559860144 -1.74044011159 2.8286
12ef12ef12ef12ef -4.78702664839 -1.63132246232 2.8826
12ef12ef12ef12ef- -4.84335421297 -1.72465750895 2.8314
12ei -6.04990697326 -0.102042689469 5.7002
12ei12ei -5.50731197912 -0.843552899613 4.3406
12ei12ei- -5.3026823725 -0.960017622528 4.1480
12ei12ei-12ei -5.00308503622 -1.32546650775 3.3977
12ei12ei-12ei-12ei -4.92335568152 -1.44002643379 3.1107
12ei12ei-12ei-12ei- -5.01641861431 -1.3660114697 3.2820
12ei12ei-12ei12ei -4.9105663311 -1.46587724846 3.1303
12ei12ei-12ei12ei- -4.85859258793 -1.50206838899 3.0361
12ei12ei12ei -5.276559444 -1.13444259306 3.7720
12ei12ei12ei-12ei -4.89396738695 -1.47431277745 3.0998
12ei12ei12ei-12ei- -4.9775063354 -1.40655643165 3.2411
12ei12ei12ei12ei -5.15601301351 -1.2764860168 3.4605
12ei12ei12ei12ei- -5.02213300492 -1.35648748535 3.2711
12el -5.79792955873 -0.190751800848 5.0392
12el12el -5.41560961552 -0.961650305559 4.1518
12el12el- -5.01369747593 -0.850355745578 3.9310
12el12el-12el -5.02539837099 -1.40900545619 3.3420
12el12el-12el-12el -4.8760078736 -1.58070928834 2.9403
12el12el-12el-12el- -4.89315104543 -1.11430616901 3.3570
12el12el-12el12el -4.93614503193 -1.545878717 3.0646
12el12el-12el12el- -4.83410234246 -1.59513132178 2.9296
12el12el12el -5.0988691074 -1.2539005682 3.5257
12el12el12el-12el -4.86866079996 -1.55703538438 2.9994
12el12el12el-12el- -4.9260768199 -1.39458342275 3.2009
12el12el12el12el -4.91791340475 -1.40165838255 3.1605
12el12el12el12el- -4.81260534921 -1.44165911682 3.0159
12fa -5.67683890056 0.609262884592 5.9674
12fa12fa -4.83627925317 -0.344496119648 4.3712
12fa12fa- -5.02294934644 -0.522458570083 4.3717
12fa12fa-12fa -4.55491354407 -0.820967451011 3.5757
12fa12fa-12fa-12fa -4.42892483681 -1.07648234544 3.1393
12fa12fa-12fa-12fa- -4.56552598378 -1.20682487412 3.1506
12fa12fa-12fa12fa -4.28416027468 -0.996752990737 3.0968
12fa12fa-12fa12fa- -4.47355150634 -1.18396731168 3.0904
12fa12fa12fa -4.4112374373 -0.72491126599 3.5456
12fa12fa12fa-12fa -4.33096385492 -1.0345768143 3.1040
12fa12fa12fa-12fa- -4.47436784785 -1.17199430279 3.1119
12fa12fa12fa12fa -4.15599465671 -0.909132334712 3.0543
12fa12fa12fa12fa- -4.33667824553 -1.08219673605 3.0460
12fe -5.9726266431 -0.341774981263 5.0716
12fe12fe -5.15247553361 -1.02995087904 3.8840
12fe12fe- -5.31519960908 -1.17525966885 3.9518
12fe12fe-12fe -4.86267429551 -1.39376708123 3.2384
12fe12fe-12fe-12fe -4.75791046766 -1.59404286643 2.8517
12fe12fe-12fe-12fe- -4.84335421297 -1.72465750895 2.8314
12fe12fe-12fe12fe -4.61668338543 -1.55322579064 2.8015
12fe12fe-12fe12fe- -4.78675453455 -1.71050758934 2.7962
12fe12fe12fe -4.77695843636 -1.37063740495 3.1728
12fe12fe12fe-12fe -4.69559639862 -1.61934945342 2.8313
12fe12fe12fe-12fe- -4.81559860144 -1.74044011159 2.8287
12fe12fe12fe12fe -4.56117216236 -1.55240944913 2.7410
12fe12fe12fe12fe- -4.72117509945 -1.69744612509 2.7488
12ff -5.6580630457 0.816069401916 5.7222
12ff12ff -4.77886323323 -0.237555381085 4.4407
12ff12ff- -4.96743812337 -0.437559052445 4.4490
12ff12ff-12ff -4.41940085246 -0.659059717053 3.6030
12ff12ff-12ff-12ff -4.19790018785 -0.908860220874 3.0914
12ff12ff-12ff-12ff- -4.35735889726 -1.09389763111 3.0934
12ff12ff-12ff12ff -4.16198116116 -0.841648102743 3.1449
12ff12ff-12ff12ff- -4.3682434508 -1.0606997428 3.1302
12ff12ff12ff -4.38266548425 -0.661780855439 3.6014
12ff12ff12ff-12ff -4.25613254931 -0.944779247567 3.1368
12ff12ff12ff-12ff- -4.41368646185 -1.14151755286 3.1199
12ff12ff12ff12ff -4.15517831519 -0.878111357114 3.1096
12ff12ff12ff12ff- -4.35735889726 -1.09389763111 3.0934
12fi -5.5889461307 0.774163870774 6.0282
12fi12fi -4.84906860358 -0.0917023636031 4.5262
12fi12fi- -4.86866079996 -0.335516362975 4.3889
12fi12fi-12fi -4.39273369628 -0.623684918037 3.5781
12fi12fi-12fi-12fi -4.38701930567 -0.786953221188 3.2895
12fi12fi-12fi-12fi- -4.6877050973 -0.873485421858 3.4722
12fi12fi-12fi12fi -4.16687921025 -0.765728341778 3.1629
12fi12fi-12fi12fi- -4.29341214519 -0.99022225861 3.0771
12fi12fi12fi -4.45831313138 -0.441640760023 3.7585
12fi12fi12fi-12fi -4.22021352261 -0.813076149692 3.1703
12fi12fi12fi-12fi- -4.47028614027 -0.924098595834 3.2827
12fi12fi12fi12fi -4.27245937962 -0.583956297603 3.3533
12fi12fi12fi12fi- -4.292051576 -0.839471192034 3.1735
12fl -5.56554434058 0.755932243589 5.9313
12fl12fl -4.54185207982 -0.105308055532 4.3423
12fl12fl- -4.69940599236 -0.240820747148 4.3517
12fl12fl-12fl -4.23137019 -0.513206699571 3.5388
12fl12fl-12fl-12fl -4.25123450021 -0.906955424004 3.1100
12fl12fl-12fl-12fl- -4.37858377667 -1.05743437674 3.1064
12fl12fl-12fl12fl -3.94864391171 -0.678924027269 3.0615
12fl12fl-12fl12fl- -4.1263342483 -0.826137613944 3.0875
12fl12fl12fl -4.07490473281 -0.414973603842 3.5299
12fl12fl12fl-12fl -3.96741976657 -0.696339312939 3.0707
12fl12fl12fl-12fl- -4.43817670732 -1.09716299717 3.1332
12fl12fl12fl12fl -3.79299479604 -0.552118978489 3.0490
12fl12fl12fl12fl- -3.93966415503 -0.708584435675 3.0200
12ia -5.96718436633 0.71729207851 6.5006
12ia12ia -5.15982260725 -0.325720264786 4.6577
12ia12ia- -5.1002296766 -0.348849941066 4.5981
12ia12ia-12ia -4.75165184937 -0.773891756935 3.7609
12ia12ia-12ia-12ia -4.5614442762 -0.995664535382 3.2935
12ia12ia-12ia-12ia- -4.55572988559 -0.962194533236 3.3284
12ia12ia-12ia12ia -4.56743078065 -0.98069827426 3.3302
12ia12ia-12ia12ia- -4.57178460207 -1.00056258448 3.3117
12ia12ia12ia -4.78757087606 -0.720829558411 3.8488
12ia12ia12ia-12ia -4.55572988559 -0.977705022036 3.3265
12ia12ia12ia-12ia- -4.50402825626 -0.987229006386 3.2879
12ia12ia12ia12ia -4.56960769136 -0.92110534361 3.3785
12ia12ia12ia12ia- -4.53777037224 -0.967364696169 3.3101
12ie -6.04990697326 -0.102042689469 5.7002
12ie12ie -5.50731197912 -0.843552899613 4.3406
12ie12ie- -5.3026823725 -0.960017622528 4.1481
12ie12ie-12ie -5.00308503622 -1.32546650775 3.3977
12ie12ie-12ie-12ie -4.92444413687 -1.43839375076 3.1129
12ie12ie-12ie-12ie- -5.02240511876 -1.35648748535 3.2712
12ie12ie-12ie12ie -4.89396738695 -1.47431277745 3.0998
12ie12ie-12ie12ie- -4.85859258793 -1.50234050283 3.0361
12ie12ie12ie -5.276559444 -1.13444259306 3.7720
12ie12ie12ie-12ie -4.9105663311 -1.46587724846 3.1303
12ie12ie12ie-12ie- -4.9775063354 -1.40628431781 3.2411
12ie12ie12ie12ie -5.15601301351 -1.2764860168 3.4606
12ie12ie12ie12ie- -5.01641861431 -1.3660114697 3.2820
12if -5.65343711044 0.837294281326 6.0928
12if12if -5.13261122339 -0.114559926044 4.6850
12if12if- -4.86866079996 -0.335516362975 4.3889
12if12if-12if -4.45994581441 -0.685182645557 3.5578
12if12if-12if-12if -4.22102986413 -0.856886477704 3.0767
12if12if-12if-12if- -4.292051576 -0.839471192034 3.1735
12if12if-12if12if -4.36688288161 -0.853348997802 3.2526
12if12if-12if12if- -4.29341214519 -0.99022225861 3.0771
12if12if12if -4.93206332435 -0.491981820162 4.0482
12if12if12if-12if -4.41776816943 -0.923554368157 3.2303
12if12if12if-12if- -4.47028614027 -0.924098595834 3.2827
12if12if12if12if -4.84117730226 -0.670760612112 3.7215
12if12if12if12if- -4.6877050973 -0.873485421858 3.4722
12ii -5.82187557652 0.85579802235 6.5353
12ii12ii -5.24064041731 0.0253065869884 4.9009
12ii12ii- -4.92988641364 -0.181499930336 4.5688
12ii12ii-12ii -4.61477858856 -0.55375166152 3.7899
12ii12ii-12ii-12ii -4.55110395033 -0.668855815242 3.4951
12ii12ii-12ii-12ii- -4.67464363305 -0.539873855752 3.7292
12ii12ii-12ii12ii -4.53123964012 -0.681373051817 3.5171
12ii12ii-12ii12ii- -4.4493333747 -0.75566012975 3.3756
12ii12ii12ii -4.95056706538 -0.314291483566 4.2369
12ii12ii12ii-12ii -4.53123964012 -0.681373051817 3.5171
12ii12ii12ii-12ii- -4.6044382627 -0.616609958233 3.6376
12ii12ii12ii12ii -4.8414494161 -0.430211978803 3.9473
12ii12ii12ii12ii- -4.67464363305 -0.539873855752 3.7292
12il -5.907047208 0.693890288392 6.4149
12il12il -5.19302049555 -0.277828229195 4.6427
12il12il- -4.95111129305 -0.287896441223 4.4834
12il12il-12il -4.66076582728 -0.803280051503 3.6350
12il12il-12il-12il -4.51681760667 -0.955935914949 3.2430
12il12il-12il-12il- -4.49205524736 -0.760286065006 3.3866
12il12il-12il12il -4.5198108589 -0.948316727468 3.2945
12il12il-12il12il- -4.46375540815 -0.889540138334 3.2889
12il12il12il-12il -4.52525313567 -0.829947207684 3.3844
12il12il12il-12il- -4.48579662907 -0.92301014048 3.2863
12il12il12il12il -4.69831753701 -0.760013951168 3.5574
12il12il12il12il- -4.58919988773 -0.824232817074 3.4192
12la -5.73343857898 0.700965248195 6.0605
12la12la -4.94784592699 -0.333611566105 4.3856
12la12la- -4.80036022648 -0.298236767089 4.3487
12la12la-12la -4.49776963797 -0.788585904219 3.5022
12la12la-12la-12la -4.22429523019 -0.993759738512 3.0063
12la12la-12la-12la- -4.08197969261 -0.892805504397 2.9930
12la12la-12la12la -4.32443312279 -0.979065591229 3.0917
12la12la-12la12la- -4.24415954041 -0.933078352508 3.0634
12la12la12la -4.58457395248 -0.691985491521 3.6406
12la12la12la-12la -4.31082743086 -0.95566380111 3.1083
12la12la12la-12la- -4.17939644683 -0.863145095991 3.0961
12la12la12la12la -4.06755765917 -0.871308511149 3.0098
12la12la12la12la- -4.07136725291 -0.866410462054 3.0033
12le -5.97561989532 -0.105580169371 5.2975
12le12le -5.54295889197 -0.734435250341 4.2982
12le12le- -5.01369747593 -0.850355745578 3.9311
12le12le-12le -5.01260902057 -1.25662170659 3.4207
12le12le-12le-12le- -4.81287746305 -1.44165911682 3.0159
12le12le-12le12le -5.00118023935 -1.38288252769 3.2277
12le12le-12le12le- -4.83410234246 -1.59513132178 2.9296
12le12le12le -5.39765010217 -0.979881932744 3.8879
12le12le12le-12le -4.94077096719 -1.36709992505 3.2101
12le12le12le-12le- -4.9260768199 -1.39458342275 3.2007
12le12le12le12le -5.31737651979 -1.11648307971 3.6536
12le12le12le12le- -4.78267282697 -1.2419275593 3.1979
12lf -5.6686754854 0.89416607359 6.0465
12lf12lf -5.38785400398 0.0568717922642 4.9175
12lf12lf- -4.69940599236 -0.240820747148 4.3517
12lf12lf-12lf -4.3491954821 -0.622324348844 3.5488
12lf12lf-12lf-12lf -4.25096238637 -0.885458430755 3.0988
12lf12lf-12lf-12lf- -3.93966415503 -0.708584435675 3.0200
12lf12lf-12lf12lf -4.22783271009 -0.856614363865 3.1449
12lf12lf-12lf12lf- -4.1263342483 -0.826137613944 3.0874
12lf12lf12lf -4.46021792825 -0.663141424631 3.6231
12lf12lf12lf-12lf -4.30184767419 -0.947228272114 3.1266
12lf12lf12lf-12lf- -4.59518639218 -1.09961202172 3.2431
12lf12lf12lf12lf -4.25858157385 -0.889812252173 3.1499
12lf12lf12lf12lf- -4.37858377667 -1.05770649058 3.1062
12li -5.6411919877 0.878111357114 6.1575
12li12li -5.06022894233 0.0312930914373 4.7273
12li12li- -4.95111129305 -0.287896441223 4.4834
12li12li-12li -4.59300948147 -0.752122649849 3.6167
12li12li-12li-12li -4.46919768492 -0.918384205224 3.2359
12li12li-12li-12li- -4.54130785214 -0.822872247881 3.3850
12li12li-12li12li -4.42212199084 -0.97688868052 3.1840
12li12li-12li12li- -4.46375540815 -0.889540138334 3.2889
12li12li12li -4.59300948147 -0.752122649849 3.6167
12li12li12li-12li -4.42212199084 -0.97688868052 3.1840
12li12li12li-12li- -4.48579662907 -0.92301014048 3.2863
12li12li12li12li -4.42212199084 -0.97688868052 3.1841
12li12li12li12li- -4.46076215592 -0.919744774417 3.2299
12ll -5.49506685638 0.858791274574 6.0448
12ll12ll -5.1834965112 0.0103403258662 4.7388
12ll12ll- -4.41776816943 0.0397286204334 4.3238
12ll12ll-12ll -4.85206185581 -0.469396371559 4.0202
12ll12ll-12ll-12ll -4.5840297248 -0.820967451011 3.4152
12ll12ll-12ll-12ll- -4.61396224705 -0.548581498587 3.6405
12ll12ll-12ll12ll -4.78947567293 -0.597017761855 3.7508
12ll12ll-12ll12ll- -4.52443679415 -0.64409345593 3.4900
12ll12ll12ll -4.98213227065 -0.268032131006 4.2012
12ll12ll12ll-12ll -4.67954168214 -0.604364835497 3.6912
12ll12ll12ll-12ll- -4.52062720041 -0.522730683922 3.6343
12ll12ll12ll12ll -4.86675600309 -0.402728481106 3.9248
12ll12ll12ll12ll- -4.59845175825 -0.471301168429 3.6940
2 -7.30054217539 0.507220195122 8.3498
22 -6.28147584989 -0.582051500733 6.1030
22- -6.22950210672 -0.80191948231 5.5528
22-2 -5.69153304784 -1.40465163478 4.3888
22-2- -5.72337036696 -1.27975138286 4.6471
22-2-2 -5.38921457317 -1.65091465869 3.9210
22-2-2- -5.40935099723 -1.58016506066 4.0537
22-22 -5.39111937004 -1.67894238407 3.8474
22-22- -5.36907814912 -1.75159677897 3.7177
222 -5.75275866152 -1.15267422025 4.9512
222- -5.72337036696 -1.27975138286 4.6471
222-2 -5.39111937004 -1.67894238407 3.8474
222-2- -5.41506538784 -1.59431498027 4.0072
2222 -5.43084799048 -1.49717033989 4.2351
2222- -5.40935099723 -1.58016506066 4.0537
4aa -6.73726652952 0.105308055532 5.5839
4aa4aa -6.08718656914 -0.634297357741 5.0840
4aa4aa- -6.08718656914 -0.634025243903 5.0843
4aa4aa-4aa -5.81833809662 -0.964915671622 4.4755
4aa4aa-4aa-4aa -5.68037638046 -1.12246958416 4.1532
4aa4aa-4aa-4aa- -5.68037638046 -1.12246958416 4.1534
4aa4aa-4aa4aa -5.68881190946 -1.13417047922 4.1480
4aa4aa-4aa4aa- -5.68935613713 -1.13335413771 4.1491
4aa4aa4aa -5.8118073645 -0.946411930598 4.4893
4aa4aa4aa-4aa -5.68037638046 -1.12246958416 4.1532
4aa4aa4aa-4aa- -5.68010426662 -1.12246958416 4.1532
4aa4aa4aa4aa -5.66813125772 -1.11648307971 4.1508
4aa4aa4aa4aa- -5.68935613713 -1.13335413771 4.1491
4ae -6.32446983639 -0.742598665498 5.1183
4ae4ae -6.15793616718 -1.05961128745 4.5834
4ae4ae- -6.12881998645 -1.05035941694 4.5365
4ae4ae-4ae -5.97507566765 -1.26369666639 4.2517
4ae4ae-4ae-4ae -5.89398574375 -1.39077382901 4.0530
4ae4ae-4ae-4ae- -5.8999722482 -1.3836988692 4.0646
4ae4ae-4ae4ae -5.89371362991 -1.38478732456 4.0480
4ae4ae-4ae4ae- -5.88745501162 -1.38533155224 4.0420
4ae4ae4ae -5.99738900241 -1.26723414629 4.2990
4ae4ae4ae-4ae -5.8915367192 -1.38778057678 4.0536
4ae4ae4ae-4ae- -5.89888379284 -1.38778057678 4.0601
4ae4ae4ae4ae -5.90296550042 -1.3836988692 4.0781
4ae4ae4ae4ae- -5.89806745133 -1.38750846294 4.0701
4af -5.96936127704 0.0506131739768 5.2504
4af4af -5.67738312824 -0.546948815556 4.6026
4af4af- -5.65234865509 -0.496335641579 4.6077
4af4af-4af -5.52418303711 -0.823688589397 4.1803
4af4af-4af-4af -5.45152864221 -1.02478071611 3.9207
4af4af-4af-4af- -5.4077183142 -0.999474129122 3.9063
4af4af-4af4af -5.48935246577 -1.03620949733 3.9528
4af4af-4af4af- -5.44418156857 -0.986140551032 3.9567
4af4af4af -5.45996417121 -0.832124118393 4.1863
4af4af4af-4af -5.35465611567 -0.93062932796 3.9487
4af4af4af-4af- -5.31139001534 -0.894982415106 3.9393
4af4af4af4af -5.32635627646 -0.983691526484 3.9165
4af4af4af4af- -5.29506318502 -0.933894694023 3.9280
4ai -6.42760098121 0.1537443188 5.4741
4ai4ai -6.07602990176 -0.400279456558 5.0891
4ai4ai- -6.07711835712 -0.394837179787 5.0930
4ai4ai-4ai -5.86949549828 -0.63837906532 4.7506
4ai4ai-4ai-4ai -5.76282687355 -0.765728341778 4.5066
4ai4ai-4ai-4ai- -5.75439134456 -0.772531187743 4.4935
4ai4ai-4ai4ai -5.76228264587 -0.768449480164 4.4999
4ai4ai-4ai4ai- -5.76064996284 -0.772531187743 4.4954
4ai4ai4ai -5.86568590454 -0.638923292997 4.7494
4ai4ai4ai-4ai -5.7582009383 -0.774163870774 4.4956
4ai4ai4ai-4ai- -5.75983362133 -0.767361024809 4.5032
4ai4ai4ai4ai -5.75847305213 -0.763823544908 4.5071
4ai4ai4ai4ai- -5.75384711688 -0.772531187743 4.4962
4al -5.87221663666 0.116464722914 5.2231
4ea -6.32446983639 -0.742870779337 5.1182
4ea4ea -6.15793616718 -1.05961128745 4.5834
4ea4ea- -6.12881998645 -1.05035941694 4.5366
4ea4ea-4ea -5.97507566765 -1.26369666639 4.2516
4ea4ea-4ea-4ea -5.89235306072 -1.38968537365 4.0533
4ea4ea-4ea-4ea- -5.90160493123 -1.38886903214 4.0691
4ea4ea-4ea4ea -5.89344151607 -1.38968537365 4.0492
4ea4ea-4ea4ea- -5.88718289778 -1.38533155224 4.0419
4ea4ea4ea -5.99738900241 -1.26723414629 4.2989
4ea4ea4ea-4ea -5.88990403617 -1.37988927546 4.0524
4ea4ea4ea-4ea- -5.89452997143 -1.38750846294 4.0554
4ea4ea4ea4ea -5.90269338658 -1.3836988692 4.0778
4ea4ea4ea4ea- -5.89452997143 -1.38315464153 4.0640
4ee -6.17018128991 -1.32682707694 4.8250
4ee4ee -6.09671055349 -1.52819131749 4.1296
4ee4ee4ee -6.02677729698 -1.64030221899 3.9707
4ee4ee4ee4ee -5.97806891987 -1.70642588177 3.8594
4ef -5.81969866582 -0.422592791322 4.8860
4ef4ef -5.67085239611 -0.812259808176 4.3371
4ef4ef- -5.68173694965 -0.650079960379 4.4271
4ef4ef-4ef -5.6425525569 -1.0606997428 4.0087
4ef4ef-4ef-4ef -5.5269041755 -1.31539829572 3.7183
4ef4ef-4ef-4ef- -5.48010059526 -1.24002276243 3.7442
4ef4ef-4ef4ef- -5.56255108835 -1.06532567806 3.9313
4ef4ef4ef -5.56445588522 -1.03675372501 4.0412
4ef4ef4ef-4ef -5.52744840318 -1.02559705763 3.9551
4ef4ef4ef-4ef- -5.47030449707 -1.0155288456 3.9146
4ef4ef4ef4ef -5.49261783184 -1.15811649702 3.8647
4ef4ef4ef4ef- -5.47765157071 -1.05906705977 3.9319
4ei -6.11548640836 -0.637834837643 5.0460
4ei4ei -6.03439648446 -0.831307776877 4.5650
4ei4ei- -6.03439648446 -0.830491435361 4.5657
4ei4ei-4ei -5.99902168544 -0.89607087046 4.5223
4ei4ei-4ei-4ei -5.97126607391 -0.960017622528 4.4830
4ei4ei-4ei-4ei- -5.96990550471 -0.986140551032 4.4720
4ei4ei-4ei4ei -5.97344298462 -0.983419412646 4.4771
4ei4ei-4ei4ei- -5.97643623684 -0.949133068984 4.4965
4ei4ei4ei -5.99385152251 -0.926275506543 4.5039
4ei4ei4ei-4ei -5.97643623684 -0.948588841307 4.4967
4ei4ei4ei-4ei- -5.97044973239 -0.967364696169 4.4813
4ei4ei4ei4ei -5.96990550471 -0.986140551032 4.4720
4ei4ei4ei4ei- -5.96963339088 -0.985596323355 4.4714
4el -5.74350679101 -0.403544822621 4.8787
4fa -5.96936127704 0.0506131739768 5.2504
4fa4fa -5.67738312824 -0.546948815556 4.6027
4fa4fa- -5.81452850288 -0.665590449179 4.5213
4fa4fa-4fa -5.52418303711 -0.823688589397 4.1803
4fa4fa-4fa-4fa -5.45152864221 -1.02478071611 3.9207
4fa4fa-4fa-4fa- -5.64091987387 -1.22043056605 3.9350
4fa4fa-4fa4fa -5.35465611567 -0.93062932796 3.9487
4fa4fa-4fa4fa- -5.57996637402 -1.09689088334 3.9866
4fa4fa4fa -5.45996417121 -0.832124118393 4.1863
4fa4fa4fa-4fa -5.48935246577 -1.03648161117 3.9528
4fa4fa4fa-4fa- -5.69588686926 -1.21362772009 3.9841
4fa4fa4fa4fa -5.32635627646 -0.983419412646 3.9168
4fa4fa4fa4fa- -5.52962531388 -1.14913674034 3.9359
4fe -5.81915443814 -0.422048563645 4.8858
4fe4fe -5.67085239611 -0.812259808176 4.3372
4fe4fe- -5.72037711473 -0.972262745264 4.1063
4fe4fe-4fe -5.65561402115 -1.04627770936 4.0273
4fe4fe-4fe-4fe -5.52908108621 -1.31893577562 3.7154
4fe4fe-4fe-4fe- -5.56091840532 -1.4315909048 3.7105
4fe4fe-4fe4fe -5.53833295672 -1.08927169586 3.9279
4fe4fe-4fe4fe- -5.6567024765 -1.22913820889 3.9417
4fe4fe4fe -5.56418377138 -1.03675372501 4.0412
4fe4fe4fe-4fe -5.63139588951 -1.22750552586 3.8777
4fe4fe4fe-4fe- -5.62731418194 -1.44655716592 3.7174
4fe4fe4fe4fe -5.49261783184 -1.15838861086 3.8647
4fe4fe4fe4fe- -5.65833515953 -1.30641853905 3.8568
4ff -5.40581351733 -0.0402728481106 4.7996
4ff4ff -5.1834965112 -0.506403853607 4.1471
4ff4ff- -5.28254594845 -0.652256871088 4.0594
4ff4ff-4ff -5.16526488402 -0.845457696483 3.7774
4ff4ff-4ff-4ff -5.22458570083 -1.0275018545 3.6663
4ff4ff-4ff-4ff- -5.38785400398 -1.15566747247 3.6885
4ff4ff-4ff4ff -5.0833586186 -0.965187785461 3.6088
4ff4ff-4ff4ff- -5.2194155379 -1.10478218465 3.6000
4ff4ff4ff -5.02485414331 -0.748585169947 3.7938
4ff4ff4ff-4ff -5.08852878154 -0.963827216268 3.6180
4ff4ff4ff-4ff- -5.24526635256 -1.08029193918 3.6615
4ff4ff4ff4ff -4.92009031545 -0.880832495499 3.5740
4ff4ff4ff4ff- -5.08199804941 -0.993759738512 3.6109
4fi -5.74405101869 0.0857158591542 5.1184
4fi4fi -5.56309531603 -0.29605985638 4.6333
4fi4fi- -5.67411776217 -0.496879869256 4.4932
4fi4fi-4fi -5.54459157501 -0.460688728724 4.4537
4fi4fi-4fi-4fi -5.44554213776 -0.68654321475 4.1679
4fi4fi-4fi-4fi- -5.55166653481 -0.888179569141 4.1518
4fi4fi-4fi4fi -5.44064408867 -0.519737431697 4.3488
4fi4fi-4fi4fi- -5.62595361274 -0.68844801162 4.3511
4fi4fi4fi -5.43057587664 -0.521914342406 4.3602
4fi4fi4fi-4fi -5.54568003036 -0.64409345593 4.3055
4fi4fi4fi-4fi- -5.62268824668 -0.862872982153 4.2154
4fi4fi4fi4fi -5.35819359558 -0.616065730556 4.2280
4fi4fi4fi4fi- -5.51084945902 -0.737156388727 4.3044
4fl -5.35710514022 0.0272113838585 4.8050
4ia -6.42760098121 0.1537443188 5.4741
4ia4ia -6.07575778792 -0.400551570397 5.0891
4ia4ia- -6.07711835712 -0.394837179787 5.0930
4ia4ia-4ia -5.86922338444 -0.638923292997 4.7499
4ia4ia-4ia-4ia -5.76282687355 -0.765728341778 4.5065
4ia4ia-4ia-4ia- -5.75357500304 -0.772803301581 4.4957
4ia4ia-4ia4ia -5.75792882446 -0.774435984613 4.4955
4ia4ia-4ia4ia- -5.76064996284 -0.772531187743 4.4955
4ia4ia4ia -5.86568590454 -0.638923292997 4.7494
4ia4ia4ia-4ia -5.76228264587 -0.768449480164 4.4999
4ia4ia4ia-4ia- -5.76010573517 -0.767088910971 4.5036
4ia4ia4ia4ia -5.75847305213 -0.763823544908 4.5071
4ia4ia4ia4ia- -5.75439134456 -0.772531187743 4.4935
4ie -6.11548640836 -0.637834837643 5.0460
4ie4ie -6.03439648446 -0.831035663038 4.5651
4ie4ie- -6.03439648446 -0.830491435361 4.5656
4ie4ie-4ie -5.99793323009 -0.903145830263 4.5193
4ie4ie-4ie-4ie -5.97344298462 -0.979881932744 4.4783
4ie4ie-4ie-4ie- -5.97126607391 -0.960561850205 4.4830
4ie4ie-4ie4ie -5.97099396007 -0.96137819172 4.4821
4ie4ie-4ie4ie- -5.97643623684 -0.94804461363 4.4966
4ie4ie4ie -5.99385152251 -0.927636075736 4.5032
4ie4ie4ie-4ie -5.97643623684 -0.948588841307 4.4967
4ie4ie4ie-4ie- -5.97317087078 -0.985052095677 4.4768
4ie4ie4ie4ie -5.96990550471 -0.986684778709 4.4718
4ie4ie4ie4ie- -5.96963339088 -0.98641266487 4.4712
4if -5.74405101869 0.0857158591542 5.1184
4if4if -5.56309531603 -0.29605985638 4.6334
4if4if- -5.56445588522 -0.202996923584 4.7387
4if4if-4if -5.54459157501 -0.460688728724 4.4537
4if4if-4if-4if -5.44554213776 -0.68654321475 4.1679
4if4if-4if-4if- -5.38594920711 -0.714298826285 4.1033
4if4if-4if4if -5.5459521442 -0.64409345593 4.3058
4if4if-4if4if- -5.52255035408 -0.568173694965 4.3457
4if4if4if -5.43057587664 -0.521914342406 4.3602
4if4if4if-4if -5.44064408867 -0.519737431697 4.3490
4if4if4if-4if- -5.34703692819 -0.502866373705 4.2416
4if4if4if4if -5.35819359558 -0.616065730556 4.2280
4if4if4if4if- -5.36989449063 -0.565724670418 4.2756
4ii -6.15412657344 0.193200825395 5.3585
4ii4ii -6.11630274987 0.104491714017 5.2928
4ii4ii4ii -6.08936347985 0.0438103280122 5.2364
4ii4ii4ii4ii -6.08011160934 0.00816341515755 5.2269
4il -5.66785914389 0.157553912541 5.1027
4la -5.87221663666 0.116464722914 5.2231
4la4la- -5.58323174009 -0.398374659688 4.6160
4la4la-4la-4la- -5.22104822093 -0.806817531404 3.9603
4le -5.74377890485 -0.403272708783 4.8789
4le4le- -5.59847011505 -0.60191581095 4.3966
4le4le-4le-4le- -5.3886703455 -0.953486890402 3.9467
4lf -5.35710514022 0.0272113838585 4.8050
4lf4lf- -5.12227089752 -0.190207573171 4.3412
4lf4lf-4lf-4lf- -4.8068909586 -0.823416475558 3.4962
4li -5.66785914389 0.157553912541 5.1027
4li4li- -5.50214181619 -0.102042689469 4.7635
4li4li-4li-4li- -5.33125432556 -0.379326690987 4.3933
4ll -5.28417863148 0.072110167225 4.7827
