11 -8.99227390988 0.491709706323 4.0540
1111 -8.91934740114 -1.56519879954 2.6468
1111- -8.99744407281 -1.54832774155 2.7501
1111-11- -8.77675974972 -2.39133641348 2.0343
1111-11-11 -8.75499064263 -2.12085525793 2.4135
1111-11-11- -8.8344478835 -2.63188504679 2.0593
1111-1111 -8.71988795745 -2.59759870313 1.9607
1111-1111- -8.75499064263 -2.12085525793 2.4134
111111 -8.85023048614 -2.50997804711 1.9812
111111- -8.77703186356 -2.39160852732 2.0342
111111-11 -8.71988795745 -2.59759870313 1.9608
111111-11- -8.71199665613 -2.89529124254 1.6799
11111111 -8.95308951712 -2.79297643924 1.9628
11111111- -8.83499211117 -2.63215716063 2.0594
12aa -7.66326992223 2.00928858411 6.6534
12aa12aa -6.65617660563 0.742870779337 4.8578
12aa12aa- -6.66760538685 0.747224600754 4.8710
12aa12aa-12aa -6.24855007543 0.231568876636 4.1084
12aa12aa-12aa-12aa -6.00582453141 -0.0351026851775 3.6883
12aa12aa-12aa-12aa- -5.97670835068 -0.00761918748038 3.6961
12aa12aa-12aa12aa -6.00664087292 -0.0258508146656 3.7133
12aa12aa-12aa12aa- -6.03167534607 -0.0462593525594 3.7094
12aa12aa12aa -6.20283495054 0.263134081912 4.1173
12aa12aa12aa-12aa -6.00664087292 -0.0258508146656 3.7133
12aa12aa12aa-12aa- -5.98133428593 -0.00517016293311 3.7171
12aa12aa12aa12aa -5.95031330834 0.0174152856694 3.7039
12aa12aa12aa12aa- -5.97670835068 -0.00761918748038 3.6961
12ae -7.61292886209 1.20247105271 5.9565
12ae12ae -6.82924100697 0.0854437453157 4.4390
12ae12ae- -6.81835645342 0.0985052095677 4.4651
12ae12ae-12ae -6.4542681374 -0.35374799016 3.7758
12ae12ae-12ae-12ae -6.25480869371 -0.601371583273 3.4046
12ae12ae-12ae-12ae- -6.23630495269 -0.574704427091 3.4183
12ae12ae-12ae12ae -6.23929820491 -0.57878613467 3.4371
12ae12ae-12ae12ae- -6.26161153968 -0.601099469434 3.4283
12ae12ae12ae -6.44202301466 -0.350482624097 3.8144
12ae12ae12ae-12ae -6.25644137674 -0.605997518529 3.4455
12ae12ae12ae-12ae- -6.23276747279 -0.582323614572 3.4552
12ae12ae12ae12ae -6.22814153753 -0.583956297603 3.4548
12ae12ae12ae12ae- -6.24174722946 -0.60382060782 3.4428
12af -7.29401144327 2.06452769334 6.3454
12af12af -6.44039033163 0.78450419664 4.7197
12af12af- -6.407736671 0.706951752644 4.6222
12af12af-12af -5.94759216995 0.248439934628 3.8949
12af12af-12af-12af -5.61915076678 0.0130614642521 3.4641
12af12af-12af-12af- -5.60037491192 0.0212248794096 3.4621
12af12af-12af12af -5.72200979776 -0.00680284596462 3.5324
12af12af-12af12af- -5.73860874192 -0.0764639886424 3.4951
12af12af12af -6.03983876123 0.258508146656 3.9989
12af12af12af-12af -5.76582012578 -0.0712938257092 3.5224
12af12af12af-12af- -5.74296256333 -0.0693890288392 3.5109
12af12af12af12af -5.81643329975 -0.0212248794096 3.5892
12af12af12af12af- -5.83738606532 -0.0990494372449 3.5485
12ai -7.47850462583 2.15051566634 6.6174
12ai12ai -6.52610619078 0.947228272114 4.8924
12ai12ai- -6.45916618649 0.916751522193 4.8216
12ai12ai-12ai -6.03439648446 0.420415880614 4.0647
12ai12ai-12ai-12ai -5.80282760782 0.159186595572 3.6615
12ai12ai-12ai-12ai- -5.77833736235 0.187486434785 3.6765
12ai12ai-12ai12ai -5.7962968757 0.178234564273 3.6901
12ai12ai-12ai12ai- -5.81262370601 0.154832774155 3.6765
12ai12ai12ai -6.07793469863 0.481641494295 4.1697
12ai12ai12ai-12ai -5.80826988459 0.178234564273 3.7022
12ai12ai12ai-12ai- -5.73670394505 0.164900986182 3.6516
12ai12ai12ai12ai -5.81670541359 0.243269771695 3.7611
12ai12ai12ai12ai- -5.79792955873 0.197010419135 3.7072
12al -7.06652427421 2.00139728279 6.1289
12al12al -6.08854713834 0.8998804642 4.5516
12al12al- -6.1658274685 0.945323475244 4.6301
12al12al-12al -5.7533028892 0.457423362661 3.8935
12al12al-12al-12al -5.45914782969 0.155921229509 3.4302
12al12al-12al-12al- -5.56581645442 0.312114572857 3.5712
12al12al-12al12al -5.44853538999 0.19809887449 3.4644
12al12al-12al12al- -5.49697165325 0.19238448388 3.4812
12al12al12al -5.5769731218 0.453069541244 3.8149
12al12al12al-12al -5.43656238109 0.202996923584 3.4874
12al12al12al-12al- -5.42268457532 0.26912058636 3.5170
12al12al12al12al -5.26975659804 0.22884773825 3.3967
12al12al12al12al- -5.31275058453 0.221772778447 3.4118
12ea -7.61292886209 1.20247105271 5.9565
12ea12ea -6.82896889313 0.0854437453157 4.4389
12ea12ea- -6.81835645342 0.0985052095677 4.4651
12ea12ea-12ea -6.4542681374 -0.35374799016 3.7758
12ea12ea-12ea-12ea -6.25480869371 -0.601371583273 3.4046
12ea12ea-12ea-12ea- -6.24174722946 -0.60382060782 3.4428
12ea12ea-12ea12ea -6.25644137674 -0.605997518529 3.4455
12ea12ea-12ea12ea- -6.26133942584 -0.601099469434 3.4282
12ea12ea12ea -6.44202301466 -0.350482624097 3.8144
12ea12ea12ea-12ea -6.23929820491 -0.57878613467 3.4371
12ea12ea12ea-12ea- -6.23276747279 -0.582323614572 3.4553
12ea12ea12ea12ea -6.22814153753 -0.583956297603 3.4549
12ea12ea12ea12ea- -6.23630495269 -0.574704427091 3.4183
12ee -7.73674065865 0.985868437193 5.9625
12ee12ee -7.10407598394 -0.138778057678 4.4092
12ee12ee- -6.89536466974 -0.372251731184 4.1411
12ee12ee-12ee -6.5925019674 -0.684366304041 3.5868
12ee12ee-12ee-12ee- -6.58134530001 -0.75185053601 3.5369
12ee12ee-12ee12ee -6.47249976458 -0.851988428609 3.3752
12ee12ee-12ee12ee- -6.42215870444 -0.87484599105 3.3115
12ee12ee12ee -6.84720052031 -0.471845396106 3.9734
12ee12ee12ee-12ee -6.47249976458 -0.851988428609 3.3752
12ee12ee12ee-12ee- -6.52909944301 -0.824504930912 3.4603
12ee12ee12ee12ee -6.71468108092 -0.639195406836 3.7350
12ee12ee12ee12ee- -6.58134530001 -0.75185053601 3.5369
12ef -7.50109007443 1.21689308615 5.8495
12ef12ef -6.59277408124 0.136873260808 4.2097
12ef12ef- -6.65454392259 0.0136056919292 4.2489
12ef12ef-12ef -6.16555535466 -0.311842459018 3.5331
12ef12ef-12ef-12ef -5.88337330404 -0.572799630221 3.1513
12ef12ef-12ef-12ef- -5.94378257621 -0.612256136816 3.2206
12ef12ef-12ef12ef -5.94840851147 -0.529261416048 3.2401
12ef12ef-12ef12ef- -6.00283127918 -0.623957031875 3.2011
12ef12ef12ef -6.21072625186 -0.293066604156 3.6262
12ef12ef12ef-12ef -5.98051794442 -0.577697679316 3.2169
12ef12ef12ef-12ef- -6.03684550901 -0.658243375537 3.2477
12ef12ef12ef12ef -6.00500818989 -0.531710440595 3.2825
12ef12ef12ef12ef- -6.06133575448 -0.634025243903 3.2290
12ei -7.50898137575 1.26179186952 5.9235
12ei12ei -6.85454759395 0.410891896263 4.6701
12ei12ei- -6.61644798519 0.261773512719 4.4174
12ei12ei-12ei -6.24365202633 -0.165717327698 3.7328
12ei12ei-12ei-12ei -6.14460258909 -0.29415505951 3.5336
12ei12ei-12ei-12ei- -6.25508080755 -0.202724809746 3.7247
12ei12ei-12ei12ei -6.12310559584 -0.327625061656 3.5240
12ei12ei-12ei12ei- -6.06133575448 -0.373612300377 3.4243
12ei12ei12ei -6.56964440496 0.0748313056109 4.1863
12ei12ei12ei-12ei -6.10596242401 -0.337693273684 3.4873
12ei12ei12ei-12ei- -6.20555608893 -0.253065869884 3.6519
12ei12ei12ei12ei -6.42107024909 -0.0887091113787 3.9300
12ei12ei12ei12ei- -6.26406056422 -0.188847003978 3.7132
12el -7.2956441263 1.15757226934 5.5849
12el12el -6.76338945803 0.272385952423 4.4714
12el12el- -6.33671495913 0.360822949964 4.2657
12el12el-12el -6.27494511777 -0.261229285042 3.6774
12el12el-12el-12el -6.09861535037 -0.459872387209 3.3870
12el12el-12el-12el- -6.16854860688 0.0587765891343 3.8147
12el12el-12el12el -6.16664381001 -0.423137019 3.4748
12el12el-12el12el- -6.05317233932 -0.491165478646 3.3336
12el12el12el -6.38134162865 -0.0756476471266 3.9340
12el12el12el-12el -6.08854713834 -0.439735963153 3.4024
12el12el12el-12el- -6.1764399082 -0.258236032817 3.6127
12el12el12el12el -6.16609958233 -0.252521642207 3.6286
12el12el12el12el- -6.04718583487 -0.309121320632 3.4702
12fa -7.20693501492 2.01854045462 6.2269
12fa12fa -6.21725698399 0.894982415106 4.6559
12fa12fa- -6.407736671 0.706951752644 4.6222
12fa12fa-12fa -5.85752248938 0.338237501361 3.9106
12fa12fa-12fa-12fa -5.691260934 0.0397286204334 3.5248
12fa12fa-12fa-12fa- -5.83738606532 -0.0990494372449 3.5485
12fa12fa-12fa12fa -5.53942141207 0.12299545504 3.5189
12fa12fa-12fa12fa- -5.73860874192 -0.0764639886424 3.4951
12fa12fa12fa -5.71085313038 0.432933117189 3.9135
12fa12fa12fa-12fa -5.59166726908 0.0764639886424 3.4963
12fa12fa12fa-12fa- -5.74296256333 -0.0693890288392 3.5109
12fa12fa12fa12fa -5.41180002178 0.205445948132 3.5001
12fa12fa12fa12fa- -5.60037491192 0.0212248794096 3.4621
12fe -7.48285844725 0.998929901445 5.6048
12fe12fe -6.49263618864 0.178506678112 4.2531
12fe12fe- -6.65454392259 0.0136056919292 4.2490
12fe12fe-12fe -6.11766331907 -0.262317740396 3.5933
12fe12fe-12fe-12fe -5.97589200916 -0.491437592484 3.2525
12fe12fe-12fe-12fe- -6.06133575448 -0.634025243903 3.2290
12fe12fe-12fe12fe -5.82514094259 -0.45198108589 3.2502
12fe12fe-12fe12fe- -6.00283127918 -0.623957031875 3.2011
12fe12fe12fe -6.03630128133 -0.232113104313 3.6163
12fe12fe12fe-12fe -5.91031257406 -0.531438326756 3.2426
12fe12fe12fe-12fe- -6.03684550901 -0.658243375537 3.2479
12fe12fe12fe12fe -5.77752102083 -0.450348402858 3.2580
12fe12fe12fe12fe- -5.94378257621 -0.611984022977 3.2207
12ff -7.20557444573 2.19623079122 6.2878
12ff12ff -6.17562356668 0.966820468492 4.6646
12ff12ff- -6.36882439208 0.754299560557 4.6730
12ff12ff-12ff -5.73860874192 0.45960027337 3.8952
12ff12ff-12ff-12ff -5.47139295243 0.157281798702 3.4459
12ff12ff-12ff-12ff- -5.64064776003 -0.0408170757877 3.4460
12ff12ff-12ff12ff -5.43112010432 0.235378470376 3.4943
12ff12ff-12ff12ff- -5.64908328902 0.00136056919292 3.4727
12ff12ff12ff -5.699696463 0.454974338114 3.9039
12ff12ff12ff-12ff -5.53670027369 0.119457975139 3.4834
12ff12ff12ff-12ff- -5.70214548755 -0.0927908189575 3.4654
12ff12ff12ff12ff -5.42839896593 0.189663345494 3.4776
12ff12ff12ff12ff- -5.64064776003 -0.0408170757877 3.4460
12fi -7.11740956203 2.17908761939 6.3103
12fi12fi -6.24310779865 1.1643751153 4.8426
12fi12fi- -6.24365202633 0.888179569141 4.6297
12fi12fi-12fi -5.6841859742 0.531438326756 3.9000
12fi12fi-12fi-12fi -5.66595434702 0.350210510259 3.7040
12fi12fi-12fi-12fi- -5.9987495716 0.276739773841 3.9004
12fi12fi-12fi12fi -5.41941920926 0.358646039255 3.5721
12fi12fi-12fi12fi- -5.54622425804 0.111838787658 3.4521
12fi12fi12fi -5.78187484225 0.744503462368 4.1590
12fi12fi12fi-12fi -5.47574677384 0.303679043861 3.5506
12fi12fi12fi-12fi- -5.75167020617 0.197554646813 3.6736
12fi12fi12fi12fi -5.56554434058 0.573615971737 3.8365
12fi12fi12fi12fi- -5.56309531603 0.278100343034 3.5808
12fl -7.09591256878 2.13935899895 6.3593
12fl12fl -5.91439428164 1.10804755072 4.5707
12fl12fl- -6.07466933257 0.961650305559 4.5724
12fl12fl-12fl -5.52880897237 0.620419551974 3.8450
12fl12fl-12fl-12fl -5.51438693892 0.178234564273 3.4606
12fl12fl-12fl-12fl- -5.64826694751 0.0171431718308 3.4600
12fl12fl-12fl12fl -5.199007 0.410075554747 3.4233
12fl12fl-12fl12fl- -5.38486075176 0.251161073014 3.4365
12fl12fl12fl -5.36608489689 0.717564192348 3.8285
12fl12fl12fl-12fl -5.21751074103 0.389939130692 3.4229
12fl12fl12fl-12fl- -5.71466272412 -0.0236739039569 3.4907
12fl12fl12fl12fl -5.03845983524 0.536336375851 3.4043
12fl12fl12fl12fl- -5.1919320402 0.368714251283 3.3641
12ia -7.47850462583 2.15051566634 6.6174
12ia12ia -6.52610619078 0.947228272114 4.8924
12ia12ia- -6.45916618649 0.916751522193 4.8216
12ia12ia-12ia -6.03439648446 0.420415880614 4.0648
12ia12ia-12ia-12ia -5.80282760782 0.159186595572 3.6615
12ia12ia-12ia-12ia- -5.79792955873 0.197010419135 3.7074
12ia12ia-12ia12ia -5.80826988459 0.177962450435 3.7020
12ia12ia-12ia12ia- -5.81262370601 0.154832774155 3.6765
12ia12ia12ia -6.07793469863 0.481641494295 4.1697
12ia12ia12ia-12ia -5.79602476186 0.178234564273 3.6901
12ia12ia12ia-12ia- -5.73670394505 0.164900986182 3.6516
12ia12ia12ia12ia -5.81697752743 0.243269771695 3.7613
12ia12ia12ia12ia- -5.77860947619 0.187758548624 3.6768
12ie -7.50898137575 1.26179186952 5.9235
12ie12ie -6.85481970779 0.410891896263 4.6702
12ie12ie- -6.61644798519 0.261773512719 4.4175
12ie12ie-12ie -6.24365202633 -0.165717327698 3.7328
12ie12ie-12ie-12ie -6.14569104444 -0.291978148802 3.5360
12ie12ie-12ie-12ie- -6.26406056422 -0.188574890139 3.7134
12ie12ie-12ie12ie -6.10596242401 -0.337693273684 3.4873
12ie12ie-12ie12ie- -6.06133575448 -0.373612300377 3.4243
12ie12ie12ie -6.56964440496 0.0748313056109 4.1863
12ie12ie12ie-12ie -6.12310559584 -0.327625061656 3.5241
12ie12ie12ie-12ie- -6.20555608893 -0.253065869884 3.6520
12ie12ie12ie12ie -6.42107024909 -0.0887091113787 3.9301
12ie12ie12ie12ie- -6.25508080755 -0.202724809746 3.7246
12if -7.18897550157 2.24167380226 6.4406
12if12if -6.55114066393 1.15566747247 5.0065
12if12if- -6.24365202633 0.888179569141 4.6297
12if12if-12if -5.76064996284 0.46531466398 3.8784
12if12if-12if-12if -5.48227750597 0.254426439077 3.4904
12if12if-12if-12if- -5.56309531603 0.278100343034 3.5808
12if12if-12if12if -5.63683816629 0.272930180101 3.6231
12if12if-12if12if- -5.54622425804 0.111838787658 3.4521
12if12if12if -6.2991632494 0.721645899927 4.4553
12if12if12if-12if -5.69425418623 0.195105622265 3.6157
12if12if12if-12if- -5.75167020617 0.197554646813 3.6736
12if12if12if12if -6.18433120952 0.517560520989 4.1885
12if12if12if12if- -5.9987495716 0.276739773841 3.9004
12ii -7.32503242087 2.28276299189 6.6296
12ii12ii -6.63495172622 1.33063667068 5.2256
12ii12ii- -6.27929893919 1.0775708008 4.7972
12ii12ii-12ii -5.89616265446 0.643005000576 4.1089
12ii12ii-12ii-12ii -5.81997077965 0.514567268764 3.9319
12ii12ii-12ii-12ii- -5.9641911141 0.668311587565 4.1624
12ii12ii-12ii12ii -5.78976614357 0.496335641579 3.8970
12ii12ii-12ii12ii- -5.69370995855 0.406810188684 3.7594
12ii12ii12ii -6.29045560657 0.936887946248 4.6464
12ii12ii12ii-12ii -5.78976614357 0.496335641579 3.8970
12ii12ii12ii-12ii- -5.87711468576 0.575520768607 4.0335
12ii12ii12ii12ii -6.15984096405 0.803280051503 4.4191
12ii12ii12ii12ii- -5.9641911141 0.668311587565 4.1624
12il -7.42000015053 2.10997070439 6.5688
12il12il -6.57671936476 0.991310713965 4.9211
12il12il- -6.31984390113 0.950493638177 4.7346
12il12il-12il -5.93861241328 0.365720999058 3.9314
12il12il-12il-12il -5.76745280881 0.186125865592 3.6311
12il12il-12il-12il- -5.7652758981 0.392116041401 3.7894
12il12il-12il12il -5.768813378 0.194833508427 3.6613
12il12il-12il12il- -5.72418670847 0.247351479274 3.6706
12il12il12il-12il -5.79874590024 0.317828963467 3.7839
12il12il12il-12il- -5.74051353879 0.213337249451 3.6558
12il12il12il12il -5.98840924574 0.423137019 3.9980
12il12il12il12il- -5.86731858757 0.333067338428 3.8350
12la -7.25700396122 2.11486875348 6.3589
12la12la -6.33317747923 0.911037131582 4.6627
12la12la- -6.1658274685 0.945323475244 4.6301
12la12la-12la -5.7949363065 0.366265226735 3.8381
12la12la-12la-12la -5.46894392788 0.112383015336 3.3999
12la12la-12la-12la- -5.31275058453 0.221772778447 3.4118
12la12la-12la12la -5.58976247221 0.141771309903 3.5141
12la12la-12la12la- -5.49697165325 0.19238448388 3.4812
12la12la12la -5.90051647588 0.484362632681 4.0017
12la12la12la-12la -5.56962604816 0.168982693761 3.5170
12la12la12la-12la- -5.42268457532 0.26912058636 3.5170
12la12la12la12la -5.29669586806 0.242997657856 3.4217
12la12la12la12la- -5.29996123412 0.250344731498 3.4066
12le -7.4733344629 1.2468256084 5.8440
12le12le -6.94461727453 0.52490759463 4.6992
12le12le- -6.33671495913 0.361095063802 4.2658
12le12le-12le -6.29453731415 -0.100682120276 3.7865
12le12le-12le-12le- -6.04718583487 -0.309121320632 3.4701
12le12le-12le12le -6.27031918251 -0.238643836439 3.6475
12le12le-12le12le- -6.05317233932 -0.491165478646 3.3336
12le12le12le -6.75930775045 0.243269771695 4.3566
12le12le12le-12le -6.20201860903 -0.229936193604 3.6200
12le12le12le-12le- -6.1764399082 -0.258236032817 3.6125
12le12le12le12le -6.65590449179 0.0862600868314 4.1524
12le12le12le12le- -6.02704941082 -0.0908860220874 3.6272
12lf -7.21237729169 2.27677648744 6.4476
12lf12lf -6.85862930153 1.33716740281 5.3513
12lf12lf- -6.07466933257 0.961650305559 4.5724
12lf12lf-12lf -5.65697459034 0.49034913713 3.8324
12lf12lf-12lf-12lf -5.51275425589 0.209799769549 3.4633
12lf12lf-12lf-12lf- -5.1919320402 0.368714251283 3.3641
12lf12lf-12lf12lf -5.48935246577 0.237827494923 3.4958
12lf12lf-12lf12lf- -5.38486075176 0.251161073014 3.4365
12lf12lf12lf -5.77099028871 0.472117509945 3.9259
12lf12lf12lf-12lf -5.57071450351 0.136056919292 3.4779
12lf12lf12lf-12lf- -5.89316940223 -0.0141499196064 3.6004
12lf12lf12lf12lf -5.52499937863 0.200820012876 3.5132
12lf12lf12lf12lf- -5.64826694751 0.0168710579923 3.4598
12li -7.16366891459 2.28602835795 6.4554
12li12li -6.47059496771 1.30777910824 5.0537
12li12li- -6.31984390113 0.950493638177 4.7346
12li12li-12li -5.87901948263 0.410075554747 3.9207
12li12li-12li-12li -5.72473093615 0.218507412384 3.6260
12li12li-12li-12li- -5.81398427521 0.334427907621 3.8025
12li12li-12li12li -5.66323320863 0.147213586674 3.5469
12li12li-12li12li- -5.72418670847 0.247351479274 3.6706
12li12li12li -5.87901948263 0.410075554747 3.9207
12li12li12li-12li -5.66323320863 0.147213586674 3.5469
12li12li12li-12li- -5.74051353879 0.213337249451 3.6558
12li12li12li12li -5.66323320863 0.147213586674 3.5469
12li12li12li12li- -5.71547906564 0.217146843191 3.6196
12ll -7.02053703549 2.24276225762 6.3499
12ll12ll -6.61644798519 1.28873113954 5.1141
12ll12ll- -5.77398354093 1.25335634052 4.5548
12ll12ll-12ll -6.21698487015 0.727904518215 4.4193
12ll12ll-12ll-12ll -5.88065216566 0.320005874176 3.8248
12ll12ll-12ll-12ll- -5.94351046237 0.623412804198 4.0978
12ll12ll-12ll12ll -6.13861608464 0.583956297603 4.2226
12ll12ll-12ll12ll- -5.83983508987 0.512934585733 3.9592
12ll12ll12ll -6.37753203491 0.966276240815 4.6725
12ll12ll12ll-12ll -6.01507640192 0.564364101225 4.1236
12ll12ll12ll-12ll- -5.83901874836 0.643821342092 4.0539
12ll12ll12ll12ll -6.24174722946 0.809266555952 4.4367
12ll12ll12ll12ll- -5.93262590883 0.709400777191 4.1585
2 -8.938123256 2.02044525149 8.3498
22 -7.74680887067 0.795932977861 6.2748
22- -7.72966569884 0.591031257406 5.7153
22-2 -7.09455199959 -0.100954234115 4.5941
22-2- -7.10407598394 0.0127893504135 4.8578
22-2-2 -6.70406864122 -0.422592791322 4.1705
22-2-2- -6.70951091799 -0.360550836125 4.3109
22-22 -6.7116878287 -0.447355150634 4.0849
22-22- -6.70406864122 -0.512118244217 3.9542
222 -7.11033460222 0.125172365749 5.1806
222- -7.10407598394 0.0127893504135 4.8578
222-2 -6.71141571486 -0.447355150634 4.0849
222-2- -6.72012335769 -0.3730680727 4.2451
2222 -6.7152253086 -0.289529124254 4.5026
2222- -6.70951091799 -0.360550836125 4.3109
4aa -8.19498036282 1.45036675966 5.6734
4aa4aa -7.43632698085 0.6114397953 5.3654
4aa4aa- -7.43632698085 0.611711909139 5.3656
4aa4aa-4aa -7.11604899283 0.231296762797 4.8925
4aa4aa-4aa-4aa -6.95305280352 0.0489804909453 4.6328
4aa4aa-4aa-4aa- -6.95305280352 0.0492526047839 4.6330
4aa4aa-4aa4aa -6.96094410484 0.036735368209 4.6243
4aa4aa-4aa4aa- -6.96148833252 0.0375517097247 4.6255
4aa4aa4aa -7.11033460222 0.250888959175 4.9095
4aa4aa4aa-4aa -6.95278068968 0.0489804909453 4.6327
4aa4aa4aa-4aa- -6.95278068968 0.0489804909453 4.6327
4aa4aa4aa4aa -6.94053556695 0.0549669953942 4.6315
4aa4aa4aa4aa- -6.96148833252 0.0375517097247 4.6255
4ae -7.72340708056 0.524091253115 5.3451
4ae4ae -7.50979771727 0.159186595572 5.0491
4ae4ae- -7.48095365038 0.174697084372 5.0332
4ae4ae-4ae -7.28748071114 -0.0740149640951 4.7750
4ae4ae-4ae-4ae -7.18516590783 -0.223405461478 4.6038
4ae4ae-4ae-4ae- -7.1919687538 -0.216330501675 4.6133
4ae4ae-4ae4ae -7.18543802167 -0.215514160159 4.6003
4ae4ae-4ae4ae- -7.17890728955 -0.215514160159 4.5983
4ae4ae4ae -7.31061038742 -0.0827226069298 4.7975
4ae4ae4ae-4ae -7.18407745248 -0.220140095415 4.6122
4ae4ae4ae-4ae- -7.19142452612 -0.220684323092 4.6144
4ae4ae4ae4ae -7.1955062337 -0.217963184707 4.6283
4ae4ae4ae4ae- -7.19060818461 -0.221500664608 4.6231
4af -7.40829925547 1.3730864295 5.3907
4af4af -7.05591183451 0.680284596462 4.9869
4af4af- -7.03495906894 0.732802567309 4.9884
4af4af-4af -6.86951385508 0.365720999058 4.6421
4af4af-4af-4af -6.7843422236 0.148574155867 4.4821
4af4af-4af-4af- -6.73971555407 0.177146108919 4.4777
4af4af-4af4af -6.81481897352 0.122451227363 4.4741
4af4af-4af4af- -6.76937596248 0.175241312049 4.4782
4af4af4af -6.79032872805 0.345312461164 4.6463
4af4af4af-4af -6.66678904533 0.231024648959 4.4524
4af4af4af-4af- -6.62189026196 0.268304244845 4.4462
4af4af4af4af -6.63114213248 0.167894238407 4.4348
4af4af4af4af- -6.60039326872 0.220412209254 4.4438
4ai -7.8570149753 1.4922722908 5.5799
4ai4ai -7.44693942055 0.85960761609 5.3540
4ai4ai- -7.44693942055 0.865049892861 5.3528
4ai4ai-4ai -7.20122062431 0.585044752958 5.2009
4ai4ai-4ai-4ai -7.07659248624 0.438919621637 5.0252
4ai4ai-4ai-4ai- -7.06734061573 0.43075620648 5.0111
4ai4ai-4ai4ai -7.07468768937 0.435110027897 5.0114
4ai4ai-4ai4ai- -7.07305500634 0.431028320319 5.0081
4ai4ai4ai -7.19958794128 0.585044752958 5.1991
4ai4ai4ai-4ai -7.07087809563 0.429123523448 5.0140
4ai4ai4ai-4ai- -7.07332712018 0.436742710929 5.0210
4ai4ai4ai4ai -7.07359923401 0.441096532346 5.0308
4ai4ai4ai4ai- -7.06734061573 0.431300434157 5.0200
4al -7.29727680933 1.4386658646 5.3836
4ea -7.72340708056 0.523819139276 5.3450
4ea4ea -7.5100698311 0.159186595572 5.0491
4ea4ea- -7.48095365038 0.174697084372 5.0333
4ea4ea-4ea -7.28748071114 -0.0740149640951 4.7749
4ea4ea-4ea-4ea -7.18326111096 -0.222317006124 4.6053
4ea4ea-4ea-4ea- -7.19414566451 -0.222861233801 4.6216
4ea4ea-4ea4ea -7.18571013551 -0.222044892285 4.6057
4ea4ea-4ea4ea- -7.17890728955 -0.215514160159 4.5982
4ea4ea4ea -7.31033827358 -0.0827226069298 4.7974
4ea4ea4ea-4ea -7.18162842793 -0.210343997226 4.6077
4ea4ea4ea-4ea- -7.18625436319 -0.220412209254 4.6099
4ea4ea4ea4ea -7.1955062337 -0.218235298545 4.6279
4ea4ea4ea4ea- -7.18598224935 -0.216058387836 4.6144
4ee -7.51523999404 -0.127621390296 4.9704
4ee4ee -7.42380974427 -0.366537340574 4.7836
4ee4ee4ee -7.33700542976 -0.500145235319 4.6106
4ee4ee4ee4ee -7.27686827144 -0.578514020832 4.5101
4ef -7.19115241228 0.833484687586 5.1380
4ef4ef -7.01618321407 0.404089050299 4.8076
4ef4ef- -7.03523118277 0.58450052528 4.9065
4ef4ef-4ef -6.98244109809 0.136873260808 4.5970
4ef4ef-4ef-4ef -6.8618946676 -0.133607894745 4.4518
4ef4ef-4ef-4ef- -6.81590742887 -0.0473478079138 4.4725
4ef4ef-4ef4ef- -6.90107906035 0.121362772009 4.5721
4ef4ef4ef -6.88720125458 0.14422033445 4.5718
4ef4ef4ef-4ef -6.85101011405 0.163812530828 4.5617
4ef4ef4ef-4ef- -6.79223352492 0.175241312049 4.5287
4ef4ef4ef4ef -6.80039694008 0.00244902454726 4.4415
4ef4ef4ef4ef- -6.7914171834 0.110478218465 4.4974
4ei -7.49047763473 0.620147438135 5.2783
4ei4ei -7.40122429567 0.408442871716 5.1124
4ei4ei- -7.40149640951 0.409259213232 5.1125
4ei4ei-4ei -7.36040721988 0.333611566105 5.0339
4ei4ei-4ei-4ei -7.32612087622 0.25769180514 5.0005
4ei4ei-4ei-4ei- -7.32421607935 0.229664079766 4.9965
4ei4ei-4ei4ei -7.32775355925 0.234290015022 4.9967
4ei4ei-4ei4ei- -7.33292372219 0.272658066262 5.0064
4ei4ei4ei -7.3541486016 0.299869450121 5.0269
4ei4ei4ei-4ei -7.33319583602 0.273202293939 5.0065
4ei4ei4ei-4ei- -7.32530453471 0.250616845337 4.9992
4ei4ei4ei4ei -7.32421607935 0.229664079766 4.9965
4ei4ei4ei4ei- -7.32367185167 0.230208307443 4.9953
4el -7.10489232545 0.850083631739 5.1355
4fa -7.40829925547 1.3730864295 5.3907
4fa4fa -7.05591183451 0.680284596462 4.9870
4fa4fa- -7.21673111311 0.571439061028 4.9625
4fa4fa-4fa -6.86951385508 0.365720999058 4.6421
4fa4fa-4fa-4fa -6.7843422236 0.148574155867 4.4821
4fa4fa-4fa-4fa- -7.00067272527 -0.0495247186225 4.5162
4fa4fa-4fa4fa -6.66678904533 0.231024648959 4.4524
4fa4fa-4fa4fa- -6.90869824783 0.0653073212604 4.4979
4fa4fa4fa -6.79032872805 0.345312461164 4.6463
4fa4fa4fa-4fa -6.81481897352 0.122451227363 4.4741
4fa4fa4fa-4fa- -7.04611573632 -0.0536064262012 4.5400
4fa4fa4fa4fa -6.63114213248 0.168166352245 4.4351
4fa4fa4fa4fa- -6.84910531718 0.00244902454726 4.4722
4fe -7.19060818461 0.834028915263 5.1377
4fe4fe -7.01618321407 0.404089050299 4.8077
4fe4fe- -7.08149053533 0.248167820789 4.7403
4fe4fe-4fe -6.99604679002 0.153200091123 4.6091
4fe4fe-4fe-4fe -6.86488791982 -0.137689602324 4.4509
4fe4fe-4fe-4fe- -6.91713377683 -0.251161073014 4.4547
4fe4fe-4fe4fe -6.86107832608 0.0949677296661 4.5395
4fe4fe-4fe4fe- -7.01101305114 -0.0462593525594 4.5685
4fe4fe4fe -6.88720125458 0.14422033445 4.5718
4fe4fe4fe-4fe -6.96176044636 -0.0585044752958 4.5174
4fe4fe4fe-4fe- -6.98298532577 -0.28653587203 4.4591
4fe4fe4fe4fe -6.80039694008 0.00217691070868 4.4414
4fe4fe4fe4fe- -6.97999207354 -0.145308789804 4.4857
4ff -6.82624775474 1.25580536507 4.9692
4ff4ff -6.56474635586 0.701237362033 4.5554
4ff4ff- -6.68447644484 0.555384344552 4.5851
4ff4ff-4ff -6.5410724519 0.318917418822 4.3012
4ff4ff-4ff-4ff -6.58352221072 0.124356024233 4.1943
4ff4ff-4ff-4ff- -6.75168856297 -0.00217691070868 4.1944
4ff4ff-4ff4ff -6.43685285173 0.170343262954 4.1740
4ff4ff-4ff4ff- -6.58161741385 0.0274834976971 4.1863
4ff4ff4ff -6.37208975814 0.407898644039 4.2575
4ff4ff4ff-4ff -6.44120667314 0.171975945986 4.1812
4ff4ff4ff-4ff- -6.5995769272 0.0571439061028 4.1946
4ff4ff4ff4ff -6.24501259552 0.247623593112 4.0779
4ff4ff4ff4ff- -6.42134236293 0.134152122422 4.1330
4fi -7.1574102963 1.40138626871 5.2651
4fi4fi -6.95631816958 0.959201281012 5.0336
4fi4fi- -7.07523191705 0.757292812782 4.9643
4fi4fi-4fi -6.92448085047 0.768993707841 4.9294
4fi4fi-4fi-4fi -6.82325450252 0.529261416048 4.7544
4fi4fi-4fi-4fi- -6.94624995756 0.319733760337 4.7420
4fi4fi-4fi4fi -6.8033901923 0.69225760536 4.8497
4fi4fi-4fi4fi- -6.99904004224 0.518376862504 4.8741
4fi4fi4fi -6.79903637088 0.695522971423 4.8306
4fi4fi4fi-4fi -6.91522897996 0.563275645871 4.8441
4fi4fi4fi-4fi- -7.01727166943 0.339598070554 4.8036
4fi4fi4fi4fi -6.71440896708 0.58640532215 4.7421
4fi4fi4fi4fi- -6.88937816529 0.466675233173 4.8795
4fl -6.7652942549 1.32546650775 4.9904
4ia -7.8570149753 1.4922722908 5.5799
4ia4ia -7.44693942055 0.859335502251 5.3540
4ia4ia- -7.44693942055 0.865049892861 5.3528
4ia4ia-4ia -7.20094851047 0.584228411442 5.2005
4ia4ia-4ia-4ia -7.07659248624 0.438919621637 5.0252
4ia4ia-4ia-4ia- -7.06706850189 0.43075620648 5.0197
4ia4ia-4ia4ia -7.07087809563 0.429123523448 5.0140
4ia4ia-4ia4ia- -7.07305500634 0.431028320319 5.0081
4ia4ia4ia -7.19958794128 0.585044752958 5.1991
4ia4ia4ia-4ia -7.07468768937 0.435110027897 5.0114
4ia4ia4ia-4ia- -7.07359923401 0.437014824767 5.0215
4ia4ia4ia4ia -7.07359923401 0.441096532346 5.0308
4ia4ia4ia4ia- -7.06734061573 0.43075620648 5.0111
4ie -7.49047763473 0.620147438135 5.2783
4ie4ie -7.40122429567 0.408714985555 5.1124
4ie4ie- -7.40149640951 0.409259213232 5.1123
4ie4ie-4ie -7.35904665069 0.325992378625 5.0320
4ie4ie-4ie-4ie -7.32775355925 0.237827494923 4.9970
4ie4ie-4ie-4ie- -7.32612087622 0.257419691301 5.0005
4ie4ie-4ie4ie -7.32557664854 0.256331235947 4.9995
4ie4ie-4ie4ie- -7.33292372219 0.273746521616 5.0060
4ie4ie4ie -7.35387648776 0.298508880928 5.0265
4ie4ie4ie-4ie -7.33319583602 0.273202293939 5.0065
4ie4ie4ie-4ie- -7.32748144541 0.232929445829 4.9969
4ie4ie4ie4ie -7.32421607935 0.229119852088 4.9963
4ie4ie4ie4ie- -7.32367185167 0.229119852088 4.9953
4if -7.1574102963 1.40138626871 5.2651
4if4if -6.95659028342 0.959201281012 5.0336
4if4if- -6.96148833252 1.053624783 5.1185
4if4if-4if -6.92448085047 0.76926582168 4.9294
4if4if-4if-4if -6.82325450252 0.529261416048 4.7544
4if4if-4if-4if- -6.76012409196 0.503682715221 4.7102
4if4if-4if4if -6.91577320764 0.563275645871 4.8443
4if4if-4if4if- -6.89482044206 0.641644431383 4.8777
4if4if4if -6.79903637088 0.695522971423 4.8306
4if4if4if-4if -6.8033901923 0.692529719199 4.8499
4if4if4if-4if- -6.71359262557 0.712394029415 4.7787
4if4if4if4if -6.71440896708 0.58640532215 4.7421
4if4if4if4if- -6.72474929295 0.639739634513 4.7712
4ii -7.55768975286 1.52519806527 5.4767
4ii4ii -7.51306308333 1.4182573267 5.4374
4ii4ii4ii -7.48149787805 1.34886829787 5.3998
4ii4ii4ii4ii -7.47115755219 1.30832333592 5.3973
4il -7.06842907108 1.47485700513 5.2672
4la -7.29727680933 1.4386658646 5.3836
4la4la- -6.95795085262 0.835933712133 5.0104
4la4la-4la-4la- -6.52039180017 0.357285470062 4.4729
4le -7.10543655313 0.850355745578 5.1357
4le4le- -6.94244036382 0.629127194808 4.8862
4le4le-4le-4le- -6.69400042919 0.220684323092 4.5148
4lf -6.7652942549 1.32546650775 4.9904
4lf4lf- -6.50896301895 1.04627770936 4.7566
4lf4lf-4lf-4lf- -6.16065730556 0.357013356223 4.1943
4li -7.06842907108 1.47485700513 5.2672
4li4li- -6.88883393762 1.16056552156 5.1346
4li4li-4li-4li- -6.68338798948 0.844641354968 4.8712
4ll -6.67767359887 1.3695489496 4.9776
