1111 -10.4611455839 -1.35451547931 2.32312833447
1111- -10.6366200701 -1.49497983326 2.40496507894
1111-11- -10.3720694548 -2.15285425814 1.94118853004
1111-11-11 -10.2670642436 -1.92282498314 2.24185870669
1111-11-11- -10.2700946665 -2.30008107293 1.96575015383
1111-1111 -10.3242752218 -2.3239251048 1.96225162786
1111-1111- -10.2670581624 -1.9228113024 2.2419061737
111111 -10.3320507304 -2.08370712805 1.89930956246
111111- -10.3722470258 -2.15307270678 1.941152071
111111-11 -10.3242788931 -2.32386345986 1.9622822666
111111-11- -10.2835556101 -2.58505456964 1.72500210981
11111111 -10.3381907618 -2.27007435132 1.92921065308
11111111- -10.2702211715 -2.30036770467 1.96543672493
12aa -8.2802369212 0.848107300675 4.79742197363
12aa12aa -7.26559145556 0.0341196447426 3.57146097462
12aa12aa- -7.26159226413 0.0416944942821 3.58257155752
12aa12aa-12aa -6.84338923588 -0.300661643566 3.03690820199
12aa12aa-12aa-12aa -6.61450016927 -0.472168391613 2.7405142435
12aa12aa-12aa-12aa- -6.59740180573 -0.454327577484 2.74497109926
12aa12aa-12aa12aa -6.61293351364 -0.471907004211 2.75964466575
12aa12aa-12aa12aa- -6.62563779914 -0.483857408255 2.75751466812
12aa12aa12aa -6.82552026574 -0.284007661645 3.03939948056
12aa12aa12aa-12aa -6.612933391 -0.47190708016 2.75964454373
12aa12aa12aa-12aa- -6.59998448092 -0.459811171582 2.76165520495
12aa12aa12aa12aa -6.58283308155 -0.438122851116 2.74999018474
12aa12aa12aa12aa- -6.59740161479 -0.454327712104 2.74497088931
12ae -8.11773630691 0.519333832027 4.27004255133
12ae12ae -7.24256936656 -0.297570193149 3.31956362395
12ae12ae- -7.22409751059 -0.284848378466 3.3321901712
12ae12ae-12ae -6.84702592795 -0.61411281004 2.80885022916
12ae12ae-12ae-12ae -6.64618298748 -0.784610302882 2.53640107664
12ae12ae-12ae-12ae- -6.63608511437 -0.767515239982 2.54082188677
12ae12ae-12ae12ae -6.6393943733 -0.781927289086 2.55504048983
12ae12ae-12ae12ae- -6.64913607292 -0.791719451764 2.55221919199
12ae12ae12ae -6.85318043257 -0.61838997999 2.83728879682
12ae12ae12ae-12ae -6.65004251397 -0.794698813093 2.56814785253
12ae12ae12ae-12ae- -6.63919747804 -0.783677308299 2.57153561594
12ae12ae12ae12ae -6.64154312779 -0.779944309563 2.57247521207
12ae12ae12ae12ae- -6.64728925964 -0.789692270038 2.56807249919
12af -8.18614739067 0.745026190474 4.6505932695
12af12af -7.22206992176 -0.099362563213 3.42954246973
12af12af- -7.21598873083 -0.119639866848 3.41132737179
12af12af-12af -6.77160901189 -0.432833628441 2.87815886456
12af12af-12af-12af -6.5059393944 -0.59027417504 2.58546894192
12af12af-12af-12af- -6.50597667489 -0.587737410066 2.58544177521
12af12af-12af12af -6.54198924135 -0.609234112599 2.61028191571
12af12af-12af12af- -6.56167932707 -0.647800215424 2.59832765209
12af12af12af -6.80932912701 -0.447852813915 2.9049290633
12af12af12af-12af -6.57219619385 -0.650762894196 2.60875302847
12af12af12af-12af- -6.57006254837 -0.651826935224 2.60424210309
12af12af12af12af -6.58394930946 -0.627027425687 2.61534814024
12af12af12af12af- -6.60797042223 -0.670896812009 2.6046722146
12ai -8.13780204718 0.914673784896 4.73548528696
12ai12ai -7.1587343468 0.173136955241 3.57108165354
12ai12ai- -7.09876816886 0.147596247561 3.52765764799
12ai12ai-12ai -6.67909769033 -0.176767653131 2.99230488075
12ai12ai-12ai-12ai -6.45758485833 -0.334774281588 2.71277439198
12ai12ai-12ai-12ai- -6.44478606975 -0.310968165093 2.72104783436
12ai12ai-12ai12ai -6.45177345109 -0.329665260297 2.73079182338
12ai12ai-12ai12ai- -6.45937677298 -0.348098991843 2.72306828341
12ai12ai12ai -6.71828310009 -0.122117329612 3.05858277704
12ai12ai12ai-12ai -6.45552142139 -0.326002463524 2.74154954871
12ai12ai12ai-12ai- -6.41454105781 -0.342499351605 2.70602109735
12ai12ai12ai12ai -6.46697658296 -0.266173665051 2.77513932703
12ai12ai12ai12ai- -6.45122623001 -0.30305963819 2.74292729718
12al -8.04588020581 0.8143405987 4.59044467167
12al12al -7.01584625477 0.0520427011427 3.38998148375
12al12al- -7.01122265986 0.0854657294506 3.4216306644
12al12al-12al -6.62739225076 -0.263568190625 2.89385191551
12al12al-12al-12al -6.3334562734 -0.434108264971 2.57610243728
12al12al-12al-12al- -6.39918344719 -0.359689317435 2.64033977889
12al12al-12al12al -6.37204019423 -0.438959276854 2.60896591413
12al12al-12al12al- -6.37315954705 -0.430028310999 2.61572552189
12al12al12al -6.54312122708 -0.251414811224 2.86548921234
12al12al12al-12al -6.35020642859 -0.420288741894 2.61800666678
12al12al12al-12al- -6.32209814082 -0.373417369115 2.63025692813
12al12al12al12al -6.27133866559 -0.396538555988 2.57796414966
12al12al12al12al- -6.26931482451 -0.390585427759 2.58141831019
12ea -8.11773233928 0.519332688811 4.27003838352
12ea12ea -7.24251308851 -0.297649325103 3.31946849718
12ea12ea- -7.22402787443 -0.284907879054 3.33211467665
12ea12ea-12ea -6.84705809518 -0.61409674238 2.80885517616
12ea12ea-12ea-12ea -6.6461945595 -0.784584466626 2.53641859419
12ea12ea-12ea-12ea- -6.64728422272 -0.789697699808 2.56806402995
12ea12ea-12ea12ea -6.65002911854 -0.794709790315 2.56813059852
12ea12ea-12ea12ea- -6.64901436509 -0.791781895385 2.55204435165
12ea12ea12ea -6.85318294837 -0.618380854316 2.83730909555
12ea12ea12ea-12ea -6.63938225768 -0.781932986959 2.55502098669
12ea12ea12ea-12ea- -6.63923287862 -0.783664294445 2.57157506116
12ea12ea12ea12ea -6.64160425296 -0.77988569107 2.57256955193
12ea12ea12ea12ea- -6.63610878473 -0.76749659357 2.54085089682
12ee -8.12223645366 0.333648974171 4.26865966413
12ee12ee -7.39450359092 -0.370473693964 3.33873003555
12ee12ee- -7.19401362874 -0.542250972385 3.1208358906
12ee12ee-12ee -6.88252194013 -0.803516857647 2.68332916189
12ee12ee-12ee-12ee- -6.84460370331 -0.831631946655 2.63851598788
12ee12ee-12ee12ee -6.75103955528 -0.919055491092 2.52081673282
12ee12ee-12ee12ee- -6.71115193904 -0.954879544662 2.46967646594
12ee12ee12ee -7.10197932642 -0.617692985168 2.97355928612
12ee12ee12ee-12ee -6.75103147151 -0.919062920758 2.52080588692
12ee12ee12ee-12ee- -6.79395998235 -0.883265293958 2.58121793126
12ee12ee12ee12ee -6.95312804746 -0.737962363828 2.7842393796
12ee12ee12ee12ee- -6.84458802338 -0.83164676782 2.63849325895
12ef -8.12401139123 0.437677158438 4.26732215325
12ef12ef -7.18089770113 -0.385496556266 3.17143870394
12ef12ef- -7.20701585062 -0.437838044114 3.19401807328
12ef12ef-12ef -6.77015483049 -0.712996929542 2.65163767105
12ef12ef-12ef-12ef -6.5448044085 -0.877533821592 2.39534389449
12ef12ef-12ef-12ef- -6.58325728087 -0.897957238587 2.43544946328
12ef12ef-12ef12ef -6.55679157528 -0.880394090504 2.41671896879
12ef12ef-12ef12ef- -6.58392872957 -0.928823484522 2.39209843135
12ef12ef12ef -6.79328500179 -0.714135107069 2.69371518609
12ef12ef12ef-12ef -6.57763195426 -0.912459567419 2.40031388575
12ef12ef12ef-12ef- -6.61339726741 -0.945545086969 2.4254844671
12ef12ef12ef12ef -6.58575017707 -0.886487688834 2.4265271979
12ef12ef12ef12ef- -6.61207201612 -0.937068557003 2.39069054997
12ei -8.05327252852 0.564892423837 4.26409461891
12ei12ei -7.28389453612 -0.0413895181624 3.49408691667
12ei12ei- -7.08325895227 -0.18354586869 3.28781551092
12ei12ei-12ei -6.70917915414 -0.490418725905 2.7799133216
12ei12ei-12ei-12ei -6.59564279828 -0.564252914363 2.63390514376
12ei12ei-12ei-12ei- -6.68033810868 -0.48681380107 2.76795196586
12ei12ei-12ei12ei -6.57237244922 -0.594107444986 2.62271482109
12ei12ei-12ei12ei- -6.52554964629 -0.639432874442 2.55139260918
12ei12ei12ei -6.96095237493 -0.266794378429 3.11203655835
12ei12ei12ei-12ei -6.55121290766 -0.586582816637 2.60239025561
12ei12ei12ei-12ei- -6.62601134324 -0.514030649396 2.71485346786
12ei12ei12ei12ei -6.7930923042 -0.370657650865 2.91670037992
12ei12ei12ei12ei- -6.67300621383 -0.453928822652 2.76492762622
12el -8.04811024979 0.468357114813 4.20342795943
12el12el -7.22470679796 -0.177127373947 3.35923963539
12el12el- -6.98837299876 -0.213820008874 3.19178372782
12el12el-12el -6.71501924512 -0.580314745576 2.72273824529
12el12el-12el-12el -6.5546729032 -0.692771453734 2.53218169075
12el12el-12el-12el- -6.72142943952 -0.409165062642 2.82766844367
12el12el-12el12el -6.62377199413 -0.698689789774 2.58041593819
12el12el-12el12el- -6.50644587573 -0.735621083889 2.47873656447
12el12el12el -6.84257644986 -0.422428234012 2.93631797506
12el12el12el-12el -6.53732723263 -0.689549448321 2.53145750928
12el12el12el-12el- -6.61222528473 -0.565216940837 2.66515309852
12el12el12el12el -6.63564635876 -0.538008373118 2.71120106323
12el12el12el12el- -6.51958747838 -0.590813934437 2.58112369705
12fa -8.15414600775 0.752068665375 4.62581908587
12fa12fa -7.13745528002 -0.0356365874953 3.41910945608
12fa12fa- -7.21599250805 -0.119637937977 3.41133249195
12fa12fa-12fa -6.73402642302 -0.403115909372 2.87966602377
12fa12fa-12fa-12fa -6.53327803359 -0.599556705964 2.58923444225
12fa12fa-12fa-12fa- -6.60797019394 -0.67089862007 2.60467136386
12fa12fa-12fa12fa -6.47290471492 -0.560382477192 2.61030720728
12fa12fa-12fa12fa- -6.56167928185 -0.647800264563 2.59832752295
12fa12fa12fa -6.6801154167 -0.357743764484 2.89089619576
12fa12fa12fa-12fa -6.49657453577 -0.578338661625 2.59616902243
12fa12fa12fa-12fa- -6.57006166928 -0.651827927251 2.6042407452
12fa12fa12fa12fa -6.42378997506 -0.51285874724 2.60556998203
12fa12fa12fa12fa- -6.50597941448 -0.587739614001 2.58544321981
12fe -8.15370475826 0.386020780645 4.25816477906
12fe12fe -7.16075301818 -0.357265603591 3.21913695741
12fe12fe- -7.20709442899 -0.437858433443 3.19404598614
12fe12fe-12fe -6.74781614651 -0.700188800375 2.66747697686
12fe12fe-12fe-12fe -6.57239500875 -0.852587569332 2.40895405582
12fe12fe-12fe-12fe- -6.61205856007 -0.937085409722 2.39067048182
12fe12fe-12fe12fe -6.51122494164 -0.847459803844 2.42240031968
12fe12fe-12fe12fe- -6.5839231098 -0.928841582112 2.39208516517
12fe12fe12fe -6.74601680242 -0.666664290464 2.73518225621
12fe12fe12fe-12fe -6.55081398335 -0.884006824978 2.42136808635
12fe12fe12fe-12fe- -6.61347095442 -0.945429722711 2.42560911412
12fe12fe12fe12fe -6.5173562448 -0.823800930747 2.46716826224
12fe12fe12fe12fe- -6.5833059445 -0.897877816223 2.43551994797
12ff -8.19059464001 0.662629025461 4.60212022101
12ff12ff -7.16393592407 -0.144052313866 3.33870194015
12ff12ff- -7.26733689303 -0.246032573684 3.35717287384
12ff12ff-12ff -6.749509305 -0.473489811986 2.80842259153
12ff12ff-12ff-12ff -6.5160590673 -0.657704000465 2.51343130715
12ff12ff-12ff-12ff- -6.60784128983 -0.762712398165 2.5148293023
12ff12ff-12ff12ff -6.49398284627 -0.625921034022 2.54037556943
12ff12ff-12ff12ff- -6.60253807432 -0.735533755419 2.53100598844
12ff12ff12ff -6.73485323608 -0.483384972511 2.81294428079
12ff12ff12ff-12ff -6.55581284903 -0.689105584962 2.53377506966
12ff12ff12ff-12ff- -6.64382793957 -0.795384754121 2.52885810444
12ff12ff12ff12ff -6.5019338636 -0.656095738678 2.52754759102
12ff12ff12ff12ff- -6.60784132135 -0.76271211237 2.51482954757
12fi -8.08339461642 0.823937951456 4.63092962643
12fi12fi -7.14070122649 0.169135767483 3.53671549454
12fi12fi- -7.08260169789 -0.00575176956857 3.38763784421
12fi12fi-12fi -6.59660088687 -0.265720099355 2.85676273396
12fi12fi-12fi-12fi -6.51918731308 -0.334768055946 2.73579064925
12fi12fi-12fi-12fi- -6.71282779579 -0.306448855117 2.8844642623
12fi12fi-12fi12fi -6.37230373151 -0.366496221605 2.64114729256
12fi12fi-12fi12fi- -6.41868120503 -0.505451234011 2.56697176147
12fi12fi12fi -6.70955034994 -0.0954434022348 3.05718733841
12fi12fi12fi-12fi -6.39130721442 -0.400072956056 2.62034717039
12fi12fi12fi-12fi- -6.54828201591 -0.392489592539 2.72587838269
12fi12fi12fi12fi -6.49535632889 -0.192901365817 2.82816642366
12fi12fi12fi12fi- -6.44667048883 -0.379512083595 2.65407620357
12fl -8.07155667924 0.757480469362 4.5696527316
12fl12fl -6.98439703176 0.0371084196599 3.34194538501
12fl12fl- -7.03258312717 -0.0404621697493 3.32526802649
12fl12fl-12fl -6.5795691654 -0.311793996068 2.80288558272
12fl12fl-12fl-12fl -6.4358549642 -0.53889800408 2.53814734486
12fl12fl-12fl-12fl- -6.50039222398 -0.614141697675 2.53939389864
12fl12fl-12fl12fl -6.32434626755 -0.443084872139 2.5452536876
12fl12fl-12fl12fl- -6.39347586875 -0.519373217032 2.53184955449
12fl12fl12fl -6.51331870806 -0.225446599847 2.83415542233
12fl12fl12fl-12fl -6.32011746395 -0.435378899287 2.54234563537
12fl12fl12fl-12fl- -6.53336117012 -0.622635146758 2.56859464671
12fl12fl12fl12fl -6.24330702124 -0.340428721706 2.55317014299
12fl12fl12fl12fl- -6.29646903141 -0.403358122475 2.52706777843
12ia -8.13780483876 0.914674207391 4.73548798997
12ia12ia -7.15873933416 0.173125703961 3.57109116055
12ia12ia- -7.09876932478 0.147594588109 3.52765801268
12ia12ia-12ia -6.67909946025 -0.176764130456 2.99230922346
12ia12ia-12ia-12ia -6.45758549193 -0.334773528012 2.71277520772
12ia12ia-12ia-12ia- -6.45131038727 -0.30298878814 2.74302980704
12ia12ia-12ia12ia -6.45544926461 -0.326067064141 2.74145509689
12ia12ia-12ia12ia- -6.45937759145 -0.348098072869 2.72306918892
12ia12ia12ia -6.71827487675 -0.122124123475 3.05857344936
12ia12ia12ia-12ia -6.45173647508 -0.329699086809 2.73073873044
12ia12ia12ia-12ia- -6.41454109681 -0.342499227927 2.70602117203
12ia12ia12ia12ia -6.46705527673 -0.266106949559 2.77523950294
12ia12ia12ia12ia- -6.44490752792 -0.310856705794 2.72120614956
12ie -8.05327280428 0.564892605787 4.26409475947
12ie12ie -7.28390176932 -0.0413795253943 3.49409662884
12ie12ie- -7.08327625943 -0.183530483656 3.28784794132
12ie12ie-12ie -6.70917781905 -0.490414195669 2.77991409953
12ie12ie-12ie-12ie -6.59647767442 -0.56339305888 2.63512806096
12ie12ie-12ie-12ie- -6.6730560263 -0.45387867082 2.76499963108
12ie12ie-12ie12ie -6.55119530674 -0.586591419512 2.60237018287
12ie12ie-12ie12ie- -6.52555460131 -0.639447075767 2.55139495431
12ie12ie12ie -6.96090953072 -0.266815138791 3.11201447528
12ie12ie12ie-12ie -6.57238419637 -0.594107994842 2.6227264835
12ie12ie12ie-12ie- -6.62602873077 -0.513972843591 2.71489615895
12ie12ie12ie12ie -6.79312356325 -0.370615561644 2.91674882972
12ie12ie12ie12ie- -6.68031463054 -0.486835831458 2.76791731335
12if -8.09392972932 0.823062691405 4.64011050891
12if12if -7.30794449263 0.21788571494 3.66187574136
12if12if- -7.0826016746 -0.00575176959734 3.3876378289
12if12if-12if -6.63967486045 -0.290099421551 2.85782420281
12if12if-12if-12if -6.40393519723 -0.414590570545 2.59810008992
12if12if-12if-12if- -6.44667048197 -0.37951208609 2.65407619315
12if12if-12if12if -6.48263958272 -0.387306746571 2.6809778969
12if12if-12if12if- -6.41868120122 -0.505451246662 2.5669717525
12if12if12if -6.98924813813 -0.0219227407931 3.26189820218
12if12if12if-12if -6.51831277948 -0.411694211307 2.68921703779
12if12if12if-12if- -6.54828208535 -0.39248956051 2.72587844902
12if12if12if12if -6.83361899567 -0.129994869762 3.06878090362
12if12if12if12if- -6.71279502825 -0.306470556008 2.88443269626
12ii -8.03115880883 0.978779094271 4.70379570612
12ii12ii -7.24317409765 0.471406838972 3.79685695194
12ii12ii- -6.96436418712 0.248030199297 3.49065174154
12ii12ii-12ii -6.58058830623 -0.0223430754786 3.00740385644
12ii12ii-12ii-12ii -6.47580976718 -0.0617887105654 2.89754351593
12ii12ii-12ii-12ii- -6.56839561359 0.0712619654424 3.04677632159
12ii12ii-12ii12ii -6.43441749628 -0.0778370227138 2.86032887394
12ii12ii-12ii12ii- -6.37786894416 -0.167188670613 2.76680204019
12ii12ii12ii -6.87623433553 0.267256828154 3.39834296805
12ii12ii12ii-12ii -6.43441655085 -0.0778376687209 2.86032795353
12ii12ii12ii-12ii- -6.49005008502 0.0130885654525 2.96232498425
12ii12ii12ii12ii -6.70746677115 0.210491162308 3.22982192115
12ii12ii12ii12ii- -6.56839422259 0.0712614315575 3.04677520447
12il -8.08491407925 0.873426571735 4.66962832169
12il12il -7.18299150814 0.219351283342 3.59057040061
12il12il- -6.98337508833 0.145384179421 3.4363210357
12il12il-12il -6.57237922479 -0.207262277412 2.87943032187
12il12il-12il-12il -6.40211917881 -0.307795581456 2.67096073825
12il12il-12il-12il- -6.44876291922 -0.201908110546 2.77569221679
12il12il-12il12il -6.39640557728 -0.295795889479 2.69435508229
12il12il-12il12il- -6.37645590795 -0.270719560509 2.69717917491
12il12il12il-12il -6.43955088792 -0.221212323555 2.77218861582
12il12il12il-12il- -6.37624324837 -0.28552415719 2.68940945075
12il12il12il12il -6.56769536635 -0.106088028431 2.9274067755
12il12il12il12il- -6.47661480797 -0.1952534518 2.80498627728
12la -8.11058481458 0.81394015488 4.64688155606
12la12la -7.13372522114 0.0228537882318 3.45775890801
12la12la- -7.01122262322 0.0854658400998 3.42163067796
12la12la-12la -6.64613516132 -0.312172598468 2.8845984997
12la12la-12la-12la -6.37034299533 -0.47024755915 2.57930313443
12la12la-12la-12la- -6.26930344864 -0.39059679256 2.58140309858
12la12la-12la12la -6.45029410763 -0.485176552586 2.64137090087
12la12la-12la12la- -6.37315941981 -0.430028362908 2.61572539673
12la12la12la -6.7143748502 -0.27249798082 2.95702527194
12la12la12la-12la -6.41911646882 -0.45115772499 2.63629642397
12la12la12la-12la- -6.32209758002 -0.373417820713 2.63025624267
12la12la12la12la -6.26179120606 -0.381184859457 2.58315959334
12la12la12la12la- -6.25321303089 -0.372290986983 2.57064439807
12le -8.06405066882 0.499155479217 4.26512760837
12le12le -7.42728930055 0.0119970433571 3.59902570087
12le12le- -6.9884219169 -0.213765316409 3.19186495657
12le12le-12le -6.80711819653 -0.488150547737 2.83482348802
12le12le-12le-12le- -6.51951613187 -0.590935998569 2.58098264042
12le12le-12le12le -6.7384618096 -0.551899753006 2.73244093506
12le12le-12le12le- -6.50650644159 -0.735633362604 2.47875558683
12le12le12le -7.17457287183 -0.178433793975 3.28049911513
12le12le12le-12le -6.68204348088 -0.571932628724 2.69331733776
12le12le12le-12le- -6.61209516595 -0.565409902039 2.66494879219
12le12le12le12le -7.03544501811 -0.284896323224 3.09952816705
12le12le12le12le- -6.58408002245 -0.510814325503 2.68400832534
12lf -8.11756626426 0.730648422337 4.59268801789
12lf12lf -7.58583448091 0.301061988099 3.89451752615
12lf12lf- -7.03258300294 -0.0404620052559 3.32526798758
12lf12lf-12lf -6.64348162337 -0.379962847073 2.80145125086
12lf12lf-12lf-12lf -6.39130351641 -0.460464692803 2.55089062225
12lf12lf-12lf-12lf- -6.29646900449 -0.403358107339 2.5270677634
12lf12lf-12lf12lf -6.38697829682 -0.478558780054 2.55824519986
12lf12lf-12lf12lf- -6.39343323046 -0.519437955036 2.53176499108
12lf12lf12lf -6.65338924112 -0.337245323704 2.84613707944
12lf12lf12lf-12lf -6.44797699895 -0.54696500429 2.54884828579
12lf12lf12lf-12lf- -6.64251920289 -0.578923703687 2.65289186125
12lf12lf12lf12lf -6.42361668997 -0.502598444558 2.56707686118
12lf12lf12lf12lf- -6.50025645581 -0.614211622 2.53925838191
12li -8.02658735478 0.889444104507 4.64085214153
12li12li -7.21166751975 0.334425814932 3.68329173091
12li12li- -6.98337931777 0.145391660648 3.43632827807
12li12li-12li -6.54400944592 -0.183814716561 2.87594267308
12li12li-12li-12li -6.37031425818 -0.28274386758 2.6689053137
12li12li-12li-12li- -6.44347122079 -0.190686578964 2.79123133117
12li12li-12li12li -6.319525803 -0.346125577361 2.61336861599
12li12li-12li12li- -6.37645728122 -0.270717685161 2.69718146128
12li12li12li -6.5440097666 -0.18381964867 2.8759399063
12li12li12li-12li -6.31951105436 -0.346134473293 2.61335722219
12li12li12li-12li- -6.37624354741 -0.285522687312 2.6894106512
12li12li12li12li -6.31954121769 -0.346110836922 2.61338661482
12li12li12li12li- -6.36888115305 -0.284280496979 2.66789059438
12ll -8.01162415754 0.80541901994 4.56117610529
12ll12ll -7.35060605822 0.315699542791 3.75891716357
12ll12ll- -6.81034058034 0.167839364919 3.31627403474
12ll12ll-12ll -6.89123867014 -0.00568683694489 3.22115151379
12ll12ll-12ll-12ll -6.52006572027 -0.244070441681 2.79273512369
12ll12ll-12ll-12ll- -6.61379111025 -0.061123240028 2.98620608813
12ll12ll-12ll12ll -6.80053842983 -0.0907231009412 3.08806219335
12ll12ll-12ll12ll- -6.58521396243 -0.150879994822 2.91696081836
12ll12ll12ll -7.05402372216 0.151104792486 3.42307412587
12ll12ll12ll-12ll -6.67810550166 -0.0756798963452 3.02010553848
12ll12ll12ll-12ll- -6.53814586741 -0.0317762043791 2.96387040223
12ll12ll12ll12ll -6.88897429142 0.0689616388143 3.24056803709
12ll12ll12ll12ll- -6.6224295419 0.00186847055936 3.03677589055
2 -10.080630329 1.42323109806 7.23504947002
22 -8.63241429736 0.47063678975 5.44849681459
22- -8.68367500768 0.471763866096 5.25112219148
22-2 -8.00568728859 -0.0411477450127 4.32198411203
22-2- -7.96463468189 -0.0394452259007 4.39771080129
22-2-2 -7.56367520994 -0.355561770639 3.84124405584
22-2-2- -7.53441608961 -0.357014844383 3.89384034629
22-22 -7.57792841608 -0.354114687611 3.81850535707
22-22- -7.60831076706 -0.353757612009 3.78872368658
222 -7.92359045614 -0.0425115262084 4.51833132634
222- -7.96463338883 -0.0394422432356 4.39771005715
222-2 -7.57792643722 -0.354118245942 3.8185024338
222-2- -7.54902543946 -0.354057966011 3.8446333177
2222 -7.50515737339 -0.359291596579 3.9598772039
2222- -7.53441436752 -0.35700927252 3.89384202232
4aa -8.99145268262 0.870259863912 4.74983807831
4aa4aa -8.10025291218 0.34291745574 4.51554033104
4aa4aa- -8.10025721353 0.343093565325 4.51556255191
4aa4aa-4aa -7.73576279838 0.110527784372 4.24436143734
4aa4aa-4aa-4aa -7.55458207859 -0.00379639468424 4.0518231768
4aa4aa-4aa-4aa- -7.55466348387 -0.00367776420033 4.05196275072
4aa4aa-4aa4aa -7.56266140298 -0.00305711767224 4.05093616627
4aa4aa-4aa4aa- -7.56323628045 -0.00241491154531 4.05180750032
4aa4aa4aa -7.7293870463 0.113083982711 4.24878486971
4aa4aa4aa-4aa -7.55457097793 -0.00382940070338 4.05180105958
4aa4aa4aa-4aa- -7.55447376593 -0.00382548362511 4.05169557899
4aa4aa4aa4aa -7.54298173168 -0.00946715459447 4.04564313468
4aa4aa4aa4aa- -7.56323909602 -0.00241293684941 4.05181146352
4ae -8.37368494759 0.395796260359 4.23781909212
4ae4ae -8.04626781724 0.133849819311 4.10555255036
4ae4ae- -8.00736574316 0.148385577781 4.10316030938
4ae4ae-4ae -7.75362291969 -0.0211337877795 4.04610363881
4ae4ae-4ae-4ae -7.63685062649 -0.1262183918 3.97044974027
4ae4ae-4ae-4ae- -7.64402080029 -0.122471143201 3.97663201831
4ae4ae-4ae4ae -7.63109565292 -0.110558862436 3.96255760531
4ae4ae-4ae4ae- -7.62473332406 -0.110194542318 3.96045293167
4ae4ae4ae -7.78912834156 -0.0407301240618 4.06028138471
4ae4ae4ae-4ae -7.63530762185 -0.123740836013 3.97316976386
4ae4ae4ae-4ae- -7.64271863411 -0.124355931828 3.97611847267
4ae4ae4ae4ae -7.65393334575 -0.134697715222 3.99045012448
4ae4ae4ae4ae- -7.64784134261 -0.135907948989 3.98642453715
4af -8.54182429119 0.776346507289 4.56339034341
4af4af -8.00537244881 0.310785240048 4.32372784136
4af4af- -7.99251379934 0.338824605512 4.34892844316
4af4af-4af -7.73007185223 0.134158486054 4.15133782565
4af4af-4af-4af -7.6134005796 0.0263366023518 4.03566147063
4af4af-4af-4af- -7.58831313739 0.0493971011058 4.03560972746
4af4af-4af4af -7.60428770657 0.00640450993732 4.015720168
4af4af-4af4af- -7.57758883416 0.0367518856181 4.01970608146
4af4af4af -7.65874331071 0.0871560366556 4.10136018797
4af4af4af-4af -7.51814946223 0.035699217714 3.98939281477
4af4af4af-4af- -7.48364993791 0.0456557886261 3.98139912054
4af4af4af4af -7.47659955403 -0.0274184908943 3.94427163269
4af4af4af4af- -7.4549898015 0.00321132610744 3.95083632835
4ai -8.64000345937 0.905623891631 4.64296698757
4ai4ai -8.10990334557 0.544482206331 4.45586567765
4ai4ai- -8.1081485647 0.542228236095 4.45873526885
4ai4ai-4ai -7.79846051247 0.387564626622 4.31420844783
4ai4ai-4ai-4ai -7.6463246353 0.300863377448 4.26425985968
4ai4ai-4ai-4ai- -7.63909754355 0.295222313816 4.25701302001
4ai4ai-4ai4ai -7.64910743779 0.30978539732 4.27068600206
4ai4ai-4ai4ai- -7.64783538089 0.307851364415 4.27143654004
4ai4ai4ai -7.7944159288 0.37767358691 4.31550264899
4ai4ai4ai-4ai -7.64106905637 0.294750807412 4.27283410822
4ai4ai4ai-4ai- -7.64286234981 0.299037548288 4.2734371326
4ai4ai4ai4ai -7.63920509137 0.291898367074 4.26419467127
4ai4ai4ai4ai- -7.63470059032 0.284272910289 4.26242218643
4al -8.44249562455 0.841049990409 4.55236498929
4ea -8.37345355236 0.395603357306 4.23757104409
4ea4ea -8.04629309957 0.133892571677 4.10552137482
4ea4ea- -8.00741663487 0.148414208534 4.10319579412
4ea4ea-4ea -7.75362653359 -0.0211692510339 4.04609498799
4ea4ea-4ea-4ea -7.63496998678 -0.127565219724 3.97119868564
4ea4ea-4ea-4ea- -7.65188240239 -0.126994733027 3.98621072042
4ea4ea-4ea4ea -7.63760598067 -0.114354267079 3.97016945809
4ea4ea-4ea4ea- -7.62470325643 -0.110296277273 3.96039636617
4ea4ea4ea -7.78907839763 -0.0407775870722 4.0601964171
4ea4ea4ea-4ea -7.62855742987 -0.118705752966 3.96526721418
4ea4ea4ea-4ea- -7.63974177675 -0.125340116327 3.97237448562
4ea4ea4ea4ea -7.65383271947 -0.134887402312 3.99029248963
4ea4ea4ea4ea- -7.63827680941 -0.134506024747 3.97640009367
4ee -8.04157613845 0.0316443944255 4.20305547453
4ee4ee -7.90304638151 -0.154993680706 4.06460857654
4ee4ee4ee -7.75863004609 -0.265628579785 3.93511338669
4ee4ee4ee4ee -7.67062092834 -0.330178973986 3.89071567519
4ef -8.09281451176 0.391790142266 4.24481904816
4ef4ef -7.84824538335 0.151428028278 4.11758046085
4ef4ef- -7.86720564538 0.277941936746 4.15998103915
4ef4ef-4ef -7.71476348053 0.0400128906841 4.01920715057
4ef4ef-4ef-4ef -7.62681831129 -0.0861324484445 3.94018318221
4ef4ef-4ef-4ef- -7.61819615905 -0.0409944310184 3.96274448484
4ef4ef-4ef4ef- -7.62651969524 0.0244655369556 3.99320506587
4ef4ef4ef -7.64848304708 -0.0138781958941 3.98147182422
4ef4ef4ef-4ef -7.59435280383 0.0459214792953 3.9870456027
4ef4ef4ef-4ef- -7.56921730079 0.0545401250974 3.98403186716
4ef4ef4ef4ef -7.5270808798 -0.106809810986 3.89376685225
4ef4ef4ef4ef- -7.52726470515 -0.0314584375916 3.92621338033
4ei -8.13881974732 0.462163829622 4.2441106271
4ei4ei -8.00544684466 0.362781016217 4.18639783071
4ei4ei- -8.0057733405 0.363048096745 4.18637383615
4ei4ei-4ei -7.87454319177 0.317747761375 4.15417244772
4ei4ei-4ei-4ei -7.79395724349 0.262429083213 4.14004360711
4ei4ei-4ei-4ei- -7.7832608373 0.233392649855 4.13763257304
4ei4ei-4ei4ei -7.79112242901 0.252031648719 4.13784497491
4ei4ei-4ei4ei- -7.80720476798 0.293044766483 4.14185536383
4ei4ei4ei -7.86311350785 0.283829970319 4.15072215278
4ei4ei4ei-4ei -7.80734034941 0.293207733734 4.14185982401
4ei4ei4ei-4ei- -7.79172787907 0.261291280782 4.13955494603
4ei4ei4ei4ei -7.78328089178 0.233422437076 4.13764285445
4ei4ei4ei4ei- -7.78153316442 0.232045192445 4.13715916953
4el -8.01702025427 0.44661529316 4.2453323276
4fa -8.54183022569 0.776335462573 4.56338537764
4fa4fa -8.00540482703 0.310762336891 4.3237766497
4fa4fa- -8.12761421917 0.301055192812 4.36340933134
4fa4fa-4fa -7.73006874062 0.134157432103 4.15133669149
4fa4fa-4fa-4fa -7.6133917207 0.0263186466313 4.03564652956
4fa4fa-4fa-4fa- -7.74028370146 -0.0293164479957 4.05607823556
4fa4fa-4fa4fa -7.51814971387 0.035701549328 3.98939413939
4fa4fa-4fa4fa- -7.63591405432 -0.00808339331184 4.02468452669
4fa4fa4fa -7.65873539663 0.0871375945666 4.10134647044
4fa4fa4fa-4fa -7.60428774732 0.00639777288212 4.01571626126
4fa4fa4fa-4fa- -7.72010408982 -0.0575163215491 4.04673844053
4fa4fa4fa4fa -7.47665215229 -0.0271747661968 3.9444558724
4fa4fa4fa4fa- -7.58713728096 -0.0701947639233 3.97805125667
4fe -8.09236051904 0.39205194102 4.24474294031
4fe4fe -7.84822833775 0.151440002289 4.11775029728
4fe4fe- -7.92150008191 0.136868643224 4.13319312022
4fe4fe-4fe -7.72639882388 0.0637185764525 4.02805045567
4fe4fe-4fe-4fe -7.62683765098 -0.0983950040799 3.93778916955
4fe4fe-4fe-4fe- -7.71872820126 -0.12993944721 3.93879668357
4fe4fe-4fe4fe -7.58025633932 -0.0168824047229 3.96655824194
4fe4fe-4fe4fe- -7.67985646962 -0.0607884304222 3.98739245314
4fe4fe4fe -7.64848078053 -0.0139058112761 3.98148090991
4fe4fe4fe-4fe -7.62157371733 -0.0975041980035 3.94808758044
4fe4fe4fe-4fe- -7.69681726993 -0.193970412231 3.92059994587
4fe4fe4fe4fe -7.52708032009 -0.106837793501 3.89374105165
4fe4fe4fe4fe- -7.63766675796 -0.119992755813 3.93134149054
4ff -8.22589673845 0.662762652859 4.35165926645
4ff4ff -7.83843963498 0.267736642357 4.11541978062
4ff4ff- -7.91716577802 0.215100803682 4.14933042935
4ff4ff-4ff -7.63034998434 0.0517156279749 3.94296363976
4ff4ff-4ff-4ff -7.5875634231 -0.024875274575 3.87361135812
4ff4ff-4ff-4ff- -7.68310738748 -0.0532685949072 3.8912046683
4ff4ff-4ff4ff -7.47803975859 -0.0421171526748 3.83069662484
4ff4ff-4ff4ff- -7.55110327905 -0.0947621526772 3.84712988411
4ff4ff4ff -7.54717884876 0.058939415297 3.90674386384
4ff4ff4ff-4ff -7.47086126057 -0.0531679051667 3.82829619372
4ff4ff4ff-4ff- -7.56520222748 -0.0778771846012 3.8535731425
4ff4ff4ff4ff -7.3787517681 -0.0514765986831 3.77041787714
4ff4ff4ff4ff- -7.47254272553 -0.0661746680093 3.80798315902
4fi -8.2629929375 0.802278332902 4.44062967027
4fi4fi -7.97652765248 0.557725559349 4.285176561
4fi4fi- -8.0462387301 0.485007832105 4.27416458544
4fi4fi-4fi -7.79543153727 0.455932933647 4.19347316146
4fi4fi-4fi-4fi -7.69337687953 0.352312613895 4.12475573104
4fi4fi-4fi-4fi- -7.78511300056 0.263424198851 4.1120003652
4fi4fi-4fi4fi -7.64377621645 0.413315001271 4.15203705063
4fi4fi-4fi4fi- -7.74357170097 0.355298920787 4.15725786427
4fi4fi4fi -7.70790760674 0.384806853242 4.15031382414
4fi4fi4fi-4fi -7.70180827577 0.358557038359 4.14326905523
4fi4fi4fi-4fi- -7.79510934581 0.267533629237 4.13451916419
4fi4fi4fi4fi -7.57664406227 0.320830566045 4.09847893972
4fi4fi4fi4fi- -7.70908508543 0.317816191421 4.14740355895
4fl -8.14267859227 0.731198495256 4.34685777215
4ia -8.63999748681 0.905627336371 4.64296594953
4ia4ia -8.10985380603 0.544429324207 4.45585302571
4ia4ia- -8.10813861084 0.542223885096 4.45873473005
4ia4ia-4ia -7.79820186084 0.387139325889 4.31413726761
4ia4ia-4ia-4ia -7.64630999451 0.300863895181 4.26425881714
4ia4ia-4ia-4ia- -7.63453942099 0.284300799634 4.26242715656
4ia4ia-4ia4ia -7.641036639 0.294872232882 4.27288605691
4ia4ia-4ia4ia- -7.64784982143 0.307877727324 4.27145632671
4ia4ia4ia -7.79441970776 0.377679671626 4.31550646343
4ia4ia4ia-4ia -7.6491050986 0.309779174952 4.27068158566
4ia4ia4ia-4ia- -7.64307191739 0.299218173952 4.27361074993
4ia4ia4ia4ia -7.63920467978 0.291897004921 4.26419408048
4ia4ia4ia4ia- -7.6390972247 0.295221892466 4.25701247951
4ie -8.13886127147 0.462199290528 4.24415872536
4ie4ie -8.00550676942 0.362820987191 4.18639973993
4ie4ie- -8.00570957984 0.362908830923 4.18638898724
4ie4ie-4ie -7.87073054606 0.315884114781 4.15326205536
4ie4ie-4ie-4ie -7.79060999609 0.252640139387 4.13768570679
4ie4ie-4ie-4ie- -7.79400360639 0.262474811146 4.14007980267
4ie4ie-4ie4ie -7.79204628119 0.261697930397 4.13948717955
4ie4ie-4ie4ie- -7.80634386958 0.292343642626 4.14160161004
4ie4ie4ie -7.8626255313 0.283326179616 4.15062019419
4ie4ie4ie-4ie -7.80735480812 0.293225059866 4.14186172698
4ie4ie4ie-4ie- -7.79093315446 0.252102146235 4.13785264718
4ie4ie4ie4ie -7.78314157386 0.233204971607 4.13761473565
4ie4ie4ie4ie- -7.78140738875 0.231910781294 4.1371434135
4if -8.26299241667 0.802278472055 4.44063025811
4if4if -7.97653764359 0.557734532124 4.28518201824
4if4if- -7.97597029385 0.580045262934 4.3088915583
4if4if-4if -7.7954521804 0.455935265431 4.19347365598
4if4if-4if-4if -7.6933819411 0.352314269247 4.12475765694
4if4if-4if-4if- -7.64253676898 0.333263704285 4.10829341975
4if4if-4if4if -7.70211896573 0.358672925823 4.14332882958
4if4if-4if4if- -7.69902147118 0.414576980517 4.15875903209
4if4if4if -7.707890185 0.38477820207 4.15030135023
4if4if4if-4if -7.64388362414 0.413489817664 4.15212097587
4if4if4if-4if- -7.59999226809 0.41555186672 4.14213448932
4if4if4if4if -7.57664288862 0.320833485552 4.09847947122
4if4if4if4if- -7.57448787231 0.363070925838 4.1098097576
4ii -8.33281297064 0.934180767575 4.52565503216
4ii4ii -8.20483945532 0.911169684358 4.42284499265
4ii4ii4ii -8.01759829674 0.882094765416 4.30891106142
4ii4ii4ii4ii -7.98557643888 0.873057751564 4.30122930886
4il -8.17696250206 0.864723935097 4.4328228631
4la -8.44250412043 0.841046454314 4.55236742184
4la4la- -7.90500796567 0.452471149613 4.34800535305
4la4la-4la-4la- -7.36499323491 0.175096749303 3.99160566478
4le -8.01711750668 0.447022264586 4.24575162799
4le4le- -7.76797880299 0.350286307034 4.15444658326
4le4le-4le-4le- -7.42303479053 0.110888761955 3.94955161333
4lf -8.14267105727 0.731206420098 4.34685686171
4lf4lf- -7.78434923323 0.55286784653 4.20441797656
4lf4lf-4lf-4lf- -7.36900067448 0.216625439445 3.91501686483
4li -8.17695530793 0.864727498437 4.43282094345
4li4li- -7.89292658585 0.68934512114 4.30767553212
4li4li-4li-4li- -7.51184739057 0.572196883204 4.14609463483
4ll -8.05607503894 0.788115295179 4.33290316738
