1111 -10.6055473473 0.343375949497 3.17486955328
1111- -10.9870737658 0.189438889214 3.44210379553
1111-11- -10.5503243667 -0.664464438484 2.72566228596
1111-11-11 -10.39644076 -0.352016400106 3.43204950342
1111-11-11- -10.2045818985 -0.879577063213 2.74949895037
1111-1111 -10.6596238731 -0.768332002165 3.02190756877
1111-1111- -10.3964484478 -0.352017154032 3.43229146045
111111 -10.2042692191 -0.597299497543 2.45822291465
111111- -10.5505849621 -0.664838855846 2.72560284194
111111-11 -10.6596372484 -0.768242029954 3.02195871734
111111-11- -10.4538535205 -1.22805398416 2.46885278391
11111111 -10.1018694406 -0.815742945308 2.55127322071
11111111- -10.2050876337 -0.880036241867 2.7491959035
12aa -9.34129520525 2.98356499783 7.37681614649
12aa12aa -8.10330040991 1.78322623441 5.52395803318
12aa12aa- -8.13061644336 1.76332571535 5.53945082349
12aa12aa-12aa -7.65001037111 1.29236234163 4.81655470853
12aa12aa-12aa-12aa -7.39543844074 1.04508743521 4.42897556777
12aa12aa-12aa-12aa- -7.38300127877 1.05064309418 4.42877040176
12aa12aa-12aa12aa -7.40239729147 1.04067667458 4.44919023044
12aa12aa-12aa12aa- -7.41522816271 1.03555578227 4.45125354569
12aa12aa12aa -7.61118560088 1.31158261766 4.81052202538
12aa12aa12aa-12aa -7.40239709045 1.04067661046 4.44919007259
12aa12aa12aa-12aa- -7.38979106308 1.04579865651 4.44707499383
12aa12aa12aa12aa -7.37041097199 1.05523051464 4.4279980278
12aa12aa12aa12aa- -7.3830009996 1.05064294991 4.42877012428
12ae -9.31480598188 2.22540945212 4.49731435484
12ae12ae -8.29535361924 1.09253802297 4.42287358481
12ae12ae- -8.31923406524 1.06738976528 4.4670155779
12ae12ae-12ae -7.89313050785 0.650980750011 4.41536108727
12ae12ae-12ae-12ae -7.67977024335 0.404540115909 4.1171145177
12ae12ae-12ae-12ae- -7.67736579796 0.400712633684 4.11357645163
12ae12ae-12ae12ae -7.67510994479 0.409075162495 4.13687358088
12ae12ae-12ae12ae- -7.68493953084 0.414340827497 4.14249370904
12ae12ae12ae -7.87577256301 0.632179626645 4.41641108725
12ae12ae12ae-12ae -7.69352144006 0.387242156766 4.14843819236
12ae12ae12ae-12ae- -7.68515911674 0.38068006135 4.14335955814
12ae12ae12ae12ae -7.67911148711 0.369420511244 4.13237588922
12ae12ae12ae12ae- -7.68927104467 0.371111313863 4.13751532775
12af -8.96960867386 2.77392093463 6.77804797222
12af12af -7.92737482698 1.54438737966 5.19588982771
12af12af- -7.91819789533 1.45950044574 5.12201397853
12af12af-12af -7.42739598812 1.01571360589 4.4385246324
12af12af-12af-12af -7.14027229874 0.765850609898 4.06680991185
12af12af-12af-12af- -7.13571668136 0.746447214661 4.05327978886
12af12af-12af12af -7.2107128389 0.746235117625 4.10943295216
12af12af-12af12af- -7.22500299379 0.702009403466 4.08449204911
12af12af12af -7.50202266015 1.02615024957 4.51846591056
12af12af12af-12af -7.24064944636 0.711354684568 4.10429400665
12af12af12af-12af- -7.2351094502 0.690737566516 4.08649435823
12af12af12af12af -7.29867060499 0.736605975099 4.15140263765
12af12af12af12af- -7.31282024594 0.689907631923 4.12684281344
12ai -9.09689780741 3.01629883953 7.20160466522
12ai12ai -7.93368852413 1.93628772672 5.46084150732
12ai12ai- -7.89606825072 1.85164947873 5.39703535609
12ai12ai-12ai -7.42364014655 1.38950991665 4.69158412228
12ai12ai-12ai-12ai -7.18528533105 1.15832917682 4.33115780233
12ai12ai-12ai-12ai- -7.16914030813 1.1815810249 4.33891304505
12ai12ai-12ai12ai -7.1806749688 1.15851750139 4.3487642932
12ai12ai-12ai12ai- -7.19349268356 1.13738741104 4.34096486416
12ai12ai12ai -7.44517599038 1.4930645268 4.78205210944
12ai12ai12ai-12ai -7.18958976775 1.16915727555 4.36425564451
12ai12ai12ai-12ai- -7.13214486873 1.14693487635 4.3154516589
12ai12ai12ai12ai -7.19216547332 1.25169052114 4.410842841
12ai12ai12ai12ai- -7.17952946141 1.20291280265 4.37090307454
12al -8.54650082278 2.91456198219 6.69902433844
12al12al -7.46965625772 1.80151683314 5.0692584793
12al12al- -7.53509988177 1.837181094 5.13941825761
12al12al-12al -7.13178427933 1.32313627486 4.45756354367
12al12al-12al-12al -6.89221857535 1.0368391334 4.04704516929
12al12al-12al-12al- -6.97498007425 1.1321789261 4.16360831018
12al12al-12al12al -6.84258941202 1.05502021136 4.07939405481
12al12al-12al12al- -6.864328844 1.07838947865 4.1027338605
12al12al12al -6.96812008478 1.33647501917 4.38980868296
12al12al12al-12al -6.84634665015 1.08070432589 4.10860967122
12al12al12al-12al- -6.83611965386 1.127117849 4.12959017184
12al12al12al12al -6.70081898619 1.09060810911 4.02348514753
12al12al12al12al- -6.71806764068 1.11635034038 4.04631629346
12ea -9.31480086157 2.22541048763 4.49730970317
12ea12ea -8.29527459727 1.09240388755 4.42273172174
12ea12ea- -8.31915845859 1.06733337908 4.46694590046
12ea12ea-12ea -7.89319691169 0.651034845512 4.41537037428
12ea12ea-12ea-12ea -7.67979126027 0.404580518167 4.11715163685
12ea12ea-12ea-12ea- -7.68926527579 0.37110493312 4.13750550598
12ea12ea-12ea12ea -7.69350291633 0.387228971157 4.14841404342
12ea12ea-12ea12ea- -7.68479679807 0.414324626598 4.14232747083
12ea12ea12ea -7.87576462402 0.632183580036 4.41645064131
12ea12ea12ea-12ea -7.67509873128 0.40907631264 4.1368605028
12ea12ea12ea-12ea- -7.68520787212 0.380686312805 4.14340645977
12ea12ea12ea12ea -7.67917643 0.369488614701 4.1324776768
12ea12ea12ea12ea- -7.67740225669 0.400731070515 4.1136110424
12ee -9.51498028412 1.98123451603 4.47737257228
12ee12ee -8.65032411596 0.892952253757 4.28218977228
12ee12ee- -8.45243023726 0.558901184062 4.43578080207
12ee12ee-12ee -8.09448423874 0.300859678893 4.24785651061
12ee12ee-12ee-12ee- -8.08705795583 0.198680002164 4.19977415193
12ee12ee-12ee12ee -7.97360212935 0.122074927656 4.08201466799
12ee12ee-12ee12ee- -7.91131446044 0.113977697485 4.04353044195
12ee12ee12ee -8.3429662241 0.544242698076 4.25346245902
12ee12ee12ee-12ee -7.97359103231 0.122070191701 4.08200661021
12ee12ee12ee-12ee- -8.03703193011 0.115774852213 4.1233328881
12ee12ee12ee12ee -8.21190552136 0.347349241887 4.23763591812
12ee12ee12ee12ee- -8.08703999237 0.198663561958 4.19974640545
12ef -9.29876084234 2.05634563067 4.51036942266
12ef12ef -8.15076380606 0.94015980884 4.16666429567
12ef12ef- -8.20760743934 0.812057113396 4.41575012607
12ef12ef-12ef -7.71264951686 0.452913162459 4.11409191569
12ef12ef-12ef-12ef -7.46477544206 0.191571074695 3.81012322355
12ef12ef-12ef-12ef- -7.50472271776 0.115730953572 3.83016493793
12ef12ef-12ef12ef -7.51868203709 0.186529063026 3.84886342337
12ef12ef-12ef12ef- -7.53720312468 0.150706781452 3.8186472032
12ef12ef12ef -7.7591531904 0.454129425503 4.15160832963
12ef12ef12ef-12ef -7.53352641264 0.176032153645 3.82813719293
12ef12ef12ef-12ef- -7.57515553132 0.092175284972 3.83385270538
12ef12ef12ef12ef -7.58621095628 0.168047618576 3.86564118056
12ef12ef12ef12ef- -7.60910160403 0.131948560223 3.82854537947
12ei -9.27097397824 2.21764829242 4.49268565714
12ei12ei -8.34090605556 1.42726835113 4.39714159658
12ei12ei- -8.12237199698 1.18734101755 4.44872997515
12ei12ei-12ei -7.69839225375 0.787086471719 4.33203300475
12ei12ei-12ei-12ei -7.59667019952 0.673560475481 4.19187474606
12ei12ei-12ei-12ei- -7.71227471335 0.742796038475 4.33148043211
12ei12ei-12ei12ei -7.5766859095 0.612855490103 4.1636266228
12ei12ei-12ei12ei- -7.50828182331 0.57937071919 4.08718394387
12ei12ei12ei -7.99692898663 1.09255554161 4.38584813793
12ei12ei12ei-12ei -7.54954971672 0.632171486291 4.14131245502
12ei12ei12ei-12ei- -7.64815394767 0.709641117916 4.26827184674
12ei12ei12ei12ei -7.84428740514 0.911992878836 4.37950811802
12ei12ei12ei12ei- -7.69823144084 0.806027766979 4.33183919785
12el -8.8614885335 2.09954744637 4.38764529326
12el12el -8.3327774498 1.15971614667 4.31042161648
12el12el- -7.8101545864 1.20778956022 4.38873335236
12el12el-12el -7.87247984377 0.527423085971 4.27973633486
12el12el-12el-12el -7.71856543085 0.334679571877 4.06584722216
12el12el-12el-12el- -7.68177604086 0.850277224462 4.32614595589
12el12el-12el12el -7.72739331721 0.365849902961 4.11023550989
12el12el-12el12el- -7.62774406252 0.310244849519 4.00566017092
12el12el12el -7.939561406 0.778350093091 4.30087151691
12el12el12el-12el -7.67917767473 0.368986032111 4.05266503222
12el12el12el-12el- -7.73380939057 0.515029481928 4.19740647668
12el12el12el12el -7.75740145415 0.562885170453 4.22418875751
12el12el12el12el- -7.642783059 0.524592367075 4.12777509313
12fa -8.87440426508 2.78508213292 6.79380232078
12fa12fa -7.76130971942 1.63671866041 5.15563405245
12fa12fa- -7.91820108515 1.45950059262 5.12201738823
12fa12fa-12fa -7.38182416812 1.07926061666 4.45661537902
12fa12fa-12fa-12fa -7.20378169555 0.795777699136 4.10554125212
12fa12fa-12fa-12fa- -7.31282039614 0.689904380429 4.12684113323
12fa12fa-12fa12fa -7.1039041229 0.854826136309 4.1190440255
12fa12fa-12fa12fa- -7.22500284584 0.70200929897 4.08449173958
12fa12fa12fa -7.26868598702 1.14802073583 4.46645558989
12fa12fa12fa-12fa -7.13204241618 0.797171256274 4.07634558246
12fa12fa12fa-12fa- -7.23510842657 0.690736202241 4.08649251334
12fa12fa12fa12fa -7.01591949498 0.891464841793 4.10230953122
12fa12fa12fa12fa- -7.13572268604 0.746441338557 4.05328098589
12fe -9.2322115104 1.93463940829 4.47598956487
12fe12fe -8.06205028092 0.984512258492 4.34714443397
12fe12fe- -8.20774420348 0.812017968109 4.41571107261
12fe12fe-12fe -7.68346532807 0.488819442294 4.13933312153
12fe12fe-12fe-12fe -7.54693707905 0.25561145388 3.86306714302
12fe12fe-12fe-12fe- -7.60908414877 0.131935090073 3.82852360975
12fe12fe-12fe12fe -7.42991533773 0.286601938816 3.86125600342
12fe12fe-12fe12fe- -7.53719701371 0.150685297538 3.81862434881
12fe12fe12fe -7.61456153059 0.522804896325 4.18070243148
12fe12fe12fe-12fe -7.4825935604 0.188720375134 3.83143191921
12fe12fe12fe-12fe- -7.57523771973 0.0923415493401 3.83402375651
12fe12fe12fe12fe -7.40202871776 0.260256840417 3.8781241378
12fe12fe12fe12fe- -7.50477768085 0.115873432837 3.83028489405
12ff -9.12443401846 2.5765926937 6.60561470151
12ff12ff -7.91592259261 1.36378707293 4.97708437333
12ff12ff- -8.07700118442 1.1581187405 4.9846207196
12ff12ff-12ff -7.48227425117 0.829127567722 4.26884600049
12ff12ff-12ff-12ff -7.26626113754 0.528012026796 3.89310959157
12ff12ff-12ff-12ff- -7.39902220732 0.37971708888 3.89182956743
12ff12ff-12ff12ff -7.23554365142 0.588460508471 3.93214362671
12ff12ff-12ff12ff- -7.37844139602 0.420979301103 3.90122002337
12ff12ff12ff -7.47354095885 0.840630077523 4.29929265079
12ff12ff12ff-12ff -7.31431279253 0.490265954314 3.91008286916
12ff12ff12ff-12ff- -7.43578531423 0.336576149629 3.895677403
12ff12ff12ff12ff -7.26192838206 0.550223708236 3.93166645748
12ff12ff12ff12ff- -7.39902216853 0.379717659785 3.89183003175
12fi -8.89434430288 2.84972888563 6.83335075808
12fi12fi -7.83485953208 1.87064277996 5.29154622279
12fi12fi- -7.81358060122 1.558573895 5.07602074741
12fi12fi-12fi -7.26584451918 1.18866994264 4.39545583149
12fi12fi-12fi-12fi -7.23650080659 1.06510482325 4.2538274921
12fi12fi-12fi-12fi- -7.48893763744 1.09505828109 4.4443617331
12fi12fi-12fi12fi -7.03575824423 1.02498586303 4.12018480924
12fi12fi-12fi12fi- -7.11036163044 0.812372579114 4.01322053577
12fi12fi12fi -7.36764807569 1.45065856217 4.66496423668
12fi12fi12fi-12fi -7.06913408556 0.952924192882 4.07856545874
12fi12fi12fi-12fi- -7.27243276629 0.952291858952 4.2098417045
12fi12fi12fi12fi -7.16786380532 1.25956533169 4.36605780707
12fi12fi12fi12fi- -7.13921974567 0.953356629511 4.1169440363
12fl -8.85675924855 2.75099852997 6.46651890932
12fl12fl -7.53704699206 1.66961297644 4.91793493481
12fl12fl- -7.64518947311 1.52280953511 4.92020356287
12fl12fl-12fl -7.18004087052 1.10572177245 4.24986962203
12fl12fl-12fl-12fl -7.24182573994 0.671021415293 3.9659297546
12fl12fl-12fl-12fl- -7.35408051774 0.554151045167 3.97300100424
12fl12fl-12fl12fl -6.90773344364 0.894099857976 3.90959178543
12fl12fl-12fl12fl- -7.01542934478 0.770711947764 3.8847344718
12fl12fl12fl -7.03930923967 1.2441560472 4.26798252932
12fl12fl12fl-12fl -6.92131258706 0.87567350746 3.90042886832
12fl12fl12fl-12fl- -7.40443192182 0.48724964337 3.97005097461
12fl12fl12fl12fl -6.78503266984 1.01828961064 3.90788976491
12fl12fl12fl12fl- -6.87285308859 0.906395673877 3.86462497036
12ia -9.09690255981 3.01629801857 7.20160744432
12ia12ia -7.933696578 1.93624768196 5.46083028235
12ia12ia- -7.89607130626 1.85164506099 5.39703498923
12ia12ia-12ia -7.42364226398 1.38951390389 4.69158934686
12ia12ia-12ia-12ia -7.18528597056 1.15833017891 4.3311587877
12ia12ia-12ia-12ia- -7.17963744751 1.20301579458 4.37104139584
12ia12ia-12ia12ia -7.18948638705 1.16910147437 4.3641495886
12ia12ia-12ia12ia- -7.19349420073 1.13738693545 4.34096496463
12ia12ia12ia -7.445166366 1.49305480669 4.78203947198
12ia12ia12ia-12ia -7.18062811325 1.15849094881 4.34870839747
12ia12ia12ia-12ia- -7.1321448975 1.1469350816 4.31545177661
12ia12ia12ia12ia -7.19225721932 1.25177354402 4.41096441951
12ia12ia12ia12ia- -7.16932005625 1.18169595389 4.33911777618
12ie -9.27097434722 2.21764842403 4.4926858435
12ie12ie -8.34091494042 1.42727356765 4.3971589799
12ie12ie- -8.12239470916 1.18733755428 4.44871291656
12ie12ie-12ie -7.69838753774 0.787100924921 4.33203809671
12ie12ie-12ie-12ie -7.59777711709 0.67439206484 4.19308473896
12ie12ie-12ie-12ie- -7.69828857955 0.806100545959 4.33192240363
12ie12ie-12ie12ie -7.54952644064 0.632169905422 4.14129306149
12ie12ie-12ie12ie- -7.50829423786 0.579338964751 4.08718916631
12ie12ie12ie -7.99688499861 1.09251620908 4.38563407877
12ie12ie12ie-12ie -7.57669528592 0.612829668175 4.16361528756
12ie12ie12ie-12ie- -7.64816099606 0.709714820133 4.26830563248
12ie12ie12ie12ie -7.84434526536 0.912091180209 4.37947517799
12ie12ie12ie12ie- -7.71224378206 0.742769136903 4.33144695021
12if -8.97794610186 2.8366140725 6.80969135857
12if12if -8.09510403386 1.93362375052 5.47813670855
12if12if- -7.81358049591 1.55857386758 5.07602065991
12if12if-12if -7.31603268361 1.14239944733 4.38473109074
12if12if-12if-12if -7.07972524255 0.917735158108 4.05235827547
12if12if-12if-12if- -7.13921973645 0.953356633028 4.11694402986
12if12if-12if12if -7.18581800796 0.968975372 4.16195786255
12if12if-12if12if- -7.11036162554 0.812372558645 4.01322051827
12if12if12if -7.77751222706 1.55407012415 4.95476873334
12if12if12if-12if -7.22695478065 0.942040056228 4.16877417112
12if12if12if-12if- -7.27243284728 0.952291912698 4.20984179935
12if12if12if12if -7.64936975689 1.3586151125 4.70243645986
12if12if12if12if- -7.48891133121 1.09492884044 4.44425955552
12ii -8.99313121618 3.07501413625 7.09946227419
12ii12ii -8.04527069844 2.31502570642 5.71907378356
12ii12ii- -7.71228893531 1.95960351677 5.30237294254
12ii12ii-12ii -7.28431648522 1.56067863175 4.66630547432
12ii12ii-12ii-12ii -7.19704777846 1.47100760982 4.52025144646
12ii12ii-12ii-12ii- -7.3166361962 1.64958637921 4.71594512005
12ii12ii-12ii12ii -7.15178314552 1.44481407686 4.46891160325
12ii12ii-12ii12ii- -7.07731824559 1.33291780208 4.35048737743
12ii12ii12ii -7.63674660244 1.98587770541 5.18583539757
12ii12ii12ii-12ii -7.15178188938 1.44481368449 4.46891072553
12ii12ii12ii-12ii- -7.22067710085 1.56490958914 4.59922688255
12ii12ii12ii12ii -7.4825207428 1.85885896761 4.95979509153
12ii12ii12ii12ii- -7.31663463888 1.64958745402 4.71594581607
12il -9.21290067281 2.83245725936 7.03460141135
12il12il -8.12939162504 1.82082986137 5.4221459543
12il12il- -7.85484862988 1.692807861 5.21528864381
12il12il-12il -7.48322481756 1.13181923167 4.50145539647
12il12il-12il-12il -7.32768020551 0.946383955234 4.22932956842
12il12il-12il-12il- -7.25234852497 1.19346282091 4.34333330988
12il12il-12il12il -7.31755238834 0.959407830473 4.25363729806
12il12il-12il12il- -7.2503116471 1.01408698775 4.26377361646
12il12il12il-12il -7.31819187287 1.08311200528 4.35067230041
12il12il12il-12il- -7.28636331368 0.986132365095 4.2509497569
12il12il12il12il -7.55353730793 1.23561745574 4.5817492943
12il12il12il12il- -7.3985169353 1.11054725654 4.39589357579
12la -8.73461651596 2.91575761221 6.7347629733
12la12la -7.69311317496 1.76867089901 5.17931002014
12la12la- -7.53509953464 1.83718137449 5.1394181616
12la12la-12la -7.13640917252 1.26790473662 4.42728370225
12la12la-12la-12la -6.83749439867 1.01736937021 4.03571627016
12la12la-12la-12la- -6.71806320723 1.11633000327 4.04629814938
12la12la-12la12la -6.96123623458 1.00527790104 4.13103785415
12la12la-12la12la- -6.86432860256 1.07838946787 4.10273366687
12la12la12la -7.27505481826 1.31173374684 4.55201050285
12la12la12la-12la -6.94893009223 1.03010220392 4.13172983826
12la12la12la-12la- -6.83611871554 1.12711722015 4.12958900852
12la12la12la12la -6.7141432051 1.1045985138 4.03873269867
12la12la12la12la- -6.70119401346 1.11789208345 4.02064379016
12le -9.07193522519 2.15355163363 4.50801083393
12le12le -8.40098157685 1.51359558212 4.4342997298
12le12le- -7.81023506599 1.20785008909 4.38871232727
12le12le-12le -7.79733063522 0.79476541835 4.36067567244
12le12le-12le-12le- -7.6428245085 0.524360795436 4.12764578274
12le12le-12le12le -7.75120229579 0.6963948402 4.26168646645
12le12le-12le12le- -7.62771755956 0.310298955521 4.00564144084
12le12le12le -8.19137677429 1.21273069651 4.42179367007
12le12le12le-12le -7.71790675184 0.608204778295 4.21563121189
12le12le12le-12le- -7.73367374077 0.514786840752 4.19717572036
12le12le12le12le -8.10373533228 1.02866180691 4.41542506455
12le12le12le12le- -7.56740326661 0.688053961351 4.17529301928
12lf -8.93036247186 2.72507657544 6.58783002192
12lf12lf -8.38945017634 2.02062469618 5.68445603178
12lf12lf- -7.64518918264 1.52280999974 4.92020360064
12lf12lf-12lf -7.23536265369 1.02076224772 4.22279721433
12lf12lf-12lf-12lf -7.24189098685 0.693638051955 3.97727640585
12lf12lf-12lf-12lf- -6.87285307551 0.906395723627 3.86462498506
12lf12lf-12lf12lf -7.2290832475 0.701313795313 3.99491936361
12lf12lf-12lf12lf- -7.01538809522 0.770637305982 3.8846391865
12lf12lf12lf -7.49355043522 0.980679901929 4.39296489113
12lf12lf12lf-12lf -7.26734618402 0.632187579192 3.96406928423
12lf12lf12lf-12lf- -7.52508155882 0.541279521654 4.06903130069
12lf12lf12lf12lf -7.30465603264 0.687926491267 4.03612071648
12lf12lf12lf12lf- -7.35412587569 0.553901110493 3.97287085263
12li -8.75820310958 2.97102152163 6.7685456916
12li12li -7.92160846337 2.13096122798 5.52532548478
12li12li- -7.85485989332 1.69281800559 5.2153064216
12li12li-12li -7.39847085428 1.18975988811 4.49343573969
12li12li-12li-12li -7.26821287827 0.991743484012 4.2261849391
12li12li-12li-12li- -7.3764069175 1.10475637228 4.38669269907
12li12li-12li12li -7.20141897757 0.915275288658 4.15296114625
12li12li-12li12li- -7.2503133001 1.01408978963 4.26377688805
12li12li12li -7.39847147668 1.18975253536 4.4934301839
12li12li12li-12li -7.20142817738 0.915258853055 4.15295815478
12li12li12li-12li- -7.28636567378 0.986131033309 4.25095027762
12li12li12li12li -7.20142037326 0.915297287345 4.15297732258
12li12li12li12li- -7.265728043 0.986158065571 4.22422537949
12ll -8.62880979627 2.85855539007 6.4927529161
12ll12ll -8.21904202932 1.9899148515 5.56216699317
12ll12ll- -7.22458488582 1.89232369707 4.88771288317
12ll12ll-12ll -7.76630792118 1.41421521919 4.8962802761
12ll12ll-12ll-12ll -7.53722678878 0.948170814401 4.3830670868
12ll12ll-12ll-12ll- -7.66024753966 1.19028939948 4.6271693706
12ll12ll-12ll12ll -7.69560316765 1.28969859071 4.72559710802
12ll12ll-12ll12ll- -7.46839249292 1.1756003339 4.51967820194
12ll12ll12ll -7.98325589155 1.67981337227 5.1430934312
12ll12ll12ll-12ll -7.6416389848 1.21470671928 4.64973665429
12ll12ll12ll-12ll- -7.56413919234 1.22097442688 4.60383949236
12ll12ll12ll12ll -7.87972641522 1.4973599988 4.915887113
12ll12ll12ll12ll- -7.64969922627 1.30067354697 4.69889788059
2 -11.3840830214 3.33386906707 7.1821186199
22 -9.57246587493 1.9267920162 7.1128235142
22- -9.63013650537 1.93296033123 6.84466865942
22-2 -8.80934657445 1.15858557774 5.63341483588
22-2- -8.75789712162 1.16161225067 5.73758373846
22-2-2 -8.27869125494 0.683575588122 5.00113419377
22-2-2- -8.245281367 0.680136309837 5.07118336792
22-22 -8.30078887885 0.681392270484 4.96938341646
22-22- -8.33821005601 0.682337965251 4.92733943083
222 -8.71038154408 1.15637848228 5.8983212716
222- -8.75789739105 1.16161418174 5.73758296109
222-2 -8.30078585947 0.681387820156 4.96937938986
222-2- -8.26491172064 0.681158246885 5.00758721452
2222 -8.21201766246 0.675741731068 5.15842351754
2222- -8.24528113466 0.680141748815 5.07118622118
4aa -10.1737772097 2.29404185157 6.3780853488
4aa4aa -9.09642324426 1.49952100586 5.99459134156
4aa4aa- -9.09650463823 1.49971312799 5.99470663341
4aa4aa-4aa -8.67140025585 1.12985327421 5.48449460098
4aa4aa-4aa-4aa -8.470800728 0.9431978719 5.23541155968
4aa4aa-4aa-4aa- -8.47090446261 0.943357585792 5.23558360479
4aa4aa-4aa4aa -8.47948837473 0.938108823167 5.23234109976
4aa4aa-4aa4aa- -8.48023372797 0.93898336611 5.23341755411
4aa4aa4aa -8.6641260238 1.1399197103 5.49190200103
4aa4aa4aa-4aa -8.47078778054 0.943133639641 5.23538261037
4aa4aa4aa-4aa- -8.47066133274 0.943142595407 5.23524120392
4aa4aa4aa4aa -8.45696064989 0.940526982381 5.22940840104
4aa4aa4aa4aa- -8.48023746284 0.938986212441 5.23342274931
4ae -9.61961566505 1.46149924239 4.41987768577
4ae4ae -9.18321257702 1.05653341405 4.21770318573
4ae4ae- -9.10715424708 1.09724902064 4.22268088123
4ae4ae-4ae -8.79893091089 0.831188400547 4.21775108038
4ae4ae-4ae-4ae -8.67705382499 0.658499793927 4.21009853131
4ae4ae-4ae-4ae- -8.69028469146 0.661709486724 4.20962472901
4ae4ae-4ae4ae -8.66581191857 0.677420138462 4.21256408342
4ae4ae-4ae4ae- -8.65553589436 0.678745454953 4.21510912199
4ae4ae4ae -8.86655105952 0.79273491512 4.21033029948
4ae4ae4ae-4ae -8.67395324353 0.660209259794 4.21348039486
4ae4ae4ae-4ae- -8.68623420159 0.658695075648 4.2128550124
4ae4ae4ae4ae -8.71328027877 0.642872715515 4.20831428208
4ae4ae4ae4ae- -8.70015821371 0.643009923667 4.20809111085
4af -9.21861819695 2.12081928775 5.9540072955
4af4af -8.76628104609 1.4048972671 5.51829604988
4af4af- -8.7142852646 1.44986660681 5.53240368829
4af4af-4af -8.47821708376 1.09867016878 5.18717170344
4af4af-4af-4af -8.4133092481 0.901621061253 5.02971060482
4af4af-4af-4af- -8.38306393497 0.929884636003 5.03250826981
4af4af-4af4af -8.37921294721 0.879680867129 4.98892820877
4af4af-4af4af- -8.33532698298 0.921986998615 4.99195366129
4af4af4af -8.4432065265 1.04201681985 5.14836168707
4af4af4af-4af -8.288656196 0.916402762128 4.97545359794
4af4af4af-4af- -8.26163131003 0.936225629253 4.97376649347
4af4af4af4af -8.27563478553 0.844134602388 4.93971588183
4af4af4af4af- -8.2386103263 0.887648792036 4.94682210274
4ai -9.53906421982 2.3327151444 6.18448502769
4ai4ai -9.00931808593 1.79289671593 5.89708962789
4ai4ai- -8.9868578686 1.79131440581 5.92307213206
4ai4ai-4ai -8.64113596399 1.5291952739 5.614306618
4ai4ai-4ai-4ai -8.49491274939 1.38252357834 5.44400813941
4ai4ai-4ai-4ai- -8.4896714426 1.374757074 5.43505572239
4ai4ai-4ai4ai -8.48727144744 1.38450291362 5.43334428722
4ai4ai-4ai4ai- -8.48251816134 1.38227518056 5.4315058695
4ai4ai4ai -8.66530991804 1.52500166019 5.62513712139
4ai4ai4ai-4ai -8.48880773503 1.37338660989 5.44029792763
4ai4ai4ai-4ai- -8.49431148793 1.37903641501 5.44428290456
4ai4ai4ai4ai -8.50530160796 1.37723685089 5.45536995166
4ai4ai4ai4ai- -8.49595376709 1.36728887498 5.44740564981
4al -8.93503598034 2.26140787491 5.91052338387
4ea -9.61929136084 1.46125474038 4.41961063745
4ea4ea -9.18323411276 1.05656883708 4.21762440638
4ea4ea- -9.10721102932 1.09728489758 4.22272111267
4ea4ea-4ea -8.79894443738 0.831134645484 4.21774731678
4ea4ea-4ea-4ea -8.67695580938 0.655572165546 4.21241645686
4ea4ea-4ea-4ea- -8.70684864391 0.646745645186 4.21176156257
4ea4ea-4ea4ea -8.67867639824 0.663111913701 4.21474495436
4ea4ea-4ea4ea- -8.65552081267 0.678617735255 4.21514855983
4ea4ea4ea -8.86647699428 0.792663576683 4.21016747603
4ea4ea4ea-4ea -8.6619354901 0.67393406197 4.21364301243
4ea4ea4ea-4ea- -8.68422478521 0.655258261046 4.21312242151
4ea4ea4ea4ea -8.71316865256 0.642614417684 4.20827223336
4ea4ea4ea4ea- -8.68383177321 0.652225818391 4.20950990301
4ee -9.30821621012 0.851550355978 4.40334095363
4ee4ee -9.1374456153 0.541261348882 4.21289108633
4ee4ee4ee -8.93255732496 0.36308084075 4.20420289088
4ee4ee4ee4ee -8.82152228967 0.257428314538 4.19844620426
4ef -8.91818223703 1.54684990781 4.44505454562
4ef4ef -8.71318773686 1.11163912952 4.24442268856
4ef4ef- -8.70002930559 1.27983260073 4.31082041245
4ef4ef-4ef -8.64220895859 0.858230610344 4.18811064798
4ef4ef-4ef-4ef -8.55802231462 0.635479121117 4.1804095772
4ef4ef-4ef-4ef- -8.51958938503 0.72771707355 4.26383414897
4ef4ef-4ef4ef- -8.53750702437 0.818192191948 4.29074792918
4ef4ef4ef -8.52829309346 0.822288847974 4.23825505479
4ef4ef4ef-4ef -8.49246596199 0.848700872611 4.23537613116
4ef4ef4ef-4ef- -8.45326852636 0.857044889311 4.23586978855
4ef4ef4ef4ef -8.42421112132 0.654402174969 4.23402483192
4ef4ef4ef4ef- -8.39976520157 0.761972654822 4.2335096645
4ei -9.16252418885 1.60046299428 4.43382294433
4ei4ei -9.00455922009 1.41303507596 4.30369858125
4ei4ei- -9.00490548528 1.41314282692 4.30365303968
4ei4ei-4ei -8.85524049437 1.30781200432 4.29867653543
4ei4ei-4ei-4ei -8.78359131189 1.20985116291 4.29511637504
4ei4ei-4ei-4ei- -8.77469499027 1.17840120233 4.29630891286
4ei4ei-4ei4ei -8.77890891547 1.20498751234 4.29287281605
4ei4ei-4ei4ei- -8.79287354034 1.24010646842 4.29314417593
4ei4ei4ei -8.84580611139 1.28100048128 4.29862776167
4ei4ei4ei-4ei -8.7930056851 1.24000325269 4.29307294491
4ei4ei4ei-4ei- -8.78085204706 1.20955686994 4.29504119441
4ei4ei4ei4ei -8.7747139002 1.17844105487 4.29630820939
4ei4ei4ei4ei- -8.77292893552 1.17591535776 4.29626598558
4el -8.69789421409 1.67197108346 4.44654855111
4fa -9.21862533238 2.12080172468 5.95399869469
4fa4fa -8.76651295503 1.4048114867 5.51841191321
4fa4fa- -8.85689542554 1.39217880887 5.54540539791
4fa4fa-4fa -8.47820620701 1.09866791618 5.18716463991
4fa4fa-4fa-4fa -8.41330374244 0.901596940624 5.02969379505
4fa4fa-4fa-4fa- -8.5882359608 0.810302615565 5.06421260192
4fa4fa-4fa4fa -8.28865673032 0.916406049614 4.97545533736
4fa4fa-4fa4fa- -8.40859189381 0.860570925779 4.99559444507
4fa4fa4fa -8.44320172612 1.04199081412 5.14834574981
4fa4fa4fa-4fa -8.37921873848 0.879672229725 4.98892737331
4fa4fa4fa-4fa- -8.55245249704 0.791924876356 5.03636828149
4fa4fa4fa4fa -8.27560676156 0.844491645303 4.93990660161
4fa4fa4fa4fa- -8.39148082335 0.78684042609 4.95775058385
4fe -8.91721422585 1.54751676861 4.44489006847
4fe4fe -8.71318276926 1.11162619528 4.24470877915
4fe4fe- -8.78875216794 1.06926530435 4.30134911133
4fe4fe-4fe -8.66060631828 0.893431996461 4.19075869616
4fe4fe-4fe-4fe -8.56041580652 0.623832327932 4.17846883702
4fe4fe-4fe-4fe- -8.64312394538 0.593242780636 4.25859194032
4fe4fe-4fe4fe -8.5040556389 0.75314394202 4.18693437902
4fe4fe-4fe4fe- -8.64120892186 0.682723737142 4.18931473383
4fe4fe4fe -8.52832817299 0.822263757227 4.23827016627
4fe4fe4fe-4fe -8.58170969623 0.632952082288 4.16695869189
4fe4fe4fe-4fe- -8.66737653872 0.497333673005 4.17860288511
4fe4fe4fe4fe -8.42422574147 0.654345832291 4.23393741609
4fe4fe4fe4fe- -8.56790640259 0.618280417418 4.24015755066
4ff -8.5207665032 1.89240058069 5.43044530657
4ff4ff -8.25709523846 1.23695652074 4.98593444277
4ff4ff- -8.4721672107 1.16055046775 5.11865271094
4ff4ff-4ff -8.32372543828 0.840917996887 4.83709575794
4ff4ff-4ff-4ff -8.28184636206 0.657791849356 4.65535756493
4ff4ff-4ff-4ff- -8.34554366556 0.614495160679 4.63679492933
4ff4ff-4ff4ff -8.16778505903 0.654554318732 4.62389919443
4ff4ff-4ff4ff- -8.30295056775 0.583243634173 4.68669773397
4ff4ff4ff -8.05228919411 0.877230713287 4.65257761804
4ff4ff4ff-4ff -8.16609132458 0.643354508239 4.62077416138
4ff4ff4ff-4ff- -8.2180405747 0.609854096538 4.61193719084
4ff4ff4ff4ff -7.93720424985 0.670221540075 4.46352107185
4ff4ff4ff4ff- -8.07215861601 0.635669587789 4.52525913297
4fi -8.74086989382 2.13671120329 5.70541933121
4fi4fi -8.54263428522 1.71636980158 5.42247530759
4fi4fi- -8.61273453238 1.5972703037 5.39151137338
4fi4fi-4fi -8.42858821531 1.51470989598 5.26365019714
4fi4fi-4fi-4fi -8.37042186309 1.30895520853 5.10646428073
4fi4fi-4fi-4fi- -8.47133556743 1.18088790007 5.07891572818
4fi4fi-4fi4fi -8.30436439834 1.41046734042 5.14046598584
4fi4fi-4fi4fi- -8.42012052256 1.33559937435 5.14947178218
4fi4fi4fi -8.33139841948 1.42948058919 5.17024298046
4fi4fi4fi-4fi -8.37834223774 1.33614719674 5.12887435202
4fi4fi4fi-4fi- -8.48250096321 1.210175093 5.10511919917
4fi4fi4fi4fi -8.23748109435 1.29931940065 5.05420284321
4fi4fi4fi4fi- -8.38114678725 1.29460431101 5.12767109918
4fl -8.29872182507 2.03373566573 5.40534564844
4ia -9.53905381919 2.33272098635 6.18448320256
4ia4ia -9.00925328123 1.79282860353 5.8970611685
4ia4ia- -8.98684349905 1.79131011451 5.92307136957
4ia4ia-4ia -8.64085200262 1.52863369449 5.61392482619
4ia4ia-4ia-4ia -8.49488811576 1.3825305545 5.444001287
4ia4ia-4ia-4ia- -8.49568297499 1.36739183385 5.44733184488
4ia4ia-4ia4ia -8.48870887188 1.37358312183 5.44035697758
4ia4ia-4ia4ia- -8.48253283082 1.38231306084 5.43153242437
4ia4ia4ia -8.66531343575 1.52501205978 5.62514423809
4ia4ia4ia-4ia -8.48727027406 1.38449193135 5.43333776934
4ia4ia4ia-4ia- -8.49458280785 1.37928187905 5.44456531286
4ia4ia4ia4ia -8.50530136871 1.37723490148 5.45536876697
4ia4ia4ia4ia- -8.48967100502 1.37475608405 5.43505493451
4ie -9.16257717017 1.60051145351 4.43387837929
4ie4ie -9.00462782932 1.41304473138 4.30369551584
4ie4ie- -9.00488683234 1.41303346601 4.30369178234
4ie4ie-4ie -8.85070272687 1.309730763 4.29773724526
4ie4ie-4ie-4ie -8.77819707105 1.20497068743 4.29267599365
4ie4ie-4ie-4ie- -8.78363971416 1.20999362019 4.29519699192
4ie4ie-4ie4ie -8.78133315632 1.20917836784 4.29494941128
4ie4ie-4ie4ie- -8.79196073553 1.24050088749 4.29304594275
4ie4ie4ie -8.84532879702 1.28037787111 4.29858858135
4ie4ie4ie-4ie -8.79302166834 1.23999856115 4.29307728444
4ie4ie4ie-4ie- -8.77853962669 1.20517063503 4.29280633725
4ie4ie4ie4ie -8.7746026143 1.17819512009 4.29633895415
4ie4ie4ie4ie- -8.7727754958 1.1758215674 4.29626779591
4if -8.74087181182 2.13671023269 5.7054210427
4if4if -8.5426487674 1.71638069832 5.42248692865
4if4if- -8.5475094213 1.75502171359 5.47305107671
4if4if-4if -8.4285946591 1.51471748087 5.26365552309
4if4if-4if-4if -8.37042893841 1.30895743753 5.10646791786
4if4if-4if-4if- -8.31939288936 1.27793199425 5.07796296327
4if4if-4if4if -8.37878979911 1.33616884189 5.12903254757
4if4if-4if4if- -8.36261031214 1.41108178149 5.15634067817
4if4if4if -8.33137672985 1.42944467944 5.17021862861
4if4if4if-4if -8.3045176457 1.4106765713 5.14061821992
4if4if4if-4if- -8.26044692114 1.40914475864 5.12352007896
4if4if4if4if -8.23747887014 1.29932359503 5.05420347729
4if4if4if4if- -8.2233742403 1.35573657065 5.076063048
4ii -9.00938875894 2.35790128483 5.95927377162
4ii4ii -8.93750211557 2.22627877999 5.78620827535
4ii4ii4ii -8.76145669118 2.10280225761 5.60155285933
4ii4ii4ii4ii -8.77571022931 2.02905702837 5.56062986259
4il -8.50189129529 2.271479194 5.67070914616
4la -8.93504723134 2.26140248347 5.91052681621
4la4la- -8.48437490091 1.64729866375 5.50443840293
4la4la-4la-4la- -8.03490280335 1.15374944443 4.96455392788
4le -8.69730579999 1.67292388868 4.44707933421
4le4le- -8.44434016989 1.41755230385 4.30771868892
4le4le-4le-4le- -8.18372347954 0.987649496222 4.23964382163
4lf -8.29870884819 2.03374215639 5.40534009868
4lf4lf- -7.991609568 1.67868901913 5.10321136299
4lf4lf-4lf-4lf- -7.77124695295 1.06186199646 4.61704106118
4li -8.50188200996 2.27148381914 5.67070623864
4li4li- -8.31873731026 1.9385234945 5.44840502879
4li4li-4li-4li- -8.05174376689 1.66908634702 5.12296773114
4ll -8.07721102782 2.15892567216 5.36040872105
Using multi
