1111 -8.72838089338 -1.89804981495 2.88346976827
1111- -8.90788128517 -2.02355159457 2.91803432487
1111-11- -8.52955645851 -2.95890604363 1.82249234002
1111-11-11 -8.47541206598 -2.63504536208 2.21480408385
1111-11-11- -8.45538626008 -3.15028490982 1.73081220117
1111-1111 -8.53792827257 -3.18402890497 1.74547298061
1111-1111- -8.47550447527 -2.63509068102 2.21486571209
111111 -8.40568144133 -2.90613693586 1.77314370287
111111- -8.52995528714 -2.95924326873 1.82256257531
111111-11 -8.53793810069 -3.1839427523 1.74555755192
111111-11- -8.43695788681 -3.58274119792 1.26054466632
11111111 -8.46967419334 -3.15266165068 1.73143063167
11111111- -8.45552027251 -3.15088601955 1.73033716083
12aa -7.93659301044 1.75023812666 6.50419549397
12aa12aa -6.76535868011 0.777107499982 4.67322894365
12aa12aa- -6.78049952334 0.764426079845 4.67732621041
12aa12aa-12aa -6.32045915718 0.387517476906 3.99794350532
12aa12aa-12aa-12aa -6.07296940142 0.200135089549 3.65225640411
12aa12aa-12aa-12aa- -6.05859865671 0.216286780606 3.6596123201
12aa12aa-12aa12aa -6.07676471202 0.195499897074 3.6705327553
12aa12aa-12aa12aa- -6.08996032331 0.182362546816 3.66592791635
12aa12aa12aa -6.28973060949 0.418452067751 4.01110042775
12aa12aa12aa-12aa -6.07676454516 0.195499847057 3.67053260074
12aa12aa12aa-12aa- -6.06353065433 0.208557677818 3.67501533677
12aa12aa12aa12aa -6.04424487249 0.23140732889 3.66653004794
12aa12aa12aa12aa- -6.05859842694 0.216286658985 3.65961205168
12ae -7.78015092125 1.11109690782 5.90316390365
12ae12ae -6.77349493104 0.300004857432 4.26761466841
12ae12ae- -6.78220884128 0.291763560607 4.28471766983
12ae12ae-12ae -6.37264046554 -0.0252515648826 3.68396068916
12ae12ae-12ae-12ae -6.15907440511 -0.201002148878 3.38030230136
12ae12ae-12ae-12ae- -6.15242468612 -0.190803093404 3.3853565735
12ae12ae-12ae12ae -6.15755711948 -0.203308507858 3.39660575986
12ae12ae-12ae12ae- -6.16742612092 -0.20773411329 3.39568644912
12ae12ae12ae -6.36467239573 -0.0316017112538 3.71340603042
12ae12ae12ae-12ae -6.17564614278 -0.223456502367 3.41053699916
12ae12ae12ae-12ae- -6.16636682829 -0.219523673524 3.41226312746
12ae12ae12ae12ae -6.1624338203 -0.219377987313 3.41165173384
12ae12ae12ae12ae- -6.17240559485 -0.226895979454 3.40877145879
12af -7.48954607196 1.6944548446 6.02154837177
12af12af -6.43575369622 0.745305479749 4.35530562689
12af12af- -6.43529401774 0.673648346642 4.28543034601
12af12af-12af -5.9625337349 0.321480951739 3.6331810717
12af12af-12af-12af -5.68556706662 0.134565666548 3.28561140028
12af12af-12af-12af- -5.6879637564 0.125027109822 3.28045621351
12af12af-12af12af -5.73073649372 0.121306385118 3.3250865308
12af12af-12af12af- -5.75577566173 0.0657277565101 3.29896827842
12af12af12af -6.00908108156 0.343709171155 3.70778905482
12af12af12af-12af -5.77110262343 0.0747747159003 3.32012013593
12af12af12af-12af- -5.77233740515 0.0626855949419 3.31037991291
12af12af12af12af -5.79322957915 0.12221700648 3.36361245054
12af12af12af12af- -5.82064028238 0.0605265256537 3.33642299815
12ai -7.58494723653 1.84680825187 6.27308482865
12ai12ai -6.48252389329 0.985506852283 4.59506542781
12ai12ai- -6.43977828743 0.924519307035 4.51946999672
12ai12ai-12ai -5.97817052219 0.571188195785 3.85797862466
12ai12ai-12ai-12ai -5.73527116783 0.40690065829 3.53471530923
12ai12ai-12ai-12ai- -5.71793652013 0.435964604523 3.5479017359
12ai12ai-12ai12ai -5.72883203873 0.407837858707 3.55044202722
12ai12ai-12ai12ai- -5.74256086685 0.38197651625 3.53794831347
12ai12ai12ai -6.00470135667 0.660194058992 3.96277064957
12ai12ai12ai-12ai -5.74184204339 0.408379574076 3.56465914894
12ai12ai12ai-12ai- -5.69210476943 0.400623935558 3.52333703486
12ai12ai12ai12ai -5.74329663847 0.493919487064 3.62560491099
12ai12ai12ai12ai- -5.73455350828 0.443424645943 3.57693424887
12al -7.17503621887 1.75777313214 5.80603287048
12al12al -6.10982380482 0.905446641376 4.22703565686
12al12al- -6.15178234046 0.93382802219 4.28137414849
12al12al-12al -5.75283062683 0.536467943085 3.64462856344
12al12al-12al-12al -5.49955764084 0.315868015 3.2773816584
12al12al-12al-12al- -5.55021267026 0.420345028388 3.37430081269
12al12al-12al12al -5.47964346001 0.331035282834 3.29693754344
12al12al-12al12al- -5.49291829731 0.344094051046 3.31352390784
12al12al12al -5.62032732464 0.555863952553 3.5829676089
12al12al12al-12al -5.46841767512 0.35119685809 3.31731175221
12al12al12al-12al- -5.44245914008 0.406346322344 3.33759387483
12al12al12al12al -5.3495351884 0.378821215067 3.24298229788
12al12al12al12al- -5.36150149277 0.390461026359 3.25740557494
12ea -7.78014663753 1.11109664551 5.90315889848
12ea12ea -6.77343898919 0.299883378038 4.26746676913
12ea12ea- -6.78216987747 0.291714161884 4.28466175289
12ea12ea-12ea -6.37267734705 -0.0252035488587 3.68401994627
12ea12ea-12ea-12ea -6.15908081842 -0.200963865329 3.38033217622
12ea12ea-12ea-12ea- -6.17240037637 -0.226900891814 3.40876219911
12ea12ea-12ea12ea -6.17563430564 -0.223470088208 3.41051569526
12ea12ea-12ea12ea- -6.16728134487 -0.207739985569 3.39552712492
12ea12ea12ea -6.36467726774 -0.0315997275624 3.71341954887
12ea12ea12ea-12ea -6.15754036707 -0.203303406266 3.39659091168
12ea12ea12ea-12ea- -6.16640262084 -0.219512896512 3.41230649567
12ea12ea12ea12ea -6.16250037398 -0.21933254932 3.41175214291
12ea12ea12ea12ea- -6.15245396177 -0.190797769219 3.38538934968
12ee -7.80971056889 0.86208427459 5.69644730961
12ee12ee -6.98005105239 0.135765876617 4.27179080361
12ee12ee- -6.80697433347 -0.0982492146158 3.98180948569
12ee12ee-12ee -6.46757882604 -0.286846013492 3.53066051965
12ee12ee-12ee-12ee- -6.44789012914 -0.356807337757 3.50149964993
12ee12ee-12ee12ee -6.34647707187 -0.42211053343 3.35426745602
12ee12ee-12ee12ee- -6.29396414771 -0.431111922948 3.30366889479
12ee12ee12ee -6.6851010107 -0.0967785859779 3.8967408761
12ee12ee12ee-12ee -6.34646535403 -0.422113922476 3.35425542931
12ee12ee12ee-12ee- -6.40425772804 -0.421902059736 3.41582757617
12ee12ee12ee12ee -6.55592497617 -0.234980646907 3.6952468438
12ee12ee12ee12ee- -6.4478808539 -0.356822451383 3.5014770857
12ef -7.61299167431 1.06371557074 5.63715854693
12ef12ef -6.51562282643 0.28587585339 3.99518989749
12ef12ef- -6.55891506964 0.187721069704 3.98006465068
12ef12ef-12ef -6.08827909033 -0.079374813284 3.36711181522
12ef12ef-12ef-12ef -5.85616386158 -0.270419006691 3.06378202843
12ef12ef-12ef-12ef- -5.91194773017 -0.330213430263 3.09367550394
12ef12ef-12ef12ef -5.88753921958 -0.272893346694 3.10772733713
12ef12ef-12ef12ef- -5.91373011452 -0.325024885228 3.06969537464
12ef12ef12ef -6.12619209663 -0.0725708733145 3.44180493934
12ef12ef12ef-12ef -5.90892253644 -0.302165429729 3.08245152567
12ef12ef12ef-12ef- -5.96284742521 -0.369566283859 3.09754824714
12ef12ef12ef12ef -5.94194736403 -0.285800154404 3.13740185764
12ef12ef12ef12ef- -5.96552155052 -0.335755718658 3.08767815484
12ei -7.62013180206 1.15180828493 5.76956975584
12ei12ei -6.70045052657 0.612621183349 4.4418295676
12ei12ei- -6.51026953562 0.441426314932 4.16808770544
12ei12ei-12ei -6.0912874733 0.151788372425 3.58182035232
12ei12ei-12ei-12ei -5.9668295506 0.0840444957037 3.44063031811
12ei12ei-12ei-12ei- -6.06498976228 0.144396166626 3.59704220929
12ei12ei-12ei12ei -5.94790024947 0.0361026022069 3.40739476489
12ei12ei-12ei12ei- -5.89341924011 0.00218122730725 3.32503524457
12ei12ei12ei -6.35108963363 0.390826089454 4.01435074807
12ei12ei12ei-12ei -5.93291351968 0.0416925045749 3.385311339
12ei12ei12ei-12ei- -6.01632966307 0.108843977906 3.52605446035
12ei12ei12ei12ei -6.18419142848 0.275446776347 3.79894836462
12ei12ei12ei12ei- -6.06524656712 0.181007139059 3.60058168778
12el -7.31249386961 1.04722060207 5.34987816199
12el12el -6.6797342048 0.429708889671 4.26723263596
12el12el- -6.25771543834 0.481166845788 3.9757942721
12el12el-12el -6.21555617073 -0.0322293445093 3.52994555184
12el12el-12el-12el -6.04647947374 -0.171815701915 3.30609467509
12el12el-12el-12el- -6.03611872154 0.243958068791 3.60965096435
12el12el-12el12el -6.07286756776 -0.164728210324 3.3457854939
12el12el-12el12el- -5.98305478561 -0.202949247144 3.23887527014
12el12el12el -6.29042694713 0.154702328035 3.77487546491
12el12el12el-12el -6.02691010485 -0.159077358566 3.3011735926
12el12el12el-12el- -6.06976993785 -0.0164798291378 3.46011801836
12el12el12el12el -6.09568503066 0.00167329078837 3.51106491057
12el12el12el12el- -5.99127549367 -0.0286179218981 3.37605475208
12fa -7.43071397443 1.69196357798 5.95169599525
12fa12fa -6.31694974192 0.814947618913 4.32192717159
12fa12fa- -6.43529734569 0.673648199006 4.28543354074
12fa12fa-12fa -5.91086046352 0.378708342892 3.64569239663
12fa12fa-12fa-12fa -5.71885983018 0.156256588768 3.31857576559
12fa12fa-12fa-12fa- -5.82064068892 0.0605237887371 3.3364214601
12fa12fa-12fa12fa -5.63557852204 0.206103377182 3.33072372306
12fa12fa-12fa12fa- -5.7557754752 0.0657276522647 3.29896795582
12fa12fa12fa -5.83115156298 0.445528687583 3.66345148643
12fa12fa12fa-12fa -5.67133617597 0.161375191083 3.30119847033
12fa12fa12fa-12fa- -5.77233649423 0.0626844903817 3.31037820478
12fa12fa12fa12fa -5.57120805702 0.259050716012 3.32385464727
12fa12fa12fa12fa- -5.68796880831 0.125022456175 3.28045733937
12fe -7.58913228829 0.940612655078 5.5063900579
12fe12fe -6.4640829901 0.31925854598 4.02074002811
12fe12fe- -6.55900186028 0.187697130043 3.98010256096
12fe12fe-12fe -6.05936140129 -0.050250523203 3.38510367569
12fe12fe-12fe-12fe -5.90039969963 -0.219873691118 3.11483451431
12fe12fe-12fe-12fe- -5.96550734861 -0.335769674736 3.08765595594
12fe12fe-12fe12fe -5.81449988693 -0.202754031957 3.11047097255
12fe12fe-12fe12fe- -5.91373322248 -0.325049784135 3.06967710451
12fe12fe12fe -6.03122070648 -0.0154289821981 3.44793394326
12fe12fe12fe-12fe -5.87313548604 -0.279039047195 3.09151814688
12fe12fe12fe-12fe- -5.96290688845 -0.369428292485 3.09770486774
12fe12fe12fe12fe -5.81409658362 -0.204357719192 3.14218805678
12fe12fe12fe12fe- -5.91197621507 -0.330090124162 3.09378611622
12ff -7.50349038365 1.70079795533 6.0925168408
12ff12ff -6.27749646028 0.7710211026 4.23965784456
12ff12ff- -6.4140070082 0.610004317905 4.22845848419
12ff12ff-12ff -5.8479696677 0.347187227687 3.53939353261
12ff12ff-12ff-12ff -5.61664916036 0.108353555573 3.17968067049
12ff12ff-12ff-12ff- -5.73825694004 -0.0307298967605 3.18078268865
12ff12ff-12ff12ff -5.58178371547 0.163684851732 3.21667063067
12ff12ff-12ff12ff- -5.73021555231 -0.00149131327106 3.19036659153
12ff12ff12ff -5.82263636126 0.360977996325 3.56804729232
12ff12ff12ff-12ff -5.66617352643 0.0696014603283 3.20439384297
12ff12ff12ff-12ff- -5.78259108731 -0.0743685272588 3.19260488173
12ff12ff12ff12ff -5.5926464043 0.135236432535 3.21555934863
12ff12ff12ff12ff- -5.73825686836 -0.0307294012216 3.18078310382
12fi -7.35943409437 1.80966365802 6.01799465972
12fi12fi -6.26916310811 1.0741183392 4.48182081975
12fi12fi- -6.2396748771 0.828639401935 4.25305738825
12fi12fi-12fi -5.69488682104 0.556579200343 3.59972139342
12fi12fi-12fi-12fi -5.62634774348 0.454344608733 3.47168354276
12fi12fi-12fi-12fi- -5.87060667787 0.454393234064 3.6667698242
12fi12fi-12fi12fi -5.45065283128 0.441710733381 3.34463476824
12fi12fi-12fi12fi- -5.52803365742 0.25314851694 3.24238994767
12fi12fi12fi -5.79425225059 0.763384295363 3.87089557961
12fi12fi12fi-12fi -5.48506971427 0.384683452791 3.31362799673
12fi12fi12fi-12fi- -5.68270794192 0.356760478939 3.44444849499
12fi12fi12fi12fi -5.57235011949 0.642602103849 3.6004867061
12fi12fi12fi12fi- -5.55373081945 0.385286882551 3.35359636377
12fl -7.29113386284 1.79693104683 6.00005154271
12fl12fl -6.01609133585 0.978356816303 4.19284368486
12fl12fl- -6.09941413155 0.856129774354 4.16185070471
12fl12fl-12fl -5.6226750407 0.542149563206 3.51950211029
12fl12fl-12fl-12fl -5.60933869706 0.179351608191 3.23028480811
12fl12fl-12fl-12fl- -5.71381738169 0.0658494268936 3.23684200656
12fl12fl-12fl12fl -5.34843640484 0.37936949806 3.19913870742
12fl12fl-12fl12fl- -5.45573417018 0.256761084067 3.17677978999
12fl12fl12fl -5.51412665945 0.657651745362 3.54906438604
12fl12fl12fl-12fl -5.36003340132 0.364148696473 3.19271978861
12fl12fl12fl-12fl- -5.76768834606 0.0275150908389 3.25622569994
12fl12fl12fl12fl -5.24023837831 0.498367400588 3.20331028602
12fl12fl12fl12fl- -5.32846353943 0.38713536341 3.16142971184
12ia -7.5849511589 1.84680736915 6.27308771485
12ia12ia -6.4825385175 0.985470682604 4.59505428313
12ia12ia- -6.43978115719 0.92451549821 4.5194696979
12ia12ia-12ia -5.97817220759 0.571191547893 3.85798399803
12ia12ia-12ia-12ia -5.73527174251 0.406901548929 3.53471642998
12ia12ia-12ia-12ia- -5.73464334125 0.443498097903 3.57706688079
12ia12ia-12ia12ia -5.74175793639 0.408350756529 3.56456953591
12ia12ia-12ia12ia- -5.74256160588 0.381976848975 3.53794929769
12ia12ia12ia -6.00469405893 0.660184614533 3.96275748231
12ia12ia12ia-12ia -5.72879168814 0.407821599432 3.55039340372
12ia12ia12ia-12ia- -5.69210478044 0.400624099995 3.5233371475
12ia12ia12ia12ia -5.74337757165 0.493980695131 3.62572506486
12ia12ia12ia12ia- -5.71807722843 0.43605605804 3.54808847963
12ie -7.62013217356 1.15180841317 5.76957023729
12ie12ie -6.70046049734 0.612628868578 4.44184157006
12ie12ie- -6.51029146977 0.441422332923 4.16811225311
12ie12ie-12ie -6.09128302121 0.151799846948 3.58182549191
12ie12ie-12ie-12ie -5.9679407479 0.0848646720473 3.44217912075
12ie12ie-12ie-12ie- -6.06529384423 0.181069266936 3.60068150026
12ie12ie-12ie12ie -5.93289388113 0.0416906363577 3.38529260111
12ie12ie-12ie12ie- -5.89342537532 0.00215691383481 3.3250345169
12ie12ie12ie -6.35104942947 0.390804568607 4.01432066095
12ie12ie12ie-12ie -5.94791982206 0.0360720179744 3.40738901994
12ie12ie12ie-12ie- -6.01634295575 0.108906779024 3.52611004374
12ie12ie12ie12ie -6.18422631236 0.275525457575 3.79904449378
12ie12ie12ie12ie- -6.06495981658 0.144376068195 3.59699932335
12if -7.40263197001 1.81428384797 6.08142313241
12if12if -6.48304280157 1.10772622633 4.66389432964
12if12if- -6.23967479696 0.828639377968 4.2530572946
12if12if-12if -5.75136705837 0.510719948653 3.59535087691
12if12if-12if-12if -5.49999151209 0.359909795057 3.28543312425
12if12if-12if-12if- -5.55373081184 0.38528688717 3.35359635742
12if12if-12if12if -5.58676013325 0.389926727826 3.38985899035
12if12if-12if12if- -5.52803365144 0.253148497329 3.24238992659
12if12if12if -6.14325346158 0.822186548233 4.1678857097
12if12if12if-12if -5.64307382793 0.34692891802 3.39888716118
12if12if12if-12if- -5.68270802282 0.356760508007 3.44444858089
12if12if12if12if -5.99211667199 0.680989969323 3.94081251801
12if12if12if12if- -5.87059943126 0.45432108024 3.66671144726
12ii -7.39233351192 1.95008704142 6.22009266111
12ii12ii -6.45973006467 1.36117257224 4.86939481157
12ii12ii- -6.17028798607 1.08428847381 4.42359972072
12ii12ii-12ii -5.73463251232 0.795390880327 3.82834471594
12ii12ii-12ii-12ii -5.60848368616 0.74859806079 3.70959627909
12ii12ii-12ii-12ii- -5.7178541043 0.89833676926 3.91372728586
12ii12ii-12ii12ii -5.57426326027 0.732783599412 3.66241864798
12ii12ii-12ii12ii- -5.50952671861 0.636724743103 3.54066191126
12ii12ii12ii -6.04071225778 1.12321264627 4.36059887725
12ii12ii12ii-12ii -5.57426207036 0.732783148179 3.6624175234
12ii12ii12ii-12ii- -5.6315833839 0.827474295234 3.79333068167
12ii12ii12ii12ii -5.85833097627 1.06064243392 4.17077957337
12ii12ii12ii12ii- -5.71785258438 0.898337802085 3.91372768233
12il -7.55683775238 1.79342005844 6.22591449723
12il12il -6.50881723562 1.00352055281 4.61419223496
12il12il- -6.27654597861 0.911700580675 4.37031849274
12il12il-12il -5.87844164983 0.483305377141 3.69281145433
12il12il-12il-12il -5.70431579386 0.354283443144 3.45190766909
12il12il-12il-12il- -5.67518343237 0.533181077068 3.57120758803
12il12il-12il12il -5.69245662986 0.361637528663 3.46911450214
12il12il-12il12il- -5.63272313045 0.411786940698 3.46553130152
12il12il12il-12il -5.69795744368 0.467408327537 3.56146957842
12il12il12il-12il- -5.67111105713 0.37839869327 3.46444958676
12il12il12il12il -5.89036025847 0.576078763187 3.79583960778
12il12il12il12il- -5.77557097396 0.484657087904 3.62475075403
12la -7.32773790437 1.76787980526 5.94694395143
12la12la -6.28395998857 0.884647575894 4.33739990393
12la12la- -6.15178206698 0.933828181682 4.28137400601
12la12la-12la -5.76498388958 0.484388619514 3.6146403608
12la12la-12la-12la -5.47743344021 0.295882091235 3.25202424564
12la12la-12la-12la- -5.36149576765 0.390446413198 3.2573889422
12la12la-12la12la -5.58163836212 0.280431488522 3.3395054135
12la12la-12la12la- -5.49291809889 0.344094027205 3.31352371577
12la12la12la -5.86158541652 0.541289400558 3.73737298813
12la12la12la-12la -5.55364778747 0.316875378489 3.34158252758
12la12la12la-12la- -5.44245835067 0.406345740296 3.33759273007
12la12la12la12la -5.35585605384 0.388820940137 3.25475661059
12la12la12la12la- -5.34751663561 0.395036544273 3.23828296496
12le -7.47525214557 1.10822298734 5.54682169012
12le12le -6.77405366049 0.675611804913 4.50938224619
12le12le- -6.25777297861 0.481228786058 3.9758998426
12le12le-12le -6.18724896874 0.139474191027 3.62804551675
12le12le-12le-12le- -5.99128188786 -0.0287631067149 3.37593613673
12le12le-12le12le -6.14299204868 0.0455179517884 3.52421436943
12le12le-12le12le- -5.98304911132 -0.202922341082 3.23887782906
12le12le12le -6.53971749001 0.469453656407 4.17866386479
12le12le12le-12le -6.07192265099 0.021724916347 3.46710679585
12le12le12le-12le- -6.06967308354 -0.0166727394029 3.45989378243
12le12le12le12le -6.43381869859 0.336701845402 3.99448835884
12le12le12le12le- -5.93871606982 0.11069976854 3.44720564772
12lf -7.39866267634 1.78289309935 6.07594661451
12lf12lf -6.78463547005 1.23723247711 5.02704089046
12lf12lf- -6.09941391423 0.856130124203 4.16185077491
12lf12lf-12lf -5.69400036571 0.447574635509 3.49775355545
12lf12lf-12lf-12lf -5.6068480085 0.214616047283 3.24339429604
12lf12lf-12lf-12lf- -5.32846350914 0.387135429341 3.161429729
12lf12lf-12lf12lf -5.59405247449 0.217202290591 3.26149219305
12lf12lf-12lf12lf- -5.45570177873 0.256692096405 3.17669019474
12lf12lf12lf -5.85784639437 0.419818852772 3.63371890261
12lf12lf12lf-12lf -5.64851256799 0.143826725656 3.24282829567
12lf12lf12lf-12lf- -5.88469044812 0.0632496999876 3.35356431679
12lf12lf12lf12lf -5.64444983312 0.190352763558 3.28851905558
12lf12lf12lf12lf- -5.71381004289 0.0656889560348 3.23672492962
12li -7.2692838059 1.88484888477 6.01879238229
12li12li -6.37547871782 1.23582217651 4.68940098712
12li12li- -6.27655410041 0.911707657819 4.37033068702
12li12li-12li -5.81762546311 0.529931739345 3.68413352165
12li12li-12li-12li -5.65467468851 0.391388140644 3.44593009139
12li12li-12li-12li- -5.74436378501 0.479014365046 3.59838977796
12li12li-12li12li -5.60092417022 0.324093856914 3.36885923311
12li12li-12li12li- -5.63272451105 0.411788921497 3.46553415394
12li12li12li -5.81762605439 0.529926076068 3.68412919975
12li12li12li-12li -5.60092548853 0.324076608687 3.36884828362
12li12li12li-12li- -5.67111288563 0.378397988226 3.46445046316
12li12li12li12li -5.60092907954 0.324114845972 3.36887964913
12li12li12li12li- -5.6492954242 0.386093804754 3.4383502066
12ll -7.20807633005 1.85728989769 5.96337788517
12ll12ll -6.58453759851 1.18312614877 4.81174090419
12ll12ll- -5.79817492428 1.1146078422 4.12637564609
12ll12ll-12ll -6.16124455944 0.71665786795 4.11770555311
12ll12ll-12ll-12ll -5.87892537644 0.361390920394 3.60345782295
12ll12ll-12ll-12ll- -5.95639577816 0.601335531047 3.85864028209
12ll12ll-12ll12ll -6.07704896494 0.61117354257 3.97659079808
12ll12ll-12ll12ll- -5.85120571975 0.518761328397 3.73563676395
12ll12ll12ll -6.30827210513 0.955091443074 4.41247450522
12ll12ll12ll-12ll -5.97504342002 0.584718356884 3.87273215057
12ll12ll12ll-12ll- -5.85982321526 0.620180888645 3.81216717201
12ll12ll12ll12ll -6.17580291195 0.824040468258 4.20655184079
12ll12ll12ll12ll- -5.95175965194 0.675210264481 3.92199670051
2 -10.2236872679 1.38015399139 7.17139289058
22 -8.53708465457 0.330940992836 6.11687769097
22- -8.56288856752 0.31653294934 5.9174065683
22-2 -7.72578098017 -0.245222273795 4.71245175553
22-2- -7.69999010812 -0.231311383028 4.78981479592
22-2-2 -7.20668762009 -0.577172419579 4.08814873085
22-2-2- -7.18952825983 -0.573235106246 4.14286148402
22-22 -7.22007346458 -0.580500384317 4.06950678674
22-22- -7.23970426188 -0.587744825217 4.03701523951
222 -7.67627490897 -0.225828323798 4.91055457084
222- -7.69998929028 -0.231309290155 4.78981419373
222-2 -7.22007150806 -0.580504087033 4.06950313823
222-2- -7.20110712618 -0.571642753847 4.09690169298
2222 -7.17218478503 -0.570754944075 4.20996562745
2222- -7.18952679978 -0.573229834051 4.14286362616
4aa -9.08248077099 1.01420031252 6.2081397401
4aa4aa -7.93448911579 0.453014808434 5.51154927104
4aa4aa- -7.93449560584 0.453202944316 5.51168047878
4aa4aa-4aa -7.46314154556 0.20134123426 4.94611905812
4aa4aa-4aa-4aa -7.24048982811 0.0907290536128 4.70312164123
4aa4aa-4aa-4aa- -7.24058188059 0.0908594192865 4.70330244832
4aa4aa-4aa4aa -7.23634274103 0.0764853065338 4.68840267305
4aa4aa-4aa4aa- -7.23695715226 0.0772032259178 4.68952231577
4aa4aa4aa -7.46953862215 0.221353662016 4.96725179614
4aa4aa4aa-4aa -7.24050167074 0.0906770368925 4.70308570458
4aa4aa4aa-4aa- -7.24037114783 0.0906915221292 4.70296515027
4aa4aa4aa4aa -7.24073008237 0.0987279701219 4.70883131759
4aa4aa4aa4aa- -7.23696021537 0.0772053909222 4.68952720676
4ae -8.39023267664 0.380721949515 5.80667208907
4ae4ae -7.89348757882 0.166053314767 5.24539287213
4ae4ae- -7.87180771264 0.186361514879 5.22186937824
4ae4ae-4ae -7.51259750837 0.029264811079 4.83824922006
4ae4ae-4ae-4ae -7.3497231526 -0.060505474609 4.67019422127
4ae4ae-4ae-4ae- -7.3548575025 -0.0574610155966 4.67819253165
4ae4ae-4ae4ae -7.33469343481 -0.0618251353014 4.65163548542
4ae4ae-4ae4ae- -7.33064442828 -0.0604761726972 4.64959710249
4ae4ae4ae -7.54462195957 0.0235559852295 4.87809539578
4ae4ae4ae-4ae -7.34788006668 -0.0563911721665 4.67381229489
4ae4ae4ae-4ae- -7.35280134526 -0.0583493053494 4.6764735659
4ae4ae4ae4ae -7.37181236073 -0.0539665447406 4.70430429951
4ae4ae4ae4ae- -7.3681596745 -0.0540991851286 4.69992165167
4af -8.07486859609 0.92547515532 5.61070675612
4af4af -7.54049911291 0.449487274217 5.03207189445
4af4af- -7.50594239807 0.500715073481 5.04477036524
4af4af-4af -7.2150397197 0.264806587032 4.68931471944
4af4af-4af-4af -7.09251411001 0.151133720357 4.54198397994
4af4af-4af-4af- -7.04926687702 0.186226407226 4.54139187033
4af4af-4af4af -7.09075344317 0.104240113556 4.50110923076
4af4af-4af4af- -7.04327622787 0.153501486938 4.50421691325
4af4af4af -7.17649123652 0.22150182997 4.63844078687
4af4af4af-4af -6.97682781396 0.155256758722 4.46097085231
4af4af4af-4af- -6.94152354572 0.195974337144 4.46546158489
4af4af4af4af -6.98269573552 0.101623187772 4.43427317973
4af4af4af4af- -6.94107431624 0.150946652334 4.44123256574
4ai -8.29799990973 1.09805002776 5.87713167752
4ai4ai -7.72679606878 0.76543678921 5.48390365538
4ai4ai- -7.71787822874 0.762969132408 5.49340699651
4ai4ai-4ai -7.32241798509 0.609029366414 5.12111406999
4ai4ai-4ai-4ai -7.14904062308 0.544681127587 4.96382380705
4ai4ai-4ai-4ai- -7.14201599604 0.538520461117 4.95258295145
4ai4ai-4ai4ai -7.12399967708 0.529024344213 4.93101529984
4ai4ai-4ai4ai- -7.12117478673 0.526637019465 4.927914353
4ai4ai4ai -7.35436607004 0.626363500897 5.15723225234
4ai4ai4ai-4ai -7.14516271395 0.536544914516 4.95491124799
4ai4ai4ai-4ai- -7.14838305866 0.542281089349 4.96118462095
4ai4ai4ai4ai -7.17330163495 0.558637244745 4.99355879789
4ai4ai4ai4ai- -7.16829960837 0.549220575385 4.98339998205
4al -7.80073201459 1.00373431747 5.49428072028
4ea -8.38999468445 0.380469681456 5.80655655598
4ea4ea -7.89350148922 0.16609334393 5.24541878932
4ea4ea- -7.8718773332 0.186404103315 5.22196193468
4ea4ea-4ea -7.51258998906 0.0292225361519 4.83820874573
4ea4ea-4ea-4ea -7.34724398178 -0.0603839262847 4.66980359658
4ea4ea-4ea-4ea- -7.35772726016 -0.0618722036773 4.68539278306
4ea4ea-4ea4ea -7.3375303853 -0.0667222662978 4.65640473717
4ea4ea-4ea4ea- -7.33060510402 -0.0605863329215 4.64948051006
4ea4ea4ea -7.54457940454 0.0234983132758 4.87800577852
4ea4ea4ea-4ea -7.34543178524 -0.0515465019152 4.66914669111
4ea4ea4ea-4ea- -7.35068874153 -0.0610601939326 4.67181745206
4ea4ea4ea4ea -7.37170527676 -0.0541793057938 4.70403246928
4ea4ea4ea4ea- -7.36262260829 -0.0514141189466 4.69052978141
4ee -8.00315386097 -0.0573265613212 5.20228926979
4ee4ee -7.75854317215 -0.210200483396 4.92856351188
4ee4ee4ee -7.54004538068 -0.288246343092 4.66912692937
4ee4ee4ee4ee -7.41889209065 -0.33098364988 4.56491011626
4ef -7.66944244571 0.617427058717 5.25875714809
4ef4ef -7.3754278894 0.33460336706 4.8390363789
4ef4ef- -7.38638522424 0.484095880789 4.94518268697
4ef4ef-4ef -7.24905621214 0.190900421451 4.66465138776
4ef4ef-4ef-4ef -7.12141043363 0.0245397685078 4.50080441436
4ef4ef-4ef-4ef- -7.07589001316 0.115981248831 4.53261186744
4ef4ef-4ef4ef- -7.13178319068 0.218954907572 4.60517477086
4ef4ef4ef -7.15270103184 0.160098925769 4.57239849114
4ef4ef4ef-4ef -7.06545674181 0.197986348922 4.55958236011
4ef4ef4ef-4ef- -7.01365506683 0.218017728346 4.54206565023
4ef4ef4ef4ef -7.02466834957 0.0632270782928 4.42996645659
4ef4ef4ef4ef- -6.99259662261 0.153822422943 4.47325934955
4ei -7.8589720277 0.530776845973 5.52195133651
4ei4ei -7.64481962412 0.484442407334 5.26901834881
4ei4ei- -7.64522329177 0.484585650849 5.26935774934
4ei4ei-4ei -7.44015161329 0.464781498247 5.06549974432
4ei4ei-4ei-4ei -7.34007452827 0.441768540498 5.02516495133
4ei4ei-4ei-4ei- -7.34683176947 0.433376471211 5.0267320269
4ei4ei-4ei4ei -7.33112646261 0.432692082749 5.02611251459
4ei4ei-4ei4ei- -7.33044855683 0.448032380273 5.02920249564
4ei4ei4ei -7.44561813321 0.451818227874 5.06549007257
4ei4ei4ei-4ei -7.33064133506 0.44818037354 5.02928616822
4ei4ei4ei-4ei- -7.33739507255 0.440163807181 5.02376146505
4ei4ei4ei4ei -7.34684991345 0.433395813032 5.02675334514
4ei4ei4ei4ei- -7.34560105925 0.432293920763 5.02554226204
4el -7.47301858085 0.683920014055 5.17796542644
4fa -8.07487409157 0.925460199423 5.61069883373
4fa4fa -7.5406437841 0.449457860619 5.03219845773
4fa4fa- -7.64878547701 0.433875854892 5.08292693107
4fa4fa-4fa -7.21503755213 0.264802993595 4.68931052421
4fa4fa-4fa-4fa -7.09250778127 0.151113731175 4.54196376045
4fa4fa-4fa-4fa- -7.23827071077 0.0433268949655 4.56537622863
4fa4fa-4fa4fa -6.97682844705 0.155259062568 4.46097269434
4fa4fa-4fa4fa- -7.12592611322 0.0888182004301 4.51303536118
4fa4fa4fa -7.17648579087 0.221479799008 4.63842093982
4fa4fa4fa-4fa -7.09075416687 0.104232822422 4.50110503778
4fa4fa4fa-4fa- -7.2627856763 0.0277386848621 4.56558577051
4fa4fa4fa4fa -6.98268016999 0.101921704856 4.43447963043
4fa4fa4fa4fa- -7.12647354068 0.0366431703786 4.48270722597
4fe -7.66853021278 0.618015100894 5.25805878885
4fe4fe -7.37543751605 0.33461110697 4.83906747389
4fe4fe- -7.45700354253 0.287537745807 4.85182342479
4fe4fe-4fe -7.25366841876 0.200135364897 4.6726948681
4fe4fe-4fe-4fe -7.13324256801 0.023718589554 4.506166498
4fe4fe-4fe-4fe- -7.20146040397 -0.0368746153007 4.49222330189
4fe4fe-4fe4fe -7.08701179218 0.155244806915 4.55088022495
4fe4fe-4fe4fe- -7.22758275495 0.0821775415063 4.59548738377
4fe4fe4fe -7.1527417003 0.160081711248 4.57245352568
4fe4fe4fe-4fe -7.15766522853 0.0503029613681 4.51617390374
4fe4fe4fe-4fe- -7.2339922886 -0.096646086101 4.46396772729
4fe4fe4fe4fe -7.02467268238 0.0631781090345 4.42992712791
4fe4fe4fe4fe- -7.1473278979 -0.00816959043527 4.46552551311
4ff -7.34329754421 0.8007154959 4.93342742826
4ff4ff -6.97427996937 0.383722909943 4.44238777734
4ff4ff- -7.12047810006 0.328271891992 4.53186446352
4ff4ff-4ff -6.88919116426 0.130200630377 4.2492383841
4ff4ff-4ff-4ff -6.83902145135 0.0276056015265 4.14257541228
4ff4ff-4ff-4ff- -6.90869673514 -0.00312354789156 4.153331527
4ff4ff-4ff4ff -6.71887703088 0.0115233425248 4.05413973279
4ff4ff-4ff4ff- -6.81318784298 -0.0445297421498 4.09210688963
4ff4ff4ff -6.71916067587 0.165358277334 4.12667568821
4ff4ff4ff-4ff -6.72395275719 0.0153516139322 4.0621722695
4ff4ff4ff-4ff- -6.78967407214 -0.0112267903563 4.07817405442
4ff4ff4ff4ff -6.57095333553 0.0412835212846 3.95060823761
4ff4ff4ff4ff- -6.66121986644 -0.00406130418088 3.98460989429
4fi -7.5138094723 0.994740415269 5.23193913188
4fi4fi -7.2189369297 0.778014467661 4.95886114327
4fi4fi- -7.29098685902 0.677307824124 4.93096584276
4fi4fi-4fi -7.0358537602 0.680860878154 4.79855357529
4fi4fi-4fi-4fi -6.93203893523 0.572696145082 4.66850634489
4fi4fi-4fi-4fi- -7.04435312627 0.456578476839 4.65372937613
4fi4fi-4fi4fi -6.86360369191 0.638112572471 4.67698594461
4fi4fi-4fi4fi- -6.99974835678 0.560637301902 4.70419648225
4fi4fi4fi -6.96226300803 0.627615822315 4.71056310384
4fi4fi4fi-4fi -6.97299096609 0.586120845628 4.69787695351
4fi4fi4fi-4fi- -7.08066754989 0.465812358546 4.68024631796
4fi4fi4fi4fi -6.83646959471 0.575096479792 4.61415184625
4fi4fi4fi4fi- -6.99929566586 0.529905283287 4.69463869373
4fl -7.1508814491 0.878986277037 4.85834056345
4ia -8.29799031451 1.09805514691 5.87712879969
4ia4ia -7.72674880688 0.765373146769 5.48384814969
4ia4ia- -7.71786637633 0.762963635411 5.49339758769
4ia4ia-4ia -7.32218129656 0.608536355269 5.12055509524
4ia4ia-4ia-4ia -7.14902280448 0.5446823221 4.96381567187
4ia4ia-4ia-4ia- -7.16813381128 0.549251375084 4.98334050787
4ia4ia-4ia4ia -7.14508675314 0.536665945349 4.95497574599
4ia4ia-4ia4ia- -7.12118368337 0.526666318496 4.92794407053
4ia4ia4ia -7.35436751618 0.626370575815 5.15723970995
4ia4ia4ia-4ia -7.12400019108 0.529018247661 4.93100906184
4ia4ia4ia-4ia- -7.14862565048 0.542459865085 4.96152773743
4ia4ia4ia4ia -7.17330136395 0.558635716993 4.99355716491
4ia4ia4ia4ia- -7.14201596246 0.538519983149 4.9525824065
4ie -7.85900862932 0.530824526129 5.52197603805
4ie4ie -7.6448936404 0.484462081623 5.26906940173
4ie4ie- -7.64516392533 0.484488409377 5.26919342835
4ie4ie-4ie -7.43640992966 0.463027109976 5.06402889616
4ie4ie-4ie-4ie -7.33112086578 0.433300943298 5.02609941957
4ie4ie-4ie-4ie- -7.34008877087 0.441804995951 5.02524970906
4ie4ie-4ie4ie -7.33818505155 0.441231757795 5.02380575578
4ie4ie-4ie4ie- -7.32990265394 0.447340771614 5.02884798765
4ie4ie4ie -7.44505538574 0.451428697528 5.06523432774
4ie4ie4ie-4ie -7.33065940221 0.448186972774 5.02929703269
4ie4ie4ie-4ie- -7.33103236311 0.432655031614 5.02626554339
4ie4ie4ie4ie -7.34667801773 0.433254897824 5.02663836302
4ie4ie4ie4ie- -7.34542959524 0.432128442815 5.02545721236
4if -7.51381170413 0.994739490876 5.23194050945
4if4if -7.21894580795 0.77802424764 4.95887349412
4if4if- -7.22394378322 0.824377552615 4.99754706596
4if4if-4if -7.03587601035 0.680866809036 4.79857847428
4if4if-4if-4if -6.93204315404 0.572694949084 4.66851000974
4if4if-4if-4if- -6.87944308516 0.577360479076 4.64570115947
4if4if-4if4if -6.97342960856 0.586167597153 4.69810980436
4if4if-4if4if- -6.93036882272 0.640402646603 4.71111161869
4if4if4if -6.96224951018 0.627582298506 4.71053161107
4if4if4if-4if -6.86370853812 0.638287925645 4.67718048526
4if4if4if-4if- -6.81640621395 0.672743397407 4.66770276536
4if4if4if4if -6.83646807583 0.5750997576 4.61415311838
4if4if4if4if- -6.79933200684 0.618554081009 4.62273232086
4ii -7.70566287242 1.17319946729 5.51929965555
4ii4ii -7.5149663057 1.25120557012 5.4134708248
4ii4ii4ii -7.28370263566 1.26615849041 5.27796348674
4ii4ii4ii4ii -7.2471541797 1.27931022775 5.25364787493
4il -7.30858491404 1.07063777235 5.14801892482
4la -7.80074144736 1.00373015549 5.49428558758
4la4la- -7.30397417866 0.625630073754 4.97672914324
4la4la-4la-4la- -6.75758154138 0.327525312771 4.42148589759
4le -7.47239638457 0.684641300471 5.17763243959
4le4le- -7.17787066952 0.564165020687 4.84883386734
4le4le-4le-4le- -6.81146133451 0.312173534836 4.44977424194
4lf -7.15086974909 0.878994363696 4.8583373584
4lf4lf- -6.7864633663 0.72111210959 4.55529204482
4lf4lf-4lf-4lf- -6.41103656969 0.320748267012 4.08694936904
4li -7.30857718854 1.07064170468 5.14801548024
4li4li- -7.04013274196 0.942190154211 4.94347189226
4li4li-4li-4li- -6.65527880295 0.850287425942 4.66519147444
4ll -6.96689782315 0.949507320471 4.77753959258
Using multi
