1111 -7.16116526604 -0.878221569697 0.520012778916
1111- -6.9103321787 -0.949672570465 0.269710267335
1111-11- -6.88431797732 -1.53655487242 0.143806545816
1111-11-11 -7.08129803552 -1.00522447886 0.657708349547
1111-11-11- -6.98354409629 -1.45145998867 0.492947128639
1111-1111 -7.07981774337 -1.49743742356 0.480348479889
1111-1111- -7.0811930603 -1.00502209777 0.657731335954
111111 -7.30612319127 -1.50860689566 0.458543253999
111111- -6.88432080086 -1.53673337131 0.143690498318
111111-11 -7.07984181065 -1.49735758726 0.480396294708
111111-11- -6.92866753939 -1.87125408738 0.132833763387
11111111 -7.39237672796 -1.36475812898 0.737523681993
11111111- -6.98298262928 -1.45198247763 0.492067009163
12aa -6.99948897837 1.38741469367 4.4175237803
12aa12aa -6.12059300492 0.590292208452 3.26402165575
12aa12aa- -6.14541038215 0.580269490494 3.28211326342
12aa12aa-12aa -5.81120627316 0.217946726569 2.76075241119
12aa12aa-12aa-12aa -5.63891789316 0.00788499034916 2.47058329527
12aa12aa-12aa-12aa- -5.63232946295 0.00308887579149 2.46748715119
12aa12aa-12aa12aa -5.64084185378 0.00821131694165 2.49084169414
12aa12aa-12aa12aa- -5.64791433209 0.012091110393 2.4955148065
12aa12aa12aa -5.78330090962 0.216890416224 2.74728279765
12aa12aa12aa-12aa -5.64084175671 0.00821123020836 2.49084158754
12aa12aa12aa-12aa- -5.63423264588 0.00424700836279 2.4862600783
12aa12aa12aa12aa -5.62546939 -0.0012858834255 2.46431480457
12aa12aa12aa12aa- -5.63232929324 0.00308874561791 2.46748696802
12ae -7.02498542413 0.93314373908 4.0316851116
12ae12ae -6.24436570911 0.148482020815 3.03305481652
12ae12ae- -6.2783309509 0.119069649581 3.05264669745
12ae12ae-12ae -5.98080218548 -0.232510342805 2.54858498378
12ae12ae-12ae-12ae -5.83530514907 -0.444973369767 2.28067523869
12ae12ae-12ae-12ae- -5.83396488359 -0.4549370636 2.27626085602
12ae12ae-12ae12ae -5.82806315319 -0.441538066838 2.29968701819
12ae12ae-12ae12ae- -5.83664756591 -0.435572799209 2.30479008608
12ae12ae12ae -5.94997037501 -0.229168542337 2.55984741919
12ae12ae12ae-12ae -5.83647802447 -0.446713486066 2.31273800486
12ae12ae12ae-12ae- -5.82977873661 -0.453889228498 2.30864023152
12ae12ae12ae12ae -5.81915164146 -0.455159655999 2.29945055931
12ae12ae12ae12ae- -5.83103828624 -0.454667593318 2.30408889423
12af -6.89610070044 1.36510252736 4.31081494128
12af12af -5.99827153036 0.581389244771 3.15975241328
12af12af- -6.02816232527 0.541955632664 3.15558637371
12af12af-12af -5.65734121912 0.212835267134 2.63943137912
12af12af-12af-12af -5.46126990476 0.00835112367396 2.350089565
12af12af-12af-12af- -5.46125975921 -0.0147237329412 2.34293263447
12af12af-12af12af -5.46903912123 0.00714443637226 2.37467090935
12af12af-12af12af- -5.48969120416 -0.0111552120518 2.37084744647
12af12af12af -5.65365541297 0.20754321229 2.64675508369
12af12af12af-12af -5.48965416585 -0.00810325636958 2.37420962903
12af12af12af-12af- -5.49195618894 -0.0314506723327 2.36493766021
12af12af12af12af -5.48820991582 -0.0124850485343 2.3621634192
12af12af12af12af- -5.51070004846 -0.0276043275039 2.36054314004
12ai -6.89964953286 1.40511812009 4.33577271782
12ai12ai -6.05353625964 0.675951999436 3.24816133875
12ai12ai- -6.04081059067 0.62106580933 3.22122383526
12ai12ai-12ai -5.71450501176 0.264881916716 2.71091117961
12ai12ai-12ai-12ai -5.55282030495 0.0650309129801 2.43914284444
12ai12ai-12ai-12ai- -5.54307527675 0.0702652510686 2.4424418602
12ai12ai-12ai12ai -5.54813205313 0.0668005701594 2.45784238003
12ai12ai-12ai12ai- -5.55583308957 0.0618858581977 2.45571160163
12ai12ai12ai -5.71634589848 0.321316607202 2.75331458077
12ai12ai12ai-12ai -5.55497301574 0.0789476737614 2.46756801011
12ai12ai12ai-12ai- -5.51906732471 0.0471703751929 2.4306718024
12ai12ai12ai12ai -5.55105867175 0.111179082054 2.47859637364
12ai12ai12ai12ai- -5.55355481721 0.0899937696808 2.46207981272
12al -6.72953084928 1.48431330962 4.25121762681
12al12al -5.80679721231 0.737638301148 3.12341718836
12al12al- -5.81796593427 0.763918864396 3.16457473775
12al12al-12al -5.5327001911 0.372009940478 2.65078470055
12al12al-12al-12al -5.28776372879 0.168256098771 2.33382549292
12al12al-12al-12al- -5.38481618935 0.179477863067 2.39035751706
12al12al-12al12al -5.34145932676 0.151261283166 2.37103640634
12al12al-12al12al- -5.3346739644 0.181372146082 2.38237253862
12al12al12al -5.42883316717 0.387959675122 2.61273918647
12al12al12al-12al -5.31162775753 0.195814794703 2.38098713095
12al12al12al-12al- -5.29082958235 0.217018747966 2.38897918593
12al12al12al12al -5.23438278058 0.188649348591 2.33048571029
12al12al12al12al- -5.2290107856 0.218393495303 2.34033540089
12ea -7.02498208885 0.933141963461 4.03168176106
12ea12ea -6.24432443596 0.148407726595 3.03297657173
12ea12ea- -6.27826061074 0.119018543593 3.05257811039
12ea12ea-12ea -5.98083801629 -0.232503132183 2.54858989814
12ea12ea-12ea-12ea -5.83531438138 -0.444948446663 2.280690655
12ea12ea-12ea-12ea- -5.83103376318 -0.454672962021 2.30408113818
12ea12ea-12ea12ea -5.83646469132 -0.446722620431 2.31272248461
12ea12ea-12ea12ea- -5.83653793301 -0.435633672443 2.30463060889
12ea12ea12ea -5.94997118087 -0.229156140014 2.55986824778
12ea12ea12ea-12ea -5.82805239404 -0.441544355697 2.29966880246
12ea12ea12ea-12ea- -5.82981802077 -0.45388502595 2.30867505599
12ea12ea12ea12ea -5.819207208 -0.455100078071 2.29953848921
12ea12ea12ea12ea- -5.83397719079 -0.454909075829 2.27628890638
12ee -7.09620404415 0.68211209544 3.99783503829
12ee12ee -6.45215573732 0.0377511203923 3.06441290052
12ee12ee- -6.35353257049 -0.221730854939 2.85294557478
12ee12ee-12ee -6.11394441238 -0.483197133724 2.45743280357
12ee12ee-12ee-12ee- -6.08688810684 -0.568882960989 2.37460133863
12ee12ee-12ee12ee -6.02742966989 -0.634530706395 2.29088754937
12ee12ee-12ee12ee- -5.99137678651 -0.653185532324 2.26254768285
12ee12ee12ee -6.2285888644 -0.263921110629 2.69601433157
12ee12ee12ee-12ee -6.0274212242 -0.63453860483 2.29087652001
12ee12ee12ee-12ee- -6.05655549035 -0.624370606645 2.31894552709
12ee12ee12ee12ee -6.13847096443 -0.442390099586 2.5036335247
12ee12ee12ee12ee- -6.08687702927 -0.568894303129 2.37458172377
12ef -6.97801217911 0.910156664592 4.03432571524
12ef12ef -6.10927990795 0.156116240785 2.91933080169
12ef12ef- -6.16927307411 0.089639932066 2.94317867148
12ef12ef-12ef -5.81985748976 -0.214165639944 2.42278311068
12ef12ef-12ef-12ef -5.6630739781 -0.426168683146 2.16707041889
12ef12ef-12ef-12ef- -5.68192278022 -0.465535181937 2.19396236335
12ef12ef-12ef12ef -5.6534582824 -0.42030314684 2.18963206032
12ef12ef-12ef12ef- -5.66999711272 -0.433638343417 2.17325568804
12ef12ef12ef -5.80417583253 -0.214870867148 2.44783059998
12ef12ef12ef-12ef -5.66806210239 -0.42870594686 2.17324593085
12ef12ef12ef-12ef- -5.6931619563 -0.474461365678 2.18881897213
12ef12ef12ef12ef -5.66743345934 -0.440681198641 2.18289411769
12ef12ef12ef12ef- -5.69100220409 -0.458855397846 2.15283986104
12ei -6.98029827425 0.92626446498 4.0146756975
12ei12ei -6.28479220673 0.362137175656 3.16487082178
12ei12ei- -6.17463837543 0.170192667918 2.99551753994
12ei12ei-12ei -5.88519554171 -0.16252504917 2.5078467149
12ei12ei-12ei-12ei -5.8207885495 -0.275815099796 2.36188753895
12ei12ei-12ei-12ei- -5.87252396596 -0.211398585732 2.47409644651
12ei12ei-12ei12ei -5.79891987669 -0.306680615925 2.35225891338
12ei12ei-12ei12ei- -5.75816546702 -0.340127182076 2.29139258289
12ei12ei12ei -6.03717348542 0.0822133062783 2.78568929377
12ei12ei12ei-12ei -5.78754128977 -0.29918254314 2.33149082055
12ei12ei12ei-12ei- -5.84065472509 -0.23337632088 2.42774288058
12ei12ei12ei12ei -5.93394848456 -0.0822524606444 2.58970733309
12ei12ei12ei12ei- -5.87667147839 -0.17271765333 2.46788637908
12el -6.86811376523 0.962697895649 3.92673433609
12el12el -6.09919148279 0.373028399181 3.03966718082
12el12el- -5.97975691069 0.292212575944 2.9411767486
12el12el-12el -5.72812097157 -0.0827007535653 2.44643897165
12el12el-12el-12el -5.65442803971 -0.248945610217 2.26433812872
12el12el-12el-12el- -5.74809261165 0.0330473706107 2.53076098683
12el12el-12el12el -5.69477290422 -0.231986893148 2.31191287638
12el12el-12el12el- -5.58843797744 -0.262898289733 2.21980014609
12el12el12el -5.80922421692 0.0740954893151 2.62603291338
12el12el12el-12el -5.61523240453 -0.223895573594 2.26166994653
12el12el12el-12el- -5.65357001268 -0.101697697878 2.37475629697
12el12el12el12el -5.67815564389 -0.10135718377 2.40425700878
12el12el12el12el- -5.61926690342 -0.143255163129 2.30744213139
12fa -6.86847768484 1.36571429982 4.27072034851
12fa12fa -5.96555972679 0.595470521002 3.13977893655
12fa12fa- -6.02816592948 0.541957462578 3.1555912159
12fa12fa-12fa -5.65146737204 0.209940182736 2.63770104684
12fa12fa-12fa-12fa -5.47626660509 0.000377337875682 2.35134250144
12fa12fa-12fa-12fa- -5.51069971751 -0.0276059301947 2.36054233874
12fa12fa-12fa12fa -5.45593465724 0.0194126381207 2.37126218209
12fa12fa-12fa12fa- -5.48969112235 -0.011155196641 2.37084735648
12fa12fa12fa -5.60451997695 0.226397428681 2.62727000061
12fa12fa12fa-12fa -5.46351531771 -0.0049906233131 2.3609915333
12fa12fa12fa-12fa- -5.49195525435 -0.0314514550872 2.36493644477
12fa12fa12fa12fa -5.42679443362 0.0153620938619 2.34788742154
12fa12fa12fa12fa- -5.46126204562 -0.0147255642552 2.34293383937
12fe -6.98112598841 0.86845608975 3.99468026905
12fe12fe -6.10970259072 0.154727669016 2.9401694303
12fe12fe- -6.16936643287 0.0896012761503 2.94320450583
12fe12fe-12fe -5.81726979186 -0.220360594229 2.4328701168
12fe12fe-12fe-12fe -5.68734942107 -0.408166805858 2.17888635282
12fe12fe-12fe-12fe- -5.69098520803 -0.458869152711 2.15282075524
12fe12fe-12fe12fe -5.65006101133 -0.402966338667 2.18950744317
12fe12fe-12fe12fe- -5.66998574608 -0.433646195953 2.17324333202
12fe12fe12fe -5.79730350825 -0.205693491528 2.47097161782
12fe12fe12fe-12fe -5.66557374053 -0.444294531692 2.19051921905
12fe12fe12fe-12fe- -5.69323753151 -0.474362811872 2.18893210325
12fe12fe12fe12fe -5.65306974035 -0.423802208379 2.20797475171
12fe12fe12fe12fe- -5.68197857199 -0.465476218436 2.19402418639
12ff -6.85074171026 1.3624307637 4.27628516107
12ff12ff -5.89893037083 0.616418527177 3.09734902
12ff12ff- -5.98497626912 0.548273452532 3.1285436971
12ff12ff-12ff -5.5697757146 0.266491153058 2.59602671219
12ff12ff-12ff-12ff -5.37568593746 0.0661374559678 2.30710021415
12ff12ff-12ff-12ff- -5.41169867629 0.00881346816856 2.30372573946
12ff12ff-12ff12ff -5.36078725552 0.0898478541661 2.33292433042
12ff12ff-12ff12ff- -5.41766568867 0.0391099020399 2.33168437039
12ff12ff12ff -5.53411643619 0.262541806024 2.5862686088
12ff12ff12ff-12ff -5.39853088475 0.0490868898245 2.32554713119
12ff12ff12ff-12ff- -5.43811164892 -0.0119615624071 2.31844809822
12ff12ff12ff12ff -5.35543904973 0.0596514136952 2.30712805845
12ff12ff12ff12ff- -5.4116987675 0.00881366372231 2.3037259524
12fi -6.82950439523 1.40188111888 4.28191091684
12fi12fi -5.99380173857 0.76018312999 3.24152100919
12fi12fi- -5.94909174134 0.600768055741 3.13238625958
12fi12fi-12fi -5.57706014829 0.281497102553 2.61469656705
12fi12fi-12fi-12fi -5.50742931475 0.207034181414 2.48325610014
12fi12fi-12fi-12fi- -5.61659382067 0.278332435084 2.60309463751
12fi12fi-12fi12fi -5.42422594003 0.137094883689 2.40208341605
12fi12fi-12fi12fi- -5.41863125521 0.0588788164619 2.34144566593
12fi12fi12fi -5.66992650057 0.449838802827 2.78478408745
12fi12fi12fi-12fi -5.42769651186 0.108423539724 2.38353716095
12fi12fi12fi-12fi- -5.51696388828 0.167919594154 2.47458895198
12fi12fi12fi12fi -5.51586917313 0.283413988991 2.54701431961
12fi12fi12fi12fi- -5.4711318574 0.130974451184 2.4108006242
12fl -6.72487222799 1.47821637634 4.25393975567
12fl12fl -5.77847410947 0.749611728323 3.10840551831
12fl12fl- -5.78025088214 0.736257962134 3.10760840597
12fl12fl-12fl -5.46105415572 0.373741695409 2.59712421669
12fl12fl-12fl-12fl -5.26288740504 0.196160679743 2.3129675839
12fl12fl-12fl-12fl- -5.28151668233 0.158653213392 2.30648459617
12fl12fl-12fl12fl -5.2877745842 0.181003350138 2.34280497781
12fl12fl-12fl12fl- -5.28161441947 0.187414696964 2.33831078524
12fl12fl12fl -5.41484736513 0.420844329473 2.60911437416
12fl12fl12fl-12fl -5.26192302374 0.21016417636 2.3427430277
12fl12fl12fl-12fl- -5.30506580375 0.158565813752 2.33781976001
12fl12fl12fl12fl -5.23458113008 0.234942230707 2.3317722936
12fl12fl12fl12fl- -5.22884091554 0.245693288747 2.32071837306
12ia -6.89965189151 1.40511889581 4.33577530774
12ia12ia -6.05355120085 0.675928888229 3.24817563728
12ia12ia- -6.04081121487 0.621064800154 3.22122427417
12ia12ia-12ia -5.71450656028 0.264885048729 2.71091491302
12ia12ia-12ia-12ia -5.55282099405 0.0650316923952 2.43914376743
12ia12ia-12ia-12ia- -5.55362523999 0.0900715536685 2.46217104237
12ia12ia-12ia12ia -5.55492759762 0.0788749294615 2.46748867499
12ia12ia-12ia12ia- -5.5558345001 0.0618858953287 2.45571254329
12ia12ia12ia -5.71633718226 0.321312927507 2.75330696407
12ia12ia12ia-12ia -5.5480940464 0.0667683606701 2.45778942503
12ia12ia12ia-12ia- -5.51906737738 0.0471704755828 2.43067187328
12ia12ia12ia12ia -5.55112287928 0.111251595014 2.47869173248
12ia12ia12ia12ia- -5.54318707488 0.0703569899628 2.44257905151
12ie -6.98029854973 0.926264636385 4.01467605713
12ie12ie -6.28479668533 0.362151435946 3.16488415395
12ie12ie- -6.17465374899 0.170207326241 2.99554721528
12ie12ie-12ie -5.88519541124 -0.162522738482 2.50784650649
12ie12ie-12ie-12ie -5.82126512031 -0.275079409824 2.36279666672
12ie12ie-12ie-12ie- -5.87670684051 -0.172665530323 2.46794778919
12ie12ie-12ie12ie -5.7875312072 -0.299193192787 2.33147518216
12ie12ie-12ie12ie- -5.75817050465 -0.34013407836 2.29139871699
12ie12ie12ie -6.03716893965 0.0821729151623 2.7856886377
12ie12ie12ie-12ie -5.7989215019 -0.306662752612 2.35227557522
12ie12ie12ie-12ie- -5.84068261031 -0.233312226522 2.42779596045
12ie12ie12ie12ie -5.93397075014 -0.0822337505866 2.58972576565
12ie12ie12ie12ie- -5.872503958 -0.21141521833 2.47406703039
12if -6.83819669934 1.3962683826 4.29234966113
12if12if -6.08342752745 0.850566515233 3.33625901903
12if12if- -5.94909174428 0.600768043102 3.1323862578
12if12if-12if -5.58859765873 0.290072652778 2.61870392998
12if12if-12if-12if -5.43551203558 0.107951011634 2.36257715237
12if12if-12if-12if- -5.47113185334 0.130974444049 2.41080061464
12if12if-12if12if -5.45869380072 0.176467579299 2.43960054366
12if12if-12if12if- -5.41863124524 0.0588788067768 2.34144565411
12if12if12if -5.79734837254 0.593063765797 2.93782470334
12if12if12if-12if -5.48747924945 0.16124245871 2.44523847878
12if12if12if-12if- -5.51696395138 0.167919648379 2.47458904198
12if12if12if12if -5.67416989554 0.453372539832 2.74489827661
12if12if12if12if- -5.61656881171 0.278341606156 2.60310457687
12ii -6.8362861655 1.43837280236 4.30562079924
12ii12ii -6.13402546764 0.938588460229 3.42881764931
12ii12ii- -5.95326408789 0.67836850262 3.18756432635
12ii12ii-12ii -5.65657681412 0.371828103876 2.71938989165
12ii12ii-12ii-12ii -5.60845969087 0.291518940804 2.61014303972
12ii12ii-12ii-12ii- -5.6662034439 0.414408932058 2.73146714017
12ii12ii-12ii12ii -5.55863692657 0.270733311857 2.56749588037
12ii12ii-12ii12ii- -5.51562721949 0.189450101397 2.48834052441
12ii12ii12ii -5.87373935475 0.697572343289 3.06724576432
12ii12ii12ii-12ii -5.55863620374 0.270732415202 2.56749488737
12ii12ii12ii-12ii- -5.61271481067 0.365441658272 2.66470229417
12ii12ii12ii12ii -5.7626293148 0.574392677079 2.8898486925
12ii12ii12ii12ii- -5.66620247476 0.414408196949 2.73146556758
12il -6.71290697154 1.50353621962 4.25911203232
12il12il -5.91995941226 0.873482297813 3.24933101893
12il12il- -5.78037797256 0.773704734858 3.13067440032
12il12il-12il -5.4603871958 0.39387627237 2.59711075214
12il12il-12il-12il -5.36028050192 0.239089353 2.39358286118
12il12il-12il-12il- -5.3804176775 0.332189732609 2.47575404375
12il12il-12il12il -5.34427823898 0.270516389482 2.41925781713
12il12il-12il12il- -5.31833060518 0.300811243169 2.42097269429
12il12il12il-12il -5.37564923597 0.342365710585 2.48789518547
12il12il12il-12il- -5.32564757712 0.280289893447 2.41534576352
12il12il12il12il -5.45031040348 0.445714055333 2.60066421092
12il12il12il12il- -5.40790214655 0.35166415549 2.50968983085
12la -6.77633668514 1.49130247187 4.31833700278
12la12la -5.90797968705 0.713958828908 3.19358335809
12la12la- -5.81796591496 0.763918971087 3.16457477224
12la12la-12la -5.53187978164 0.346351991148 2.64736628206
12la12la-12la-12la -5.32035661354 0.143084433727 2.34553796327
12la12la-12la-12la- -5.22900026081 0.218382414174 2.34032127925
12la12la-12la12la -5.39686421498 0.135996271144 2.40132045243
12la12la-12la12la- -5.3346738253 0.181372117597 2.3823724253
12la12la12la -5.58929869101 0.353379160201 2.69504977938
12la12la12la-12la -5.37843090013 0.145371169397 2.39956285354
12la12la12la-12la- -5.2908289809 0.217018412264 2.38897858965
12la12la12la12la -5.21921216376 0.20743558212 2.33429073037
12la12la12la12la- -5.22764681789 0.201007808015 2.32873390219
12le -6.87329662624 1.01331828084 4.03289278811
12le12le -6.27191878631 0.567862199857 3.25456541462
12le12le- -5.9798165891 0.292248466591 2.94125122604
12le12le-12le -5.81491934803 0.00934297343935 2.55511821105
12le12le-12le-12le- -5.61917417452 -0.143387597564 2.30729830714
12le12le-12le12le -5.78253697286 -0.102416708525 2.43831445569
12le12le-12le12le- -5.58844830098 -0.262896315513 2.2197851493
12le12le12le -6.05203481801 0.33346138687 2.92300027275
12le12le12le-12le -5.7184592857 -0.108448004066 2.40325557437
12le12le12le-12le- -5.65348047598 -0.10190384812 2.37457948246
12le12le12le12le -5.9515675268 0.175692609512 2.73533240703
12le12le12le12le- -5.64497194865 -0.0856177373466 2.39609502207
12lf -6.74455329882 1.47552250661 4.28833160957
12lf12lf -6.17697983152 1.11119255315 3.55256769396
12lf12lf- -5.78025084883 0.736258045059 3.10760837447
12lf12lf-12lf -5.4675862584 0.368910796356 2.60242261171
12lf12lf-12lf-12lf -5.23217665346 0.252997194045 2.3187162442
12lf12lf-12lf-12lf- -5.22884093228 0.24569325755 2.32071835784
12lf12lf-12lf12lf -5.19966195932 0.26365538728 2.32997838817
12lf12lf-12lf12lf- -5.28156757231 0.187357711921 2.33822957447
12lf12lf12lf -5.38386240767 0.44594180455 2.59373874439
12lf12lf12lf-12lf -5.2622489673 0.197028839638 2.32189573669
12lf12lf12lf-12lf- -5.38566019122 0.22711666057 2.42091719691
12lf12lf12lf12lf -5.20671805592 0.252840512906 2.32316120409
12lf12lf12lf12lf- -5.28136688265 0.158605872858 2.30636314827
12li -6.72499131606 1.51904207086 4.30314503379
12li12li -5.98406865775 0.966149114793 3.35321372223
12li12li- -5.7803788782 0.773713554664 3.13067931918
12li12li-12li -5.43490383114 0.411731880736 2.59307730759
12li12li-12li-12li -5.33218358778 0.262361887759 2.39170183532
12li12li-12li-12li- -5.3762744448 0.360290815513 2.49780416311
12li12li-12li12li -5.27727929327 0.213334150305 2.34249458523
12li12li-12li12li- -5.31833159162 0.300813556869 2.42097492122
12li12li12li -5.43490402389 0.411727870977 2.59307471995
12li12li12li-12li -5.27727134067 0.213326240153 2.34248593184
12li12li12li-12li- -5.3256473341 0.280291458706 2.41534649911
12li12li12li12li -5.2772921425 0.213344198225 2.34250930489
12li12li12li12li- -5.33270002598 0.266517940681 2.39557209395
12ll -6.60019972599 1.60317551464 4.25905539506
12ll12ll -5.93238011012 1.13377749626 3.41151592408
12ll12ll- -5.54883301821 0.956781550135 3.09648194893
12ll12ll-12ll -5.54333284247 0.804685118165 2.91191558899
12ll12ll-12ll-12ll -5.2545806848 0.511378808625 2.49848731783
12ll12ll-12ll-12ll- -5.33406580915 0.664641340722 2.66766453183
12ll12ll-12ll12ll -5.4965478052 0.669722204851 2.77377806457
12ll12ll-12ll12ll- -5.33968903677 0.607403558081 2.63040860618
12ll12ll12ll -5.66928942664 0.93009554996 3.0682554824
12ll12ll12ll-12ll -5.39719665505 0.689819584975 2.71768854178
12ll12ll12ll-12ll- -5.2849671675 0.701612866354 2.66208166328
12ll12ll12ll12ll -5.54254569933 0.801613858384 2.8827627294
12ll12ll12ll12ll- -5.34663500753 0.727777801583 2.71475512375
2 -8.85993852373 1.73003813577 6.68864680863
22 -7.5849165272 0.840929449941 5.06363405828
22- -7.60793322538 0.867151944697 4.86104085602
22-2 -7.02095463653 0.379398834078 3.99503014299
22-2- -6.99241698759 0.371297624756 4.06931512463
22-2-2 -6.64650139288 0.0694020790993 3.55391797406
22-2-2- -6.62957424344 0.0575853308683 3.6051814288
22-22 -6.6655668257 0.0650166342091 3.53152709115
22-22- -6.68544377163 0.0736342188496 3.50259895343
222 -6.96956242587 0.352525202678 4.18943037285
222- -6.99241628575 0.371299813489 4.06931435653
222-2 -6.66556502474 0.0650134385215 3.5315245067
222-2- -6.64531350573 0.0584715965306 3.55673605833
2222 -6.61338749613 0.0440934644418 3.67022504002
2222- -6.62957299556 0.0575900499003 3.60518301323
4aa -7.75070622095 1.36219394144 4.27193593064
4aa4aa -7.01614738772 0.832426862295 4.05195737886
4aa4aa- -7.01619329169 0.83256421321 4.0519688861
4aa4aa-4aa -6.74153533925 0.579890500309 3.90464506808
4aa4aa-4aa-4aa -6.60576222993 0.439669151529 3.76168542366
4aa4aa-4aa-4aa- -6.60582116022 0.439785472363 3.76180937185
4aa4aa-4aa4aa -6.62571931195 0.444985966486 3.7688961128
4aa4aa-4aa4aa- -6.62621164882 0.445608874494 3.76970922378
4aa4aa4aa -6.7222192242 0.577716749215 3.90311028065
4aa4aa4aa-4aa -6.60575514594 0.439629199885 3.76165492204
4aa4aa4aa-4aa- -6.60566558303 0.439644045519 3.76156976418
4aa4aa4aa4aa -6.58435421682 0.430397831155 3.74834495257
4aa4aa4aa4aa- -6.62621414631 0.4456107186 3.76971284309
4ae -7.37103612848 0.786244884226 3.99269202457
4ae4ae -7.02830080446 0.505604784039 3.64656711762
4ae4ae- -6.94655036527 0.535385220909 3.64516115984
4ae4ae-4ae -6.74845612692 0.363225930595 3.60282042882
4ae4ae-4ae-4ae -6.6752230258 0.23106659612 3.54569563923
4ae4ae-4ae-4ae- -6.68847097878 0.233048495742 3.55082466409
4ae4ae-4ae4ae -6.67406303406 0.258454486669 3.55846960704
4ae4ae-4ae4ae- -6.66395682939 0.259200837005 3.55764616801
4ae4ae4ae -6.80860383352 0.31710023338 3.58234330708
4ae4ae4ae-4ae -6.67377878034 0.22467964518 3.54323029357
4ae4ae4ae-4ae- -6.68575018227 0.223740604384 3.54424964015
4ae4ae4ae4ae -6.70495993753 0.203056264842 3.53720920259
4ae4ae4ae4ae- -6.69060451619 0.203221195826 3.5343289855
4af -7.38891076984 1.34041498124 4.1541942669
4af4af -6.89496797514 0.866255890079 3.93214476783
4af4af- -6.87159026455 0.885184148842 3.94895980003
4af4af-4af -6.6600632013 0.680350423549 3.79516310486
4af4af-4af-4af -6.56281095615 0.566712663385 3.71759295742
4af4af-4af-4af- -6.54943902614 0.581250703072 3.71570369057
4af4af-4af4af -6.56650278984 0.551754061636 3.71440077203
4af4af-4af4af- -6.54831209034 0.570707912883 3.71816195952
4af4af4af -6.60872440456 0.617806581878 3.76513553704
4af4af4af-4af -6.52171154118 0.548895137824 3.69543572657
4af4af4af-4af- -6.48632620819 0.542764788148 3.68130138307
4af4af4af4af -6.4705271273 0.47915604344 3.64316748766
4af4af4af4af- -6.45580657161 0.498375037967 3.64838243531
4ai -7.42514263413 1.35667988295 4.16870276891
4ai4ai -7.02753997774 0.975251850342 3.9804472666
4ai4ai- -7.01670415312 0.974779556906 3.9817148862
4ai4ai-4ai -6.79542443478 0.793610279403 3.85181021162
4ai4ai-4ai-4ai -6.68977099725 0.668467591701 3.81253986724
4ai4ai-4ai-4ai- -6.68520364658 0.662985187346 3.80794436828
4ai4ai-4ai4ai -6.70768597543 0.692131808578 3.82274366255
4ai4ai-4ai4ai- -6.70566188803 0.69052291329 3.82350719364
4ai4ai4ai -6.78474758033 0.766735650066 3.85183986837
4ai4ai4ai-4ai -6.6876287223 0.661335033645 3.82284046094
4ai4ai4ai-4ai- -6.68971982619 0.6650828427 3.8217089614
4ai4ai4ai4ai -6.67471466955 0.645197905893 3.81151424597
4ai4ai4ai4ai- -6.66987615793 0.639417634374 3.81317328731
4al -7.29141766656 1.4370307704 4.15748393609
4ea -7.37084024891 0.786052468273 3.99248383751
4ea4ea -7.0282944929 0.505629078772 3.64649157312
4ea4ea- -6.94656758445 0.535397491413 3.6451590745
4ea4ea-4ea -6.74848276989 0.36319117696 3.60279105052
4ea4ea-4ea-4ea -6.67965517044 0.223759133036 3.5451774212
4ea4ea-4ea-4ea- -6.70565745139 0.213144556325 3.53753449477
4ea4ea-4ea4ea -6.68253937068 0.241107168428 3.54544746
4ea4ea-4ea4ea- -6.66397273551 0.259108410006 3.55767639807
4ea4ea4ea -6.8085363676 0.317069605476 3.58223313223
4ea4ea4ea-4ea -6.6619437652 0.242966336611 3.55457457173
4ea4ea4ea-4ea- -6.67971710178 0.224626189326 3.53972189447
4ea4ea4ea4ea -6.70490883831 0.202919844029 3.53718147944
4ea4ea4ea4ea- -6.6787732324 0.21303729856 3.54623440493
4ee -7.16742591753 0.36065077911 3.9286899724
4ee4ee -7.01733245829 0.132931086665 3.56408899272
4ee4ee4ee -6.82866067809 -0.00171920503128 3.3957995647
4ee4ee4ee4ee -6.74057687191 -0.0864724138117 3.34548369027
4ef -7.10946823313 0.853012846212 3.97281368286
4ef4ef -6.87722567784 0.593046144243 3.63961761398
4ef4ef- -6.84610845638 0.696933709924 3.71548547851
4ef4ef-4ef -6.71841247524 0.466395160872 3.59416738376
4ef4ef-4ef-4ef -6.66301602856 0.352359678063 3.5573741152
4ef4ef-4ef-4ef- -6.65294446063 0.378543012465 3.57454184779
4ef4ef-4ef4ef- -6.62336205513 0.420227207702 3.5842125323
4ef4ef4ef -6.67025477673 0.40426532777 3.55219584005
4ef4ef4ef-4ef -6.63465516684 0.459857879065 3.57581320657
4ef4ef4ef-4ef- -6.62645179244 0.451740398622 3.57215227026
4ef4ef4ef4ef -6.56358598059 0.287375913679 3.51228594542
4ef4ef4ef4ef- -6.5648582749 0.371341578724 3.53851987245
4ei -7.14402701963 0.84058887828 3.9903110292
4ei4ei -6.97694342896 0.680279192084 3.75847295033
4ei4ei- -6.97713167636 0.68035168965 3.75842399075
4ei4ei-4ei -6.87186221483 0.600339655021 3.67408731984
4ei4ei-4ei-4ei -6.81544569635 0.514508635842 3.65469083734
4ei4ei-4ei-4ei- -6.79980152919 0.472236110158 3.64774810998
4ei4ei-4ei4ei -6.82211540839 0.498201337327 3.65185518042
4ei4ei-4ei4ei- -6.84241008956 0.543270589867 3.66005951244
4ei4ei4ei -6.85361834893 0.564972928986 3.66613912812
4ei4ei4ei-4ei -6.84248404876 0.543150360676 3.66002798951
4ei4ei4ei-4ei- -6.81358038114 0.515446389107 3.6542742182
4ei4ei4ei4ei -6.79981225012 0.47225601142 3.64775598012
4ei4ei4ei4ei- -6.79840305519 0.469479114871 3.64720027254
4el -7.02434453194 0.943267016573 3.9782857225
4fa -7.38891593271 1.34040550377 4.15418990501
4fa4fa -6.89495412172 0.866218590304 3.93215690802
4fa4fa- -6.96605105242 0.905245733039 3.96088924368
4fa4fa-4fa -6.66005987453 0.680349724676 3.79516118175
4fa4fa-4fa-4fa -6.56280351097 0.566696225018 3.71758334238
4fa4fa-4fa-4fa- -6.65571507563 0.580296490602 3.74590912271
4fa4fa-4fa4fa -6.52171196758 0.548897107564 3.69543662412
4fa4fa-4fa4fa- -6.5727900496 0.56428548276 3.72364621741
4fa4fa4fa -6.6087179253 0.617790404903 3.76512730645
4fa4fa4fa-4fa -6.56650365713 0.551748157242 3.71439940221
4fa4fa4fa-4fa- -6.61507297235 0.539503167776 3.741606906
4fa4fa4fa4fa -6.47055410038 0.479386103081 3.64330778149
4fa4fa4fa4fa- -6.51754131093 0.490291006334 3.66790076897
4fe -7.1090797567 0.853262009985 3.9726175891
4fe4fe -6.87727842168 0.593024993322 3.64004617859
4fe4fe- -6.86681591506 0.62864708018 3.70696992074
4fe4fe-4fe -6.72497606464 0.492461565459 3.61249349358
4fe4fe-4fe-4fe -6.64723280287 0.336616416145 3.55465575055
4fe4fe-4fe-4fe- -6.68752035928 0.378773839965 3.56674729438
4fe4fe-4fe4fe -6.61531061391 0.368539325757 3.56753733157
4fe4fe-4fe4fe- -6.6600898051 0.366960678883 3.58664916195
4fe4fe4fe -6.67025073607 0.404238284116 3.55223428297
4fe4fe4fe-4fe -6.62849185676 0.315683295593 3.53828513576
4fe4fe4fe-4fe- -6.66764867077 0.303000201513 3.53584255637
4fe4fe4fe4fe -6.56358514786 0.287356398781 3.51225202008
4fe4fe4fe4fe- -6.65400734816 0.342209722371 3.54396687887
4ff -7.10200288094 1.30043917208 4.01302027961
4ff4ff -6.73456974873 0.880600595154 3.78327033635
4ff4ff- -6.76920689781 0.872666366664 3.81874914984
4ff4ff-4ff -6.53269820843 0.659286195345 3.63743916664
4ff4ff-4ff-4ff -6.48430877698 0.608955627048 3.57792830086
4ff4ff-4ff-4ff- -6.51748719308 0.622628469228 3.59241857831
4ff4ff-4ff4ff -6.41778446741 0.551763760637 3.54977498253
4ff4ff-4ff4ff- -6.45259002738 0.544090632345 3.56600645327
4ff4ff4ff -6.46494929759 0.642529685504 3.6047327639
4ff4ff4ff-4ff -6.39655913436 0.529575451103 3.53920427351
4ff4ff4ff-4ff- -6.43853171518 0.562083745991 3.56490777628
4ff4ff4ff4ff -6.32563360967 0.506301462799 3.48591208656
4ff4ff4ff4ff- -6.4053792843 0.546955719965 3.53074252433
4fi -7.11672627743 1.32718428709 4.03218230922
4fi4fi -6.88814732841 1.03415932503 3.86397467711
4fi4fi- -6.91005881886 1.01471006389 3.85988597353
4fi4fi-4fi -6.74564313804 0.916854333734 3.77546740506
4fi4fi-4fi-4fi -6.66183789158 0.795139690116 3.7149149182
4fi4fi-4fi-4fi- -6.68766561053 0.765136642711 3.70277497426
4fi4fi-4fi4fi -6.6600242075 0.847366273853 3.7430503177
4fi4fi-4fi4fi- -6.69405799995 0.849130675388 3.75929918661
4fi4fi4fi -6.66019553437 0.817338705614 3.7287176299
4fi4fi4fi-4fi -6.65837802546 0.788666542454 3.74209661054
4fi4fi4fi-4fi- -6.68981736303 0.767428319814 3.73706660728
4fi4fi4fi4fi -6.56255566791 0.712767241201 3.68257940822
4fi4fi4fi4fi- -6.65345249181 0.792004215804 3.75499348385
4fl -7.00744444731 1.40099131429 4.01958258821
4ia -7.42513697424 1.35668327228 4.16870183015
4ia4ia -7.02749772432 0.975212587371 3.98043801734
4ia4ia- -7.01669422215 0.974776524514 3.98171421855
4ia4ia-4ia -6.79523793807 0.793225333218 3.85177797069
4ia4ia-4ia-4ia -6.68974865368 0.668472369562 3.81254134953
4ia4ia-4ia-4ia- -6.66962664901 0.639481813814 3.81320008381
4ia4ia-4ia4ia -6.68753681868 0.66147690544 3.8228556385
4ia4ia-4ia4ia- -6.70567137845 0.690548790827 3.82351383575
4ia4ia4ia -6.78475032264 0.766742648772 3.85184344629
4ia4ia4ia-4ia -6.70768539761 0.692123061717 3.82274143178
4ia4ia4ia-4ia- -6.689899158 0.665239700119 3.82175082484
4ia4ia4ia4ia -6.6747144915 0.6451965001 3.81151430532
4ia4ia4ia4ia- -6.68520336776 0.662984457817 3.80794378339
4ie -7.14406137638 0.840629327498 3.99033065376
4ie4ie -6.97698111046 0.680288626325 3.75847020654
4ie4ie- -6.97714063383 0.680303241373 3.75848012229
4ie4ie-4ie -6.86843461627 0.602430261799 3.67293117042
4ie4ie-4ie-4ie -6.82125863994 0.49690292967 3.65135698486
4ie4ie-4ie-4ie- -6.81548941431 0.514649589575 3.65473530702
4ie4ie-4ie4ie -6.81385807243 0.514858050296 3.65410851886
4ie4ie-4ie4ie- -6.84182359437 0.544520167707 3.65972010617
4ie4ie4ie -6.85337305066 0.564503584606 3.66612975841
4ie4ie4ie-4ie -6.84249697272 0.54314769687 3.6600307426
4ie4ie4ie-4ie- -6.82166266826 0.497951134546 3.65174578499
4ie4ie4ie4ie -6.79978116727 0.472094602431 3.64776927838
4ie4ie4ie4ie- -6.79829636973 0.469406629743 3.64719135696
4if -7.11672769489 1.3271834983 4.03218317636
4if4if -6.88815842527 1.03416523418 3.86397907107
4if4if- -6.88622470859 1.05411458805 3.89033365443
4if4if-4if -6.74565044963 0.916864744991 3.77546324281
4if4if-4if-4if -6.6618410931 0.795142761461 3.71491689577
4if4if-4if-4if- -6.60829095424 0.758102577494 3.70053811933
4if4if-4if4if -6.65871105066 0.788700843412 3.74210563972
4if4if-4if4if- -6.68365296537 0.864813444001 3.76069350165
4if4if4if -6.66017971063 0.817318703113 3.7287089691
4if4if4if-4if -6.66012081942 0.84751057797 3.74311808705
4if4if4if-4if- -6.61308753446 0.817160937917 3.74117798248
4if4if4if4if -6.56255483894 0.712769418593 3.68257959274
4if4if4if4if- -6.58221385307 0.766545223893 3.69444895679
4ii -7.14592381883 1.34577930654 4.05010259525
4ii4ii -7.09265252513 1.21929633669 3.93378372344
4ii4ii4ii -6.95367815484 1.09656743361 3.81246066088
4ii4ii4ii4ii -6.95856176726 1.02703300085 3.80159826498
4il -7.02480166841 1.42250810616 4.03709206748
4la -7.29142383714 1.43702781766 4.1574855588
4la4la- -6.75876143997 1.02421152647 3.9523284182
4la4la-4la-4la- -6.37402313198 0.680038828513 3.69293696393
4le -7.02450296922 0.943612220605 3.97844860841
4le4le- -6.73491694199 0.784923679779 3.71114668511
4le4le-4le-4le- -6.46168634682 0.511238608183 3.54285803526
4lf -7.00744008839 1.40099767338 4.01958242444
4lf4lf- -6.66166262305 1.16706064558 3.87401895044
4lf4lf-4lf-4lf- -6.32795374039 0.839421591948 3.61648991484
4li -7.0247964365 1.42251125619 4.03709087528
4li4li- -6.78431589747 1.1864469159 3.89994034317
4li4li-4li-4li- -6.5106097167 0.968375384487 3.72103449335
4ll -6.91066800325 1.49040420663 4.01742188865
