11 -11.8598095409 2.3992277148 3.0589
1111 -11.562933343 0.0680284596462 1.9043
1111- -11.6875614811 0.0851716314771 2.0270
1111-11- -11.3912295108 -0.885730544594 1.4155
1111-11-11 -11.2837445446 -0.616065730556 1.7771
1111-11-11- -11.3983044706 -1.18505576704 1.4340
1111-1111 -11.278030154 -1.1502251957 1.3470
1111-1111- -11.2837445446 -0.616065730556 1.7771
111111 -11.4551762629 -1.02559705763 1.3282
111111- -11.3915016247 -0.886002658432 1.4153
111111-11 -11.278030154 -1.1502251957 1.3470
111111-11- -11.293268529 -1.46778204533 1.1073
11111111 -11.5202114703 -1.39539976426 1.2977
11111111- -11.3988486983 -1.18532788088 1.4341
12aa -9.33323254962 3.34509541772 6.9948
12aa12aa -8.21239564849 1.82642808458 5.2243
12aa12aa- -8.22464077123 1.82833288145 5.2400
12aa12aa-12aa -7.76014244876 1.20927389867 4.5173
12aa12aa-12aa-12aa -7.49537568382 0.891989162881 4.1331
12aa12aa-12aa-12aa- -7.46244990935 0.927363961897 4.1455
12aa12aa-12aa12aa -7.49455934231 0.903417944102 4.1555
12aa12aa-12aa12aa- -7.52285918152 0.876206560243 4.1480
12aa12aa12aa -7.71116195782 1.25335634052 4.5341
12aa12aa12aa-12aa -7.49455934231 0.903417944102 4.1555
12aa12aa12aa-12aa- -7.46625950309 0.93062932796 4.1629
12aa12aa12aa12aa -7.43306161479 0.960017622528 4.1577
12aa12aa12aa12aa- -7.46244990935 0.927363961897 4.1455
12ae -9.26738100069 2.38915950278 4.4127
12ae12ae -8.37430338245 1.07729868696 4.3429
12ae12ae- -8.36069769052 1.09199283424 4.3272
12ae12ae-12ae -7.95198270497 0.559193938292 4.2108
12ae12ae-12ae-12ae -7.73347529258 0.267760017168 3.8710
12ae12ae-12ae-12ae- -7.71469943772 0.299325222443 3.8896
12ae12ae-12ae12ae -7.71469943772 0.294971401026 3.8999
12ae12ae-12ae12ae- -7.73891756935 0.266671561813 3.8880
12ae12ae12ae -7.94000969607 0.566813125772 4.2476
12ae12ae12ae-12ae -7.73238683723 0.26340619575 3.9048
12ae12ae12ae-12ae- -7.70708025024 0.292794490317 3.9173
12ae12ae12ae12ae -7.70245431498 0.293338717995 3.9200
12ae12ae12ae12ae- -7.71633212075 0.268304244845 3.9053
12af -9.11662993411 3.3146186678 6.4979
12af12af -8.11878848802 1.75050832362 5.0844
12af12af- -8.08586271355 1.65907807385 4.9790
12af12af-12af -7.58109154298 1.08682267131 4.2816
12af12af-12af-12af -7.2336021711 0.791579156444 3.8883
12af12af-12af-12af- -7.21346574705 0.801103140794 3.8870
12af12af-12af12af -7.32965835612 0.779061919869 3.9425
12af12af-12af12af- -7.35088323553 0.698516223647 3.9014
12af12af12af -7.67279390658 1.1072312092 4.3922
12af12af12af-12af -7.38680226223 0.699060451325 3.9301
12af12af12af-12af- -7.36149567524 0.702597931226 3.9192
12af12af12af12af -7.4303404764 0.763007203392 4.0073
12af12af12af12af- -7.4578239741 0.674570205852 3.9632
12ai -9.15581432687 3.45992745761 6.9737
12ai12ai -8.09756360861 1.99840403057 5.2684
12ai12ai- -8.02137173381 1.96248500387 5.1931
12ai12ai-12ai -7.55170324841 1.3646509005 4.4734
12ai12ai-12ai-12ai -7.29972583388 1.04954307542 4.1053
12ai12ai-12ai-12ai- -7.27387501921 1.08138039454 4.1225
12ai12ai-12ai12ai -7.2921066464 1.07294486554 4.1298
12ai12ai-12ai12ai- -7.31006615975 1.04491714017 4.1128
12ai12ai12ai -7.6031327639 1.43676106773 4.5900
12ai12ai12ai-12ai -7.30489599681 1.07457754857 4.1437
12ai12ai12ai-12ai- -7.22326184524 1.06124397048 4.0943
12ai12ai12ai12ai -7.31741323339 1.14913674034 4.2146
12ai12ai12ai12ai- -7.29537201246 1.09634665566 4.1577
12al -8.86084292584 3.25257671261 6.6104
12al12al -7.72095805601 1.90125939019 4.9514
12al12al- -7.79823838617 1.94833508427 5.0273
12al12al-12al -7.3457130726 1.34941252554 4.3145
12al12al-12al-12al -7.00067272527 0.998385673768 3.8693
12al12al-12al-12al- -7.13509696153 1.15539535863 4.0132
12al12al-12al12al -7.01645532791 1.0239643746 3.8966
12al12al-12al12al- -7.0643473635 1.01770575631 3.9085
12al12al12al -7.15142379185 1.34750772867 4.2399
12al12al12al-12al -6.99604679002 1.04355657097 3.9287
12al12al12al-12al- -6.97373345525 1.12029267345 3.9563
12al12al12al12al -6.81726799807 1.06804681645 3.8455
12al12al12al12al- -6.85944564305 1.06042762897 3.8569
12ea -9.26738100069 2.38915950278 4.4127
12ea12ea -8.37430338245 1.07729868696 4.3427
12ea12ea- -8.36042557668 1.09199283424 4.3272
12ea12ea-12ea -7.95198270497 0.559193938292 4.2109
12ea12ea-12ea-12ea -7.73347529258 0.267760017168 3.8710
12ea12ea-12ea-12ea- -7.71633212075 0.268304244845 3.9053
12ea12ea-12ea12ea -7.73238683723 0.26340619575 3.9048
12ea12ea-12ea12ea- -7.73864545552 0.266943675652 3.8878
12ea12ea12ea -7.94000969607 0.566813125772 4.2477
12ea12ea12ea-12ea -7.71469943772 0.294971401026 3.8999
12ea12ea12ea-12ea- -7.70708025024 0.292794490317 3.9174
12ea12ea12ea12ea -7.70245431498 0.293610831833 3.9201
12ea12ea12ea12ea- -7.71469943772 0.299325222443 3.8896
12ee -9.3718727147 2.20058461264 4.3543
12ee12ee -8.66546518974 0.817702084948 4.2266
12ee12ee- -8.41974639349 0.54803727091 4.2534
12ee12ee-12ee -8.07878775375 0.181227816498 4.0293
12ee12ee-12ee-12ee- -8.07443393233 0.109389763111 4.0199
12ee12ee-12ee12ee -7.9487173389 -0.0141499196064 3.8443
12ee12ee-12ee12ee- -7.88912440825 -0.043266100335 3.7786
12ee12ee12ee -8.38056200074 0.428579295771 4.2087
12ee12ee12ee-12ee -7.9487173389 -0.0141499196064 3.8443
12ee12ee12ee-12ee- -8.01620157087 0.0212248794096 3.9353
12ee12ee12ee12ee -8.23198784487 0.234834242699 4.2004
12ee12ee12ee12ee- -8.07443393233 0.109389763111 4.0198
12ef -9.2216658758 2.34888665466 4.3792
12ef12ef -8.21783792526 1.02995087904 4.2942
12ef12ef- -8.28124044965 0.893893959751 4.3208
12ef12ef-12ef -7.74381561845 0.484090518843 3.9168
12ef12ef-12ef-12ef -7.4458509652 0.173880742856 3.5854
12ef12ef-12ef-12ef- -7.50027373292 0.14041074071 3.6376
12ef12ef-12ef12ef -7.49292665927 0.225854486025 3.6300
12ef12ef-12ef12ef- -7.55197536225 0.118369519784 3.5899
12ef12ef12ef -7.78300001121 0.508580764315 3.9895
12ef12ef12ef-12ef -7.53728121496 0.158914481734 3.6004
12ef12ef12ef-12ef- -7.59143186884 0.0778245578353 3.6301
12ef12ef12ef12ef -7.55034267922 0.217691070868 3.6590
12ef12ef12ef12ef- -7.6151057728 0.100954234115 3.6090
12ei -9.15608644071 2.42698332634 4.4065
12ei12ei -8.42654923946 1.4005699272 4.3527
12ei12ei- -8.15144214865 1.22560072899 4.3238
12ei12ei-12ei -7.73483586178 0.718924761541 4.1552
12ei12ei-12ei-12ei -7.63170471695 0.568717922642 3.9983
12ei12ei-12ei-12ei- -7.75497228583 0.675930775045 4.1855
12ei12ei-12ei12ei -7.6031327639 0.527900846855 3.9723
12ei12ei-12ei12ei- -7.53347162122 0.471845396106 3.8727
12ei12ei12ei -8.11361832509 1.0000183568 4.3485
12ei12ei12ei-12ei -7.58843861662 0.514023041087 3.9378
12ei12ei12ei-12ei- -7.70218220115 0.615521502879 4.1109
12ei12ei12ei12ei -7.9500779081 0.806273303727 4.3391
12ei12ei12ei12ei- -7.77102700231 0.691441263844 4.1834
12el -9.067921557 2.29065429321 4.3737
12el12el -8.3732149271 1.22750552586 4.3151
12el12el- -7.93130205323 1.30288105914 4.6694
12el12el-12el -7.80150375223 0.602460038627 4.1015
12el12el-12el-12el -7.62082016341 0.364632543704 3.8546
12el12el-12el-12el- -7.737829114 0.91729574987 4.2383
12el12el-12el12el -7.69918894892 0.388578561499 3.9075
12el12el-12el12el- -7.56884642024 0.31537993892 3.7780
12el12el12el -7.95143847729 0.807089645243 4.2889
12el12el12el-12el -7.61047983754 0.374428641893 3.8501
12el12el12el-12el- -7.72259073904 0.57116694719 4.0564
12el12el12el12el -7.7152436654 0.593480281954 4.0944
12el12el12el12el- -7.58462902288 0.517560520989 3.9414
12fa -9.0262881397 3.27135256747 6.7005
12fa12fa -7.89130131896 1.87840182775 5.0526
12fa12fa- -8.08586271355 1.65907807385 4.9790
12fa12fa-12fa -7.48013730886 1.19240284068 4.3026
12fa12fa-12fa-12fa -7.29401144327 0.826681841621 3.9348
12fa12fa-12fa-12fa- -7.4578239741 0.674570205852 3.9632
12fa12fa-12fa12fa -7.14026712447 0.925731278866 3.9439
12fa12fa-12fa12fa- -7.35088323553 0.698516223647 3.9014
12fa12fa12fa -7.33673331593 1.30206471763 4.3398
12fa12fa12fa-12fa -7.19468989219 0.863145095991 3.9014
12fa12fa12fa-12fa- -7.36149567524 0.702597931226 3.9192
12fa12fa12fa12fa -7.0178158971 1.01525673176 3.9520
12fa12fa12fa12fa- -7.21346574705 0.801103140794 3.8870
12fe -9.25295896724 2.11622932267 4.3903
12fe12fe -8.12314230944 1.10260527395 4.6633
12fe12fe- -8.28124044965 0.893893959751 4.6095
12fe12fe-12fe -7.68449480164 0.549669953942 3.9797
12fe12fe-12fe-12fe -7.52449186455 0.270481155553 3.6525
12fe12fe-12fe-12fe- -7.6151057728 0.100954234115 3.6090
12fe12fe-12fe12fe -7.37047543191 0.322727012562 3.6692
12fe12fe-12fe12fe- -7.55197536225 0.118369519784 3.5898
12fe12fe12fe -7.61728268351 0.601099469434 4.0521
12fe12fe12fe-12fe -7.45238169732 0.222589119962 3.6311
12fe12fe12fe-12fe- -7.59170398268 0.0780966716739 3.6303
12fe12fe12fe12fe -7.33401217754 0.334700021459 3.7075
12fe12fe12fe12fe- -7.50027373292 0.140682854548 3.6377
12ff -9.06111871104 3.35217037753 6.3555
12ff12ff -7.92858091485 1.83050979216 5.0199
12ff12ff- -8.13946913975 1.59159384188 5.0225
12ff12ff-12ff -7.46353836471 1.18940958845 4.2832
12ff12ff-12ff-12ff -7.17890728955 0.811715580499 3.8634
12ff12ff-12ff-12ff- -7.36095144756 0.591303371245 3.8554
12ff12ff-12ff12ff -7.13292005083 0.907227537842 3.9115
12ff12ff-12ff12ff- -7.3682985212 0.645998252801 3.8793
12ff12ff12ff -7.41537421528 1.1883211331 4.2930
12ff12ff12ff-12ff -7.25346648132 0.768993707841 3.8936
12ff12ff12ff-12ff- -7.43415007014 0.531982554434 3.8694
12ff12ff12ff12ff -7.13183159547 0.849539404062 3.8989
12ff12ff12ff12ff- -7.36095144756 0.591303371245 3.8554
12fi -8.9226127672 3.40822582828 6.7499
12fi12fi -7.93021359788 2.14235225118 5.2461
12fi12fi- -7.90735603544 1.82125792165 4.9813
12fi12fi-12fi -7.29183453256 1.37145374647 4.2958
12fi12fi-12fi-12fi -7.28312688973 1.14260600822 4.1395
12fi12fi-12fi-12fi- -7.65755553162 1.0606997428 4.3309
12fi12fi-12fi12fi -7.01455053104 1.15131365105 4.0057
12fi12fi-12fi12fi- -7.13945078295 0.872124852665 3.8606
12fi12fi12fi -7.42925202105 1.61744465655 4.6009
12fi12fi12fi-12fi -7.06842907108 1.08655055747 3.9650
12fi12fi12fi-12fi- -7.37945518858 0.965187785461 4.0919
12fi12fi12fi12fi -7.20149273815 1.39730456113 4.3033
12fi12fi12fi12fi- -7.17319289894 1.05743437674 4.0107
12fl -8.90438114001 3.31570712316 6.7238
12fl12fl -7.6151057728 2.01663565775 4.9433
12fl12fl- -7.79442879243 1.84193857338 4.9311
12fl12fl-12fl -7.19414566451 1.40710065932 4.2508
12fl12fl-12fl-12fl -7.16530159762 0.890628593688 3.8786
12fl12fl-12fl-12fl- -7.3076171352 0.709128663352 3.8662
12fl12fl-12fl12fl -6.84475149576 1.13280991003 3.8566
12fl12fl-12fl12fl- -7.04067345955 0.950221524339 3.8524
12fl12fl12fl -7.02108126317 1.51104814566 4.2338
12fl12fl12fl-12fl -6.85808507386 1.11104080294 3.8456
12fl12fl12fl-12fl- -7.37918307475 0.668583701403 3.8977
12fl12fl12fl12fl -6.6722313221 1.26777837397 3.8393
12fl12fl12fl12fl- -6.83658808061 1.07648234544 3.7857
12ia -9.15581432687 3.45992745761 6.9737
12ia12ia -8.09756360861 1.99840403057 5.2684
12ia12ia- -8.02137173381 1.96248500387 5.1931
12ia12ia-12ia -7.55170324841 1.3646509005 4.4734
12ia12ia-12ia-12ia -7.29972583388 1.04954307542 4.1053
12ia12ia-12ia-12ia- -7.29537201246 1.09634665566 4.1579
12ia12ia-12ia12ia -7.30462388297 1.07457754857 4.1436
12ia12ia-12ia12ia- -7.31006615975 1.04491714017 4.1128
12ia12ia12ia -7.6031327639 1.43648895389 4.5900
12ia12ia12ia-12ia -7.2921066464 1.07294486554 4.1297
12ia12ia12ia-12ia- -7.22326184524 1.06124397048 4.0943
12ia12ia12ia12ia -7.31741323339 1.14913674034 4.2148
12ia12ia12ia12ia- -7.27414713305 1.08138039454 4.1227
12ie -9.15608644071 2.42698332634 4.4065
12ie12ie -8.42654923946 1.4005699272 4.3527
12ie12ie- -8.15144214865 1.22560072899 4.3238
12ie12ie-12ie -7.73483586178 0.718924761541 4.1552
12ie12ie-12ie-12ie -7.63279317231 0.57116694719 4.0007
12ie12ie-12ie-12ie- -7.77102700231 0.691441263844 4.1835
12ie12ie-12ie12ie -7.58816650278 0.514023041087 3.9378
12ie12ie-12ie12ie- -7.53347162122 0.471845396106 3.8727
12ie12ie12ie -8.11334621125 1.0000183568 4.3485
12ie12ie12ie-12ie -7.6031327639 0.527900846855 3.9723
12ie12ie12ie-12ie- -7.70218220115 0.615521502879 4.1110
12ie12ie12ie12ie -7.9500779081 0.806545417566 4.3391
12ie12ie12ie12ie- -7.75497228583 0.675930775045 4.1855
12if -8.98574317775 3.46727453125 6.4471
12if12if -8.26572996086 2.12684176238 5.3980
12if12if- -7.90735603544 1.82125792165 4.9813
12if12if-12if -7.37891096091 1.29063593641 4.2672
12if12if-12if-12if -7.08393955988 1.02641339914 3.9248
12if12if-12if-12if- -7.17319289894 1.05743437674 4.0107
12if12if-12if12if -7.24829631839 1.05226421381 4.0317
12if12if-12if12if- -7.13945078295 0.872124852665 3.8606
12if12if12if -7.99388823611 1.58506310976 4.8757
12if12if12if-12if -7.31659689187 0.958112825657 4.0320
12if12if12if-12if- -7.37945518858 0.965187785461 4.0919
12if12if12if12if -7.87361391945 1.33036455684 4.6309
12if12if12if12if- -7.65755553162 1.0606997428 4.3309
12ii -8.99934886968 3.57040567607 6.9752
12ii12ii -8.2526684966 2.38562202287 5.6321
12ii12ii- -7.8415044865 2.09718135397 5.1705
12ii12ii-12ii -7.42217706124 1.57036896247 4.5248
12ii12ii-12ii-12ii -7.3527880324 1.4111823669 4.3949
12ii12ii-12ii-12ii- -7.51578422172 1.58288619905 4.6139
12ii12ii-12ii12ii -7.31441998116 1.38451521072 4.3367
12ii12ii-12ii12ii- -7.20366964886 1.28519365964 4.2043
12ii12ii12ii -7.884498473 1.9034363009 5.0954
12ii12ii12ii-12ii -7.31441998116 1.38451521072 4.3367
12ii12ii12ii-12ii- -7.42081649205 1.47376854978 4.4833
12ii12ii12ii12ii -7.74844155371 1.73390937946 4.8913
12ii12ii12ii12ii- -7.51578422172 1.58288619905 4.6139
12il -9.12560969078 3.36740875249 6.9174
12il12il -8.20423223334 1.99731557521 5.3079
12il12il- -7.92449920727 1.93391305082 5.1093
12il12il-12il -7.48013730886 1.25553325123 4.3329
12il12il-12il-12il -7.30353542762 1.03158356208 4.0769
12il12il-12il-12il- -7.33428429138 1.23321991647 4.2323
12il12il-12il12il -7.30462388297 1.04382868481 4.0964
12il12il-12il12il- -7.26924908396 1.08845535434 4.1053
12il12il12il-12il -7.36176778908 1.16110974924 4.2256
12il12il12il-12il- -7.28122209286 1.05117575845 4.0895
12il12il12il12il -7.56177146044 1.29852723773 4.4549
12il12il12il12il- -7.43197315943 1.18260674249 4.2838
12la -9.05839757265 3.3801981029 6.8281
12la12la -7.99388823611 1.89581711342 5.0552
12la12la- -7.79823838617 1.94833508427 5.0273
12la12la-12la -7.39414933587 1.22804975353 4.2426
12la12la-12la-12la -7.03768020732 0.916751522193 3.8290
12la12la-12la-12la- -6.85944564305 1.06042762897 3.8569
12la12la-12la12la -7.18326111096 0.946411930598 3.9472
12la12la-12la12la- -7.0643473635 1.01770575631 3.9085
12la12la12la -7.51877747394 1.36519512818 4.4262
12la12la12la-12la -7.14570940124 0.987773234063 3.9450
12la12la12la-12la- -6.97373345525 1.12029267345 3.9563
12la12la12la12la -6.84039767435 1.08627844363 3.8684
12la12la12la12la- -6.84121401586 1.09335340343 3.8481
12le -9.18084880002 2.38997584429 4.3792
12le12le -8.61757315415 1.48002716806 4.3431
12le12le- -7.93130205323 1.30315317298 4.6695
12le12le-12le -7.86871587036 0.744775576207 4.2047
12le12le-12le-12le- -7.58462902288 0.51728840715 3.9413
12le12le-12le12le -7.85238904004 0.569534264158 4.0863
12le12le-12le12le- -7.56884642024 0.31537993892 3.7780
12le12le12le -8.41430411672 1.12791186093 4.3363
12le12le12le-12le -7.76830586392 0.586133208312 4.0555
12le12le12le-12le- -7.7223186252 0.570894833351 4.0561
12le12le12le12le -8.29756727997 0.934438921701 4.3327
12le12le12le12le- -7.56939064792 0.761102406522 4.0661
12lf -9.03962171779 3.44360062729 6.4038
12lf12lf -8.68614584147 2.26507559238 5.7716
12lf12lf- -7.79442879243 1.84193857338 4.9311
12lf12lf-12lf -7.34516884492 1.23213146111 4.2138
12lf12lf-12lf-12lf -7.15523338559 0.939336970795 3.8921
12lf12lf-12lf-12lf- -6.83658808061 1.07648234544 3.7857
12lf12lf-12lf12lf -7.12475663567 0.969813720717 3.9093
12lf12lf-12lf12lf- -7.04067345955 0.950221524339 3.8523
12lf12lf12lf -7.43251738711 1.25825438962 4.3052
12lf12lf12lf-12lf -7.22571086978 0.843825013452 3.8875
12lf12lf12lf-12lf- -7.57592138004 0.677019230399 3.9932
12lf12lf12lf12lf -7.16421314226 0.922465912803 3.9218
12lf12lf12lf12lf- -7.30734502136 0.708856549514 3.8660
12li -8.94084439438 3.52713957574 6.8838
12li12li -8.15280271784 2.30534844049 5.4390
12li12li- -7.92449920727 1.93391305082 5.1093
12li12li-12li -7.42952413488 1.28900325338 4.3234
12li12li-12li-12li -7.2646231487 1.05961128745 4.0730
12li12li-12li-12li- -7.37020331807 1.191858613 4.2562
12li12li-12li12li -7.18979184309 0.978521363551 3.9795
12li12li-12li12li- -7.26924908396 1.08845535434 4.1053
12li12li12li -7.42952413488 1.28900325338 4.3234
12li12li12li-12li -7.18951972925 0.978521363551 3.9795
12li12li12li-12li- -7.28122209286 1.05117575845 4.0895
12li12li12li12li -7.18979184309 0.978521363551 3.9795
12li12li12li12li- -7.25618761971 1.05988340129 4.0689
12ll -8.8534958522 3.42618534162 6.7652
12ll12ll -8.36069769052 2.26398713703 5.5162
12ll12ll- -7.46108934016 2.176366481 4.9374
12ll12ll-12ll -7.91361465373 1.59159384188 4.8492
12ll12ll-12ll-12ll -7.50816503423 1.131177227 4.2765
12ll12ll-12ll-12ll- -7.59660203177 1.44791773511 4.5345
12ll12ll-12ll12ll -7.84232082802 1.399209358 4.6691
12ll12ll-12ll12ll- -7.4994573914 1.32628284926 4.4279
12ll12ll12ll -8.10926450367 1.84520393944 5.1017
12ll12ll12ll-12ll -7.69918894892 1.37798447859 4.5736
12ll12ll12ll-12ll- -7.49183820392 1.47023106987 4.5022
12ll12ll12ll12ll -7.96694896609 1.64003010515 4.8794
12ll12ll12ll12ll- -7.59360877955 1.54506237549 4.6046
2 -10.752034104 3.44142371658 8.3561
22 -9.39282548027 2.01881256846 6.5040
22- -9.39173702492 1.78724369183 5.8967
22-2 -8.67417283257 0.969269493039 4.8154
22-2- -8.67281226338 1.09199283424 5.1021
22-2-2 -8.22409654355 0.573888085576 4.4509
22-2-2- -8.22382442971 0.63837906532 4.6040
22-22 -8.2349810971 0.54613247404 4.3443
22-22- -8.23525321093 0.479192469748 4.2055
222 -8.66927478348 1.21526040312 5.4656
222- -8.67281226338 1.09199283424 5.1021
222-2 -8.2349810971 0.54613247404 4.3443
222-2- -8.2349810971 0.624229145714 4.5197
2222 -8.22409654355 0.712666143254 4.8202
2222- -8.22382442971 0.63837906532 4.6040
4aa -9.87718811296 2.47759650032 5.9093
4aa4aa -9.03009773344 1.46642147613 5.6634
4aa4aa- -9.03036984728 1.46669358997 5.6637
4aa4aa-4aa -8.67689397096 1.00056258448 5.2963
4aa4aa-4aa-4aa -8.50083631739 0.773619643097 5.0446
4aa4aa-4aa-4aa- -8.50083631739 0.773891756935 5.0448
4aa4aa-4aa4aa -8.50709493568 0.761102406522 5.0338
4aa4aa-4aa4aa- -8.5079112772 0.762190861876 5.0350
4aa4aa4aa -8.6722680357 1.02151535005 5.3149
4aa4aa4aa-4aa -8.50056420355 0.773619643097 5.0445
4aa4aa4aa-4aa- -8.50056420355 0.773619643097 5.0445
4aa4aa4aa4aa -8.48723062546 0.779878261384 5.0439
4aa4aa4aa4aa- -8.5079112772 0.762190861876 5.0350
4ae -9.37024003167 1.44329179985 4.4101
4ae4ae -9.1193510725 0.983419412646 4.3529
4ae4ae- -9.09050700561 1.00219526751 4.3568
4ae4ae-4ae -8.86982268251 0.684094190202 4.3539
4ae4ae-4ae-4ae -8.75553487031 0.495519300063 4.3532
4ae4ae-4ae-4ae- -8.76288194395 0.503682715221 4.3523
4ae4ae-4ae4ae -8.75580698415 0.504499056736 4.3534
4ae4ae-4ae4ae- -8.74927625202 0.504499056736 4.3537
4ae4ae4ae -8.89376870031 0.673753864336 4.3503
4ae4ae4ae-4ae -8.75499064263 0.499601007642 4.3504
4ae4ae4ae-4ae- -8.76288194395 0.498512552288 4.3506
4ae4ae4ae4ae -8.76723576537 0.501505804512 4.3497
4ae4ae4ae4ae- -8.7617934886 0.497424096933 4.3494
4af -9.20343424862 2.34888665466 5.6870
4af4af -8.77703186356 1.47812237119 5.3679
4af4af- -8.75961657789 1.53444993578 5.3674
4af4af-4af -8.56995323239 1.08192462221 5.0639
4af4af-4af-4af -8.47852298263 0.821511678688 4.9214
4af4af-4af-4af- -8.43199151623 0.85770281922 4.9182
4af4af-4af4af -8.49757095133 0.782871513609 4.9101
4af4af-4af4af- -8.45240005412 0.84028753355 4.9143
4af4af4af -8.46546151838 1.05280844149 5.0669
4af4af4af-4af -8.3386564696 0.900152578039 4.8876
4af4af4af-4af- -8.28940386481 0.940153312311 4.8830
4af4af4af4af -8.28749906794 0.827226069298 4.8697
4af4af4af4af- -8.25647809034 0.884369975401 4.8785
4ai -9.54031118079 2.50344731498 5.8208
4ai4ai -9.0728196061 1.71268450005 5.6309
4ai4ai- -9.07227537842 1.71839889066 5.6286
4ai4ai-4ai -8.80206633671 1.36437878666 5.5041
4ai4ai-4ai-4ai -8.66845844196 1.18042983178 5.4433
4ai4ai-4ai-4ai- -8.65839022993 1.17172218895 5.4302
4ai4ai-4ai4ai -8.66573730358 1.17553178269 5.4278
4ai4ai-4ai4ai- -8.66356039287 1.17090584743 5.4255
4ai4ai4ai -8.80179422287 1.36655569737 5.5125
4ai4ai4ai-4ai -8.66192770983 1.16981739208 5.4368
4ai4ai4ai-4ai- -8.6651930759 1.1777086934 5.4428
4ai4ai4ai4ai -8.66682575893 1.18423942552 5.4503
4ai4ai4ai4ai- -8.65920657145 1.17253853046 5.4436
4al -9.07173115074 2.42290161876 5.6903
4ea -9.37024003167 1.44301968602 4.4098
4ea4ea -9.11962318633 0.983419412646 4.3529
4ea4ea- -9.09077911944 1.00219526751 4.3569
4ea4ea-4ea -8.86982268251 0.684094190202 4.3539
4ea4ea-4ea-4ea -8.75363007344 0.496607755417 4.3537
4ea4ea-4ea-4ea- -8.7653309685 0.49606352774 4.3498
4ea4ea-4ea4ea -8.75580698415 0.497424096933 4.3507
4ea4ea-4ea4ea- -8.74900413818 0.504499056736 4.3537
4ea4ea4ea -8.89376870031 0.673753864336 4.3503
4ea4ea4ea-4ea -8.75254161808 0.510213447347 4.3536
4ea4ea4ea-4ea- -8.75662332566 0.499601007642 4.3504
4ea4ea4ea4ea -8.76696365153 0.501233690673 4.3496
4ea4ea4ea4ea- -8.75662332566 0.503682715221 4.3529
4ee -9.12969139836 0.69416240223 4.3811
4ee4ee -9.02002952141 0.393748724432 4.3142
4ee4ee4ee -8.92206853952 0.218779526222 4.3104
4ee4ee4ee4ee -8.85567276291 0.115920495237 4.3097
4ef -8.90084366011 1.69744612509 4.4334
4ef4ef -8.70573803785 1.1763481242 4.3894
4ef4ef- -8.72641868958 1.3815219585 4.3905
4ef4ef-4ef -8.66736998661 0.862600868314 4.3911
4ef4ef-4ef-4ef -8.54872835298 0.555384344552 4.3715
4ef4ef-4ef-4ef- -8.50274111426 0.649807846541 4.3709
4ef4ef-4ef4ef- -8.5876406319 0.813620377369 4.3879
4ef4ef4ef -8.55934079269 0.848723062546 4.3852
4ef4ef4ef-4ef -8.52451022135 0.863689323669 4.3880
4ef4ef4ef-4ef- -8.46546151838 0.877022901759 4.3684
4ef4ef4ef4ef -8.46192403848 0.669400042919 4.3837
4ef4ef4ef4ef- -8.45729810322 0.78831379038 4.3848
4ei -9.1348615613 1.49825879525 4.4154
4ei4ei -9.03798903476 1.23349203031 4.3824
4ei4ei- -9.0382611486 1.23458048566 4.3824
4ei4ei-4ei -8.99254602372 1.12410226719 4.3819
4ei4ei-4ei-4ei -8.95472220015 1.02151535005 4.3818
4ei4ei-4ei-4ei- -8.95281740328 0.991582827803 4.3829
4ei4ei-4ei4ei -8.95472220015 0.998113559929 4.3836
4ei4ei-4ei4ei- -8.96234138763 1.04056331875 4.3809
4ei4ei4ei -8.98628740543 1.08682267131 4.3828
4ei4ei4ei-4ei -8.96234138763 1.04110754643 4.3809
4ei4ei4ei-4ei- -8.9536337448 1.01498461792 4.3815
4ei4ei4ei4ei -8.95281740328 0.991582827803 4.3829
4ei4ei4ei4ei- -8.95227317561 0.992127055481 4.3829
4el -8.79580771842 1.7271065335 4.4328
4fa -9.20343424862 2.34888665466 5.6869
4fa4fa -8.77703186356 1.47812237119 5.3680
4fa4fa- -8.97812399027 1.37145374647 5.3625
4fa4fa-4fa -8.56995323239 1.08192462221 5.0639
4fa4fa-4fa-4fa -8.47852298263 0.821511678688 4.9214
4fa4fa-4fa-4fa- -8.71907161594 0.617426299749 4.9409
4fa4fa-4fa4fa -8.3386564696 0.900152578039 4.8876
4fa4fa-4fa4fa- -8.59988575464 0.726271835183 4.9301
4fa4fa4fa -8.46546151838 1.05280844149 5.0669
4fa4fa4fa-4fa -8.49757095133 0.782871513609 4.9101
4fa4fa4fa-4fa- -8.74873202434 0.601643697111 4.9671
4fa4fa4fa4fa -8.28749906794 0.827770296975 4.8699
4fa4fa4fa4fa- -8.52314965216 0.654161667958 4.9098
4fe -8.90029943244 1.69799035277 4.4334
4fe4fe -8.70573803785 1.1763481242 4.3893
4fe4fe- -8.78410682336 1.02205957772 4.3887
4fe4fe-4fe -8.67879876783 0.879199812468 4.3909
4fe4fe-4fe-4fe -8.55253794672 0.551030523134 4.3734
4fe4fe-4fe-4fe- -8.62546445546 0.428579295771 4.3741
4fe4fe-4fe4fe -8.53593900257 0.791579156444 4.3878
4fe4fe-4fe4fe- -8.71009185926 0.64409345593 4.3880
4fe4fe4fe -8.55934079269 0.848723062546 4.3851
4fe4fe4fe-4fe -8.63961437507 0.613072478332 4.3892
4fe4fe4fe-4fe- -8.68832275218 0.372795958861 4.3750
4fe4fe4fe4fe -8.46192403848 0.66912792908 4.3837
4fe4fe4fe4fe- -8.65376429468 0.514295154925 4.3862
4ff -8.70519381017 2.18072030242 5.3345
4ff4ff -8.40233110782 1.45036675966 4.9961
4ff4ff- -8.54736778379 1.30424162834 5.0385
4ff4ff-4ff -8.37076590255 0.981786729614 4.7735
4ff4ff-4ff-4ff -8.41457623056 0.749401511463 4.6529
4ff4ff-4ff-4ff- -8.59281079483 0.618242641265 4.6407
4ff4ff-4ff4ff -8.23987914619 0.777157122999 4.6484
4ff4ff-4ff4ff- -8.39634460338 0.629399308647 4.6691
4ff4ff4ff -8.17538816645 1.06097185664 4.7224
4ff4ff4ff-4ff -8.24314451225 0.779606147546 4.6554
4ff4ff4ff-4ff- -8.41512045824 0.662325083116 4.6530
4ff4ff4ff4ff -8.02899092129 0.848723062546 4.5538
4ff4ff4ff4ff- -8.21321199001 0.731169884278 4.6001
4fi -8.94220496358 2.36548559882 5.5715
4fi4fi -8.72342543736 1.78506678112 5.3780
4fi4fi- -8.8570333321 1.57526701157 5.3347
4fi4fi-4fi -8.6771660848 1.52900765901 5.2823
4fi4fi-4fi-4fi -8.58981754261 1.25090731597 5.1529
4fi4fi-4fi-4fi- -8.73158885251 1.02777396834 5.1282
4fi4fi-4fi4fi -8.53866014096 1.41526407448 5.2255
4fi4fi-4fi4fi- -8.75009259354 1.22696129818 5.2441
4fi4fi4fi -8.53811591328 1.44111488915 5.2128
4fi4fi4fi-4fi -8.661655596 1.27458121993 5.2234
4fi4fi4fi-4fi- -8.79744040145 1.04001909107 5.1879
4fi4fi4fi4fi -8.44396452513 1.29580609934 5.1407
4fi4fi4fi4fi- -8.64315185497 1.16981739208 5.2481
4fl -8.61485201576 2.26398713703 5.3619
4ia -9.54031118079 2.50344731498 5.8208
4ia4ia -9.0728196061 1.71241238621 5.6309
4ia4ia- -9.07227537842 1.71839889066 5.6286
4ia4ia-4ia -8.80179422287 1.36356244515 5.5039
4ia4ia-4ia-4ia -8.66845844196 1.18042983178 5.4433
4ia4ia-4ia-4ia- -8.65920657145 1.17226641662 5.4435
4ia4ia-4ia4ia -8.66192770983 1.16981739208 5.4369
4ia4ia-4ia4ia- -8.66356039287 1.17090584743 5.4256
4ia4ia4ia -8.80179422287 1.36655569737 5.5125
4ia4ia4ia-4ia -8.66573730358 1.17553178269 5.4278
4ia4ia4ia-4ia- -8.66546518974 1.17798080723 5.4432
4ia4ia4ia4ia -8.66682575893 1.18423942552 5.4503
4ia4ia4ia4ia- -8.65839022993 1.17172218895 5.4302
4ie -9.1348615613 1.49825879525 4.4155
4ie4ie -9.0382611486 1.23376414414 4.3824
4ie4ie- -9.0382611486 1.23430837182 4.3824
4ie4ie-4ie -8.99118545452 1.11621096588 4.3811
4ie4ie-4ie-4ie -8.95472220015 1.00246738135 4.3837
4ie4ie-4ie-4ie- -8.95472220015 1.02124323621 4.3818
4ie4ie-4ie4ie -8.95417797248 1.02042689469 4.3817
4ie4ie-4ie4ie- -8.96206927379 1.04192388794 4.3808
4ie4ie4ie -8.98601529159 1.08518998828 4.3826
4ie4ie4ie-4ie -8.96234138763 1.04110754643 4.3809
4ie4ie4ie-4ie- -8.95445008631 0.997025104575 4.3834
4ie4ie4ie4ie -8.95281740328 0.991038600126 4.3829
4ie4ie4ie4ie- -8.95200106177 0.991310713965 4.3828
4if -8.94220496358 2.36548559882 5.5715
4if4if -8.72342543736 1.78506678112 5.3780
4if4if- -8.73050039716 1.88166719381 5.4369
4if4if-4if -8.6771660848 1.52900765901 5.2823
4if4if-4if-4if -8.58981754261 1.25090731597 5.1529
4if4if-4if-4if- -8.52178908296 1.23185934727 5.1164
4if4if-4if4if -8.66219982367 1.27458121993 5.2235
4if4if-4if4if- -8.64070283043 1.35539902999 5.2461
4if4if4if -8.53811591328 1.44111488915 5.2127
4if4if4if-4if -8.53893225479 1.41553618832 5.2257
4if4if4if-4if- -8.45920290009 1.44084277531 5.1800
4if4if4if4if -8.44396452513 1.29580609934 5.1407
4if4if4if4if- -8.44831834655 1.35458268848 5.1613
4ii -9.24044173067 2.52440008055 5.7254
4ii4ii -9.20044099639 2.32956657213 5.6739
4ii4ii4ii -9.17404595405 2.19514233586 5.6260
4ii4ii4ii4ii -9.16996424647 2.15595794311 5.6245
4il -8.83199885895 2.45120145797 5.5817
4la -9.07173115074 2.42290161876 5.6903
4la4la- -8.65757388842 1.66043864305 5.3958
4la4la-4la-4la- -8.14654409956 1.05471323836 4.9131
4le -8.79607983226 1.72765076118 4.4336
4le4le- -8.6102260805 1.44247545834 4.3964
4le4le-4le-4le- -8.32831614373 0.927636075736 4.3872
4lf -8.61485201576 2.26398713703 5.3619
4lf4lf- -8.32613923302 1.85227889925 5.1584
4lf4lf-4lf-4lf- -7.95116636345 1.04029120491 4.6864
4li -8.83199885895 2.45120145797 5.5817
4li4li- -8.62954616304 2.01255395017 5.4589
4li4li-4li-4li- -8.38110622842 1.60002937088 5.2460
4ll -8.49702672365 2.31405608333 5.3506
