12aa4fd-4al-12di4ah-12dh-13li-6ll -3.85857423113 -2.74290749294 0.3415
12ad4hf4ei4id6fd13af-4id-12ea -3.59353535235 -2.65147724317 0.2598
12ad6dh4ei-13id-6ff-13dd12el12df- -4.3540935312 -2.99597336282 0.9410
12ad6ia-13lf6ie-12ae12fi-13ea4ih- -3.36006167885 -2.3505193377 0.3379
12ae13dh6ed6lf13he6fh4fd6il -3.62618901298 -2.50562422569 0.6591
12al13ha-12li4ff13hl6di4hh13ah- -2.58698626343 -1.29254073328 0.6875
12al4ha-6ae12ei4fa-12fi-12da-4ee -3.49040420753 -2.33473673506 0.1755
12da12lf-6id4if12fa-6fi-4aa6ff -4.17096091783 -2.37256055862 1.2404
12df13hh13dl4fd-13ei6ii-6ie12hf -4.05504042259 -1.94479760437 1.8379
12di12ah-6he6hd-12fa-12fl-13da4ed -4.23218653151 -2.4160987728 1.5454
12ee13fe6ff-4fd12ha-12ae12aa-6le- -3.17692906548 -2.18371355464 0.3547
12ee6de-4ae-12id4fh-12el12df-6la -4.54865492579 -2.87188945243 1.4662
12ef6lh-13fl-4af-13ah-12hi-6ah-12lf -3.3505376945 -1.64111856051 1.2862
12fa13df13ef13ff-6fd12eh13la12la -3.47652640176 -2.46263023919 0.0600
12fa13ee-12hh6fh12ii6fl4ea4di- -3.03570198325 -2.06724883173 0.0458
12ff13fi12dh6ie6aa-6ad-6fa-13ll -3.01665401455 -2.35106356537 0.1039
12hd4ea-12af-4ie6hh6ea4ea13il -3.46428127902 -2.41256129289 0.3322
12he6el13ei-13if4ie13ff12hd-12la- -3.60850161347 -2.15867908149 1.1881
12hf12de-12da6ea12le-4hd-4ah6fi -4.49776963797 -2.57528536837 1.6080
12hf13ed6ia13ha6if13hl-12di-6fd -4.43082963368 -2.53909422784 1.7127
12hf4ha-4ia13ie-4ff-12ai-6fa-12df -4.09585749838 -2.16983574888 1.7576
12hh6ae13da-4fh-12ha4hi-13fa-6lh -3.27080833979 -2.12874655925 0.0890
12id13af-12hh-4ia-13fe13ff-13aa12hf -3.58156234345 -1.65499636627 1.7453
12id6eh-6el-13ee-13eh-6ad-13ih13ef- -3.48958786601 -2.4076632438 0.3893
12id6hf6lh-12df12lh-12ld13ii12fh- -2.96767352361 -2.26970152764 0.2128
12la6fi-13hi4le6ah13dl12he6he -3.2490392327 -2.3350088489 0.2895
12la6hl-13fd12ah-13le13il4ei12el- -3.84959447446 -1.96629459761 1.5600
12ld12ei6fe-4ia12fa-4dh13fl13lh -3.42917859385 -2.24657185136 0.8159
12ld6li-4df13fa-13al-13la4ee6ah -4.01531180216 -2.15895119533 1.2831
12lh13dl-4ld12fh-12ll-12ff-6ia13fa -2.41718722815 -1.85445580996 0.2648
13aa6if12aa13hi13eh-13ff-6ah6ee -3.81585235848 -1.84193857338 1.6758
13ah12al13el6la6dd-4ai-13ah-4fd- -3.946467001 -2.469705199 1.2255
13al12la-6fe-4ff4dh-6af-4ei-13fe- -2.54018268319 -1.88493255988 0.1220
13di4ed4ii-12dh12hf-12if12af-4ie- -3.12196207008 -2.25119778661 0.0884
13dl13da-4df6eh13df12fl-13el-13de- -3.44604965184 -2.57229211614 0.2323
13ee6ee-13he12lf-12hf-6hf-13da6al- -3.33802045792 -2.47487536193 0.2288
13eh12ha13id-12hf-6il6ie-12ha-13he- -3.65720999058 -1.83268670287 1.5944
13fa12fa6hi-12ae-13hi-4fh12hl-4fe- -3.55380673192 -1.63730896677 1.6992
13fe4ai4fl12ah6ha13ih-13df-4fl- -3.02835490961 -2.08956216649 0.2623
13ha13dd6ea-12hf-4ff-12fd13ei-6ii -4.33477344866 -2.33609730425 1.7758
13he4ia4fi13de12lh-13ha13ai6fa- -3.22454898723 -2.28113030886 0.2239
13hl4ee-12el-4hf12al6ah-13aa12le -3.56714031001 -1.839217435 1.5172
13ie13ai-13di-13ei-6la-12ae-4fd-4ei- -4.04143473066 -2.30888592039 1.5418
13ie13ha6de12dh4ie-4fa12hi13he -3.5268674619 -2.57555748221 0.1511
13if4ah-12al-13ef6fl-4ia-6ha-6hf- -2.71787301979 -1.81037336811 0.5599
13ih12eh-13el-12ld-6ia-6hh-12he-12ah- -3.68986365121 -1.99268963996 1.5115
13ii6fa-13ia-12fh-12fl-6ea-4ei-6lf- -2.52766544662 -1.46859838684 0.5296
13il12ia6ia-4df6fi-6hh-4ii13ef- -2.63297350215 -1.91350451293 0.6614
13le13al4fa13fe12id-4df-6ih13lh- -3.4076816006 -2.67052521187 0.4000
13lf12ai-13hi-4aa6af-13fe-12lh6ii -3.14155426646 -2.36630194033 -0.3177
13li4lf13el-4fa6hl12ah13hd13df- -3.09992084916 -1.90153150403 0.4357
13ll4ah-12le4di4aa12ea-4dd-4if -3.41992672334 -2.69365488815 0.1683
13ll6ea13ha-13el-12ef-13ae-6hi4hl -2.69066163593 -1.72084791521 0.4278
4aa6ld-6di6ia13ld12ie-13hd-12he -3.5078194932 -2.66072911368 0.3068
4ad12lf-13dh6fl-6hl-4hf-4ii6fd- -3.31706769235 -2.35541738679 0.6849
4af12eh13la6fh6ee4ai-6ah6dd -4.38674719183 -2.55923065189 1.6587
4af6el-6he12hi12ae13ea6da-6ld- -2.88658359971 -2.49174641992 -0.0742
4dd4dd13fe13ef4di-4ah13da12ef -4.7462095726 -3.1622349182 1.1373
4df12he4dd4eh-4eh-12hf-6hi6hh -3.82428788747 -2.8653587203 0.0677
4ed6ld-13ff-13fe6ie6ee4fe6lf- -2.45147357181 -1.80248206679 0.1951
4ei12lh4fh-13ia4ed-13le13dh-4fa -3.04413751225 -2.1989519296 0.2397
4fd4af4da6ei-13hl13ef13ia-6li- -3.86347228023 -2.06099021344 1.5912
4fh4ie-13lh-6df-4ha13ae-12he6fd- -3.29121687768 -2.70943749079 -0.1441
4he4hf6ih12fe-13hl6fl-4di12lf -2.20657111709 -1.80928491275 0.1180
4hh12hl-6ld4fh4af6eh-12ih-12ha- -2.30480421281 -1.61036969675 0.1816
4hi6aa13df-6ii-13dd6ha12if-4ae- -4.78621030687 -2.48902528154 1.9682
4id12fh12hh13hd-12ld-4af-13ae13il- -3.35434728824 -2.2765043736 0.1499
4id13hf-6fl-4hh-4dh13fe-12dh-13la- -3.29502647142 -2.16983574888 0.6471
4if12hf6ai-13fe-4hi12al6ai13lf- -3.5543509596 -1.8808508523 1.2009
4ii12aa12af12ed13la-6al6de-12fd -3.30427834194 -2.6199120379 0.1614
4ii12ea-6ed-12eh4ai-13ef6eh-6ie- -3.65530519371 -2.77610538124 0.1502
4le6fi4hf6he-13hl-6ee-12ai-4fe- -2.48412723244 -1.73009978572 0.1633
4lf13ea13hf13hl-4fd13fl-13ld-4hd -3.60061031216 -1.71132393086 1.6261
4lf13lf-13eh-12aa-4eh-12ah-4ie-4hf- -2.57855073443 -1.75050832362 0.1901
4lf6aa-12lh12af-6fd4ih12hl6ei -3.27679484424 -1.96411768691 0.7442
4ll12he6ei-12aa13le-13ha-6aa-6al- -3.14808499859 -1.92411695263 0.5160
4ll12lf-12ae4dd-12fe-12hf-4ai13ii- -3.31924460306 -2.49664446902 0.2666
6aa13ld13dl-6fe-6ea4ad4hh13ih -3.81313122009 -2.58725837727 0.6079
6af4fl12ff-13ee13fd-4ia12ai-12eh- -3.4338045291 -2.30888592039 0.3779
6ah13eh-6fa-13df12hl-6af12di-13he- -4.12388522375 -2.26561982006 1.6457
6da12dh-12dh-6af4fi-4he-4fe12ae -4.30157556035 -2.81148018026 1.2901
6dd12el-4ae13lf-12ef-12il12ld-13fe- -3.08168922197 -2.57637382372 0.1231
6dd4ha6he-13hi12ld6ad6ll12fe -4.16170904732 -2.58072764514 0.8443
6df12ee12ae13ai-6hf4he-4he-4dd- -4.31137165854 -2.55895853805 1.5009
6df13ie13ff-6da4fd12hf4ef6de- -3.71326544133 -2.30262730211 0.6742
6df6ia-12el-6ie12al-12fa-13id13li -3.09148532016 -2.4506572303 0.3570
6dh6af12fd4df12il-12dh-4ha-13fh- -3.94809968403 -2.79324855307 0.9049
6dl6ad-12da12ae-6ae-6ii13ad12ef- -4.18565506511 -3.12740434686 0.1315
6ea13ee12lf-4ef-6lh-13dh6ll-13il- -3.12468320847 -2.49854926589 0.2245
6ed6lf4ee13ee-6ff-13el-13li-4ai -3.65639364907 -2.71243074301 0.2755
6ee6fh12da-13id4fa13de-6lh13aa -4.53450500618 -2.64304171418 1.6365
6eh6da12eh12fe4fh12ei13ae12hi- -3.68170023605 -2.21119705234 1.2713
6el6eh6ea-13fh4ff4ii-12de6fa -4.13558611881 -2.14561761724 1.8126
6fa12fe-13ef4fi-13el4fe13fe6il- -3.85666943426 -1.89500077191 1.7730
6fa6la-12hi12ae-4fi13ll-4di-4ai -2.93121026924 -2.11051493206 0.1196
6fd6ed13ei-12ai6ed12fd12ah4ld -3.26781508757 -2.63732732356 0.2867
6ha12fl13eh13fd-6ee-12fd-6lf6ef- -3.97939277547 -2.60549000445 1.2053
6hf12ie-13hh6li-12hh-12ia-4fa-13ea- -3.54373851989 -1.77880816283 1.5737
6hh6aa-12fi13fa13ed13lh-6dd12da -3.67054356867 -3.03080393416 0.1485
6hh6hf-13df4fd-13hi-4ha-4ef- -3.97585529556 -1.97636280964 1.7741
6hl13la6ea-6ia4dd-4aa4af4ae- -3.24250850058 -2.82998392128 0.2610
6ia6df6di-4ae13ia13ai13ei-12ie- -4.04497221056 -2.51895780378 1.3904
6ii13fd6fd-6hf-4af4he-12hf-6fi- -4.04987025966 -2.40303730854 1.2173
6la6fi-4de12ld-13la12ah12il13ee -3.22781435329 -2.34997511002 0.0684
6li4ff-13fl-13hh-6ff-6ia12de13hf- -2.75732952638 -1.95486581639 0.6837
6ll13fh-6ea-6hl-13fh-4da-13fh6ed- -3.92905171533 -2.35378470376 1.3468
