12aa4fd-4al-12di4ah-12dh-13li-6ll -5.02349357412 -1.84738085015 0.3064
12ad4hf4ei4id6fd13af-4id-12ea -4.87110982451 -1.71350084157 0.1077
12ad6dh4ei-13id-6ff-13dd12el12df- -5.38077904418 -2.11813411954 1.0780
12ad6ia-13lf6ie-12ae12fi-13ea4ih- -4.83383022862 -1.43703318157 0.8926
12ae13dh6ed6lf13he6fh4fd6il -4.95873048053 -1.56900839328 1.3006
12al13ha-12li4ff13hl6di4hh13ah- -3.65040714462 -0.371435389668 0.9092
12al4ha-6ae12ei4fa-12fi-12da-4ee -4.64144574474 -1.33063667068 0.0744
12da12lf-6id4if12fa-6fi-4aa6ff -5.27138928107 -1.45853017482 1.2340
12df13hh13dl4fd-13ei6ii-6ie12hf -5.09315471679 -0.994031852351 2.2517
12di12ah-6he6hd-12fa-12fl-13da4ed -5.22186456244 -1.43893797844 2.1482
12ee13fe6ff-4fd12ha-12ae12aa-6le- -4.0656528623 -1.23539682718 0.3904
12ee6de-4ae-12id4fh-12el12df-6la -5.56336742987 -1.9760906958 2.0021
12ef6lh-13fl-4af-13ah-12hi-6ah-12lf -4.34865125443 -0.58069093154 1.4785
12fa13df13ef13ff-6fd12eh13la12la -4.86730023077 -1.59703611865 0.0374
12fa13ee-12hh6fh12ii6fl4ea4di- -3.91136431582 -0.814164605046 0.3664
12ff13fi12dh6ie6aa-6ad-6fa-13ll -4.42348256004 -1.4612513132 0.6846
12hd4ea-12af-4ie6hh6ea4ea13il -4.5113753299 -1.52438172375 0.4864
12he6el13ei-13if4ie13ff12hd-12la- -4.5734172851 -1.11675519355 1.8544
12hf12de-12da6ea12le-4hd-4ah6fi -5.5995585704 -1.62669652706 2.0884
12hf13ed6ia13ha6if13hl-12di-6fd -5.45805937434 -1.63785319444 2.1571
12hf4ha-4ia13ie-4ff-12ai-6fa-12df -5.14322366309 -1.28981959489 2.1477
12hh6ae13da-4fh-12ha4hi-13fa-6lh -4.57940378955 -1.10423795698 0.0682
12id13af-12hh-4ia-13fe13ff-13aa12hf -4.59899598592 -0.739877527112 2.1015
12id6eh-6el-13ee-13eh-6ad-13ih13ef- -4.77505363949 -1.60928124139 0.5294
12id6hf6lh-12df12lh-12ld13ii12fh- -3.72061251497 -1.42288326196 0.5621
12la6fi-13hi4le6ah13dl12he6he -4.11408912557 -1.31131658814 0.2735
12la6hl-13fd12ah-13le13il4ei12el- -4.87519153209 -1.07185641019 1.9313
12ld12ei6fe-4ia12fa-4dh13fl13lh -4.51763394819 -1.39730456113 0.8716
12ld6li-4df13fa-13al-13la4ee6ah -5.06403853607 -1.28383309044 1.2879
12lh13dl-4ld12fh-12ll-12ff-6ia13fa -3.33774834408 -1.18587210855 -0.2455
13aa6if12aa13hi13eh-13ff-6ah6ee -4.78920355909 -0.915118839161 2.0139
13ah12al13el6la6dd-4ai-13ah-4fd- -4.92036242929 -1.59621977714 1.8635
13al12la-6fe-4ff4dh-6af-4ei-13fe- -3.63190340359 -0.873213308019 -0.3262
13di4ed4ii-12dh12hf-12if12af-4ie- -4.02456367267 -1.43784952308 0.3694
13dl13da-4df6eh13df12fl-13el-13de- -4.37069247535 -1.61581197352 -0.1079
13ee6ee-13he12lf-12hf-6hf-13da6al- -4.38293759809 -1.52900765901 0.2333
13eh12ha13id-12hf-6il6ie-12ha-13he- -4.71899818874 -0.966820468492 2.0656
13fa12fa6hi-12ae-13hi-4fh12hl-4fe- -4.58457395248 -0.75185053601 2.0389
13fe4ai4fl12ah6ha13ih-13df-4fl- -4.09749018141 -1.14913674034 0.2283
13ha13dd6ea-12hf-4ff-12fd13ei-6ii -5.35900993709 -1.42614862802 2.1295
13he4ia4fi13de12lh-13ha13ai6fa- -4.22756059626 -1.69771823893 -0.4931
13hl4ee-12el-4hf12al6ah-13aa12le -4.58919988773 -0.978249249713 2.0433
13ie13ai-13di-13ei-6la-12ae-4fd-4ei- -5.01859552502 -1.39757667497 2.1561
13ie13ha6de12dh4ie-4fa12hi13he -4.90158657443 -1.78479466728 0.0939
13if4ah-12al-13ef6fl-4ia-6ha-6hf- -3.69639438334 -0.8998804642 0.8193
13ih12eh-13el-12ld-6ia-6hh-12he-12ah- -4.70430404146 -1.11185714446 1.9823
13ii6fa-13ia-12fh-12fl-6ea-4ei-6lf- -3.46400916519 -0.479736697425 0.7531
13il12ia6ia-4df6fi-6hh-4ii13ef- -3.45666209154 -1.1643751153 0.9032
13le13al4fa13fe12id-4df-6ih13lh- -4.35817523878 -2.00820012876 0.4490
13lf12ai-13hi-4aa6af-13fe-12lh6ii -4.43899304884 -1.88275564917 -0.7304
13li4lf13el-4fa6hl12ah13hd13df- -4.02129830661 -0.760286065006 0.6460
13ll4ah-12le4di4aa12ea-4dd-4if -4.81287746305 -1.81091759578 0.3547
13ll6ea13ha-13el-12ef-13ae-6hi4hl -3.7257826779 -0.741510210144 0.6310
4aa6ld-6di6ia13ld12ie-13hd-12he -4.9190018601 -1.75948808029 0.9381
4ad12lf-13dh6fl-6hl-4hf-4ii6fd- -4.55055972266 -1.46859838684 1.3681
4af12eh13la6fh6ee4ai-6ah6dd -5.36254741699 -1.5994851432 2.3065
4af6el-6he12hi12ae13ea6da-6ld- -3.9105479743 -1.5698247348 0.2781
4dd4dd13fe13ef4di-4ah13da12ef -5.73969719727 -2.30072250524 1.8629
4df12he4dd4eh-4eh-12hf-6hi6hh -5.17859846211 -2.02044525149 0.3231
4ed6ld-13ff-13fe6ie6ee4fe6lf- -3.25121614341 -0.893621845913 0.3071
4ei12lh4fh-13ia4ed-13le13dh-4fa -4.3576310111 -1.33743951664 0.1600
4fd4af4da6ei-13hl13ef13ia-6li- -4.82022453669 -1.14559926044 2.1435
4fh4ie-13lh-6df-4ha13ae-12he6fd- -3.877350086 -1.96983207752 -0.4397
4he4hf6ih12fe-13hl6fl-4di12lf -2.93964579823 -0.968453151524 0.3050
4hh12hl-6ld4fh4af6eh-12ih-12ha- -3.22046727965 -0.486811657228 0.0529
4hi6aa13df-6ii-13dd6ha12if-4ae- -5.82405248723 -1.53962009871 2.3428
4id12fh12hh13hd-12ld-4af-13ae13il- -4.63736403716 -1.39240651204 0.1972
4id13hf-6fl-4hh-4dh13fe-12dh-13la- -4.56906346368 -1.2813840659 1.2379
4if12hf6ai-13fe-4hi12al6ai13lf- -4.67137826699 -0.908043879358 1.2125
4ii12aa12af12ed13la-6al6de-12fd -4.56770289449 -1.6030226231 0.0293
4ii12ea-6ed-12eh4ai-13ef6eh-6ie- -4.80389770638 -1.87132686795 0.1134
4le6fi4hf6he-13hl-6ee-12ai-4fe- -3.53230973867 -0.821783792526 0.1709
4lf13ea13hf13hl-4fd13fl-13ld-4hd -4.61341801937 -0.749129397624 2.2861
4lf13lf-13eh-12aa-4eh-12ah-4ie-4hf- -3.94075261039 -0.818518426463 0.3289
4lf6aa-12lh12af-6fd4ih12hl6ei -4.53858671376 -1.06750258877 1.1911
4ll12he6ei-12aa13le-13ha-6aa-6al- -4.0917757908 -1.0084538858 0.8162
4ll12lf-12ae4dd-12fe-12hf-4ai13ii- -4.34865125443 -1.67975872558 0.2443
6aa13ld13dl-6fe-6ea4ad4hh13ih -5.28880456674 -1.67404433497 0.9723
6af4fl12ff-13ee13fd-4ia12ai-12eh- -4.63818037868 -1.42614862802 0.3888
6ah13eh-6fa-13df12hl-6af12di-13he- -5.15438033048 -1.36546724202 2.0091
6da12dh-12dh-6af4fi-4he-4fe12ae -5.25179708469 -1.89119117817 1.8936
6dd12el-4ae13lf-12ef-12il12ld-13fe- -4.23409132838 -1.95105622265 -0.4516
6dd4ha6he-13hi12ld6ad6ll12fe -5.25968838601 -1.66588091982 0.8819
6df12ee12ae13ai-6hf4he-4he-4dd- -5.25016440166 -1.58070928834 1.9856
6df13ie13ff-6da4fd12hf4ef6de- -4.58130858642 -1.48247619261 1.1046
6df6ia-12el-6ie12al-12fa-13id13li -4.24279897122 -1.66615303366 0.5163
6dh6af12fd4df12il-12dh-4ha-13fh- -4.86349063703 -2.03949322019 1.2004
6dl6ad-12da12ae-6ae-6ii13ad12ef- -5.45152864221 -2.16303290291 0.2092
6ea13ee12lf-4ef-6lh-13dh6ll-13il- -3.98048123082 -1.4838367618 -0.6766
6ed6lf4ee13ee-6ff-13el-13li-4ai -4.23681246677 -1.78833214718 -0.5661
6ee6fh12da-13id4fa13de-6lh13aa -5.55955783613 -1.70370474338 2.0805
6eh6da12eh12fe4fh12ei13ae12hi- -4.64906493222 -1.35866439605 1.7784
6el6eh6ea-13fh4ff4ii-12de6fa -5.11274691317 -1.21988633838 2.1918
6fa12fe-13ef4fi-13el4fe13fe6il- -4.8498849451 -0.98260307113 2.0990
6fa6la-12hi12ae-4fi13ll-4di-4ai -4.33096385492 -1.191858613 0.4658
6fd6ed13ei-12ai6ed12fd12ah4ld -3.9274190323 -1.74914775442 -0.3905
6ha12fl13eh13fd-6ee-12fd-6lf6ef- -4.89097413473 -1.77173320303 1.7994
6hf12ie-13hh6li-12hh-12ia-4fa-13ea- -4.52498102183 -0.882193064692 1.8920
6hh6aa-12fi13fa13ed13lh-6dd12da -4.84444266833 -2.10942647671 -0.5084
6hh6hf-13df4fd-13hi-4ha-4ef- -4.98485340904 -1.05308055532 2.1172
6ia6df6di-4ae13ia13ai13ei-12ie- -5.00771097148 -1.64683295112 2.1251
6ii13fd6fd-6hf-4af4he-12hf-6fi- -5.2694844842 -1.52274904072 1.9738
6la6fi-4de12ld-13la12ah12il13ee -4.72852217309 -1.47023106987 0.2420
6li4ff-13fl-13hh-6ff-6ia12de13hf- -3.72959227164 -1.18260674249 0.9390
6ll13fh-6ea-6hl-13fh-4da-13fh6ed- -4.90185868827 -1.37988927546 1.9027
