12aa4fd-4al-12di4ah-12dh-13li-6ll -6.38106951482 -1.2849215458 0.5163
12ad4hf4ei4id6fd13af-4id-12ea -7.16965541904 -1.2158046308 0.4651
12ad6dh4ei-13id-6ff-13dd12el12df- -6.66080254088 -1.5649266857 0.3675
12ad6ia-13lf6ie-12ae12fi-13ea4ih- -6.60393074862 -0.89607087046 0.1361
12ae13dh6ed6lf13he6fh4fd6il -6.58134530001 -1.09444185879 0.1964
12al13ha-12li4ff13hl6di4hh13ah- -5.0762836588 0.170887490631 0.9538
12al4ha-6ae12ei4fa-12fi-12da-4ee -6.05834250225 -0.776340781483 0.4716
12da12lf-6id4if12fa-6fi-4aa6ff -6.80257385078 -1.01226347954 0.5955
12df13hh13dl4fd-13ei6ii-6ie12hf -6.52011968633 -0.474294420654 2.5560
12di12ah-6he6hd-12fa-12fl-13da4ed -6.59059717053 -0.834301029101 2.4772
12ee13fe6ff-4fd12ha-12ae12aa-6le- -5.26866814268 -0.633208902387 0.6957
12ee6de-4ae-12id4fh-12el12df-6la -6.9380865424 -1.4802992819 2.3225
12ef6lh-13fl-4af-13ah-12hi-6ah-12lf -5.7927593958 -0.0723822810636 1.2417
12fa13df13ef13ff-6fd12eh13la12la -6.34188512206 -1.25716593426 0.5835
12fa13ee-12hh6fh12ii6fl4ea4di- -5.06104528384 -0.303406930022 0.1593
12ff13fi12dh6ie6aa-6ad-6fa-13ll -6.49699001005 -1.0655977919 0.1878
12hd4ea-12af-4ie6hh6ea4ea13il -5.91793176154 -1.02641339914 0.3047
12he6el13ei-13if4ie13ff12hd-12la- -5.96800070784 -0.492253934 2.1464
12hf12de-12da6ea12le-4hd-4ah6fi -7.00774768508 -1.09607454182 2.1999
12hf13ed6ia13ha6if13hl-12di-6fd -6.85781296002 -1.05253632765 2.4990
12hf4ha-4ia13ie-4ff-12ai-6fa-12df -6.5756309094 -0.782327285932 2.5015
12hh6ae13da-4fh-12ha4hi-13fa-6lh -6.03630128133 -0.576064996284 0.6825
12id13af-12hh-4ia-13fe13ff-13aa12hf -6.02568884162 -0.178234564273 2.4487
12id6eh-6el-13ee-13eh-6ad-13ih13ef- -6.27113552403 -1.15893283853 0.7021
12id6hf6lh-12df12lh-12ld13ii12fh- -4.8308369764 -0.915663066838 0.5696
12la6fi-13hi4le6ah13dl12he6he -5.24036830347 -0.715115167801 0.2793
12la6hl-13fd12ah-13le13il4ei12el- -6.27684991464 -0.507492308961 2.2882
12ld12ei6fe-4ia12fa-4dh13fl13lh -5.93235379499 -0.946411930598 0.6123
12ld6li-4df13fa-13al-13la4ee6ah -6.48528911499 -0.861784526798 0.8266
12lh13dl-4ld12fh-12ll-12ff-6ia13fa -4.65205818445 -0.15183952193 0.2621
13aa6if12aa13hi13eh-13ff-6ah6ee -6.1644668993 -0.42504181587 2.3757
13ah12al13el6la6dd-4ai-13ah-4fd- -6.29127194808 -1.13689161761 2.3235
13al12la-6fe-4ff4dh-6af-4ei-13fe- -4.8428099853 -0.341774981263 0.2260
13di4ed4ii-12dh12hf-12if12af-4ie- -5.22485781467 -0.964371443945 0.6475
13dl13da-4df6eh13df12fl-13el-13de- -5.57479621109 -1.05743437674 0.2945
13ee6ee-13he12lf-12hf-6hf-13da6al- -5.61670174223 -0.687359556265 -0.2937
13eh12ha13id-12hf-6il6ie-12ha-13he- -6.15929673637 -0.516199951796 2.2919
13fa12fa6hi-12ae-13hi-4fh12hl-4fe- -5.9726266431 -0.248712048467 2.3298
13fe4ai4fl12ah6ha13ih-13df-4fl- -5.33043798404 -0.525723936146 0.4424
13ha13dd6ea-12hf-4ff-12fd13ei-6ii -6.77209710086 -0.916207294515 2.4526
13he4ia4fi13de12lh-13ha13ai6fa- -5.58214328473 -0.363544088349 0.3366
13hl4ee-12el-4hf12al6ah-13aa12le -6.01725331263 -0.505315398252 2.1233
13ie13ai-13di-13ei-6la-12ae-4fd-4ei- -6.3767156934 -0.895254528944 2.5919
13ie13ha6de12dh4ie-4fa12hi13he -6.30705455072 -1.34179333806 0.4559
13if4ah-12al-13ef6fl-4ia-6ha-6hf- -5.23410968518 -0.441368646185 1.0494
13ih12eh-13el-12ld-6ia-6hh-12he-12ah- -6.10052014724 -0.61524938904 2.2499
13ii6fa-13ia-12fh-12fl-6ea-4ei-6lf- -4.73859038512 0.109117649273 0.8530
13il12ia6ia-4df6fi-6hh-4ii13ef- -4.78838721758 -0.773619643097 0.9202
13le13al4fa13fe12id-4df-6ih13lh- -5.79792955873 -1.67839815639 0.1054
13lf12ai-13hi-4aa6af-13fe-12lh6ii -5.846365822 -0.611711909139 -0.4576
13li4lf13el-4fa6hl12ah13hd13df- -5.18948301565 -0.201092126714 0.3453
13ll4ah-12le4di4aa12ea-4dd-4if -6.4923640748 -1.33743951664 0.6847
13ll6ea13ha-13el-12ef-13ae-6hi4hl -5.19955122768 -0.223677575317 0.6608
4aa6ld-6di6ia13ld12ie-13hd-12he -6.79767580169 -1.35077309474 0.2858
4ad12lf-13dh6fl-6hl-4hf-4ii6fd- -6.19113405548 -0.931173555638 2.0482
4af12eh13la6fh6ee4ai-6ah6dd -6.77128075935 -1.08709478515 2.6292
4af6el-6he12hi12ae13ea6da-6ld- -5.17342829918 -0.968181037685 0.2769
4dd4dd13fe13ef4di-4ah13da12ef -7.09074240585 -1.77254954454 1.5699
4df12he4dd4eh-4eh-12hf-6hi6hh -6.57590302324 -1.57962083299 0.6557
4ed6ld-13ff-13fe6ie6ee4fe6lf- -4.22456734403 -0.218235298545 -0.7514
4ei12lh4fh-13ia4ed-13le13dh-4fa -6.22351560228 -0.757292812782 0.6147
4fd4af4da6ei-13hl13ef13ia-6li- -6.19630421842 -0.696883540616 2.4974
4fh4ie-13lh-6df-4ha13ae-12he6fd- -5.64527369528 -0.97879347739 -0.6783
4hh12hl-6ld4fh4af6eh-12ih-12ha- -4.40606727437 0.143131879096 0.3052
4hi6aa13df-6ii-13dd6ha12if-4ae- -7.25700396122 -0.975800225165 1.9987
4id12fh12hh13hd-12ld-4af-13ae13il- -6.1990253568 -0.922193798964 0.5505
4id13hf-6fl-4hh-4dh13fe-12dh-13la- -6.22759730985 -0.798382002408 1.9439
4if12hf6ai-13fe-4hi12al6ai13lf- -6.12827575877 -0.386401650791 0.8504
4ii12aa12af12ed13la-6al6de-12fd -6.10623453785 -1.01171925186 0.4763
4ii12ea-6ed-12eh4ai-13ef6eh-6ie- -6.45562870659 -1.41009391155 0.4594
4le6fi4hf6he-13hl-6ee-12ai-4fe- -4.90321925746 -0.318645304983 0.4075
4lf13ea13hf13hl-4fd13fl-13ld-4hd -6.07575778792 -0.235922698053 2.6583
4lf13lf-13eh-12aa-4eh-12ah-4ie-4hf- -5.88174062101 -0.329529858526 0.3954
4lf6aa-12lh12af-6fd4ih12hl6ei -6.07113185267 -0.638923292997 0.5796
4ll12he6ei-12aa13le-13ha-6aa-6al- -5.33397546394 -0.375244983409 0.5772
4ll12lf-12ae4dd-12fe-12hf-4ai13ii- -5.70867621967 -1.25634959275 0.4946
6aa13ld13dl-6fe-6ea4ad4hh13ih -6.83549962525 -1.11457828284 0.1493
6af4fl12ff-13ee13fd-4ia12ai-12eh- -6.12174502664 -0.927091848059 0.2023
6ah13eh-6fa-13df12hl-6af12di-13he- -6.59059717053 -0.832940459908 2.3557
6da12dh-12dh-6af4fi-4he-4fe12ae -6.60447497629 -1.23648528253 2.3941
6dd12el-4ae13lf-12ef-12il12ld-13fe- -6.14269779222 -1.42179480661 0.4199
6dd4ha6he-13hi12ld6ad6ll12fe -6.74706262771 -1.16274243227 0.6404
6df12ee12ae13ai-6hf4he-4he-4dd- -6.60284229326 -1.00083469832 2.3744
6df13ie13ff-6da4fd12hf4ef6de- -5.80282760782 -1.07022372715 0.9982
6df6ia-12el-6ie12al-12fa-13id13li -5.75058175081 -1.23321991647 0.6038
6dh6af12fd4df12il-12dh-4ha-13fh- -6.26433267806 -1.61798888423 0.6736
6dl6ad-12da12ae-6ae-6ii13ad12ef- -7.1955062337 -1.57363432854 0.7086
6ea13ee12lf-4ef-6lh-13dh6ll-13il- -5.73643183121 -0.339053842877 0.4240
6ed6lf4ee13ee-6ff-13el-13li-4ai -6.55386180232 -1.27022739851 0.4505
6ee6fh12da-13id4fa13de-6lh13aa -6.95033166514 -1.18287885633 2.4015
6eh6da12eh12fe4fh12ei13ae12hi- -6.00147070999 -0.858519160735 2.1709
6el6eh6ea-13fh4ff4ii-12de6fa -6.47739781368 -0.718652647703 2.4946
6fa12fe-13ef4fi-13el4fe13fe6il- -6.25480869371 -0.425858157385 2.4303
6fa6la-12hi12ae-4fi13ll-4di-4ai -6.26977495483 -0.617698413588 0.6527
6fd6ed13ei-12ai6ed12fd12ah4ld -4.97995535994 -1.05661803523 -0.4741
6ha12fl13eh13fd-6ee-12fd-6lf6ef- -6.27902682535 -1.29743878237 2.2677
6hf12ie-13hh6li-12hh-12ia-4fa-13ea- -5.89833956517 -0.374156528054 2.1717
6hh6aa-12fi13fa13ed13lh-6dd12da -6.131269011 -1.06940738564 0.2577
6hh6hf-13df4fd-13hi-4ha-4ef- -6.43277114415 -0.585044752958 2.4167
6hl13la6ea-6ia4dd-4aa4af4ae- -5.42132400613 -1.65037043102 0.3220
6ia6df6di-4ae13ia13ai13ei-12ie- -6.34623894348 -1.17362698582 2.5782
6ii13fd6fd-6hf-4af4he-12hf-6fi- -6.70869457647 -1.09607454182 2.1221
6la6fi-4de12ld-13la12ah12il13ee -6.39413097907 -0.998385673768 0.5251
6li4ff-13fl-13hh-6ff-6ia12de13hf- -5.24308944185 -0.764639886424 1.0949
6ll13fh-6ea-6hl-13fh-4da-13fh6ed- -6.28256430525 -0.83457314294 2.1198
