1111 -8.72838089338 -1.89804981495 2.88346976827
1111- -8.90788128517 -2.02355159457 2.91803432487
1111-11- -8.52955645851 -2.95890604363 1.82249234002
1111-11-11 -8.47541206598 -2.63504536208 2.21480408385
1111-11-11- -8.45538626008 -3.15028490983 1.73081220117
1111-1111 -8.53792827258 -3.18402890497 1.74547298061
1111-1111- -8.47550447527 -2.63509068102 2.21486571209
111111 -8.40568144133 -2.90613693586 1.77314370287
111111- -8.52995528714 -2.95924326873 1.82256257531
111111-11 -8.53793810069 -3.18394275231 1.74555755192
111111-11- -8.43695788681 -3.58274119792 1.26054466632
11111111 -8.46967419334 -3.15266165068 1.73143063167
11111111- -8.45552027251 -3.15088601956 1.73033716083
12aa -7.93659301044 1.75023812666 6.50419549397
12aa12aa -6.76535868011 0.777107499983 4.67322894365
12aa12aa- -6.78049952335 0.764426079847 4.67732621041
12aa12aa-12aa -6.32045915718 0.38751747691 3.99794350532
12aa12aa-12aa-12aa -6.07296940142 0.200135089553 3.65225640411
12aa12aa-12aa-12aa- -6.05859865671 0.21628678061 3.65961232011
12aa12aa-12aa12aa -6.07676471203 0.195499897078 3.67053275531
12aa12aa-12aa12aa- -6.08996032331 0.182362546821 3.66592791636
12aa12aa12aa -6.28973060949 0.418452067755 4.01110042775
12aa12aa12aa-12aa -6.07676454516 0.195499847062 3.67053260075
12aa12aa12aa-12aa- -6.06353065433 0.208557677822 3.67501533677
12aa12aa12aa12aa -6.04424487249 0.231407328894 3.66653004794
12aa12aa12aa12aa- -6.05859842694 0.21628665899 3.65961205168
12ae -7.78015092125 1.11109690782 5.90316390365
12ae12ae -6.77349493104 0.300004857434 4.26761466842
12ae12ae- -6.78220884128 0.291763560608 4.28471766983
12ae12ae-12ae -6.37264046554 -0.0252515648801 3.68396068916
12ae12ae-12ae-12ae -6.15907440511 -0.201002148876 3.38030230136
12ae12ae-12ae-12ae- -6.15242468612 -0.190803093401 3.3853565735
12ae12ae-12ae12ae -6.15755711948 -0.203308507855 3.39660575987
12ae12ae-12ae12ae- -6.16742612092 -0.207734113288 3.39568644912
12ae12ae12ae -6.36467239573 -0.0316017112499 3.71340603042
12ae12ae12ae-12ae -6.17564614278 -0.223456502364 3.41053699916
12ae12ae12ae-12ae- -6.16636682829 -0.219523673521 3.41226312746
12ae12ae12ae12ae -6.1624338203 -0.219377987309 3.41165173384
12ae12ae12ae12ae- -6.17240559485 -0.22689597945 3.40877145879
12af -7.48954607196 1.6944548446 6.02154837177
12af12af -6.43575369622 0.745305479751 4.35530562689
12af12af- -6.43529401774 0.673648346643 4.28543034601
12af12af-12af -5.96253373491 0.321480951744 3.6331810717
12af12af-12af-12af -5.68556706662 0.134565666555 3.28561140029
12af12af-12af-12af- -5.68796375641 0.125027109829 3.28045621352
12af12af-12af12af -5.73073649373 0.121306385127 3.32508653081
12af12af-12af12af- -5.75577566174 0.0657277565197 3.29896827843
12af12af12af -6.00908108157 0.34370917116 3.70778905482
12af12af12af-12af -5.77110262343 0.0747747159064 3.32012013594
12af12af12af-12af- -5.77233740516 0.0626855949483 3.31037991291
12af12af12af12af -5.79322957915 0.122217006487 3.36361245054
12af12af12af12af- -5.82064028239 0.0605265256613 3.33642299815
12ai -7.58494723653 1.84680825187 6.27308482865
12ai12ai -6.48252389329 0.985506852284 4.59506542781
12ai12ai- -6.43977828743 0.924519307037 4.51946999672
12ai12ai-12ai -5.97817052219 0.571188195789 3.85797862467
12ai12ai-12ai-12ai -5.73527116784 0.406900658294 3.53471530923
12ai12ai-12ai-12ai- -5.71793652013 0.435964604528 3.54790173591
12ai12ai-12ai12ai -5.72883203874 0.407837858712 3.55044202722
12ai12ai-12ai12ai- -5.74256086685 0.381976516255 3.53794831347
12ai12ai12ai -6.00470135667 0.660194058996 3.96277064957
12ai12ai12ai-12ai -5.74184204339 0.40837957408 3.56465914895
12ai12ai12ai-12ai- -5.69210476943 0.400623935563 3.52333703486
12ai12ai12ai12ai -5.74329663847 0.493919487069 3.625604911
12ai12ai12ai12ai- -5.73455350828 0.443424645948 3.57693424888
12al -7.17503621887 1.75777313214 5.80603287049
12al12al -6.10982380482 0.905446641378 4.22703565686
12al12al- -6.15178234047 0.933828022193 4.28137414849
12al12al-12al -5.75283062683 0.53646794309 3.64462856345
12al12al-12al-12al -5.49955764085 0.315868015007 3.27738165841
12al12al-12al-12al- -5.55021267026 0.420345028394 3.37430081269
12al12al-12al12al -5.47964346002 0.331035282841 3.29693754345
12al12al-12al12al- -5.49291829732 0.344094051053 3.31352390785
12al12al12al -5.62032732465 0.555863952558 3.5829676089
12al12al12al-12al -5.46841767512 0.351196858097 3.31731175222
12al12al12al-12al- -5.44245914008 0.40634632235 3.33759387484
12al12al12al12al -5.34953518841 0.378821215074 3.24298229789
12al12al12al12al- -5.36150149278 0.390461026366 3.25740557495
12ea -7.78014663753 1.11109664551 5.90315889848
12ea12ea -6.77343898919 0.299883378039 4.26746676913
12ea12ea- -6.78216987747 0.291714161885 4.28466175289
12ea12ea-12ea -6.37267734705 -0.0252035488562 3.68401994628
12ea12ea-12ea-12ea -6.15908081842 -0.200963865326 3.38033217623
12ea12ea-12ea-12ea- -6.17240037637 -0.226900891811 3.40876219912
12ea12ea-12ea12ea -6.17563430564 -0.223470088205 3.41051569526
12ea12ea-12ea12ea- -6.16728134487 -0.207739985566 3.39552712493
12ea12ea12ea -6.36467726774 -0.0315997275588 3.71341954887
12ea12ea12ea-12ea -6.15754036707 -0.203303406264 3.39659091168
12ea12ea12ea-12ea- -6.16640262085 -0.219512896508 3.41230649568
12ea12ea12ea12ea -6.16250037398 -0.219332549316 3.41175214291
12ea12ea12ea12ea- -6.15245396177 -0.190797769216 3.38538934968
12ee -7.80971056889 0.862084274589 5.69644730961
12ee12ee -6.98005105239 0.135765876621 4.27179080361
12ee12ee- -6.80697433347 -0.0982492146124 3.98180948569
12ee12ee-12ee -6.46757882605 -0.286846013488 3.53066051965
12ee12ee-12ee-12ee- -6.44789012914 -0.356807337754 3.50149964993
12ee12ee-12ee12ee -6.34647707188 -0.422110533426 3.35426745602
12ee12ee-12ee12ee- -6.29396414772 -0.431111922944 3.3036688948
12ee12ee12ee -6.6851010107 -0.0967785859741 3.8967408761
12ee12ee12ee-12ee -6.34646535403 -0.422113922472 3.35425542931
12ee12ee12ee-12ee- -6.40425772804 -0.421902059732 3.41582757617
12ee12ee12ee12ee -6.55592497617 -0.234980646904 3.69524684381
12ee12ee12ee12ee- -6.44788085391 -0.35682245138 3.50147708571
12ef -7.61299167431 1.06371557075 5.63715854693
12ef12ef -6.51562282643 0.285875853393 3.9951898975
12ef12ef- -6.55891506964 0.187721069708 3.98006465068
12ef12ef-12ef -6.08827909033 -0.0793748132784 3.36711181523
12ef12ef-12ef-12ef -5.85616386159 -0.270419006682 3.06378202843
12ef12ef-12ef-12ef- -5.91194773018 -0.330213430254 3.09367550395
12ef12ef-12ef12ef -5.88753921959 -0.272893346684 3.10772733714
12ef12ef-12ef12ef- -5.91373011452 -0.325024885221 3.06969537465
12ef12ef12ef -6.12619209664 -0.072570873309 3.44180493934
12ef12ef12ef-12ef -5.90892253645 -0.302165429722 3.08245152567
12ef12ef12ef-12ef- -5.96284742522 -0.369566283851 3.09754824714
12ef12ef12ef12ef -5.94194736403 -0.285800154396 3.13740185764
12ef12ef12ef12ef- -5.96552155052 -0.335755718651 3.08767815485
12ei -7.62013180206 1.15180828493 5.76956975584
12ei12ei -6.70045052657 0.61262118335 4.4418295676
12ei12ei- -6.51026953562 0.441426314934 4.16808770544
12ei12ei-12ei -6.0912874733 0.151788372427 3.58182035233
12ei12ei-12ei-12ei -5.9668295506 0.0840444957064 3.44063031812
12ei12ei-12ei-12ei- -6.06498976228 0.14439616663 3.59704220929
12ei12ei-12ei12ei -5.94790024947 0.036102602211 3.4073947649
12ei12ei-12ei12ei- -5.89341924011 0.00218122731013 3.32503524457
12ei12ei12ei -6.35108963363 0.390826089457 4.01435074807
12ei12ei12ei-12ei -5.93291351968 0.0416925045774 3.38531133901
12ei12ei12ei-12ei- -6.01632966307 0.108843977909 3.52605446035
12ei12ei12ei12ei -6.18419142848 0.27544677635 3.79894836462
12ei12ei12ei12ei- -6.06524656712 0.18100713906 3.60058168778
12el -7.31249386961 1.04722060207 5.34987816199
12el12el -6.6797342048 0.429708889673 4.26723263596
12el12el- -6.25771543835 0.481166845791 3.9757942721
12el12el-12el -6.21555617073 -0.0322293445054 3.52994555185
12el12el-12el-12el -6.04647947375 -0.171815701911 3.3060946751
12el12el-12el-12el- -6.03611872154 0.2439580688 3.60965096436
12el12el-12el12el -6.07286756776 -0.164728210317 3.34578549391
12el12el-12el12el- -5.98305478561 -0.202949247139 3.23887527014
12el12el12el -6.29042694713 0.154702328039 3.77487546491
12el12el12el-12el -6.02691010485 -0.159077358562 3.30117359261
12el12el12el-12el- -6.06976993785 -0.0164798291328 3.46011801837
12el12el12el12el -6.09568503066 0.00167329079331 3.51106491058
12el12el12el12el- -5.99127549367 -0.0286179218938 3.37605475208
12fa -7.43071397443 1.69196357798 5.95169599525
12fa12fa -6.31694974192 0.814947618915 4.32192717159
12fa12fa- -6.43529734569 0.673648199008 4.28543354074
12fa12fa-12fa -5.91086046352 0.378708342897 3.64569239664
12fa12fa-12fa-12fa -5.71885983018 0.156256588775 3.3185757656
12fa12fa-12fa-12fa- -5.82064068893 0.0605237887447 3.33642146011
12fa12fa-12fa12fa -5.63557852205 0.206103377191 3.33072372307
12fa12fa-12fa12fa- -5.75577547521 0.0657276522743 3.29896795582
12fa12fa12fa -5.83115156298 0.445528687587 3.66345148644
12fa12fa12fa-12fa -5.67133617597 0.16137519109 3.30119847034
12fa12fa12fa-12fa- -5.77233649424 0.0626844903881 3.31037820478
12fa12fa12fa12fa -5.57120805703 0.259050716018 3.32385464728
12fa12fa12fa12fa- -5.68796880831 0.125022456183 3.28045733937
12fe -7.58913228829 0.940612655079 5.50639005791
12fe12fe -6.4640829901 0.319258545983 4.02074002811
12fe12fe- -6.55900186028 0.187697130046 3.98010256096
12fe12fe-12fe -6.0593614013 -0.0502505231984 3.3851036757
12fe12fe-12fe-12fe -5.90039969963 -0.219873691111 3.11483451432
12fe12fe-12fe-12fe- -5.96550734862 -0.335769674729 3.08765595594
12fe12fe-12fe12fe -5.81449988693 -0.202754031948 3.11047097255
12fe12fe-12fe12fe- -5.91373322248 -0.325049784127 3.06967710451
12fe12fe12fe -6.03122070649 -0.0154289821925 3.44793394327
12fe12fe12fe-12fe -5.87313548604 -0.279039047186 3.09151814689
12fe12fe12fe-12fe- -5.96290688846 -0.369428292477 3.09770486775
12fe12fe12fe12fe -5.81409658362 -0.204357719184 3.14218805678
12fe12fe12fe12fe- -5.91197621508 -0.330090124152 3.09378611623
12ff -7.50349038365 1.70079795533 6.0925168408
12ff12ff -6.27749646028 0.771021102602 4.23965784456
12ff12ff- -6.4140070082 0.610004317907 4.22845848419
12ff12ff-12ff -5.84796966771 0.347187227691 3.53939353261
12ff12ff-12ff-12ff -5.61664916037 0.108353555578 3.17968067049
12ff12ff-12ff-12ff- -5.73825694004 -0.0307298967549 3.18078268865
12ff12ff-12ff12ff -5.58178371547 0.163684851739 3.21667063068
12ff12ff-12ff12ff- -5.73021555231 -0.00149131326303 3.19036659154
12ff12ff12ff -5.82263636126 0.36097799633 3.56804729232
12ff12ff12ff-12ff -5.66617352643 0.0696014603357 3.20439384298
12ff12ff12ff-12ff- -5.78259108732 -0.0743685272516 3.19260488174
12ff12ff12ff12ff -5.5926464043 0.135236432541 3.21555934863
12ff12ff12ff12ff- -5.73825686837 -0.0307294012162 3.18078310382
12fi -7.35943409437 1.80966365802 6.01799465972
12fi12fi -6.26916310811 1.07411833921 4.48182081976
12fi12fi- -6.2396748771 0.828639401937 4.25305738825
12fi12fi-12fi -5.69488682104 0.556579200349 3.59972139342
12fi12fi-12fi-12fi -5.62634774349 0.45434460874 3.47168354277
12fi12fi-12fi-12fi- -5.87060667787 0.454393234068 3.6667698242
12fi12fi-12fi12fi -5.45065283128 0.441710733388 3.34463476825
12fi12fi-12fi12fi- -5.52803365743 0.253148516947 3.24238994768
12fi12fi12fi -5.79425225059 0.76338429537 3.87089557962
12fi12fi12fi-12fi -5.48506971427 0.384683452797 3.31362799673
12fi12fi12fi-12fi- -5.68270794193 0.356760478946 3.444448495
12fi12fi12fi12fi -5.57235011949 0.642602103857 3.60048670611
12fi12fi12fi12fi- -5.55373081945 0.385286882559 3.35359636377
12fl -7.29113386284 1.79693104682 6.00005154271
12fl12fl -6.01609133585 0.978356816305 4.19284368486
12fl12fl- -6.09941413155 0.856129774357 4.16185070471
12fl12fl-12fl -5.6226750407 0.54214956321 3.5195021103
12fl12fl-12fl-12fl -5.60933869707 0.179351608197 3.23028480812
12fl12fl-12fl-12fl- -5.7138173817 0.0658494268998 3.23684200656
12fl12fl-12fl12fl -5.34843640485 0.379369498067 3.19913870742
12fl12fl-12fl12fl- -5.45573417018 0.256761084074 3.17677979
12fl12fl12fl -5.51412665945 0.657651745366 3.54906438605
12fl12fl12fl-12fl -5.36003340132 0.364148696481 3.19271978861
12fl12fl12fl-12fl- -5.76768834607 0.0275150908456 3.25622569995
12fl12fl12fl12fl -5.24023837831 0.498367400595 3.20331028603
12fl12fl12fl12fl- -5.32846353943 0.387135363416 3.16142971184
12ia -7.5849511589 1.84680736915 6.27308771485
12ia12ia -6.4825385175 0.985470682605 4.59505428313
12ia12ia- -6.4397811572 0.924515498212 4.5194696979
12ia12ia-12ia -5.97817220759 0.571191547896 3.85798399804
12ia12ia-12ia-12ia -5.73527174251 0.406901548934 3.53471642998
12ia12ia-12ia-12ia- -5.73464334126 0.443498097908 3.5770668808
12ia12ia-12ia12ia -5.74175793639 0.408350756533 3.56456953591
12ia12ia-12ia12ia- -5.74256160588 0.381976848979 3.5379492977
12ia12ia12ia -6.00469405893 0.660184614537 3.96275748231
12ia12ia12ia-12ia -5.72879168815 0.407821599436 3.55039340372
12ia12ia12ia-12ia- -5.69210478044 0.4006241 3.52333714751
12ia12ia12ia12ia -5.74337757165 0.493980695135 3.62572506487
12ia12ia12ia12ia- -5.71807722844 0.436056058044 3.54808847964
12ie -7.62013217356 1.15180841317 5.76957023729
12ie12ie -6.70046049734 0.612628868579 4.44184157006
12ie12ie- -6.51029146977 0.441422332925 4.16811225311
12ie12ie-12ie -6.09128302121 0.15179984695 3.58182549191
12ie12ie-12ie-12ie -5.9679407479 0.0848646720502 3.44217912075
12ie12ie-12ie-12ie- -6.06529384424 0.181069266936 3.60068150027
12ie12ie-12ie12ie -5.93289388113 0.04169063636 3.38529260111
12ie12ie-12ie12ie- -5.89342537532 0.00215691383793 3.32503451691
12ie12ie12ie -6.35104942948 0.390804568611 4.01432066096
12ie12ie12ie-12ie -5.94791982206 0.0360720179785 3.40738901994
12ie12ie12ie-12ie- -6.01634295576 0.108906779027 3.52611004375
12ie12ie12ie12ie -6.18422631236 0.275525457578 3.79904449379
12ie12ie12ie12ie- -6.06495981658 0.144376068199 3.59699932336
12if -7.40263197001 1.81428384797 6.08142313241
12if12if -6.48304280157 1.10772622633 4.66389432964
12if12if- -6.23967479696 0.82863937797 4.2530572946
12if12if-12if -5.75136705837 0.510719948658 3.59535087692
12if12if-12if-12if -5.4999915121 0.359909795065 3.28543312426
12if12if-12if-12if- -5.55373081185 0.385286887178 3.35359635743
12if12if-12if12if -5.58676013325 0.389926727836 3.38985899035
12if12if-12if12if- -5.52803365144 0.253148497336 3.2423899266
12if12if12if -6.14325346158 0.822186548238 4.1678857097
12if12if12if-12if -5.64307382794 0.346928918025 3.39888716118
12if12if12if-12if- -5.68270802282 0.356760508014 3.44444858089
12if12if12if12if -5.99211667199 0.680989969328 3.94081251801
12if12if12if12if- -5.87059943127 0.454321080244 3.66671144726
12ii -7.39233351192 1.95008704142 6.22009266111
12ii12ii -6.45973006467 1.36117257225 4.86939481157
12ii12ii- -6.17028798607 1.08428847381 4.42359972072
12ii12ii-12ii -5.73463251232 0.795390880331 3.82834471595
12ii12ii-12ii-12ii -5.60848368617 0.748598060795 3.7095962791
12ii12ii-12ii-12ii- -5.7178541043 0.898336769265 3.91372728587
12ii12ii-12ii12ii -5.57426326028 0.732783599418 3.66241864799
12ii12ii-12ii12ii- -5.50952671861 0.636724743108 3.54066191126
12ii12ii12ii -6.04071225778 1.12321264628 4.36059887725
12ii12ii12ii-12ii -5.57426207036 0.732783148185 3.66241752341
12ii12ii12ii-12ii- -5.6315833839 0.827474295238 3.79333068168
12ii12ii12ii12ii -5.85833097627 1.06064243392 4.17077957337
12ii12ii12ii12ii- -5.71785258438 0.898337802089 3.91372768233
12il -7.55683775238 1.79342005844 6.22591449723
12il12il -6.50881723562 1.00352055282 4.61419223496
12il12il- -6.27654597861 0.911700580677 4.37031849275
12il12il-12il -5.87844164983 0.483305377145 3.69281145433
12il12il-12il-12il -5.70431579387 0.354283443149 3.45190766909
12il12il-12il-12il- -5.67518343237 0.533181077074 3.57120758804
12il12il-12il12il -5.69245662986 0.361637528668 3.46911450215
12il12il-12il12il- -5.63272313046 0.411786940703 3.46553130152
12il12il12il-12il -5.69795744368 0.467408327543 3.56146957843
12il12il12il-12il- -5.67111105714 0.378398693277 3.46444958677
12il12il12il12il -5.89036025847 0.576078763192 3.79583960778
12il12il12il12il- -5.77557097396 0.484657087909 3.62475075403
12la -7.32773790437 1.76787980526 5.94694395143
12la12la -6.28395998857 0.884647575896 4.33739990393
12la12la- -6.15178206698 0.933828181684 4.28137400601
12la12la-12la -5.76498388958 0.484388619519 3.61464036081
12la12la-12la-12la -5.47743344021 0.295882091242 3.25202424565
12la12la-12la-12la- -5.36149576765 0.390446413205 3.25738894221
12la12la-12la12la -5.58163836213 0.28043148853 3.33950541351
12la12la-12la12la- -5.49291809889 0.344094027211 3.31352371577
12la12la12la -5.86158541653 0.541289400563 3.73737298814
12la12la12la-12la -5.55364778748 0.316875378496 3.34158252759
12la12la12la-12la- -5.44245835068 0.406345740303 3.33759273008
12la12la12la12la -5.35585605384 0.388820940144 3.25475661059
12la12la12la12la- -5.34751663562 0.395036544281 3.23828296497
12le -7.47525214557 1.10822298734 5.54682169012
12le12le -6.77405366049 0.675611804916 4.50938224619
12le12le- -6.25777297861 0.481228786061 3.9758998426
12le12le-12le -6.18724896874 0.13947419103 3.62804551675
12le12le-12le-12le- -5.99128188787 -0.028763106711 3.37593613674
12le12le-12le12le -6.14299204868 0.0455179517904 3.52421436944
12le12le-12le12le- -5.98304911132 -0.202922341076 3.23887782907
12le12le12le -6.53971749001 0.469453656411 4.1786638648
12le12le12le-12le -6.071922651 0.0217249163518 3.46710679586
12le12le12le-12le- -6.06967308354 -0.0166727393978 3.45989378244
12le12le12le12le -6.43381869859 0.336701845406 3.99448835884
12le12le12le12le- -5.93871606982 0.110699768548 3.44720564772
12lf -7.39866267634 1.78289309935 6.07594661451
12lf12lf -6.78463547005 1.23723247711 5.02704089046
12lf12lf- -6.09941391423 0.856130124206 4.16185077491
12lf12lf-12lf -5.69400036571 0.447574635514 3.49775355545
12lf12lf-12lf-12lf -5.6068480085 0.21461604729 3.24339429605
12lf12lf-12lf-12lf- -5.32846350915 0.387135429347 3.161429729
12lf12lf-12lf12lf -5.59405247449 0.217202290598 3.26149219305
12lf12lf-12lf12lf- -5.45570177874 0.256692096412 3.17669019475
12lf12lf12lf -5.85784639437 0.419818852775 3.63371890261
12lf12lf12lf-12lf -5.648512568 0.143826725662 3.24282829567
12lf12lf12lf-12lf- -5.88469044812 0.0632496999944 3.3535643168
12lf12lf12lf12lf -5.64444983312 0.190352763566 3.28851905559
12lf12lf12lf12lf- -5.71381004289 0.065688956041 3.23672492963
12li -7.2692838059 1.88484888477 6.01879238229
12li12li -6.37547871782 1.23582217652 4.68940098712
12li12li- -6.27655410042 0.91170765782 4.37033068703
12li12li-12li -5.81762546311 0.529931739349 3.68413352166
12li12li-12li-12li -5.65467468852 0.391388140649 3.4459300914
12li12li-12li-12li- -5.74436378502 0.47901436505 3.59838977796
12li12li-12li12li -5.60092417022 0.324093856921 3.36885923311
12li12li-12li12li- -5.63272451105 0.411788921503 3.46553415394
12li12li12li -5.81762605439 0.529926076072 3.68412919975
12li12li12li-12li -5.60092548854 0.324076608697 3.36884828363
12li12li12li-12li- -5.67111288564 0.378397988233 3.46445046317
12li12li12li12li -5.60092907955 0.324114845979 3.36887964913
12li12li12li12li- -5.64929542421 0.386093804759 3.4383502066
12ll -7.20807633005 1.85728989769 5.96337788517
12ll12ll -6.58453759851 1.18312614877 4.81174090419
12ll12ll- -5.79817492428 1.1146078422 4.12637564609
12ll12ll-12ll -6.16124455944 0.716657867954 4.11770555312
12ll12ll-12ll-12ll -5.87892537644 0.361390920398 3.60345782295
12ll12ll-12ll-12ll- -5.95639577817 0.601335531052 3.8586402821
12ll12ll-12ll12ll -6.07704896494 0.611173542573 3.97659079809
12ll12ll-12ll12ll- -5.85120571975 0.518761328402 3.73563676395
12ll12ll12ll -6.30827210513 0.955091443078 4.41247450522
12ll12ll12ll-12ll -5.97504342003 0.584718356889 3.87273215057
12ll12ll12ll-12ll- -5.85982321527 0.620180888651 3.81216717202
12ll12ll12ll12ll -6.17580291195 0.824040468263 4.2065518408
12ll12ll12ll12ll- -5.95175965194 0.675210264486 3.92199670052
2 -10.2236872679 1.38015399139 7.17139289058
22 -8.53708465457 0.330940992837 6.11687769097
22- -8.56288856752 0.31653294934 5.9174065683
22-2 -7.72578098017 -0.245222273793 4.71245175553
22-2- -7.69999010812 -0.231311383026 4.78981479593
22-2-2 -7.20668762009 -0.577172419576 4.08814873085
22-2-2- -7.18952825983 -0.573235106244 4.14286148403
22-22 -7.22007346458 -0.580500384314 4.06950678674
22-22- -7.23970426188 -0.587744825215 4.03701523951
222 -7.67627490897 -0.225828323797 4.91055457084
222- -7.69998929028 -0.231309290153 4.78981419373
222-2 -7.22007150806 -0.58050408703 4.06950313823
222-2- -7.20110712618 -0.571642753845 4.09690169299
2222 -7.17218478503 -0.570754944072 4.20996562745
2222- -7.18952679978 -0.573229834049 4.14286362616
4aa -9.08248077099 1.01420031252 6.2081397401
4aa4aa -7.9344891158 0.453014808435 5.51154927104
4aa4aa- -7.93449560584 0.453202944318 5.51168047878
4aa4aa-4aa -7.46314154556 0.201341234263 4.94611905812
4aa4aa-4aa-4aa -7.24048982811 0.0907290536165 4.70312164123
4aa4aa-4aa-4aa- -7.24058188059 0.0908594192902 4.70330244833
4aa4aa-4aa4aa -7.23634274103 0.0764853065375 4.68840267306
4aa4aa-4aa4aa- -7.23695715226 0.0772032259213 4.68952231577
4aa4aa4aa -7.46953862215 0.22135366202 4.96725179615
4aa4aa4aa-4aa -7.24050167074 0.0906770368962 4.70308570458
4aa4aa4aa-4aa- -7.24037114783 0.0906915221328 4.70296515028
4aa4aa4aa4aa -7.24073008237 0.0987279701257 4.70883131759
4aa4aa4aa4aa- -7.23696021537 0.0772053909259 4.68952720676
4ae -8.39023267664 0.380721949516 5.80667208907
4ae4ae -7.89348757882 0.166053314769 5.24539287214
4ae4ae- -7.87180771264 0.186361514881 5.22186937824
4ae4ae-4ae -7.51259750837 0.0292648110814 4.83824922006
4ae4ae-4ae-4ae -7.3497231526 -0.0605054746061 4.67019422127
4ae4ae-4ae-4ae- -7.3548575025 -0.0574610155933 4.67819253165
4ae4ae-4ae4ae -7.33469343481 -0.0618251352984 4.65163548543
4ae4ae-4ae4ae- -7.33064442828 -0.060476172694 4.64959710249
4ae4ae4ae -7.54462195957 0.0235559852327 4.87809539579
4ae4ae4ae-4ae -7.34788006668 -0.0563911721621 4.67381229489
4ae4ae4ae-4ae- -7.35280134526 -0.0583493053451 4.6764735659
4ae4ae4ae4ae -7.37181236073 -0.0539665447365 4.70430429951
4ae4ae4ae4ae- -7.3681596745 -0.0540991851244 4.69992165168
4af -8.07486859609 0.92547515532 5.61070675612
4af4af -7.54049911291 0.449487274218 5.03207189445
4af4af- -7.50594239807 0.500715073481 5.04477036524
4af4af-4af -7.2150397197 0.264806587033 4.68931471944
4af4af-4af-4af -7.09251411001 0.151133720358 4.54198397994
4af4af-4af-4af- -7.04926687702 0.186226407227 4.54139187033
4af4af-4af4af -7.09075344317 0.104240113557 4.50110923076
4af4af-4af4af- -7.04327622787 0.153501486939 4.50421691325
4af4af4af -7.17649123652 0.221501829973 4.63844078688
4af4af4af-4af -6.97682781396 0.155256758722 4.46097085231
4af4af4af-4af- -6.94152354572 0.195974337144 4.46546158489
4af4af4af4af -6.98269573552 0.101623187775 4.43427317973
4af4af4af4af- -6.94107431624 0.150946652335 4.44123256574
4ai -8.29799990973 1.09805002776 5.87713167752
4ai4ai -7.72679606878 0.765436789211 5.48390365538
4ai4ai- -7.71787822874 0.762969132408 5.49340699651
4ai4ai-4ai -7.32241798509 0.609029366415 5.12111406999
4ai4ai-4ai-4ai -7.14904062308 0.544681127588 4.96382380705
4ai4ai-4ai-4ai- -7.14201599604 0.538520461118 4.95258295145
4ai4ai-4ai4ai -7.12399967708 0.529024344216 4.93101529984
4ai4ai-4ai4ai- -7.12117478673 0.526637019467 4.92791435301
4ai4ai4ai -7.35436607004 0.626363500898 5.15723225234
4ai4ai4ai-4ai -7.14516271395 0.536544914517 4.95491124799
4ai4ai4ai-4ai- -7.14838305866 0.542281089351 4.96118462095
4ai4ai4ai4ai -7.17330163495 0.558637244746 4.99355879789
4ai4ai4ai4ai- -7.16829960837 0.549220575387 4.98339998205
4al -7.80073201459 1.00373431747 5.49428072028
4ea -8.38999468445 0.380469681457 5.80655655598
4ea4ea -7.89350148922 0.166093343932 5.24541878932
4ea4ea- -7.8718773332 0.186404103317 5.22196193468
4ea4ea-4ea -7.51258998906 0.0292225361541 4.83820874573
4ea4ea-4ea-4ea -7.34724398178 -0.0603839262818 4.66980359658
4ea4ea-4ea-4ea- -7.35772726016 -0.0618722036729 4.68539278307
4ea4ea-4ea4ea -7.3375303853 -0.0667222662949 4.65640473718
4ea4ea-4ea4ea- -7.33060510403 -0.0605863329184 4.64948051006
4ea4ea4ea -7.54457940454 0.023498313279 4.87800577853
4ea4ea4ea-4ea -7.34543178524 -0.0515465019121 4.66914669112
4ea4ea4ea-4ea- -7.35068874153 -0.0610601939294 4.67181745207
4ea4ea4ea4ea -7.37170527676 -0.0541793057896 4.70403246928
4ea4ea4ea4ea- -7.36262260829 -0.0514141189436 4.69052978141
4ee -8.00315386097 -0.0573265613196 5.20228926979
4ee4ee -7.75854317215 -0.210200483394 4.92856351188
4ee4ee4ee -7.54004538068 -0.288246343089 4.66912692937
4ee4ee4ee4ee -7.41889209065 -0.330983649876 4.56491011626
4ef -7.66944244571 0.617427058718 5.25875714809
4ef4ef -7.3754278894 0.334603367061 4.8390363789
4ef4ef- -7.38638522424 0.484095880791 4.94518268697
4ef4ef-4ef -7.24905621214 0.190900421451 4.66465138776
4ef4ef-4ef-4ef -7.12141043363 0.024539768511 4.50080441436
4ef4ef-4ef-4ef- -7.07589001316 0.115981248833 4.53261186744
4ef4ef-4ef4ef- -7.13178319068 0.218954907574 4.60517477086
4ef4ef4ef -7.15270103184 0.160098925771 4.57239849114
4ef4ef4ef-4ef -7.06545674181 0.197986348923 4.55958236011
4ef4ef4ef-4ef- -7.01365506683 0.218017728347 4.54206565023
4ef4ef4ef4ef -7.02466834957 0.0632270782953 4.42996645659
4ef4ef4ef4ef- -6.99259662261 0.153822422944 4.47325934955
4ei -7.8589720277 0.530776845973 5.52195133651
4ei4ei -7.64481962412 0.484442407335 5.26901834881
4ei4ei- -7.64522329177 0.48458565085 5.26935774934
4ei4ei-4ei -7.44015161329 0.464781498249 5.06549974432
4ei4ei-4ei-4ei -7.34007452827 0.4417685405 5.02516495133
4ei4ei-4ei-4ei- -7.34683176947 0.433376471212 5.0267320269
4ei4ei-4ei4ei -7.33112646261 0.432692082751 5.02611251459
4ei4ei-4ei4ei- -7.33044855683 0.448032380275 5.02920249564
4ei4ei4ei -7.44561813321 0.451818227875 5.06549007257
4ei4ei4ei-4ei -7.33064133506 0.448180373541 5.02928616822
4ei4ei4ei-4ei- -7.33739507255 0.440163807182 5.02376146505
4ei4ei4ei4ei -7.34684991345 0.433395813034 5.02675334514
4ei4ei4ei4ei- -7.34560105925 0.432293920765 5.02554226204
4el -7.47301858085 0.683920014055 5.17796542644
4fa -8.07487409157 0.925460199424 5.61069883373
4fa4fa -7.54064378411 0.44945786062 5.03219845773
4fa4fa- -7.64878547701 0.433875854894 5.08292693107
4fa4fa-4fa -7.21503755213 0.264802993596 4.68931052421
4fa4fa-4fa-4fa -7.09250778127 0.151113731176 4.54196376045
4fa4fa-4fa-4fa- -7.23827071077 0.0433268949689 4.56537622863
4fa4fa-4fa4fa -6.97682844705 0.155259062568 4.46097269434
4fa4fa-4fa4fa- -7.12592611322 0.0888182004318 4.51303536118
4fa4fa4fa -7.17648579087 0.221479799011 4.63842093982
4fa4fa4fa-4fa -7.09075416687 0.104232822424 4.50110503779
4fa4fa4fa-4fa- -7.26278567629 0.0277386848653 4.56558577051
4fa4fa4fa4fa -6.98268016999 0.10192170486 4.43447963044
4fa4fa4fa4fa- -7.12647354068 0.036643170381 4.48270722597
4fe -7.66853021278 0.618015100894 5.25805878885
4fe4fe -7.37543751605 0.33461110697 4.8390674739
4fe4fe- -7.45700354253 0.287537745809 4.85182342479
4fe4fe-4fe -7.25366841876 0.200135364899 4.6726948681
4fe4fe-4fe-4fe -7.13324256801 0.0237185895571 4.506166498
4fe4fe-4fe-4fe- -7.20146040397 -0.0368746152974 4.49222330189
4fe4fe-4fe4fe -7.08701179218 0.155244806916 4.55088022495
4fe4fe-4fe4fe- -7.22758275495 0.0821775415086 4.59548738377
4fe4fe4fe -7.1527417003 0.16008171125 4.57245352569
4fe4fe4fe-4fe -7.15766522853 0.05030296137 4.51617390374
4fe4fe4fe-4fe- -7.2339922886 -0.0966460860979 4.46396772729
4fe4fe4fe4fe -7.02467268238 0.0631781090373 4.42992712792
4fe4fe4fe4fe- -7.1473278979 -0.00816959043263 4.46552551312
4ff -7.34329754421 0.8007154959 4.93342742826
4ff4ff -6.97427996937 0.383722909946 4.44238777734
4ff4ff- -7.12047810006 0.328271891995 4.53186446352
4ff4ff-4ff -6.88919116426 0.13020063038 4.2492383841
4ff4ff-4ff-4ff -6.83902145135 0.0276056015304 4.14257541228
4ff4ff-4ff-4ff- -6.90869673514 -0.00312354788677 4.153331527
4ff4ff-4ff4ff -6.71887703088 0.0115233425301 4.05413973279
4ff4ff-4ff4ff- -6.81318784298 -0.0445297421454 4.09210688963
4ff4ff4ff -6.71916067587 0.165358277341 4.12667568821
4ff4ff4ff-4ff -6.72395275718 0.0153516139374 4.0621722695
4ff4ff4ff-4ff- -6.78967407213 -0.011226790353 4.07817405442
4ff4ff4ff4ff -6.57095333553 0.0412835212914 3.95060823762
4ff4ff4ff4ff- -6.66121986644 -0.00406130417618 3.98460989429
4fi -7.5138094723 0.994740415269 5.23193913188
4fi4fi -7.21893692969 0.778014467662 4.95886114327
4fi4fi- -7.29098685902 0.677307824127 4.93096584276
4fi4fi-4fi -7.0358537602 0.680860878156 4.79855357529
4fi4fi-4fi-4fi -6.93203893523 0.572696145085 4.66850634489
4fi4fi-4fi-4fi- -7.04435312627 0.456578476843 4.65372937613
4fi4fi-4fi4fi -6.86360369191 0.638112572471 4.67698594461
4fi4fi-4fi4fi- -6.99974835678 0.560637301904 4.70419648225
4fi4fi4fi -6.96226300803 0.627615822318 4.71056310384
4fi4fi4fi-4fi -6.97299096609 0.586120845631 4.69787695351
4fi4fi4fi-4fi- -7.08066754989 0.465812358549 4.68024631796
4fi4fi4fi4fi -6.83646959471 0.575096479794 4.61415184625
4fi4fi4fi4fi- -6.99929566586 0.52990528329 4.69463869373
4fl -7.1508814491 0.878986277037 4.85834056345
4ia -8.29799031451 1.09805514691 5.87712879969
4ia4ia -7.72674880688 0.765373146769 5.48384814969
4ia4ia- -7.71786637633 0.762963635411 5.49339758769
4ia4ia-4ia -7.32218129656 0.60853635527 5.12055509524
4ia4ia-4ia-4ia -7.14902280448 0.544682322101 4.96381567187
4ia4ia-4ia-4ia- -7.16813381128 0.549251375085 4.98334050787
4ia4ia-4ia4ia -7.14508675314 0.53666594535 4.95497574599
4ia4ia-4ia4ia- -7.12118368337 0.526666318498 4.92794407054
4ia4ia4ia -7.35436751618 0.626370575816 5.15723970995
4ia4ia4ia-4ia -7.12400019108 0.529018247663 4.93100906185
4ia4ia4ia-4ia- -7.14862565048 0.542459865086 4.96152773744
4ia4ia4ia4ia -7.17330136395 0.558635716994 4.99355716492
4ia4ia4ia4ia- -7.14201596246 0.53851998315 4.9525824065
4ie -7.85900862932 0.530824526129 5.52197603805
4ie4ie -7.6448936404 0.484462081624 5.26906940173
4ie4ie- -7.64516392533 0.484488409378 5.26919342835
4ie4ie-4ie -7.43640992966 0.463027109977 5.06402889616
4ie4ie-4ie-4ie -7.33112086578 0.433300943299 5.02609941957
4ie4ie-4ie-4ie- -7.34008877087 0.441804995952 5.02524970906
4ie4ie-4ie4ie -7.33818505155 0.441231757797 5.02380575578
4ie4ie-4ie4ie- -7.32990265394 0.447340771616 5.02884798765
4ie4ie4ie -7.44505538574 0.451428697529 5.06523432774
4ie4ie4ie-4ie -7.33065940221 0.448186972775 5.02929703269
4ie4ie4ie-4ie- -7.33103236311 0.432655031615 5.02626554339
4ie4ie4ie4ie -7.34667801773 0.433254897825 5.02663836302
4ie4ie4ie4ie- -7.34542959524 0.432128442817 5.02545721236
4if -7.51381170413 0.994739490876 5.23194050945
4if4if -7.21894580795 0.778024247641 4.95887349412
4if4if- -7.22394378322 0.824377552614 4.99754706596
4if4if-4if -7.03587601035 0.680866809038 4.79857847428
4if4if-4if-4if -6.93204315404 0.572694949086 4.66851000974
4if4if-4if-4if- -6.87944308516 0.577360479078 4.64570115947
4if4if-4if4if -6.97342960856 0.586167597155 4.69810980436
4if4if-4if4if- -6.93036882272 0.640402646604 4.71111161869
4if4if4if -6.96224951017 0.627582298509 4.71053161107
4if4if4if-4if -6.86370853812 0.638287925645 4.67718048526
4if4if4if-4if- -6.81640621395 0.672743397406 4.66770276536
4if4if4if4if -6.83646807583 0.575099757601 4.61415311838
4if4if4if4if- -6.79933200684 0.61855408101 4.62273232086
4ii -7.70566287242 1.17319946729 5.51929965555
4ii4ii -7.5149663057 1.25120557012 5.4134708248
4ii4ii4ii -7.28370263566 1.26615849041 5.27796348674
4ii4ii4ii4ii -7.24715417969 1.27931022775 5.25364787493
4il -7.30858491404 1.07063777235 5.14801892482
4la -7.80074144736 1.00373015549 5.49428558758
4la4la- -7.30397417866 0.625630073754 4.97672914324
4la4la-4la-4la- -6.75758154138 0.327525312771 4.4214858976
4le -7.47239638457 0.684641300471 5.17763243959
4le4le- -7.17787066952 0.564165020688 4.84883386734
4le4le-4le-4le- -6.81146133451 0.312173534836 4.44977424194
4lf -7.15086974909 0.878994363696 4.8583373584
4lf4lf- -6.7864633663 0.721112109588 4.55529204482
4lf4lf-4lf-4lf- -6.4110365697 0.320748267016 4.08694936904
4li -7.30857718854 1.07064170468 5.14801548024
4li4li- -7.04013274196 0.94219015421 4.94347189226
4li4li-4li-4li- -6.65527880295 0.850287425943 4.66519147444
4ll -6.96689782315 0.949507320471 4.77753959258
