1111 -10.6055473473 0.343375949497 3.17486955328
1111- -10.9870737658 0.189438889213 3.44210379554
1111-11- -10.5503243667 -0.664464438487 2.72566228596
1111-11-11 -10.39644076 -0.352016400062 3.43204950343
1111-11-11- -10.2045818985 -0.879577063214 2.74949895036
1111-1111 -10.6596238731 -0.768332002174 3.02190756875
1111-1111- -10.3964484477 -0.352017153987 3.43229146046
111111 -10.2042692191 -0.597299497543 2.45822291465
111111- -10.5505849621 -0.664838855846 2.72560284194
111111-11 -10.6596372484 -0.768242029964 3.02195871731
111111-11- -10.4538535205 -1.22805398416 2.46885278391
11111111 -10.1018694406 -0.815742945283 2.55127322072
11111111- -10.2050876337 -0.880036241869 2.74919590349
12aa -9.34129520527 2.98356499781 7.3768161465
12aa12aa -8.10330040995 1.78322623436 5.52395803318
12aa12aa- -8.1306164434 1.76332571531 5.53945082348
12aa12aa-12aa -7.65001037115 1.29236234156 4.81655470853
12aa12aa-12aa-12aa -7.39543844078 1.04508743515 4.42897556777
12aa12aa-12aa-12aa- -7.38300127878 1.05064309416 4.42877040176
12aa12aa-12aa12aa -7.4023972915 1.04067667454 4.44919023043
12aa12aa-12aa12aa- -7.41522816277 1.0355557822 4.45125354568
12aa12aa12aa -7.61118560093 1.31158261759 4.81052202538
12aa12aa12aa-12aa -7.40239709048 1.04067661042 4.44919007259
12aa12aa12aa-12aa- -7.38979106315 1.04579865643 4.44707499382
12aa12aa12aa12aa -7.37041097205 1.05523051458 4.42799802779
12aa12aa12aa12aa- -7.38300099962 1.05064294989 4.42877012428
12ae -9.31480598172 2.22540945235 4.49731435489
12ae12ae -8.29535361908 1.09253802316 4.42287358485
12ae12ae- -8.31923406507 1.06738976547 4.46701557794
12ae12ae-12ae -7.89313050767 0.650980750188 4.41536108737
12ae12ae-12ae-12ae -7.67977024316 0.404540116078 4.11711451773
12ae12ae-12ae-12ae- -7.67736579778 0.400712633841 4.11357645166
12ae12ae-12ae12ae -7.67510994461 0.409075162651 4.13687358091
12ae12ae-12ae12ae- -7.68493953064 0.414340827665 4.14249370907
12ae12ae12ae -7.87577256283 0.632179626828 4.41641108729
12ae12ae12ae-12ae -7.69352143988 0.387242156939 4.1484381924
12ae12ae12ae-12ae- -7.68515911654 0.380680061522 4.14335955817
12ae12ae12ae12ae -7.67911148691 0.369420511434 4.13237588926
12ae12ae12ae12ae- -7.68927104448 0.371111314053 4.13751532779
12af -8.96960867384 2.77392093463 6.7780479722
12af12af -7.92737482697 1.54438737967 5.19588982772
12af12af- -7.91819789532 1.45950044575 5.12201397854
12af12af-12af -7.4273959881 1.01571360588 4.43852463241
12af12af-12af-12af -7.1402722987 0.765850609869 4.06680991187
12af12af-12af-12af- -7.13571668132 0.746447214628 4.05327978888
12af12af-12af12af -7.21071283887 0.746235117598 4.10943295218
12af12af-12af12af- -7.22500299376 0.702009403445 4.08449204913
12af12af12af -7.50202266013 1.02615024957 4.51846591058
12af12af12af-12af -7.24064944632 0.711354684553 4.10429400667
12af12af12af-12af- -7.23510945016 0.690737566499 4.08649435826
12af12af12af12af -7.29867060496 0.736605975093 4.15140263768
12af12af12af12af- -7.31282024591 0.689907631924 4.12684281347
12ai -9.0968978074 3.01629883953 7.20160466522
12ai12ai -7.93368852412 1.93628772673 5.46084150733
12ai12ai- -7.89606825071 1.85164947874 5.39703535609
12ai12ai-12ai -7.42364014653 1.38950991666 4.69158412229
12ai12ai-12ai-12ai -7.18528533103 1.15832917683 4.33115780234
12ai12ai-12ai-12ai- -7.16914030811 1.1815810249 4.33891304506
12ai12ai-12ai12ai -7.18067496878 1.15851750139 4.34876429321
12ai12ai-12ai12ai- -7.19349268354 1.13738741105 4.34096486417
12ai12ai12ai -7.44517599036 1.49306452681 4.78205210945
12ai12ai12ai-12ai -7.18958976771 1.16915727556 4.36425564452
12ai12ai12ai-12ai- -7.13214486871 1.14693487636 4.31545165891
12ai12ai12ai12ai -7.1921654733 1.25169052115 4.41084284101
12ai12ai12ai12ai- -7.17952946138 1.20291280266 4.37090307455
12al -8.54650082277 2.91456198219 6.69902433843
12al12al -7.4696562577 1.80151683314 5.06925847931
12al12al- -7.53509988175 1.837181094 5.13941825762
12al12al-12al -7.1317842793 1.32313627486 4.45756354369
12al12al-12al-12al -6.89221857533 1.03683913338 4.04704516931
12al12al-12al-12al- -6.97498007422 1.13217892609 4.16360831021
12al12al-12al12al -6.84258941197 1.05502021134 4.07939405484
12al12al-12al12al- -6.86432884396 1.07838947864 4.10273386052
12al12al12al -6.96812008474 1.33647501916 4.38980868296
12al12al12al-12al -6.8463466501 1.08070432587 4.10860967124
12al12al12al-12al- -6.83611965383 1.12711784897 4.12959017186
12al12al12al12al -6.70081898614 1.09060810908 4.02348514755
12al12al12al12al- -6.71806764063 1.11635034036 4.04631629349
12ea -9.31480086142 2.22541048786 4.49730970321
12ea12ea -8.29527459712 1.09240388774 4.42273172178
12ea12ea- -8.31915845842 1.06733337927 4.4669459005
12ea12ea-12ea -7.8931969115 0.65103484569 4.41537037438
12ea12ea-12ea-12ea -7.67979126008 0.404580518337 4.11715163688
12ea12ea-12ea-12ea- -7.6892652756 0.371104933309 4.13750550603
12ea12ea-12ea12ea -7.69350291614 0.387228971329 4.14841404346
12ea12ea-12ea12ea- -7.68479679788 0.414324626767 4.14232747087
12ea12ea12ea -7.87576462384 0.63218358022 4.41645064136
12ea12ea12ea-12ea -7.67509873109 0.409076312797 4.13686050283
12ea12ea12ea-12ea- -7.68520787193 0.380686312976 4.1434064598
12ea12ea12ea12ea -7.67917642981 0.36948861489 4.13247767684
12ea12ea12ea12ea- -7.67740225651 0.400731070671 4.11361104243
12ee -9.51498028397 1.98123451622 4.47737257234
12ee12ee -8.65032411571 0.892952254116 4.28218977242
12ee12ee- -8.45243023704 0.558901184367 4.43578080213
12ee12ee-12ee -8.09448423847 0.300859679197 4.24785651073
12ee12ee-12ee-12ee- -8.08705795557 0.198680002439 4.19977415203
12ee12ee-12ee12ee -7.97360212912 0.12207492788 4.08201466804
12ee12ee-12ee12ee- -7.91131446015 0.113977697772 4.043530442
12ee12ee12ee -8.34296622377 0.544242698485 4.25346245919
12ee12ee12ee-12ee -7.9735910321 0.122070191911 4.08200661026
12ee12ee12ee-12ee- -8.03703192987 0.115774852454 4.12333288816
12ee12ee12ee12ee -8.21190552105 0.347349242242 4.23763591827
12ee12ee12ee12ee- -8.08703999211 0.198663562233 4.19974640555
12ef -9.29876084229 2.05634563089 4.5103694227
12ef12ef -8.15076380594 0.940159809029 4.16666429571
12ef12ef- -8.20760743922 0.812057113581 4.41575012609
12ef12ef-12ef -7.71264951673 0.452913162635 4.11409191573
12ef12ef-12ef-12ef -7.46477544195 0.191571074869 3.81012322356
12ef12ef-12ef-12ef- -7.50472271762 0.115730953782 3.83016493796
12ef12ef-12ef12ef -7.51868203697 0.186529063145 3.84886342338
12ef12ef-12ef12ef- -7.53720312454 0.150706781628 3.81864720321
12ef12ef12ef -7.75915319026 0.454129425687 4.15160832973
12ef12ef12ef-12ef -7.53352641258 0.176032153724 3.82813719293
12ef12ef12ef-12ef- -7.57515553126 0.0921752850597 3.83385270538
12ef12ef12ef12ef -7.58621095612 0.168047618771 3.86564118059
12ef12ef12ef12ef- -7.60910160393 0.131948560348 3.82854537948
12ei -9.27097397811 2.21764829267 4.49268565718
12ei12ei -8.34090605545 1.42726835129 4.39714159662
12ei12ei- -8.12237199684 1.18734101774 4.44872997518
12ei12ei-12ei -7.69839225361 0.787086471876 4.33203300482
12ei12ei-12ei-12ei -7.59667019936 0.673560475648 4.19187474611
12ei12ei-12ei-12ei- -7.71227471317 0.742796038679 4.33148043219
12ei12ei-12ei12ei -7.57668590933 0.612855490288 4.16362662285
12ei12ei-12ei12ei- -7.50828182316 0.579370719338 4.0871839439
12ei12ei12ei -7.99692898649 1.09255554177 4.38584813798
12ei12ei12ei-12ei -7.54954971657 0.632171486431 4.14131245506
12ei12ei12ei-12ei- -7.64815394752 0.709641118075 4.2682718468
12ei12ei12ei12ei -7.84428740498 0.911992879022 4.37950811807
12ei12ei12ei12ei- -7.6982314407 0.80602776711 4.33183919791
12el -8.86148853347 2.09954744663 4.38764529331
12el12el -8.33277744969 1.15971614684 4.31042161651
12el12el- -7.81015458631 1.20778956037 4.3887333524
12el12el-12el -7.87247984361 0.52742308615 4.27973633494
12el12el-12el-12el -7.7185654307 0.334679572067 4.0658472222
12el12el-12el-12el- -7.68177604068 0.850277224661 4.32614595595
12el12el-12el12el -7.72739331704 0.365849903135 4.11023550993
12el12el-12el12el- -7.62774406238 0.310244849686 4.00566017095
12el12el12el -7.93956140591 0.778350093218 4.30087151695
12el12el12el-12el -7.67917767459 0.368986032258 4.05266503225
12el12el12el-12el- -7.73380939044 0.515029482069 4.19740647671
12el12el12el12el -7.75740145404 0.562885170579 4.22418875755
12el12el12el12el- -7.64278305889 0.5245923672 4.12777509315
12fa -8.87440426507 2.78508213292 6.79380232077
12fa12fa -7.7613097194 1.63671866041 5.15563405245
12fa12fa- -7.91820108514 1.45950059263 5.12201738823
12fa12fa-12fa -7.3818241681 1.07926061666 4.45661537903
12fa12fa-12fa-12fa -7.20378169552 0.795777699133 4.10554125215
12fa12fa-12fa-12fa- -7.3128203961 0.689904380429 4.12684113326
12fa12fa-12fa12fa -7.10390412286 0.854826136292 4.11904402552
12fa12fa-12fa12fa- -7.22500284581 0.702009298949 4.0844917396
12fa12fa12fa -7.26868598699 1.14802073582 4.4664555899
12fa12fa12fa-12fa -7.13204241615 0.797171256255 4.07634558248
12fa12fa12fa-12fa- -7.23510842653 0.690736202223 4.08649251337
12fa12fa12fa12fa -7.01591949493 0.891464841762 4.10230953124
12fa12fa12fa12fa- -7.13572268599 0.746441338524 4.05328098591
12fe -9.23221151036 1.93463940855 4.4759895649
12fe12fe -8.06205028081 0.984512258684 4.347144434
12fe12fe- -8.20774420336 0.812017968294 4.41571107263
12fe12fe-12fe -7.68346532794 0.488819442458 4.13933312157
12fe12fe-12fe-12fe -7.54693707894 0.255611454021 3.86306714303
12fe12fe-12fe-12fe- -7.60908414867 0.131935090198 3.82852360976
12fe12fe-12fe12fe -7.42991533762 0.286601938959 3.86125600343
12fe12fe-12fe12fe- -7.53719701356 0.150685297714 3.81862434881
12fe12fe12fe -7.61456153047 0.522804896537 4.18070243156
12fe12fe12fe-12fe -7.48259356027 0.1887203753 3.83143191923
12fe12fe12fe-12fe- -7.57523771967 0.0923415494278 3.83402375651
12fe12fe12fe12fe -7.40202871762 0.260256840642 3.87812413784
12fe12fe12fe12fe- -7.50477768072 0.115873433049 3.83028489407
12ff -9.12443401847 2.5765926937 6.60561470151
12ff12ff -7.91592259262 1.36378707294 4.97708437334
12ff12ff- -8.07700118446 1.15811874044 4.98462071959
12ff12ff-12ff -7.48227425116 0.829127567711 4.26884600049
12ff12ff-12ff-12ff -7.26626113757 0.528012026834 3.89310959158
12ff12ff-12ff-12ff- -7.39902220734 0.379717088922 3.89182956744
12ff12ff-12ff12ff -7.23554365143 0.588460508465 3.93214362672
12ff12ff-12ff12ff- -7.37844139593 0.420979301214 3.90122002338
12ff12ff12ff -7.47354095887 0.840630077549 4.29929265081
12ff12ff12ff-12ff -7.31431279253 0.490265954321 3.91008286916
12ff12ff12ff-12ff- -7.43578531414 0.336576149769 3.89567740302
12ff12ff12ff12ff -7.26192838208 0.550223708269 3.9316664575
12ff12ff12ff12ff- -7.39902216855 0.379717659827 3.89183003176
12fi -8.89434430287 2.84972888562 6.83335075806
12fi12fi -7.83485953207 1.87064277994 5.29154622279
12fi12fi- -7.81358060122 1.558573895 5.07602074742
12fi12fi-12fi -7.26584451918 1.18866994263 4.3954558315
12fi12fi-12fi-12fi -7.23650080659 1.06510482324 4.25382749212
12fi12fi-12fi-12fi- -7.4889376374 1.09505828114 4.44436173311
12fi12fi-12fi12fi -7.03575824421 1.02498586302 4.12018480925
12fi12fi-12fi12fi- -7.11036163043 0.812372579086 4.01322053578
12fi12fi12fi -7.36764807567 1.45065856215 4.66496423669
12fi12fi12fi-12fi -7.06913408557 0.952924192847 4.07856545875
12fi12fi12fi-12fi- -7.27243276627 0.952291858949 4.20984170451
12fi12fi12fi12fi -7.1678638053 1.25956533164 4.36605780708
12fi12fi12fi12fi- -7.13921974566 0.953356629463 4.11694403631
12fl -8.85675924856 2.75099852997 6.46651890932
12fl12fl -7.53704699206 1.66961297644 4.91793493481
12fl12fl- -7.64518947312 1.52280953511 4.92020356287
12fl12fl-12fl -7.18004087053 1.10572177244 4.24986962203
12fl12fl-12fl-12fl -7.24182573994 0.67102141531 3.96592975462
12fl12fl-12fl-12fl- -7.35408051775 0.5541510452 3.97300100426
12fl12fl-12fl12fl -6.90773344364 0.89409985796 3.90959178544
12fl12fl-12fl12fl- -7.01542934478 0.770711947761 3.8847344718
12fl12fl12fl -7.03930923966 1.2441560472 4.26798252932
12fl12fl12fl-12fl -6.92131258708 0.875673507454 3.90042886832
12fl12fl12fl-12fl- -7.40443192183 0.487249643376 3.97005097462
12fl12fl12fl12fl -6.78503266983 1.01828961064 3.90788976491
12fl12fl12fl12fl- -6.87285308859 0.906395673866 3.86462497036
12ia -9.0969025598 3.01629801857 7.20160744431
12ia12ia -7.93369657799 1.93624768197 5.46083028236
12ia12ia- -7.89607130625 1.851645061 5.39703498923
12ia12ia-12ia -7.42364226396 1.3895139039 4.69158934686
12ia12ia-12ia-12ia -7.18528597053 1.15833017892 4.33115878771
12ia12ia-12ia-12ia- -7.17963744748 1.2030157946 4.37104139585
12ia12ia-12ia12ia -7.18948638701 1.16910147438 4.36414958861
12ia12ia-12ia12ia- -7.1934942007 1.13738693545 4.34096496464
12ia12ia12ia -7.44516636598 1.49305480669 4.78203947199
12ia12ia12ia-12ia -7.18062811322 1.1584909488 4.34870839748
12ia12ia12ia-12ia- -7.13214489747 1.14693508161 4.31545177663
12ia12ia12ia12ia -7.19225721929 1.25177354402 4.41096441952
12ia12ia12ia12ia- -7.16932005623 1.18169595389 4.33911777619
12ie -9.27097434709 2.21764842428 4.49268584354
12ie12ie -8.34091494029 1.42727356783 4.39715897994
12ie12ie- -8.12239470902 1.18733755447 4.44871291659
12ie12ie-12ie -7.6983875376 0.787100925073 4.33203809678
12ie12ie-12ie-12ie -7.59777711693 0.674392065007 4.19308473902
12ie12ie-12ie-12ie- -7.69828857941 0.806100546094 4.3319224037
12ie12ie-12ie12ie -7.54952644049 0.632169905559 4.14129306153
12ie12ie-12ie12ie- -7.50829423771 0.579338964899 4.08718916634
12ie12ie12ie -7.99688499847 1.09251620925 4.38563407881
12ie12ie12ie-12ie -7.57669528574 0.612829668362 4.1636152876
12ie12ie12ie-12ie- -7.64816099591 0.709714820292 4.26830563253
12ie12ie12ie12ie -7.84434526519 0.9120911804 4.37947517804
12ie12ie12ie12ie- -7.71224378188 0.742769137107 4.33144695028
12if -8.97794610185 2.8366140725 6.80969135856
12if12if -8.09510403387 1.93362375052 5.47813670856
12if12if- -7.81358049591 1.55857386758 5.07602065991
12if12if-12if -7.31603268361 1.14239944731 4.38473109075
12if12if-12if-12if -7.07972524253 0.917735158067 4.05235827548
12if12if-12if-12if- -7.13921973645 0.95335663298 4.11694402987
12if12if-12if12if -7.18581800798 0.968975371942 4.16195786257
12if12if-12if12if- -7.11036162553 0.812372558617 4.01322051829
12if12if12if -7.77751222707 1.55407012415 4.95476873335
12if12if12if-12if -7.22695478062 0.942040056232 4.16877417114
12if12if12if-12if- -7.27243284726 0.952291912695 4.20984179936
12if12if12if12if -7.6493697569 1.3586151125 4.70243645988
12if12if12if12if- -7.48891133117 1.09492884049 4.44425955553
12ii -8.99313121619 3.07501413624 7.09946227419
12ii12ii -8.04527069848 2.31502570637 5.71907378355
12ii12ii- -7.71228893535 1.95960351672 5.30237294253
12ii12ii-12ii -7.28431648528 1.56067863167 4.66630547431
12ii12ii-12ii-12ii -7.19704777853 1.47100760974 4.52025144646
12ii12ii-12ii-12ii- -7.31663619627 1.64958637912 4.71594512004
12ii12ii-12ii12ii -7.15178314558 1.44481407678 4.46891160324
12ii12ii-12ii12ii- -7.07731824567 1.33291780198 4.35048737742
12ii12ii12ii -7.63674660252 1.98587770531 5.18583539756
12ii12ii12ii-12ii -7.15178188945 1.44481368442 4.46891072552
12ii12ii12ii-12ii- -7.22067710097 1.564909589 4.59922688254
12ii12ii12ii12ii -7.48252074287 1.85885896752 4.95979509153
12ii12ii12ii12ii- -7.31663463896 1.64958745393 4.71594581607
12il -9.21290067281 2.83245725936 7.03460141135
12il12il -8.12939162504 1.82082986137 5.4221459543
12il12il- -7.85484862988 1.69280786098 5.21528864381
12il12il-12il -7.48322481755 1.13181923169 4.50145539647
12il12il-12il-12il -7.3276802055 0.946383955252 4.22932956842
12il12il-12il-12il- -7.25234852501 1.19346282091 4.34333330989
12il12il-12il12il -7.31755238831 0.959407830508 4.25363729806
12il12il-12il12il- -7.25031164712 1.01408698769 4.26377361646
12il12il12il-12il -7.31819187287 1.08311200526 4.35067230041
12il12il12il-12il- -7.2863633137 0.986132365084 4.2509497569
12il12il12il12il -7.55353730793 1.23561745576 4.58174929431
12il12il12il12il- -7.39851693532 1.11054725651 4.39589357579
12la -8.73461651595 2.91575761221 6.73476297329
12la12la -7.69311317495 1.76867089902 5.17931002015
12la12la- -7.53509953463 1.83718137449 5.13941816161
12la12la-12la -7.13640917249 1.26790473662 4.42728370226
12la12la-12la-12la -6.83749439863 1.0173693702 4.03571627018
12la12la-12la-12la- -6.71806320718 1.11633000325 4.04629814941
12la12la-12la12la -6.96123623453 1.00527790103 4.13103785418
12la12la-12la12la- -6.86432860252 1.07838946785 4.10273366689
12la12la12la -7.27505481824 1.31173374684 4.55201050287
12la12la12la-12la -6.9489300922 1.03010220389 4.13172983829
12la12la12la-12la- -6.8361187155 1.12711722012 4.12958900854
12la12la12la12la -6.71414320505 1.10459851377 4.03873269869
12la12la12la12la- -6.70119401342 1.11789208341 4.02064379018
12le -9.07193522516 2.15355163386 4.50801083396
12le12le -8.40098157675 1.5135955823 4.43429972984
12le12le- -7.81023506589 1.20785008923 4.38871232731
12le12le-12le -7.79733063509 0.794765418492 4.36067567251
12le12le-12le-12le- -7.64282450839 0.524360795559 4.12764578277
12le12le-12le12le -7.75120229564 0.696394840357 4.26168646651
12le12le-12le12le- -7.62771755942 0.310298955688 4.00564144087
12le12le12le -8.19137677419 1.21273069664 4.4217936701
12le12le12le-12le -7.71790675171 0.60820477845 4.21563121193
12le12le12le-12le- -7.73367374064 0.514786840893 4.19717572038
12le12le12le12le -8.10373533215 1.02866180708 4.4154250646
12le12le12le12le- -7.56740326644 0.688053961536 4.17529301931
12lf -8.93036247187 2.72507657544 6.58783002192
12lf12lf -8.38945017639 2.02062469612 5.68445603177
12lf12lf- -7.64518918264 1.52280999974 4.92020360064
12lf12lf-12lf -7.23536265369 1.02076224772 4.22279721433
12lf12lf-12lf-12lf -7.24189098685 0.69363805194 3.97727640586
12lf12lf-12lf-12lf- -6.87285307551 0.906395723617 3.86462498506
12lf12lf-12lf12lf -7.22908324751 0.701313795299 3.99491936362
12lf12lf-12lf12lf- -7.01538809523 0.770637305979 3.8846391865
12lf12lf12lf -7.49355043523 0.980679901945 4.39296489115
12lf12lf12lf-12lf -7.26734618402 0.632187579197 3.96406928424
12lf12lf12lf-12lf- -7.52508155885 0.541279521624 4.06903130072
12lf12lf12lf12lf -7.30465603266 0.687926491289 4.03612071651
12lf12lf12lf12lf- -7.3541258757 0.553901110527 3.97287085266
12li -8.75820310958 2.97102152163 6.76854569158
12li12li -7.92160846338 2.13096122798 5.52532548479
12li12li- -7.85485989332 1.69281800557 5.21530642159
12li12li-12li -7.39847085432 1.18975988807 4.49343573969
12li12li-12li-12li -7.26821287827 0.991743484027 4.2261849391
12li12li-12li-12li- -7.37640691753 1.10475637226 4.38669269907
12li12li-12li12li -7.20141897757 0.915275288673 4.15296114626
12li12li-12li12li- -7.25031330012 1.01408978957 4.26377688804
12li12li12li -7.39847147673 1.18975253532 4.4934301839
12li12li12li-12li -7.20142817738 0.915258853072 4.15295815479
12li12li12li-12li- -7.2863656738 0.986131033297 4.25095027762
12li12li12li12li -7.20142037326 0.915297287362 4.15297732258
12li12li12li12li- -7.26572804301 0.986158065586 4.2242253795
12ll -8.62880979625 2.85855539006 6.4927529161
12ll12ll -8.21904202933 1.98991485151 5.56216699318
12ll12ll- -7.22458488587 1.89232369701 4.88771288317
12ll12ll-12ll -7.76630792117 1.41421521924 4.8962802761
12ll12ll-12ll-12ll -7.53722678882 0.948170814343 4.38306708679
12ll12ll-12ll-12ll- -7.66024753972 1.19028939942 4.62716937061
12ll12ll-12ll12ll -7.6956031676 1.28969859081 4.72559710803
12ll12ll-12ll12ll- -7.46839249298 1.17560033383 4.51967820193
12ll12ll12ll -7.98325589156 1.67981337228 5.14309343121
12ll12ll12ll-12ll -7.64163898481 1.21470671929 4.64973665429
12ll12ll12ll-12ll- -7.56413919246 1.22097442675 4.60383949236
12ll12ll12ll12ll -7.87972641522 1.49735999882 4.91588711301
12ll12ll12ll12ll- -7.64969922631 1.30067354691 4.6988978806
2 -11.3840830214 3.33386906707 7.18211861989
22 -9.57246587491 1.92679201623 7.1128235142
22- -9.63013650535 1.93296033126 6.84466865942
22-2 -8.80934657442 1.15858557777 5.63341483589
22-2- -8.7578971216 1.16161225068 5.73758373846
22-2-2 -8.27869125489 0.683575588181 5.00113419377
22-2-2- -8.24528136698 0.680136309856 5.07118336792
22-22 -8.30078887884 0.681392270498 4.96938341646
22-22- -8.33821005597 0.682337965308 4.92733943083
222 -8.71038154405 1.15637848232 5.8983212716
222- -8.75789739104 1.16161418176 5.73758296109
222-2 -8.30078585946 0.681387820169 4.96937938986
222-2- -8.26491172061 0.681158246929 5.00758721452
2222 -8.21201766242 0.675741731124 5.15842351754
2222- -8.24528113464 0.680141748834 5.07118622118
4aa -10.1737772097 2.29404185157 6.3780853488
4aa4aa -9.09642324432 1.49952100581 5.99459134157
4aa4aa- -9.09650463829 1.49971312794 5.99470663342
4aa4aa-4aa -8.67140025592 1.12985327414 5.48449460098
4aa4aa-4aa-4aa -8.47080072808 0.943197871818 5.23541155968
4aa4aa-4aa-4aa- -8.47090446269 0.94335758571 5.23558360479
4aa4aa-4aa4aa -8.47948837482 0.938108823072 5.23234109976
4aa4aa-4aa4aa- -8.48023372806 0.938983366014 5.23341755411
4aa4aa4aa -8.66412602391 1.13991971019 5.49190200104
4aa4aa4aa-4aa -8.47078778062 0.943133639558 5.23538261037
4aa4aa4aa-4aa- -8.47066133282 0.943142595324 5.23524120392
4aa4aa4aa4aa -8.45696065 0.94052698227 5.22940840104
4aa4aa4aa4aa- -8.48023746293 0.938986212346 5.23342274931
4ae -9.61961566491 1.46149924259 4.41987768582
4ae4ae -9.1832125769 1.05653341426 4.2177031858
4ae4ae- -9.10715424696 1.09724902081 4.22268088129
4ae4ae-4ae -8.79893091079 0.831188400681 4.21775108044
4ae4ae-4ae-4ae -8.67705382491 0.658499794049 4.21009853137
4ae4ae-4ae-4ae- -8.69028469139 0.661709486848 4.20962472907
4ae4ae-4ae4ae -8.66581191847 0.677420138593 4.21256408348
4ae4ae-4ae4ae- -8.65553589426 0.678745455081 4.21510912205
4ae4ae4ae -8.86655105944 0.792734915267 4.21033029953
4ae4ae4ae-4ae -8.67395324345 0.660209259913 4.21348039491
4ae4ae4ae-4ae- -8.68623420151 0.65869507577 4.21285501246
4ae4ae4ae4ae -8.71328027869 0.642872715661 4.20831428214
4ae4ae4ae4ae- -8.70015821363 0.643009923809 4.20809111091
4af -9.21861819699 2.12081928778 5.95400729552
4af4af -8.76628104612 1.40489726712 5.51829604991
4af4af- -8.71428526463 1.44986660684 5.53240368833
4af4af-4af -8.47821708381 1.09867016881 5.18717170349
4af4af-4af-4af -8.41330924815 0.901621061293 5.02971060486
4af4af-4af-4af- -8.38306393502 0.929884636048 5.03250826984
4af4af-4af4af -8.37921294725 0.879680867167 4.98892820883
4af4af-4af4af- -8.33532698301 0.921986998652 4.99195366135
4af4af4af -8.44320652651 1.04201681986 5.1483616871
4af4af4af-4af -8.28865619603 0.916402762141 4.97545359799
4af4af4af-4af- -8.26163131006 0.936225629268 4.97376649351
4af4af4af4af -8.27563478553 0.844134602394 4.93971588187
4af4af4af4af- -8.2386103263 0.88764879204 4.94682210278
4ai -9.53906421982 2.33271514441 6.1844850277
4ai4ai -9.00931808594 1.79289671594 5.8970896279
4ai4ai- -8.98685786861 1.79131440583 5.92307213208
4ai4ai-4ai -8.641135964 1.52919527391 5.61430661802
4ai4ai-4ai-4ai -8.4949127494 1.38252357836 5.44400813943
4ai4ai-4ai-4ai- -8.48967144261 1.37475707401 5.4350557224
4ai4ai-4ai4ai -8.48727144745 1.38450291363 5.43334428724
4ai4ai-4ai4ai- -8.48251816136 1.38227518058 5.43150586953
4ai4ai4ai -8.66530991805 1.5250016602 5.62513712141
4ai4ai4ai-4ai -8.48880773504 1.3733866099 5.44029792765
4ai4ai4ai-4ai- -8.49431148794 1.37903641502 5.44428290458
4ai4ai4ai4ai -8.50530160798 1.37723685091 5.45536995168
4ai4ai4ai4ai- -8.4959537671 1.36728887499 5.44740564983
4al -8.93503598037 2.26140787493 5.9105233839
4ea -9.61929136071 1.46125474058 4.4196106375
4ea4ea -9.18323411265 1.05656883729 4.21762440645
4ea4ea- -9.1072110292 1.09728489776 4.22272111273
4ea4ea-4ea -8.79894443729 0.831134645618 4.21774731684
4ea4ea-4ea-4ea -8.67695580929 0.655572165669 4.21241645692
4ea4ea-4ea-4ea- -8.70684864384 0.646745645314 4.21176156263
4ea4ea-4ea4ea -8.67867639815 0.663111913838 4.21474495442
4ea4ea-4ea4ea- -8.65552081257 0.678617735391 4.2151485599
4ea4ea4ea -8.8664769942 0.792663576841 4.21016747609
4ea4ea4ea-4ea -8.66193549002 0.673934062084 4.21364301249
4ea4ea4ea-4ea- -8.68422478513 0.655258261167 4.21312242156
4ea4ea4ea4ea -8.71316865248 0.64261441783 4.20827223343
4ea4ea4ea4ea- -8.68383177312 0.652225818522 4.20950990307
4ee -9.30821620988 0.851550356304 4.40334095369
4ee4ee -9.13744561502 0.541261349335 4.21289108643
4ee4ee4ee -8.93255732479 0.363080841084 4.20420289096
4ee4ee4ee4ee -8.82152228954 0.25742831481 4.19844620434
4ef -8.91818223688 1.546849908 4.44505454566
4ef4ef -8.71318773668 1.11163912966 4.24442268863
4ef4ef- -8.70002930545 1.27983260084 4.31082041251
4ef4ef-4ef -8.64220895854 0.858230610408 4.18811064804
4ef4ef-4ef-4ef -8.55802231456 0.63547912118 4.18040957727
4ef4ef-4ef-4ef- -8.51958938492 0.72771707362 4.26383414902
4ef4ef-4ef4ef- -8.53750702427 0.818192192022 4.29074792924
4ef4ef4ef -8.52829309333 0.822288848064 4.23825505484
4ef4ef4ef-4ef -8.49246596191 0.848700872676 4.23537613121
4ef4ef4ef-4ef- -8.45326852624 0.857044889405 4.23586978863
4ef4ef4ef4ef -8.42421112118 0.654402175057 4.23402483199
4ef4ef4ef4ef- -8.39976520146 0.761972654896 4.23350966456
4ei -9.16252418871 1.60046299447 4.43382294437
4ei4ei -9.00455921998 1.41303507616 4.30369858131
4ei4ei- -9.00490548516 1.41314282714 4.30365303974
4ei4ei-4ei -8.85524049427 1.30781200454 4.29867653549
4ei4ei-4ei-4ei -8.78359131181 1.20985116304 4.29511637509
4ei4ei-4ei-4ei- -8.77469499017 1.17840120244 4.29630891291
4ei4ei-4ei4ei -8.77890891537 1.20498751247 4.29287281611
4ei4ei-4ei4ei- -8.79287354024 1.24010646864 4.293144176
4ei4ei4ei -8.84580611129 1.28100048141 4.29862776172
4ei4ei4ei-4ei -8.79300568502 1.24000325286 4.29307294496
4ei4ei4ei-4ei- -8.78085204698 1.20955687006 4.29504119446
4ei4ei4ei4ei -8.77471390011 1.17844105499 4.29630820944
4ei4ei4ei4ei- -8.77292893543 1.17591535788 4.29626598563
4el -8.69789421394 1.67197108364 4.44654855115
4fa -9.21862533241 2.1208017247 5.95399869471
4fa4fa -8.76651295506 1.40481148672 5.51841191324
4fa4fa- -8.85689542558 1.3921788089 5.54540539795
4fa4fa-4fa -8.47820620706 1.09866791621 5.18716463996
4fa4fa-4fa-4fa -8.41330374249 0.901596940664 5.02969379509
4fa4fa-4fa-4fa- -8.58823596086 0.810302615618 5.06421260197
4fa4fa-4fa4fa -8.28865673035 0.916406049627 4.9754553374
4fa4fa-4fa4fa- -8.40859189384 0.860570925809 4.99559444511
4fa4fa4fa -8.44320172614 1.04199081413 5.14834574984
4fa4fa4fa-4fa -8.37921873852 0.879672229762 4.98892737337
4fa4fa4fa-4fa- -8.55245249706 0.79192487639 5.03636828153
4fa4fa4fa4fa -8.27560676156 0.844491645309 4.93990660165
4fa4fa4fa4fa- -8.39148082336 0.786840426111 4.9577505839
4fe -8.91721422563 1.54751676888 4.44489006853
4fe4fe -8.71318276909 1.11162619541 4.24470877922
4fe4fe- -8.78875216781 1.0692653045 4.3013491114
4fe4fe-4fe -8.66060631822 0.893431996538 4.19075869622
4fe4fe-4fe-4fe -8.56041580646 0.623832327982 4.17846883708
4fe4fe-4fe-4fe- -8.64312394527 0.5932427807 4.25859194037
4fe4fe-4fe4fe -8.50405563885 0.753143942061 4.18693437908
4fe4fe-4fe4fe- -8.6412089218 0.68272373719 4.18931473389
4fe4fe4fe -8.52832817286 0.822263757318 4.23827016632
4fe4fe4fe-4fe -8.58170969615 0.632952082363 4.16695869196
4fe4fe4fe-4fe- -8.66737653864 0.497333673084 4.17860288519
4fe4fe4fe4fe -8.42422574132 0.654345832379 4.23393741615
4fe4fe4fe4fe- -8.56790640246 0.618280417522 4.24015755072
4ff -8.5207665032 1.89240058068 5.43044530657
4ff4ff -8.25709523849 1.23695652069 4.98593444275
4ff4ff- -8.47216721073 1.16055046773 5.11865271093
4ff4ff-4ff -8.32372543834 0.840917996827 4.83709575794
4ff4ff-4ff-4ff -8.28184636212 0.657791849289 4.65535756492
4ff4ff-4ff-4ff- -8.34554366561 0.614495160623 4.63679492932
4ff4ff-4ff4ff -8.16778505907 0.654554318672 4.62389919443
4ff4ff-4ff4ff- -8.30295056779 0.583243634108 4.68669773396
4ff4ff4ff -8.05228919418 0.877230713196 4.65257761803
4ff4ff4ff-4ff -8.16609132462 0.643354508187 4.62077416138
4ff4ff4ff-4ff- -8.21804057472 0.609854096512 4.61193719084
4ff4ff4ff4ff -7.93720424993 0.670221539974 4.46352107184
4ff4ff4ff4ff- -8.07215861602 0.635669587754 4.52525913297
4fi -8.74086989384 2.13671120329 5.70541933122
4fi4fi -8.54263428525 1.71636980156 5.4224753076
4fi4fi- -8.61273453244 1.59727030372 5.3915113734
4fi4fi-4fi -8.42858821537 1.51470989597 5.26365019716
4fi4fi-4fi-4fi -8.37042186316 1.30895520854 5.10646428075
4fi4fi-4fi-4fi- -8.4713355675 1.18088790008 5.0789157282
4fi4fi-4fi4fi -8.3043643984 1.41046734037 5.14046598587
4fi4fi-4fi4fi- -8.42012052261 1.33559937433 5.14947178221
4fi4fi4fi -8.3313984195 1.42948058917 5.17024298048
4fi4fi4fi-4fi -8.37834223777 1.33614719675 5.12887435204
4fi4fi4fi-4fi- -8.48250096324 1.210175093 5.10511919919
4fi4fi4fi4fi -8.23748109437 1.29931940061 5.05420284323
4fi4fi4fi4fi- -8.38114678726 1.29460431098 5.1276710992
4fl -8.29872182506 2.03373566573 5.40534564844
4ia -9.5390538192 2.33272098637 6.18448320257
4ia4ia -9.00925328125 1.79282860354 5.89706116852
4ia4ia- -8.98684349906 1.79131011452 5.92307136959
4ia4ia-4ia -8.64085200263 1.5286336945 5.61392482621
4ia4ia-4ia-4ia -8.49488811577 1.38253055451 5.44400128701
4ia4ia-4ia-4ia- -8.495682975 1.36739183386 5.4473318449
4ia4ia-4ia4ia -8.48870887189 1.37358312184 5.44035697759
4ia4ia-4ia4ia- -8.48253283083 1.38231306086 5.43153242439
4ia4ia4ia -8.66531343576 1.52501205979 5.62514423811
4ia4ia4ia-4ia -8.48727027408 1.38449193136 5.43333776936
4ia4ia4ia-4ia- -8.49458280786 1.37928187906 5.44456531288
4ia4ia4ia4ia -8.50530136872 1.3772349015 5.45536876699
4ia4ia4ia4ia- -8.48967100503 1.37475608406 5.43505493452
4ie -9.16257717003 1.6005114537 4.43387837933
4ie4ie -9.00462782921 1.41304473159 4.3036955159
4ie4ie- -9.00488683222 1.41303346622 4.3036917824
4ie4ie-4ie -8.85070272676 1.30973076321 4.29773724532
4ie4ie-4ie-4ie -8.77819707096 1.20497068755 4.2926759937
4ie4ie-4ie-4ie- -8.78363971406 1.20999362035 4.29519699198
4ie4ie-4ie4ie -8.78133315621 1.209178368 4.29494941134
4ie4ie-4ie4ie- -8.79196073543 1.24050088771 4.29304594281
4ie4ie4ie -8.84532879693 1.28037787124 4.29858858141
4ie4ie4ie-4ie -8.79302166826 1.23999856133 4.29307728449
4ie4ie4ie-4ie- -8.7785396266 1.20517063515 4.2928063373
4ie4ie4ie4ie -8.77460261421 1.1781951202 4.2963389542
4ie4ie4ie4ie- -8.77277549571 1.17582156751 4.29626779596
4if -8.74087181184 2.1367102327 5.70542104271
4if4if -8.54264876743 1.7163806983 5.42248692866
4if4if- -8.54750942134 1.75502171358 5.47305107672
4if4if-4if -8.42859465916 1.51471748086 5.26365552311
4if4if-4if-4if -8.37042893848 1.30895743754 5.10646791788
4if4if-4if-4if- -8.31939288944 1.27793199429 5.0779629633
4if4if-4if4if -8.37878979914 1.3361688419 5.12903254759
4if4if-4if4if- -8.3626103122 1.41108178148 5.1563406782
4if4if4if -8.33137672988 1.42944467941 5.17021862863
4if4if4if-4if -8.30451764576 1.41067657126 5.14061821994
4if4if4if-4if- -8.26044692117 1.40914475864 5.12352007898
4if4if4if4if -8.23747887016 1.29932359499 5.05420347732
4if4if4if4if- -8.22337424032 1.35573657061 5.07606304802
4ii -9.00938875892 2.35790128482 5.95927377162
4ii4ii -8.93750211559 2.22627878 5.78620827536
4ii4ii4ii -8.76145669124 2.10280225759 5.60155285933
4ii4ii4ii4ii -8.77571022939 2.02905702833 5.56062986259
4il -8.50189129532 2.27147919401 5.67070914618
4la -8.93504723137 2.26140248349 5.91052681624
4la4la- -8.48437490095 1.64729866378 5.50443840296
4la4la-4la-4la- -8.03490280336 1.15374944444 4.96455392791
4le -8.69730579985 1.67292388886 4.44707933425
4le4le- -8.44434016975 1.41755230397 4.30771868899
4le4le-4le-4le- -8.18372347945 0.987649496291 4.23964382168
4lf -8.29870884818 2.03374215639 5.40534009867
4lf4lf- -7.991609568 1.67868901909 5.10321136298
4lf4lf-4lf-4lf- -7.771246953 1.06186199649 4.61704106118
4li -8.50188200999 2.27148381915 5.67070623866
4li4li- -8.31873731031 1.93852349449 5.44840502879
4li4li-4li-4li- -8.05174376692 1.66908634698 5.12296773116
4ll -8.07721102782 2.15892567216 5.36040872105
