12ag -5.83847452068 0.299869450121 5.1395
12ag12ag -5.46649490333 -1.0310393344 4.2181
12ag12ag- -5.3111179015 -0.886002658432 4.2431
12ag12ag-12ag -5.03900406292 -1.34533081796 3.5057
12ag12ag-12ag- -5.20608195981 -1.45961863017 3.5477
12ag12ag-12ag-12ag -5.04553479504 -1.68275197781 3.1176
12ag12ag-12ag-12ag- -5.04607902272 -1.68329620549 3.1174
12ag12ag-12ag12ag -5.03655503837 -1.66751360285 3.1222
12ag12ag-12ag12ag- -4.88662031331 -1.59050538653 3.0600
12ag12ag12ag -5.20553773213 -1.45907440249 3.5476
12ag12ag12ag- -5.20553773213 -1.45934651633 3.5476
12ag12ag12ag-12ag -5.0466232504 -1.68384043316 3.1174
12ag12ag12ag-12ag- -5.03900406292 -1.67186742427 3.1208
12ag12ag12ag12ag -5.04580690888 -1.68275197781 3.1175
12ag12ag12ag12ag- -5.0466232504 -1.684112547 3.1174
12dg -6.51603797875 -1.04355657097 4.8186
12dg12dg -6.42406350131 -2.19922404344 3.8048
12dg12dg- -6.17888893275 -2.24629973752 3.6266
12dg12dg-12dg -6.05670981922 -2.72440375191 3.0520
12dg12dg-12dg- -6.3718176443 -2.67324635026 3.3304
12dg12dg-12dg-12dg -6.36229365995 -2.92984970004 3.0272
12dg12dg-12dg-12dg- -6.36256577379 -2.93039392772 3.0269
12dg12dg-12dg12dg -6.36174943228 -2.92957758621 3.0268
12dg12dg-12dg12dg- -6.0226955894 -3.02100783597 2.6904
12dg12dg12dg -6.37127341663 -2.67270212258 3.3304
12dg12dg12dg- -6.36991284743 -2.65828008914 3.3264
12dg12dg12dg-12dg -6.36202154612 -2.92984970004 3.0271
12dg12dg12dg-12dg- -6.36283788763 -2.93012181388 3.0273
12dg12dg12dg12dg -6.36202154612 -2.92957758621 3.0270
12dg12dg12dg12dg- -6.35603504167 -2.95461205935 3.0199
12eg -6.01943022334 -0.388034333822 4.9922
12eg12eg -5.60554507485 -1.3336299229 3.8834
12eg12eg- -5.41071156642 -1.43730529541 3.6855
12eg12eg-12eg -5.15682935502 -1.80982914043 3.0879
12eg12eg-12eg- -5.4028202651 -1.69445287287 3.3570
12eg12eg-12eg-12eg -5.32635627646 -1.85962597289 3.0626
12eg12eg-12eg-12eg- -5.29397472967 -1.89064695049 3.0320
12eg12eg-12eg12eg -5.29370261583 -1.89037483665 3.0320
12eg12eg-12eg12eg- -5.02512625715 -2.01772411311 2.7143
12eg12eg12eg -5.4028202651 -1.69472498671 3.3567
12eg12eg12eg- -5.42377303067 -1.67975872558 3.3686
12eg12eg12eg-12eg -5.32635627646 -1.85962597289 3.0627
12eg12eg12eg-12eg- -5.32635627646 -1.85962597289 3.0627
12eg12eg12eg12eg -5.29370261583 -1.89037483665 3.0319
12eg12eg12eg12eg- -5.29370261583 -1.89037483665 3.0320
12fg -5.82786208097 -0.0780966716739 4.7424
12fg12fg -5.36037050628 -0.845729810322 4.1913
12fg12fg- -5.02186089108 -0.729809315085 3.8928
12fg12fg-12fg -4.66892924244 -1.16981739208 3.3307
12fg12fg-12fg- -5.06594333294 -1.22832186737 3.5058
12fg12fg-12fg-12fg -4.89832120837 -1.43213513247 3.1097
12fg12fg-12fg-12fg- -4.85995315713 -1.45798594714 3.0705
12fg12fg-12fg12fg -4.83410234246 -1.48274830645 3.0310
12fg12fg-12fg12fg- -4.47055825411 -1.399209358 2.8541
12fg12fg12fg -5.06621544677 -1.22832186737 3.5059
12fg12fg12fg- -5.06594333294 -1.22859398121 3.5056
12fg12fg12fg-12fg -4.89832120837 -1.43240724631 3.1096
12fg12fg12fg-12fg- -4.89886543604 -1.43240724631 3.1101
12fg12fg12fg12fg -4.89832120837 -1.43240724631 3.1095
12fg12fg12fg12fg- -4.89859332221 -1.43240724631 3.1097
12ga -5.80881411227 0.290073351932 5.0430
12ga12ga -5.23166066063 -0.832124118393 4.2264
12ga12ga- -5.23166066063 -0.832124118393 4.2264
12ga12ga-12ga -4.91383169717 -1.26641780477 3.4766
12ga12ga-12ga- -4.91383169717 -1.26641780477 3.4765
12ga12ga-12ga-12ga -5.09696431053 -1.7045210849 3.1477
12ga12ga-12ga-12ga- -5.10077390427 -1.71023547551 3.1466
12ga12ga-12ga12ga -4.72743371774 -1.49172806312 3.0227
12ga12ga-12ga12ga- -4.72661737622 -1.49200017696 3.0218
12ga12ga12ga -5.29315838815 -1.49689822606 3.6014
12ga12ga12ga- -5.29315838815 -1.49689822606 3.6014
12ga12ga12ga-12ga -5.08852878154 -1.69037116529 3.1516
12ga12ga12ga-12ga- -5.0882566677 -1.69037116529 3.1516
12ga12ga12ga12ga -5.0966921967 -1.70370474338 3.1477
12ga12ga12ga12ga- -5.0966921967 -1.70397685722 3.1476
12gd -6.47603724448 -1.12682340558 4.6986
12gd12gd -6.37725992108 -2.10534476913 3.8917
12gd12gd- -6.10813933472 -2.19214908364 3.6124
12gd12gd-12gd -5.93915664095 -2.66916464268 2.9956
12gd12gd-12gd- -6.200385926 -2.57256422998 3.2888
12gd12gd-12gd-12gd -6.13399014938 -2.83678676725 2.9367
12gd12gd-12gd-12gd- -6.1263709619 -2.84821554847 2.9271
12gd12gd-12gd12gd -6.12664307574 -2.84794343463 2.9274
12gd12gd-12gd12gd- -5.86786281525 -2.95515628703 2.6147
12gd12gd12gd- -6.21644064247 -2.55487683047 3.3058
12gd12gd12gd-12gd -6.14405836141 -2.81964359542 2.9535
12gd12gd12gd-12gd- -5.87167240899 -2.95134669329 2.6208
12gd12gd12gd12gd -6.12664307574 -2.84821554847 2.9271
12gd12gd12gd12gd- -6.12664307574 -2.84821554847 2.9272
12ge -5.98215062745 -0.478376128232 4.8579
12ge12ge -5.53942141207 -1.27022739851 3.9088
12ge12ge- -5.36037050628 -1.38968537365 3.6932
12ge12ge-12ge -5.06893658516 -1.75159677897 3.0612
12ge12ge-12ge- -5.28662765603 -1.62179847797 3.3339
12ge12ge-12ge-12ge -5.16744179473 -1.78751580566 3.0143
12ge12ge-12ge-12ge- -5.14703325683 -1.80765222972 2.9885
12ge12ge-12ge12ge -5.146761143 -1.80792434356 2.9882
12ge12ge-12ge12ge- -4.90974998959 -1.94561394588 2.6763
12ge12ge12ge -5.28635554219 -1.62179847797 3.3337
12ge12ge12ge- -5.31193424302 -1.59785246017 3.3616
12ge12ge12ge-12ge -5.18866667414 -1.76493035706 3.0419
12ge12ge12ge-12ge- -5.18893878798 -1.76465824322 3.0422
12ge12ge12ge12ge -5.14703325683 -1.80765222972 2.9885
12ge12ge12ge12ge- -5.14703325683 -1.80765222972 2.9884
12gf -5.73670394505 0.418238969905 5.2470
12gf12gf -5.27873635471 -0.927908189575 4.1325
12gf12gf- -5.07111349587 -0.699060451325 4.0313
12gf12gf-12gf -4.75029128018 -1.14070121135 3.4405
12gf12gf-12gf- -4.96825446488 -1.34342602109 3.4150
12gf12gf-12gf-12gf -4.80008811264 -1.57445067005 2.9719
12gf12gf-12gf-12gf- -4.80008811264 -1.57472278389 2.9718
12gf12gf-12gf12gf -4.7962785189 -1.57472278389 2.9682
12gf12gf-12gf12gf- -4.57232882974 -1.37526334021 2.9791
12gf12gf12gf -4.96825446488 -1.34342602109 3.4150
12gf12gf12gf- -4.96825446488 -1.34342602109 3.4151
12gf12gf12gf-12gf -4.7962785189 -1.57445067005 2.9685
12gf12gf12gf-12gf- -4.79600640506 -1.57445067005 2.9681
12gf12gf12gf12gf -4.80036022648 -1.57499489773 2.9716
12gf12gf12gf12gf- -4.80036022648 -1.57499489773 2.9715
12gg -5.90514241113 -0.226670827541 4.6748
12gg12gg -5.69180516168 -0.91920054674 4.3303
12gg12gg- -5.69234938936 -0.918928432901 4.3308
12gg12gg-12gg -5.51084945902 -1.35948073757 3.7143
12gg12gg-12gg- -5.57397986957 -1.42097846509 3.6954
12gg12gg-12gg-12gg -5.42105189229 -1.59404286643 3.3951
12gg12gg-12gg-12gg- -5.39901067136 -1.5924101834 3.3751
12gg12gg-12gg12gg- -5.46295742343 -1.56030075045 3.4251
12gg12gg12gg -5.49425051487 -1.37090951879 3.6970
12gg12gg12gg- -5.49425051487 -1.37118163263 3.6968
12gg12gg12gg12gg -5.39982701288 -1.5924101834 3.3756
12gg12gg12gg12gg- -5.3992827852 -1.5924101834 3.3753
12gh -5.51112157286 0.239188064116 5.1272
12gh12gh -4.84253787146 -0.58640532215 3.9611
12gh12gh- -4.8428099853 -0.58640532215 3.9615
12gh12gh-12gh -4.48198703533 -0.955119573433 3.2629
12gh12gh-12gh- -4.48225914917 -0.955119573433 3.2631
12gh12gh-12gh-12gh -4.27545263185 -1.14287812206 2.8375
12gh12gh-12gh-12gh- -4.27572474568 -1.14287812206 2.8376
12gh12gh-12gh12gh -4.27572474568 -1.14287812206 2.8377
12gh12gh-12gh12gh- -4.27572474568 -1.14287812206 2.8377
12gh12gh12gh -4.48225914917 -0.955119573433 3.2630
12gh12gh12gh- -4.48225914917 -0.955119573433 3.2629
12gh12gh12gh-12gh -4.27572474568 -1.14287812206 2.8376
12gh12gh12gh-12gh- -4.27572474568 -1.14287812206 2.8376
12gh12gh12gh12gh -4.27572474568 -1.14287812206 2.8375
12gh12gh12gh12gh- -4.27572474568 -1.14287812206 2.8376
12gi -6.19358308003 0.214697818643 5.7256
12gi12gi -5.59847011505 -0.631848333194 4.5946
12gi12gi- -5.59874222888 -0.631848333194 4.5947
12gi12gi-12gi -5.35846570941 -0.970085834555 3.9772
12gi12gi-12gi- -5.35846570941 -0.970630062232 3.9767
12gi12gi-12gi-12gi -5.24934806014 -1.12872820245 3.6599
12gi12gi-12gi-12gi- -5.2490759463 -1.12872820245 3.6599
12gi12gi-12gi12gi -5.2490759463 -1.12872820245 3.6599
12gi12gi-12gi12gi- -5.24934806014 -1.12872820245 3.6599
12gi12gi12gi -5.35819359558 -0.970357948394 3.9768
12gi12gi12gi- -5.35873782325 -0.970357948394 3.9772
12gi12gi12gi-12gi -5.24934806014 -1.12872820245 3.6599
12gi12gi12gi-12gi- -5.2490759463 -1.12872820245 3.6598
12gi12gi12gi12gi -5.2490759463 -1.12872820245 3.6599
12gi12gi12gi12gi- -5.2490759463 -1.12872820245 3.6599
12gl -5.68717922642 0.383952626243 5.0603
12gl12gl -5.26757968733 -0.722734355282 4.2689
12gl12gl- -5.18458496656 -0.638106951482 4.2806
12gl12gl-12gl -4.95437665912 -1.09770722485 3.5892
12gl12gl-12gl- -4.91111055878 -1.09362551727 3.5579
12gl12gl-12gl-12gl -4.73695770209 -1.28546577348 3.1500
12gl12gl-12gl-12gl- -4.73695770209 -1.28573788731 3.1497
12gl12gl-12gl12gl -4.77995168858 -1.30587431137 3.1698
12gl12gl-12gl12gl- -4.77967957474 -1.30560219753 3.1697
12gl12gl12gl -4.91002210343 -1.09362551727 3.5572
12gl12gl12gl- -4.9105663311 -1.09362551727 3.5577
12gl12gl12gl-12gl -4.73668558825 -1.28546577348 3.1497
12gl12gl12gl-12gl- -4.73695770209 -1.28546577348 3.1498
12gl12gl12gl12gl -4.73668558825 -1.28546577348 3.1498
12gl12gl12gl12gl- -4.73722981592 -1.28546577348 3.1501
12hg -5.46377376495 0.141227082226 4.9936
12hg12hg -5.07329040658 -0.536608489689 4.1693
12hg12hg- -5.07329040658 -0.536608489689 4.1693
12hg12hg-12hg -4.85151762813 -0.903962171779 3.5741
12hg12hg-12hg- -4.85151762813 -0.904234285618 3.5739
12hg12hg-12hg-12hg -4.63736403716 -1.17525966885 3.1283
12hg12hg-12hg-12hg- -4.63736403716 -1.17525966885 3.1286
12hg12hg-12hg12hg -4.63709192333 -1.17498755501 3.1285
12hg12hg-12hg12hg- -4.63681980949 -1.17525966885 3.1279
12hg12hg12hg -4.85124551429 -0.904234285618 3.5736
12hg12hg12hg- -4.85151762813 -0.904234285618 3.5738
12hg12hg12hg-12hg -4.74512111724 -1.09444185879 3.2491
12hg12hg12hg-12hg- -4.63709192333 -1.17498755501 3.1285
12hg12hg12hg12hg -4.63709192333 -1.17525966885 3.1283
12hg12hg12hg12hg- -4.63709192333 -1.17498755501 3.1284
12ig -5.74813272627 0.4421849877 5.1260
12ig12ig -5.41180002178 -0.540145969591 4.4707
12ig12ig- -5.41180002178 -0.540690197268 4.4703
12ig12ig-12ig -5.29288627432 -0.882193064692 3.9666
12ig12ig-12ig- -5.29234204664 -0.882737292369 3.9659
12ig12ig-12ig-12ig -5.15764569654 -1.20600853261 3.5380
12ig12ig-12ig-12ig- -5.15764569654 -1.20573641877 3.5384
12ig12ig-12ig12ig -5.29941700644 -1.04546136784 3.7565
12ig12ig-12ig12ig- -5.2991448926 -1.04600559552 3.7561
12ig12ig12ig -5.29234204664 -0.882737292369 3.9660
12ig12ig12ig- -5.29261416048 -0.882737292369 3.9660
12ig12ig12ig-12ig -5.29996123412 -1.04546136784 3.7569
12ig12ig12ig-12ig- -5.29941700644 -1.04600559552 3.7562
12ig12ig12ig12ig -5.29941700644 -1.04627770936 3.7559
12ig12ig12ig12ig- -5.2991448926 -1.04627770936 3.7558
12lg -5.74568370172 0.475654989846 5.2409
13ag -5.27383830561 0.852804770125 4.9125
13ag13ag -5.25070862933 -0.182044158013 4.7237
13ag13ag- -5.07954902486 -0.0552391092327 4.6070
13ag13ag-13ag -4.92335568152 -0.448987833665 4.0630
13ag13ag-13ag- -4.81777551215 -0.700965248195 3.7825
13ag13ag-13ag-13ag -4.70920209055 -1.03403258662 3.3358
13ag13ag-13ag-13ag- -4.70892997671 -1.03484892814 3.3350
13ag13ag-13ag13ag- -4.8773684428 -0.673209636659 3.7620
13ag13ag13ag -4.81777551215 -0.701237362033 3.7824
13ag13ag13ag- -4.87192616602 -0.747496714593 3.8002
13ag13ag13ag-13ag -4.70892997671 -1.0345768143 3.3353
13ag13ag13ag-13ag- -4.80362559254 -0.891444935204 3.5383
13ag13ag13ag13ag -4.72852217309 -1.053624783 3.3417
13ag13ag13ag13ag- -4.70892997671 -1.03484892814 3.3350
13dg -5.98976981493 -0.339598070554 4.9970
13dg13dg -6.08909136601 -1.34750772867 4.2227
13dg13dg- -6.0918125044 -1.34614715948 4.2264
13dg13dg-13dg -5.95956517885 -2.02398273139 3.5374
13dg13dg-13dg- -6.12092868513 -1.87840182775 3.7821
13dg13dg-13dg-13dg -5.9535786744 -2.43705153837 3.0756
13dg13dg-13dg-13dg- -6.1848754372 -2.21963258134 3.5046
13dg13dg-13dg13dg -6.18732446174 -2.21854412598 3.5076
13dg13dg-13dg13dg- -6.02813786617 -2.21881623982 3.3636
13dg13dg13dg -6.12065657129 -1.87812971391 3.7820
13dg13dg13dg- -5.90051647588 -2.01826834078 3.4745
13dg13dg13dg-13dg -6.30487764001 -1.9535052472 3.8138
13dg13dg13dg-13dg- -6.23548861117 -2.10126306155 3.6423
13dg13dg13dg13dg -6.18705234791 -2.21881623982 3.5072
13dg13dg13dg13dg- -6.18732446174 -2.21881623982 3.5074
13eg -5.50921677599 0.277828229195 5.0291
13eg13eg -5.2920699328 -0.592936054277 4.1946
13eg13eg- -5.29016513593 -0.594296623469 4.1921
13eg13eg-13eg -5.24281732802 -0.879744040145 3.8595
13eg13eg-13eg- -5.14213520774 -1.03675372501 3.6660
13eg13eg-13eg-13eg -5.14839382603 -1.16056552156 3.5145
13eg13eg-13eg-13eg- -5.09424317215 -1.30070414844 3.3529
13eg13eg-13eg13eg -5.09451528599 -1.30015992076 3.3535
13eg13eg-13eg13eg- -5.23057220528 -1.04464502633 3.6653
13eg13eg13eg -5.1418630939 -1.03620949733 3.6659
13eg13eg13eg- -5.24308944185 -0.879471926306 3.8601
13eg13eg13eg-13eg -5.23057220528 -1.04437291249 3.6654
13eg13eg13eg-13eg- -5.1693465916 -1.19893357281 3.4925
13eg13eg13eg13eg -5.09451528599 -1.3004320346 3.3530
13eg13eg13eg13eg- -5.09397105831 -1.30070414844 3.3522
13fg -5.30975733231 0.309121320632 4.5345
13fg13fg -4.90185868827 -0.0751034194494 4.4397
13fg13fg- -4.90185868827 -0.0767361024809 4.4386
13fg13fg-13fg -4.62185354836 -0.558921824453 3.7069
13fg13fg-13fg- -4.6221256622 -0.558649710615 3.7075
13fg13fg-13fg-13fg -4.63872460636 -0.561915076678 3.6440
13fg13fg-13fg-13fg- -4.47137459563 -0.848450948708 3.2623
13fg13fg-13fg13fg -4.47572841704 -0.845729810322 3.2689
13fg13fg-13fg13fg- -4.63872460636 -0.561915076678 3.6440
13fg13fg13fg -4.61722761311 -0.565996784257 3.6960
13fg13fg13fg- -4.71192322894 -0.390483358369 3.9206
13fg13fg13fg-13fg -4.63872460636 -0.562187190516 3.6437
13fg13fg13fg-13fg- -4.54919915346 -0.749673625301 3.4063
13fg13fg13fg13fg -4.47545630321 -0.845457696483 3.2690
13fg13fg13fg13fg- -4.47572841704 -0.845185582645 3.2695
13ga -5.24635480792 0.83266834607 4.8674
13ga13ga -5.25098074317 -0.181772044175 4.7243
13ga13ga- -4.70566461065 -0.0908860220874 4.4115
13ga13ga-13ga -4.8879808825 -0.708584435675 3.8330
13ga13ga-13ga- -4.93151909667 -0.739333299435 3.8664
13ga13ga-13ga-13ga -4.85859258793 -0.920561115933 3.5667
13ga13ga-13ga-13ga- -4.81750339831 -1.05634592139 3.4163
13ga13ga-13ga13ga -4.81723128447 -1.05797860442 3.4143
13ga13ga-13ga13ga- -4.98022747378 -0.706951752644 3.8445
13ga13ga13ga -4.93124698284 -0.739061185597 3.8664
13ga13ga13ga- -4.930974869 -0.739877527112 3.8656
13ga13ga13ga-13ga -4.81723128447 -1.05661803523 3.4157
13ga13ga13ga-13ga- -4.85668779106 -0.898792008846 3.5789
13ga13ga13ga13ga -4.81750339831 -1.05661803523 3.4157
13ga13ga13ga13ga- -4.81723128447 -1.05689014906 3.4155
13gd -5.95249021904 -0.423953360515 4.8869
13gd13gd -5.89235306072 -1.23321991647 4.1398
13gd13gd- -5.89180883304 -1.23430837182 4.1388
13gd13gd-13gd -5.92310192448 -2.01962890998 3.5043
13gd13gd-13gd- -5.82051500733 -1.79404653779 3.5820
13gd13gd-13gd-13gd -5.82650151178 -2.2729668937 3.1456
13gd13gd-13gd-13gd- -5.72527516383 -2.30126673291 2.9965
13gd13gd-13gd13gd -5.84718216351 -2.16412135827 3.2406
13gd13gd-13gd13gd- -5.85507346483 -2.19024428677 3.2404
13gd13gd13gd -5.82269191804 -1.7962234485 3.5817
13gd13gd13gd- -5.92337403832 -2.01962890998 3.5044
13gd13gd13gd-13gd -5.85507346483 -2.19051640061 3.2403
13gd13gd13gd-13gd- -5.72445882231 -2.30099461907 2.9962
13gd13gd13gd13gd -5.87303297818 -2.13391672218 3.3009
13ge -5.47003238323 0.183948954883 4.9852
13ge13ge -5.18240805585 -0.500961576835 4.2050
13ge13ge- -5.18240805585 -0.501233690673 4.2051
13ge13ge-13ge -5.09614796902 -0.75946972349 3.8555
13ge13ge-13ge- -4.97913901843 -0.96137819172 3.6040
13ge13ge-13ge-13ge -5.07437886193 -0.892533390559 3.6733
13ge13ge-13ge-13ge- -4.97396885549 -1.07784291463 3.4481
13ge13ge-13ge13ge -5.07410674809 -0.892805504397 3.6728
13ge13ge-13ge13ge- -4.89070202089 -1.22342381828 3.2547
13ge13ge13ge -4.97913901843 -0.96137819172 3.6041
13ge13ge13ge- -5.09614796902 -0.75946972349 3.8556
13ge13ge13ge-13ge -5.07437886193 -0.892533390559 3.6732
13ge13ge13ge-13ge- -5.07437886193 -0.892805504397 3.6729
13ge13ge13ge13ge -4.89070202089 -1.22342381828 3.2549
13ge13ge13ge13ge- -4.89070202089 -1.22342381828 3.2548
13gf -5.17016293311 1.11267348597 5.0374
13gf13gf -4.82866006569 -0.179050905789 4.3388
13gf13gf- -4.82920429337 -0.177690336596 4.3403
13gf13gf-13gf -4.61695549927 -0.545316132524 3.7589
13gf13gf-13gf- -4.59137679844 -0.717564192348 3.5877
13gf13gf-13gf-13gf -4.52879061557 -0.757020698943 3.4108
13gf13gf-13gf-13gf- -4.5029398009 -0.931445669476 3.2388
13gf13gf-13gf13gf -4.52851850173 -0.75756492662 3.4102
13gf13gf-13gf13gf- -4.52851850173 -0.757837040459 3.4100
13gf13gf13gf -4.59164891228 -0.717836306187 3.5874
13gf13gf13gf- -4.59137679844 -0.718380533864 3.5870
13gf13gf13gf-13gf -4.52851850173 -0.75756492662 3.4102
13gf13gf13gf-13gf- -4.52851850173 -0.75756492662 3.4103
13gf13gf13gf13gf -4.47110248179 -1.03212778975 3.1337
13gf13gf13gf13gf- -4.47110248179 -1.03267201743 3.1334
13gg -5.41316059097 0.115648381399 4.4877
13gg13gg -5.36771757993 -0.75756492662 4.2195
13gg13gg- -5.30485928321 -0.188302776301 4.5822
13gg13gg13gg -5.21968765174 -0.625317601068 4.1019
13gg13gg13gg- -5.36145896164 -0.428035068094 4.4135
13gh -4.96825446488 0.848450948708 5.1350
13gh13gh -4.46511597734 -0.0234017901183 4.0613
13gh13gh- -4.46511597734 -0.0244902454726 4.0608
13gh13gh-13gh -4.3159975938 -0.189391231655 3.7157
13gh13gh-13gh- -4.42756426762 -0.068844801162 3.8755
13gh13gh-13gh-13gh -4.24388742657 -0.392116041401 3.4022
13gh13gh-13gh-13gh- -4.24388742657 -0.392116041401 3.4023
13gh13gh-13gh13gh- -4.24361531273 -0.392116041401 3.4019
13gh13gh13gh -4.31518125228 -0.189391231655 3.7151
13gh13gh13gh- -4.42810849529 -0.0683005734848 3.8763
13gh13gh13gh-13gh- -4.24334319889 -0.392116041401 3.4018
13gh13gh13gh13gh -4.24307108505 -0.392388155239 3.4015
13gh13gh13gh13gh- -4.24361531273 -0.392116041401 3.4020
13gi -5.69343784471 0.865049892861 5.7875
13gi13gi -5.19247626788 0.142587651418 4.8698
13gi13gi- -5.19302049555 0.142587651418 4.8700
13gi13gi-13gi -5.05478666555 -0.140138626871 4.4166
13gi13gi-13gi- -5.05560300707 -0.139866513033 4.4175
13gi13gi-13gi-13gi -5.02376568795 -0.280005139904 4.2048
13gi13gi-13gi-13gi- -5.02430991563 -0.280005139904 4.2052
13gi13gi-13gi13gi -5.02403780179 -0.280005139904 4.2052
13gi13gi-13gi13gi- -5.02430991563 -0.280005139904 4.2053
13gi13gi13gi -5.05505877939 -0.140682854548 4.4164
13gi13gi13gi- -5.05505877939 -0.140682854548 4.4165
13gi13gi13gi-13gi -5.02403780179 -0.280005139904 4.2050
13gi13gi13gi-13gi- -5.02430991563 -0.280005139904 4.2052
13gi13gi13gi13gi -5.02430991563 -0.279733026065 4.2055
13gi13gi13gi13gi- -5.02376568795 -0.279733026065 4.2048
13gl -5.20118391071 0.871852738826 4.8945
13gl13gl -4.9965543041 0.017687399508 4.6163
13gl13gl- -4.99492162106 0.0182316271852 4.6155
13gl13gl-13gl -4.74947493866 -0.280005139904 4.0681
13gl13gl-13gl- -4.67328306386 -0.514295154925 3.8005
13gl13gl-13gl-13gl -4.576954765 -0.650352074218 3.5229
13gl13gl-13gl-13gl- -4.53287232315 -0.821783792526 3.3420
13gl13gl-13gl13gl -4.53314443699 -0.822600134042 3.3416
13gl13gl-13gl13gl- -4.63573135413 -0.472933851461 3.7330
13gl13gl13gl -4.67328306386 -0.513750927248 3.8007
13gl13gl13gl- -4.74920282482 -0.280005139904 4.0677
13gl13gl13gl-13gl -4.63573135413 -0.472933851461 3.7329
13gl13gl13gl-13gl- -4.54484533205 -0.635385813096 3.5209
13gl13gl13gl13gl -4.53260020931 -0.822328020204 3.3412
13gl13gl13gl13gl- -4.53260020931 -0.822600134042 3.3412
13hg -4.96580544034 0.768449480164 5.0805
13hg13hg -4.38974044405 -0.0302046360829 3.9824
13hg13hg- -4.38919621637 -0.0293882945672 3.9825
13hg13hg-13hg -4.4852524014 -0.158098140218 3.9213
13hg13hg-13hg- -4.48552451523 -0.157553912541 3.9220
13hg13hg-13hg-13hg -4.43572768277 -0.335788476814 3.6611
13hg13hg-13hg-13hg- -4.43599979661 -0.335788476814 3.6612
13hg13hg-13hg13hg -4.43572768277 -0.335788476814 3.6609
13hg13hg-13hg13hg- -4.37096458919 -0.409259213232 3.5289
13hg13hg13hg -4.48552451523 -0.158098140218 3.9215
13hg13hg13hg- -4.48552451523 -0.158098140218 3.9214
13hg13hg13hg-13hg -4.43545556893 -0.335788476814 3.6609
13hg13hg13hg-13hg- -4.43545556893 -0.335788476814 3.6609
13hg13hg13hg13hg -4.43545556893 -0.335788476814 3.6609
13hg13hg13hg13hg- -4.43545556893 -0.336060590652 3.6608
13ig -5.69370995855 0.864505665184 5.7882
13ig13ig -5.11465171004 0.288984896577 4.8016
13ig13ig- -5.11519593772 0.288984896577 4.8020
13ig13ig-13ig -5.02539837099 -0.00789130131896 4.4725
13ig13ig-13ig- -5.02512625715 -0.00843552899613 4.4721
13ig13ig-13ig-13ig -5.03410601382 -0.151567408092 4.3133
13ig13ig-13ig-13ig- -5.03356178614 -0.152111635769 4.3124
13ig13ig-13ig13ig -5.03383389998 -0.151295294253 4.3130
13ig13ig-13ig13ig- -5.03383389998 -0.151023180415 4.3133
13ig13ig13ig -5.02539837099 -0.00761918748038 4.4725
13ig13ig13ig- -5.02594259866 -0.00680284596462 4.4740
13ig13ig13ig-13ig -5.03356178614 -0.151567408092 4.3126
13ig13ig13ig-13ig- -5.03356178614 -0.151295294253 4.3129
13ig13ig13ig13ig -5.03383389998 -0.15183952193 4.3130
13ig13ig13ig13ig- -5.03383389998 -0.151023180415 4.3133
13lg -5.17206772998 1.06586990574 4.9925
4ag -5.95058542217 -0.158642367895 4.9753
4ag4ag -5.90759143568 -0.753211105203 4.4963
4ag4ag- -5.90759143568 -0.753211105203 4.4964
4ag4ag-4ag -5.84935907422 -1.01144713802 4.2519
4ag4ag-4ag- -5.82895053633 -1.01634518711 4.2276
4ag4ag-4ag-4ag -5.7949363065 -1.15049730954 4.1004
4ag4ag-4ag-4ag- -5.81017468147 -1.15076942338 4.1088
4ag4ag-4ag4ag -5.81017468147 -1.15104153721 4.1086
4ag4ag-4ag4ag- -5.81017468147 -1.15131365105 4.1083
4ag4ag4ag -5.84799850503 -1.02532494379 4.2446
4ag4ag4ag- -5.84963118806 -1.0106307965 4.2526
4ag4ag4ag-4ag -5.81017468147 -1.15104153721 4.1086
4ag4ag4ag-4ag- -5.80990256763 -1.15104153721 4.1083
4ag4ag4ag4ag -5.80854199843 -1.17036161975 4.0976
4ag4ag4ag4ag- -5.81099102298 -1.15430690328 4.1086
4dg -6.53182058139 -1.49009538009 4.7995
4dg4dg -6.6496458735 -1.87459223401 4.1597
4dg4dg- -6.6496458735 -1.87432012017 4.1599
4dg4dg-4dg -6.68855815242 -2.07568436073 4.0234
4dg4dg-4dg- -6.68855815242 -2.07486801921 4.0238
4dg4dg-4dg-4dg -6.65209489805 -2.19459810819 3.9355
4dg4dg-4dg-4dg- -6.69263986 -2.19323753899 3.9725
4dg4dg-4dg4dg -6.69236774616 -2.19323753899 3.9724
4dg4dg-4dg4dg- -6.69263986 -2.19323753899 3.9727
4dg4dg4dg -6.64583627976 -2.08303143437 3.9766
4dg4dg4dg- -6.68883026626 -2.07541224689 4.0236
4dg4dg4dg-4dg -6.69263986 -2.19323753899 3.9725
4dg4dg4dg-4dg- -6.69291197383 -2.19350965283 3.9727
4dg4dg4dg4dg -6.64365936905 -2.20194518183 3.9233
4dg4dg4dg4dg- -6.65182278421 -2.19487022203 3.9353
4eg -5.87901948263 -0.896887211976 4.7129
4eg4eg -5.86459744918 -1.16410300147 4.1251
4eg4eg- -5.86459744918 -1.16383088763 4.1253
4eg4eg-4eg -5.85507346483 -1.29335707479 4.0358
4eg4eg-4eg- -5.85507346483 -1.29390130247 4.0355
4eg4eg-4eg-4eg -5.83765817916 -1.38478732456 3.9615
4eg4eg-4eg-4eg- -5.84418891129 -1.37227008798 3.9822
4eg4eg-4eg4eg -5.84418891129 -1.37227008798 3.9821
4eg4eg-4eg4eg- -5.84418891129 -1.37227008798 3.9819
4eg4eg4eg -5.84582159432 -1.3075069944 4.0136
4eg4eg4eg- -5.85507346483 -1.29335707479 4.0357
4eg4eg4eg-4eg -5.84391679745 -1.37281431566 3.9814
4eg4eg4eg-4eg- -5.84418891129 -1.37254220182 3.9819
4eg4eg4eg4eg -5.82976687784 -1.40301895174 3.9403
4eg4eg4eg4eg- -5.83656972381 -1.3850594384 3.9672
4fg -5.53289067995 -0.23646692573 4.6427
4fg4fg -5.47846791223 -0.671849067466 4.1446
4fg4fg- -5.47846791223 -0.671849067466 4.1444
4fg4fg-4fg -5.41234424945 -0.868315258924 3.9537
4fg4fg-4fg- -5.41234424945 -0.868315258924 3.9535
4fg4fg-4fg-4fg -5.37288774286 -1.00165103983 3.8204
4fg4fg-4fg-4fg- -5.37452042589 -0.967092582331 3.8471
4fg4fg-4fg4fg -5.37452042589 -0.966820468492 3.8473
4fg4fg-4fg4fg- -5.37452042589 -0.966820468492 3.8474
4fg4fg4fg -5.41261636329 -0.905322740972 3.9264
4fg4fg4fg- -5.41207213562 -0.868587372763 3.9532
4fg4fg4fg-4fg -5.37452042589 -0.967092582331 3.8471
4fg4fg4fg-4fg- -5.37452042589 -0.967092582331 3.8472
4fg4fg4fg4fg -5.3717992875 -1.03376047278 3.7934
4fg4fg4fg4fg- -5.36853392144 -0.999746242961 3.8162
4ga -5.95058542217 -0.158642367895 4.9753
4ga4ga -5.90786354952 -0.753211105203 4.4964
4ga4ga- -5.90759143568 -0.752666877526 4.4969
4ga4ga-4ga -5.84963118806 -1.01090291034 4.2524
4ga4ga-4ga- -5.84963118806 -1.01117502418 4.2521
4ga4ga-4ga-4ga -5.81099102298 -1.15430690328 4.1088
4ga4ga-4ga-4ga- -5.81099102298 -1.15403478944 4.1088
4ga4ga-4ga4ga -5.81017468147 -1.15076942338 4.1087
4ga4ga-4ga4ga- -5.81017468147 -1.15131365105 4.1083
4ga4ga4ga -5.84827061887 -1.0261412853 4.2440
4ga4ga4ga- -5.84963118806 -1.0106307965 4.2526
4ga4ga4ga-4ga -5.81017468147 -1.15076942338 4.1087
4ga4ga4ga-4ga- -5.81017468147 -1.15104153721 4.1084
4ga4ga4ga4ga -5.80854199843 -1.17036161975 4.0976
4ga4ga4ga4ga- -5.80963045379 -1.16029340773 4.1059
4gd -6.53182058139 -1.49009538009 4.7995
4gd4gd -6.64937375966 -1.87350377866 4.1606
4gd4gd- -6.64937375966 -1.87404800633 4.1602
4gd4gd-4gd -6.68883026626 -2.07514013305 4.0239
4gd4gd-4gd- -6.68883026626 -2.07541224689 4.0237
4gd4gd-4gd-4gd -6.65182278421 -2.19487022203 3.9354
4gd4gd-4gd-4gd- -6.65182278421 -2.19487022203 3.9351
4gd4gd-4gd4gd -6.69263986 -2.19269331132 3.9732
4gd4gd-4gd4gd- -6.69263986 -2.19296542516 3.9729
4gd4gd4gd -6.64583627976 -2.08330354821 3.9765
4gd4gd4gd- -6.68801392474 -2.07486801921 4.0234
4gd4gd4gd-4gd -6.69263986 -2.19296542516 3.9727
4gd4gd4gd-4gd- -6.69291197383 -2.19296542516 3.9731
4gd4gd4gd4gd -6.64365936905 -2.20221729567 3.9231
4gd4gd4gd4gd- -6.69345620151 -2.18861160374 3.9805
4ge -5.87901948263 -0.896342984299 4.7123
4ge4ge -5.86459744918 -1.16383088763 4.1255
4ge4ge- -5.86432533534 -1.16383088763 4.1249
4ge4ge-4ge -5.85507346483 -1.29281284712 4.0359
4ge4ge-4ge- -5.85507346483 -1.29362918863 4.0357
4ge4ge-4ge-4ge -5.83656972381 -1.38397098304 3.9680
4ge4ge-4ge-4ge- -5.83656972381 -1.38478732456 3.9676
4ge4ge-4ge4ge -5.84418891129 -1.37227008798 3.9821
4ge4ge-4ge4ge- -5.84418891129 -1.37199797415 3.9824
4ge4ge4ge -5.84582159432 -1.30941179127 4.0123
4ge4ge4ge- -5.85507346483 -1.29390130247 4.0355
4ge4ge4ge-4ge -5.84418891129 -1.37254220182 3.9819
4ge4ge4ge-4ge- -5.84418891129 -1.37227008798 3.9822
4ge4ge4ge4ge -5.82976687784 -1.40301895174 3.9402
4ge4ge4ge4ge- -5.83765817916 -1.38451521072 3.9616
4gf -5.53316279379 -0.236194811892 4.6433
4gf4gf -5.47846791223 -0.671849067466 4.1446
4gf4gf- -5.47901213991 -0.672121181305 4.1449
4gf4gf-4gf -5.41234424945 -0.868315258924 3.9536
4gf4gf-4gf- -5.41234424945 -0.868315258924 3.9536
4gf4gf-4gf-4gf -5.36853392144 -1.0035558367 3.8126
4gf4gf-4gf-4gf- -5.36853392144 -1.00328372286 3.8127
4gf4gf-4gf4gf -5.37452042589 -0.967092582331 3.8471
4gf4gf-4gf4gf- -5.37424831205 -0.966820468492 3.8473
4gf4gf4gf -5.41261636329 -0.905322740972 3.9267
4gf4gf4gf- -5.41234424945 -0.868587372763 3.9534
4gf4gf4gf-4gf -5.37452042589 -0.966548354654 3.8475
4gf4gf4gf-4gf- -5.37452042589 -0.966548354654 3.8473
4gf4gf4gf4gf -5.3717992875 -1.03321624511 3.7937
4gf4gf4gf4gf- -5.37343197054 -1.00192315367 3.8204
4gg -5.64853906135 -0.379870918665 4.5557
4gg4gg -5.69207727552 -0.806817531404 4.2183
4gg4gg- -5.69153304784 -0.806001189889 4.2183
4gg4gg-4gg -5.68853979562 -0.976344452843 4.0667
4gg4gg-4gg- -5.68826768178 -0.976072339004 4.0667
4gg4gg-4gg-4gg -5.68473020188 -1.09988413556 3.9787
4gg4gg-4gg-4gg- -5.68500231572 -1.09988413556 3.9787
4gg4gg-4gg4gg -5.68445808804 -1.06178819816 4.0084
4gg4gg-4gg4gg- -5.68445808804 -1.062060312 4.0082
4gg4gg4gg -5.69724743845 -1.02831819601 4.0247
4gg4gg4gg- -5.68853979562 -0.976344452843 4.0666
4gg4gg4gg-4gg -5.68445808804 -1.06178819816 4.0084
4gg4gg4gg-4gg- -5.68445808804 -1.06178819816 4.0083
4gg4gg4gg4gg -5.69207727552 -1.13308202387 3.9505
4gg4gg4gg4gg- -5.68500231572 -1.1001562494 3.9786
4gh -5.13533236177 -0.0345584575003 4.4616
4gh4gh -5.27519887481 -0.333339452267 4.2935
4gh4gh- -5.27492676097 -0.332250996912 4.2939
4gh4gh-4gh -5.18648976343 -0.594024509631 3.9479
4gh4gh-4gh- -5.16417642866 -0.471301168429 4.0484
4gh4gh-4gh-4gh- -5.13097854036 -0.756476471266 3.7899
4gh4gh-4gh4gh -5.13097854036 -0.756204357427 3.7900
4gh4gh-4gh4gh- -5.13097854036 -0.756204357427 3.7902
4gh4gh4gh -5.13424390642 -0.488716454099 4.0160
4gh4gh4gh- -5.18594553575 -0.593208168115 3.9481
4gh4gh4gh-4gh -5.13097854036 -0.756748585105 3.7896
4gh4gh4gh-4gh- -5.13097854036 -0.756476471266 3.7901
4gh4gh4gh4gh -5.13070642652 -0.756476471266 3.7897
4gi -5.77534411013 -0.112655129174 4.8845
4gi4gi -5.74949329546 -0.336332704491 4.7048
4gi4gi- -5.74949329546 -0.340958639747 4.7034
4gi4gi-4gi -5.72826841605 -0.451164744374 4.6262
4gi4gi-4gi- -5.72826841605 -0.453341655082 4.6252
4gi4gi-4gi-4gi -5.69915223532 -0.511846130378 4.5897
4gi4gi-4gi-4gi- -5.69860800765 -0.514567268764 4.5875
4gi4gi-4gi4gi -5.70051280452 -0.514023041087 4.5881
4gi4gi-4gi4gi- -5.699696463 -0.512934585733 4.5883
4gi4gi4gi -5.72799630221 -0.453613768921 4.6249
4gi4gi4gi- -5.72799630221 -0.45388588276 4.6247
4gi4gi4gi-4gi -5.69888012148 -0.511846130378 4.5894
4gi4gi4gi-4gi- -5.70024069068 -0.51157401654 4.5892
4gi4gi4gi4gi -5.70024069068 -0.512934585733 4.5881
4gi4gi4gi4gi- -5.70024069068 -0.512118244217 4.5890
4gl -5.4719371801 -0.164084644667 4.6514
4hg -5.13506024794 -0.0345584575003 4.4613
4hg4hg -5.27547098865 -0.332795224589 4.2940
4hg4hg- -5.27465464713 -0.332250996912 4.2937
4hg4hg-4hg -5.13451602026 -0.488716454099 4.0163
4hg4hg-4hg- -5.18703399111 -0.595112964985 3.9475
4hg4hg-4hg-4hg -5.1312506542 -0.756204357427 3.7902
4hg4hg-4hg-4hg- -5.13097854036 -0.756204357427 3.7901
4hg4hg-4hg4hg -5.11900553146 -0.653073212604 3.8456
4hg4hg-4hg4hg- -5.1192776453 -0.653617440281 3.8452
4hg4hg4hg -5.18648976343 -0.593752395792 3.9480
4hg4hg4hg- -5.18648976343 -0.594024509631 3.9477
4hg4hg4hg-4hg- -5.13097854036 -0.756476471266 3.7900
4hg4hg4hg4hg -5.1312506542 -0.755932243589 3.7904
4ig -5.77534411013 -0.112110901497 4.8847
4ig4ig -5.7497654093 -0.335788476814 4.7051
4ig4ig- -5.74949329546 -0.335244249137 4.7053
4ig4ig-4ig -5.72826841605 -0.453613768921 4.6250
4ig4ig-4ig- -5.72826841605 -0.454430110437 4.6244
4ig4ig-4ig-4ig -5.69996857684 -0.512934585733 4.5878
4ig4ig-4ig-4ig- -5.69888012148 -0.51157401654 4.5901
4ig4ig-4ig4ig -5.69915223532 -0.511846130378 4.5901
4ig4ig-4ig4ig- -5.69915223532 -0.51157401654 4.5902
4ig4ig4ig -5.72799630221 -0.45388588276 4.6248
4ig4ig4ig- -5.72799630221 -0.45388588276 4.6248
4ig4ig4ig-4ig -5.69996857684 -0.514023041087 4.5875
4ig4ig4ig-4ig- -5.70051280452 -0.512934585733 4.5881
4ig4ig4ig4ig -5.69915223532 -0.512118244217 4.5897
4ig4ig4ig4ig- -5.69942434916 -0.51347881341 4.5881
4lg -5.47166506627 -0.164084644667 4.6511
5aa -6.34950430954 -0.22884773825 5.9854
5aa5aa -5.5995585704 -1.13253779619 4.2048
5aa5aa- -5.47302563546 -1.25771016194 4.0248
5aa5aa-5aa -5.10893731943 -1.69173173448 3.2557
5aa5aa-5aa- -5.2575114753 -1.54832774155 3.4675
5aa5aa-5aa-5aa- -5.06621544677 -1.78044084586 3.0379
5aa5aa-5aa5aa -5.06621544677 -1.78016873202 3.0381
5aa5aa-5aa5aa- -4.91274324181 -1.92847077405 2.8171
5aa5aa5aa -5.25723936146 -1.54832774155 3.4671
5aa5aa5aa- -5.2575114753 -1.54832774155 3.4675
5aa5aa5aa-5aa -5.06621544677 -1.78016873202 3.0381
5aa5aa5aa-5aa- -4.94349210557 -1.90071516252 2.8597
5aa5aa5aa5aa -5.06621544677 -1.78016873202 3.0380
5aa5aa5aa5aa- -5.06621544677 -1.78016873202 3.0381
5ad -7.1002663902 -1.38451521072 5.4823
5ad5ad -6.60066538255 -2.43950056291 3.8800
5ad5ad- -6.53073212604 -2.53419617874 3.7533
5ad5ad-5ad -6.32610251942 -3.04604230912 3.0675
5ad5ad-5ad- -6.40011748352 -2.94536018884 3.1982
5ad5ad-5ad-5ad -6.31440162436 -3.24087581755 2.8117
5ad5ad-5ad5ad -6.31440162436 -3.24087581755 2.8118
5ad5ad-5ad5ad- -6.23657706653 -3.34591175924 2.6745
5ad5ad5ad -6.40011748352 -2.945088075 3.1982
5ad5ad5ad- -6.40011748352 -2.94536018884 3.1980
5ad5ad5ad-5ad -6.31440162436 -3.24087581755 2.8117
5ad5ad5ad5ad- -6.31440162436 -3.24087581755 2.8116
5ae -6.19222251084 -0.758653381975 5.1641
5ae5ae -5.68581865723 -1.6340436007 3.7753
5ae5ae- -5.62731418194 -1.72438539511 3.6653
5ae5ae-5ae -5.32907741485 -2.12412062399 3.0005
5ae5ae-5ae- -5.39520107762 -2.02779232513 3.1176
5ae5ae-5ae-5ae -5.23628659589 -2.24140168842 2.7410
5ae5ae-5ae-5ae- -5.23628659589 -2.24140168842 2.7409
5ae5ae-5ae5ae- -5.16499277018 -2.34290015022 2.6150
5ae5ae5ae -5.39547319146 -2.0275202113 3.1177
5ae5ae5ae- -5.39547319146 -2.0275202113 3.1176
5ae5ae5ae-5ae -5.23628659589 -2.24140168842 2.7410
5ae5ae5ae-5ae- -5.23655870973 -2.25146990045 2.7317
5ae5ae5ae5ae -5.23628659589 -2.24140168842 2.7410
5ae5ae5ae5ae- -5.23628659589 -2.24140168842 2.7409
5af -5.84554948048 -0.136056919292 5.3447
5af5af -5.44009986099 -1.05879494593 4.0247
5af5af- -5.43982774715 -1.05906705977 4.0243
5af5af-5af -5.25587879227 -1.47703391584 3.4321
5af5af-5af- -5.25615090611 -1.47648968816 3.4327
5af5af-5af-5af -5.12716894662 -1.72656230582 3.0653
5af5af-5af-5af- -5.12716894662 -1.72656230582 3.0653
5af5af-5af5af -5.1693465916 -1.70615376793 3.1006
5af5af-5af5af- -5.16907447776 -1.70642588177 3.1003
5af5af5af -5.20907521203 -1.49417708767 3.4007
5af5af5af- -5.20907521203 -1.49390497383 3.4008
5af5af5af-5af -5.12254301136 -1.71921523218 3.0685
5af5af5af-5af- -5.12254301136 -1.71948734602 3.0683
5af5af5af5af -5.08852878154 -1.73390937946 3.0406
5af5af5af5af- -5.08771244002 -1.73445360714 3.0396
5ag -5.88691078395 -0.405993847169 5.0142
5ag5ag -5.65561402115 -1.29771089621 3.9300
5ag5ag- -5.65588613499 -1.29635032702 3.9306
5ag5ag-5ag -5.53207433843 -1.70833067864 3.4210
5ag5ag-5ag- -5.53180222459 -1.70887490631 3.4203
5ag5ag-5ag-5ag -5.41805864006 -1.95949175165 3.0779
5ag5ag-5ag-5ag- -5.41751441239 -1.96085232084 3.0765
5ag5ag-5ag5ag -5.47710734304 -1.92411695263 3.1415
5ag5ag-5ag5ag- -5.47656311536 -1.92493329415 3.1406
5ag5ag5ag -5.47112083859 -1.73935165623 3.3625
5ag5ag5ag- -5.47112083859 -1.73935165623 3.3625
5ag5ag5ag-5ag -5.41914709542 -1.95241679185 3.0832
5ag5ag5ag-5ag- -5.41941920926 -1.95214467801 3.0836
5ag5ag5ag5ag -5.37234351518 -1.97554646813 3.0352
5ag5ag5ag5ag- -5.37234351518 -1.97554646813 3.0353
5ah -5.33669660233 0.0440824418508 4.9748
5ah5ah -4.89668852534 -0.761646634199 3.7940
5ah5ah- -4.8964164115 -0.761646634199 3.7940
5ah5ah-5ah -4.64988127374 -1.11702730739 3.2156
5ah5ah-5ah- -4.64988127374 -1.11702730739 3.2156
5ah5ah-5ah-5ah -4.50566093929 -1.30913967743 2.8762
5ah5ah-5ah-5ah- -4.50566093929 -1.30913967743 2.8762
5ah5ah-5ah5ah -4.50566093929 -1.30913967743 2.8761
5ah5ah-5ah5ah- -4.50566093929 -1.30913967743 2.8761
5ah5ah5ah -4.64988127374 -1.11702730739 3.2156
5ah5ah5ah- -4.64988127374 -1.11702730739 3.2156
5ah5ah5ah-5ah -4.50511671161 -1.30941179127 2.8757
5ah5ah5ah-5ah- -4.50511671161 -1.30941179127 2.8757
5ah5ah5ah5ah -4.50538882545 -1.30913967743 2.8761
5ah5ah5ah5ah- -4.50511671161 -1.30941179127 2.8757
5ai -6.17671202204 -0.0870764283472 5.7813
5ai5ai -5.51193791438 -0.921921685126 4.2590
5ai5ai- -5.51166580054 -0.921921685126 4.2589
5ai5ai-5ai -5.21914342406 -1.29308496096 3.5917
5ai5ai-5ai- -5.21914342406 -1.29308496096 3.5918
5ai5ai-5ai-5ai -5.05914048697 -1.49472131535 3.2147
5ai5ai-5ai-5ai- -5.05914048697 -1.49444920151 3.2150
5ai5ai-5ai5ai -5.05859625929 -1.49499342919 3.2143
5ai5ai-5ai5ai- -5.05886837313 -1.49472131535 3.2145
5ai5ai5ai -5.21914342406 -1.29308496096 3.5917
5ai5ai5ai- -5.21914342406 -1.29308496096 3.5918
5ai5ai5ai-5ai -5.05886837313 -1.49472131535 3.2144
5ai5ai5ai-5ai- -5.05886837313 -1.49472131535 3.2144
5ai5ai5ai5ai -5.05859625929 -1.49499342919 3.2142
5ai5ai5ai5ai- -5.05886837313 -1.49472131535 3.2145
5al -5.6496275167 -0.170887490631 5.1432
5al5al -4.94675747164 -1.03675372501 3.6826
5al5al- -4.92716527526 -1.0585228321 3.6529
5al5al-5al -4.54103573831 -1.44057066147 2.9391
5al5al-5al- -4.54130785214 -1.44057066147 2.9392
5al5al-5al-5al -4.30810629248 -1.64928197566 2.5051
5al5al-5al-5al- -4.30919474783 -1.64819352031 2.5066
5al5al-5al5al -4.30837840631 -1.64900986182 2.5053
5al5al-5al5al- -4.30919474783 -1.64819352031 2.5064
5al5al5al -4.54130785214 -1.44057066147 2.9392
5al5al5al- -4.54130785214 -1.44057066147 2.9392
5al5al5al-5al -4.31354856925 -1.64275124354 2.5137
5al5al5al-5al- -4.31273222773 -1.64411181273 2.5118
5al5al5al5al -4.30946686167 -1.64764929263 2.5070
5al5al5al5al- -4.31354856925 -1.64275124354 2.5137
5da -7.1002663902 -1.38451521072 5.4823
5da5da -6.60066538255 -2.43950056291 3.8799
5da5da- -6.53073212604 -2.53419617874 3.7533
5da5da-5da -6.32610251942 -3.04604230912 3.0675
5da5da-5da- -6.40011748352 -2.94536018884 3.1980
5da5da-5da-5da -6.31440162436 -3.24087581755 2.8116
5da5da-5da5da -6.31440162436 -3.24087581755 2.8116
5da5da-5da5da- -6.23657706653 -3.34591175924 2.6745
5da5da5da- -6.40011748352 -2.94536018884 3.1981
5da5da5da-5da -6.31440162436 -3.24087581755 2.8115
5da5da5da-5da- -6.31195259982 -3.25284882644 2.7984
5dd -7.7427271631 -2.08575257275 5.1310
5dd5dd -7.6257182125 -3.1108054027 4.0569
5dd5dd- -7.62626244018 -3.11026117503 4.0579
5dd5dd-5dd -7.70599179489 -3.52986071412 3.6871
5dd5dd-5dd- -7.38516957919 -3.78891308846 3.2064
5dd5dd-5dd-5dd -7.80259220758 -3.75272194792 3.5301
5dd5dd-5dd-5dd- -7.45727974642 -4.00388302094 3.0645
5dd5dd-5dd5dd -7.68014098022 -3.8449685392 3.3683
5dd5dd-5dd5dd- -7.59197609652 -3.91462968188 3.2447
5dd5dd5dd -7.57945885994 -3.61639291479 3.5290
5dd5dd5dd- -7.43142893175 -3.78319869785 3.2799
5dd5dd5dd-5dd- -7.68014098022 -3.8449685392 3.3681
5dd5dd5dd5dd -7.45727974642 -4.0036109071 3.0645
5dd5dd5dd5dd- -7.45727974642 -4.0036109071 3.0647
5de -6.80175750927 -1.5423412371 4.7357
5de5de -6.62733253874 -2.39514600722 3.7873
5de5de- -6.62760465257 -2.39514600722 3.7875
5de5de-5de -6.51467740956 -2.78562936559 3.3149
5de5de-5de- -6.5149495234 -2.78535725176 3.3153
5de5de-5de-5de -6.46569691862 -3.00332043646 3.0503
5de5de-5de-5de- -6.46542480478 -3.0035925503 3.0500
5de5de-5de5de -6.46542480478 -3.00332043646 3.0502
5de5de-5de5de- -6.46569691862 -3.00332043646 3.0503
5de5de5de -6.58216164153 -2.74317960677 3.3910
5de5de5de- -6.58188952769 -2.74317960677 3.3910
5de5de5de-5de -6.46569691862 -3.00332043646 3.0504
5de5de5de-5de- -6.51875911714 -2.97093888967 3.1131
5de5de5de5de -6.46542480478 -3.00332043646 3.0503
5de5de5de5de- -6.46569691862 -3.00332043646 3.0503
5df -6.59984904104 -1.33471837826 4.7557
5df5df -6.33780341448 -2.32902234445 3.6358
5df5df- -6.33807552832 -2.32902234445 3.6358
5df5df-5df -6.02568884162 -2.94835344107 2.8073
5df5df-5df- -6.2158964148 -2.79025530085 3.0964
5df5df-5df-5df -5.96636802481 -3.2419642729 2.4558
5df5df-5df-5df- -6.17235820062 -3.0620970256 2.7803
5df5df-5df5df -6.17235820062 -3.06182491176 2.7806
5df5df-5df5df- -5.9655516833 -3.24305272825 2.4545
5df5df5df -6.2158964148 -2.79025530085 3.0963
5df5df5df- -6.22623674066 -2.78889473166 3.0921
5df5df5df-5df -6.18623600639 -3.05937588721 2.7766
5df5df5df-5df- -6.18242641265 -3.0656345055 2.7790
5df5df5df5df -6.17235820062 -3.0620970256 2.7804
5df5df5df5df- -6.17263031446 -3.0620970256 2.7806
5dg -6.46760171549 -1.48574155867 4.3984
5dg5dg -6.49073139177 -2.27106209683 3.5844
5dg5dg- -6.49181984712 -2.26997364148 3.5849
5dg5dg-5dg -6.55767139606 -2.61555821648 3.3349
5dg5dg-5dg- -6.55767139606 -2.61555821648 3.3350
5dg5dg-5dg-5dg -6.48338431812 -2.89066530729 3.0798
5dg5dg-5dg-5dg- -6.48365643196 -2.89066530729 3.0799
5dg5dg-5dg5dg -6.48311220429 -2.8914816488 3.0789
5dg5dg-5dg5dg- -6.60501920397 -2.80113985439 3.2094
5dg5dg5dg -6.47658147216 -2.66290602439 3.2661
5dg5dg5dg- -6.47712569984 -2.66263391055 3.2665
5dg5dg5dg-5dg -6.60529131781 -2.80141196823 3.2095
5dg5dg5dg-5dg- -6.55631082686 -2.86372603727 3.1409
5dg5dg5dg5dg -6.48338431812 -2.89120953496 3.0792
5dg5dg5dg5dg- -6.48175163509 -2.89175376264 3.0778
5dh -5.93779607176 -1.22913820889 4.1644
5dh5dh -5.67683890056 -2.00520687653 3.2600
5dh5dh- -5.6771110144 -2.00575110421 3.2598
5dh5dh-5dh -5.54023775359 -2.38834316126 2.7778
5dh5dh-5dh- -5.54023775359 -2.3886152751 2.7775
5dh5dh-5dh-5dh -5.47438620465 -2.6114765089 2.5002
5dh5dh-5dh-5dh- -5.47465831849 -2.6114765089 2.5006
5dh5dh-5dh5dh -5.47465831849 -2.6114765089 2.5005
5dh5dh-5dh5dh- -5.47438620465 -2.6114765089 2.5003
5dh5dh5dh -5.54023775359 -2.38834316126 2.7778
5dh5dh5dh- -5.53996563975 -2.3886152751 2.7774
5dh5dh5dh-5dh -5.47438620465 -2.6114765089 2.5004
5dh5dh5dh-5dh- -5.47465831849 -2.6114765089 2.5006
5dh5dh5dh5dh -5.47465831849 -2.6114765089 2.5005
5dh5dh5dh5dh- -5.47465831849 -2.6114765089 2.5004
5di -6.94107979462 -1.27403699225 5.2182
5di5di -6.58569912143 -2.06235078264 4.0863
5di5di- -6.58542700759 -2.06262289647 4.0860
5di5di-5di -6.51603797875 -2.41528243128 3.6395
5di5di-5di- -6.51631009259 -2.41501031744 3.6401
5di5di-5di-5di -6.5114120435 -2.60412943526 3.4172
5di5di-5di-5di- -6.51168415734 -2.60385732142 3.4176
5di5di-5di5di -6.51168415734 -2.60358520758 3.4177
5di5di-5di5di- -6.5114120435 -2.60412943526 3.4173
5di5di5di -6.51631009259 -2.41501031744 3.6400
5di5di5di- -6.51631009259 -2.41501031744 3.6399
5di5di5di-5di -6.51168415734 -2.60385732142 3.4178
5di5di5di-5di- -6.51168415734 -2.60385732142 3.4175
5di5di5di5di -6.51168415734 -2.60385732142 3.4176
5di5di5di5di- -6.51168415734 -2.60412943526 3.4173
5dl -6.29616999718 -1.3314530122 4.4743
5dl5dl -6.2871902405 -2.12793021773 3.7252
5dl5dl- -6.2871902405 -2.12820233157 3.7250
5dl5dl-5dl -6.12745941726 -2.44004479059 3.2568
5dl5dl-5dl- -6.03983876123 -2.49691658286 3.1643
5dl5dl-5dl-5dl -5.99466786403 -2.64848399095 2.9371
5dl5dl-5dl-5dl- -5.9190202169 -2.71297497069 2.8402
5dl5dl-5dl5dl -5.91874810306 -2.71297497069 2.8399
5dl5dl-5dl5dl- -6.05507713619 -2.60059195536 3.0098
5dl5dl5dl -6.04011087507 -2.49718869669 3.1644
5dl5dl5dl- -6.12773153109 -2.44031690443 3.2569
5dl5dl5dl-5dl -6.05507713619 -2.60059195536 3.0099
5dl5dl5dl-5dl- -5.96582379714 -2.67841651319 2.8949
5dl5dl5dl5dl -5.9190202169 -2.71297497069 2.8401
5dl5dl5dl5dl- -5.9190202169 -2.71297497069 2.8401
5ea -6.19222251084 -0.758653381975 5.1641
5ea5ea -5.68609077107 -1.63349937303 3.7758
5ea5ea- -5.62731418194 -1.72438539511 3.6653
5ea5ea-5ea -5.32907741485 -2.12412062399 3.0005
5ea5ea-5ea- -5.39547319146 -2.02779232513 3.1176
5ea5ea-5ea-5ea -5.23628659589 -2.24140168842 2.7409
5ea5ea-5ea-5ea- -5.23628659589 -2.24140168842 2.7409
5ea5ea-5ea5ea -5.23628659589 -2.24140168842 2.7410
5ea5ea-5ea5ea- -5.16499277018 -2.34290015022 2.6150
5ea5ea5ea -5.39547319146 -2.0275202113 3.1178
5ea5ea5ea- -5.39547319146 -2.0275202113 3.1178
5ea5ea5ea-5ea -5.23628659589 -2.24140168842 2.7410
5ea5ea5ea-5ea- -5.23655870973 -2.25146990045 2.7317
5ea5ea5ea5ea -5.23628659589 -2.24140168842 2.7410
5ea5ea5ea5ea- -5.23628659589 -2.24140168842 2.7409
5ed -6.80175750927 -1.5423412371 4.7357
5ed5ed -6.62760465257 -2.39514600722 3.7875
5ed5ed- -6.62760465257 -2.39487389339 3.7876
5ed5ed-5ed -6.51467740956 -2.78535725176 3.3151
5ed5ed-5ed- -6.51467740956 -2.78562936559 3.3150
5ed5ed-5ed-5ed -6.46542480478 -3.00332043646 3.0503
5ed5ed-5ed-5ed- -6.46542480478 -3.00332043646 3.0502
5ed5ed-5ed5ed -6.46569691862 -3.00332043646 3.0503
5ed5ed-5ed5ed- -6.52284082472 -2.96712929593 3.1186
5ed5ed5ed -6.5149495234 -2.78535725176 3.3152
5ed5ed5ed- -6.5149495234 -2.78508513792 3.3155
5ed5ed5ed-5ed -6.46542480478 -3.00332043646 3.0501
5ed5ed5ed-5ed- -6.46569691862 -3.00332043646 3.0504
5ed5ed5ed5ed -6.46569691862 -3.00332043646 3.0503
5ed5ed5ed5ed- -6.46569691862 -3.00332043646 3.0502
5ee -6.32229292568 -0.999474129122 4.7410
5ee5ee -5.95629981279 -1.65717327698 3.8621
5ee5ee- -5.95602769895 -1.65744539082 3.8619
5ee5ee-5ee -5.81017468147 -1.90180361787 3.4530
5ee5ee-5ee- -5.74214622182 -1.95296101952 3.3693
5ee5ee-5ee-5ee -5.6841859742 -2.06425557951 3.1741
5ee5ee-5ee-5ee- -5.62840263729 -2.10207940307 3.1050
5ee5ee-5ee5ee -5.62785840961 -2.10262363075 3.1041
5ee5ee-5ee5ee- -5.75058175081 -2.01337029169 3.2595
5ee5ee5ee -5.74214622182 -1.95268890569 3.3696
5ee5ee5ee- -5.80990256763 -1.90207573171 3.4528
5ee5ee5ee-5ee -5.75058175081 -2.01337029169 3.2595
5ee5ee5ee-5ee- -5.6841859742 -2.06425557951 3.1742
5ee5ee5ee5ee -5.62840263729 -2.10235151691 3.1048
5ee5ee5ee5ee- -5.62813052345 -2.10235151691 3.1047
5ef -6.03221957375 -0.708312321837 4.8058
5ef5ef -5.57261930038 -1.52356538224 3.6736
5ef5ef- -5.57234718654 -1.52356538224 3.6734
5ef5ef-5ef -5.11791707611 -2.03976533403 2.8213
5ef5ef-5ef- -5.33043798404 -1.87921816927 3.1194
5ef5ef-5ef-5ef -5.21070789506 -2.06996997012 2.7978
5ef5ef-5ef-5ef- -5.20608195981 -2.07214688082 2.8006
5ef5ef-5ef5ef -5.21968765174 -2.07459590537 2.8013
5ef5ef-5ef5ef- -4.97179194478 -2.25527949419 2.4614
5ef5ef5ef -5.33071009788 -1.87921816927 3.1194
5ef5ef5ef- -5.34241099294 -1.87568068937 3.1155
5ef5ef5ef-5ef -5.22512992851 -2.06697671789 2.7993
5ef5ef5ef-5ef- -5.2194155379 -2.07459590537 2.8010
5ef5ef5ef5ef -5.20608195981 -2.07214688082 2.8006
5ef5ef5ef5ef- -5.20608195981 -2.07241899466 2.8004
5eg -6.00582453141 -0.887091113787 4.5398
5eg5eg -5.84418891129 -1.52547017911 3.7094
5eg5eg- -5.84364468361 -1.52601440678 3.7083
5eg5eg-5eg -5.79085459893 -1.78180141505 3.4363
5eg5eg-5eg- -5.79085459893 -1.78207352889 3.4363
5eg5eg-5eg-5eg -5.65643036266 -1.99595500602 3.1702
5eg5eg-5eg-5eg- -5.65643036266 -1.99622711986 3.1698
5eg5eg-5eg5eg -5.65643036266 -1.9964992337 3.1698
5eg5eg-5eg5eg- -5.77126240255 -1.91323239909 3.2940
5eg5eg5eg -5.72337036696 -1.83241458903 3.3735
5eg5eg5eg- -5.7236424808 -1.83159824752 3.3742
5eg5eg5eg-5eg -5.6567024765 -1.99622711986 3.1701
5eg5eg5eg-5eg- -5.71820020402 -1.96765516681 3.2281
5eg5eg5eg5eg -5.65643036266 -1.99622711986 3.1701
5eg5eg5eg5eg- -5.65615824883 -1.9964992337 3.1695
5eh -5.45860360201 -0.62885508097 4.2809
5eh5eh -5.03954829059 -1.17308275814 3.4229
5eh5eh- -5.03954829059 -1.17308275814 3.4230
5eh5eh-5eh -4.82485047195 -1.50859912111 2.9176
5eh5eh-5eh- -4.82485047195 -1.50887123495 2.9173
5eh5eh-5eh-5eh -4.70212713075 -1.64928197566 2.6585
5eh5eh-5eh-5eh- -4.70212713075 -1.64928197566 2.6586
5eh5eh-5eh5eh -4.70212713075 -1.64928197566 2.6584
5eh5eh-5eh5eh- -4.70212713075 -1.64928197566 2.6585
5eh5eh5eh -4.82539469963 -1.50859912111 2.9180
5eh5eh5eh- -4.82485047195 -1.50859912111 2.9175
5eh5eh5eh-5eh -4.70239924459 -1.64928197566 2.6586
5eh5eh5eh-5eh- -4.70212713075 -1.64928197566 2.6583
5eh5eh5eh5eh -4.70239924459 -1.64900986182 2.6587
5eh5eh5eh5eh- -4.70239924459 -1.64928197566 2.6586
5ei -6.12310559584 -0.663685652309 5.1596
5ei5ei -5.76745280881 -1.27022739851 4.0720
5ei5ei- -5.76690858113 -1.27158796771 4.0707
5ei5ei-5ei -5.62622572658 -1.50723855192 3.6604
5ei5ei-5ei- -5.62622572658 -1.50723855192 3.6603
5ei5ei-5ei-5ei -5.55955783613 -1.62071002261 3.4551
5ei5ei-5ei-5ei- -5.55955783613 -1.62071002261 3.4552
5ei5ei-5ei5ei -5.55955783613 -1.62043790877 3.4553
5ei5ei-5ei5ei- -5.55955783613 -1.62043790877 3.4553
5ei5ei5ei -5.62622572658 -1.50723855192 3.6604
5ei5ei5ei- -5.62595361274 -1.50723855192 3.6603
5ei5ei5ei-5ei -5.55982994997 -1.62071002261 3.4554
5ei5ei5ei-5ei- -5.55955783613 -1.62071002261 3.4553
5ei5ei5ei5ei -5.55955783613 -1.62071002261 3.4551
5ei5ei5ei5ei- -5.55955783613 -1.62071002261 3.4552
5el -5.80282760782 -0.739061185597 4.5459
5el5el -5.71139735806 -1.34070488271 3.9034
5el5el- -5.7116694719 -1.34070488271 3.9036
5el5el-5el -5.49969279164 -1.59540343562 3.4633
5el5el-5el- -5.4994206778 -1.59513132178 3.4632
5el5el-5el-5el -5.36445221386 -1.72547385047 3.1946
5el5el-5el-5el- -5.31900920282 -1.7545900312 3.1413
5el5el-5el5el -5.36418010002 -1.72547385047 3.1942
5el5el-5el5el- -5.36445221386 -1.72547385047 3.1944
5el5el5el -5.44336522705 -1.61036969675 3.4061
5el5el5el- -5.4994206778 -1.59567554946 3.4629
5el5el5el-5el -5.36418010002 -1.72547385047 3.1943
5el5el5el-5el- -5.31900920282 -1.7545900312 3.1414
5el5el5el5el -5.27547098865 -1.75567848655 3.1027
5el5el5el5el- -5.27574310248 -1.75540637271 3.1033
5fa -5.777248907 -0.180955702659 5.2537
5fa5fa -5.06621544677 -1.09362551727 3.7475
5fa5fa- -5.06621544677 -1.09362551727 3.7474
5fa5fa-5fa -4.68879355266 -1.49009538009 3.0259
5fa5fa-5fa- -4.68879355266 -1.49009538009 3.0260
5fa5fa-5fa-5fa -4.46185061128 -1.70860279247 2.5852
5fa5fa-5fa-5fa- -4.46185061128 -1.70860279247 2.5852
5fa5fa-5fa5fa -4.46239483895 -1.7080585648 2.5859
5fa5fa-5fa5fa- -4.46239483895 -1.7080585648 2.5859
5fa5fa5fa -4.6890656665 -1.49009538009 3.0260
5fa5fa5fa- -4.68879355266 -1.49009538009 3.0260
5fa5fa5fa-5fa -4.46239483895 -1.7080585648 2.5860
5fa5fa5fa-5fa- -4.46239483895 -1.7080585648 2.5859
5fa5fa5fa5fa -4.46266695279 -1.7080585648 2.5861
5fa5fa5fa5fa- -4.46185061128 -1.70860279247 2.5852
5fd -6.53454171978 -1.49662611222 4.5406
5fd5fd -6.18650812023 -2.23949689155 3.5614
5fd5fd- -6.18678023407 -2.23922477772 3.5618
5fd5fd-5fd -5.78595654983 -2.92848913085 2.6114
5fd5fd-5fd- -5.98405542432 -2.65474260923 2.9945
5fd5fd-5fd-5fd -5.90323761426 -2.88930473809 2.6798
5fd5fd-5fd-5fd- -5.87575411656 -2.90454311306 2.6523
5fd5fd-5fd5fd -5.87629834424 -2.90427099922 2.6528
5fd5fd-5fd5fd- -5.65643036266 -3.22318841804 2.2052
5fd5fd5fd -5.98432753816 -2.6544704954 2.9949
5fd5fd5fd- -6.03167534607 -2.6375994374 3.0288
5fd5fd5fd-5fd -5.8760262304 -2.90454311306 2.6524
5fd5fd5fd-5fd- -5.92337403832 -2.89311433183 2.6892
5fd5fd5fd5fd -5.8760262304 -2.90481522689 2.6523
5fd5fd5fd5fd- -5.87575411656 -2.90454311306 2.6523
5fe -5.99684477473 -0.883009406208 4.5930
5fe5fe -5.50377449922 -1.43621684005 3.6652
5fe5fe- -5.5043187269 -1.43594472621 3.6657
5fe5fe-5fe -5.2539739954 -1.71214027238 3.1540
5fe5fe-5fe- -5.20118391071 -1.73499783482 3.1117
5fe5fe-5fe-5fe -5.0572356901 -1.88411621836 2.8136
5fe5fe-5fe-5fe- -5.02539837099 -1.90261995939 2.7811
5fe5fe-5fe5fe -5.02539837099 -1.90261995939 2.7812
5fe5fe-5fe5fe- -4.75872680917 -2.24493916833 2.2782
5fe5fe5fe -5.20118391071 -1.73526994866 3.1117
5fe5fe5fe- -5.2539739954 -1.71214027238 3.1539
5fe5fe5fe-5fe -5.11601227923 -1.8618028836 2.8676
5fe5fe5fe-5fe- -5.07546731729 -1.89037483665 2.8218
5fe5fe5fe5fe -5.02539837099 -1.90289207322 2.7812
5fe5fe5fe5fe- -5.02539837099 -1.90261995939 2.7812
5ff -5.72554727767 0.0285719530514 5.3686
5ff5ff -5.22077610709 -0.92110534361 4.0170
5ff5ff- -5.09968544892 -0.985596323355 3.8910
5ff5ff-5ff -4.74757014179 -1.42125057893 3.1407
5ff5ff-5ff- -4.89179047624 -1.34424236261 3.2993
5ff5ff-5ff-5ff -4.71899818874 -1.57145741783 2.8727
5ff5ff-5ff-5ff- -4.715188595 -1.57744392228 2.8749
5ff5ff-5ff5ff -4.5565462271 -1.65907807385 2.7061
5ff5ff-5ff5ff- -4.55355297488 -1.6579896185 2.7046
5ff5ff5ff -4.89179047624 -1.34397024877 3.2993
5ff5ff5ff- -4.89750486685 -1.34179333806 3.2920
5ff5ff5ff-5ff -4.71899818874 -1.57118530399 2.8728
5ff5ff5ff-5ff- -4.71491648116 -1.57744392228 2.8748
5ff5ff5ff5ff -4.70539249681 -1.57526701157 2.8760
5ff5ff5ff5ff- -4.70512038297 -1.57499489773 2.8760
5fg -5.93507493338 -0.328169289333 4.6105
5fg5fg -5.5924836106 -1.21988633838 3.9380
5fg5fg- -5.59411629363 -1.29743878237 3.8747
5fg5fg-5fg -5.40064335439 -1.61907733958 3.3654
5fg5fg-5fg- -5.40037124056 -1.6185331119 3.3656
5fg5fg-5fg-5fg -5.27547098865 -1.79703979001 3.0816
5fg5fg-5fg-5fg- -5.27030082571 -1.82207426316 3.0593
5fg5fg-5fg5fg -5.28907668057 -1.79840035921 3.0851
5fg5fg-5fg5fg- -5.22621838386 -1.7842504396 3.0696
5fg5fg5fg -5.36690123841 -1.64084644667 3.3480
5fg5fg5fg- -5.36635701073 -1.60710433068 3.3707
5fg5fg5fg-5fg -5.22594627002 -1.78452255344 3.0692
5fg5fg5fg-5fg- -5.268123915 -1.83350304439 3.0469
5fg5fg5fg5fg -5.22893952225 -1.83567995509 3.0308
5fg5fg5fg5fg- -5.22921163609 -1.83567995509 3.0311
5fh -5.61887865294 -0.162451961635 5.0757
5fh5fh -5.11655650691 -0.945867702921 3.8153
5fh5fh- -5.11655650691 -0.945867702921 3.8153
5fh5fh-5fh -4.64525533848 -1.20709698796 3.1282
5fh5fh-5fh- -4.64062940323 -1.20573641877 3.1435
5fh5fh-5fh-5fh -4.47953801078 -1.45580903643 2.7322
5fh5fh-5fh-5fh- -4.47953801078 -1.45553692259 2.7324
5fh5fh-5fh5fh -4.4838918322 -1.44438025521 2.7406
5fh5fh-5fh5fh- -4.48089857998 -1.45608115027 2.7332
5fh5fh5fh -4.81750339831 -1.3265549631 3.1873
5fh5fh5fh- -4.64471111081 -1.2073691018 3.1278
5fh5fh5fh-5fh -4.47953801078 -1.45553692259 2.7323
5fh5fh5fh-5fh- -4.63981306171 -1.54179700942 2.8022
5fh5fh5fh5fh -4.66022159961 -1.53717107417 2.8099
5fh5fh5fh5fh- -4.49178313352 -1.44546871056 2.7291
5fi -5.69697532461 -0.0234017901183 5.3080
5fi5fi -5.2025444799 -0.720013216896 4.0914
5fi5fi- -5.20227236607 -0.720013216896 4.0911
5fi5fi-5fi -4.96281218811 -1.01117502418 3.5444
5fi5fi-5fi- -4.96281218811 -1.01144713802 3.5443
5fi5fi-5fi-5fi -4.83002063488 -1.15621170015 3.2562
5fi5fi-5fi-5fi- -4.83029274872 -1.15648381399 3.2563
5fi5fi-5fi5fi -4.83002063488 -1.15621170015 3.2562
5fi5fi-5fi5fi- -4.83002063488 -1.15621170015 3.2561
5fi5fi5fi -4.96308430195 -1.01144713802 3.5446
5fi5fi5fi- -4.96308430195 -1.01144713802 3.5445
5fi5fi5fi-5fi -4.82974852104 -1.15621170015 3.2559
5fi5fi5fi-5fi- -4.83029274872 -1.15648381399 3.2561
5fi5fi5fi5fi -4.83002063488 -1.15648381399 3.2560
5fi5fi5fi5fi- -4.83002063488 -1.15621170015 3.2560
5fl -5.72908475757 -0.00462593525594 5.3028
5fl5fl -5.35329554648 -0.704230614258 4.2486
5fl5fl- -5.35438400184 -0.703414272742 4.2498
5fl5fl-5fl -5.02458202947 -1.06967949948 3.5713
5fl5fl-5fl- -5.00662251612 -1.20247105271 3.4711
5fl5fl-5fl-5fl -4.87818478431 -1.21063446786 3.2622
5fl5fl-5fl-5fl- -4.76634599665 -1.29145227792 3.1377
5fl5fl-5fl5fl -4.88607608563 -1.40437952094 3.1309
5fl5fl-5fl5fl- -4.87764055663 -1.21063446786 3.2620
5fl5fl5fl -5.02349357412 -1.11512251052 3.5627
5fl5fl5fl- -5.02485414331 -1.06967949948 3.5715
5fl5fl5fl-5fl -4.87709632896 -1.21199503706 3.2606
5fl5fl5fl-5fl- -4.8724703937 -1.32084057249 3.1841
5fl5fl5fl5fl -4.88634819947 -1.39784878881 3.1402
5fl5fl5fl5fl- -4.84117730226 -1.32519439391 3.1737
5ga -5.86133208312 -0.416878400712 5.0112
5ga5ga -5.72663573302 -1.33036455684 4.0152
5ga5ga- -5.43656238109 -1.44818984895 3.7008
5ga5ga-5ga -5.17778212059 -1.88547678755 3.0656
5ga5ga-5ga- -5.43139221815 -1.72112002905 3.3736
5ga5ga-5ga-5ga -5.30621985241 -1.92874288789 3.0303
5ga5ga-5ga-5ga- -5.27519887481 -1.93391305082 3.0067
5ga5ga-5ga5ga -5.27574310248 -1.93391305082 3.0072
5ga5ga-5ga5ga- -5.02485414331 -2.12466485167 2.6786
5ga5ga5ga -5.43166433199 -1.72112002905 3.3739
5ga5ga5ga- -5.46812758636 -1.71132393086 3.4031
5ga5ga5ga-5ga -5.33125432556 -1.92275638344 3.0507
5ga5ga5ga-5ga- -5.29941700644 -1.93282459547 3.0241
5ga5ga5ga5ga- -5.27519887481 -1.93391305082 3.0069
5gd -6.42433561515 -1.55132099377 4.2888
5gd5gd -6.41236260625 -2.23650363933 3.6054
5gd5gd- -6.41236260625 -2.23650363933 3.6053
5gd5gd-5gd -6.45617293427 -2.53773365864 3.3691
5gd5gd-5gd- -6.36555902602 -2.61664667183 3.2453
5gd5gd-5gd-5gd -6.40555976029 -2.76821407992 3.1343
5gd5gd-5gd-5gd- -6.35113699257 -2.83379351502 3.0411
5gd5gd-5gd5gd -6.35113699257 -2.83379351502 3.0411
5gd5gd-5gd5gd- -6.49699001005 -2.69664814038 3.2559
5gd5gd5gd -6.36583113986 -2.61664667183 3.2453
5gd5gd5gd- -6.45590082043 -2.53800577248 3.3691
5gd5gd5gd-5gd -6.49699001005 -2.69664814038 3.2559
5gd5gd5gd-5gd- -6.43113846112 -2.77447269821 3.1440
5gd5gd5gd5gd -6.35086487873 -2.8343377427 3.0404
5gd5gd5gd5gd- -6.35113699257 -2.83379351502 3.0409
5ge -5.9620142034 -0.954031118079 4.4256
5ge5ge -5.77371142709 -1.53689896033 3.7189
5ge5ge- -5.77343931326 -1.53934798487 3.7184
5ge5ge-5ge -5.68364174652 -1.78751580566 3.3996
5ge5ge-5ge- -5.62785840961 -1.83540784126 3.3354
5ge5ge-5ge-5ge -5.64010353235 -1.90534109777 3.2347
5ge5ge-5ge-5ge- -5.53670027369 -1.99051272925 3.1044
5ge5ge-5ge5ge -5.63983141851 -1.90615743929 3.2340
5ge5ge-5ge5ge- -5.64010353235 -1.90561321161 3.2345
5ge5ge5ge -5.62785840961 -1.83567995509 3.3352
5ge5ge5ge- -5.68364174652 -1.78669946415 3.4000
5ge5ge5ge-5ge -5.64037564619 -1.90534109777 3.2349
5ge5ge5ge-5ge- -5.59166726908 -1.95051199498 3.1705
5ge5ge5ge5ge -5.53670027369 -1.98996850157 3.1048
5ge5ge5ge5ge- -5.53642815985 -1.99078484309 3.1040
5gf -5.75357500304 -0.271025383231 5.0544
5gf5gf -5.55629247007 -1.16791259521 3.9738
5gf5gf- -5.55602035623 -1.16818470905 3.9729
5gf5gf-5gf -5.36526855538 -1.53907587104 3.4282
5gf5gf-5gf- -5.36526855538 -1.53962009871 3.4279
5gf5gf-5gf-5gf -5.25424610924 -1.75241312049 3.1097
5gf5gf-5gf-5gf- -5.25451822307 -1.75214100665 3.1101
5gf5gf-5gf5gf -5.25941627217 -1.73690263169 3.1093
5gf5gf-5gf5gf- -5.25941627217 -1.73690263169 3.1093
5gf5gf5gf -5.34268310678 -1.55594692903 3.4280
5gf5gf5gf- -5.34268310678 -1.55567481519 3.4281
5gf5gf5gf-5gf -5.23111643296 -1.74751507139 3.1038
5gf5gf5gf-5gf- -5.23111643296 -1.74751507139 3.1037
5gf5gf5gf5gf -5.2229530178 -1.75921596645 3.0993
5gf5gf5gf5gf- -5.22322513164 -1.75894385261 3.0998
5gg -5.96609591097 -0.553207433843 4.5980
5gg5gg -5.99548420554 -1.2645130079 4.0853
5gg5gg- -5.99548420554 -1.26478512174 4.0855
5gg5gg-5gg -5.98514387968 -1.51812310547 3.8083
5gg5gg-5gg- -5.98868135958 -1.4492783043 3.8549
5gg5gg-5gg-5gg -5.85044752958 -1.77037263383 3.5934
5gg5gg-5gg-5gg- -5.85044752958 -1.77064474767 3.5933
5gg5gg-5gg5gg -5.99276306716 -1.60628798917 3.8145
5gg5gg-5gg5gg- -5.99249095332 -1.60656010301 3.8148
5gg5gg5gg -5.87874736879 -1.60873701371 3.7193
5gg5gg5gg- -5.87901948263 -1.60846489988 3.7197
5gg5gg5gg-5gg -5.8605157416 -1.74506604685 3.5878
5gg5gg5gg-5gg- -5.86133208312 -1.74506604685 3.5885
5gg5gg5gg5gg -5.81017468147 -1.85472792379 3.4715
5gg5gg5gg5gg- -5.80963045379 -1.85445580996 3.4713
5gh -5.5233666956 -0.315652052758 4.7177
5gh5gh -5.23819139276 -0.89226127672 3.8656
5gh5gh- -5.2384635066 -0.891989162881 3.8658
5gh5gh-5gh -5.10975366095 -1.15648381399 3.4651
5gh5gh-5gh- -5.10975366095 -1.15675592782 3.4648
5gh5gh-5gh-5gh -5.05070495797 -1.28764268418 3.2575
5gh5gh-5gh-5gh- -5.05097707181 -1.28737057035 3.2578
5gh5gh-5gh5gh -5.05070495797 -1.28764268418 3.2575
5gh5gh-5gh5gh- -5.05070495797 -1.28764268418 3.2575
5gh5gh5gh -5.10948154711 -1.15675592782 3.4648
5gh5gh5gh- -5.10975366095 -1.15675592782 3.4650
5gh5gh5gh-5gh -5.05070495797 -1.28764268418 3.2575
5gh5gh5gh-5gh- -5.05070495797 -1.28764268418 3.2575
5gh5gh5gh5gh -5.05070495797 -1.28764268418 3.2574
5gh5gh5gh5gh- -5.05070495797 -1.28764268418 3.2574
5gi -6.26052308432 -0.392932382917 5.2489
5gi5gi -5.83167167471 -1.00437217822 4.3228
5gi5gi- -5.83167167471 -1.00437217822 4.3228
5gi5gi-5gi -5.69180516168 -1.26206398336 3.9228
5gi5gi-5gi- -5.69153304784 -1.26206398336 3.9226
5gi5gi-5gi-5gi -5.63166800335 -1.38805269062 3.7204
5gi5gi-5gi-5gi- -5.63139588951 -1.38832480446 3.7200
5gi5gi-5gi5gi -5.63194011719 -1.38805269062 3.7208
5gi5gi-5gi5gi- -5.63166800335 -1.38832480446 3.7204
5gi5gi5gi -5.69234938936 -1.26151975568 3.9235
5gi5gi5gi- -5.69180516168 -1.26179186952 3.9228
5gi5gi5gi-5gi -5.63194011719 -1.38778057678 3.7210
5gi5gi5gi-5gi- -5.63166800335 -1.38805269062 3.7204
5gi5gi5gi5gi -5.63194011719 -1.38778057678 3.7208
5gi5gi5gi5gi- -5.63194011719 -1.38805269062 3.7206
5gl -5.77915370387 -0.300141563959 4.9835
5gl5gl -5.57479621109 -1.19947780048 3.9808
5gl5gl- -5.57425198341 -1.19947780048 3.9805
5gl5gl-5gl -5.37887424731 -1.54043644023 3.4499
5gl5gl-5gl- -5.37887424731 -1.53989221255 3.4503
5gl5gl-5gl-5gl -5.26975659804 -1.69989514964 3.1642
5gl5gl-5gl-5gl- -5.10322292882 -1.69064327913 3.0464
5gl5gl-5gl5gl -5.2694844842 -1.69989514964 3.1641
5gl5gl-5gl5gl- -5.26975659804 -1.69989514964 3.1641
5gl5gl5gl -5.15818992422 -1.52410960991 3.3128
5gl5gl5gl- -5.37887424731 -1.54016432639 3.4502
5gl5gl5gl-5gl -5.2694844842 -1.69989514964 3.1640
5gl5gl5gl-5gl- -5.10240658731 -1.69064327913 3.0460
5gl5gl5gl5gl -5.15655724118 -1.88574890139 2.9509
5gl5gl5gl5gl- -4.9380498288 -1.75894385261 2.8815
5ha -5.33669660233 0.0440824418508 4.9748
5ha5ha -4.89668852534 -0.761646634199 3.7942
5ha5ha- -4.8964164115 -0.761646634199 3.7940
5ha5ha-5ha -4.64988127374 -1.11702730739 3.2156
5ha5ha-5ha- -4.64988127374 -1.11702730739 3.2156
5ha5ha-5ha-5ha -4.50511671161 -1.30941179127 2.8757
5ha5ha-5ha-5ha- -4.50511671161 -1.30941179127 2.8756
5ha5ha-5ha5ha -4.50566093929 -1.30913967743 2.8762
5ha5ha-5ha5ha- -4.50538882545 -1.30941179127 2.8758
5ha5ha5ha -4.64988127374 -1.11702730739 3.2155
5ha5ha5ha- -4.64988127374 -1.11702730739 3.2156
5ha5ha5ha-5ha -4.50511671161 -1.30941179127 2.8757
5ha5ha5ha-5ha- -4.50511671161 -1.30941179127 2.8757
5ha5ha5ha5ha -4.50566093929 -1.30913967743 2.8762
5ha5ha5ha5ha- -4.50538882545 -1.30941179127 2.8758
5hd -5.93779607176 -1.22913820889 4.1644
5hd5hd -5.67683890056 -2.00575110421 3.2596
5hd5hd- -5.6771110144 -2.00575110421 3.2598
5hd5hd-5hd -5.54023775359 -2.38834316126 2.7778
5hd5hd-5hd- -5.54023775359 -2.3886152751 2.7776
5hd5hd-5hd-5hd -5.47465831849 -2.6114765089 2.5006
5hd5hd-5hd-5hd- -5.47465831849 -2.61120439506 2.5005
5hd5hd-5hd5hd -5.47465831849 -2.6114765089 2.5004
5hd5hd-5hd5hd- -5.47465831849 -2.6114765089 2.5003
5hd5hd5hd -5.54023775359 -2.38834316126 2.7777
5hd5hd5hd- -5.54023775359 -2.38834316126 2.7776
5hd5hd5hd-5hd -5.47438620465 -2.6114765089 2.5004
5hd5hd5hd-5hd- -5.47465831849 -2.6114765089 2.5004
5hd5hd5hd5hd -5.47465831849 -2.61174862274 2.5002
5hd5hd5hd5hd- -5.47438620465 -2.6114765089 2.5004
5he -5.45860360201 -0.62885508097 4.2809
5he5he -5.03954829059 -1.1728106443 3.4232
5he5he- -5.03954829059 -1.1728106443 3.4231
5he5he-5he -4.82485047195 -1.50859912111 2.9175
5he5he-5he- -4.82512258579 -1.50914334879 2.9174
5he5he-5he-5he -4.70212713075 -1.64928197566 2.6585
5he5he-5he-5he- -4.70267135842 -1.64928197566 2.6589
5he5he-5he5he -4.70212713075 -1.6495540895 2.6583
5he5he-5he5he- -4.70212713075 -1.64928197566 2.6585
5he5he5he -4.82512258579 -1.50859912111 2.9178
5he5he5he- -4.82485047195 -1.50859912111 2.9174
5he5he5he-5he -4.70212713075 -1.6495540895 2.6584
5he5he5he-5he- -4.70212713075 -1.6495540895 2.6583
5he5he5he5he -4.70212713075 -1.64928197566 2.6585
5he5he5he5he- -4.70212713075 -1.64928197566 2.6584
5hf -5.21751074103 0.237283267246 5.0936
5hf5hf- -4.94675747164 -0.723278582959 3.7934
5hf5hf-5hf -4.67736477144 -1.1262791779 3.2447
5hf5hf-5hf5hf- -4.50974264687 -1.338527972 2.8659
5hg -5.44717482079 -0.419327425259 4.5251
5hh -5.1573735827 0.352387420967 5.1026
5hi -5.30295448634 0.186670093269 5.0814
5hi5hi -4.97505731085 -0.4576954765 4.0526
5hi5hi- -4.97532942469 -0.458239704177 4.0524
5hi5hi-5hi -4.83029274872 -0.716203623155 3.6435
5hi5hi-5hi- -4.83029274872 -0.716203623155 3.6433
5hi5hi-5hi-5hi -4.75927103685 -0.832940459908 3.4362
5hi5hi-5hi-5hi- -4.75954315069 -0.832940459908 3.4364
5hi5hi-5hi5hi -4.75954315069 -0.83266834607 3.4363
5hi5hi-5hi5hi- -4.75954315069 -0.83266834607 3.4363
5hi5hi5hi -4.83002063488 -0.716203623155 3.6433
5hi5hi5hi- -4.83029274872 -0.716203623155 3.6433
5hi5hi5hi-5hi -4.75954315069 -0.832940459908 3.4363
5hi5hi5hi-5hi- -4.75927103685 -0.832940459908 3.4361
5hi5hi5hi5hi -4.75954315069 -0.832940459908 3.4362
5hi5hi5hi5hi- -4.75954315069 -0.832940459908 3.4363
5hl -5.16825813624 0.305855954569 5.1088
5hl5hl -4.81423803224 -0.723822810636 3.8234
5hl5hl- -4.81451014608 -0.724094924474 3.8233
5hl5hl-5hl -4.51300801293 -1.05035941694 3.1711
5hl5hl-5hl- -4.41368646185 -0.942602336858 3.1822
5hl5hl-5hl-5hl -4.32742637502 -1.21471617544 2.8124
5hl5hl-5hl-5hl- -4.32742637502 -1.21471617544 2.8123
5hl5hl-5hl5hl -4.32742637502 -1.21498828928 2.8123
5hl5hl-5hl5hl- -4.32742637502 -1.21471617544 2.8125
5hl5hl5hl -4.51300801293 -1.05035941694 3.1712
5hl5hl5hl- -4.51328012677 -1.05063153078 3.1711
5hl5hl5hl-5hl -4.32742637502 -1.21471617544 2.8124
5hl5hl5hl-5hl- -4.32742637502 -1.21471617544 2.8124
5hl5hl5hl5hl -4.32334466744 -1.22886609505 2.8049
5hl5hl5hl5hl- -4.25531620779 -1.13008877164 2.8252
5ia -6.17671202204 -0.0870764283472 5.7813
5ia5ia -5.51166580054 -0.921921685126 4.2587
5ia5ia- -5.51166580054 -0.921921685126 4.2589
5ia5ia-5ia -5.21914342406 -1.29308496096 3.5917
5ia5ia-5ia- -5.21914342406 -1.29308496096 3.5918
5ia5ia-5ia-5ia -5.05886837313 -1.49472131535 3.2144
5ia5ia-5ia-5ia- -5.05886837313 -1.49472131535 3.2144
5ia5ia-5ia5ia -5.05886837313 -1.49472131535 3.2145
5ia5ia-5ia5ia- -5.05886837313 -1.49472131535 3.2146
5ia5ia5ia -5.21914342406 -1.29308496096 3.5917
5ia5ia5ia- -5.21914342406 -1.29308496096 3.5918
5ia5ia5ia-5ia -5.05886837313 -1.49472131535 3.2145
5ia5ia5ia-5ia- -5.05859625929 -1.49499342919 3.2142
5ia5ia5ia5ia -5.05886837313 -1.49472131535 3.2145
5ia5ia5ia5ia- -5.05886837313 -1.49444920151 3.2148
5id -6.94080768079 -1.27458121993 5.2180
5id5id -6.58597123527 -2.0620786688 4.0868
5id5id- -6.58542700759 -2.06262289647 4.0859
5id5id-5id -6.51576586492 -2.41528243128 3.6395
5id5id-5id- -6.51631009259 -2.41501031744 3.6401
5id5id-5id-5id -6.51168415734 -2.60385732142 3.4176
5id5id-5id-5id- -6.51168415734 -2.60385732142 3.4175
5id5id-5id5id -6.51168415734 -2.60385732142 3.4177
5id5id-5id5id- -6.51168415734 -2.60412943526 3.4174
5id5id5id -6.51631009259 -2.41501031744 3.6399
5id5id5id- -6.51603797875 -2.41528243128 3.6398
5id5id5id-5id -6.5114120435 -2.60385732142 3.4174
5id5id5id-5id- -6.51168415734 -2.60385732142 3.4175
5id5id5id5id -6.5114120435 -2.60412943526 3.4172
5id5id5id5id- -6.51168415734 -2.60385732142 3.4175
5ie -6.12310559584 -0.663685652309 5.1595
5ie5ie -5.76718069497 -1.27049951235 4.0716
5ie5ie- -5.76690858113 -1.27131585387 4.0709
5ie5ie-5ie -5.62595361274 -1.50723855192 3.6602
5ie5ie-5ie- -5.62622572658 -1.50751066576 3.6602
5ie5ie-5ie-5ie -5.55955783613 -1.62098213645 3.4552
5ie5ie-5ie-5ie- -5.55955783613 -1.62071002261 3.4552
5ie5ie-5ie5ie -5.55982994997 -1.62043790877 3.4556
5ie5ie-5ie5ie- -5.55982994997 -1.62043790877 3.4554
5ie5ie5ie -5.62622572658 -1.50587798273 3.6616
5ie5ie5ie- -5.62622572658 -1.50723855192 3.6603
5ie5ie5ie-5ie -5.55955783613 -1.62071002261 3.4554
5ie5ie5ie-5ie- -5.55982994997 -1.62043790877 3.4556
5ie5ie5ie5ie -5.55955783613 -1.62071002261 3.4553
5ie5ie5ie5ie- -5.55955783613 -1.62071002261 3.4552
5if -5.76364321507 0.0372795958861 5.4182
5if5if -5.44445368241 -0.754843788235 4.2110
5if5if- -5.44527002392 -0.755115902073 4.2110
5if5if-5if -5.32336302424 -1.08056405302 3.7554
5if5if-5if- -5.32390725191 -1.08056405302 3.7555
5if5if-5if-5if -5.28036903774 -1.24356024233 3.5273
5if5if-5if5if -5.28118537926 -1.24301601466 3.5282
5if5if-5if5if- -5.28091326542 -1.24247178698 3.5285
5if5if5if- -5.32390725191 -1.08001982534 3.7558
5if5if5if-5if -5.28091326542 -1.24247178698 3.5285
5ig -5.81752175511 -0.25769180514 4.9872
5ig5ig -5.6961589831 -0.926547620382 4.2067
5ig5ig- -5.69779166613 -0.924098595834 4.2087
5ig5ig-5ig -5.67874369743 -1.19294706836 3.9221
5ig5ig-5ig- -5.67928792511 -1.19213072684 3.9231
5ig5ig-5ig-5ig -5.69534264158 -1.30179260379 3.8156
5ig5ig-5ig5ig -5.69534264158 -1.30233683147 3.8153
5ig5ig-5ig5ig- -5.69561475542 -1.30206471763 3.8156
5ig5ig5ig- -5.67956003894 -1.19213072684 3.9231
5ig5ig5ig-5ig -5.69561475542 -1.30206471763 3.8158
5ih -5.30295448634 0.186670093269 5.0814
5ih5ih -4.97505731085 -0.458239704177 4.0523
5ih5ih- -4.97532942469 -0.458239704177 4.0524
5ih5ih-5ih -4.83002063488 -0.716203623155 3.6430
5ih5ih-5ih- -4.83029274872 -0.716475736994 3.6430
5ih5ih-5ih-5ih -4.75927103685 -0.832940459908 3.4362
5ih5ih-5ih-5ih- -4.75927103685 -0.832940459908 3.4361
5ih5ih-5ih5ih -4.75927103685 -0.832940459908 3.4361
5ih5ih-5ih5ih- -4.75954315069 -0.83266834607 3.4363
5ih5ih5ih -4.83002063488 -0.716203623155 3.6432
5ih5ih5ih- -4.83002063488 -0.716203623155 3.6432
5ih5ih5ih-5ih -4.75927103685 -0.832940459908 3.4360
5ih5ih5ih-5ih- -4.75954315069 -0.83266834607 3.4365
5ih5ih5ih5ih -4.75954315069 -0.833212573747 3.4361
5ih5ih5ih5ih- -4.75954315069 -0.832940459908 3.4364
5ii -6.06378477903 0.040000734272 5.7920
5il -5.70649930896 0.106940738564 5.4022
5il5il -5.42894319361 -0.739333299435 4.2646
5il5il- -5.54758482723 -0.860151843767 4.2922
5il5il-5il -5.32363513808 -1.16355877379 3.7426
5il5il-5il- -5.32390725191 -1.16355877379 3.7430
5il5il-5il-5il -5.21315691961 -1.30260894531 3.4630
5il5il-5il-5il- -5.21342903345 -1.30260894531 3.4632
5il5il-5il5il -5.21288480577 -1.30260894531 3.4629
5il5il-5il5il- -5.21315691961 -1.30288105914 3.4627
5il5il5il -5.32363513808 -1.16383088763 3.7425
5il5il5il- -5.32363513808 -1.16355877379 3.7427
5il5il5il-5il -5.21288480577 -1.30260894531 3.4628
5il5il5il-5il- -5.21315691961 -1.30260894531 3.4629
5il5il5il5il -5.21315691961 -1.30260894531 3.4628
5il5il5il5il- -5.21315691961 -1.30288105914 3.4629
5la -5.7843238668 -0.0614977275202 5.3277
5la5la -5.01696284199 -0.985052095677 3.7884
5la5la- -5.01696284199 -0.984779981839 3.7885
5la5la-5la -4.58865566006 -1.39403919507 3.0184
5la5la-5la- -4.58865566006 -1.39403919507 3.0186
5la5la-5la-5la -4.33695035937 -1.61635620119 2.5574
5la5la-5la-5la- -4.33695035937 -1.61635620119 2.5575
5la5la-5la5la- -4.33695035937 -1.61635620119 2.5575
5la5la5la -4.58865566006 -1.39403919507 3.0184
5la5la5la- -4.58865566006 -1.39403919507 3.0184
5la5la5la-5la -4.33695035937 -1.61635620119 2.5575
5la5la5la5la -4.33695035937 -1.61635620119 2.5574
5la5la5la5la- -4.33695035937 -1.61635620119 2.5575
5ld -6.48311220429 -1.26315243871 4.6918
5le -5.94187777934 -0.649263618864 4.7707
5lf -5.61996710829 0.140682854548 5.3043
5lg -5.71983288705 -0.186670093269 4.9883
5lg5lg -5.53724450136 -1.15485113095 3.9566
5lg5lg- -5.5375166152 -1.15457901712 3.9569
5lg5lg-5lg- -5.39737798833 -1.55132099377 3.4284
5lg5lg-5lg-5lg -5.17424464069 -1.83404727206 2.9828
5lg5lg-5lg-5lg- -5.04417422585 -1.79186962708 2.9321
5lg5lg5lg -5.39737798833 -1.55104887993 3.4284
5lg5lg5lg5lg -5.23628659589 -1.80357052214 3.0379
5lg5lg5lg5lg- -5.23628659589 -1.80357052214 3.0378
5lh -5.16608122553 0.307216523762 5.1084
5lh5lh -4.70484826913 -0.575792882446 3.8172
5lh5lh- -4.71546070884 -0.615793616718 3.8404
5lh5lh-5lh -4.41287012033 -0.942602336858 3.1819
5lh5lh-5lh- -4.41287012033 -0.94233022302 3.1820
5lh5lh-5lh-5lh -4.27381994881 -1.14940885418 2.8264
5lh5lh-5lh5lh -4.27381994881 -1.14940885418 2.8265
5lh5lh-5lh5lh- -4.29994287732 -1.18641633623 2.8299
5lh5lh5lh- -4.41287012033 -0.94233022302 3.1819
5lh5lh5lh-5lh -4.27381994881 -1.14940885418 2.8265
5li -5.70649930896 0.106940738564 5.4023
5li5li -5.42894319361 -0.739333299435 4.2647
5li5li- -5.42894319361 -0.739333299435 4.2645
5li5li-5li -4.81723128447 -1.28546577348 3.2746
5li5li-5li- -4.81695917063 -1.28546577348 3.2745
5li5li-5li-5li -4.70593672449 -1.38642000759 3.0253
5li5li-5li-5li- -4.70593672449 -1.38669212143 3.0251
5li5li-5li5li -4.83981673307 -1.33335780907 3.1471
5li5li-5li5li- -4.83927250539 -1.33335780907 3.1468
5li5li5li -4.81723128447 -1.28546577348 3.2746
5li5li5li- -4.81723128447 -1.28546577348 3.2745
5li5li5li-5li -4.70593672449 -1.38642000759 3.0253
5li5li5li-5li- -4.70593672449 -1.38669212143 3.0252
5li5li5li5li -4.8414494161 -1.41716887135 3.1304
5li5li5li5li- -4.83736770852 -1.33444626442 3.1441
5ll -5.46921604172 0.121906999686 5.2109
5ll5ll -5.12716894662 -0.939881198472 3.9186
5ll5ll- -5.40064335439 -0.696611426777 4.2160
5ll5ll-5ll -5.20227236607 -0.97307908678 3.7406
5ll5ll-5ll- -5.27166139491 -0.917839977547 3.8207
5ll5ll-5ll-5ll -5.06594333294 -1.07376120706 3.5022
5ll5ll-5ll-5ll- -5.01124845138 -1.10206104627 3.4529
5ll5ll-5ll5ll -5.09968544892 -1.16736836753 3.4690
5ll5ll-5ll5ll- -5.1037671565 -1.10396584314 3.4986
5ll5ll5ll -5.15193130593 -0.958657053335 3.7360
5ll5ll5ll- -5.15193130593 -0.958384939496 3.7361
5ll5ll5ll-5ll -5.06539910526 -1.11049657527 3.4819
5ll5ll5ll-5ll- -5.02077243573 -1.20056625584 3.3916
5ll5ll5ll5ll -5.06648756061 -1.14968096802 3.4785
5ll5ll5ll5ll- -5.06621544677 -1.11022446143 3.4823
6ag -6.30351707082 -0.817429971109 4.8138
6dg -6.84311881273 -1.89608922726 4.5945
6eg -6.17480722517 -1.28682634267 4.5188
6fg -5.90106070355 -0.823144361719 4.4844
6ga -6.26705381645 -0.788585904219 4.7753
6ga6ga -5.93561916105 -1.59975725704 3.7073
6ga6ga- -5.93616338873 -1.59975725704 3.7077
6ga6ga-6ga -5.80718142924 -2.02452695907 3.2727
6ga6ga-6ga- -5.80745354308 -2.02507118675 3.2727
6ga6ga-6ga-6ga -5.74758849859 -2.26643616157 3.0451
6ga6ga-6ga-6ga- -5.74758849859 -2.26643616157 3.0450
6ga6ga-6ga6ga -5.74105776646 -2.26344290935 3.0451
6ga6ga-6ga6ga- -5.74105776646 -2.26317079551 3.0452
6ga6ga6ga -5.69697532461 -2.18725103455 3.0787
6ga6ga6ga- -5.80745354308 -2.02452695907 3.2730
6ga6ga6ga-6ga -5.74105776646 -2.26317079551 3.0452
6ga6ga6ga-6ga- -5.74105776646 -2.26344290935 3.0452
6ga6ga6ga6ga- -5.7413298803 -2.26317079551 3.0454
6gd -6.83604385293 -1.84547605328 4.6055
6gd6gd -6.70733400728 -2.50045406276 3.5755
6gd6gd- -6.70706189344 -2.50099829043 3.5750
6gd6gd-6gd -6.61672009903 -2.95189092097 3.1381
6gd6gd-6gd- -6.61699221287 -2.95189092097 3.1383
6gd6gd-6gd-6gd -6.57263765718 -3.21012695379 2.9358
6gd6gd-6gd-6gd- -6.57236554334 -3.21012695379 2.9356
6gd6gd-6gd6gd -6.55358968848 -3.2144807752 2.9178
6gd6gd-6gd6gd- -6.55386180232 -3.21475288904 2.9175
6gd6gd6gd -6.48637757035 -3.2455017528 2.8182
6gd6gd6gd- -6.61699221287 -2.95216303481 3.1382
6gd6gd6gd-6gd -6.55358968848 -3.21475288904 2.9176
6gd6gd6gd-6gd- -6.55386180232 -3.21475288904 2.9177
6gd6gd6gd6gd -6.55386180232 -3.21475288904 2.9178
6gd6gd6gd6gd- -6.55386180232 -3.21475288904 2.9178
6ge -6.17453511133 -1.23784585172 4.5227
6ge6ge -5.94051721015 -1.76411401555 3.5690
6ge6ge- -5.94051721015 -1.76411401555 3.5691
6ge6ge-6ge -5.81153525066 -2.14752241411 3.1566
6ge6ge-6ge- -5.81153525066 -2.14725030027 3.1568
6ge6ge-6ge-6ge -5.76337110123 -2.35541738679 2.9867
6ge6ge-6ge-6ge- -5.76309898739 -2.35514527295 2.9867
6ge6ge-6ge6ge -5.73806451424 -2.36330868811 2.9589
6ge6ge-6ge6ge- -5.73833662808 -2.36385291579 2.9587
6ge6ge6ge -5.83820240684 -2.13037924228 3.1962
6ge6ge6ge- -5.8118073645 -2.14752241411 3.1567
6ge6ge6ge-6ge -5.73806451424 -2.36385291579 2.9586
6ge6ge6ge-6ge- -5.73806451424 -2.36385291579 2.9585
6ge6ge6ge6ge -5.77017394719 -2.34099535335 3.0092
6ge6ge6ge6ge- -5.73833662808 -2.36385291579 2.9587
6gf -5.87276086434 -0.835661598294 4.4416
6gf6gf -5.82160346269 -1.62315904716 3.5853
6gf6gf- -5.82160346269 -1.62288693332 3.5856
6gf6gf-6gf -5.80037858328 -2.02316638988 3.2274
6gf6gf-6gf- -5.83629760997 -2.01228183634 3.2694
6gf6gf-6gf-6gf -5.82405248723 -2.24929298974 3.0589
6gf6gf-6gf-6gf- -5.82405248723 -2.2490208759 3.0592
6gf6gf-6gf6gf -5.79466419267 -2.253918925 3.0373
6gf6gf-6gf6gf- -5.79466419267 -2.253918925 3.0374
6gf6gf6gf -5.80010646944 -2.02316638988 3.2273
6gf6gf6gf- -5.80037858328 -2.02343850372 3.2273
6gf6gf6gf-6gf -5.79466419267 -2.253918925 3.0375
6gf6gf6gf-6gf- -5.79466419267 -2.253918925 3.0373
6gf6gf6gf6gf -5.84963118806 -2.23568729781 3.0966
6gf6gf6gf6gf- -5.81126313682 -2.24439494065 3.0631
6gg -5.94949696682 -0.977705022036 4.3369
6gh -5.44771904847 -0.619875324296 4.2545
6gh6gh -5.32227456888 -1.27267642306 3.4401
6gh6gh- -5.32254668272 -1.27322065074 3.4400
6gh6gh-6gh -5.28390651764 -1.59404286643 3.1636
6gh6gh-6gh- -5.28390651764 -1.59377075259 3.1640
6gh6gh-6gh-6gh -5.26023261368 -1.77690336596 3.0233
6gh6gh-6gh-6gh- -5.26023261368 -1.77635913828 3.0238
6gh6gh-6gh6gh -5.25996049985 -1.77663125212 3.0235
6gh6gh-6gh6gh- -5.26023261368 -1.77663125212 3.0237
6gh6gh6gh -5.28390651764 -1.59377075259 3.1639
6gh6gh6gh- -5.28390651764 -1.59404286643 3.1638
6gh6gh6gh-6gh -5.25996049985 -1.77663125212 3.0236
6gh6gh6gh-6gh- -5.26023261368 -1.77635913828 3.0239
6gh6gh6gh6gh -5.26023261368 -1.77663125212 3.0239
6gh6gh6gh6gh- -5.25996049985 -1.77663125212 3.0234
6gi -6.09208461824 -0.742598665498 4.6866
6gi6gi -5.87820314111 -1.34859618403 3.8346
6gi6gi- -5.87793102727 -1.3491404117 3.8340
6gi6gi-6gi -5.81779386895 -1.67159531043 3.5688
6gi6gi-6gi- -5.81779386895 -1.67159531043 3.5688
6gi6gi-6gi-6gi -5.77969793154 -1.85772117602 3.4357
6gi6gi-6gi-6gi- -5.7794258177 -1.85744906218 3.4357
6gi6gi-6gi6gi -5.77969793154 -1.85772117602 3.4356
6gi6gi-6gi6gi- -5.7794258177 -1.85772117602 3.4357
6gi6gi6gi -5.81833809662 -1.67159531043 3.5691
6gi6gi6gi- -5.81833809662 -1.67159531043 3.5691
6gi6gi6gi-6gi -5.77969793154 -1.85799328986 3.4356
6gi6gi6gi-6gi- -5.77969793154 -1.85799328986 3.4354
6gi6gi6gi6gi -5.77969793154 -1.85772117602 3.4356
6gi6gi6gi6gi- -5.77969793154 -1.85799328986 3.4354
6gl -5.76119419052 -0.74423134853 4.4247
6gl6gl -5.45152864221 -1.45091098733 3.3884
6gl6gl- -5.45180075605 -1.45145521501 3.3879
6gl6gl-6gl -5.26268163823 -1.80438686366 2.9748
6gl6gl-6gl- -5.26268163823 -1.8046589775 2.9747
6gl6gl-6gl-6gl -5.18757821878 -2.00629533189 2.7835
6gl6gl-6gl-6gl- -5.18757821878 -2.00656744573 2.7834
6gl6gl-6gl6gl -5.1538361028 -2.00656744573 2.7563
6gl6gl-6gl6gl- -5.1538361028 -2.00656744573 2.7564
6gl6gl6gl -5.30431505554 -1.79323019627 3.0202
6gl6gl6gl- -5.26295375207 -1.80438686366 2.9749
6gl6gl6gl-6gl -5.1538361028 -2.00656744573 2.7565
6gl6gl6gl-6gl- -5.1538361028 -2.00656744573 2.7563
6gl6gl6gl6gl -4.92716527526 -2.29065429321 2.3282
6gl6gl6gl6gl- -5.15955049341 -2.00656744573 2.7652
6hg -5.42758262441 -0.552118978489 4.2905
6ig -6.10079226107 -0.745319803884 4.7193
6lg -5.77697679316 -0.708312321837 4.4788
