12ag -7.32856990077 1.70697010944 5.3906
12ag12ag -6.83305060071 0.206806517325 4.5465
12ag12ag- -6.67631302968 0.331978883074 4.5324
12ag12ag-12ag -6.33127268236 -0.209255541872 3.8404
12ag12ag-12ag- -6.48909870873 -0.291161807286 3.8815
12ag12ag-12ag-12ag -6.28174796373 -0.552391092327 3.4940
12ag12ag-12ag-12ag- -6.28202007757 -0.552935320005 3.4938
12ag12ag-12ag12ag -6.27331243474 -0.536608489689 3.4998
12ag12ag-12ag12ag- -6.1383439708 -0.500145235319 3.4433
12ag12ag12ag -6.4888265949 -0.290889693447 3.8815
12ag12ag12ag- -6.48909870873 -0.290889693447 3.8815
12ag12ag12ag-12ag -6.28256430525 -0.553479547682 3.4937
12ag12ag12ag-12ag- -6.27548934545 -0.540962311107 3.4985
12ag12ag12ag12ag -6.28147584989 -0.552391092327 3.4940
12ag12ag12ag12ag- -6.28256430525 -0.553479547682 3.4938
12dg -7.99633726066 0.324359695593 5.4712
12dg12dg -7.80803448436 -0.990766486288 4.2445
12dg12dg- -7.52367552303 -1.07675445928 3.9853
12dg12dg-12dg -7.33210738067 -1.62615229938 3.4550
12dg12dg-12dg- -7.6948351275 -1.52819131749 3.7800
12dg12dg-12dg-12dg -7.65728341778 -1.81200605114 3.5117
12dg12dg-12dg-12dg- -7.65755553162 -1.81282239265 3.5118
12dg12dg-12dg12dg -7.65701130394 -1.81200605114 3.5117
12dg12dg-12dg12dg- -7.26217412415 -1.96330134539 3.1352
12dg12dg12dg -7.69429089983 -1.52737497598 3.7801
12dg12dg12dg- -7.69565146902 -1.50887123495 3.7815
12dg12dg12dg-12dg -7.65701130394 -1.81227816498 3.5115
12dg12dg12dg-12dg- -7.65782764546 -1.81227816498 3.5119
12dg12dg12dg12dg -7.65701130394 -1.81200605114 3.5116
12dg12dg12dg12dg- -7.6447661812 -1.84520393944 3.4963
12eg -7.49836893605 0.967908923847 5.4780
12eg12eg -6.96366524323 -0.128165617973 4.2613
12eg12eg- -6.73672230185 -0.26531099262 4.0022
12eg12eg-12eg -6.40692032948 -0.707223866482 3.4499
12eg12eg-12eg- -6.69699368141 -0.551302636973 3.7702
12eg12eg-12eg-12eg -6.59440676427 -0.739061185597 3.5271
12eg12eg-12eg-12eg- -6.55358968848 -0.7806946029 3.4852
12eg12eg-12eg12eg -6.55331757464 -0.780422489062 3.4853
12eg12eg-12eg12eg- -6.23412804198 -0.953486890402 3.1184
12eg12eg12eg -6.69699368141 -0.55184686465 3.7699
12eg12eg12eg- -6.72257238224 -0.530077757563 3.7915
12eg12eg12eg-12eg -6.59467887811 -0.738789071758 3.5273
12eg12eg12eg-12eg- -6.59440676427 -0.738789071758 3.5272
12eg12eg12eg12eg -6.55331757464 -0.7806946029 3.4852
12eg12eg12eg12eg- -6.55331757464 -0.780422489062 3.4852
12fg -7.35061112169 1.32165691401 5.1016
12fg12fg -6.75658661206 0.410347668586 4.5922
12fg12fg- -6.39249829604 0.460960842563 4.4020
12fg12fg-12fg -5.96146997572 -0.0677563458076 3.6723
12fg12fg-12fg- -6.40066171119 -0.043266100335 3.9829
12fg12fg-12fg-12fg -6.20093015367 -0.283814733644 3.6496
12fg12fg-12fg-12fg- -6.15548714263 -0.31537993892 3.5989
12fg12fg-12fg12fg -6.12582673422 -0.342591322778 3.5702
12fg12fg-12fg12fg- -5.72064922857 -0.345312461164 3.2621
12fg12fg12fg -6.40093382503 -0.0429939864964 3.9832
12fg12fg12fg- -6.40066171119 -0.043266100335 3.9828
12fg12fg12fg-12fg -6.20093015367 -0.284086847483 3.6494
12fg12fg12fg-12fg- -6.20147438135 -0.283814733644 3.6501
12fg12fg12fg12fg -6.20093015367 -0.283814733644 3.6495
12fg12fg12fg12fg- -6.20093015367 -0.283814733644 3.6498
12ga -7.29673258165 1.69907880812 5.3019
12ga12ga -6.59277408124 0.390755472208 4.5257
12ga12ga- -6.5925019674 0.390483358369 4.5257
12ga12ga-12ga -6.19739267377 -0.127077162619 3.8147
12ga12ga-12ga- -6.19739267377 -0.127077162619 3.8147
12ga12ga-12ga-12ga -6.32229292568 -0.565452556579 3.5099
12ga12ga-12ga-12ga- -6.32637463326 -0.57116694719 3.5085
12ga12ga-12ga12ga -5.96745648017 -0.39810254585 3.4086
12ga12ga-12ga12ga- -5.96636802481 -0.398646773527 3.4075
12ga12ga12ga -6.56311367283 -0.317012621951 3.9075
12ga12ga12ga- -6.56311367283 -0.317012621951 3.9075
12ga12ga12ga-12ga -6.31494585204 -0.551302636973 3.5157
12ga12ga12ga-12ga- -6.31494585204 -0.551302636973 3.5157
12ga12ga12ga12ga -6.32202081184 -0.564364101225 3.5100
12ga12ga12ga12ga- -6.32229292568 -0.564636215064 3.5099
12gd -7.95307116032 0.235378470376 5.4051
12gd12gd -7.74000602471 -0.89035647985 4.2891
12gd12gd- -7.452925925 -1.01389616257 4.0069
12gd12gd-12gd -7.21237729169 -1.5649266857 3.4378
12gd12gd-12gd- -7.49700836685 -1.42968610793 3.7278
12gd12gd-12gd-12gd -7.39986372648 -1.7306440134 3.4182
12gd12gd-12gd-12gd- -7.38925128677 -1.74479393301 3.4089
12gd12gd-12gd12gd -7.38952340061 -1.74452181917 3.4092
12gd12gd-12gd12gd- -7.1038038701 -1.89173540584 3.1043
12gd12gd12gd- -7.51796113242 -1.40682854548 3.7484
12gd12gd12gd-12gd -7.41319730457 -1.70941913399 3.4354
12gd12gd12gd-12gd- -7.10842980535 -1.88683735675 3.1110
12gd12gd12gd12gd -7.38952340061 -1.74479393301 3.4090
12gd12gd12gd12gd- -7.38952340061 -1.74479393301 3.4089
12ge -7.46027299864 0.873213308019 5.4509
12ge12ge -6.89237141752 -0.0593208168115 4.2938
12ge12ge- -6.68665335555 -0.20952765571 4.0270
12ge12ge-12ge -6.31929967346 -0.640828089867 3.4508
12ge12ge-12ge- -6.57318188486 -0.475654989846 3.7592
12ge12ge-12ge-12ge -6.4232471598 -0.670488498273 3.4845
12ge12ge-12ge-12ge- -6.39712423129 -0.695522971423 3.4558
12ge12ge-12ge12ge -6.39685211745 -0.695795085262 3.4553
12ge12ge-12ge12ge- -6.11902388826 -0.872396966503 3.1136
12ge12ge12ge -6.57290977102 -0.475927103685 3.7591
12ge12ge12ge- -6.60338652094 -0.445450353764 3.7918
12ge12ge12ge-12ge -6.44855374679 -0.641916545222 3.5144
12ge12ge12ge-12ge- -6.44882586062 -0.641916545222 3.5147
12ge12ge12ge12ge -6.39739634513 -0.695522971423 3.4558
12ge12ge12ge12ge- -6.39739634513 -0.695795085262 3.4558
12gf -7.237139651 1.79350231011 5.4765
12gf12gf -6.64583627976 0.285719530514 4.4008
12gf12gf- -6.44474415305 0.495247186225 4.4642
12gf12gf-12gf -6.04745794871 -0.0307488637601 3.7469
12gf12gf-12gf- -6.25290389684 -0.207894972679 3.7324
12gf12gf-12gf-12gf -6.03875030588 -0.481369380457 3.3422
12gf12gf-12gf-12gf- -6.03875030588 -0.481369380457 3.3421
12gf12gf-12gf12gf -6.03521282597 -0.482457835811 3.3391
12gf12gf-12gf12gf- -5.82677362562 -0.312386686695 3.3361
12gf12gf12gf -6.25290389684 -0.207894972679 3.7324
12gf12gf12gf- -6.25290389684 -0.207894972679 3.7324
12gf12gf12gf-12gf -6.03548493981 -0.482185721972 3.3392
12gf12gf12gf-12gf- -6.03494071214 -0.482185721972 3.3391
12gf12gf12gf12gf -6.03956664739 -0.482457835811 3.3424
12gf12gf12gf12gf- -6.03929453355 -0.48272994965 3.3421
12gg -7.39714258809 1.17852503491 5.1675
12gg12gg -7.08230687685 0.344768233487 4.7361
12gg12gg- -7.08285110453 0.345040347326 4.7368
12gg12gg-12gg -6.85101011405 -0.167622124568 4.1596
12gg12gg-12gg- -6.91849434602 -0.215786273998 4.1906
12gg12gg-12gg-12gg -6.74434148933 -0.435382141736 3.9109
12gg12gg-12gg-12gg- -6.72121181305 -0.433477344866 3.9013
12gg12gg-12gg12gg- -6.79685946017 -0.392388155239 3.9640
12gg12gg12gg -6.83713230828 -0.176601881242 4.1685
12gg12gg12gg- -6.83686019445 -0.17687399508 4.1682
12gg12gg12gg12gg -6.72175604072 -0.433477344866 3.9014
12gg12gg12gg12gg- -6.72121181305 -0.433477344866 3.9014
12gh -7.02189760468 1.6340436007 5.7165
12gh12gh -6.20637243044 0.64028386219 4.3159
12gh12gh- -6.20691665812 0.640555976029 4.3163
12gh12gh-12gh -5.76473167042 0.191568142364 3.6625
12gh12gh-12gh- -5.76500378426 0.191296028525 3.6627
12gh12gh-12gh-12gh -5.51520328044 -0.0380959374019 3.2917
12gh12gh-12gh-12gh- -5.51520328044 -0.0380959374019 3.2918
12gh12gh-12gh12gh -5.51547539428 -0.0380959374019 3.2918
12gh12gh-12gh12gh- -5.51547539428 -0.0380959374019 3.2918
12gh12gh12gh -5.76500378426 0.191568142364 3.6627
12gh12gh12gh- -5.76473167042 0.191296028525 3.6624
12gh12gh12gh-12gh -5.51547539428 -0.0380959374019 3.2918
12gh12gh12gh-12gh- -5.51520328044 -0.0380959374019 3.2917
12gh12gh12gh12gh -5.51520328044 -0.0380959374019 3.2916
12gh12gh12gh12gh- -5.51520328044 -0.0380959374019 3.2918
12gi -7.69211398912 1.63322725919 5.9587
12gi12gi -6.98216898425 0.654161667958 4.9323
12gi12gi- -6.98216898425 0.654161667958 4.9324
12gi12gi-12gi -6.68964660777 0.262045626557 4.3901
12gi12gi-12gi- -6.68937449393 0.26150139888 4.3895
12gi12gi-12gi-12gi -6.55576659919 0.0802735823825 4.1276
12gi12gi-12gi-12gi- -6.55576659919 0.0802735823825 4.1275
12gi12gi-12gi12gi -6.55576659919 0.0802735823825 4.1276
12gi12gi-12gi12gi- -6.55576659919 0.0802735823825 4.1277
12gi12gi12gi -6.68937449393 0.261773512719 4.3896
12gi12gi12gi- -6.68964660777 0.261773512719 4.3900
12gi12gi12gi-12gi -6.55576659919 0.0802735823825 4.1277
12gi12gi12gi-12gi- -6.55576659919 0.0802735823825 4.1275
12gi12gi12gi12gi -6.55576659919 0.0802735823825 4.1276
12gi12gi12gi12gi- -6.55576659919 0.0802735823825 4.1276
12gl -7.19496200602 1.76765149545 5.3261
12gl12gl -6.62760465257 0.523547025437 4.5780
12gl12gl- -6.55440602999 0.592936054277 4.5913
12gl12gl-12gl -6.25018275846 0.0658515489375 3.9465
12gl12gl-12gl- -6.19984169832 0.0707495980321 3.9097
12gl12gl-12gl-12gl -5.99058615645 -0.163268303151 3.5538
12gl12gl-12gl-12gl- -5.99058615645 -0.163812530828 3.5535
12gl12gl-12gl12gl -6.03956664739 -0.185853751753 3.5754
12gl12gl-12gl12gl- -6.03929453355 -0.185581637915 3.5754
12gl12gl12gl -6.19875324296 0.0704774841935 3.9088
12gl12gl12gl- -6.19956958448 0.0707495980321 3.9094
12gl12gl12gl-12gl -5.99058615645 -0.16354041699 3.5535
12gl12gl12gl-12gl- -5.99058615645 -0.16354041699 3.5536
12gl12gl12gl12gl -5.99058615645 -0.163268303151 3.5537
12gl12gl12gl12gl- -5.99085827029 -0.163268303151 3.5539
12hg -6.97427768293 1.53172879739 5.6002
12hg12hg -6.47032285387 0.712666143254 4.6010
12hg12hg- -6.47032285387 0.712666143254 4.6010
12hg12hg-12hg -6.19467153539 0.273202293939 4.0602
12hg12hg-12hg- -6.19467153539 0.273202293939 4.0601
12hg12hg-12hg-12hg -5.93044899812 -0.0533343123626 3.6230
12hg12hg-12hg-12hg- -5.93072111196 -0.0530621985241 3.6233
12hg12hg-12hg12hg -5.93017688428 -0.0530621985241 3.6229
12hg12hg-12hg12hg- -5.92990477044 -0.0533343123626 3.6226
12hg12hg12hg -6.19439942155 0.272930180101 4.0599
12hg12hg12hg- -6.19467153539 0.272930180101 4.0601
12hg12hg12hg-12hg -6.0643290067 0.0492526047839 3.7898
12hg12hg12hg-12hg- -5.93044899812 -0.0530621985241 3.6233
12hg12hg12hg12hg -5.93017688428 -0.0533343123626 3.6229
12hg12hg12hg12hg- -5.93044899812 -0.0530621985241 3.6231
12ig -7.23822810636 1.84329914257 5.3994
12ig12ig -6.81291417665 0.728176632053 4.8687
12ig12ig- -6.81291417665 0.727632404376 4.8681
12ig12ig-12ig -6.65372758108 0.337693273684 4.4312
12ig12ig-12ig- -6.6531833534 0.336876932168 4.4303
12ig12ig-12ig-12ig -6.46651326013 -0.0206806517325 4.0177
12ig12ig-12ig-12ig- -6.46651326013 -0.0204085378939 4.0181
12ig12ig-12ig12ig -6.63930554763 0.161907733958 4.2567
12ig12ig-12ig12ig- -6.63903343379 0.161363506281 4.2562
12ig12ig12ig -6.65345546724 0.336876932168 4.4304
12ig12ig12ig- -6.65345546724 0.336876932168 4.4304
12ig12ig12ig-12ig -6.63984977531 0.161907733958 4.2572
12ig12ig12ig-12ig- -6.63930554763 0.161363506281 4.2563
12ig12ig12ig12ig -6.63903343379 0.160819278604 4.2559
12ig12ig12ig12ig- -6.63876131996 0.161091392442 4.2559
12lg -7.24720786303 1.85119044389 5.4727
13ag -6.74406937549 2.2955523423 5.1992
13ag13ag -6.60637977316 1.10151681859 5.0431
13ag13ag- -6.44991431598 1.22532861515 4.9967
13ag13ag-13ag -6.24664527856 0.773347529258 4.5097
13ag13ag-13ag- -6.1157585222 0.489260681776 4.1733
13ag13ag-13ag-13ag -5.97099396007 0.109389763111 3.7666
13ag13ag-13ag-13ag- -5.97099396007 0.108573421595 3.7658
13ag13ag-13ag13ag- -6.17970527426 0.520281659374 4.2576
13ag13ag13ag -6.1157585222 0.488988567937 4.1731
13ag13ag13ag- -6.16310633011 0.448715719827 4.1803
13ag13ag13ag-13ag -5.97099396007 0.108845535434 3.7661
13ag13ag13ag-13ag- -6.07847892631 0.280005139904 3.9861
13ag13ag13ag13ag -5.98296696897 0.0949677296661 3.7603
13ag13ag13ag13ag- -5.97072184623 0.108573421595 3.7657
13dg -7.45074901429 1.01580095944 5.3051
13dg13dg -7.47469503209 -0.101770575631 4.7205
13dg13dg- -7.47768828431 -0.100137892599 4.7245
13dg13dg-13dg -7.24230981394 -0.85579802235 3.9779
13dg13dg-13dg- -7.45265381116 -0.685182645557 4.2773
13dg13dg-13dg-13dg -7.20557444573 -1.28601000115 3.6278
13dg13dg-13dg-13dg- -7.48639592715 -1.05552957987 4.0176
13dg13dg-13dg13dg -7.48911706553 -1.05416901068 4.0199
13dg13dg-13dg13dg- -7.30054217539 -1.05825071826 3.8702
13dg13dg13dg -7.45238169732 -0.684910531718 4.2774
13dg13dg13dg- -7.17156021591 -0.843825013452 3.9501
13dg13dg13dg-13dg -7.64177292898 -0.744503462368 4.3725
13dg13dg13dg-13dg- -7.55605706983 -0.915118839161 4.1822
13dg13dg13dg13dg -7.4888449517 -1.05444112452 4.0195
13dg13dg13dg13dg- -7.4888449517 -1.05416901068 4.0197
13eg -6.97155654455 1.62370327484 5.2972
13eg13eg -6.65481603643 0.643821342092 4.6391
13eg13eg- -6.65263912572 0.64218865906 4.6359
13eg13eg-13eg -6.56529058354 0.328713517011 4.3596
13eg13eg-13eg- -6.44447203921 0.141499196064 4.1210
13eg13eg-13eg-13eg -6.43440382718 0.00789130131896 4.0144
13eg13eg-13eg-13eg- -6.36447057066 -0.1537443188 3.8358
13eg13eg-13eg13eg -6.3647426845 -0.153200091123 3.8366
13eg13eg-13eg13eg- -6.53454171978 0.149662611222 4.2022
13eg13eg13eg -6.44392781153 0.141771309903 4.1208
13eg13eg13eg- -6.56556269738 0.329257744688 4.3601
13eg13eg13eg-13eg -6.53454171978 0.149662611222 4.2022
13eg13eg13eg-13eg- -6.4564450481 -0.0302046360829 4.0031
13eg13eg13eg13eg -6.36447057066 -0.1537443188 3.8361
13eg13eg13eg13eg- -6.36392634299 -0.154016432639 3.8352
13fg -6.81998913645 1.71350084157 4.8734
13fg13fg -6.2850133298 1.19240284068 4.8705
13fg13fg- -6.28474121596 1.19049804381 4.8685
13fg13fg-13fg -5.94106143782 0.630215650163 4.1738
13fg13fg-13fg- -5.94133355166 0.630487764001 4.1743
13fg13fg-13fg-13fg -5.95330656056 0.628038739454 4.1853
13fg13fg-13fg-13fg- -5.75439134456 0.299325222443 3.7875
13fg13fg-13fg13fg -5.75928939365 0.302046360829 3.7915
13fg13fg-13fg13fg- -5.95303444672 0.628038739454 4.1852
13fg13fg13fg -5.93589127489 0.622868576521 4.1646
13fg13fg13fg- -6.04636949336 0.822055906365 4.4045
13fg13fg13fg-13fg -5.95303444672 0.628038739454 4.1852
13fg13fg13fg-13fg- -5.846365822 0.416062059196 3.9627
13fg13fg13fg13fg -5.75874516597 0.302318474668 3.7916
13fg13fg13fg13fg- -5.75928939365 0.302862702345 3.7923
13ga -6.71413685324 2.27215055218 5.1519
13ga13ga -6.606651887 1.10178893243 5.0437
13ga13ga- -6.04773006255 1.13036088548 4.7058
13ga13ga-13ga -6.17861681891 0.49034913713 4.2257
13ga13ga-13ga- -6.2145358456 0.463137753272 4.2329
13ga13ga-13ga-13ga -6.11494218068 0.254698552915 3.9859
13ga13ga-13ga-13ga- -6.06106364064 0.103403258662 3.8225
13ga13ga-13ga13ga -6.06051941296 0.101498461792 3.8206
13ga13ga-13ga13ga- -6.25535292139 0.502594259866 4.2992
13ga13ga13ga -6.2145358456 0.46340986711 4.2330
13ga13ga13ga- -6.21426373176 0.462593525594 4.2321
13ga13ga13ga-13ga -6.06051941296 0.102859030985 3.8218
13ga13ga13ga-13ga- -6.11548640836 0.282182050613 4.0140
13ga13ga13ga13ga -6.0607915268 0.102859030985 3.8219
13ga13ga13ga13ga- -6.0607915268 0.102859030985 3.8217
13gd -7.40993193851 0.925187051189 5.3383
13gd13gd -7.27278656386 0.0133335780907 4.6462
13gd13gd- -7.27197022234 0.0119730088977 4.6448
13gd13gd-13gd -7.16312468691 -0.845185582645 3.8866
13gd13gd-13gd- -7.14244403518 -0.615793616718 4.0945
13gd13gd-13gd-13gd -7.10489232545 -1.12546283639 3.7512
13gd13gd-13gd-13gd- -6.96366524323 -1.15648381399 3.5448
13gd13gd-13gd13gd -7.10815769152 -1.00083469832 3.7854
13gd13gd-13gd13gd- -7.05972142825 -1.03620949733 3.6622
13gd13gd13gd -7.14407671821 -0.618242641265 4.0931
13gd13gd13gd- -7.16339680075 -0.845185582645 3.8867
13gd13gd13gd-13gd -7.05972142825 -1.03620949733 3.6620
13gd13gd13gd-13gd- -6.96284890171 -1.15621170015 3.5444
13gd13gd13gd13gd -7.15822663781 -0.988045347902 3.8079
13ge -6.92937889956 1.52465383759 5.3166
13ge13ge -6.53943976887 0.739061185597 4.6502
13ge13ge- -6.53943976887 0.739061185597 4.6502
13ge13ge-13ge -6.41154626474 0.447627264472 4.3474
13ge13ge-13ge- -6.27031918251 0.212793021773 4.0619
13ge13ge-13ge-13ge -6.37236187198 0.301230019313 4.2009
13ge13ge-13ge-13ge- -6.24963853078 0.0846274037999 3.9527
13ge13ge-13ge13ge -6.37208975814 0.300957905475 4.2004
13ge13ge-13ge13ge- -6.14705161363 -0.0851716314771 3.7397
13ge13ge13ge -6.27059129635 0.212793021773 4.0619
13ge13ge13ge- -6.41154626474 0.447627264472 4.3474
13ge13ge13ge-13ge -6.37236187198 0.301230019313 4.2009
13ge13ge13ge-13ge- -6.37236187198 0.300957905475 4.2005
13ge13ge13ge13ge -6.14705161363 -0.0848995176385 3.7399
13ge13ge13ge13ge- -6.14705161363 -0.0848995176385 3.7399
13gf -6.64801319047 2.50671268104 5.2974
13gf13gf -6.200385926 1.03920274956 4.6549
13gf13gf- -6.20093015367 1.04083543259 4.6566
13gf13gf-13gf -5.92282981064 0.613072478332 4.1222
13gf13gf-13gf- -5.88582232859 0.423953360515 3.9219
13gf13gf-13gf-13gf -5.80309972166 0.37116327583 3.8350
13gf13gf-13gf-13gf- -5.76799703648 0.175513425887 3.6378
13gf13gf-13gf13gf -5.80255549398 0.370619048153 3.8341
13gf13gf-13gf13gf- -5.80282760782 0.370074820475 3.8339
13gf13gf13gf -5.88609444243 0.423681246677 3.9215
13gf13gf13gf- -5.88582232859 0.423137019 3.9210
13gf13gf13gf-13gf -5.80282760782 0.370346934314 3.8342
13gf13gf13gf-13gf- -5.80282760782 0.370619048153 3.8344
13gf13gf13gf13gf -5.72445882231 0.0612256136816 3.5108
13gf13gf13gf13gf- -5.72445882231 0.0606813860044 3.5106
13gg -6.88611279923 1.52166058537 4.9043
13gg13gg -6.68855815242 0.48463474652 4.5689
13gg13gg- -6.7067897796 1.10233316011 5.1117
13gg13gg13gg -6.56719538041 0.60191581095 4.5982
13gg13gg13gg- -6.73400116346 0.820151109495 4.8904
13gh -6.45372390972 2.23786420852 5.7938
13gh13gh -5.82269191804 1.21471617544 4.4735
13gh13gh- -5.82269191804 1.21362772009 4.4729
13gh13gh-13gh -5.63438914174 1.00954234115 4.1681
13gh13gh-13gh- -5.76636435345 1.15294633408 4.3527
13gh13gh-13gh-13gh -5.52826474469 0.779878261384 3.9124
13gh13gh-13gh-13gh- -5.52853685853 0.780150375223 3.9126
13gh13gh-13gh13gh- -5.52799263085 0.779606147546 3.9120
13gh13gh13gh -5.63330068638 1.00954234115 4.1674
13gh13gh13gh- -5.76718069497 1.1537626756 4.3536
13gh13gh13gh-13gh- -5.52772051701 0.779606147546 3.9119
13gh13gh13gh13gh -5.52744840318 0.779334033707 3.9114
13gh13gh13gh13gh- -5.52799263085 0.779878261384 3.9121
13gi -7.16639005297 2.27541591825 6.0099
13gi13gi -6.56393001435 1.44410814137 5.2476
13gi13gi- -6.56447424202 1.44383602753 5.2479
13gi13gi-13gi -6.38651179159 1.12355803952 4.8672
13gi13gi-13gi- -6.38760024694 1.12383015336 4.8682
13gi13gi-13gi-13gi -6.33943609751 0.969813720717 4.6997
13gi13gi-13gi-13gi- -6.33998032519 0.969813720717 4.7002
13gi13gi-13gi13gi -6.33998032519 0.969813720717 4.7002
13gi13gi-13gi13gi- -6.33998032519 0.969813720717 4.7003
13gi13gi13gi -6.38678390543 1.12301381184 4.8671
13gi13gi13gi- -6.38678390543 1.12301381184 4.8671
13gi13gi13gi-13gi -6.33998032519 0.969541606878 4.7000
13gi13gi13gi-13gi- -6.33998032519 0.969813720717 4.7001
13gi13gi13gi13gi -6.34025243903 0.970085834555 4.7006
13gi13gi13gi13gi- -6.33943609751 0.970085834555 4.7000
13gl -6.68964660777 2.30779746504 5.1691
13gl13gl -6.35957252157 1.29172439176 4.9726
13gl13gl- -6.35821195238 1.29226861944 4.9720
13gl13gl-13gl -6.05970307145 0.935799490894 4.4850
13gl13gl-13gl- -5.96636802481 0.677291344238 4.1850
13gl13gl-13gl-13gl -5.84527736664 0.516744179473 3.9750
13gl13gl-13gl-13gl- -5.78731711902 0.324631809432 3.7665
13gl13gl-13gl13gl -5.78758923286 0.323815467916 3.7659
13gl13gl-13gl13gl- -5.91820387538 0.710761346384 4.1947
13gl13gl13gl -5.96636802481 0.677835571915 4.1852
13gl13gl13gl- -6.05943095761 0.935527377055 4.4847
13gl13gl13gl-13gl -5.91820387538 0.710489232545 4.1946
13gl13gl13gl-13gl- -5.81997077965 0.520281659374 3.9539
13gl13gl13gl13gl -5.78677289135 0.323815467916 3.7655
13gl13gl13gl13gl- -5.78677289135 0.323815467916 3.7655
13hg -6.4529075682 2.15405314624 5.7467
13hg13hg -5.74024142495 1.20818544332 4.3998
13hg13hg- -5.73996931111 1.20900178483 4.3999
13hg13hg-13hg -5.82051500733 1.03893063572 4.3948
13hg13hg-13hg- -5.82078712117 1.03947486339 4.3953
13hg13hg-13hg-13hg -5.75112597849 0.835661598294 4.1829
13hg13hg-13hg-13hg- -5.75112597849 0.835933712133 4.1831
13hg13hg-13hg13hg -5.75085386465 0.835661598294 4.1828
13hg13hg-13hg13hg- -5.66921971308 0.764912000262 4.0381
13hg13hg13hg -5.82078712117 1.03893063572 4.3949
13hg13hg13hg- -5.82078712117 1.03893063572 4.3949
13hg13hg13hg-13hg -5.75085386465 0.835661598294 4.1827
13hg13hg13hg-13hg- -5.75085386465 0.835661598294 4.1826
13hg13hg13hg13hg -5.75058175081 0.835661598294 4.1827
13hg13hg13hg13hg- -5.75058175081 0.835661598294 4.1826
13ig -7.16666216681 2.27487169057 6.0106
13ig13ig -6.50869090511 1.59894091552 5.2519
13ig13ig- -6.50923513279 1.59894091552 5.2523
13ig13ig-13ig -6.39004927149 1.25771016194 4.9820
13ig13ig-13ig- -6.38977715765 1.25716593426 4.9814
13ig13ig-13ig-13ig -6.39086561301 1.09988413556 4.8572
13ig13ig-13ig-13ig- -6.39032138533 1.09906779404 4.8561
13ig13ig-13ig13ig -6.39032138533 1.09988413556 4.8568
13ig13ig-13ig13ig- -6.39032138533 1.10042836324 4.8570
13ig13ig13ig -6.39004927149 1.25798227578 4.9825
13ig13ig13ig- -6.39086561301 1.25907073113 4.9835
13ig13ig13ig-13ig -6.39004927149 1.09961202172 4.8563
13ig13ig13ig-13ig- -6.39032138533 1.09988413556 4.8566
13ig13ig13ig13ig -6.39059349917 1.09961202172 4.8567
13ig13ig13ig13ig- -6.39059349917 1.1001562494 4.8572
13lg -6.64774107663 2.5233116252 5.2662
4ag -7.36938697656 1.16791259521 5.2632
4ag4ag -7.30108640307 0.488988567937 4.9853
4ag4ag- -7.30108640307 0.488988567937 4.9853
4ag4ag-4ag -7.21564265776 0.192656597718 4.7864
4ag4ag-4ag- -7.1955062337 0.188302776301 4.7840
4ag4ag-4ag-4ag -7.14652574276 0.0345584575003 4.6904
4ag4ag-4ag-4ag- -7.15931509317 0.0331978883074 4.6825
4ag4ag-4ag4ag -7.15931509317 0.0329257744688 4.6823
4ag4ag-4ag4ag- -7.15904297933 0.0326536606302 4.6819
4ag4ag4ag -7.2145542024 0.177418222757 4.7867
4ag4ag4ag- -7.21618688543 0.193472939234 4.7869
4ag4ag4ag-4ag -7.15904297933 0.0329257744688 4.6822
4ag4ag4ag-4ag- -7.15877086549 0.0326536606302 4.6819
4ag4ag4ag4ag -7.15822663781 0.0122451227363 4.6853
4ag4ag4ag4ag- -7.1609477762 0.0296604084058 4.6894
4dg -7.90980505999 -0.266399447975 5.0911
4dg4dg -8.03307262887 -0.685998987073 4.8450
4dg4dg- -8.03307262887 -0.685726873234 4.8453
4dg4dg-4dg -8.07525027385 -0.906683310165 4.7335
4dg4dg-4dg- -8.07525027385 -0.905866968649 4.7341
4dg4dg-4dg-4dg -8.04259661322 -1.03620949733 4.7055
4dg4dg-4dg-4dg- -8.08286946133 -1.03566526965 4.6960
4dg4dg-4dg4dg -8.08286946133 -1.03566526965 4.6960
4dg4dg-4dg4dg- -8.08286946133 -1.03539315582 4.6959
4dg4dg4dg -8.03252840119 -0.914574611484 4.7242
4dg4dg4dg- -8.07525027385 -0.906683310165 4.7338
4dg4dg4dg-4dg -8.08286946133 -1.03566526965 4.6960
4dg4dg4dg-4dg- -8.083413689 -1.03593738349 4.6957
4dg4dg4dg4dg -8.03388897038 -1.04355657097 4.6775
4dg4dg4dg4dg- -8.04259661322 -1.03648161117 4.7053
4eg -7.23877233404 0.321638557207 5.0276
4eg4eg -7.21972436533 0.022313334764 4.7970
4eg4eg- -7.21972436533 0.022313334764 4.7972
4eg4eg-4eg -7.19986005512 -0.125172365749 4.6495
4eg4eg-4eg- -7.19958794128 -0.125444479588 4.6491
4eg4eg-4eg-4eg -7.17428135429 -0.22694294138 4.6083
4eg4eg-4eg-4eg- -7.18162842793 -0.215242046321 4.6167
4eg4eg-4eg4eg -7.18162842793 -0.215514160159 4.6165
4eg4eg-4eg4eg- -7.18135631409 -0.215514160159 4.6163
4eg4eg4eg -7.19006395693 -0.139594399194 4.6395
4eg4eg4eg- -7.19986005512 -0.125172365749 4.6494
4eg4eg4eg-4eg -7.18135631409 -0.215786273998 4.6160
4eg4eg4eg-4eg- -7.18135631409 -0.215514160159 4.6162
4eg4eg4eg4eg -7.16666216681 -0.246535137758 4.5917
4eg4eg4eg4eg- -7.17455346813 -0.228575624411 4.6074
4fg -6.93400483482 1.06831893028 4.9310
4fg4fg -6.87169076578 0.585861094473 4.7189
4fg4fg- -6.87169076578 0.585588980635 4.7188
4fg4fg-4fg -6.79604311866 0.349394168743 4.5100
4fg4fg-4fg- -6.79604311866 0.349394168743 4.5097
4fg4fg-4fg-4fg -6.74542994468 0.193472939234 4.4045
4fg4fg-4fg-4fg- -6.74842319691 0.229936193604 4.4172
4fg4fg-4fg4fg -6.74842319691 0.229936193604 4.4174
4fg4fg-4fg4fg- -6.74842319691 0.230208307443 4.4175
4fg4fg4fg -6.79577100482 0.309121320632 4.4976
4fg4fg4fg- -6.79577100482 0.349122054904 4.5095
4fg4fg4fg-4fg -6.74842319691 0.229664079766 4.4172
4fg4fg4fg-4fg- -6.74842319691 0.229936193604 4.4174
4fg4fg4fg4fg -6.74434148933 0.157281798702 4.3842
4fg4fg4fg4fg- -6.74162035094 0.192928711557 4.3947
4ga -7.36938697656 1.16791259521 5.2633
4ga4ga -7.30108640307 0.488988567937 4.9853
4ga4ga- -7.30108640307 0.489260681776 4.9855
4ga4ga-4ga -7.21591477159 0.193200825395 4.7868
4ga4ga-4ga- -7.21618688543 0.192928711557 4.7866
4ga4ga-4ga-4ga -7.1609477762 0.0299325222443 4.6896
4ga4ga-4ga-4ga- -7.1609477762 0.0299325222443 4.6895
4ga4ga-4ga4ga -7.15931509317 0.0329257744688 4.6823
4ga4ga-4ga4ga- -7.15904297933 0.0326536606302 4.6820
4ga4ga4ga -7.2145542024 0.176329767403 4.7862
4ga4ga4ga- -7.21618688543 0.193472939234 4.7870
4ga4ga4ga-4ga -7.15931509317 0.0329257744688 4.6823
4ga4ga4ga-4ga- -7.15904297933 0.0326536606302 4.6821
4ga4ga4ga4ga -7.15822663781 0.0122451227363 4.6853
4ga4ga4ga4ga- -7.15877086549 0.0231296762797 4.6876
4gd -7.91007717382 -0.266399447975 5.0911
4gd4gd -8.03307262887 -0.68463841788 4.8462
4gd4gd- -8.03307262887 -0.685182645557 4.8458
4gd4gd-4gd -8.07552238768 -0.906139082488 4.7341
4gd4gd-4gd- -8.07552238768 -0.906411196326 4.7339
4gd4gd-4gd-4gd -8.04259661322 -1.03620949733 4.7055
4gd4gd-4gd-4gd- -8.04259661322 -1.03648161117 4.7054
4gd4gd-4gd4gd -8.08314157516 -1.03512104198 4.6962
4gd4gd-4gd4gd- -8.08314157516 -1.03539315582 4.6960
4gd4gd4gd -8.03252840119 -0.914846725322 4.7240
4gd4gd4gd- -8.07470604617 -0.905866968649 4.7340
4gd4gd4gd-4gd -8.08286946133 -1.03539315582 4.6958
4gd4gd4gd-4gd- -8.08314157516 -1.03512104198 4.6959
4gd4gd4gd4gd -8.03388897038 -1.04382868481 4.6774
4gd4gd4gd4gd- -8.08178100597 -1.02940665137 4.6820
4ge -7.23877233404 0.322454898723 5.0273
4ge4ge -7.21972436533 0.0225854486025 4.7975
4ge4ge- -7.2194522515 0.022313334764 4.7969
4ge4ge-4ge -7.19958794128 -0.124628138072 4.6494
4ge4ge-4ge- -7.19986005512 -0.125172365749 4.6495
4ge4ge-4ge-4ge -7.17455346813 -0.227487169057 4.6083
4ge4ge-4ge-4ge- -7.17455346813 -0.228031396734 4.6077
4ge4ge-4ge4ge -7.18162842793 -0.215242046321 4.6167
4ge4ge-4ge4ge- -7.18162842793 -0.214969932482 4.6169
4ge4ge4ge -7.19006395693 -0.141771309903 4.6380
4ge4ge4ge- -7.19958794128 -0.125716593426 4.6490
4ge4ge4ge-4ge -7.18135631409 -0.215514160159 4.6163
4ge4ge4ge-4ge- -7.18162842793 -0.215242046321 4.6167
4ge4ge4ge4ge -7.16639005297 -0.246535137758 4.5916
4ge4ge4ge4ge- -7.17428135429 -0.22694294138 4.6084
4gf -6.93427694866 1.06859104412 4.9316
4gf4gf -6.87169076578 0.585861094473 4.7189
4gf4gf- -6.8725071073 0.585588980635 4.7191
4gf4gf-4gf -6.79604311866 0.349394168743 4.5101
4gf4gf-4gf- -6.79604311866 0.349394168743 4.5099
4gf4gf-4gf-4gf -6.74162035094 0.187758548624 4.3907
4gf4gf-4gf-4gf- -6.7413482371 0.188030662462 4.3909
4gf4gf-4gf4gf -6.74842319691 0.229936193604 4.4172
4gf4gf-4gf4gf- -6.74815108307 0.230208307443 4.4174
4gf4gf4gf -6.79577100482 0.309393434471 4.4977
4gf4gf4gf- -6.7963152325 0.349122054904 4.5099
4gf4gf4gf-4gf -6.74842319691 0.230208307443 4.4176
4gf4gf4gf-4gf- -6.74815108307 0.230208307443 4.4174
4gf4gf4gf4gf -6.74434148933 0.157826026379 4.3844
4gf4gf4gf4gf- -6.74597417236 0.193200825395 4.4045
4gg -7.03631963813 0.931717783315 4.9095
4gg4gg -7.08040207998 0.445178239925 4.7348
4gg4gg- -7.0798578523 0.445994581441 4.7350
4gg4gg-4gg -7.0727828925 0.251705300691 4.6015
4gg4gg-4gg- -7.07251077866 0.251705300691 4.6015
4gg4gg-4gg-4gg -7.06815695724 0.111838787658 4.5598
4gg4gg-4gg-4gg- -7.06815695724 0.111838787658 4.5597
4gg4gg-4gg4gg -7.07087809563 0.152383749608 4.5687
4gg4gg-4gg4gg- -7.07087809563 0.152111635769 4.5685
4gg4gg4gg -7.0847559014 0.194017166911 4.5868
4gg4gg4gg- -7.0727828925 0.251433186852 4.6014
4gg4gg4gg-4gg -7.07087809563 0.152383749608 4.5687
4gg4gg4gg-4gg- -7.07087809563 0.152111635769 4.5686
4gg4gg4gg4gg -7.07740882775 0.0756476471266 4.5492
4gg4gg4gg4gg- -7.06815695724 0.11156667382 4.5597
4gh -6.52093602785 1.26832260164 4.7524
4gh4gh -6.65155067037 0.939336970795 4.6658
4gh4gh- -6.65127855653 0.940425426149 4.6657
4gh4gh-4gh -6.55576659919 0.643277114415 4.4541
4gh4gh-4gh- -6.53182058139 0.778517692191 4.5159
4gh4gh-4gh-4gh- -6.49644578238 0.456062793468 4.3425
4gh4gh-4gh4gh -6.49644578238 0.456334907307 4.3425
4gh4gh-4gh4gh- -6.49644578238 0.456607021145 4.3426
4gh4gh4gh -6.50596976673 0.757837040459 4.4752
4gh4gh4gh- -6.55522237151 0.64409345593 4.4544
4gh4gh4gh-4gh -6.49644578238 0.45579067963 4.3421
4gh4gh4gh-4gh- -6.49644578238 0.456062793468 4.3429
4gh4gh4gh4gh -6.4959015547 0.456334907307 4.3423
4gi -7.17400924045 1.20872967099 5.1660
4gi4gi -7.13999501063 0.947772499791 5.0677
4gi4gi- -7.13999501063 0.941785995342 5.0676
4gi4gi-4gi -7.11604899283 0.816613629593 5.0201
4gi4gi-4gi- -7.115776879 0.814164605046 5.0202
4gi4gi-4gi-4gi -7.08393955988 0.749129397624 5.0090
4gi4gi-4gi-4gi- -7.0833953322 0.745864031561 5.0084
4gi4gi-4gi4gi -7.08530012907 0.746680373077 5.0085
4gi4gi-4gi4gi- -7.08448378756 0.747768828431 5.0085
4gi4gi4gi -7.115776879 0.813620377369 5.0201
4gi4gi4gi- -7.115776879 0.81334826353 5.0201
4gi4gi4gi-4gi -7.0833953322 0.748857283786 5.0091
4gi4gi4gi-4gi- -7.0847559014 0.749401511463 5.0087
4gi4gi4gi4gi -7.08502801524 0.747768828431 5.0085
4gi4gi4gi4gi- -7.0847559014 0.748857283786 5.0087
4gl -6.86298312295 1.14097332519 4.9428
4hg -6.52066391401 1.26832260164 4.7521
4hg4hg -6.65155067037 0.939881198472 4.6659
4hg4hg- -6.65073432885 0.940153312311 4.6657
4hg4hg-4hg -6.50596976673 0.758109154298 4.4754
4hg4hg-4hg- -6.55631082686 0.64218865906 4.4538
4hg4hg-4hg-4hg -6.49644578238 0.456334907307 4.3426
4hg4hg-4hg-4hg- -6.49644578238 0.456607021145 4.3426
4hg4hg-4hg4hg -6.48420065964 0.56735735345 4.3741
4hg4hg-4hg4hg- -6.48447277348 0.566541011934 4.3737
4hg4hg4hg -6.55576659919 0.643549228253 4.4543
4hg4hg4hg- -6.55576659919 0.643277114415 4.4540
4hg4hg4hg-4hg- -6.49644578238 0.456334907307 4.3427
4hg4hg4hg4hg -6.49671789621 0.456879134984 4.3426
4ig -7.17400924045 1.20900178483 5.1661
4ig4ig -7.14026712447 0.948316727468 5.0679
4ig4ig- -7.13972289679 0.948860955146 5.0681
4ig4ig-4ig -7.115776879 0.813892491207 5.0201
4ig4ig-4ig- -7.11604899283 0.812804035853 5.0201
4ig4ig-4ig-4ig -7.08448378756 0.747496714593 5.0084
4ig4ig-4ig-4ig- -7.08366744604 0.749401511463 5.0092
4ig4ig-4ig4ig -7.08393955988 0.748857283786 5.0091
4ig4ig-4ig4ig- -7.08393955988 0.749129397624 5.0092
4ig4ig4ig -7.115776879 0.813620377369 5.0201
4ig4ig4ig- -7.115776879 0.81334826353 5.0201
4ig4ig4ig-4ig -7.0847559014 0.746408259238 5.0084
4ig4ig4ig-4ig- -7.08530012907 0.747768828431 5.0085
4ig4ig4ig4ig -7.08393955988 0.748585169947 5.0090
4ig4ig4ig4ig- -7.08393955988 0.746952486916 5.0085
4lg -6.86243889527 1.14097332519 4.9424
5aa -7.85891977217 1.09770722485 6.1199
5aa5aa -6.96937963384 0.0582323614572 4.4646
5aa5aa- -6.82515929939 -0.0889812252173 4.2387
5aa5aa-5aa -6.37562723804 -0.60572540469 3.5256
5aa5aa-5aa- -6.55114066393 -0.43266100335 3.7865
5aa5aa-5aa-5aa- -6.31521796588 -0.708584435675 3.4034
5aa5aa-5aa5aa -6.31521796588 -0.708584435675 3.4036
5aa5aa-5aa5aa- -6.13018055564 -0.89035647985 3.1335
5aa5aa5aa -6.55086855009 -0.432933117189 3.7860
5aa5aa5aa- -6.55114066393 -0.43266100335 3.7865
5aa5aa5aa-5aa -6.31521796588 -0.708584435675 3.4036
5aa5aa5aa-5aa- -6.16691592385 -0.856070136188 3.1834
5aa5aa5aa5aa -6.31521796588 -0.708584435675 3.4034
5aa5aa5aa5aa- -6.31521796588 -0.708584435675 3.4036
5ad -8.55961290653 -0.0900696805716 5.7226
5ad5ad -7.94273083445 -1.28437731812 4.1554
5ad5ad- -7.8605524552 -1.39539976426 4.0015
5ad5ad-5ad -7.5770098354 -1.98779159086 3.3657
5ad5ad-5ad- -7.66898431284 -1.86697304653 3.5256
5ad5ad-5ad-5ad -7.5424513779 -2.20657111709 3.1829
5ad5ad-5ad5ad -7.5424513779 -2.20657111709 3.1829
5ad5ad-5ad5ad- -7.44340194065 -2.33473673506 3.0159
5ad5ad5ad -7.66898431284 -1.86697304653 3.5256
5ad5ad5ad- -7.66898431284 -1.86697304653 3.5254
5ad5ad5ad-5ad -7.5424513779 -2.20657111709 3.1828
5ad5ad5ad5ad- -7.54217926406 -2.20684323092 3.1827
5ae -7.61320097593 0.5268123915 5.4331
5ae5ae -7.00992459579 -0.484362632681 4.0815
5ae5ae- -6.93944711159 -0.591575485084 3.9427
5ae5ae-5ae -6.56175310364 -1.07104006867 3.3101
5ae5ae-5ae- -6.64583627976 -0.953486890402 3.4593
5ae5ae-5ae-5ae -6.44419992537 -1.21009024019 3.1207
5ae5ae-5ae-5ae- -6.44419992537 -1.21009024019 3.1207
5ae5ae-5ae5ae- -6.35140910641 -1.33526260594 2.9619
5ae5ae5ae -6.64583627976 -0.953486890402 3.4595
5ae5ae5ae- -6.64583627976 -0.953486890402 3.4594
5ae5ae5ae-5ae -6.44419992537 -1.21009024019 3.1207
5ae5ae5ae-5ae- -6.44365569769 -1.22151902141 3.1097
5ae5ae5ae5ae -6.44419992537 -1.21009024019 3.1207
5ae5ae5ae5ae- -6.44419992537 -1.21036235403 3.1205
5af -7.33156315299 1.16900105056 5.5703
5af5af -6.8344111699 0.116192609076 4.3435
5af5af- -6.83413905606 0.115920495237 4.3429
5af5af-5af -6.59141351204 -0.367625795928 3.8026
5af5af-5af- -6.59195773972 -0.367081568251 3.8032
5af5af-5af-5af -6.42569618434 -0.659059717053 3.4763
5af5af-5af-5af- -6.42569618434 -0.659059717053 3.4764
5af5af-5af5af -6.47386033377 -0.632392560871 3.5168
5af5af-5af5af- -6.47358821994 -0.632936788549 3.5165
5af5af5af -6.53835131352 -0.391571813724 3.7624
5af5af5af- -6.53835131352 -0.391299699885 3.7625
5af5af5af-5af -6.42134236293 -0.652256871088 3.4793
5af5af5af-5af- -6.42107024909 -0.652528984927 3.4790
5af5af5af5af -6.38188585633 -0.671849067466 3.4466
5af5af5af5af- -6.38106951482 -0.672393295143 3.4453
5ag -7.33918234047 0.893621845913 5.2801
5ag5ag -7.0452993948 -0.12299545504 4.3543
5ag5ag- -7.0452993948 -0.121362772009 4.3553
5ag5ag-5ag -6.87332344882 -0.596473534178 3.8672
5ag5ag-5ag- -6.87277922114 -0.597017761855 3.8664
5ag5ag-5ag-5ag -6.7258377483 -0.889540138334 3.5490
5ag5ag-5ag-5ag- -6.72502140679 -0.891172821366 3.5473
5ag5ag-5ag5ag -6.7927777526 -0.844913468806 3.6200
5ag5ag-5ag5ag- -6.79223352492 -0.84600192416 3.6186
5ag5ag5ag -6.80447864765 -0.63647426845 3.7972
5ag5ag5ag- -6.80447864765 -0.636746382289 3.7971
5ag5ag5ag-5ag -6.7271983175 -0.881920950854 3.5558
5ag5ag5ag-5ag- -6.72747043133 -0.881376723177 3.5561
5ag5ag5ag5ag -6.67359189129 -0.911853473098 3.5023
5ag5ag5ag5ag- -6.67386400513 -0.911853473098 3.5023
5ah -6.80556710301 1.34342602109 5.2807
5ah5ah -6.27222397938 0.401367911913 4.1544
5ah5ah- -6.27222397938 0.401095798074 4.1543
5ah5ah-5ah -5.96174208956 -0.0239460177955 3.6138
5ah5ah-5ah- -5.96174208956 -0.0239460177955 3.6139
5ah5ah-5ah-5ah -5.78160272841 -0.255242780593 3.3136
5ah5ah-5ah-5ah- -5.78160272841 -0.255242780593 3.3136
5ah5ah-5ah5ah -5.78160272841 -0.255514894431 3.3136
5ah5ah-5ah5ah- -5.78160272841 -0.255514894431 3.3136
5ah5ah5ah -5.96174208956 -0.0242181316341 3.6138
5ah5ah5ah- -5.96174208956 -0.0239460177955 3.6138
5ah5ah5ah-5ah -5.78105850074 -0.25578700827 3.3131
5ah5ah5ah-5ah- -5.78105850074 -0.25578700827 3.3131
5ah5ah5ah5ah -5.78133061458 -0.255514894431 3.3134
5ah5ah5ah5ah- -5.78105850074 -0.25578700827 3.3130
5ai -7.66245358071 1.23648528253 5.9280
5ai5ai -6.88039840862 0.274290749294 4.5519
5ai5ai- -6.88039840862 0.274290749294 4.5518
5ai5ai-5ai -6.52256871088 -0.161907733958 3.9507
5ai5ai-5ai- -6.52284082472 -0.161907733958 3.9507
5ai5ai-5ai-5ai -6.32637463326 -0.399735228881 3.6223
5ai5ai-5ai-5ai- -6.3266467471 -0.399463115043 3.6225
5ai5ai-5ai5ai -6.32610251942 -0.40000734272 3.6217
5ai5ai-5ai5ai- -6.32610251942 -0.40000734272 3.6218
5ai5ai5ai -6.52256871088 -0.161907733958 3.9507
5ai5ai5ai- -6.52284082472 -0.161907733958 3.9507
5ai5ai5ai-5ai -6.32610251942 -0.40000734272 3.6218
5ai5ai5ai-5ai- -6.32610251942 -0.40000734272 3.6217
5ai5ai5ai5ai -6.32583040558 -0.400279456558 3.6215
5ai5ai5ai5ai- -6.32610251942 -0.40000734272 3.6218
5al -7.11550476516 1.12600706406 5.3858
5al5al -6.28936715121 0.103131144824 3.9943
5al5al- -6.26678170261 0.0764639886424 3.9580
5al5al-5al -5.79248728196 -0.393476610594 3.2788
5al5al-5al- -5.79248728196 -0.393476610594 3.2789
5al5al-5al-5al -5.5064956376 -0.653617440281 2.8945
5al5al-5al-5al- -5.5078562068 -0.652256871088 2.8966
5al5al-5al5al -5.50676775144 -0.653617440281 2.8947
5al5al-5al5al- -5.50758409296 -0.652256871088 2.8964
5al5al5al -5.7927593958 -0.393204496755 3.2790
5al5al5al- -5.79248728196 -0.393476610594 3.2789
5al5al5al-5al -5.51329848357 -0.645454025123 2.9043
5al5al5al-5al- -5.51193791438 -0.647358821994 2.9021
5al5al5al5al -5.50812832064 -0.651984757249 2.8967
5al5al5al5al- -5.51329848357 -0.645454025123 2.9043
5da -8.55961290653 -0.0900696805716 5.7226
5da5da -7.94273083445 -1.28464943196 4.1554
5da5da- -7.8605524552 -1.39539976426 4.0015
5da5da-5da -7.5770098354 -1.98779159086 3.3657
5da5da-5da- -7.668712199 -1.86697304653 3.5254
5da5da-5da-5da -7.5424513779 -2.20684323092 3.1827
5da5da-5da5da -7.5424513779 -2.20684323092 3.1827
5da5da-5da5da- -7.44340194065 -2.33473673506 3.0159
5da5da5da- -7.66898431284 -1.86697304653 3.5255
5da5da5da-5da -7.54217926406 -2.20684323092 3.1825
5da5da5da-5da- -7.53864178416 -2.22072103669 3.1669
5dd -9.2075159562 -0.791851270282 5.5671
5dd5dd -9.00397480494 -1.93472939234 4.4515
5dd5dd- -9.00479114645 -1.93391305082 4.4528
5dd5dd-5dd -9.05866968649 -2.39378543803 4.1551
5dd5dd-5dd- -8.67009112499 -2.70834903544 3.5959
5dd5dd-5dd-5dd -9.14819513939 -2.63161293295 4.0441
5dd5dd-5dd-5dd- -8.73648690161 -2.9464486442 3.5114
5dd5dd-5dd5dd -9.00615171564 -2.74726131435 3.8693
5dd5dd-5dd5dd- -8.90247634314 -2.83488197038 3.7377
5dd5dd5dd -8.91281666901 -2.5029030873 3.9791
5dd5dd5dd- -8.72641868958 -2.70181830331 3.6638
5dd5dd5dd-5dd- -9.00615171564 -2.74726131435 3.8692
5dd5dd5dd5dd -8.73648690161 -2.94617653036 3.5114
5dd5dd5dd5dd- -8.73648690161 -2.94617653036 3.5116
5de -8.22382442971 -0.256603349786 5.2581
5de5de -7.98191522721 -1.23403625798 4.2187
5de5de- -7.98218734105 -1.23403625798 4.2189
5de5de-5de -7.82272863164 -1.68574523003 3.7770
5de5de-5de- -7.82300074548 -1.68547311619 3.7774
5de5de-5de-5de -7.74844155371 -1.93608996153 3.5466
5de5de-5de-5de- -7.74816943987 -1.93636207537 3.5462
5de5de-5de5de -7.74844155371 -1.93608996153 3.5466
5de5de-5de5de- -7.74844155371 -1.93608996153 3.5467
5de5de5de -7.90028107564 -1.6305061208 3.8647
5de5de5de- -7.90028107564 -1.6305061208 3.8647
5de5de5de-5de -7.74844155371 -1.93608996153 3.5467
5de5de5de-5de- -7.81075562274 -1.8928238612 3.6152
5de5de5de5de -7.74844155371 -1.93608996153 3.5466
5de5de5de5de- -7.74844155371 -1.93608996153 3.5466
5df -8.0763387292 -0.0658515489375 5.1321
5df5df -7.70816870559 -1.1953960929 3.9645
5df5df- -7.70844081943 -1.1953960929 3.9645
5df5df-5df -7.2921066464 -1.91785833435 3.1571
5df5df-5df- -7.51632844939 -1.7271065335 3.4621
5df5df-5df-5df -7.19224086764 -2.25527949419 2.8527
5df5df-5df-5df- -7.43551063933 -2.03840476484 3.1827
5df5df-5df5df -7.43578275317 -2.03786053716 3.1831
5df5df-5df5df- -7.19142452612 -2.25636794955 2.8513
5df5df5df -7.51632844939 -1.72737864734 3.4620
5df5df5df- -7.52938991364 -1.72166425673 3.4589
5df5df5df-5df -7.45401438036 -2.029697122 3.1782
5df5df5df-5df- -7.44802787591 -2.03894899252 3.1823
5df5df5df5df -7.43578275317 -2.03840476484 3.1829
5df5df5df5df- -7.43578275317 -2.038132651 3.1831
5dg -7.91443099524 -0.209799769549 4.9842
5dg5dg -7.89892050644 -1.09362551727 4.1499
5dg5dg- -7.90028107564 -1.09199283424 4.1516
5dg5dg-5dg -7.94926156658 -1.47785025735 3.9223
5dg5dg-5dg- -7.94926156658 -1.47785025735 3.9225
5dg5dg-5dg-5dg -7.84558619408 -1.80003304224 3.6615
5dg5dg-5dg-5dg- -7.84585830792 -1.80030515608 3.6616
5dg5dg-5dg5dg -7.8450419664 -1.80112149759 3.6603
5dg5dg-5dg5dg- -7.99443246379 -1.6805750671 3.8173
5dg5dg5dg -7.85511017843 -1.54261335094 3.8289
5dg5dg5dg- -7.85565440611 -1.54206912326 3.8296
5dg5dg5dg-5dg -7.99497669146 -1.68084718094 3.8175
5dg5dg5dg-5dg- -7.9296693702 -1.75894385261 3.7358
5dg5dg5dg5dg -7.84531408024 -1.80084938375 3.6607
5dg5dg5dg5dg- -7.84368139721 -1.80166572527 3.6584
5dh -7.39170031132 0.0299325222443 4.6296
5dh5dh -7.03495906894 -0.873485421858 3.6712
5dh5dh- -7.03495906894 -0.874029649535 3.6708
5dh5dh-5dh -6.83767653596 -1.32084057249 3.2281
5dh5dh-5dh- -6.83767653596 -1.32111268633 3.2278
5dh5dh-5dh-5dh -6.74053189559 -1.57934871915 2.9863
5dh5dh-5dh-5dh- -6.74080400943 -1.57907660531 2.9866
5dh5dh-5dh5dh -6.74080400943 -1.57934871915 2.9866
5dh5dh-5dh5dh- -6.74053189559 -1.57934871915 2.9864
5dh5dh5dh -6.83767653596 -1.32084057249 3.2281
5dh5dh5dh- -6.83713230828 -1.32084057249 3.2277
5dh5dh5dh-5dh -6.74053189559 -1.57934871915 2.9864
5dh5dh5dh-5dh- -6.74080400943 -1.57934871915 2.9866
5dh5dh5dh5dh -6.74053189559 -1.57907660531 2.9866
5dh5dh5dh5dh- -6.74053189559 -1.57934871915 2.9865
5di -8.41648102743 0.0136056919292 5.5350
5di5di -7.95524807103 -0.878655584791 4.4444
5di5di- -7.95470384335 -0.878927698629 4.4439
5di5di-5di -7.84422562489 -1.27621390296 4.0663
5di5di-5di- -7.84476985256 -1.27566967529 4.0669
5di5di-5di-5di -7.8224565178 -1.485197331 3.8911
5di5di-5di-5di- -7.82272863164 -1.48465310332 3.8916
5di5di-5di5di -7.82272863164 -1.48438098948 3.8918
5di5di-5di5di- -7.82272863164 -1.48492521716 3.8913
5di5di5di -7.84449773873 -1.27594178912 4.0669
5di5di5di- -7.84449773873 -1.27594178912 4.0668
5di5di5di-5di -7.82300074548 -1.48465310332 3.8918
5di5di5di-5di- -7.82272863164 -1.48465310332 3.8915
5di5di5di5di -7.82272863164 -1.48492521716 3.8915
5di5di5di5di- -7.82272863164 -1.48492521716 3.8913
5dl -7.75361171664 -0.0672121181305 4.8865
5dl5dl -7.6580997593 -0.966548354654 4.0953
5dl5dl- -7.6580997593 -0.966548354654 4.0950
5dl5dl-5dl -7.44884421742 -1.32873187381 3.6761
5dl5dl-5dl- -7.34652941412 -1.40084204104 3.5695
5dl5dl-5dl-5dl -7.28421534508 -1.57499489773 3.3981
5dl5dl-5dl-5dl- -7.19142452612 -1.65418002476 3.2860
5dl5dl-5dl5dl -7.19088029844 -1.65418002476 3.2857
5dl5dl-5dl5dl- -7.35306014624 -1.51376928405 3.4710
5dl5dl5dl -7.34680152795 -1.40111415487 3.5697
5dl5dl5dl- -7.44911633126 -1.32900398765 3.6762
5dl5dl5dl-5dl -7.35333226008 -1.51376928405 3.4711
5dl5dl5dl-5dl- -7.24557518 -1.60900912755 3.3422
5dl5dl5dl5dl -7.19115241228 -1.65418002476 3.2859
5dl5dl5dl5dl- -7.19115241228 -1.65418002476 3.2859
5ea -7.61320097593 0.5268123915 5.4331
5ea5ea -7.01019670962 -0.484090518843 4.0820
5ea5ea- -6.93944711159 -0.591303371245 3.9427
5ea5ea-5ea -6.56175310364 -1.07104006867 3.3101
5ea5ea-5ea- -6.64583627976 -0.953486890402 3.4593
5ea5ea-5ea-5ea -6.44419992537 -1.21036235403 3.1205
5ea5ea-5ea-5ea- -6.44419992537 -1.21036235403 3.1206
5ea5ea-5ea5ea -6.44419992537 -1.21009024019 3.1207
5ea5ea-5ea5ea- -6.35140910641 -1.33526260594 2.9619
5ea5ea5ea -6.64583627976 -0.953486890402 3.4595
5ea5ea5ea- -6.6461083936 -0.953486890402 3.4596
5ea5ea5ea-5ea -6.44419992537 -1.21009024019 3.1207
5ea5ea5ea-5ea- -6.44365569769 -1.22151902141 3.1097
5ea5ea5ea5ea -6.44419992537 -1.21009024019 3.1207
5ea5ea5ea5ea- -6.44419992537 -1.21009024019 3.1206
5ed -8.22382442971 -0.256603349786 5.2580
5ed5ed -7.98191522721 -1.23376414414 4.2189
5ed5ed- -7.98191522721 -1.23376414414 4.2191
5ed5ed-5ed -7.82272863164 -1.68574523003 3.7772
5ed5ed-5ed- -7.82272863164 -1.68574523003 3.7770
5ed5ed-5ed-5ed -7.74844155371 -1.93608996153 3.5465
5ed5ed-5ed-5ed- -7.74816943987 -1.93608996153 3.5465
5ed5ed-5ed5ed -7.74844155371 -1.93608996153 3.5466
5ed5ed-5ed5ed- -7.815381558 -1.88955849513 3.6205
5ed5ed5ed -7.82300074548 -1.68547311619 3.7774
5ed5ed5ed- -7.82300074548 -1.68520100236 3.7777
5ed5ed5ed-5ed -7.74816943987 -1.93636207537 3.5465
5ed5ed5ed-5ed- -7.74844155371 -1.93608996153 3.5468
5ed5ed5ed5ed -7.74844155371 -1.93608996153 3.5466
5ed5ed5ed5ed- -7.74844155371 -1.93608996153 3.5466
5ee -7.72123016985 0.277556115357 5.2620
5ee5ee -7.30489599681 -0.492526047839 4.2601
5ee5ee- -7.30462388297 -0.492798161677 4.2599
5ee5ee-5ee -7.1193143589 -0.781238830577 3.9101
5ee5ee-5ee- -7.03985711803 -0.845729810322 3.8167
5ee5ee-5ee-5ee -6.96529792626 -0.975800225165 3.6651
5ee5ee-5ee-5ee- -6.89971849116 -1.0239643746 3.5931
5ee5ee-5ee5ee -6.89917426348 -1.02478071611 3.5921
5ee5ee-5ee5ee- -7.04257825642 -0.911853473098 3.7538
5ee5ee5ee -7.04012923187 -0.845457696483 3.8170
5ee5ee5ee- -7.11904224506 -0.781238830577 3.9099
5ee5ee5ee-5ee -7.04257825642 -0.912125586937 3.7537
5ee5ee5ee-5ee- -6.96529792626 -0.975528111327 3.6652
5ee5ee5ee5ee -6.89971849116 -1.0239643746 3.5929
5ee5ee5ee5ee- -6.89944637732 -1.02423648843 3.5928
5ef -7.46544316158 0.551574750812 5.1816
5ef5ef -6.93291637947 -0.390211244531 3.9939
5ef5ef- -6.93264426563 -0.390211244531 3.9937
5ef5ef-5ef -6.36719170905 -1.00818177196 3.1468
5ef5ef-5ef- -6.61753644055 -0.813076149692 3.4783
5ef5ef-5ef-5ef -6.46107098336 -1.03784218036 3.1969
5ef5ef-5ef-5ef- -6.45399602356 -1.04274022946 3.1985
5ef5ef-5ef5ef -6.47086708155 -1.0416517741 3.2019
5ef5ef-5ef5ef- -6.17535145285 -1.26641780477 2.8283
5ef5ef5ef -6.61753644055 -0.81334826353 3.4783
5ef5ef5ef- -6.63304692935 -0.804912734534 3.4788
5ef5ef5ef-5ef -6.47930261055 -1.03049510672 3.2021
5ef5ef5ef-5ef- -6.47059496771 -1.04192388794 3.2016
5ef5ef5ef5ef -6.45399602356 -1.04274022946 3.1985
5ef5ef5ef5ef- -6.45399602356 -1.0430123433 3.1983
5eg -7.44503462368 0.380415146342 5.0945
5eg5eg -7.24421461081 -0.355380673192 4.2419
5eg5eg- -7.24367038313 -0.355924900869 4.2405
5eg5eg-5eg -7.16285257307 -0.651440529572 3.9830
5eg5eg-5eg- -7.16312468691 -0.651712643411 3.9829
5eg5eg-5eg-5eg -6.99196508244 -0.908860220874 3.7162
5eg5eg-5eg-5eg- -6.9916929686 -0.909404448551 3.7158
5eg5eg-5eg5eg -6.9916929686 -0.909676562389 3.7156
5eg5eg-5eg5eg- -7.13074314012 -0.80191948231 3.8539
5eg5eg5eg -7.08149053533 -0.71729207851 3.8978
5eg5eg5eg- -7.08176264917 -0.716475736994 3.8986
5eg5eg5eg-5eg -6.99223719628 -0.909132334712 3.7162
5eg5eg5eg-5eg- -7.06461947734 -0.869947941956 3.7803
5eg5eg5eg5eg -6.99196508244 -0.909132334712 3.7161
5eg5eg5eg5eg- -6.9916929686 -0.909676562389 3.7154
5eh -6.90733767864 0.623957031875 4.7499
5eh5eh -6.40175016655 -0.0323815467916 3.8332
5eh5eh- -6.40175016655 -0.032109432953 3.8333
5eh5eh-5eh -6.12174502664 -0.428307181933 3.3502
5eh5eh-5eh- -6.12174502664 -0.428579295771 3.3499
5eh5eh-5eh-5eh -5.96664013865 -0.598378331048 3.1213
5eh5eh-5eh-5eh- -5.96664013865 -0.598378331048 3.1214
5eh5eh-5eh5eh -5.96664013865 -0.598378331048 3.1212
5eh5eh-5eh5eh- -5.96664013865 -0.598378331048 3.1213
5eh5eh5eh -6.12228925432 -0.428035068094 3.3507
5eh5eh5eh- -6.12174502664 -0.428307181933 3.3502
5eh5eh5eh-5eh -5.96664013865 -0.598378331048 3.1214
5eh5eh5eh-5eh- -5.96636802481 -0.598650444887 3.1210
5eh5eh5eh5eh -5.96664013865 -0.59810621721 3.1216
5eh5eh5eh5eh- -5.96664013865 -0.598378331048 3.1215
5ei -7.54272349174 0.616065730556 5.4325
5ei5ei -7.12339606648 -0.0846274037999 4.4721
5ei5ei- -7.12257972496 -0.0859879729928 4.4704
5ei5ei-5ei -6.94434516069 -0.360006608448 4.1200
5ei5ei-5ei- -6.94434516069 -0.360006608448 4.1199
5ei5ei-5ei-5ei -6.85998987073 -0.491437592484 3.9520
5ei5ei-5ei-5ei- -6.85998987073 -0.491437592484 3.9521
5ei5ei-5ei5ei -6.85998987073 -0.491165478646 3.9523
5ei5ei-5ei5ei- -6.85998987073 -0.491165478646 3.9523
5ei5ei5ei -6.94461727453 -0.360006608448 4.1200
5ei5ei5ei- -6.94434516069 -0.360006608448 4.1199
5ei5ei5ei-5ei -6.86026198456 -0.491165478646 3.9523
5ei5ei5ei-5ei- -6.85998987073 -0.491165478646 3.9523
5ei5ei5ei5ei -6.85998987073 -0.491437592484 3.9520
5ei5ei5ei5ei- -6.85998987073 -0.491437592484 3.9520
5el -7.25455493667 0.520553773213 4.9712
5el5el -7.0833953322 -0.164084644667 4.2974
5el5el- -7.0833953322 -0.163812530828 4.2976
5el5el-5el -6.8189006811 -0.466947347012 3.9050
5el5el-5el- -6.81862856726 -0.466675233173 3.9050
5el5el-5el-5el -6.65590449179 -0.623957031875 3.6746
5el5el-5el-5el- -6.606651887 -0.659059717053 3.6172
5el5el-5el5el -6.65536026411 -0.624229145714 3.6742
5el5el-5el5el- -6.65563237795 -0.623957031875 3.6744
5el5el5el -6.76230100267 -0.485995315713 3.8435
5el5el5el- -6.81862856726 -0.46721946085 3.9046
5el5el5el-5el -6.65563237795 -0.624229145714 3.6743
5el5el5el-5el- -6.606651887 -0.659059717053 3.6174
5el5el5el5el -6.56284155899 -0.6615087416 3.5833
5el5el5el5el- -6.56338578667 -0.660964513923 3.5840
5fa -7.26135778264 1.12056478729 5.4769
5fa5fa -6.42705675354 0.0457151248823 4.0620
5fa5fa- -6.4267846397 0.0457151248823 4.0618
5fa5fa-5fa -5.96446322794 -0.437286938606 3.3860
5fa5fa-5fa- -5.96473534178 -0.437286938606 3.3861
5fa5fa-5fa-5fa -5.6877234541 -0.706135411128 3.0047
5fa5fa-5fa-5fa- -5.68745134026 -0.706135411128 3.0046
5fa5fa-5fa5fa -5.68826768178 -0.705591183451 3.0057
5fa5fa-5fa5fa- -5.68826768178 -0.705591183451 3.0057
5fa5fa5fa -5.96473534178 -0.437286938606 3.3861
5fa5fa5fa- -5.96473534178 -0.437286938606 3.3861
5fa5fa5fa-5fa -5.68853979562 -0.705591183451 3.0057
5fa5fa5fa-5fa- -5.68853979562 -0.705591183451 3.0057
5fa5fa5fa5fa -5.68853979562 -0.705319069612 3.0059
5fa5fa5fa5fa- -5.6877234541 -0.706135411128 3.0047
5fd -8.00667758652 -0.23646692573 4.9314
5fd5fd -7.5601387774 -1.09335340343 3.9839
5fd5fd- -7.5601387774 -1.09280917576 3.9843
5fd5fd-5fd -7.04312248409 -1.9034363009 3.0655
5fd5fd-5fd- -7.29292298791 -1.57798814995 3.4667
5fd5fd-5fd-5fd -7.18244476945 -1.84520393944 3.2140
5fd5fd-5fd-5fd- -7.14951899498 -1.86670093269 3.1813
5fd5fd-5fd5fd -7.15006322266 -1.86615670502 3.1819
5fd5fd-5fd5fd- -6.86869751356 -2.24575550984 2.7387
5fd5fd5fd -7.29319510175 -1.57744392228 3.4673
5fd5fd5fd- -7.34816209715 -1.55377001832 3.5137
5fd5fd5fd-5fd -7.14979110882 -1.86670093269 3.1816
5fd5fd5fd-5fd- -7.20503021805 -1.85010198854 3.2222
5fd5fd5fd5fd -7.14979110882 -1.86670093269 3.1815
5fd5fd5fd5fd- -7.14951899498 -1.86642881885 3.1815
5fe -7.46081722632 0.369530592798 4.9978
5fe5fe -6.87658881488 -0.286263758191 4.0891
5fe5fe- -6.8774051564 -0.285991644353 4.0898
5fe5fe-5fe -6.56828383576 -0.616337844395 3.6316
5fe5fe-5fe- -6.50678610824 -0.647630935832 3.5774
5fe5fe-5fe-5fe -6.33290536539 -0.823688589397 3.3369
5fe5fe-5fe-5fe- -6.29453731415 -0.849267290224 3.2984
5fe5fe-5fe5fe -6.29453731415 -0.849267290224 3.2985
5fe5fe-5fe5fe- -5.95793249582 -1.25988707265 2.7728
5fe5fe5fe -6.50678610824 -0.647630935832 3.5774
5fe5fe5fe- -6.56828383576 -0.616337844395 3.6316
5fe5fe5fe-5fe -6.40147805271 -0.794028180991 3.3940
5fe5fe5fe-5fe- -6.3527696756 -0.831579890715 3.3412
5fe5fe5fe5fe -6.29453731415 -0.849267290224 3.2985
5fe5fe5fe5fe- -6.29453731415 -0.849267290224 3.2985
5ff -7.20149273815 1.30995601895 5.6081
5ff5ff -6.62052969277 0.211976680258 4.3270
5ff5ff- -6.48528911499 0.130886756359 4.1564
5ff5ff-5ff -6.05235599781 -0.392116041401 3.4532
5ff5ff-5ff- -6.21752909783 -0.290889693447 3.6620
5ff5ff-5ff-5ff -6.00800144212 -0.558377596776 3.3171
5ff5ff-5ff-5ff- -6.00228705151 -0.567629467288 3.3096
5ff5ff-5ff5ff -5.81588907208 -0.680284596462 3.0766
5ff5ff-5ff5ff- -5.81262370601 -0.679740368785 3.0744
5ff5ff5ff -6.21725698399 -0.290889693447 3.6619
5ff5ff5ff- -6.22487617147 -0.285991644353 3.6654
5ff5ff5ff-5ff -6.00800144212 -0.558377596776 3.3172
5ff5ff5ff-5ff- -6.00228705151 -0.567901581127 3.3095
5ff5ff5ff5ff -5.99004192877 -0.56735735345 3.3029
5ff5ff5ff5ff- -5.98976981493 -0.56735735345 3.3027
5fg -7.39115608364 0.944507133728 4.9672
5fg5fg -6.99305353779 -0.025578700827 4.3894
5fg5fg- -6.99414199315 -0.114015698367 4.3673
5fg5fg-5fg -6.75767506742 -0.491165478646 3.9248
5fg5fg-5fg- -6.75767506742 -0.490621250969 3.9251
5fg5fg-5fg-5fg -6.6080124562 -0.69797199597 3.6795
5fg5fg-5fg-5fg- -6.60257017942 -0.72872085973 3.6746
5fg5fg-5fg5fg -6.6256998557 -0.698244109809 3.6995
5fg5fg-5fg5fg- -6.54923586706 -0.690080694651 3.6406
5fg5fg5fg -6.71685799163 -0.520281659374 3.8898
5fg5fg5fg- -6.71631376395 -0.479192469748 3.8916
5fg5fg5fg-5fg -6.54896375322 -0.69035280849 3.6401
5fg5fg5fg-5fg- -6.5995769272 -0.741238096305 3.6654
5fg5fg5fg5fg -6.55195700545 -0.748585169947 3.6303
5fg5fg5fg5fg- -6.55222911929 -0.748585169947 3.6306
5fh -7.09836159333 1.12573495023 5.3409
5fh5fh -6.50923513279 0.212793021773 4.2694
5fh5fh- -6.50923513279 0.212793021773 4.2694
5fh5fh-5fh -5.95167387753 -0.119457975139 3.6141
5fh5fh-5fh- -5.94432680389 -0.122451227363 3.6121
5fh5fh-5fh-5fh -5.7533028892 -0.407898644039 3.3262
5fh5fh-5fh-5fh- -5.7533028892 -0.407354416362 3.3264
5fh5fh-5fh5fh -5.75901727981 -0.394020838271 3.3305
5fh5fh-5fh5fh- -5.75493557223 -0.407898644039 3.3269
5fh5fh5fh -6.1454189306 -0.237827494923 3.7001
5fh5fh5fh- -5.95085753601 -0.119730088977 3.6133
5fh5fh5fh-5fh -5.7533028892 -0.407354416362 3.3264
5fh5fh5fh-5fh- -5.9345307057 -0.489804909453 3.3989
5fh5fh5fh5fh -5.95929306501 -0.481913608134 3.4158
5fh5fh5fh5fh- -5.77153451639 -0.390483358369 3.3428
5fi -7.1799957449 1.27621390296 5.5405
5fi5fi -6.60229806559 0.466403119335 4.5034
5fi5fi- -6.60175383791 0.466403119335 4.5030
5fi5fi-5fi -6.31331316901 0.123539682718 4.0341
5fi5fi-5fi- -6.31331316901 0.123539682718 4.0339
5fi5fi-5fi-5fi -6.15711982566 -0.0459872387209 3.8021
5fi5fi-5fi-5fi- -6.1573919395 -0.0459872387209 3.8022
5fi5fi-5fi5fi -6.15711982566 -0.0457151248823 3.8023
5fi5fi-5fi5fi- -6.15711982566 -0.0457151248823 3.8022
5fi5fi5fi -6.31358528285 0.123539682718 4.0342
5fi5fi5fi- -6.31358528285 0.123539682718 4.0341
5fi5fi5fi-5fi -6.15684771182 -0.0459872387209 3.8019
5fi5fi5fi-5fi- -6.15711982566 -0.0459872387209 3.8022
5fi5fi5fi5fi -6.15711982566 -0.0459872387209 3.8021
5fi5fi5fi5fi- -6.15684771182 -0.0459872387209 3.8020
5fl -7.19088029844 1.27811869983 5.5568
5fl5fl -6.77155287319 0.472117509945 4.6239
5fl5fl- -6.77291344238 0.472933851461 4.6256
5fl5fl-5fl -6.37834837643 0.0386401650791 4.0066
5fl5fl-5fl- -6.3456947158 -0.108301307757 3.8479
5fl5fl-5fl-5fl -6.20637243044 -0.128981959489 3.7611
5fl5fl-5fl-5fl- -6.06514534822 -0.225582372187 3.5665
5fl5fl-5fl5fl -6.19358308003 -0.350754737936 3.5377
5fl5fl-5fl5fl- -6.20610031661 -0.128981959489 3.7609
5fl5fl5fl -6.37072918895 -0.0103403258662 3.9689
5fl5fl5fl- -6.37862049027 0.0386401650791 4.0068
5fl5fl5fl-5fl -6.20528397509 -0.130342528682 3.7591
5fl5fl5fl-5fl- -6.19004560013 -0.25197741453 3.6605
5fl5fl5fl5fl -6.19303885235 -0.345040347326 3.5452
5fl5fl5fl5fl- -6.14977275202 -0.258780260494 3.6249
5ga -7.31414786732 0.88464208924 5.2882
5ga5ga -7.098905821 -0.149662611222 4.3875
5ga5ga- -6.79223352492 -0.317556849629 4.0518
5ga5ga-5ga -6.4578056173 -0.841103875066 3.4183
5ga5ga-5ga- -6.73753864336 -0.617970527426 3.7680
5ga5ga-5ga-5ga -6.5805289585 -0.863145095991 3.4702
5ga5ga-5ga-5ga- -6.54569838716 -0.87294119418 3.4420
5ga5ga-5ga5ga -6.54624261484 -0.87294119418 3.4425
5ga5ga-5ga5ga- -6.26133942584 -1.12927243013 3.0642
5ga5ga5ga -6.73808287104 -0.617698413588 3.7683
5ga5ga5ga- -6.77998840218 -0.601643697111 3.8055
5ga5ga5ga-5ga -6.61046148074 -0.853348997802 3.4934
5ga5ga5ga-5ga- -6.57399822637 -0.868315258924 3.4614
5ga5ga5ga5ga- -6.545970501 -0.872669080342 3.4422
5gd -7.87007643955 -0.277284001518 4.8929
5gd5gd -7.81674212719 -1.05580169371 4.1654
5gd5gd- -7.81674212719 -1.05580169371 4.1653
5gd5gd-5gd -7.84449773873 -1.39322285355 3.9460
5gd5gd-5gd- -7.73646854481 -1.49390497383 3.8091
5gd5gd-5gd-5gd -7.77021066079 -1.65717327698 3.7226
5gd5gd-5gd-5gd- -7.70245431498 -1.7426170223 3.6182
5gd5gd-5gd5gd -7.70245431498 -1.7426170223 3.6184
5gd5gd-5gd5gd- -7.87987253774 -1.56819205176 3.8402
5gd5gd5gd -7.73674065865 -1.49417708767 3.8092
5gd5gd5gd- -7.84422562489 -1.39322285355 3.9459
5gd5gd5gd-5gd -7.87987253774 -1.56819205176 3.8403
5gd5gd5gd-5gd- -7.79796627233 -1.66941839972 3.7171
5gd5gd5gd5gd -7.70191008731 -1.74343336381 3.6175
5gd5gd5gd5gd- -7.70245431498 -1.74288913614 3.6180
5ge -7.40448966173 0.313747255888 5.0096
5ge5ge -7.16666216681 -0.369802706637 4.2359
5ge5ge- -7.16611793913 -0.372795958861 4.2350
5ge5ge-5ge -7.04012923187 -0.664229879986 3.9250
5ge5ge-5ge- -6.97128443071 -0.726271835183 3.8490
5ge5ge-5ge-5ge -6.97917573203 -0.801375254633 3.7770
5ge5ge-5ge-5ge- -6.85182645557 -0.911037131582 3.6378
5ge5ge-5ge5ge -6.97863150435 -0.802191596148 3.7763
5ge5ge-5ge5ge- -6.97890361819 -0.801647368471 3.7768
5ge5ge5ge -6.97101231687 -0.726543949022 3.8487
5ge5ge5ge- -7.04012923187 -0.663141424631 3.9256
5ge5ge5ge-5ge -6.97917573203 -0.801375254633 3.7773
5ge5ge5ge-5ge- -6.91849434602 -0.860151843767 3.7078
5ge5ge5ge5ge -6.85209856941 -0.910765017744 3.6383
5ge5ge5ge5ge- -6.85155434173 -0.911581359259 3.6373
5gf -7.19986005512 1.00328372286 5.4144
5gf5gf -6.96121621868 -0.0195921963781 4.3652
5gf5gf- -6.96094410484 -0.0201364240553 4.3646
5gf5gf-5gf -6.71413685324 -0.451436858212 3.8443
5gf5gf-5gf- -6.71440896708 -0.451708972051 3.8441
5gf5gf-5gf-5gf -6.5720934295 -0.700693134356 3.5712
5gf5gf-5gf-5gf- -6.57236554334 -0.700421020518 3.5717
5gf5gf-5gf5gf -6.58161741385 -0.679468254947 3.5802
5gf5gf-5gf5gf- -6.58161741385 -0.679468254947 3.5803
5gf5gf5gf -6.68583701403 -0.475654989846 3.8252
5gf5gf5gf- -6.68583701403 -0.475382876008 3.8253
5gf5gf5gf-5gf -6.54678684251 -0.697699882132 3.5567
5gf5gf5gf-5gf- -6.54678684251 -0.697699882132 3.5565
5gf5gf5gf5gf -6.53454171978 -0.714570940124 3.5455
5gf5gf5gf5gf- -6.53481383362 -0.714026712447 3.5461
5gg -7.40802714164 0.720829558411 5.0239
5gg5gg -7.41564632912 -0.0478920355909 4.6980
5gg5gg- -7.41537421528 -0.0481641494295 4.6977
5gg5gg-5gg -7.40340120638 -0.341502867424 4.4831
5gg5gg-5gg- -7.40993193851 -0.26531099262 4.5341
5gg5gg-5gg-5gg -7.25727607506 -0.623684918037 4.2224
5gg5gg-5gg-5gg- -7.25727607506 -0.623957031875 4.2219
5gg5gg-5gg5gg -7.42108860589 -0.438647507799 4.4754
5gg5gg-5gg5gg- -7.42081649205 -0.438647507799 4.4760
5gg5gg5gg -7.26571160406 -0.4576954765 4.2812
5gg5gg5gg- -7.26625583173 -0.457423362661 4.2817
5gg5gg5gg-5gg -7.25346648132 -0.608718656914 4.2216
5gg5gg5gg-5gg- -7.25455493667 -0.608718656914 4.2227
5gg5gg5gg5gg -7.18897550157 -0.72681606286 4.1014
5gg5gg5gg5gg- -7.1884312739 -0.726543949022 4.1013
5gh -6.98652280567 0.97688868052 5.1114
5gh5gh -6.63304692935 0.291433921124 4.2795
5gh5gh- -6.63331904318 0.291706034963 4.2798
5gh5gh-5gh -6.46787382932 -0.0212248794096 3.9205
5gh5gh-5gh- -6.46787382932 -0.0214969932482 3.9202
5gh5gh-5gh-5gh -6.3922261822 -0.175241312049 3.7450
5gh5gh-5gh-5gh- -6.39249829604 -0.17496919821 3.7454
5gh5gh-5gh5gh -6.3922261822 -0.175241312049 3.7451
5gh5gh-5gh5gh- -6.3922261822 -0.175241312049 3.7450
5gh5gh5gh -6.46760171549 -0.0214969932482 3.9200
5gh5gh5gh- -6.46787382932 -0.0212248794096 3.9204
5gh5gh5gh-5gh -6.3922261822 -0.175241312049 3.7450
5gh5gh5gh-5gh- -6.3922261822 -0.175241312049 3.7451
5gh5gh5gh5gh -6.3922261822 -0.175241312049 3.7449
5gh5gh5gh5gh- -6.3922261822 -0.175241312049 3.7449
5gi -7.75225114745 0.920016888256 5.6686
5gi5gi -7.23686753717 0.210616111065 4.7746
5gi5gi- -7.23686753717 0.210616111065 4.7746
5gi5gi-5gi -7.06162622512 -0.0870764283472 4.4095
5gi5gi-5gi- -7.06162622512 -0.0873485421858 4.4092
5gi5gi-5gi-5gi -6.98597857799 -0.231840990474 4.2381
5gi5gi-5gi-5gi- -6.98570646415 -0.232113104313 4.2375
5gi5gi-5gi5gi -6.98625069183 -0.231568876636 4.2385
5gi5gi-5gi5gi- -6.98597857799 -0.231840990474 4.2380
5gi5gi5gi -7.06217045279 -0.0868043145086 4.4103
5gi5gi5gi- -7.06162622512 -0.0870764283472 4.4095
5gi5gi5gi-5gi -6.98625069183 -0.231296762797 4.2387
5gi5gi5gi-5gi- -6.98597857799 -0.231840990474 4.2381
5gi5gi5gi5gi -6.98625069183 -0.231568876636 4.2385
5gi5gi5gi5gi- -6.98625069183 -0.231840990474 4.2383
5gl -7.22435030059 0.980154046583 5.3422
5gl5gl -6.96284890171 -0.0375517097247 4.3908
5gl5gl- -6.96230467403 -0.0375517097247 4.3905
5gl5gl-5gl -6.71658587779 -0.44028019083 3.8878
5gl5gl-5gl- -6.71685799163 -0.440008076992 3.8882
5gl5gl-5gl-5gl -6.58080107234 -0.629399308647 3.6379
5gl5gl-5gl-5gl- -6.39467520675 -0.647630935832 3.4818
5gl5gl-5gl5gl -6.5805289585 -0.629399308647 3.6379
5gl5gl-5gl5gl- -6.58080107234 -0.629399308647 3.6379
5gl5gl5gl -6.46923439852 -0.458239704177 3.6788
5gl5gl5gl- -6.71685799163 -0.440008076992 3.8881
5gl5gl5gl-5gl -6.5805289585 -0.629671422485 3.6377
5gl5gl5gl-5gl- -6.39385886523 -0.647630935832 3.4813
5gl5gl5gl5gl -6.42487984283 -0.85770281922 3.3424
5gl5gl5gl5gl- -6.19385519387 -0.743687120853 3.2545
5ha -6.80556710301 1.34342602109 5.2807
5ha5ha -6.27249609322 0.401367911913 4.1547
5ha5ha- -6.27222397938 0.401095798074 4.1543
5ha5ha-5ha -5.96174208956 -0.0239460177955 3.6138
5ha5ha-5ha- -5.96174208956 -0.0239460177955 3.6138
5ha5ha-5ha-5ha -5.78105850074 -0.25578700827 3.3130
5ha5ha-5ha-5ha- -5.78105850074 -0.25578700827 3.3130
5ha5ha-5ha5ha -5.78160272841 -0.255242780593 3.3136
5ha5ha-5ha5ha- -5.78133061458 -0.25578700827 3.3132
5ha5ha5ha -5.96174208956 -0.0242181316341 3.6138
5ha5ha5ha- -5.96174208956 -0.0242181316341 3.6138
5ha5ha5ha-5ha -5.78105850074 -0.25578700827 3.3131
5ha5ha5ha-5ha- -5.78105850074 -0.25578700827 3.3131
5ha5ha5ha5ha -5.78160272841 -0.255242780593 3.3137
5ha5ha5ha5ha- -5.78133061458 -0.255514894431 3.3133
5hd -7.39170031132 0.0299325222443 4.6296
5hd5hd -7.0346869551 -0.874029649535 3.6706
5hd5hd- -7.03495906894 -0.874029649535 3.6708
5hd5hd-5hd -6.83767653596 -1.32084057249 3.2280
5hd5hd-5hd- -6.83767653596 -1.32111268633 3.2279
5hd5hd-5hd-5hd -6.74080400943 -1.57934871915 2.9866
5hd5hd-5hd-5hd- -6.74080400943 -1.57907660531 2.9866
5hd5hd-5hd5hd -6.74080400943 -1.57934871915 2.9864
5hd5hd-5hd5hd- -6.74053189559 -1.57934871915 2.9865
5hd5hd5hd -6.83767653596 -1.32084057249 3.2281
5hd5hd5hd- -6.83740442212 -1.32084057249 3.2279
5hd5hd5hd-5hd -6.74053189559 -1.57934871915 2.9865
5hd5hd5hd-5hd- -6.74053189559 -1.57934871915 2.9864
5hd5hd5hd5hd -6.74080400943 -1.57962083299 2.9864
5hd5hd5hd5hd- -6.74053189559 -1.57934871915 2.9865
5he -6.90733767864 0.623957031875 4.7499
5he5he -6.40202228039 -0.032109432953 3.8336
5he5he- -6.40202228039 -0.032109432953 3.8335
5he5he-5he -6.12174502664 -0.428035068094 3.3502
5he5he-5he- -6.12201714048 -0.428579295771 3.3500
5he5he-5he-5he -5.96664013865 -0.598378331048 3.1212
5he5he-5he-5he- -5.96691225249 -0.59810621721 3.1217
5he5he-5he5he -5.96664013865 -0.598650444887 3.1212
5he5he-5he5he- -5.96664013865 -0.598378331048 3.1212
5he5he5he -6.12228925432 -0.428307181933 3.3504
5he5he5he- -6.12174502664 -0.428307181933 3.3501
5he5he5he-5he -5.96664013865 -0.598650444887 3.1212
5he5he5he-5he- -5.96636802481 -0.598650444887 3.1211
5he5he5he5he -5.96664013865 -0.598378331048 3.1213
5he5he5he5he- -5.96636802481 -0.598378331048 3.1212
5hf -6.68229953413 1.51213660102 5.3649
5hf5hf- -6.35685138318 0.410075554747 4.2506
5hf5hf-5hf -6.00119859615 -0.0666678904533 3.6213
5hf5hf-5hf5hf- -5.7913988266 -0.319461646499 3.2842
5hg -6.90897036167 0.872396966503 4.9585
5hh -6.60774034236 1.62615229938 5.3894
5hi -6.76992019015 1.48356464796 5.3819
5hi5hi -6.37780414875 0.737428502565 4.4789
5hi5hi- -6.37780414875 0.736884274888 4.4785
5hi5hi-5hi -6.19521576306 0.434293686382 4.1086
5hi5hi-5hi- -6.19494364922 0.434021572543 4.1084
5hi5hi-5hi-5hi -6.10596242401 0.296876197896 3.9317
5hi5hi-5hi-5hi- -6.10623453785 0.296876197896 3.9320
5hi5hi-5hi5hi -6.10596242401 0.296876197896 3.9319
5hi5hi-5hi5hi- -6.10623453785 0.297148311735 3.9320
5hi5hi5hi -6.19494364922 0.434293686382 4.1083
5hi5hi5hi- -6.19494364922 0.434293686382 4.1083
5hi5hi5hi-5hi -6.10596242401 0.296876197896 3.9318
5hi5hi5hi-5hi- -6.10596242401 0.296876197896 3.9316
5hi5hi5hi5hi -6.10596242401 0.296876197896 3.9317
5hi5hi5hi5hi- -6.10596242401 0.296876197896 3.9318
5hl -6.62433928651 1.58479099592 5.3803
5hl5hl -6.1729024283 0.410075554747 4.1161
5hl5hl- -6.17317454214 0.410075554747 4.1161
5hl5hl-5hl -5.81724964127 0.0179595133466 3.5439
5hl5hl-5hl- -5.71956077322 0.120002202816 3.5409
5hl5hl-5hl-5hl -5.59411629363 -0.186397979431 3.2274
5hl5hl-5hl-5hl- -5.59411629363 -0.186397979431 3.2274
5hl5hl-5hl5hl -5.59438840747 -0.186670093269 3.2273
5hl5hl-5hl5hl- -5.59438840747 -0.186397979431 3.2276
5hl5hl5hl -5.81724964127 0.0179595133466 3.5440
5hl5hl5hl- -5.81724964127 0.017687399508 3.5438
5hl5hl5hl-5hl -5.59411629363 -0.186397979431 3.2274
5hl5hl5hl-5hl- -5.59411629363 -0.186125865592 3.2275
5hl5hl5hl5hl -5.58187117089 -0.208711314195 3.1981
5hl5hl5hl5hl- -5.52391092327 -0.106668624725 3.2263
5ia -7.66245358071 1.23648528253 5.9279
5ia5ia -6.88012629478 0.274018635455 4.5516
5ia5ia- -6.88039840862 0.274290749294 4.5518
5ia5ia-5ia -6.52256871088 -0.161907733958 3.9507
5ia5ia-5ia- -6.52284082472 -0.161907733958 3.9507
5ia5ia-5ia-5ia -6.32610251942 -0.40000734272 3.6217
5ia5ia-5ia-5ia- -6.32610251942 -0.40000734272 3.6218
5ia5ia-5ia5ia -6.32610251942 -0.40000734272 3.6219
5ia5ia-5ia5ia- -6.32637463326 -0.399735228881 3.6220
5ia5ia5ia -6.52256871088 -0.161907733958 3.9506
5ia5ia5ia- -6.52284082472 -0.161907733958 3.9507
5ia5ia5ia-5ia -6.32637463326 -0.40000734272 3.6219
5ia5ia5ia-5ia- -6.32610251942 -0.400279456558 3.6215
5ia5ia5ia5ia -6.32637463326 -0.399735228881 3.6219
5ia5ia5ia5ia- -6.32637463326 -0.399735228881 3.6222
5id -8.41620891359 0.0130614642521 5.5346
5id5id -7.95552018487 -0.878383470952 4.4449
5id5id- -7.95470384335 -0.878927698629 4.4438
5id5id-5id -7.84422562489 -1.27621390296 4.0662
5id5id-5id- -7.84476985256 -1.27566967529 4.0670
5id5id-5id-5id -7.82272863164 -1.48492521716 3.8915
5id5id-5id-5id- -7.82272863164 -1.48492521716 3.8915
5id5id-5id5id -7.82300074548 -1.48465310332 3.8918
5id5id-5id5id- -7.82272863164 -1.48492521716 3.8914
5id5id5id -7.84449773873 -1.27594178912 4.0668
5id5id5id- -7.84449773873 -1.27594178912 4.0666
5id5id5id-5id -7.8224565178 -1.48492521716 3.8914
5id5id5id-5id- -7.82272863164 -1.48492521716 3.8915
5id5id5id5id -7.82272863164 -1.485197331 3.8911
5id5id5id5id- -7.82272863164 -1.48465310332 3.8915
5ie -7.54272349174 0.616065730556 5.4324
5ie5ie -7.12312395264 -0.0848995176385 4.4715
5ie5ie- -7.1228518388 -0.0857158591542 4.4706
5ie5ie-5ie -6.94434516069 -0.360278722286 4.1197
5ie5ie-5ie- -6.94434516069 -0.360278722286 4.1197
5ie5ie-5ie-5ie -6.85998987073 -0.491437592484 3.9520
5ie5ie-5ie-5ie- -6.85998987073 -0.491165478646 3.9521
5ie5ie-5ie5ie -6.86026198456 -0.490893364807 3.9526
5ie5ie-5ie5ie- -6.86026198456 -0.491165478646 3.9524
5ie5ie5ie -6.94461727453 -0.358646039255 4.1214
5ie5ie5ie- -6.94434516069 -0.360006608448 4.1199
5ie5ie5ie-5ie -6.85998987073 -0.491165478646 3.9523
5ie5ie5ie-5ie- -6.86026198456 -0.490893364807 3.9526
5ie5ie5ie5ie -6.85998987073 -0.491165478646 3.9522
5ie5ie5ie5ie- -6.85998987073 -0.491165478646 3.9522
5if -7.24802420455 1.33798374432 5.6456
5if5if -6.85971775689 0.439735963153 4.6024
5if5if- -6.8605340984 0.439463849315 4.6026
5if5if-5if -6.69889847828 0.0680284596462 4.2047
5if5if-5if- -6.69944270596 0.0683005734848 4.2051
5if5if-5if-5if -6.63848920612 -0.115920495237 4.0214
5if5if-5if5if -6.63957766147 -0.11537626756 4.0228
5if5if-5if5if- -6.63903343379 -0.114832039883 4.0228
5if5if5if- -6.69944270596 0.0685726873234 4.2053
5if5if5if-5if -6.63930554763 -0.114832039883 4.0230
5ig -7.26979331163 1.03675372501 5.2822
5ig5ig -7.11033460222 0.282182050613 4.7411
5ig5ig- -7.11223939909 0.285175302837 4.7449
5ig5ig-5ig -7.07223866482 -0.0185037410238 4.4792
5ig5ig-5ig- -7.0727828925 -0.0174152856694 4.4803
5ig5ig-5ig-5ig -7.08312321837 -0.139050171517 4.3882
5ig5ig-5ig5ig -7.08312321837 -0.139866513033 4.3876
5ig5ig-5ig5ig- -7.08312321837 -0.139322285355 4.3881
5ig5ig5ig- -7.07305500634 -0.0174152856694 4.4805
5ig5ig5ig-5ig -7.0833953322 -0.139322285355 4.3882
5ih -6.76992019015 1.48356464796 5.3819
5ih5ih -6.37780414875 0.736612161049 4.4784
5ih5ih- -6.37780414875 0.736884274888 4.4785
5ih5ih-5ih -6.19467153539 0.434021572543 4.1081
5ih5ih-5ih- -6.19494364922 0.433749458704 4.1081
5ih5ih-5ih-5ih -6.10596242401 0.296876197896 3.9317
5ih5ih-5ih-5ih- -6.10596242401 0.296876197896 3.9316
5ih5ih-5ih5ih -6.10569031017 0.296876197896 3.9316
5ih5ih-5ih5ih- -6.10623453785 0.297148311735 3.9320
5ih5ih5ih -6.19467153539 0.434293686382 4.1083
5ih5ih5ih- -6.19467153539 0.434293686382 4.1082
5ih5ih5ih-5ih -6.10569031017 0.296876197896 3.9316
5ih5ih5ih-5ih- -6.10623453785 0.296876197896 3.9321
5ih5ih5ih5ih -6.10596242401 0.296604084058 3.9317
5ih5ih5ih5ih- -6.10623453785 0.296876197896 3.9320
5ii -7.55578495599 1.35866439605 5.9705
5il -7.17101598823 1.4111823669 5.6493
5il5il -6.83305060071 0.451708972051 4.6441
5il5il- -6.93482117634 0.333883679944 4.6274
5il5il-5il -6.65998619937 -0.0201364240553 4.1485
5il5il-5il- -6.6602583132 -0.0198643102167 4.1489
5il5il-5il-5il -6.52610619078 -0.182316271852 3.9229
5il5il-5il-5il- -6.52637830462 -0.182316271852 3.9231
5il5il-5il5il -6.52583407694 -0.182316271852 3.9226
5il5il-5il5il- -6.52583407694 -0.18258838569 3.9225
5il5il5il -6.65971408553 -0.0201364240553 4.1484
5il5il5il- -6.65998619937 -0.0201364240553 4.1487
5il5il5il-5il -6.5255619631 -0.182316271852 3.9225
5il5il5il-5il- -6.52610619078 -0.18258838569 3.9227
5il5il5il5il -6.52583407694 -0.182316271852 3.9227
5il5il5il5il- -6.52583407694 -0.18258838569 3.9226
5la -7.25237802597 1.2468256084 5.5765
5la5la -6.36882439208 0.161907733958 4.0934
5la5la- -6.36882439208 0.161907733958 4.0936
5la5la-5la -5.846365822 -0.337693273684 3.3488
5la5la-5la- -5.846365822 -0.337421159845 3.3490
5la5la-5la-5la -5.53833295672 -0.613616706009 2.9370
5la5la-5la-5la- -5.53833295672 -0.613616706009 2.9371
5la5la-5la5la- -5.53833295672 -0.613616706009 2.9370
5la5la5la -5.846365822 -0.337693273684 3.3488
5la5la5la- -5.846365822 -0.337693273684 3.3488
5la5la5la-5la -5.53833295672 -0.613616706009 2.9371
5la5la5la5la -5.53833295672 -0.613616706009 2.9370
5la5la5la5la- -5.53833295672 -0.613616706009 2.9371
5ld -7.94137026526 0.00761918748038 5.0980
5le -7.36367258595 0.613616706009 5.1656
5lf -7.07223866482 1.42587651418 5.5919
5lg -7.15496127175 1.08791112666 5.3024
5lg5lg -6.93563751785 -0.00789130131896 4.3765
5lg5lg- -6.93618174553 -0.00761918748038 4.3770
5lg5lg-5lg- -6.75032799378 -0.460960842563 3.8906
5lg5lg-5lg-5lg -6.46923439852 -0.801647368471 3.4203
5lg5lg-5lg-5lg- -6.31412951052 -0.767905252487 3.3237
5lg5lg5lg -6.75032799378 -0.460688728724 3.8907
5lg5lg5lg5lg -6.54161667958 -0.760013951168 3.4878
5lg5lg5lg5lg- -6.54161667958 -0.760286065006 3.4877
5lh -6.62189026196 1.58642367895 5.3799
5lh5lh -6.07929526783 0.560010279808 4.1406
5lh5lh- -6.07820681247 0.508308650477 4.1177
5lh5lh-5lh -5.7187444317 0.120274316655 3.5405
5lh5lh-5lh- -5.7187444317 0.120546430493 3.5406
5lh5lh-5lh-5lh -5.54323100581 -0.124083910395 3.2204
5lh5lh-5lh5lh -5.54323100581 -0.124083910395 3.2204
5lh5lh-5lh5lh- -5.56200686068 -0.168982693761 3.2029
5lh5lh5lh- -5.7187444317 0.120274316655 3.5405
5lh5lh5lh-5lh -5.54323100581 -0.124083910395 3.2205
5li -7.17101598823 1.41145448074 5.6495
5li5li -6.83277848687 0.451708972051 4.6441
5li5li- -6.83277848687 0.451708972051 4.6439
5li5li-5li -6.09290095975 -0.210888224903 3.5914
5li5li-5li- -6.09262884592 -0.210888224903 3.5912
5li5li-5li-5li -5.95738826814 -0.330074086203 3.3954
5li5li-5li-5li- -5.95738826814 -0.330346200042 3.3951
5li5li-5li5li -6.12201714048 -0.249800503821 3.6040
5li5li-5li5li- -6.12147291281 -0.249800503821 3.6037
5li5li5li -6.09290095975 -0.210888224903 3.5914
5li5li5li- -6.09290095975 -0.210888224903 3.5913
5li5li5li-5li -5.95766038198 -0.330346200042 3.3954
5li5li5li-5li- -5.95766038198 -0.330346200042 3.3953
5li5li5li5li -6.10705087936 -0.356741242385 3.4789
5li5li5li5li- -6.1192960021 -0.251161073014 3.6011
5ll -6.92475296431 1.40628431781 5.4710
5ll5ll -6.49426887167 0.195105622265 4.1896
5ll5ll- -6.81373051817 0.489532795614 4.6013
5ll5ll-5ll -6.57263765718 0.166533669214 4.1911
5ll5ll-5ll- -6.65508815027 0.234290015022 4.2981
5ll5ll-5ll-5ll -6.41780488303 0.0454430110437 4.0133
5ll5ll-5ll-5ll- -6.35549081399 0.00870764283472 3.9501
5ll5ll-5ll5ll -6.45209122669 -0.0525179708469 3.9926
5ll5ll-5ll5ll- -6.45372390972 0.0133335780907 3.9911
5ll5ll5ll -6.51957545866 0.17877879195 4.1784
5ll5ll5ll- -6.51984757249 0.179050905789 4.1787
5ll5ll5ll-5ll -6.41290683393 0.00326536606302 3.9704
5ll5ll5ll-5ll- -6.3492321957 -0.0974167542134 3.8559
5ll5ll5ll5ll -6.40936935403 -0.0402728481106 3.9503
5ll5ll5ll5ll- -6.41345106161 0.0035374799016 3.9710
6ag -7.72531187743 0.518921090181 5.1616
6dg -8.22790613729 -0.656338578667 4.9478
6eg -7.54381194709 -0.0525179708469 4.8531
6fg -7.30952193207 0.496879869256 4.8172
6ga -7.6961956967 0.545588246363 5.1677
6ga6ga -7.31578055036 -0.378510349472 4.3261
6ga6ga- -7.31632477803 -0.378238235633 4.3265
6ga6ga-6ga -7.15686606862 -0.869403714279 3.9557
6ga6ga-6ga- -7.15686606862 -0.869675828117 3.9553
6ga6ga-6ga-6ga -7.07931362463 -1.14641560196 3.7466
6ga6ga-6ga-6ga- -7.07931362463 -1.1466877158 3.7464
6ga6ga-6ga6ga -7.07604825856 -1.14206178054 3.7597
6ga6ga-6ga6ga- -7.07604825856 -1.14206178054 3.7596
6ga6ga6ga -7.00339386366 -1.07947559767 3.6840
6ga6ga6ga- -7.1574102963 -0.869403714279 3.9560
6ga6ga6ga-6ga -7.07577614472 -1.14206178054 3.7597
6ga6ga6ga-6ga- -7.07604825856 -1.14233389438 3.7596
6ga6ga6ga6ga- -7.07604825856 -1.14206178054 3.7598
6gd -8.22436865739 -0.60953499843 4.9706
6gd6gd -8.07307336314 -1.30995601895 4.2623
6gd6gd- -8.07307336314 -1.31050024662 4.2614
6gd6gd-6gd -7.97021433215 -1.80493109133 3.9449
6gd6gd-6gd- -7.97048644599 -1.80520320517 3.9449
6gd6gd-6gd-6gd -7.92640400414 -2.08847371114 3.8090
6gd6gd-6gd-6gd- -7.92585977646 -2.08847371114 3.8088
6gd6gd-6gd6gd -7.90327432786 -2.09391598791 3.8001
6gd6gd-6gd6gd- -7.9035464417 -2.09418810175 3.8000
6gd6gd6gd -7.77293179918 -2.17146843191 3.4993
6gd6gd6gd- -7.97075855983 -1.80520320517 3.9451
6gd6gd6gd-6gd -7.9035464417 -2.09418810175 3.8000
6gd6gd6gd-6gd- -7.9035464417 -2.09418810175 3.8000
6gd6gd6gd6gd -7.9035464417 -2.09391598791 3.8003
6gd6gd6gd6gd- -7.9035464417 -2.09391598791 3.8002
6ge -7.54408406093 -0.00489804909453 4.8903
6ge6ge -7.28938550801 -0.566813125772 4.2584
6ge6ge- -7.28938550801 -0.566268898095 4.2584
6ge6ge-6ge -7.14570940124 -0.992671283158 3.9464
6ge6ge-6ge- -7.14570940124 -0.992399169319 3.9464
6ge6ge-6ge-6ge -7.09455199959 -1.22396804595 3.8013
6ge6ge-6ge-6ge- -7.09427988575 -1.22369593212 3.8014
6ge6ge-6ge6ge -7.0657079327 -1.23403625798 3.7862
6ge6ge-6ge6ge- -7.0657079327 -1.23430837182 3.7860
6ge6ge6ge -7.17673037884 -0.970357948394 3.9814
6ge6ge6ge- -7.14598151508 -0.992399169319 3.9466
6ge6ge6ge-6ge -7.0657079327 -1.23430837182 3.7860
6ge6ge6ge-6ge- -7.0657079327 -1.23458048566 3.7858
6ge6ge6ge6ge -7.10325964242 -1.20437584958 3.8348
6ge6ge6ge6ge- -7.06598004653 -1.23430837182 3.7858
6gf -7.28448745892 0.478104014394 4.7949
6gf6gf -7.20366964886 -0.407354416362 4.1674
6gf6gf- -7.2039417627 -0.407082302523 4.1676
6gf6gf-6gf -7.16121989004 -0.864505665184 3.8400
6gf6gf-6gf- -7.19822737209 -0.848178834869 3.8735
6gf6gf-6gf-6gf -7.17156021591 -1.11947633194 3.6807
6gf6gf-6gf-6gf- -7.17183232974 -1.1192042181 3.6811
6gf6gf-6gf6gf -7.14271614902 -1.12791186093 3.6619
6gf6gf-6gf6gf- -7.14271614902 -1.1276397471 3.6620
6gf6gf6gf -7.1609477762 -0.864505665184 3.8398
6gf6gf6gf- -7.16121989004 -0.864777779023 3.8399
6gf6gf6gf-6gf -7.14271614902 -1.1276397471 3.6620
6gf6gf6gf-6gf- -7.14271614902 -1.12791186093 3.6618
6gf6gf6gf6gf -7.20149273815 -1.09988413556 3.7243
6gf6gf6gf6gf- -7.16394102842 -1.11321771365 3.6976
6gg -7.34408038957 0.339870184393 4.7504
6gh -6.83958133283 0.690624922329 4.5859
6gh6gh -6.69536099838 -0.0514295154925 4.0666
6gh6gh- -6.69536099838 -0.0519737431697 4.0664
6gh6gh-6gh -6.64501993824 -0.419327425259 3.8159
6gh6gh-6gh- -6.64529205208 -0.418783197582 3.8163
6gh6gh-6gh-6gh -6.61644798519 -0.626406056422 3.6953
6gh6gh-6gh-6gh- -6.61644798519 -0.625861828745 3.6957
6gh6gh-6gh6gh -6.61644798519 -0.626133942584 3.6955
6gh6gh-6gh6gh- -6.61644798519 -0.625861828745 3.6957
6gh6gh6gh -6.64529205208 -0.419055311421 3.8162
6gh6gh6gh- -6.64529205208 -0.419055311421 3.8161
6gh6gh6gh-6gh -6.61644798519 -0.626133942584 3.6955
6gh6gh6gh-6gh- -6.61644798519 -0.625861828745 3.6957
6gh6gh6gh6gh -6.61672009903 -0.625861828745 3.6958
6gh6gh6gh6gh- -6.61617587135 -0.626133942584 3.6955
6gi -7.50190641595 0.58069093154 5.0535
6gi6gi -7.27469136073 -0.0952398435047 4.5265
6gi6gi- -7.27441924689 -0.0957840711819 4.5259
6gi6gi-6gi -7.20366964886 -0.462593525594 4.2995
6gi6gi-6gi- -7.20366964886 -0.462593525594 4.2996
6gi6gi-6gi-6gi -7.16040354852 -0.671849067466 4.1784
6gi6gi-6gi-6gi- -7.16040354852 -0.671849067466 4.1784
6gi6gi-6gi6gi -7.16040354852 -0.672121181305 4.1782
6gi6gi-6gi6gi- -7.16040354852 -0.672121181305 4.1784
6gi6gi6gi -7.2039417627 -0.462593525594 4.2997
6gi6gi6gi- -7.2039417627 -0.462593525594 4.2997
6gi6gi6gi-6gi -7.16067566236 -0.672393295143 4.1783
6gi6gi6gi-6gi- -7.16040354852 -0.672393295143 4.1781
6gi6gi6gi6gi -7.16040354852 -0.672121181305 4.1782
6gi6gi6gi6gi- -7.16040354852 -0.672393295143 4.1780
6gl -7.1574102963 0.570894833351 4.7743
6gl6gl -6.82080547797 -0.237827494923 4.0610
6gl6gl- -6.82053336413 -0.2383717226 4.0603
6gl6gl-6gl -6.60910091155 -0.648175163509 3.7458
6gl6gl-6gl- -6.60910091155 -0.648447277348 3.7455
6gl6gl-6gl-6gl -6.52447350775 -0.879199812468 3.5827
6gl6gl-6gl-6gl- -6.52447350775 -0.879199812468 3.5826
6gl6gl-6gl6gl -6.4874660257 -0.880560381661 3.5748
6gl6gl-6gl6gl- -6.4874660257 -0.880288267822 3.5749
6gl6gl6gl -6.6567208333 -0.631304105517 3.7829
6gl6gl6gl- -6.60937302539 -0.648447277348 3.7458
6gl6gl6gl-6gl -6.4874660257 -0.880288267822 3.5750
6gl6gl6gl-6gl- -6.48719391186 -0.880560381661 3.5749
6gl6gl6gl6gl -6.18378698184 -1.26505723558 3.0979
6gl6gl6gl6gl- -6.49644578238 -0.876206560243 3.6015
6hg -6.81862856726 0.766544683294 4.6133
6ig -7.50435544049 0.580963045379 5.0541
6lg -7.17673037884 0.613072478332 4.8127
