12ag -8.96941634744 2.98400035392 4.9396
12ag12ag -8.38192256993 1.22560072899 4.9241
12ag12ag- -8.22464077123 1.32927610149 4.9029
12ag12ag-12ag -7.83579009589 0.68273362101 4.2422
12ag12ag-12ag- -7.98545270711 0.64409345593 4.2952
12ag12ag-12ag-12ag -7.75061846441 0.339053842877 3.9385
12ag12ag-12ag-12ag- -7.75089057825 0.3385096152 3.9383
12ag12ag-12ag12ag -7.74381561845 0.35374799016 3.9448
12ag12ag-12ag12ag- -7.62109227725 0.337149046007 3.8741
12ag12ag12ag -7.98518059327 0.644365569769 4.2953
12ag12ag12ag- -7.98545270711 0.644365569769 4.2953
12ag12ag12ag-12ag -7.75116269209 0.337965387522 3.9382
12ag12ag12ag-12ag- -7.74517618764 0.350210510259 3.9434
12ag12ag12ag12ag -7.75034635058 0.339053842877 3.9385
12ag12ag12ag12ag- -7.75143480593 0.337965387522 3.9383
12dg -9.64044907339 1.55268156297 4.7771
12dg12dg -9.38956011421 -0.0182316271852 4.6483
12dg12dg- -9.05894180033 -0.147757814352 4.3604
12dg12dg-12dg -8.82383544379 -0.786953221188 3.8474
12dg12dg-12dg- -9.24289075521 -0.640555976029 4.2147
12dg12dg-12dg-12dg -9.18601896295 -0.963827216268 3.9661
12dg12dg-12dg-12dg- -9.18656319063 -0.964371443945 3.9663
12dg12dg-12dg12dg -9.18574684911 -0.963555102429 3.9663
12dg12dg-12dg12dg- -8.73376576322 -1.17498755501 3.5448
12dg12dg12dg -9.24234652754 -0.640011748352 4.2147
12dg12dg12dg- -9.24234652754 -0.618786868942 4.2153
12dg12dg12dg-12dg -9.18574684911 -0.963827216268 3.9658
12dg12dg12dg-12dg- -9.18656319063 -0.963827216268 3.9664
12dg12dg12dg12dg -9.18574684911 -0.963827216268 3.9659
12dg12dg12dg12dg- -9.17350172637 -1.00246738135 3.9505
12eg -9.12316066624 2.12874655925 4.2737
12eg12eg -8.51090452942 0.8152530604 4.2240
12eg12eg- -8.2491310167 0.646542480478 4.1366
12eg12eg-12eg -7.87225335026 0.12490025191 3.8463
12eg12eg-12eg- -8.20967451011 0.315924166597 4.1628
12eg12eg-12eg-12eg -8.09266555952 0.0955119573433 3.9638
12eg12eg-12eg-12eg- -8.04749466231 0.0478920355909 3.9269
12eg12eg-12eg12eg -8.04749466231 0.0481641494295 3.9270
12eg12eg-12eg12eg- -7.6757871588 -0.16544521386 3.5379
12eg12eg12eg -8.20940239627 0.315652052758 4.1626
12eg12eg12eg- -8.23824646316 0.34041441207 4.1681
12eg12eg12eg-12eg -8.09266555952 0.0955119573433 3.9640
12eg12eg12eg-12eg- -8.09266555952 0.0955119573433 3.9640
12eg12eg12eg12eg -8.04749466231 0.0481641494295 3.9269
12eg12eg12eg12eg- -8.04722254847 0.0481641494295 3.9269
12fg -9.07336383378 2.36194811892 4.7992
12fg12fg -8.44532509432 1.39186228436 4.9936
12fg12fg- -8.01756214007 1.38288252769 4.7789
12fg12fg-12fg -7.5459888578 0.740149640951 4.0859
12fg12fg-12fg- -8.05157636989 0.827770296975 4.4189
12fg12fg-12fg-12fg -7.8344295267 0.532798895949 4.1006
12fg12fg-12fg-12fg- -7.78599326343 0.498512552288 4.0538
12fg12fg-12fg12fg -7.75524439967 0.473205965299 4.0307
12fg12fg-12fg12fg- -7.28584802811 0.402728481106 3.7053
12fg12fg12fg -8.05157636989 0.828042410814 4.4193
12fg12fg12fg- -8.05130425605 0.827770296975 4.4188
12fg12fg12fg-12fg -7.8344295267 0.532526782111 4.1005
12fg12fg12fg-12fg- -7.83497375438 0.532798895949 4.1012
12fg12fg12fg12fg -7.83415741286 0.532526782111 4.1005
12fg12fg12fg12fg- -7.8344295267 0.532798895949 4.1008
12ga -8.93513000377 2.9774696218 4.8715
12ga12ga -8.13919702591 1.39322285355 4.8603
12ga12ga- -8.13919702591 1.39295073972 4.8602
12ga12ga-12ga -7.69946106276 0.768721594002 4.2225
12ga12ga-12ga- -7.69946106276 0.768721594002 4.2225
12ga12ga-12ga-12ga -7.78599326343 0.333067338428 3.9515
12ga12ga-12ga-12ga- -7.78980285717 0.327352947818 3.9499
12ga12ga-12ga12ga -7.44666730671 0.441640760023 3.8428
12ga12ga-12ga12ga- -7.44557885136 0.441096532346 3.8415
12ga12ga12ga -8.0523927114 0.629127194808 4.3157
12ga12ga12ga- -8.0523927114 0.629127194808 4.3158
12ga12ga12ga-12ga -7.78055098666 0.346400916519 3.9577
12ga12ga12ga-12ga- -7.78027887282 0.346400916519 3.9577
12ga12ga12ga12ga -7.78572114959 0.334427907621 3.9516
12ga12ga12ga12ga- -7.78599326343 0.334155793782 3.9516
12gd -9.58820321638 1.46179554088 4.7808
12gd12gd -9.30955864567 0.0846274037999 4.6674
12gd12gd- -8.99336236523 -0.0731986225793 4.4066
12gd12gd-12gd -8.7117245423 -0.714026712447 3.8587
12gd12gd-12gd- -9.02764870889 -0.54613247404 4.1631
12gd12gd-12gd-12gd -8.91281666901 -0.893077618236 3.8699
12gd12gd-12gd-12gd- -8.90029943244 -0.908860220874 3.8606
12gd12gd-12gd12gd -8.90057154627 -0.908588107035 3.8609
12gd12gd-12gd12gd- -8.58247046897 -1.09036015121 3.5399
12gd12gd12gd- -9.05050627133 -0.51919320402 4.1846
12gd12gd12gd-12gd -8.92751081629 -0.868587372763 3.8869
12gd12gd12gd-12gd- -8.58845697342 -1.0846457606 3.5475
12gd12gd12gd12gd -8.90029943244 -0.908860220874 3.8608
12gd12gd12gd12gd- -8.90057154627 -0.908860220874 3.8607
12ge -9.084792615 2.02915289433 4.2810
12ge12ge -8.43852224836 0.893349732074 4.2004
12ge12ge- -8.20477646101 0.711033460222 4.1175
12ge12ge-12ge -7.79279610939 0.201092126714 3.8657
12ge12ge-12ge- -8.083413689 0.396469862818 4.1776
12ge12ge-12ge-12ge -7.91796847514 0.164900986182 3.9398
12ge12ge-12ge-12ge- -7.88858018058 0.136329033131 3.9117
12ge12ge-12ge12ge -7.88830806674 0.136056919292 3.9112
12ge12ge-12ge12ge- -7.56911853408 -0.0729265087408 3.5509
12ge12ge12ge -8.083413689 0.396469862818 4.1775
12ge12ge12ge- -8.11742791883 0.430484092641 4.1822
12ge12ge12ge-12ge -7.94599620052 0.197282532974 3.9679
12ge12ge12ge-12ge- -7.94626831436 0.197282532974 3.9683
12ge12ge12ge12ge -7.88858018058 0.136329033131 3.9117
12ge12ge12ge12ge- -7.88885229442 0.136329033131 3.9117
12gf -8.90927918911 2.98971474453 5.0258
12gf12gf -8.28260101885 1.21063446786 4.7304
12gf12gf- -8.06354937879 1.40492374861 4.6507
12gf12gf-12gf -7.62925569241 0.760013951168 4.1250
12gf12gf-12gf- -7.83170838831 0.607902315399 4.0761
12gf12gf-12gf-12gf -7.58898284429 0.273746521616 3.7001
12gf12gf-12gf-12gf- -7.58898284429 0.273474407778 3.7000
12gf12gf-12gf12gf -7.58571747823 0.271569610908 3.6970
12gf12gf-12gf12gf- -7.39006762829 0.413885148488 3.7402
12gf12gf12gf -7.83198050215 0.607902315399 4.0761
12gf12gf12gf- -7.83198050215 0.607902315399 4.0762
12gf12gf12gf-12gf -7.58598959207 0.271841724746 3.6972
12gf12gf12gf-12gf- -7.58571747823 0.271841724746 3.6970
12gf12gf12gf12gf -7.59007129965 0.272113838585 3.7004
12gf12gf12gf12gf- -7.58979918581 0.271841724746 3.7001
12gg -9.02084586293 2.30425998514 4.8560
12gg12gg -8.66301616519 1.35920862373 5.0971
12gg12gg- -8.66383250671 1.35948073757 5.0967
12gg12gg-12gg -8.40614070157 0.736884274888 4.5789
12gg12gg-12gg- -8.48069989334 0.712666143254 4.6354
12gg12gg-12gg-12gg -8.299199963 0.428035068094 4.3677
12gg12gg-12gg-12gg- -8.27362126217 0.429123523448 4.3602
12gg12gg-12gg12gg- -8.35389484456 0.474022306815 4.4193
12gg12gg12gg -8.39688883105 0.732530453471 4.5960
12gg12gg12gg- -8.39661671721 0.732258339632 4.5958
12gg12gg12gg12gg -8.27443760369 0.429123523448 4.3602
12gg12gg12gg12gg- -8.27389337601 0.429123523448 4.3603
12gh -8.78628373407 2.84413384089 5.6413
12gh12gh -7.81157196426 1.59513132178 4.6606
12gh12gh- -7.8118440781 1.59513132178 4.6610
12gh12gh-12gh -7.30734502136 1.03512104198 4.0139
12gh12gh-12gh- -7.3076171352 1.03512104198 4.0140
12gh12gh-12gh-12gh -7.02870045065 0.747496714593 3.6507
12gh12gh-12gh-12gh- -7.02870045065 0.747496714593 3.6508
12gh12gh-12gh12gh -7.02870045065 0.747496714593 3.6508
12gh12gh-12gh12gh- -7.02897256449 0.747224600754 3.6508
12gh12gh12gh -7.3076171352 1.03512104198 4.0140
12gh12gh12gh- -7.30734502136 1.03512104198 4.0137
12gh12gh12gh-12gh -7.02897256449 0.747224600754 3.6508
12gh12gh12gh-12gh- -7.02870045065 0.747224600754 3.6507
12gh12gh12gh12gh -7.02870045065 0.747224600754 3.6506
12gh12gh12gh12gh- -7.02870045065 0.747224600754 3.6507
12gi -9.352824746 2.90372677154 5.5054
12gi12gi -8.57539550916 1.69826246661 5.2810
12gi12gi- -8.575667623 1.69826246661 5.2811
12gi12gi-12gi -8.25702231802 1.21743731383 4.8252
12gi12gi-12gi- -8.25675020418 1.21689308615 4.8245
12gi12gi-12gi-12gi -8.11252986973 0.997841446091 4.5891
12gi12gi-12gi-12gi- -8.11225775589 0.997841446091 4.5890
12gi12gi-12gi12gi -8.11225775589 0.997841446091 4.5891
12gi12gi-12gi12gi- -8.11252986973 0.997841446091 4.5891
12gi12gi12gi -8.25675020418 1.21716519999 4.8246
12gi12gi12gi- -8.25702231802 1.21716519999 4.8251
12gi12gi12gi-12gi -8.11252986973 0.997841446091 4.5891
12gi12gi12gi-12gi- -8.11225775589 0.997841446091 4.5890
12gi12gi12gi12gi -8.11252986973 0.997841446091 4.5891
12gi12gi12gi12gi- -8.11225775589 0.997841446091 4.5890
12gl -8.89322447263 2.98155132937 4.8732
12gl12gl -8.2265455681 1.51757887779 4.9660
12gl12gl- -8.14137393662 1.57390644238 4.9802
12gl12gl-12gl -7.79225188172 0.952126321209 4.3613
12gl12gl-12gl- -7.74653675684 0.953486890402 4.3250
12gl12gl-12gl-12gl -7.51605633555 0.664774107663 3.9932
12gl12gl-12gl-12gl- -7.51605633555 0.664229879986 3.9928
12gl12gl-12gl12gl -7.56204357427 0.643277114415 4.0137
12gl12gl-12gl12gl- -7.56177146044 0.643549228253 4.0137
12gl12gl12gl -7.74544830148 0.953214776563 4.3241
12gl12gl12gl- -7.746264643 0.953214776563 4.3247
12gl12gl12gl-12gl -7.51578422172 0.664501993824 3.9928
12gl12gl12gl-12gl- -7.51605633555 0.664501993824 3.9930
12gl12gl12gl12gl -7.51605633555 0.664501993824 3.9930
12gl12gl12gl12gl- -7.51632844939 0.664774107663 3.9932
12hg -8.73594267393 2.72331529656 5.6694
12hg12hg -8.10545490993 1.68520100236 4.9838
12hg12hg- -8.10545490993 1.68520100236 4.9838
12hg12hg-12hg -7.79932684152 1.12900031629 4.4745
12hg12hg-12hg- -7.79905472768 1.12900031629 4.4744
12hg12hg-12hg-12hg -7.50598812353 0.744503462368 4.0735
12hg12hg-12hg-12hg- -7.50626023736 0.744775576207 4.0738
12hg12hg-12hg12hg -7.50571600969 0.744775576207 4.0733
12hg12hg-12hg12hg- -7.50544389585 0.744503462368 4.0729
12hg12hg12hg -7.79905472768 1.12872820245 4.4742
12hg12hg12hg- -7.79905472768 1.12872820245 4.4744
12hg12hg12hg-12hg -7.65973244233 0.849811517901 4.2202
12hg12hg12hg-12hg- -7.50598812353 0.745047690045 4.0737
12hg12hg12hg12hg -7.50571600969 0.744503462368 4.0733
12hg12hg12hg12hg- -7.50598812353 0.744775576207 4.0735
12ig -8.87227170706 3.08413824652 4.9874
12ig12ig -8.3993378556 1.74071222543 4.9983
12ig12ig- -8.39906574176 1.74016799775 4.9980
12ig12ig-12ig -8.22708979578 1.26532934942 4.8511
12ig12ig-12ig- -8.2265455681 1.2645130079 4.8502
12ig12ig-12ig-12ig -8.01592945703 0.871580624987 4.4844
12ig12ig-12ig-12ig- -8.01592945703 0.872124852665 4.4848
12ig12ig-12ig12ig -8.20695337172 1.05961128745 4.6969
12ig12ig-12ig12ig- -8.20668125788 1.05906705977 4.6964
12ig12ig12ig -8.2265455681 1.2645130079 4.8502
12ig12ig12ig- -8.2265455681 1.2645130079 4.8503
12ig12ig12ig-12ig -8.2074975994 1.05988340129 4.6975
12ig12ig12ig-12ig- -8.20695337172 1.05906705977 4.6966
12ig12ig12ig12ig -8.20695337172 1.0585228321 4.6961
12ig12ig12ig12ig- -8.20668125788 1.05879494593 4.6961
12lg -8.91254455517 3.05638263499 5.0308
13ag -8.35253427536 3.41257964969 4.8030
13ag13ag -8.15198637633 2.19405388051 5.4577
13ag13ag- -8.00286799278 2.30943014807 4.9398
13ag13ag-13ag -7.77891830363 1.76601881242 4.9233
13ag13ag-13ag- -7.62680666786 1.44410814137 4.6311
13ag13ag-13ag-13ag -7.4648989339 1.00192315367 4.2527
13ag13ag-13ag-13ag- -7.46462682006 1.00083469832 4.2518
13ag13ag-13ag13ag- -7.70517545337 1.46941472836 4.7630
13ag13ag13ag -7.62653455402 1.44383602753 4.6309
13ag13ag13ag- -7.66544683294 1.4196178959 4.6477
13ag13ag13ag-13ag -7.46462682006 1.00110681215 4.2520
13ag13ag13ag-13ag- -7.57864251843 1.21471617544 4.4825
13ag13ag13ag13ag -7.46789218612 1.00192315367 4.2451
13ag13ag13ag13ag- -7.46435470622 1.00083469832 4.2517
13dg -9.07009846771 2.23976900539 4.7733
13dg13dg -9.05594854811 0.93253412483 4.7428
13dg13dg- -9.05921391417 0.934711035539 4.7436
13dg13dg-13dg -8.75444641495 0.100954234115 4.4868
13dg13dg-13dg- -9.00860074019 0.277011887679 4.7304
13dg13dg-13dg-13dg -8.70383324098 -0.36544888522 4.1557
13dg13dg-13dg-13dg- -9.03064196112 -0.132791553229 4.5431
13dg13dg-13dg13dg -9.03363521334 -0.131158870198 4.5451
13dg13dg-13dg13dg- -8.8153999148 -0.115920495237 4.4017
13dg13dg13dg -9.00832862635 0.277284001518 4.7301
13dg13dg13dg- -8.67961510934 0.10775708008 4.4561
13dg13dg13dg-13dg -9.20914863923 0.230208307443 4.7454
13dg13dg13dg-13dg- -9.11200399885 0.0302046360829 4.7064
13dg13dg13dg13dg -9.0333630995 -0.131430984037 4.5448
13dg13dg13dg13dg- -9.0333630995 -0.131430984037 4.5449
13eg -8.59090599796 2.77882651963 4.2816
13eg13eg -8.2074975994 1.64356758505 4.2631
13eg13eg- -8.20504857485 1.64139067434 4.2630
13eg13eg-13eg -8.1038222269 1.28818691186 4.2642
13eg13eg-13eg- -7.9655883969 1.06886315796 4.2560
13eg13eg-13eg-13eg -7.95252693264 0.92301014048 4.2586
13eg13eg-13eg-13eg- -7.87198123642 0.734979478018 4.2467
13eg13eg-13eg13eg -7.87225335026 0.735523705695 4.2469
13eg13eg-13eg13eg- -8.06490994798 1.09144860656 4.2631
13eg13eg13eg -7.96531628306 1.06940738564 4.2560
13eg13eg13eg- -8.10409434074 1.28873113954 4.2644
13eg13eg13eg-13eg -8.06490994798 1.0917207204 4.2631
13eg13eg13eg-13eg- -7.9762008366 0.880288267822 4.2549
13eg13eg13eg13eg -7.87198123642 0.735251591856 4.2467
13eg13eg13eg13eg- -7.87116489491 0.734435250341 4.2466
13fg -8.51906794458 2.76005066477 4.6215
13fg13fg -7.96449994154 2.22398640275 5.3381
13fg13fg- -7.96395571386 2.22208160588 5.3361
13fg13fg-13fg -7.57891463227 1.53989221255 4.6682
13fg13fg-13fg- -7.57918674611 1.54016432639 4.6687
13fg13fg-13fg-13fg -7.60231642239 1.52628652062 4.7114
13fg13fg-13fg-13fg- -7.37618982252 1.14995308186 4.2972
13fg13fg-13fg13fg -7.38108787162 1.15131365105 4.3001
13fg13fg-13fg13fg- -7.60204430855 1.52628652062 4.7113
13fg13fg13fg -7.57401658317 1.53308936659 4.6608
13fg13fg13fg- -7.70054951811 1.75976019413 4.9120
13fg13fg13fg-13fg -7.60204430855 1.52655863446 4.7113
13fg13fg13fg-13fg- -7.47986519502 1.29009170873 4.4828
13fg13fg13fg13fg -7.38054364394 1.15185787873 4.3002
13fg13fg13fg13fg- -7.38108787162 1.15240210641 4.3011
13ga -8.32015272857 3.38890574574 4.7632
13ga13ga -8.15225849017 2.19459810819 5.4586
13ga13ga- -7.56993487559 2.17364534262 4.7713
13ga13ga-13ga -7.68803228154 1.45853017482 4.6844
13ga13ga-13ga- -7.71687634843 1.44247545834 4.7015
13ga13ga-13ga-13ga -7.60775869916 1.19757300361 4.4832
13ga13ga-13ga-13ga- -7.5424513779 1.0275018545 4.3120
13ga13ga-13ga13ga -7.54190715022 1.02532494379 4.3101
13ga13ga-13ga13ga- -7.76449627018 1.48927903858 4.8121
13ga13ga13ga -7.71660423459 1.44274757218 4.7015
13ga13ga13ga- -7.71633212075 1.44165911682 4.7006
13ga13ga13ga-13ga -7.54190715022 1.02695762682 4.3112
13ga13ga13ga-13ga- -7.61211252057 1.22859398121 4.5124
13ga13ga13ga13ga -7.54217926406 1.02668551298 4.3113
13ga13ga13ga13ga- -7.54217926406 1.02668551298 4.3111
13gd -9.0192131799 2.14779452795 4.7660
13gd13gd -8.8464208924 1.05144787229 4.7117
13gd13gd- -8.84560455088 1.0500873031 4.7115
13gd13gd-13gd -8.64451242417 0.118369519784 4.3811
13gd13gd-13gd- -8.6877785245 0.330074086203 4.6147
13gd13gd-13gd-13gd -8.62192697556 -0.186670093269 4.3041
13gd13gd-13gd-13gd- -8.45240005412 -0.248984162305 4.0732
13gd13gd-13gd13gd -8.61784526798 -0.0680284596462 4.3215
13gd13gd-13gd13gd- -8.52097274145 -0.0917023636031 4.1866
13gd13gd13gd -8.68941120753 0.327352947818 4.6132
13gd13gd13gd- -8.644784538 0.118369519784 4.3812
13gd13gd13gd-13gd -8.52070062761 -0.0917023636031 4.1865
13gd13gd13gd-13gd- -8.45158371261 -0.248984162305 4.0727
13gd13gd13gd13gd -8.68941120753 -0.089797566733 4.3320
13ge -8.53811591328 2.67596748864 4.2797
13ge13ge -8.08776751042 1.74778718523 4.2327
13ge13ge- -8.08803962426 1.74778718523 4.2326
13ge13ge-13ge -7.94681254203 1.40900545619 4.2337
13ge13ge-13ge- -7.78544903575 1.13716373145 4.2228
13ge13ge-13ge-13ge -7.90245798634 1.24492081153 4.2333
13ge13ge-13ge-13ge- -7.76259147331 0.994848193866 4.2235
13ge13ge-13ge13ge -7.90218587251 1.24464869769 4.2332
13ge13ge-13ge13ge- -7.64639886424 0.794300294829 4.2125
13ge13ge13ge -7.78544903575 1.13689161761 4.2228
13ge13ge13ge- -7.94681254203 1.40900545619 4.2337
13ge13ge13ge-13ge -7.90245798634 1.24492081153 4.2333
13ge13ge13ge-13ge- -7.90218587251 1.24464869769 4.2332
13ge13ge13ge13ge -7.64639886424 0.794572408668 4.2125
13ge13ge13ge13ge- -7.64667097807 0.794300294829 4.2127
13gf -8.28994809249 3.65394462452 4.8974
13gf13gf -7.82381708699 2.01228183634 5.0097
13gf13gf- -7.82436131467 2.01418663321 5.0094
13gf13gf-13gf -7.52231495384 1.49281651848 4.5809
13gf13gf-13gf- -7.47714405664 1.26805048781 4.3495
13gf13gf-13gf-13gf -7.39278876667 1.20083836968 4.3225
13gf13gf-13gf-13gf- -7.34788998331 0.965459899299 4.0997
13gf13gf-13gf13gf -7.392244539 1.20002202816 4.3215
13gf13gf-13gf13gf- -7.392244539 1.19974991432 4.3213
13gf13gf13gf -7.47741617047 1.26750626013 4.3491
13gf13gf13gf- -7.47714405664 1.26723414629 4.3485
13gf13gf13gf-13gf -7.39251665284 1.20002202816 4.3216
13gf13gf13gf-13gf- -7.39251665284 1.200294142 4.3218
13gf13gf13gf13gf -7.29591624014 0.834028915263 3.9532
13gf13gf13gf13gf- -7.29591624014 0.833484687586 3.9529
13gg -8.50382956962 2.63569464053 4.6719
13gg13gg -8.19987841192 1.51540196708 5.0103
13gg13gg- -8.29266923088 2.16003965069 4.9347
13gg13gg13gg -8.13212206611 1.56220554732 5.0108
13gg13gg13gg- -8.3147104518 1.8032984083 4.9990
13gh -8.19661304585 3.44142371658 5.7051
13gh13gh -7.43088470408 2.20657111709 4.9297
13gh13gh- -7.43088470408 2.20548266173 4.9290
13gh13gh-13gh -7.22897623585 1.93826687224 4.6436
13gh13gh-13gh- -7.38761860374 2.09636501246 4.8497
13gh13gh-13gh-13gh -7.10271541474 1.66016652921 4.4165
13gh13gh-13gh-13gh- -7.10325964242 1.66043864305 4.4167
13gh13gh-13gh13gh- -7.1024433009 1.65989441537 4.4160
13gh13gh13gh -7.22761566665 1.93853898608 4.6427
13gh13gh13gh- -7.38843494526 2.09690924014 4.8506
13gh13gh13gh-13gh- -7.10217118707 1.65989441537 4.4159
13gh13gh13gh13gh -7.10189907323 1.65962230153 4.4154
13gh13gh13gh13gh- -7.10271541474 1.66016652921 4.4162
13gi -8.80424324741 3.50918006239 5.5537
13gi13gi -8.14219027814 2.52957024349 5.4134
13gi13gi- -8.14246239198 2.52957024349 5.4138
13gi13gi-13gi -7.95198270497 2.1418080235 5.3226
13gi13gi-13gi- -7.95307116032 2.14208013734 5.3235
13gi13gi-13gi-13gi -7.90164164483 1.96384557307 5.2046
13gi13gi-13gi-13gi- -7.90245798634 1.96384557307 5.2050
13gi13gi-13gi13gi -7.90218587251 1.96411768691 5.2050
13gi13gi-13gi13gi- -7.90245798634 1.96411768691 5.2051
13gi13gi13gi -7.95225481881 2.14126379582 5.3229
13gi13gi13gi- -7.95252693264 2.14126379582 5.3230
13gi13gi13gi-13gi -7.90218587251 1.96384557307 5.2048
13gi13gi13gi-13gi- -7.90245798634 1.96384557307 5.2049
13gi13gi13gi13gi -7.90245798634 1.96438980074 5.2053
13gi13gi13gi13gi- -7.90164164483 1.96411768691 5.2047
13gl -8.35307850304 3.38944997341 4.7634
13gl13gl -7.96205091699 2.34643763012 5.2418
13gl13gl- -7.9606903478 2.34698185779 5.2409
13gl13gl-13gl -7.62490187099 1.90180361787 4.9679
13gl13gl-13gl- -7.52993414132 1.60465530614 4.6583
13gl13gl-13gl-13gl -7.39523779122 1.40982179771 4.4773
13gl13gl-13gl-13gl- -7.33210738067 1.18995381613 4.2600
13gl13gl-13gl13gl -7.33210738067 1.18886536078 4.2595
13gl13gl-13gl13gl- -7.46653161693 1.63186668999 4.7027
13gl13gl13gl -7.52966202748 1.60492741997 4.6585
13gl13gl13gl- -7.62462975715 1.90180361787 4.9677
13gl13gl13gl-13gl -7.46653161693 1.63186668999 4.7026
13gl13gl13gl-13gl- -7.37129177343 1.40329106558 4.4492
13gl13gl13gl13gl -7.33156315299 1.18913747462 4.2590
13gl13gl13gl13gl- -7.33156315299 1.18886536078 4.2590
13hg -8.19933418424 3.3491771253 5.7305
13hg13hg -7.32993046996 2.20276152334 4.8423
13hg13hg- -7.32911412845 2.20357786486 4.8422
13hg13hg-13hg -7.42353763043 1.95160045033 4.8627
13hg13hg-13hg- -7.42380974427 1.95214467801 4.8631
13hg13hg-13hg-13hg -7.34761786947 1.7045210849 4.6709
13hg13hg-13hg-13hg- -7.34788998331 1.70479319873 4.6710
13hg13hg-13hg13hg -7.34761786947 1.7045210849 4.6707
13hg13hg-13hg13hg- -7.24938477374 1.64465604041 4.5070
13hg13hg13hg -7.42380974427 1.95160045033 4.8628
13hg13hg13hg- -7.42380974427 1.95160045033 4.8628
13hg13hg13hg-13hg -7.34734575563 1.7045210849 4.6707
13hg13hg13hg-13hg- -7.34734575563 1.7045210849 4.6706
13hg13hg13hg13hg -7.34734575563 1.7045210849 4.6707
13hg13hg13hg13hg- -7.34734575563 1.7045210849 4.6706
13ig -8.80451536125 3.50836372088 5.5542
13ig13ig -8.08858385194 2.68385878996 4.9840
13ig13ig- -8.08912807961 2.68385878996 4.9835
13ig13ig-13ig -7.96150668932 2.25936120177 4.9732
13ig13ig-13ig- -7.96123457548 2.25881697409 4.9731
13ig13ig-13ig-13ig -7.96449994154 2.07459590537 4.9727
13ig13ig-13ig-13ig- -7.96395571386 2.07405167769 4.9724
13ig13ig-13ig13ig -7.9642278277 2.07459590537 4.9728
13ig13ig-13ig13ig- -7.9642278277 2.07541224689 4.9718
13ig13ig13ig -7.96177880316 2.25990542945 4.9731
13ig13ig13ig- -7.96259514467 2.26072177096 4.9734
13ig13ig13ig-13ig -7.96368360003 2.07432379153 4.9724
13ig13ig13ig-13ig- -7.96395571386 2.07486801921 4.9723
13ig13ig13ig13ig -7.9642278277 2.07432379153 4.9727
13ig13ig13ig13ig- -7.9642278277 2.07514013305 4.9724
13lg -8.30246532906 3.6841492606 4.8879
4ag -8.96315772915 2.15051566634 4.9115
4ag4ag -8.89104756192 1.32029634481 4.9359
4ag4ag- -8.89104756192 1.32029634481 4.9363
4ag4ag-4ag -8.80070576751 0.947500385953 4.9389
4ag4ag-4ag- -8.78111357114 0.944507133728 4.9373
4ag4ag-4ag-4ag -8.730772511 0.750217852979 4.9156
4ag4ag-4ag-4ag- -8.74056860919 0.74804094227 4.9337
4ag4ag-4ag4ag -8.74056860919 0.747496714593 4.9341
4ag4ag-4ag4ag- -8.74029649535 0.747224600754 4.9344
4ag4ag4ag -8.80016153984 0.931989897153 4.9391
4ag4ag4ag- -8.80124999519 0.948588841307 4.9385
4ag4ag4ag-4ag -8.74029649535 0.747496714593 4.9342
4ag4ag4ag-4ag- -8.74029649535 0.747496714593 4.9333
4ag4ag4ag4ag -8.74165706454 0.726543949022 4.9365
4ag4ag4ag4ag- -8.74383397525 0.745319803884 4.9384
4dg -9.49731719429 0.622596462682 4.9965
4dg4dg -9.62357801539 0.120002202816 4.8205
4dg4dg- -9.62357801539 0.120274316655 4.8206
4dg4dg-4dg -9.67092582331 -0.15183952193 4.8070
4dg4dg-4dg- -9.67065370947 -0.151023180415 4.8071
4dg4dg-4dg-4dg -9.64208175642 -0.309393434471 4.7999
4dg4dg-4dg-4dg- -9.68317094604 -0.310754003664 4.8006
4dg4dg-4dg4dg -9.68289883221 -0.310754003664 4.8005
4dg4dg-4dg4dg- -9.68317094604 -0.310481889825 4.8005
4dg4dg4dg -9.62847606449 -0.160547164765 4.8062
4dg4dg4dg- -9.67092582331 -0.15183952193 4.8068
4dg4dg4dg-4dg -9.68317094604 -0.310754003664 4.8005
4dg4dg4dg-4dg- -9.68344305988 -0.311026117503 4.8005
4dg4dg4dg4dg -9.63255777207 -0.318373191144 4.8019
4dg4dg4dg4dg- -9.64180964258 -0.30966554831 4.7998
4eg -8.81077397954 1.17335487198 4.2992
4eg4eg -8.78982121397 0.800831026955 4.2454
4eg4eg- -8.79009332781 0.801103140794 4.2453
4eg4eg-4eg -8.76941267608 0.608174429237 4.2443
4eg4eg-4eg- -8.76941267608 0.607902315399 4.2443
4eg4eg-4eg-4eg -8.74519454444 0.479464583587 4.2413
4eg4eg-4eg-4eg- -8.75118104889 0.491165478646 4.2436
4eg4eg-4eg4eg -8.75118104889 0.491165478646 4.2435
4eg4eg-4eg4eg- -8.75118104889 0.491165478646 4.2435
4eg4eg4eg -8.76097714708 0.592936054277 4.2414
4eg4eg4eg- -8.76941267608 0.608174429237 4.2443
4eg4eg4eg-4eg -8.75090893505 0.490621250969 4.2435
4eg4eg4eg-4eg- -8.75118104889 0.490893364807 4.2435
4eg4eg4eg4eg -8.73703112928 0.458239704177 4.2398
4eg4eg4eg4eg- -8.74519454444 0.477831900555 4.2418
4fg -8.61621258495 2.02207793452 4.8056
4fg4fg -8.55362640208 1.40383529326 4.9133
4fg4fg- -8.55362640208 1.40356317942 4.9134
4fg4fg-4fg -8.48178834869 1.08328519141 4.8937
4fg4fg-4fg- -8.48151623485 1.08328519141 4.8939
4fg4fg-4fg-4fg -8.42818192249 0.882737292369 4.8209
4fg4fg-4fg-4fg- -8.43226363007 0.920016888256 4.8250
4fg4fg-4fg4fg -8.43226363007 0.920289002094 4.8253
4fg4fg-4fg4fg- -8.43226363007 0.920289002094 4.8252
4fg4fg4fg -8.47961143798 1.04083543259 4.8925
4fg4fg4fg- -8.48151623485 1.08301307757 4.8935
4fg4fg4fg-4fg -8.43199151623 0.920016888256 4.8250
4fg4fg4fg-4fg- -8.43226363007 0.920016888256 4.8251
4fg4fg4fg4fg -8.42763769481 0.843552899613 4.8076
4fg4fg4fg4fg- -8.42382810107 0.880560381661 4.8112
4ga -8.96315772915 2.15051566634 4.9115
4ga4ga -8.89131967576 1.32029634481 4.9361
4ga4ga- -8.89104756192 1.32084057249 4.9362
4ga4ga-4ga -8.80124999519 0.948316727468 4.9387
4ga4ga-4ga- -8.80124999519 0.947772499791 4.9382
4ga4ga-4ga-4ga -8.74383397525 0.745591917723 4.9386
4ga4ga-4ga-4ga- -8.74383397525 0.745591917723 4.9384
4ga4ga-4ga4ga -8.74056860919 0.747768828431 4.9342
4ga4ga-4ga4ga- -8.74029649535 0.747224600754 4.9343
4ga4ga4ga -8.80016153984 0.930901441799 4.9389
4ga4ga4ga- -8.80124999519 0.948588841307 4.9383
4ga4ga4ga-4ga -8.74056860919 0.747768828431 4.9341
4ga4ga4ga-4ga- -8.74029649535 0.747496714593 4.9342
4ga4ga4ga4ga -8.74165706454 0.726543949022 4.9368
4ga4ga4ga4ga- -8.74084072302 0.737972730242 4.9386
4gd -9.49758930813 0.622596462682 4.9965
4gd4gd -9.62357801539 0.121362772009 4.8206
4gd4gd- -9.62357801539 0.120818544332 4.8207
4gd4gd-4gd -9.67119793715 -0.151295294253 4.8070
4gd4gd-4gd- -9.67092582331 -0.151567408092 4.8070
4gd4gd-4gd-4gd -9.64208175642 -0.309393434471 4.7998
4gd4gd-4gd-4gd- -9.64180964258 -0.30966554831 4.7999
4gd4gd-4gd4gd -9.68344305988 -0.309937662148 4.8006
4gd4gd-4gd4gd- -9.68317094604 -0.310209775987 4.8006
4gd4gd4gd -9.62847606449 -0.160819278604 4.8063
4gd4gd4gd- -9.67038159563 -0.151023180415 4.8072
4gd4gd4gd-4gd -9.68317094604 -0.310209775987 4.8006
4gd4gd4gd-4gd- -9.68344305988 -0.310209775987 4.8006
4gd4gd4gd4gd -9.63282988591 -0.318917418822 4.8018
4gd4gd4gd4gd- -9.68126614917 -0.302046360829 4.8044
4ge -8.81104609338 1.17417121349 4.2992
4ge4ge -8.78982121397 0.801375254633 4.2452
4ge4ge- -8.78954910013 0.801103140794 4.2451
4ge4ge-4ge -8.76941267608 0.608990770753 4.2443
4ge4ge-4ge- -8.76941267608 0.608174429237 4.2443
4ge4ge-4ge-4ge -8.74546665828 0.478920355909 4.2418
4ge4ge-4ge-4ge- -8.74546665828 0.478376128232 4.2418
4ge4ge-4ge4ge -8.75118104889 0.491437592484 4.2435
4ge4ge-4ge4ge- -8.75118104889 0.491709706323 4.2436
4ge4ge4ge -8.76097714708 0.590759143568 4.2412
4ge4ge4ge- -8.76941267608 0.60763020156 4.2443
4ge4ge4ge-4ge -8.75118104889 0.490893364807 4.2435
4ge4ge4ge-4ge- -8.75118104889 0.491437592484 4.2435
4ge4ge4ge4ge -8.73675901545 0.458239704177 4.2398
4ge4ge4ge4ge- -8.74519454444 0.479736697425 4.2413
4gf -8.61675681263 2.0226221622 4.8054
4gf4gf -8.55362640208 1.40383529326 4.9134
4gf4gf- -8.55471485743 1.40329106558 4.9126
4gf4gf-4gf -8.48151623485 1.08301307757 4.8932
4gf4gf-4gf- -8.48151623485 1.08328519141 4.8936
4gf4gf-4gf-4gf -8.42410021491 0.873757535696 4.8075
4gf4gf-4gf-4gf- -8.42410021491 0.874029649535 4.8077
4gf4gf-4gf4gf -8.43226363007 0.920016888256 4.8250
4gf4gf-4gf4gf- -8.43199151623 0.920289002094 4.8251
4gf4gf4gf -8.47961143798 1.04110754643 4.8925
4gf4gf4gf- -8.48178834869 1.08274096373 4.8931
4gf4gf4gf-4gf -8.43226363007 0.920561115933 4.8253
4gf4gf4gf-4gf- -8.43199151623 0.920289002094 4.8251
4gf4gf4gf4gf -8.42763769481 0.843825013452 4.8079
4gf4gf4gf4gf- -8.42872615017 0.882465178531 4.8208
4gg -8.60233477918 1.89608922726 4.7898
4gg4gg -8.65185949781 1.26913894316 4.8495
4gg4gg- -8.65104315629 1.27022739851 4.8495
4gg4gg-4gg -8.64043071659 1.01035868267 4.8556
4gg4gg-4gg- -8.64043071659 1.0106307965 4.8553
4gg4gg-4gg-4gg -8.64179128578 0.838110622842 4.8509
4gg4gg-4gg-4gg- -8.64206339962 0.837838509003 4.8513
4gg4gg-4gg4gg -8.6426076273 0.876206560243 4.8479
4gg4gg-4gg4gg- -8.6426076273 0.875934446405 4.8479
4gg4gg4gg -8.6567575469 0.951309979693 4.8571
4gg4gg4gg- -8.64043071659 1.01008656883 4.8553
4gg4gg4gg-4gg -8.6426076273 0.876206560243 4.8479
4gg4gg4gg-4gg- -8.6426076273 0.875934446405 4.8476
4gg4gg4gg4gg -8.65512486387 0.800831026955 4.8614
4gg4gg4gg4gg- -8.64179128578 0.837838509003 4.8512
4gh -8.14654409956 2.22180949205 4.7567
4gh4gh -8.27008378227 1.78370621192 4.8523
4gh4gh- -8.2695395546 1.78506678112 4.8525
4gh4gh-4gh -8.17919776019 1.41172659458 4.7882
4gh4gh-4gh- -8.15008157946 1.55948440893 4.7901
4gh4gh-4gh-4gh- -8.12667978934 1.17825292107 4.7009
4gh4gh-4gh4gh -8.12667978934 1.17825292107 4.7009
4gh4gh-4gh4gh- -8.12667978934 1.17852503491 4.7010
4gh4gh4gh -8.12858458621 1.5339057081 4.7895
4gh4gh4gh- -8.17865353251 1.41254293609 4.7886
4gh4gh4gh-4gh -8.12667978934 1.1777086934 4.7006
4gh4gh4gh-4gh- -8.12695190318 1.17825292107 4.7013
4gh4gh4gh4gh -8.1264076755 1.17825292107 4.7007
4gi -8.77403861133 2.18670680687 4.8859
4gi4gi -8.74192917838 1.80765222972 4.8908
4gi4gi- -8.74220129222 1.80003304224 4.8905
4gi4gi-4gi -8.72315332352 1.62179847797 4.8976
4gi4gi-4gi- -8.72288120968 1.61934945342 4.8983
4gi4gi-4gi-4gi -8.6913160044 1.53172879739 4.8905
4gi4gi-4gi-4gi- -8.69077177672 1.52791920365 4.8897
4gi4gi-4gi4gi -8.69294868743 1.52873554517 4.8915
4gi4gi-4gi4gi- -8.69186023208 1.52982400052 4.8905
4gi4gi4gi -8.72288120968 1.61880522574 4.8982
4gi4gi4gi- -8.72288120968 1.6185331119 4.8982
4gi4gi4gi-4gi -8.69077177672 1.53172879739 4.8901
4gi4gi4gi-4gi- -8.69240445976 1.53200091123 4.8915
4gi4gi4gi4gi -8.6926765736 1.53009611436 4.8915
4gi4gi4gi4gi- -8.69240445976 1.53118456972 4.8913
4gl -8.52995249812 2.10262363075 4.8154
4hg -8.14627198572 2.22153737821 4.7568
4hg4hg -8.27035589611 1.78452255344 4.8529
4hg4hg- -8.26926744076 1.78479466728 4.8533
4hg4hg-4hg -8.12885670005 1.5339057081 4.7896
4hg4hg-4hg- -8.17974198786 1.41036602539 4.7882
4hg4hg-4hg-4hg -8.12695190318 1.17825292107 4.7010
4hg4hg-4hg-4hg- -8.12667978934 1.17852503491 4.7010
4hg4hg-4hg4hg -8.11225775589 1.29063593641 4.7113
4hg4hg-4hg4hg- -8.11225775589 1.28981959489 4.7109
4hg4hg4hg -8.17919776019 1.41199870842 4.7884
4hg4hg4hg- -8.17892564635 1.41145448074 4.7883
4hg4hg4hg-4hg- -8.12667978934 1.17825292107 4.7011
4hg4hg4hg4hg -8.12722401702 1.17879714875 4.7010
4ig -8.77403861133 2.18616257919 4.8859
4ig4ig -8.74247340606 1.8081964574 4.8903
4ig4ig- -8.74192917838 1.80901279891 4.8901
4ig4ig-4ig -8.72288120968 1.61907733958 4.8982
4ig4ig-4ig- -8.72315332352 1.61798888423 4.8983
4ig4ig-4ig-4ig -8.69213234592 1.52982400052 4.8909
4ig4ig-4ig-4ig- -8.69104389056 1.53227302507 4.8901
4ig4ig-4ig4ig -8.6913160044 1.53172879739 4.8904
4ig4ig-4ig4ig- -8.6913160044 1.53227302507 4.8906
4ig4ig4ig -8.72288120968 1.61880522574 4.8983
4ig4ig4ig- -8.72288120968 1.6185331119 4.8983
4ig4ig4ig-4ig -8.69213234592 1.52846343133 4.8909
4ig4ig4ig-4ig- -8.69294868743 1.53009611436 4.8916
4ig4ig4ig4ig -8.6913160044 1.53145668356 4.8905
4ig4ig4ig4ig- -8.6913160044 1.52927977285 4.8899
4lg -8.52940827044 2.10262363075 4.8164
5aa -9.5114671139 2.22044892285 5.9400
5aa5aa -8.50464591113 0.983691526484 4.8071
5aa5aa- -8.34110549414 0.816069401916 4.5548
5aa5aa-5aa -7.83361318518 0.19809887449 3.8783
5aa5aa-5aa- -8.03388897038 0.393748724432 4.1620
5aa5aa-5aa-5aa- -7.77184334382 0.0636746382289 3.8016
5aa5aa-5aa5aa -7.77184334382 0.0636746382289 3.8019
5aa5aa-5aa5aa- -7.56041089124 -0.142859765257 3.5111
5aa5aa5aa -8.0333447427 0.393476610594 4.1615
5aa5aa5aa- -8.03388897038 0.393748724432 4.1620
5aa5aa5aa-5aa -7.77184334382 0.0636746382289 3.8018
5aa5aa5aa-5aa- -7.60258853622 -0.103947486339 3.5639
5aa5aa5aa5aa -7.77184334382 0.0636746382289 3.8017
5aa5aa5aa5aa- -7.77184334382 0.0636746382289 3.8018
5ad -10.1901190273 0.995936649221 4.8291
5ad5ad -9.48969800681 -0.408170757877 4.5092
5ad5ad- -9.3958187325 -0.536336375851 4.3363
5ad5ad-5ad -9.05866968649 -1.23104300576 3.7339
5ad5ad-5ad- -9.16479408354 -1.09144860656 3.9103
5ad5ad-5ad-5ad -9.0143151308 -1.48574155867 3.5877
5ad5ad-5ad5ad -9.0143151308 -1.48574155867 3.5878
5ad5ad-5ad5ad- -8.89948309092 -1.63431571454 3.4052
5ad5ad5ad -9.16479408354 -1.09117649273 3.9104
5ad5ad5ad- -9.16479408354 -1.09144860656 3.9101
5ad5ad5ad-5ad -9.0143151308 -1.48574155867 3.5877
5ad5ad5ad5ad- -9.01404301696 -1.48601367251 3.5875
5ae -9.18737953214 1.57553912541 4.2841
5ae5ae -8.52614290438 0.374156528054 4.2056
5ae5ae- -8.445869322 0.249800503821 4.1964
5ae5ae-5ae -8.01538522936 -0.325176037109 3.6831
5ae5ae-5ae- -8.11252986973 -0.188847003978 3.8474
5ae5ae-5ae-5ae -7.88613115603 -0.49606352774 3.5277
5ae5ae-5ae-5ae- -7.88613115603 -0.49606352774 3.5277
5ae5ae-5ae5ae- -7.77837407595 -0.641644431383 3.3543
5ae5ae5ae -8.11280198357 -0.188847003978 3.8476
5ae5ae5ae- -8.11280198357 -0.188847003978 3.8475
5ae5ae5ae-5ae -7.88613115603 -0.49606352774 3.5278
5ae5ae5ae-5ae- -7.88613115603 -0.509124991992 3.5166
5ae5ae5ae5ae -7.88613115603 -0.49606352774 3.5278
5ae5ae5ae5ae- -7.88613115603 -0.49606352774 3.5276
5af -9.08152724893 2.22697965498 5.4966
5af5af -8.49729883749 0.958657053335 4.7037
5af5af- -8.49702672365 0.958384939496 4.7031
5af5af-5af -8.21402833152 0.368170023605 4.1793
5af5af-5af- -8.21430044536 0.368714251283 4.1801
5af5af-5af-5af -8.02735823825 0.0141499196064 3.8670
5af5af-5af-5af- -8.02735823825 0.0141499196064 3.8672
5af5af-5af5af -8.08069255062 0.0470756940752 3.9093
5af5af-5af5af- -8.08042043678 0.046531466398 3.9089
5af5af5af -8.15307483168 0.338781729038 4.1352
5af5af5af- -8.15307483168 0.339053842877 4.1354
5af5af5af-5af -8.02001116461 0.022313334764 3.8700
5af5af5af-5af- -8.01973905077 0.0220412209254 3.8696
5af5af5af5af -7.9762008366 -0.00217691070868 3.8355
5af5af5af5af- -7.97511238125 -0.00299325222443 3.8340
5ag -8.9000273186 1.96983207752 4.8568
5ag5ag -8.58628006271 0.756748585105 4.7516
5ag5ag- -8.58655217655 0.758381268136 4.7527
5ag5ag-5ag -8.39253500964 0.191023914687 4.2790
5ag5ag-5ag- -8.39199078196 0.190207573171 4.2781
5ag5ag-5ag-5ag -8.22681768194 -0.157826026379 3.9712
5ag5ag-5ag-5ag- -8.22572922658 -0.159458709411 3.9693
5ag5ag-5ag5ag -8.30328167058 -0.104763827855 4.0452
5ag5ag-5ag5ag- -8.30246532906 -0.106124397048 4.0437
5ag5ag5ag -8.31389411028 0.143131879096 4.2025
5ag5ag5ag- -8.31389411028 0.142859765257 4.2024
5ag5ag5ag-5ag -8.22790613729 -0.148846269706 3.9780
5ag5ag5ag-5ag- -8.22817825113 -0.148302042029 3.9783
5ag5ag5ag5ag -8.16722475129 -0.185037410238 3.9226
5ag5ag5ag5ag- -8.16749686513 -0.185037410238 3.9226
5ah -8.48587005627 2.39650657642 5.4298
5ah5ah -7.87089278107 1.24056699011 4.5004
5ah5ah- -7.87062066723 1.24056699011 4.5003
5ah5ah-5ah -7.51741690475 0.710761346384 3.9685
5ah5ah-5ah- -7.51741690475 0.710761346384 3.9686
5ah5ah-5ah-5ah -7.31768534723 0.422864905161 3.6779
5ah5ah-5ah-5ah- -7.31795746106 0.422864905161 3.6779
5ah5ah-5ah5ah -7.31768534723 0.422864905161 3.6778
5ah5ah-5ah5ah- -7.31768534723 0.422864905161 3.6779
5ah5ah5ah -7.51741690475 0.710489232545 3.9685
5ah5ah5ah- -7.51741690475 0.710761346384 3.9685
5ah5ah5ah-5ah -7.31741323339 0.422320677484 3.6773
5ah5ah5ah-5ah- -7.31741323339 0.422320677484 3.6773
5ah5ah5ah5ah -7.31768534723 0.422592791322 3.6777
5ah5ah5ah5ah- -7.31714111955 0.422320677484 3.6772
5ai -9.29731352293 2.33990689799 5.8311
5ai5ai -8.43117517471 1.1798856041 4.9068
5ai5ai- -8.43090306088 1.1798856041 4.9067
5ai5ai-5ai -8.03225628735 0.650079960379 4.3423
5ai5ai-5ai- -8.03225628735 0.650352074218 4.3424
5ai5ai-5ai-5ai -7.81592578567 0.363816202188 4.0354
5ai5ai-5ai-5ai- -7.81619789951 0.364088316027 4.0357
5ai5ai-5ai5ai -7.815381558 0.363544088349 4.0347
5ai5ai-5ai5ai- -7.81565367184 0.363544088349 4.0349
5ai5ai5ai -8.03225628735 0.650079960379 4.3423
5ai5ai5ai- -8.03225628735 0.650352074218 4.3424
5ai5ai5ai-5ai -7.81565367184 0.363544088349 4.0348
5ai5ai5ai-5ai- -7.81565367184 0.363544088349 4.0348
5ai5ai5ai5ai -7.815381558 0.363271974511 4.0345
5ai5ai5ai5ai- -7.81565367184 0.363544088349 4.0349
5al -8.84750934775 2.18561835151 5.6641
5al5al -7.87687928552 0.946411930598 4.3645
5al5al- -7.85048424317 0.914574611484 4.3228
5al5al-5al -7.30571233833 0.3385096152 3.6504
5al5al-5al- -7.30571233833 0.3385096152 3.6505
5al5al-5al-5al -6.98706703334 0.0190479687009 3.2772
5al5al-5al-5al- -6.98869971638 0.0206806517325 3.2796
5al5al-5al5al -6.98733914718 0.0190479687009 3.2774
5al5al-5al5al- -6.98869971638 0.0206806517325 3.2794
5al5al5al -7.30598445217 0.3385096152 3.6506
5al5al5al- -7.30571233833 0.3385096152 3.6505
5al5al5al-5al -6.99495833466 0.0285719530514 3.2877
5al5al5al-5al- -6.99359776547 0.0261229285042 3.2853
5al5al5al5al -6.98897183021 0.020952765571 3.2796
5al5al5al5al- -6.99495833466 0.0285719530514 3.2877
5da -10.1901190273 0.995936649221 4.8291
5da5da -9.48969800681 -0.408170757877 4.5091
5da5da- -9.3958187325 -0.536336375851 4.3363
5da5da-5da -9.05866968649 -1.23104300576 3.7339
5da5da-5da- -9.1645219697 -1.09144860656 3.9101
5da5da-5da5da -9.0143151308 -1.48601367251 3.5875
5da5da-5da5da- -8.89948309092 -1.63431571454 3.4052
5da5da5da- -9.16479408354 -1.09144860656 3.9103
5da5da5da-5da -9.01404301696 -1.48601367251 3.5873
5da5da5da-5da- -9.0107776509 -1.50206838899 3.5710
5dd -10.8897237063 0.281909936774 4.7188
5dd5dd -10.6067253142 -1.04137966026 4.6106
5dd5dd- -10.6075416557 -1.04029120491 4.6102
5dd5dd-5dd -10.6494471869 -1.56628725489 4.5748
5dd5dd-5dd- -10.1980103286 -1.92493329415 4.0318
5dd5dd-5dd-5dd -10.7395168674 -1.82860499529 4.5278
5dd5dd-5dd-5dd- -10.2605965115 -2.19242119748 3.9538
5dd5dd-5dd5dd -10.5727110844 -1.96683882529 4.3513
5dd5dd-5dd5dd- -10.45189254 -2.07133053931 4.2176
5dd5dd5dd -10.4788318101 -1.69635766974 4.4418
5dd5dd5dd- -10.2605965115 -1.91731410667 4.0805
5dd5dd5dd-5dd- -10.5724389705 -1.96683882529 4.3513
5dd5dd5dd5dd -10.2605965115 -2.19242119748 3.9538
5dd5dd5dd5dd- -10.2608686254 -2.19214908364 3.9541
5de -9.8224932314 0.802735823825 4.2257
5de5de -9.53976695311 -0.362999860672 4.1063
5de5de- -9.53976695311 -0.362727746834 4.1069
5de5de-5de -9.34738246923 -0.899064122685 4.0849
5de5de-5de- -9.34765458307 -0.898792008846 4.0851
5de5de-5de-5de -9.25676856098 -1.19104227149 4.0138
5de5de-5de-5de- -9.25649644714 -1.19131438532 4.0133
5de5de-5de5de -9.25676856098 -1.19104227149 4.0137
5de5de-5de5de- -9.25676856098 -1.19104227149 4.0139
5de5de5de -9.43854060516 -0.831307776877 4.0915
5de5de5de- -9.43854060516 -0.831307776877 4.0914
5de5de5de-5de -9.25676856098 -1.19104227149 4.0139
5de5de5de-5de- -9.32915084205 -1.13770795912 4.0710
5de5de5de5de -9.25676856098 -1.19104227149 4.0138
5de5de5de5de- -9.25676856098 -1.19104227149 4.0138
5df -9.84045274475 0.965459899299 4.7593
5df5df -9.35989970581 -0.391299699885 4.3236
5df5df- -9.36017181964 -0.391571813724 4.3234
5df5df-5df -8.84750934775 -1.26505723558 3.4597
5df5df-5df- -9.11118765734 -1.03566526965 3.8164
5df5df-5df-5df -8.71852738826 -1.66832994436 3.1486
5df5df-5df-5df- -9.0037026911 -1.40791700084 3.5383
5df5df-5df5df -9.00397480494 -1.40737277316 3.5387
5df5df-5df5df- -8.71743893291 -1.6699626274 3.1467
5df5df5df -9.1109155435 -1.03566526965 3.8162
5df5df5df- -9.12969139836 -1.02369226076 3.8163
5df5df5df-5df -9.03173041647 -1.39050171517 3.5390
5df5df5df-5df- -9.02084586293 -1.40465163478 3.5403
5df5df5df5df -9.00397480494 -1.40791700084 3.5384
5df5df5df5df- -9.00397480494 -1.407644887 3.5388
5dg -9.4839836162 0.852532656287 4.7557
5dg5dg -9.44507133728 -0.209255541872 4.5862
5dg5dg- -9.44670402031 -0.20762285884 4.5877
5dg5dg-5dg -9.49160280368 -0.663685652309 4.3724
5dg5dg-5dg- -9.49187491752 -0.663685652309 4.3726
5dg5dg-5dg-5dg -9.36588621025 -1.04192388794 4.1200
5dg5dg-5dg-5dg- -9.36615832409 -1.04192388794 4.1203
5dg5dg-5dg5dg -9.36534198258 -1.0430123433 4.1187
5dg5dg-5dg5dg- -9.53541313169 -0.893621845913 4.2721
5dg5dg5dg -9.38438995128 -0.742870779337 4.2775
5dg5dg5dg- -9.38493417896 -0.74232655166 4.2781
5dg5dg5dg-5dg -9.53595735937 -0.893893959751 4.2723
5dg5dg5dg-5dg- -9.46221450911 -0.989405917095 4.1957
5dg5dg5dg5dg -9.36561409642 -1.04274022946 4.1192
5dg5dg5dg5dg- -9.36370929955 -1.04382868481 4.1165
5dh -9.05159472669 1.06478145038 4.7652
5dh5dh -8.60097420999 -0.0457151248823 4.0083
5dh5dh- -8.60097420999 -0.0462593525594 4.0077
5dh5dh-5dh -8.35226216153 -0.588854346698 3.5445
5dh5dh-5dh- -8.35199004769 -0.589398574375 3.5441
5dh5dh-5dh-5dh -8.23253207255 -0.899064122685 3.2906
5dh5dh-5dh-5dh- -8.23280418639 -0.898792008846 3.2909
5dh5dh-5dh5dh -8.23280418639 -0.899064122685 3.2908
5dh5dh-5dh5dh- -8.23253207255 -0.899064122685 3.2907
5dh5dh5dh -8.35199004769 -0.588854346698 3.5446
5dh5dh5dh- -8.35144582001 -0.589126460536 3.5441
5dh5dh5dh-5dh -8.23253207255 -0.899064122685 3.2907
5dh5dh5dh-5dh- -8.23280418639 -0.898792008846 3.2909
5dh5dh5dh5dh -8.23280418639 -0.898792008846 3.2908
5dh5dh5dh5dh- -8.23280418639 -0.899064122685 3.2907
5di -10.0766475566 1.09280917576 4.8116
5di5di -9.53078719644 0.0160547164765 4.7419
5di5di- -9.53024296876 0.0157826026379 4.7419
5di5di-5di -9.39826775705 -0.456879134984 4.4865
5di5di-5di- -9.39881198472 -0.456334907307 4.4872
5di5di-5di-5di -9.36996791783 -0.699060451325 4.3311
5di5di-5di-5di- -9.37024003167 -0.698516223647 4.3317
5di5di-5di5di -9.37024003167 -0.698244109809 4.3318
5di5di-5di5di- -9.37024003167 -0.698788337486 4.3314
5di5di5di -9.39881198472 -0.456607021145 4.4872
5di5di5di- -9.39881198472 -0.456607021145 4.4870
5di5di5di-5di -9.37051214551 -0.698516223647 4.3320
5di5di5di-5di- -9.37024003167 -0.698788337486 4.3316
5di5di5di5di -9.37024003167 -0.698788337486 4.3317
5di5di5di5di- -9.37024003167 -0.699060451325 4.3314
5dl -9.51935841522 0.971446403748 4.7574
5dl5dl -9.29377604303 -0.10966187695 4.5130
5dl5dl- -9.29377604303 -0.109933990788 4.5126
5dl5dl-5dl -9.05513220659 -0.558377596776 4.1091
5dl5dl-5dl- -8.93376943458 -0.64218865906 3.9925
5dl5dl-5dl-5dl -8.86519674726 -0.853348997802 3.8367
5dl5dl-5dl-5dl- -8.75607909799 -0.947772499791 3.7155
5dl5dl-5dl5dl -8.75580698415 -0.947772499791 3.7151
5dl5dl-5dl5dl- -8.9487356957 -0.78259939977 3.9124
5dl5dl5dl -8.93431366226 -0.64218865906 3.9928
5dl5dl5dl- -9.05540432043 -0.558377596776 4.1092
5dl5dl5dl-5dl -8.9487356957 -0.78259939977 3.9125
5dl5dl5dl-5dl- -8.82138641925 -0.896615098137 3.7732
5dl5dl5dl5dl -8.75607909799 -0.947772499791 3.7153
5dl5dl5dl5dl- -8.75607909799 -0.947772499791 3.7154
5ea -9.18737953214 1.57553912541 4.2841
5ea5ea -8.52641501822 0.374700755731 4.2057
5ea5ea- -8.445869322 0.249800503821 4.1965
5ea5ea-5ea -8.01511311552 -0.325176037109 3.6831
5ea5ea-5ea- -8.11252986973 -0.188847003978 3.8474
5ea5ea-5ea-5ea -7.88613115603 -0.49606352774 3.5276
5ea5ea-5ea-5ea- -7.88613115603 -0.49606352774 3.5276
5ea5ea-5ea5ea -7.88613115603 -0.49606352774 3.5277
5ea5ea-5ea5ea- -7.77837407595 -0.641644431383 3.3543
5ea5ea5ea -8.11280198357 -0.188847003978 3.8476
5ea5ea5ea- -8.11280198357 -0.188847003978 3.8477
5ea5ea5ea-5ea -7.88613115603 -0.49606352774 3.5278
5ea5ea5ea-5ea- -7.88613115603 -0.509124991992 3.5166
5ea5ea5ea5ea -7.88613115603 -0.495791413902 3.5278
5ea5ea5ea5ea- -7.88613115603 -0.49606352774 3.5277
5ed -9.82222111756 0.802735823825 4.2257
5ed5ed -9.53976695311 -0.362727746834 4.1068
5ed5ed- -9.53976695311 -0.362455632995 4.1068
5ed5ed-5ed -9.34765458307 -0.899064122685 4.0849
5ed5ed-5ed- -9.34738246923 -0.899064122685 4.0852
5ed5ed-5ed-5ed -9.25676856098 -1.19104227149 4.0137
5ed5ed-5ed-5ed- -9.25676856098 -1.19104227149 4.0136
5ed5ed-5ed5ed -9.25676856098 -1.19104227149 4.0138
5ed5ed-5ed5ed- -9.33404889114 -1.13362625154 4.0779
5ed5ed5ed -9.34765458307 -0.899064122685 4.0851
5ed5ed5ed- -9.34792669691 -0.898519895007 4.0850
5ed5ed5ed-5ed -9.25676856098 -1.19131438532 4.0136
5ed5ed5ed-5ed- -9.25676856098 -1.19077015765 4.0140
5ed5ed5ed5ed -9.25676856098 -1.19104227149 4.0138
5ed5ed5ed5ed- -9.25676856098 -1.19104227149 4.0137
5ee -9.28561262787 1.31186081582 4.2222
5ee5ee -8.8485978031 0.372251731184 4.1195
5ee5ee- -8.84832568927 0.371979617346 4.1192
5ee5ee-5ee -8.63961437507 0.0190479687009 4.1008
5ee5ee-5ee- -8.54546298692 -0.0585044752958 4.0988
5ee5ee-5ee-5ee -8.46301249383 -0.215242046321 4.0903
5ee5ee-5ee-5ee- -8.38682061903 -0.273746521616 4.0561
5ee5ee-5ee5ee -8.38600427751 -0.274562863132 4.0549
5ee5ee-5ee5ee- -8.55498697127 -0.137961716163 4.0945
5ee5ee5ee -8.54573510076 -0.0582323614572 4.0988
5ee5ee5ee- -8.63934226123 0.0187758548624 4.1007
5ee5ee5ee-5ee -8.55498697127 -0.138233830001 4.1097
5ee5ee5ee-5ee- -8.46328460767 -0.215242046321 4.0903
5ee5ee5ee5ee -8.38654850519 -0.273746521616 4.0557
5ee5ee5ee5ee- -8.38654850519 -0.273746521616 4.0557
5ef -9.12724237382 1.545878717 4.2304
5ef5ef -8.54627932844 0.401640025751 4.2136
5ef5ef- -8.5460072146 0.401367911913 4.2138
5ef5ef-5ef -7.88585904219 -0.351571079452 3.4599
5ef5ef-5ef- -8.17593239412 -0.121906999686 3.8329
5ef5ef-5ef-5ef -7.99796994369 -0.395381407464 3.5633
5ef5ef-5ef-5ef- -7.98599693479 -0.404905391814 3.5616
5ef5ef-5ef5ef -8.00858238339 -0.400551570397 3.5669
5ef5ef-5ef5ef- -7.66326992223 -0.669672156757 3.1415
5ef5ef5ef -8.17593239412 -0.121906999686 3.8329
5ef5ef5ef- -8.19824572889 -0.10775708008 3.8343
5ef5ef5ef-5ef -8.02327653068 -0.384768967759 3.5690
5ef5ef5ef-5ef- -8.00831026955 -0.400823684236 3.5664
5ef5ef5ef5ef -7.98599693479 -0.404905391814 3.5617
5ef5ef5ef5ef- -7.98599693479 -0.405177505653 3.5615
5eg -9.00533537413 1.4041074071 4.2452
5eg5eg -8.78383470952 0.505043284414 4.1763
5eg5eg- -8.78329048184 0.504226942898 4.1764
5eg5eg-5eg -8.69458137047 0.143676106773 4.1589
5eg5eg-5eg- -8.6948534843 0.143676106773 4.1589
5eg5eg-5eg-5eg -8.49729883749 -0.164084644667 4.1347
5eg5eg-5eg-5eg- -8.49702672365 -0.164628872344 4.1345
5eg5eg-5eg5eg -8.49702672365 -0.164628872344 4.1342
5eg5eg-5eg5eg- -8.65947868529 -0.0351026851775 4.1443
5eg5eg5eg -8.59934152696 0.0653073212604 4.1610
5eg5eg5eg- -8.59988575464 0.0661236627761 4.1609
5eg5eg5eg-5eg -8.49729883749 -0.164356758505 4.1347
5eg5eg5eg-5eg- -8.58192624129 -0.116192609076 4.1416
5eg5eg5eg5eg -8.49729883749 -0.164356758505 4.1347
5eg5eg5eg5eg- -8.49702672365 -0.164900986182 4.1341
5eh -8.56478306946 1.61690042887 4.2648
5eh5eh -7.95824132325 0.786953221188 4.1271
5eh5eh- -7.95824132325 0.787225335026 4.1272
5eh5eh-5eh -7.6341537415 0.302318474668 3.6798
5eh5eh-5eh- -7.6341537415 0.301774246991 3.6795
5eh5eh-5eh-5eh -7.45755186026 0.0895254528944 3.4523
5eh5eh-5eh-5eh- -7.45755186026 0.0895254528944 3.4524
5eh5eh-5eh5eh -7.45755186026 0.0892533390559 3.4522
5eh5eh-5eh5eh- -7.45755186026 0.0895254528944 3.4523
5eh5eh5eh -7.63497008302 0.302590588506 3.6804
5eh5eh5eh- -7.6341537415 0.302318474668 3.6798
5eh5eh5eh-5eh -7.4578239741 0.0895254528944 3.4524
5eh5eh5eh-5eh- -7.45727974642 0.0892533390559 3.4520
5eh5eh5eh5eh -7.4578239741 0.089797566733 3.4527
5eh5eh5eh5eh- -7.4578239741 0.0895254528944 3.4525
5ei -9.11254822653 1.65390791092 4.2770
5ei5ei -8.66410462054 0.795388750184 4.2248
5ei5ei- -8.66301616519 0.793483953314 4.2249
5ei5ei-5ei -8.46981533979 0.454702224275 4.2126
5ei5ei-5ei- -8.46981533979 0.454430110437 4.2126
5ei5ei-5ei-5ei -8.37920143155 0.295515628703 4.2030
5ei5ei-5ei-5ei- -8.37920143155 0.295515628703 4.2030
5ei5ei-5ei5ei -8.37920143155 0.295787742542 4.2030
5ei5ei-5ei5ei- -8.37920143155 0.295787742542 4.2030
5ei5ei5ei -8.46981533979 0.454702224275 4.2125
5ei5ei5ei- -8.46981533979 0.454702224275 4.2126
5ei5ei5ei-5ei -8.37947354538 0.295515628703 4.2031
5ei5ei5ei-5ei- -8.37920143155 0.295515628703 4.2030
5ei5ei5ei5ei -8.37920143155 0.295243514865 4.2030
5ei5ei5ei5ei- -8.37920143155 0.295515628703 4.2030
5el -9.00288634958 1.52302115456 4.2242
5el5el -8.68669006915 0.693890288392 4.2007
5el5el- -8.68696218298 0.693890288392 4.2007
5el5el-5el -8.38219468377 0.317556849629 4.1555
5el5el-5el- -8.38219468377 0.317828963467 4.1555
5el5el-5el-5el -8.20123898111 0.123811796556 4.1022
5el5el-5el-5el- -8.14953735178 0.0810899238983 4.0591
5el5el-5el5el -8.20096686727 0.123539682718 4.1019
5el5el-5el5el- -8.20123898111 0.123811796556 4.1021
5el5el5el -8.32967671292 0.292794490317 4.1798
5el5el5el- -8.38192256993 0.31728473579 4.1555
5el5el5el-5el -8.20096686727 0.123539682718 4.1020
5el5el5el-5el- -8.14953735178 0.0810899238983 4.0592
5el5el5el5el -8.10926450367 0.0761918748038 4.0372
5el5el5el5el- -8.10980873135 0.0767361024809 4.0379
5fa -9.01377090313 2.17609436716 5.5555
5fa5fa -8.05076002837 0.868587372763 4.4251
5fa5fa- -8.05076002837 0.868587372763 4.4249
5fa5fa-5fa -7.52748511677 0.274290749294 3.7621
5fa5fa-5fa- -7.52775723061 0.274290749294 3.7622
5fa5fa-5fa-5fa -7.22407818675 -0.0563275645871 3.3939
5fa5fa-5fa-5fa- -7.22407818675 -0.0563275645871 3.3938
5fa5fa-5fa5fa -7.22516664211 -0.0555112230713 3.3950
5fa5fa-5fa5fa- -7.22516664211 -0.0557833369099 3.3950
5fa5fa5fa -7.52775723061 0.274290749294 3.7622
5fa5fa5fa- -7.52775723061 0.274290749294 3.7622
5fa5fa5fa-5fa -7.22516664211 -0.0557833369099 3.3951
5fa5fa5fa-5fa- -7.22516664211 -0.0557833369099 3.3950
5fa5fa5fa5fa -7.22543875595 -0.0555112230713 3.3952
5fa5fa5fa5fa- -7.22407818675 -0.0563275645871 3.3938
5fd -9.77296851278 0.797293547054 4.7553
5fd5fd -9.22738026641 -0.252249528368 4.4048
5fd5fd- -9.22765238025 -0.251705300691 4.4053
5fd5fd-5fd -8.61457990192 -1.21417194777 3.4660
5fd5fd-5fd- -8.90846284759 -0.840015419712 3.8911
5fd5fd-5fd-5fd -8.78329048184 -1.15784438318 3.6410
5fd5fd-5fd-5fd- -8.74274551989 -1.18423942552 3.6055
5fd5fd-5fd5fd -8.74328974757 -1.18396731168 3.6062
5fd5fd-5fd5fd- -8.4148483444 -1.61445140432 3.1384
5fd5fd5fd -8.90873496143 -0.839471192034 3.8919
5fd5fd5fd- -8.97513073805 -0.809266555952 3.9427
5fd5fd5fd-5fd -8.74301763373 -1.18423942552 3.6059
5fd5fd5fd-5fd- -8.80669227196 -1.1621982046 3.6475
5fd5fd5fd5fd -8.74301763373 -1.18423942552 3.6058
5fd5fd5fd5fd- -8.74274551989 -1.18423942552 3.6057
5fe -9.19989676872 1.36002496525 4.2715
5fe5fe -8.51934005842 0.542050766461 4.2097
5fe5fe- -8.52015639993 0.5423228803 4.2101
5fe5fe-5fe -8.17049011735 0.128437731812 4.0546
5fe5fe-5fe- -8.09593092558 0.0895254528944 4.0009
5fe5fe-5fe-5fe -7.90599546625 -0.129254073328 3.7675
5fe5fe-5fe-5fe- -7.85919188601 -0.160547164765 3.7280
5fe5fe-5fe5fe -7.85919188601 -0.160547164765 3.7281
5fe5fe-5fe5fe- -7.4684364138 -0.630487764001 3.1699
5fe5fe5fe -8.09593092558 0.0895254528944 4.0009
5fe5fe5fe- -8.17049011735 0.128437731812 4.0546
5fe5fe5fe-5fe -7.98681327631 -0.0914302497645 3.8249
5fe5fe5fe-5fe- -7.92667611798 -0.136873260808 3.7717
5fe5fe5fe5fe -7.85946399985 -0.160547164765 3.7280
5fe5fe5fe5fe- -7.85919188601 -0.160547164765 3.7281
5ff -9.01758049687 2.29800136685 5.3349
5ff5ff -8.3266834607 0.967364696169 4.6903
5ff5ff- -8.18246312625 0.865594120539 4.4979
5ff5ff-5ff -7.70299854266 0.218507412384 3.8114
5ff5ff-5ff- -7.88041676542 0.346400916519 4.0419
5ff5ff-5ff-5ff -7.66109301152 0.0182316271852 3.7235
5ff5ff-5ff-5ff- -7.65374593788 0.00408170757877 3.7130
5ff5ff-5ff5ff -7.44612307904 -0.13850594384 3.4566
5ff5ff-5ff5ff- -7.44258559914 -0.138233830001 3.4540
5ff5ff5ff -7.88014465158 0.346400916519 4.0418
5ff5ff5ff- -7.89266188816 0.353475876322 4.0496
5ff5ff5ff-5ff -7.66109301152 0.0182316271852 3.7235
5ff5ff5ff-5ff- -7.65374593788 0.00408170757877 3.7128
5ff5ff5ff5ff -7.63741910756 0.00272113838585 3.7036
5ff5ff5ff5ff- -7.63741910756 0.00272113838585 3.7033
5fg -9.05486009275 1.96003597933 4.7020
5fg5fg -8.6807035647 0.843552899613 4.8002
5fg5fg- -8.67553340176 0.744775576207 4.7815
5fg5fg-5fg -8.40750127076 0.275379204648 4.3577
5fg5fg-5fg- -8.40750127076 0.275651318487 4.3580
5fg5fg-5fg-5fg -8.24123971538 0.0206806517325 4.1199
5fg5fg-5fg-5fg- -8.23443686942 -0.0127893504135 4.1160
5fg5fg-5fg5fg -8.26382516399 0.0234017901183 4.1395
5fg5fg-5fg5fg- -8.17212280038 0.0274834976971 4.0802
5fg5fg5fg -8.3563438691 0.24027651947 4.3203
5fg5fg5fg- -8.35852077981 0.286807985868 4.3208
5fg5fg5fg-5fg -8.1715785727 0.0269392700199 4.0796
5fg5fg5fg-5fg- -8.23089938952 -0.0250344731498 4.1076
5fg5fg5fg5fg -8.17348336957 -0.0391843927562 4.0703
5fg5fg5fg5fg- -8.17375548341 -0.0389122789176 4.0706
5fh -8.88070723606 2.11786200571 5.5397
5fh5fh -8.20450434717 1.00872599963 4.6810
5fh5fh- -8.20450434717 1.00872599963 4.6809
5fh5fh-5fh -7.59170398268 0.567629467288 4.0424
5fh5fh-5fh- -7.57864251843 0.561370849001 4.0334
5fh5fh-5fh-5fh -7.38163209929 0.22503814451 3.7757
5fh5fh-5fh-5fh- -7.38163209929 0.225310258348 3.7760
5fh5fh-5fh5fh -7.3887070591 0.241364974825 3.7785
5fh5fh-5fh5fh- -7.38326478232 0.224766030671 3.7764
5fh5fh5fh -7.79687781697 0.456334907307 4.1278
5fh5fh5fh- -7.59061552733 0.56735735345 4.0414
5fh5fh5fh-5fh -7.38163209929 0.225310258348 3.7760
5fh5fh5fh-5fh- -7.57156755863 0.148846269706 3.8413
5fh5fh5fh5fh -7.60122796703 0.160819278604 3.8602
5fh5fh5fh5fh- -7.40748291396 0.248712048467 3.7956
5fi -8.92805504397 2.3159608802 5.5613
5fi5fi -8.26545784702 1.31703097875 4.8954
5fi5fi- -8.26491361934 1.31703097875 4.8950
5fi5fi-5fi -7.9465404282 0.88654688611 4.4562
5fi5fi-5fi- -7.9465404282 0.88654688611 4.4560
5fi5fi-5fi-5fi -7.77864618979 0.675658661206 4.2372
5fi5fi-5fi-5fi- -7.77891830363 0.675658661206 4.2373
5fi5fi-5fi5fi -7.77864618979 0.675930775045 4.2374
5fi5fi-5fi5fi- -7.77864618979 0.675658661206 4.2373
5fi5fi5fi -7.94681254203 0.88654688611 4.4564
5fi5fi5fi- -7.94681254203 0.88654688611 4.4563
5fi5fi5fi-5fi -7.77810196211 0.675658661206 4.2369
5fi5fi5fi-5fi- -7.77864618979 0.675658661206 4.2372
5fi5fi5fi5fi -7.77864618979 0.675386547368 4.2371
5fi5fi5fi5fi- -7.77837407595 0.675658661206 4.2370
5fl -8.99118545452 2.28085819502 5.5695
5fl5fl -8.47797875495 1.29498975783 4.9994
5fl5fl- -8.47961143798 1.29607821318 5.0011
5fl5fl-5fl -8.04041970251 0.75566012975 4.4170
5fl5fl-5fl- -7.99089498388 0.590214915891 4.2431
5fl5fl-5fl-5fl -7.85973611369 0.537696945044 4.1849
5fl5fl-5fl-5fl- -7.68884862306 0.430484092641 3.9861
5fl5fl-5fl5fl -7.81565367184 0.296331970219 3.9283
5fl5fl-5fl5fl- -7.85919188601 0.537696945044 4.1847
5fl5fl5fl -8.02001116461 0.708584435675 4.3758
5fl5fl5fl- -8.04069181635 0.75566012975 4.4172
5fl5fl5fl-5fl -7.85810343066 0.536064262012 4.1828
5fl5fl5fl-5fl- -7.8295314776 0.407898644039 4.0835
5fl5fl5fl5fl -7.8140209888 0.302046360829 3.9369
5fl5fl5fl5fl- -7.77565293756 0.405993847169 4.0487
5ga -8.87689764232 1.96085232084 4.8615
5ga5ga -8.64396819649 0.736340047211 4.7738
5ga5ga- -8.3111729719 0.522730683922 4.3985
5ga5ga-5ga -7.93402319162 -0.10966187695 3.7843
5ga5ga-5ga- -8.24123971538 0.163268303151 4.1629
5ga5ga-5ga-5ga -8.07062433859 -0.133880008584 3.8845
5ga5ga-5ga-5ga- -8.031167832 -0.14802992819 3.8530
5ga5ga-5ga5ga -8.03198417351 -0.14802992819 3.8536
5ga5ga-5ga5ga- -7.71578789308 -0.456334907307 3.4480
5ga5ga5ga -8.24178394306 0.163268303151 4.1633
5ga5ga5ga- -8.29103654784 0.184765296399 4.2066
5ga5ga5ga-5ga -8.10599913761 -0.119730088977 3.9105
5ga5ga5ga-5ga- -8.06382149263 -0.139594399194 3.8747
5ga5ga5ga5ga- -8.03143994583 -0.14802992819 3.8532
5gd -9.43609158061 0.788041676542 4.7702
5gd5gd -9.36697466561 -0.161907733958 4.6123
5gd5gd- -9.36670255177 -0.162179847797 4.6123
5gd5gd-5gd -9.39418604947 -0.567085239611 4.4072
5gd5gd-5gd- -9.26874156988 -0.688992239297 4.2678
5gd5gd-5gd-5gd -9.30710962112 -0.879199812468 4.1920
5gd5gd-5gd-5gd- -9.22465912803 -0.98069827426 4.0818
5gd5gd-5gd5gd -9.22465912803 -0.980426160421 4.0820
5gd5gd-5gd5gd- -9.43255410071 -0.768449480164 4.3035
5gd5gd5gd -9.26901368372 -0.688992239297 4.2679
5gd5gd5gd- -9.39418604947 -0.567085239611 4.4071
5gd5gd5gd-5gd -9.43255410071 -0.768449480164 4.3037
5gd5gd5gd-5gd- -9.33078352508 -0.890900707527 4.1768
5gd5gd5gd5gd -9.22411490035 -0.981514615776 4.0810
5gd5gd5gd5gd- -9.22465912803 -0.980970388099 4.0816
5ge -8.96098081844 1.33934431351 4.2629
5ge5ge -8.70873129007 0.493342389354 4.1913
5ge5ge- -8.70818706239 0.490077023291 4.1914
5ge5ge-5ge -8.57131380159 0.129254073328 4.1722
5ge5ge-5ge- -8.48913542233 0.0530621985241 4.1747
5ge5ge-5ge-5ge -8.50627859416 -0.036735368209 4.1549
5ge5ge-5ge-5ge- -8.35525541375 -0.171703832147 4.0825
5ge5ge-5ge5ge -8.50573436649 -0.0375517097247 4.1548
5ge5ge-5ge5ge- -8.50600648033 -0.0370074820475 4.1549
5ge5ge5ge -8.48913542233 0.0527900846855 4.1747
5ge5ge5ge- -8.57158591542 0.130342528682 4.1718
5ge5ge5ge-5ge -8.506550708 -0.036735368209 4.1550
5ge5ge5ge-5ge- -8.43362419926 -0.108573421595 4.1373
5ge5ge5ge5ge -8.35579964143 -0.171431718308 4.0831
5ge5ge5ge5ge- -8.35525541375 -0.172520173663 4.0820
5gf -8.80043365367 2.01881256846 5.0287
5gf5gf -8.56042924804 0.792667611798 4.7244
5gf5gf- -8.5601571342 0.792123384121 4.7238
5gf5gf-5gf -8.30654703664 0.262317740396 4.2315
5gf5gf-5gf- -8.30681915048 0.261773512719 4.2314
5gf5gf-5gf-5gf -8.15334694552 -0.0448987833665 3.9747
5gf5gf-5gf-5gf- -8.15361905936 -0.0446266695279 3.9753
5gf5gf-5gf5gf -8.16967377583 -0.0168710579923 3.9880
5gf5gf-5gf5gf- -8.16967377583 -0.0171431718308 3.9881
5gf5gf5gf -8.26736264389 0.23075253512 4.2063
5gf5gf5gf- -8.26736264389 0.231024648959 4.2065
5gf5gf5gf-5gf -8.12150962641 -0.0391843927562 3.9617
5gf5gf5gf-5gf- -8.12150962641 -0.0391843927562 3.9615
5gf5gf5gf5gf -8.10327799922 -0.0628582967131 3.9453
5gf5gf5gf5gf- -8.10355011306 -0.0623140690359 3.9460
5gg -8.96860000592 1.75921596645 4.7699
5gg5gg -8.98547106391 0.86151241296 5.0048
5gg5gg- -8.98547106391 0.861240299121 5.0041
5gg5gg-5gg -8.97676342108 0.482185721972 4.8829
5gg5gg-5gg- -8.9832941532 0.558377596776 4.9086
5gg5gg-5gg-5gg -8.83227097279 0.162996189312 4.6435
5gg5gg-5gg-5gg- -8.83227097279 0.162724075474 4.6430
5gg5gg-5gg5gg -9.00179789423 0.365993112897 4.8698
5gg5gg-5gg5gg- -9.00125366655 0.365993112897 4.8702
5gg5gg5gg -8.82193064692 0.345856688841 4.7124
5gg5gg5gg- -8.82220276076 0.34612880268 4.7129
5gg5gg5gg-5gg -8.81866528086 0.162451961635 4.6624
5gg5gg5gg-5gg- -8.81975373621 0.162724075474 4.6635
5gg5gg5gg5gg -8.74519454444 0.0394565065948 4.5405
5gg5gg5gg5gg- -8.74465031676 0.0397286204334 4.5405
5gh -8.65784600226 2.02180582069 5.4013
5gh5gh -8.24504930912 1.14968096802 4.6424
5gh5gh- -8.24532142296 1.14995308186 4.6427
5gh5gh-5gh -8.06164458192 0.749401511463 4.2981
5gh5gh-5gh- -8.06164458192 0.749401511463 4.2977
5gh5gh-5gh-5gh -7.98191522721 0.555112230713 4.1357
5gh5gh-5gh-5gh- -7.98218734105 0.555384344552 4.1361
5gh5gh-5gh5gh -7.98191522721 0.555112230713 4.1358
5gh5gh-5gh5gh- -7.98191522721 0.555112230713 4.1357
5gh5gh5gh -8.06110035424 0.749129397624 4.2976
5gh5gh5gh- -8.06164458192 0.749401511463 4.2980
5gh5gh5gh-5gh -7.98164311337 0.555112230713 4.1356
5gh5gh5gh-5gh- -7.98191522721 0.555112230713 4.1357
5gh5gh5gh5gh -7.98164311337 0.555112230713 4.1356
5gh5gh5gh5gh- -7.98164311337 0.555112230713 4.1356
5gi -9.36779100712 2.00330207966 5.3709
5gi5gi -8.81784893934 1.12056478729 5.1643
5gi5gi- -8.81784893934 1.12056478729 5.1642
5gi5gi-5gi -8.63009039072 0.747224600754 4.8395
5gi5gi-5gi- -8.62981827688 0.746952486916 4.8392
5gi5gi-5gi-5gi -8.55226583289 0.57116694719 4.6828
5gi5gi-5gi-5gi- -8.55199371905 0.570622719513 4.6822
5gi5gi-5gi5gi -8.55281006056 0.57116694719 4.6832
5gi5gi-5gi5gi- -8.55253794672 0.570894833351 4.6827
5gi5gi5gi -8.6306346184 0.747496714593 4.8403
5gi5gi5gi- -8.63009039072 0.747224600754 4.8395
5gi5gi5gi-5gi -8.55281006056 0.571711174867 4.6834
5gi5gi5gi-5gi- -8.55226583289 0.57116694719 4.6828
5gi5gi5gi5gi -8.55253794672 0.571439061028 4.6832
5gi5gi5gi5gi- -8.55253794672 0.57116694719 4.6830
5gl -8.87580918696 2.01010492563 4.9126
5gl5gl -8.52042851377 0.818246312625 4.7872
5gl5gl- -8.51988428609 0.818246312625 4.7869
5gl5gl-5gl -8.25348483812 0.324087581755 4.3013
5gl5gl-5gl- -8.25348483812 0.324631809432 4.3018
5gl5gl-5gl-5gl -8.10817604831 0.093062932796 4.0676
5gl5gl-5gl-5gl- -7.90844449079 0.0538785400398 3.8959
5gl5gl-5gl5gl -8.10790393448 0.093062932796 4.0676
5gl5gl-5gl5gl- -8.10790393448 0.093062932796 4.0676
5gl5gl5gl -7.98899018701 0.278100343034 4.0660
5gl5gl5gl- -8.25348483812 0.324631809432 4.3016
5gl5gl5gl-5gl -8.10790393448 0.0927908189575 4.0673
5gl5gl5gl-5gl- -7.90762814928 0.0538785400398 3.8954
5gl5gl5gl5gl -7.92667611798 -0.170071149116 3.7392
5gl5gl5gl5gl- -7.68231789093 -0.0658515489375 3.6493
5ha -8.48587005627 2.39650657642 5.4298
5ha5ha -7.87116489491 1.24083910395 4.5007
5ha5ha- -7.87062066723 1.24056699011 4.5003
5ha5ha-5ha -7.51741690475 0.710761346384 3.9685
5ha5ha-5ha- -7.51741690475 0.710761346384 3.9685
5ha5ha-5ha-5ha -7.31714111955 0.422320677484 3.6772
5ha5ha-5ha-5ha- -7.31714111955 0.422320677484 3.6772
5ha5ha-5ha5ha -7.31795746106 0.422864905161 3.6779
5ha5ha-5ha5ha- -7.31741323339 0.422320677484 3.6774
5ha5ha5ha -7.51741690475 0.710489232545 3.9685
5ha5ha5ha- -7.51741690475 0.710489232545 3.9685
5ha5ha5ha-5ha -7.31741323339 0.422320677484 3.6774
5ha5ha5ha-5ha- -7.31741323339 0.422320677484 3.6774
5ha5ha5ha5ha -7.31795746106 0.422864905161 3.6780
5ha5ha5ha5ha- -7.31741323339 0.422592791322 3.6775
5hd -9.05159472669 1.06478145038 4.7652
5hd5hd -8.60070209615 -0.046531466398 4.0073
5hd5hd- -8.60097420999 -0.0462593525594 4.0076
5hd5hd-5hd -8.35199004769 -0.588854346698 3.5444
5hd5hd-5hd- -8.35199004769 -0.589126460536 3.5442
5hd5hd-5hd-5hd -8.23280418639 -0.898792008846 3.2908
5hd5hd-5hd-5hd- -8.23280418639 -0.898792008846 3.2909
5hd5hd-5hd5hd -8.23280418639 -0.899064122685 3.2906
5hd5hd-5hd5hd- -8.23280418639 -0.899064122685 3.2908
5hd5hd5hd -8.35226216153 -0.588854346698 3.5446
5hd5hd5hd- -8.35199004769 -0.588854346698 3.5441
5hd5hd5hd-5hd -8.23280418639 -0.899064122685 3.2907
5hd5hd5hd-5hd- -8.23253207255 -0.899064122685 3.2907
5hd5hd5hd5hd -8.23307630023 -0.899336236523 3.2909
5hd5hd5hd5hd- -8.23253207255 -0.899064122685 3.2907
5he -8.56478306946 1.61690042887 4.2648
5he5he -7.95878555093 0.787497448865 4.1275
5he5he- -7.95851343709 0.787225335026 4.1274
5he5he-5he -7.6341537415 0.302318474668 3.6797
5he5he-5he- -7.63442585534 0.301774246991 3.6795
5he5he-5he-5he -7.45755186026 0.0895254528944 3.4522
5he5he-5he-5he- -7.45809608794 0.089797566733 3.4528
5he5he-5he5he -7.45755186026 0.0889812252173 3.4521
5he5he-5he5he- -7.45755186026 0.0892533390559 3.4521
5he5he5he -7.63469796918 0.302318474668 3.6801
5he5he5he- -7.6341537415 0.302318474668 3.6796
5he5he5he-5he -7.45755186026 0.0892533390559 3.4521
5he5he5he-5he- -7.45755186026 0.0892533390559 3.4520
5he5he5he5he -7.45755186026 0.0895254528944 3.4523
5he5he5he5he- -7.45755186026 0.0895254528944 3.4521
5hf -8.4148483444 2.4993656074 5.1944
5hf5hf- -8.01266409097 1.16954527824 4.5883
5hf5hf-5hf -7.61619422815 0.580418817702 3.9720
5hf5hf-5hf5hf- -7.38843494526 0.266399447975 3.6527
5hg -8.57131380159 1.90915069151 5.3087
5hh -8.33539110353 2.61555821648 5.2598
5hi -8.44722989119 2.52249528368 5.4348
5hi5hi -7.99742571601 1.59567554946 4.8319
5hi5hi- -7.99742571601 1.59513132178 4.8316
5hi5hi-5hi -7.79470090626 1.20927389867 4.4850
5hi5hi-5hi- -7.79442879243 1.20900178483 4.4848
5hi5hi-5hi-5hi -7.70027740428 1.03348835895 4.3209
5hi5hi-5hi-5hi- -7.70054951811 1.03348835895 4.3212
5hi5hi-5hi5hi -7.70054951811 1.03348835895 4.3210
5hi5hi-5hi5hi- -7.70054951811 1.03376047278 4.3211
5hi5hi5hi -7.79442879243 1.20900178483 4.4847
5hi5hi5hi- -7.79442879243 1.20927389867 4.4848
5hi5hi5hi-5hi -7.70027740428 1.03348835895 4.3209
5hi5hi5hi-5hi- -7.70027740428 1.03321624511 4.3207
5hi5hi5hi5hi -7.70027740428 1.03321624511 4.3209
5hi5hi5hi5hi- -7.70054951811 1.03348835895 4.3209
5hl -8.33974492495 2.59052374333 5.1956
5hl5hl -7.76558472554 1.20872967099 4.4453
5hl5hl- -7.76585683937 1.20845755716 4.4453
5hl5hl-5hl -7.35931876453 0.725999721345 3.8847
5hl5hl-5hl- -7.25482705051 0.822600134042 3.8661
5hl5hl-5hl-5hl -7.11278362677 0.467763688527 3.5787
5hl5hl-5hl-5hl- -7.11278362677 0.467763688527 3.5788
5hl5hl-5hl5hl -7.11305574061 0.467491574689 3.5787
5hl5hl-5hl5hl- -7.11305574061 0.467763688527 3.5790
5hl5hl5hl -7.35931876453 0.726271835183 3.8849
5hl5hl5hl- -7.35931876453 0.725727607506 3.8846
5hl5hl5hl-5hl -7.11278362677 0.467763688527 3.5788
5hl5hl5hl-5hl- -7.11278362677 0.468035802366 3.5789
5hl5hl5hl5hl -7.09618468262 0.437831166283 3.5449
5hl5hl5hl5hl- -7.03768020732 0.5423228803 3.5675
5ia -9.29731352293 2.33990689799 5.8313
5ia5ia -8.43090306088 1.17961349027 4.9064
5ia5ia- -8.43090306088 1.1798856041 4.9067
5ia5ia-5ia -8.03225628735 0.650079960379 4.3423
5ia5ia-5ia- -8.03225628735 0.650352074218 4.3424
5ia5ia-5ia-5ia -7.815381558 0.363544088349 4.0348
5ia5ia-5ia-5ia- -7.81565367184 0.363544088349 4.0349
5ia5ia-5ia5ia -7.81565367184 0.363816202188 4.0350
5ia5ia-5ia5ia- -7.81565367184 0.363816202188 4.0351
5ia5ia5ia -8.03225628735 0.650079960379 4.3423
5ia5ia5ia- -8.03225628735 0.650352074218 4.3424
5ia5ia5ia-5ia -7.81565367184 0.363544088349 4.0350
5ia5ia5ia-5ia- -7.815381558 0.363271974511 4.0346
5ia5ia5ia5ia -7.81565367184 0.363816202188 4.0351
5ia5ia5ia5ia- -7.81592578567 0.364088316027 4.0354
5id -10.0766475566 1.09226494808 4.8116
5id5id -9.53105931028 0.0163268303151 4.7418
5id5id- -9.52997085492 0.0157826026379 4.7419
5id5id-5id -9.39826775705 -0.456879134984 4.4865
5id5id-5id- -9.39881198472 -0.456334907307 4.4873
5id5id-5id-5id -9.37024003167 -0.698788337486 4.3316
5id5id-5id-5id- -9.37024003167 -0.698788337486 4.3316
5id5id-5id5id -9.37051214551 -0.698516223647 4.3319
5id5id-5id5id- -9.37024003167 -0.698788337486 4.3315
5id5id5id -9.39881198472 -0.456607021145 4.4871
5id5id5id- -9.39853987088 -0.456607021145 4.4868
5id5id5id-5id -9.36996791783 -0.698788337486 4.3315
5id5id5id-5id- -9.37024003167 -0.698788337486 4.3316
5id5id5id5id -9.37024003167 -0.699060451325 4.3312
5id5id5id5id- -9.37024003167 -0.698516223647 4.3317
5ie -9.11254822653 1.65390791092 4.2770
5ie5ie -8.66356039287 0.794844522507 4.2248
5ie5ie- -8.66328827903 0.793756067152 4.2249
5ie5ie-5ie -8.46954322596 0.454430110437 4.2126
5ie5ie-5ie- -8.46981533979 0.454157996598 4.2126
5ie5ie-5ie-5ie -8.37920143155 0.295243514865 4.2030
5ie5ie-5ie-5ie- -8.37920143155 0.295515628703 4.2030
5ie5ie-5ie5ie -8.37947354538 0.295787742542 4.2031
5ie5ie-5ie5ie- -8.37947354538 0.295787742542 4.2030
5ie5ie5ie -8.47008745363 0.456334907307 4.2126
5ie5ie5ie- -8.46981533979 0.454430110437 4.2126
5ie5ie5ie-5ie -8.37947354538 0.295787742542 4.2030
5ie5ie5ie-5ie- -8.37947354538 0.295787742542 4.2031
5ie5ie5ie5ie -8.37920143155 0.295515628703 4.2030
5ie5ie5ie5ie- -8.37920143155 0.295515628703 4.2031
5if -8.99064122685 2.37936340459 5.4541
5if5if -8.53566688873 1.28900325338 4.9568
5if5if- -8.53621111641 1.28873113954 4.9567
5if5if-5if -8.35335061688 0.829675093845 4.5990
5if5if-5if- -8.3541669584 0.829675093845 4.5994
5if5if-5if-5if -8.2885875233 0.605181177013 4.4324
5if5if-5if5if -8.28994809249 0.60572540469 4.4338
5if5if-5if5if- -8.28940386481 0.606541746206 4.4338
5if5if5if- -8.3541669584 0.830219321523 4.5996
5if5if5if-5if -8.28967597865 0.606541746206 4.4340
5ig -8.82846137905 2.09718135397 4.8987
5ig5ig -8.6602950268 1.18260674249 4.8968
5ig5ig- -8.66247193751 1.18587210855 4.8971
5ig5ig-5ig -8.62247120324 0.809810783629 4.8776
5ig5ig-5ig- -8.62301543092 0.810899238983 4.8781
5ig5ig-5ig-5ig -8.63852591972 0.663685652309 4.8074
5ig5ig-5ig5ig -8.63852591972 0.663141424631 4.8069
5ig5ig-5ig5ig- -8.63852591972 0.66341353847 4.8073
5ig5ig5ig- -8.62328754476 0.810899238983 4.8783
5ig5ig5ig-5ig -8.63879803356 0.66341353847 4.8074
5ih -8.44722989119 2.52249528368 5.4348
5ih5ih -7.99742571601 1.59485920795 4.8315
5ih5ih- -7.99742571601 1.59513132178 4.8316
5ih5ih-5ih -7.79415667859 1.20900178483 4.4845
5ih5ih-5ih- -7.79442879243 1.20872967099 4.4845
5ih5ih-5ih-5ih -7.70027740428 1.03348835895 4.3208
5ih5ih-5ih-5ih- -7.70027740428 1.03321624511 4.3207
5ih5ih-5ih5ih -7.70000529044 1.03348835895 4.3207
5ih5ih-5ih5ih- -7.70054951811 1.03376047278 4.3211
5ih5ih5ih -7.79442879243 1.20927389867 4.4846
5ih5ih5ih- -7.79415667859 1.20900178483 4.4846
5ih5ih5ih-5ih -7.70000529044 1.03348835895 4.3207
5ih5ih5ih-5ih- -7.70082163195 1.03348835895 4.3213
5ih5ih5ih5ih -7.70027740428 1.03321624511 4.3208
5ih5ih5ih5ih- -7.70054951811 1.03348835895 4.3211
5ii -9.21050920842 2.44494283969 5.7638
5il -8.8831562606 2.46916097132 5.4622
5il5il -8.45430485099 1.32029634481 5.0200
5il5il- -8.52505444903 1.21117869554 4.9995
5il5il-5il -8.2181100391 0.776612895321 4.5518
5il5il-5il- -8.21865426678 0.776612895321 4.5522
5il5il-5il-5il -8.07416181849 0.577425565477 4.3457
5il5il-5il-5il- -8.07443393233 0.577697679316 4.3459
5il5il-5il5il -8.07388970465 0.577425565477 4.3454
5il5il-5il5il- -8.07388970465 0.577153451639 4.3453
5il5il5il -8.2181100391 0.776340781483 4.5517
5il5il5il- -8.2181100391 0.776612895321 4.5520
5il5il5il-5il -8.07361759081 0.577425565477 4.3453
5il5il5il-5il- -8.07416181849 0.577153451639 4.3455
5il5il5il5il -8.07388970465 0.577425565477 4.3455
5il5il5il5il- -8.07388970465 0.577153451639 4.3454
5la -8.97295382734 2.32276372616 5.5067
5la5la -7.95415961568 1.0119913657 4.4633
5la5la- -7.95415961568 1.01226347954 4.4634
5la5la-5la -7.35959087837 0.402456367267 3.7203
5la5la-5la- -7.35959087837 0.402728481106 3.7205
5la5la-5la-5la -7.01645532791 0.0658515489375 3.3189
5la5la-5la-5la- -7.01645532791 0.0661236627761 3.3190
5la5la-5la5la- -7.01645532791 0.0658515489375 3.3189
5la5la5la -7.35959087837 0.402456367267 3.7203
5la5la5la- -7.35959087837 0.402456367267 3.7203
5la5la5la-5la -7.01645532791 0.0661236627761 3.3191
5la5la5la5la -7.01645532791 0.0658515489375 3.3189
5la5la5la5la- -7.01645532791 0.0661236627761 3.3190
5ld -9.68153826301 1.05226421381 4.7614
5le -9.02030163525 1.62016579493 4.2303
5lf -8.87009479635 2.43324194463 5.2443
5lg -8.76424251314 2.115685095 4.9319
5lg5lg -8.49403347143 0.828042410814 4.7457
5lg5lg- -8.49484981294 0.828314524652 4.7461
5lg5lg-5lg- -8.29022020633 0.291706034963 4.2996
5lg5lg-5lg-5lg -7.98300368257 -0.116192609076 3.8301
5lg5lg-5lg-5lg- -7.81429310264 -0.0889812252173 3.7238
5lg5lg5lg -8.29022020633 0.291706034963 4.2997
5lg5lg5lg5lg -8.06681474485 -0.0677563458076 3.8981
5lg5lg5lg5lg- -8.06681474485 -0.0680284596462 3.8980
5lh -8.33702378656 2.59188431252 5.1946
5lh5lh -7.66626317445 1.36247398979 4.4457
5lh5lh- -7.67469870345 1.29471764399 4.4339
5lh5lh-5lh -7.254010709 0.822872247881 3.8655
5lh5lh-5lh- -7.254010709 0.823144361719 3.8656
5lh5lh-5lh-5lh -7.0608098836 0.522730683922 3.5629
5lh5lh-5lh5lh -7.0608098836 0.522730683922 3.5629
5lh5lh-5lh5lh- -7.08149053533 0.469668485398 3.5409
5lh5lh5lh- -7.25373859516 0.823144361719 3.8654
5lh5lh5lh-5lh -7.06108199744 0.522458570083 3.5630
5li -8.8831562606 2.46916097132 5.4624
5li5li -8.45430485099 1.32029634481 5.0200
5li5li- -8.45430485099 1.32029634481 5.0198
5li5li-5li -7.59660203177 0.534431578981 3.9577
5li5li-5li- -7.59660203177 0.534431578981 3.9575
5li5li-5li-5li -7.45483072187 0.37687766644 3.7836
5li5li-5li-5li- -7.45455860803 0.376333438763 3.7833
5li5li-5li5li -7.64585463656 0.485178974197 4.0289
5li5li-5li5li- -7.64531040888 0.485178974197 4.0284
5li5li5li -7.59660203177 0.534159465142 3.9576
5li5li5li- -7.59660203177 0.534159465142 3.9576
5li5li5li-5li -7.45483072187 0.376605552602 3.7836
5li5li5li-5li- -7.45483072187 0.376605552602 3.7834
5li5li5li5li -7.62136439109 0.341230753585 3.8523
5li5li5li5li- -7.6425892705 0.483546291165 4.0260
5ll -8.72669080342 2.42181316341 5.3977
5ll5ll -8.10491068225 1.00872599963 4.5393
5ll5ll- -8.49294501607 1.33118089836 4.9664
5ll5ll-5ll -8.22572922658 0.922193798964 4.5999
5ll5ll-5ll- -8.33130939595 0.996480876898 4.7101
5ll5ll-5ll-5ll -8.06191669576 0.761918748038 4.4401
5ll5ll-5ll-5ll- -7.99198343924 0.717564192348 4.3785
5ll5ll-5ll5ll -8.09293767335 0.66341353847 4.4352
5ll5ll-5ll5ll- -8.09729149477 0.72681606286 4.4129
5ll5ll5ll -8.16912954816 0.934711035539 4.5827
5ll5ll5ll- -8.169401662 0.934983149378 4.5829
5ll5ll5ll-5ll -8.05429750827 0.712938257092 4.3953
5ll5ll5ll-5ll- -7.96286725851 0.619058982781 4.2891
5ll5ll5ll5ll -8.03688222261 0.673481750498 4.3785
5ll5ll5ll5ll- -8.05538596363 0.712938257092 4.3959
6ag -9.3253412483 1.60982546907 4.7346
6dg -9.82902396353 0.288168555061 4.6008
6eg -9.13050773988 0.854437453157 4.2446
6fg -9.00288634958 1.52084424385 4.8454
6ga -9.29377604303 1.62451961635 4.9218
6ga6ga -8.8725438209 0.478104014394 4.7532
6ga6ga- -8.87308804858 0.478376128232 4.7536
6ga6ga-6ga -8.69757462269 -0.12109065817 4.4175
6ga6ga-6ga- -8.69730250885 -0.121634885847 4.4170
6ga6ga-6ga-6ga -8.61349144657 -0.453069541244 4.2043
6ga6ga-6ga-6ga- -8.61376356041 -0.453341655082 4.2041
6ga6ga-6ga6ga -8.60995396667 -0.447899378311 4.2178
6ga6ga-6ga6ga- -8.60995396667 -0.447899378311 4.2176
6ga6ga6ga -8.50382956962 -0.374700755731 4.1180
6ga6ga6ga- -8.69784673653 -0.12109065817 4.4179
6ga6ga6ga-6ga -8.60968185283 -0.447899378311 4.2177
6ga6ga6ga-6ga- -8.60995396667 -0.448171492149 4.2176
6ga6ga6ga6ga- -8.60995396667 -0.447899378311 4.2178
6gd -9.81296924705 0.302046360829 4.8045
6gd6gd -9.63473468278 -0.517832634827 4.7216
6gd6gd- -9.63473468278 -0.518376862504 4.7212
6gd6gd-6gd -9.52616126118 -1.08736689899 4.4571
6gd6gd-6gd- -9.52616126118 -1.08763901282 4.4569
6gd6gd-6gd-6gd -9.48425573004 -1.4111823669 4.3086
6gd6gd-6gd-6gd- -9.48371150236 -1.4111823669 4.3086
6gd6gd-6gd6gd -9.45459532163 -1.41744098519 4.3002
6gd6gd-6gd6gd- -9.45486743547 -1.41771309903 4.3001
6gd6gd6gd -9.26302717927 -1.51050391798 3.9525
6gd6gd6gd- -9.52670548886 -1.08763901282 4.4572
6gd6gd6gd-6gd -9.45459532163 -1.41771309903 4.3000
6gd6gd6gd-6gd- -9.45486743547 -1.41771309903 4.3000
6gd6gd6gd6gd -9.45486743547 -1.41771309903 4.3001
6gd6gd6gd6gd- -9.45486743547 -1.41744098519 4.3003
6ge -9.12125586937 0.873485421858 4.2649
6ge6ge -8.84043438795 0.214969932482 4.1920
6ge6ge- -8.84043438795 0.215514160159 4.1923
6ge6ge-6ge -8.68750641066 -0.272113838585 4.1863
6ge6ge-6ge- -8.68723429682 -0.271841724746 4.1863
6ge6ge-6ge-6ge -8.63580478133 -0.538785400398 4.1849
6ge6ge-6ge-6ge- -8.63526055365 -0.53851328656 4.1848
6ge6ge-6ge6ge -8.60042998231 -0.550758409296 4.1847
6ge6ge-6ge6ge- -8.60042998231 -0.551302636973 4.1846
6ge6ge6ge -8.72315332352 -0.245174568565 4.1859
6ge6ge6ge- -8.68750641066 -0.271841724746 4.1864
6ge6ge6ge-6ge -8.60042998231 -0.551302636973 4.1847
6ge6ge6ge-6ge- -8.60042998231 -0.551302636973 4.1847
6ge6ge6ge6ge -8.64777779023 -0.513750927248 4.1917
6ge6ge6ge6ge- -8.60070209615 -0.551302636973 4.1847
6gf -8.9762191934 1.50941546263 4.9194
6gf6gf -8.87499284545 0.420687994452 4.6640
6gf6gf- -8.87499284545 0.420687994452 4.6641
6gf6gf-6gf -8.82329121612 -0.143948220611 4.3363
6gf6gf-6gf- -8.86465251958 -0.122451227363 4.3707
6gf6gf-6gf-6gf -8.83471999734 -0.453341655082 4.1793
6gf6gf-6gf-6gf- -8.83499211117 -0.453069541244 4.1797
6gf6gf-6gf6gf -8.80315479206 -0.465042550142 4.1574
6gf6gf-6gf6gf- -8.8034269059 -0.465042550142 4.1574
6gf6gf6gf -8.82301910228 -0.143948220611 4.3362
6gf6gf6gf- -8.82329121612 -0.143948220611 4.3362
6gf6gf6gf-6gf -8.8034269059 -0.465042550142 4.1574
6gf6gf6gf-6gf- -8.80315479206 -0.465042550142 4.1572
6gf6gf6gf6gf -8.86764577181 -0.427490840417 4.2248
6gf6gf6gf6gf- -8.82764503753 -0.445178239925 4.1960
6gg -8.91717049043 1.39295073972 4.8791
6gh -8.4733528197 1.72139214289 4.8992
6gh6gh -8.31607102099 0.791579156444 4.5327
6gh6gh- -8.31607102099 0.791307042605 4.5327
6gh6gh-6gh -8.2646415055 0.328985630849 4.2819
6gh6gh-6gh- -8.26491361934 0.329529858526 4.2822
6gh6gh-6gh-6gh -8.23606955245 0.0742870779337 4.1629
6gh6gh-6gh-6gh- -8.23606955245 0.0748313056109 4.1633
6gh6gh-6gh6gh -8.23579743861 0.0745591917723 4.1631
6gh6gh-6gh6gh- -8.23606955245 0.0748313056109 4.1633
6gh6gh6gh -8.26491361934 0.329529858526 4.2821
6gh6gh6gh- -8.26491361934 0.329257744688 4.2821
6gh6gh6gh-6gh -8.23579743861 0.0745591917723 4.1631
6gh6gh6gh-6gh- -8.23606955245 0.0748313056109 4.1633
6gh6gh6gh6gh -8.23606955245 0.0748313056109 4.1633
6gh6gh6gh6gh- -8.23579743861 0.0745591917723 4.1630
6gi -9.10574538057 1.63077823464 4.9070
6gi6gi -8.86846211332 0.796205091699 4.8095
6gi6gi- -8.86818999948 0.795660864022 4.8095
6gi6gi-6gi -8.79662405993 0.336060590652 4.7265
6gi6gi-6gi- -8.79662405993 0.336060590652 4.7266
6gi6gi-6gi-6gi -8.75444641495 0.0819062654141 4.6496
6gi6gi-6gi-6gi- -8.75417430112 0.0819062654141 4.6495
6gi6gi-6gi6gi -8.75417430112 0.0816341515755 4.6494
6gi6gi-6gi6gi- -8.75417430112 0.0819062654141 4.6495
6gi6gi6gi -8.79689617377 0.336060590652 4.7267
6gi6gi6gi- -8.79689617377 0.336332704491 4.7266
6gi6gi6gi-6gi -8.75444641495 0.0816341515755 4.6494
6gi6gi6gi-6gi- -8.75417430112 0.0816341515755 4.6492
6gi6gi6gi6gi -8.75444641495 0.0816341515755 4.6494
6gi6gi6gi6gi- -8.75417430112 0.0813620377369 4.6492
6gl -8.82873349289 1.61309083513 4.8712
6gl6gl -8.46029135544 0.603548493981 4.5881
6gl6gl- -8.46029135544 0.602732152466 4.5874
6gl6gl-6gl -8.22790613729 0.0938792743118 4.2723
6gl6gl-6gl- -8.22790613729 0.0936071604732 4.2719
6gl6gl-6gl-6gl -8.13810857056 -0.187214320946 4.1005
6gl6gl-6gl-6gl- -8.13783645672 -0.187486434785 4.1003
6gl6gl-6gl6gl -8.0953866979 -0.189935459332 4.0909
6gl6gl-6gl6gl- -8.0953866979 -0.189935459332 4.0911
6gl6gl6gl -8.28314524652 0.117553178269 4.3060
6gl6gl6gl- -8.22817825113 0.0936071604732 4.2723
6gl6gl6gl-6gl -8.09565881174 -0.189935459332 4.0911
6gl6gl6gl-6gl- -8.0953866979 -0.189935459332 4.0910
6gl6gl6gl6gl -7.73674065865 -0.662325083116 3.5981
6gl6gl6gl6gl- -8.10872027599 -0.180139361143 4.1227
6hg -8.43770590684 1.79295808244 4.7754
6ig -9.11363668189 1.63839742212 4.7185
6lg -8.85948235665 1.64465604041 4.8400
