1111 -7.16343854235 -2.54122272457 4.30067419034
1111- -6.80916766143 -2.58707434703 3.87479410243
1111-11- -6.56689796669 -3.20150281243 2.89176440665
1111-11-11 -6.32035692324 -1.77525422675 3.90545209156
1111-11-11- -6.32665233757 -3.38607599204 2.39343709587
1111-1111 -6.48855381822 -2.89870973728 3.03594389454
1111-1111- -6.3199419387 -1.77593702182 3.90444108486
111111 -6.56735972761 -3.17844330642 2.89565066451
111111- -6.56588634786 -3.20169864472 2.89054889831
111111-11 -6.48779446609 -2.89988064204 3.03402174845
111111-11- -6.38998323189 -3.45893096414 2.3877197583
11111111 -6.10049264924 -2.85246048034 2.68687269261
11111111- -6.19781624058 -2.93294043594 2.69608060254
12aa -6.48413604178 0.476548832029 6.53941220048
12aa12aa -5.41216294083 -0.490535877374 4.43731844126
12aa12aa- -5.42581230031 -0.49287748279 4.44790858312
12aa12aa-12aa -5.05149439509 -0.852290775417 3.69945458034
12aa12aa-12aa-12aa -4.8768829899 -1.05989025211 3.31192726692
12aa12aa-12aa-12aa- -4.88038809753 -1.07157992875 3.30376109974
12aa12aa-12aa12aa -4.88268362175 -1.06552125201 3.31538531326
12aa12aa-12aa12aa- -4.88286438932 -1.05667590452 3.32437719367
12aa12aa12aa -5.03765243063 -0.859544058829 3.67858052213
12aa12aa12aa-12aa -4.88268380908 -1.06552119994 3.31538555196
12aa12aa12aa-12aa- -4.88505256332 -1.07284971727 3.31043287038
12aa12aa12aa12aa -4.88218928794 -1.08299485852 3.29426012906
12aa12aa12aa12aa- -4.88038809838 -1.07157990033 3.30376112927
12ae -6.30542523583 -0.249516696904 5.61992187808
12ae12ae -5.34572807989 -0.896667934358 3.96241621913
12ae12ae- -5.35877093364 -0.905135610818 3.96693733642
12ae12ae-12ae -5.02711139398 -1.15881679683 3.36508387434
12ae12ae-12ae-12ae -4.87572874991 -1.32538165067 3.04318497968
12ae12ae-12ae-12ae- -4.87945433402 -1.33163403664 3.04000664274
12ae12ae-12ae12ae -4.88016352639 -1.32764076304 3.04762450557
12ae12ae-12ae12ae- -4.88010293102 -1.31923864036 3.05572999402
12ae12ae12ae -5.01610696435 -1.16385227229 3.35321544551
12ae12ae12ae-12ae -4.88682471906 -1.32376023312 3.06015806251
12ae12ae12ae-12ae- -4.88636272858 -1.33376521442 3.0500119755
12ae12ae12ae12ae -4.88122668593 -1.34309953089 3.0351182582
12ae12ae12ae12ae- -4.88230500784 -1.33384998687 3.04508231241
12af -5.55330297965 0.457037067358 5.476987292
12af12af -4.7961290446 -0.428641298043 3.83651710734
12af12af- -4.77618588298 -0.443632541079 3.79843174782
12af12af-12af -4.52584757018 -0.853544881076 3.1364831728
12af12af-12af-12af -4.43957933989 -1.11822443782 2.78657150415
12af12af-12af-12af- -4.43350005719 -1.12474126736 2.77355573751
12af12af-12af12af -4.44468265052 -1.11467281753 2.79849195926
12af12af-12af12af- -4.42610630452 -1.11225408585 2.78273670455
12af12af12af -4.53694134777 -0.837727590627 3.16735931509
12af12af12af-12af -4.47761593094 -1.05017626988 2.89562737305
12af12af12af-12af- -4.46999800763 -1.05000548248 2.88724365028
12af12af12af12af -4.59286106096 -0.830395458584 3.22605734418
12af12af12af12af- -4.53715609829 -0.933627274766 3.06943945747
12ai -6.41278876541 0.50936523761 6.50055967843
12ai12ai -5.41006184803 -0.277809479994 4.64668089699
12ai12ai- -5.3269887247 -0.432988130761 4.41050202535
12ai12ai-12ai -4.91791720695 -0.739269262666 3.67954075905
12ai12ai-12ai-12ai -4.74917033566 -0.862778955645 3.38145109374
12ai12ai-12ai-12ai- -4.7881307338 -0.819510143889 3.46417163727
12ai12ai-12ai12ai -4.73654230736 -0.888185518926 3.3468354851
12ai12ai-12ai12ai- -4.69142491202 -0.930357055807 3.25986276265
12ai12ai12ai -5.05128012483 -0.536129679932 4.01531586803
12ai12ai12ai-12ai -4.74396524518 -0.882220439033 3.36021322156
12ai12ai12ai-12ai- -4.78074391316 -0.84463021838 3.43417424418
12ai12ai12ai12ai -4.84216209146 -0.746065808592 3.59152026438
12ai12ai12ai12ai- -4.81355937895 -0.809399485629 3.49932421755
12al -5.6017522584 0.557087768201 5.64884941567
12al12al -4.67752805563 -0.272703911493 3.8841875238
12al12al- -4.72045442299 -0.274166097925 3.92491578013
12al12al-12al -4.38543925747 -0.566743528437 3.291100814
12al12al-12al-12al -4.23863903658 -0.772641654852 2.93623786675
12al12al-12al-12al- -4.34303119728 -0.792643031739 3.03094031442
12al12al-12al12al -4.17744623298 -0.781184261664 2.87282820705
12al12al-12al12al- -4.19891055502 -0.780066987037 2.89559512971
12al12al12al -4.31525768948 -0.615832255359 3.17588247952
12al12al12al-12al -4.19506118506 -0.778985328131 2.89391303673
12al12al12al-12al- -4.22019612708 -0.803049615235 2.89435564603
12al12al12al12al -4.14502774493 -0.818245332757 2.80395009164
12al12al12al12al- -4.16648321022 -0.808536100354 2.83504120229
12ea -6.30542226581 -0.24951660352 5.61991889129
12ea12ea -5.34563276256 -0.896522753288 3.96246228366
12ea12ea- -5.35885365795 -0.905118070552 3.96704085657
12ea12ea-12ea -5.02718656168 -1.15888969817 3.36508641893
12ea12ea-12ea-12ea -4.87568347359 -1.32526477684 3.04325363029
12ea12ea-12ea-12ea- -4.88231440574 -1.33384498392 3.04509653349
12ea12ea-12ea12ea -4.88681002677 -1.3237560679 3.06014778479
12ea12ea-12ea12ea- -4.88012885294 -1.31921123695 3.05578257322
12ea12ea12ea -5.01610677925 -1.16385384531 3.35321372054
12ea12ea12ea-12ea -4.88015446658 -1.32764169389 3.04761408476
12ea12ea12ea-12ea- -4.88638470146 -1.33373040904 3.0500675351
12ea12ea12ea12ea -4.88123645648 -1.34305203531 3.03517456067
12ea12ea12ea12ea- -4.88193057061 -1.32967901262 3.04413452512
12ee -6.23082364247 -0.505454375678 5.28988615606
12ee12ee -5.52429300739 -0.938975832307 4.10146976474
12ee12ee- -5.32149382214 -1.25979687359 3.5809388527
12ee12ee-12ee -5.12634826778 -1.30590097467 3.3477263809
12ee12ee-12ee-12ee- -5.11483576054 -1.44032379431 3.18469683555
12ee12ee-12ee12ee -5.06612179924 -1.39679201479 3.18730443176
12ee12ee-12ee12ee- -5.0402541714 -1.4415417505 3.12312507441
12ee12ee12ee -5.29633656998 -1.06376301809 3.73762369695
12ee12ee12ee-12ee -5.066202284 -1.39685200637 3.18737263942
12ee12ee12ee-12ee- -5.06871086786 -1.47709644173 3.09895632409
12ee12ee12ee12ee -5.21876376169 -1.16478457693 3.55434789875
12ee12ee12ee12ee- -5.11481521834 -1.44034436189 3.18465598549
12ef -5.57174262798 -0.304450718691 4.70421496515
12ef12ef -4.79262697786 -0.827059841549 3.42558830712
12ef12ef- -4.79884152845 -0.855007192755 3.40552697396
12ef12ef-12ef -4.55377068924 -1.16621629055 2.8457601586
12ef12ef-12ef-12ef -4.51235070913 -1.4065545107 2.56604944417
12ef12ef-12ef-12ef- -4.54985390859 -1.36518574061 2.64604248645
12ef12ef-12ef12ef -4.48654130374 -1.37170972377 2.58025687484
12ef12ef-12ef12ef- -4.47974411572 -1.38492683361 2.55925079073
12ef12ef12ef -4.54989563333 -1.13205711156 2.88188557829
12ef12ef12ef-12ef -4.47118742667 -1.36919523294 2.56802642977
12ef12ef12ef-12ef- -4.49320981997 -1.38217227706 2.57903552701
12ef12ef12ef12ef -4.48041460686 -1.35023728625 2.59675005299
12ef12ef12ef12ef- -4.47198331194 -1.35735848739 2.57951092631
12ei -6.24594115176 -0.218660220361 5.59052503494
12ei12ei -5.39329398626 -0.58252486252 4.32411470216
12ei12ei- -5.24380578896 -0.855501922356 3.90242760954
12ei12ei-12ei -4.89835464721 -1.04206434857 3.35424776299
12ei12ei-12ei-12ei -4.78778381465 -1.06004739892 3.22081298732
12ei12ei-12ei-12ei- -4.85909834726 -1.00487284914 3.35500305936
12ei12ei-12ei12ei -4.77561574454 -1.110597561 3.16292862644
12ei12ei-12ei12ei- -4.72207685893 -1.14792267535 3.06989319522
12ei12ei12ei -5.07684852732 -0.738711245203 3.83984909415
12ei12ei12ei-12ei -4.77072148166 -1.12359938162 3.14348473336
12ei12ei12ei-12ei- -4.83977051145 -1.031993831 3.30680308405
12ei12ei12ei12ei -4.94836896585 -0.823607253239 3.62251966162
12ei12ei12ei12ei- -4.87441286903 -1.00173562321 3.37004308415
12el -5.60283348848 -0.169409929674 4.89069380046
12el12el -5.06323562935 -0.634438972352 3.91886034155
12el12el- -4.72381732709 -0.67654511474 3.52023763463
12el12el-12el -4.69825737461 -0.995063126725 3.18988629211
12el12el-12el-12el -4.55394757944 -1.11203112392 2.92634704319
12el12el-12el-12el- -4.46637022005 -0.965979474558 2.97751027355
12el12el-12el12el -4.47069770783 -1.02048834937 2.93175465309
12el12el-12el12el- -4.50186437237 -1.12224493333 2.86526206991
12el12el12el -4.73027487776 -0.826493042975 3.3882638025
12el12el12el-12el -4.53056643515 -1.09176122748 2.92495591545
12el12el12el-12el- -4.56444369905 -1.05626536993 2.99365947377
12el12el12el12el -4.56383207626 -0.949612088227 3.09415011091
12el12el12el12el- -4.54564363274 -1.04116268376 2.98532320951
12fa -5.5455641284 0.465353426843 5.47833196424
12fa12fa -4.78136078538 -0.434308916564 3.81607132875
12fa12fa- -4.77618480011 -0.443633675607 3.79842960105
12fa12fa-12fa -4.51896386991 -0.850820640239 3.13300667115
12fa12fa-12fa-12fa -4.43835115525 -1.10948047399 2.79526065986
12fa12fa-12fa-12fa- -4.5372535395 -0.933559040779 3.06960438439
12fa12fa-12fa12fa -4.4322047438 -1.11120118044 2.79238927497
12fa12fa-12fa12fa- -4.42610588209 -1.11225455981 2.78273585269
12fa12fa12fa -4.51698691124 -0.851522279911 3.1342309519
12fa12fa12fa-12fa -4.43023005681 -1.11903004064 2.77963101054
12fa12fa12fa-12fa- -4.47002509443 -1.05003800112 2.88724384683
12fa12fa12fa12fa -4.43407818277 -1.12420416644 2.77998556701
12fa12fa12fa12fa- -4.43358003836 -1.12467277101 2.77369427739
12fe -5.57843123869 -0.306659067468 4.70835761405
12fe12fe -4.82657426913 -0.853830359651 3.43198192109
12fe12fe- -4.79886662336 -0.85500047526 3.405556895
12fe12fe-12fe -4.56542642962 -1.16883936788 2.8567963144
12fe12fe-12fe-12fe -4.52782443187 -1.33292082776 2.65662995995
12fe12fe-12fe-12fe- -4.47196003075 -1.3573697968 2.57947684576
12fe12fe-12fe12fe -4.50199936284 -1.39581737999 2.57296946303
12fe12fe-12fe12fe- -4.47976466183 -1.38480435793 2.55939035498
12fe12fe12fe -4.60008449696 -1.18098140659 2.8825802612
12fe12fe12fe-12fe -4.50972324021 -1.40229335688 2.57334559704
12fe12fe12fe-12fe- -4.49320641817 -1.38217269178 2.57903171701
12fe12fe12fe12fe -4.54676126091 -1.41823702669 2.59479839788
12fe12fe12fe12fe- -4.54982812645 -1.36524763441 2.64595669514
12ff -5.63098774647 0.553661450194 5.56041430233
12ff12ff -4.5947360856 -0.357422736707 3.70859143273
12ff12ff- -4.59023215441 -0.361054514116 3.70218113903
12ff12ff-12ff -4.3621312657 -0.819591059328 3.00548141248
12ff12ff-12ff-12ff -4.30685564052 -1.13715448283 2.6344894614
12ff12ff-12ff-12ff- -4.28146055919 -1.13305630398 2.61830137966
12ff12ff-12ff12ff -4.30309736669 -1.12671691522 2.6458920179
12ff12ff-12ff12ff- -4.28759599967 -1.1304329545 2.62561759954
12ff12ff12ff -4.34328485635 -0.814869017356 2.99950123502
12ff12ff12ff-12ff -4.30121336966 -1.12898030635 2.64232670729
12ff12ff12ff-12ff- -4.275447606 -1.12299235746 2.62626214826
12ff12ff12ff12ff -4.28690542263 -1.12811155926 2.63166158853
12ff12ff12ff12ff- -4.28146053811 -1.13305697952 2.61830071782
12fi -5.50110540731 0.49097809102 5.45702714654
12fi12fi -4.85645529544 -0.122467514075 4.19482665119
12fi12fi- -4.69271369918 -0.373423730539 3.7868571938
12fi12fi-12fi -4.39879427725 -0.737047443246 3.12757272495
12fi12fi-12fi-12fi -4.36598764331 -0.817466622514 3.01345840051
12fi12fi-12fi-12fi- -4.44027113336 -0.715842681271 3.19017029556
12fi12fi-12fi12fi -4.3284205293 -0.919063059069 2.87970716707
12fi12fi-12fi12fi- -4.26318731471 -0.960599696386 2.77254553124
12fi12fi12fi -4.57368426749 -0.557909717209 3.47852509424
12fi12fi12fi-12fi -4.30989767108 -0.919559428953 2.85831047317
12fi12fi12fi-12fi- -4.37627632723 -0.814635899005 3.02732607875
12fi12fi12fi12fi -4.50476738944 -0.753971412139 3.21445478716
12fi12fi12fi12fi- -4.36988644075 -0.855253411629 2.97622048728
12fl -5.49018932338 0.636594576525 5.61100942918
12fl12fl -4.46049616186 -0.197323423971 3.73933667038
12fl12fl- -4.44837819679 -0.202114475915 3.72278531373
12fl12fl-12fl -4.14879414346 -0.581106728074 3.03641178571
12fl12fl-12fl-12fl -4.10502033972 -0.88132386826 2.69408376229
12fl12fl-12fl-12fl- -4.09660029842 -0.857002443165 2.71401874571
12fl12fl-12fl12fl -4.42287626465 -0.568053470151 3.32682834757
12fl12fl-12fl12fl- -4.16066953576 -0.925489118265 2.70423382727
12fl12fl12fl -4.3177291633 -0.674128775637 3.11762812973
12fl12fl12fl-12fl -4.14777027623 -0.860298622923 2.76235321944
12fl12fl12fl-12fl- -4.13595039722 -0.84701607015 2.76296487761
12fl12fl12fl12fl -4.18793468431 -0.869916938519 2.79316117367
12fl12fl12fl12fl- -4.18837393389 -0.920890897065 2.73876288077
12ia -6.41279201333 0.509364117177 6.50056190143
12ia12ia -5.40999080408 -0.278000367163 4.64642015789
12ia12ia- -5.32698812169 -0.432989851287 4.41049976092
12ia12ia-12ia -4.91798267018 -0.739401026822 3.67947776622
12ia12ia-12ia-12ia -4.74917532002 -0.862723078375 3.38151017322
12ia12ia-12ia-12ia- -4.81341123135 -0.809579014949 3.49899643499
12ia12ia-12ia12ia -4.74395053341 -0.882268422943 3.36015150097
12ia12ia-12ia12ia- -4.6923702248 -0.929553695626 3.26165943353
12ia12ia12ia -5.05117332123 -0.536233752203 4.01510805687
12ia12ia12ia-12ia -4.73648087882 -0.888279612494 3.34667972407
12ia12ia12ia-12ia- -4.78078528337 -0.844633680457 3.4342131285
12ia12ia12ia12ia -4.84171108525 -0.746790079398 3.59035153261
12ia12ia12ia12ia- -4.78815408957 -0.8195477064 3.46415787507
12ie -6.24578197345 -0.218746685244 5.59033967933
12ie12ie -5.3932678894 -0.58246180485 4.32415110324
12ie12ie- -5.24381647461 -0.85556252873 3.90237866355
12ie12ie-12ie -4.90446618332 -1.03854057854 3.36389106423
12ie12ie-12ie-12ie -4.78978076361 -1.05863039172 3.22423178545
12ie12ie-12ie-12ie- -4.87233811105 -1.00471360205 3.36503471797
12ie12ie-12ie12ie -4.77058305536 -1.12371503964 3.14322990929
12ie12ie-12ie12ie- -4.73783100826 -1.13936350055 3.09402307835
12ie12ie12ie -5.07694897712 -0.738644622246 3.84001495582
12ie12ie12ie-12ie -4.77573149288 -1.11046434469 3.1631774492
12ie12ie12ie-12ie- -4.8398928159 -1.03174223174 3.30717481152
12ie12ie12ie12ie -4.94840557201 -0.823530073492 3.62263397394
12ie12ie12ie12ie- -4.85913206151 -1.00486030849 3.35504934455
12if -5.50843740815 0.485332294433 5.45866856519
12if12if -4.84522020038 -0.121093390335 4.18611525176
12if12if- -4.69271447563 -0.373423662556 3.78685802411
12if12if-12if -4.40269224517 -0.724271083396 3.14336816315
12if12if-12if-12if -4.30898735572 -0.942933589453 2.82982234459
12if12if-12if-12if- -4.37149147315 -0.855595559419 2.97723843486
12if12if-12if12if -4.31469038573 -0.87634136171 2.90572314329
12if12if-12if12if- -4.26318730261 -0.960599709678 2.77254550625
12if12if12if -4.59323633913 -0.404571153261 3.65117763748
12if12if12if-12if -4.338532455 -0.871484369758 2.9351298249
12if12if12if-12if- -4.37626604474 -0.814652100915 3.02730131007
12if12if12if12if -4.52172828116 -0.549812407624 3.43454837738
12if12if12if12if- -4.44027113299 -0.715842687717 3.19017028894
12ii -6.33935589102 0.542303119003 6.45982314512
12ii12ii -5.46066987269 0.0102335613518 4.98401696801
12ii12ii- -5.24263420508 -0.323709233432 4.43619198924
12ii12ii-12ii -4.82359095523 -0.55675850848 3.76803031251
12ii12ii-12ii-12ii -4.69269037216 -0.574545531288 3.61369244496
12ii12ii-12ii-12ii- -4.80914323592 -0.450447811718 3.85708068346
12ii12ii-12ii12ii -4.67817526706 -0.593624544809 3.58372206007
12ii12ii-12ii12ii- -4.59802147875 -0.672743895572 3.4240188834
12ii12ii12ii -5.10368554889 -0.186107425622 4.4150293746
12ii12ii12ii-12ii -4.67817299343 -0.593625525301 3.58371887767
12ii12ii12ii-12ii- -4.74407125539 -0.515078884762 3.72830621832
12ii12ii12ii12ii -4.93878064983 -0.244108989866 4.18892743827
12ii12ii12ii12ii- -4.80914549773 -0.450450785245 3.85708060519
12il -6.09515608084 0.515420401382 6.16663763548
12il12il -5.08220941834 -0.114328221321 4.46750426352
12il12il- -4.89496598763 -0.321233500927 4.06549976096
12il12il-12il -4.5535544426 -0.588274697921 3.45959358325
12il12il-12il-12il -4.34874645428 -0.66629101661 3.1697200179
12il12il-12il-12il- -4.30204286546 -0.592343933462 3.19105420855
12il12il-12il12il -4.36684901604 -0.657509785842 3.20124591968
12il12il-12il12il- -4.28886674049 -0.671711082844 3.10573794304
12il12il12il-12il -4.34282168437 -0.701223615788 3.13262449845
12il12il12il-12il- -4.33802450017 -0.664012829111 3.16516213899
12il12il12il12il -4.52537525426 -0.459791873299 3.55424785918
12il12il12il12il- -4.42575964891 -0.589806820692 3.32390012068
12la -5.65738849749 0.555791972122 5.70178574461
12la12la -4.76620641781 -0.271917972443 3.97341484636
12la12la- -4.720454065 -0.274166078785 3.92491545804
12la12la-12la -4.35641649056 -0.603478609183 3.2280658216
12la12la-12la-12la -4.17158274576 -0.781442334479 2.86408075194
12la12la-12la-12la- -4.16651323431 -0.808524726039 2.83508152537
12la12la-12la12la -4.21614592906 -0.781181511924 2.91303371415
12la12la-12la12la- -4.19891244685 -0.780067000109 2.89559697396
12la12la12la -4.5149002554 -0.462329535209 3.52714796586
12la12la12la-12la -4.22063019031 -0.787747942725 2.90916685106
12la12la12la-12la- -4.25095274575 -0.805230241015 2.92607859793
12la12la12la12la -4.46887182551 -0.871515043779 3.08704775222
12la12la12la12la- -4.26031608727 -0.794704690855 2.93473356707
12le -5.67140318484 -0.206554337073 4.92222491486
12le12le -4.80735960822 -0.691861095123 3.58708074375
12le12le- -4.72389679421 -0.67651055737 3.52035095402
12le12le-12le -4.49018574706 -0.775430471566 3.18219552587
12le12le-12le-12le- -4.53586259882 -1.12665149249 2.89205431547
12le12le-12le12le -4.52971802783 -1.06010721124 2.9538639365
12le12le-12le12le- -4.50122733192 -1.1299600473 2.85718618328
12le12le12le -4.74190592927 -0.925929281982 3.30034535708
12le12le12le-12le -4.53718647195 -1.11978243922 2.90435504193
12le12le12le-12le- -4.42644714646 -0.976799353309 2.92570024741
12le12le12le12le -4.59423919345 -0.699936729077 3.37070034117
12le12le12le12le- -4.46631077385 -0.965583320695 2.97783375656
12lf -5.52305272726 0.641293684161 5.61695677948
12lf12lf -4.64936083536 -0.280728183813 3.84500527422
12lf12lf- -4.44837815349 -0.202114264863 3.72278547507
12lf12lf-12lf -4.30125583019 -0.713979413284 3.05482048017
12lf12lf-12lf-12lf -4.17053445765 -0.929076605239 2.71084345679
12lf12lf-12lf-12lf- -4.23077981161 -0.859678801646 2.84177527758
12lf12lf-12lf12lf -4.17735160609 -0.911992826652 2.73685058079
12lf12lf-12lf12lf- -4.14776876229 -0.933375524881 2.68619933698
12lf12lf12lf -4.3123649199 -0.658844464732 3.12796432113
12lf12lf12lf-12lf -4.10993458963 -0.87026474496 2.7126921341
12lf12lf12lf-12lf- -4.17892069026 -0.863712507667 2.78751916835
12lf12lf12lf12lf -4.18105484078 -0.859799509418 2.79648587359
12lf12lf12lf12lf- -4.08837283222 -0.847758259457 2.71460545341
12li -5.61023138316 0.583077935518 5.67987197997
12li12li -4.90949737484 0.176200083686 4.5586553574
12li12li- -4.89494997901 -0.321211437804 4.06550523926
12li12li-12li -4.50485586873 -0.604257207535 3.38975627818
12li12li-12li-12li -4.33488431246 -0.696866014286 3.12476555045
12li12li-12li-12li- -4.40775601144 -0.604587502184 3.29079012899
12li12li-12li12li -4.29982566207 -0.733035859382 3.05829119509
12li12li-12li12li- -4.28886691047 -0.671711019522 3.10573817579
12li12li12li -4.50481705294 -0.604243948093 3.38973176669
12li12li12li-12li -4.29985897698 -0.732973547492 3.05838467112
12li12li12li-12li- -4.33802634531 -0.664014145265 3.16516266882
12li12li12li12li -4.29986035915 -0.733028512671 3.0583316593
12li12li12li12li- -4.33267014918 -0.676479766739 3.14236319843
12ll -5.53143297858 0.721628342048 5.78484608868
12ll12ll -4.90204798045 0.227568423496 4.61058582681
12ll12ll- -4.3363102438 -0.036225750451 3.78243177565
12ll12ll-12ll -4.47860396349 -0.210501598097 3.74361682807
12ll12ll-12ll-12ll -4.16190138711 -0.504225518261 3.13359547019
12ll12ll-12ll-12ll- -4.30502273272 -0.398172531421 3.38717286939
12ll12ll-12ll12ll -4.30503305606 -0.233400042418 3.54416389725
12ll12ll-12ll12ll- -4.1247177687 -0.656584029357 2.95575298647
12ll12ll12ll -4.55027309192 0.0116384209992 4.03551603669
12ll12ll12ll-12ll -3.81054322567 -0.493112983236 2.79428498049
12ll12ll12ll-12ll- -4.29964543355 -0.409833386314 3.37112060846
12ll12ll12ll12ll -4.40111924337 -0.0705584153978 3.80818922864
12ll12ll12ll12ll- -4.33152475395 -0.360587325486 3.45080119629
2 -8.99529870269 0.127458451198 8.92613452949
22 -7.19314159235 -0.904763221434 5.95909539527
22- -7.19482142098 -0.990564981437 5.86539035218
22-2 -6.40255255871 -1.5243036744 4.49546557965
22-2- -6.3878052891 -1.46997104404 4.5386011916
22-2-2 -6.19777860623 -1.4450029761 4.34948824272
22-2-2- -5.9294785762 -1.74009016351 3.79345613305
22-22 -6.29583835825 -1.42425349726 4.46564162064
22-22- -6.40696689355 -1.09846989465 4.89437861667
222 -6.38414432943 -1.41351687703 4.59801122533
222- -6.60663782836 -1.21879421868 5.00643454453
222-2 -6.23418038806 -1.35050854227 4.47778092806
222-2- -5.93117495761 -1.74672218521 3.78514942457
2222 -5.92398815594 -1.70413289476 3.82852153628
2222- -5.92978435223 -1.7392760899 3.79455210617
4aa -8.03721007687 -0.313474079547 7.185462265
4aa4aa -6.93675472781 -0.68892395684 5.81321819481
4aa4aa- -6.93718038098 -0.689148115143 5.81342163075
4aa4aa-4aa -6.45653612821 -0.874135980873 5.13786228623
4aa4aa-4aa-4aa -6.19104711348 -0.922897283631 4.8222075589
4aa4aa-4aa-4aa- -6.19093235945 -0.923051144198 4.82193947716
4aa4aa-4aa4aa -6.24176596302 -0.883489907802 4.91193258515
4aa4aa-4aa4aa- -6.24321011832 -0.882295631631 4.91456003598
4aa4aa4aa -6.42323900103 -0.870486043114 5.10802505698
4aa4aa4aa-4aa -6.190973889 -0.923029186586 4.82200338582
4aa4aa4aa-4aa- -6.19101932011 -0.92295480565 4.82212279959
4aa4aa4aa4aa -6.24177757843 -0.883319573264 4.9121133378
4aa4aa4aa4aa- -6.24322614408 -0.88227772984 4.91459381186
4ae -7.34061966515 -0.936194286821 5.99574676782
4ae4ae -6.25140501436 -1.10156010919 4.68980294335
4ae4ae- -6.18062978081 -0.992970153048 4.73345195498
4ae4ae-4ae -5.81480063835 -1.00587940508 4.35225361078
4ae4ae-4ae-4ae -5.64479897671 -1.08047085829 4.10841637222
4ae4ae-4ae-4ae- -5.65353736661 -1.12604414278 4.07163785985
4ae4ae-4ae4ae -5.63761947045 -1.05271985072 4.13147578001
4ae4ae-4ae4ae- -5.63510796896 -1.00498083515 4.1774291966
4ae4ae4ae -5.8928779628 -1.15998462298 4.27199157714
4ae4ae4ae-4ae -5.6540417345 -1.09900618499 4.1001994448
4ae4ae4ae-4ae- -5.65835745627 -1.10144791064 4.10238365029
4ae4ae4ae4ae -5.69113083207 -1.17849721053 4.05533405855
4ae4ae4ae4ae- -5.67830915092 -1.14734990711 4.07438093574
4af -6.30305156484 -0.401122815071 5.19104690181
4af4af -5.48803295726 -0.839388099016 4.02005419208
4af4af- -5.37716719129 -0.837065963787 3.93968954282
4af4af-4af -5.25121328512 -0.93572251365 3.73958819638
4af4af-4af-4af -5.26101396735 -1.02078381058 3.67762778038
4af4af-4af-4af- -5.26077479949 -1.05978222754 3.64334211952
4af4af-4af4af -5.20793576238 -1.07531352903 3.58015921293
4af4af-4af4af- -5.19181435206 -1.0699223161 3.57090981968
4af4af4af -5.48775300417 -1.05894275652 3.8071985112
4af4af4af-4af -5.28745820109 -1.11698496627 3.61267019463
4af4af4af-4af- -5.31513367156 -1.15183047921 3.59951695406
4af4af4af4af -5.49167608688 -1.20859034758 3.67637200103
4af4af4af4af- -5.44621684737 -1.19008556791 3.69537114044
4ai -7.86455016778 -0.325313386434 7.08456276005
4ai4ai -6.98329592898 -0.484395694186 6.0304110334
4ai4ai- -7.02466842865 -0.460684023093 6.083017862
4ai4ai-4ai -6.53409710479 -0.465806068551 5.59021451662
4ai4ai-4ai-4ai -6.29389863387 -0.451076631927 5.37083913748
4ai4ai-4ai-4ai- -6.23547714208 -0.478508595 5.29789429494
4ai4ai-4ai4ai -6.28007502292 -0.475062829418 5.3525148412
4ai4ai-4ai4ai- -6.29776469615 -0.454880556822 5.38636251665
4ai4ai4ai -6.47651469496 -0.524422751031 5.49050162264
4ai4ai4ai-4ai -6.24428672495 -0.479547211141 5.30901662378
4ai4ai4ai-4ai- -6.27661413995 -0.455445541775 5.35186513715
4ai4ai4ai4ai -6.23111792277 -0.499830364953 5.26846593
4ai4ai4ai4ai- -6.21757171791 -0.498980414508 5.26118853705
4al -6.49600590006 -0.293480923698 5.67048337242
4ea -7.34053398795 -0.936249460946 5.99560657214
4ea4ea -6.25147696507 -1.10157296874 4.68986249609
4ea4ea- -6.18046272385 -0.992980797942 4.73327155623
4ea4ea-4ea -5.81463773002 -1.00572023423 4.35223774122
4ea4ea-4ea-4ea -5.66613401146 -1.08308234123 4.12694758263
4ea4ea-4ea-4ea- -5.71594867952 -1.14832913183 4.11049811568
4ea4ea-4ea4ea -5.68290400293 -1.09000506652 4.13759108304
4ea4ea-4ea4ea- -5.63518543569 -1.00501814699 4.17746949905
4ea4ea4ea -5.89278647987 -1.1600106717 4.27187611928
4ea4ea4ea-4ea -5.62856009552 -1.06032449296 4.11514460167
4ea4ea4ea-4ea- -5.6777834106 -1.09898562132 4.12412067935
4ea4ea4ea4ea -5.69118904333 -1.17852039337 4.05537001382
4ea4ea4ea4ea- -5.65166364614 -1.13282511288 4.06321816533
4ee -6.94022959078 -1.32276401411 5.19714051948
4ee4ee -5.99287409023 -1.48172697923 4.05041791545
4ee4ee4ee -5.4079805012 -1.52779025574 3.41794036633
4ee4ee4ee4ee -5.18808503407 -1.53661467783 3.19338980911
4ef -6.11997385921 -0.672151850108 4.95197005909
4ef4ef -5.44616651437 -0.940538220866 3.92767963906
4ef4ef- -5.52608505881 -0.85239389756 4.05836784369
4ef4ef-4ef -5.32474716495 -0.999788143056 3.77074221584
4ef4ef-4ef-4ef -5.28826772843 -1.06698482277 3.68076119239
4ef4ef-4ef-4ef- -5.26262407989 -1.05302123735 3.66488064206
4ef4ef-4ef4ef- -5.28198847288 -1.08502385095 3.65559190348
4ef4ef4ef -5.28974309795 -1.12994210281 3.60344358739
4ef4ef4ef-4ef -5.37457908685 -1.0879925554 3.73652171134
4ef4ef4ef-4ef- -5.37195290179 -1.12011308405 3.70046053196
4ef4ef4ef4ef -5.23110426613 -1.27332288724 3.42539900106
4ef4ef4ef4ef- -5.31143644217 -1.20086543758 3.56480840877
4ei -7.21989253117 -0.929638507709 5.88133653976
4ei4ei -6.32036538883 -0.971742356828 4.89405842554
4ei4ei- -6.32060272025 -0.971763761221 4.89426725247
4ei4ei-4ei -5.96794237758 -0.965630509957 4.53798301776
4ei4ei-4ei-4ei -5.76099560756 -0.931942536964 4.36704213333
4ei4ei-4ei-4ei- -5.76907296675 -0.930702472452 4.37596122569
4ei4ei-4ei4ei -5.78626141439 -0.929713588514 4.39439549519
4ei4ei-4ei4ei- -5.78664511868 -0.936741570341 4.38775980418
4ei4ei4ei -5.93469596509 -0.962975429905 4.5071377041
4ei4ei4ei-4ei -5.78499773566 -0.937502214646 4.38539050589
4ei4ei4ei-4ei- -5.76551875632 -0.930623942551 4.37271034202
4ei4ei4ei4ei -5.76909325554 -0.930715664908 4.37597092179
4ei4ei4ei4ei- -5.76329791793 -0.930799094311 4.37042638181
4el -6.22622662517 -0.624464299033 5.11889976914
4fa -6.30306591426 -0.401124677429 5.19105909448
4fa4fa -5.48812889262 -0.839317741977 4.02024337729
4fa4fa- -5.54373916442 -0.654045710505 4.29405824749
4fa4fa-4fa -5.25119335454 -0.935719308442 3.73957220422
4fa4fa-4fa-4fa -5.26101191074 -1.02078987098 3.67761983336
4fa4fa-4fa-4fa- -5.53484874777 -0.980674333233 4.00095442699
4fa4fa-4fa4fa -5.28743044785 -1.11696518198 3.61265386652
4fa4fa-4fa4fa- -5.15418012235 -1.01386100732 3.58673029329
4fa4fa4fa -5.48775230102 -1.05894470915 3.80719593413
4fa4fa4fa-4fa -5.20793568849 -1.07531424345 3.58015843027
4fa4fa4fa-4fa- -5.32980862197 -0.998682192582 3.76673026177
4fa4fa4fa4fa -5.49154803828 -1.20843471335 3.67639286436
4fa4fa4fa4fa- -5.29608916473 -1.10363862296 3.64190954859
4fe -6.11997138828 -0.672216930829 4.95190420011
4fe4fe -5.44648896787 -0.940478406747 3.92806406718
4fe4fe- -5.7587180995 -0.87032119564 4.2950242499
4fe4fe-4fe -5.33509362877 -0.950262651651 3.83499625857
4fe4fe-4fe-4fe -5.29762501032 -1.11306618221 3.64138341436
4fe4fe-4fe-4fe- -5.42583537511 -1.03611545431 3.87851755378
4fe4fe-4fe4fe -5.35876039291 -1.12500998946 3.69672353457
4fe4fe-4fe4fe- -5.28670312296 -1.08772191013 3.65843237141
4fe4fe4fe -5.2900642719 -1.13001711963 3.60369917692
4fe4fe4fe-4fe -5.28358327524 -1.15290450939 3.59298390999
4fe4fe4fe-4fe- -5.43714361813 -1.12145039874 3.76966209785
4fe4fe4fe4fe -5.23124404636 -1.27343286695 3.42540746971
4fe4fe4fe4fe- -5.25775522125 -1.16445186138 3.54986685333
4ff -5.45028842133 -0.490419149644 4.40400970176
4ff4ff -5.3540135842 -1.02831862319 3.74870700817
4ff4ff- -5.48559753971 -0.907927222238 4.02555834161
4ff4ff-4ff -5.47186649334 -1.17409164974 3.76513917267
4ff4ff-4ff-4ff -5.3440342989 -1.26387716966 3.54393322665
4ff4ff-4ff-4ff- -5.22788423313 -1.26560991805 3.42740098159
4ff4ff-4ff4ff -5.38275361474 -1.37062510981 3.47358164816
4ff4ff-4ff4ff- -5.49002980144 -1.31969230083 3.64797371158
4ff4ff4ff -5.25676821673 -1.30180552497 3.39980029338
4ff4ff4ff-4ff -5.3859993004 -1.39497713485 3.45927949416
4ff4ff4ff-4ff- -5.2961919208 -1.34649220098 3.42044308639
4ff4ff4ff4ff -5.21228381674 -1.51003271735 3.16176484803
4ff4ff4ff4ff- -5.25941584014 -1.42135755613 3.28054130794
4fi -6.25217512887 -0.354970086275 5.22422828477
4fi4fi -5.58712691855 -0.535758062528 4.41053323668
4fi4fi- -5.81890720371 -0.482164422838 4.70661402854
4fi4fi-4fi -5.43033431476 -0.563829168141 4.29153231062
4fi4fi-4fi-4fi -5.37417913507 -0.581456206533 4.22732018615
4fi4fi-4fi-4fi- -5.34122984797 -0.545747179107 4.23947342338
4fi4fi-4fi4fi -5.37392493698 -0.664903758448 4.113070397
4fi4fi-4fi4fi- -5.28821931918 -0.548379614485 4.18765656044
4fi4fi4fi -5.49179240052 -0.705967101274 4.17691290447
4fi4fi4fi-4fi -5.31725233824 -0.61348556142 4.15027303813
4fi4fi4fi-4fi- -5.2943830188 -0.621883583462 4.11843220194
4fi4fi4fi4fi -5.40112427354 -0.842087830656 3.96760761894
4fi4fi4fi4fi- -5.30420922037 -0.623591911783 4.13172158641
4fl -5.51697747287 -0.383923539801 4.58223808266
4ia -7.86454792195 -0.325322554153 7.08455785828
4ia4ia -6.9832501586 -0.484403500061 6.03035966094
4ia4ia- -7.02467845767 -0.460680104849 6.08303151653
4ia4ia-4ia -6.53411916301 -0.465809539995 5.59023213902
4ia4ia-4ia-4ia -6.29389728633 -0.451070643165 5.37084132276
4ia4ia-4ia-4ia- -6.21786232112 -0.498764030063 5.26165119784
4ia4ia-4ia4ia -6.2445037191 -0.479617987858 5.30919335925
4ia4ia-4ia4ia- -6.29775300365 -0.454890717735 5.38634878778
4ia4ia4ia -6.47659961177 -0.524376362165 5.4906242834
4ia4ia4ia-4ia -6.2800919253 -0.474998643629 5.35257901809
4ia4ia4ia-4ia- -6.27647226878 -0.455456963001 5.35171983998
4ia4ia4ia4ia -6.23111752469 -0.499831463385 5.26846465607
4ia4ia4ia4ia- -6.2359039399 -0.478159398954 5.29850894363
4ie -7.21961024484 -0.929538114523 5.8811371799
4ie4ie -6.32015195695 -0.971754690925 4.89384015748
4ie4ie- -6.32004550991 -0.971784304327 4.89370824723
4ie4ie-4ie -5.96977878496 -0.963307531499 4.54188739827
4ie4ie-4ie-4ie -5.78402928277 -0.929971589654 4.39186111865
4ie4ie-4ie-4ie- -5.76105580733 -0.931955382939 4.36709013902
4ie4ie-4ie4ie -5.76251051826 -0.93100016415 4.36940136904
4ie4ie-4ie4ie- -5.78526821935 -0.93693448977 4.3861377047
4ie4ie4ie -5.93444809237 -0.963017530766 4.50685135065
4ie4ie4ie-4ie -5.78488781362 -0.937479947308 4.38530529765
4ie4ie4ie-4ie- -5.7860485237 -0.92969945693 4.39419147416
4ie4ie4ie4ie -5.76931109748 -0.930791177684 4.37611935375
4ie4ie4ie4ie- -5.76870485325 -0.929749149372 4.3764840282
4if -6.2521842133 -0.354954228997 5.22426112434
4if4if -5.58711165033 -0.53580313831 4.41047424388
4if4if- -5.59962187299 -0.522716165906 4.47014207868
4if4if-4if -5.43037912569 -0.563845448947 4.29155772289
4if4if-4if-4if -5.37417714037 -0.581451683708 4.22732248418
4if4if-4if-4if- -5.39427084956 -0.610957156485 4.22657648094
4if4if-4if4if -5.31725123602 -0.61348624701 4.15027134599
4if4if-4if4if- -5.34113500661 -0.557487320408 4.22716303626
4if4if4if -5.4930958468 -0.703912582704 4.18091511104
4if4if4if-4if -5.37377945893 -0.66502973632 4.11274335955
4if4if4if-4if- -5.39895657416 -0.610410053871 4.22687930345
4if4if4if4if -5.46666401323 -0.721025521299 4.17807637476
4if4if4if4if- -5.46852768328 -0.664775886171 4.21707238754
4ii -7.69881323773 -0.337273590529 6.97827443948
4ii4ii -7.17906978345 -0.393290200807 6.30655781793
4ii4ii4ii -6.66648788806 -0.359193532014 5.82463426524
4ii4ii4ii4ii -6.48846139932 -0.296384351874 5.71481000537
4il -6.40345445676 -0.246165659378 5.62663329182
4la -6.49601098768 -0.293483433837 5.67048592715
4la4la- -5.9788936233 -0.619751351366 4.83751756565
4la4la-4la-4la- -5.61205303129 -0.809229246105 4.31725369504
4le -6.22611010961 -0.624655141991 5.11862797633
4le4le- -5.73733508017 -0.700567269379 4.52618431043
4le4le-4le-4le- -5.31799396406 -0.876199147467 3.96512178608
4lf -5.51697444505 -0.383912620016 4.58224585862
4lf4lf- -5.10857794375 -0.581937017738 3.96353052484
4lf4lf-4lf-4lf- -4.94631400632 -0.897474975643 3.51919238371
4li -6.40345701454 -0.246163144363 5.62663833534
4li4li- -6.00400394692 -0.315185549383 5.16072586195
4li4li-4li-4li- -5.64012626117 -0.279342175904 4.86448576902
4ll -5.5982472131 -0.277816630497 4.77588860171
