1111 -10.5363111769 0.466333687377 3.20226692832
1111- -10.8427022373 0.315341351835 3.41389839019
1111-11- -10.3999335763 -0.479178171679 2.7543080034
1111-11-11 -10.1983911353 -0.220754897116 3.38263095363
1111-11-11- -10.3585456172 -0.886249305485 2.66800765637
1111-1111 -10.4816366014 -0.680779157126 2.95022565412
1111-1111- -10.1981809039 -0.22143451857 3.38175712165
111111 -10.0761940465 -0.405541226205 2.51643674475
111111- -10.4000022003 -0.47932220681 2.75414006924
111111-11 -10.4812950304 -0.681328793458 2.94955289529
111111-11- -10.2864337828 -1.01776086738 2.5092817455
11111111 -9.96059631546 -0.695663546769 2.53463241474
11111111- -10.1342317387 -0.779681785638 2.68632637852
12aa -9.35417701409 3.06330205488 7.44490667092
12aa12aa -8.16235062542 1.90194797048 5.64998287674
12aa12aa- -8.18897644807 1.88220747353 5.66520439621
12aa12aa-12aa -7.73402936567 1.43471388883 4.97939878695
12aa12aa-12aa-12aa -7.49140558725 1.20106276236 4.61205298347
12aa12aa-12aa-12aa- -7.48055803601 1.20562274847 4.6125530937
12aa12aa-12aa12aa -7.49637064273 1.19370317136 4.62845871287
12aa12aa-12aa12aa- -7.50945969009 1.19161389538 4.63300236686
12aa12aa12aa -7.69411402428 1.45324885254 4.97198537062
12aa12aa12aa-12aa -7.49637079792 1.19370328977 4.62845894597
12aa12aa12aa-12aa- -7.4853182429 1.19820231631 4.62712237265
12aa12aa12aa12aa -7.46826418514 1.20939621358 4.61138047405
12aa12aa12aa12aa- -7.48055804293 1.20562279552 4.61255314121
12ae -9.34363437251 2.3000439866 4.55017134438
12ae12ae -8.36051802996 1.20602472788 4.46918753198
12ae12ae- -8.38281858589 1.17825327823 4.52462141215
12ae12ae-12ae -7.97822281486 0.787303650937 4.5128931064
12ae12ae-12ae-12ae -7.77453364151 0.550693478486 4.28946686177
12ae12ae-12ae-12ae- -7.77609647925 0.550217527226 4.286071136
12ae12ae-12ae12ae -7.7713787546 0.557575228821 4.30658430578
12ae12ae-12ae12ae- -7.77805940124 0.561909929891 4.30971722307
12ae12ae12ae -7.96247687026 0.769669204749 4.46674157679
12ae12ae12ae-12ae -7.79249467534 0.538107308891 4.32097717914
12ae12ae12ae-12ae- -7.78547393995 0.532609158018 4.31645330468
12ae12ae12ae12ae -7.77931715639 0.519013391521 4.3054075048
12ae12ae12ae12ae- -7.78829336351 0.522140369634 4.31136409821
12af -8.96972917472 2.8492981508 6.77765343842
12af12af -7.97719673951 1.6631543001 5.31779377295
12af12af- -7.96892860335 1.57514116391 5.23831518642
12af12af-12af -7.5021435926 1.15612571351 4.58941882153
12af12af-12af-12af -7.22959857116 0.923871156126 4.24043531536
12af12af-12af-12af- -7.22911956265 0.900604184567 4.22756363434
12af12af-12af12af -7.29935680814 0.903418999873 4.28200698245
12af12af-12af12af- -7.31495050674 0.859172111145 4.25648541406
12af12af12af -7.57841170164 1.17191458733 4.67600293573
12af12af12af-12af -7.40745335861 0.94223539019 4.3608160121
12af12af12af-12af- -7.4036499458 0.924120055668 4.34457115534
12af12af12af12af -7.73954172381 1.22318332023 4.73225666113
12af12af12af12af- -7.62321788388 1.05564296856 4.56233209754
12ai -9.12274409908 3.08168872423 7.26805694179
12ai12ai -8.07304243904 2.11219244357 5.67242322193
12ai12ai- -7.97058056192 1.95086336671 5.52141275669
12ai12ai-12ai -7.52259567169 1.51903749317 4.85191552305
12ai12ai-12ai-12ai -7.33405920663 1.33771762071 4.56633447973
12ai12ai-12ai-12ai- -7.37086625687 1.4068179393 4.63761232122
12ai12ai-12ai12ai -7.31462843357 1.31146525875 4.54715792936
12ai12ai-12ai12ai- -7.27778012874 1.24980946528 4.47586828162
12ai12ai12ai -7.6818912919 1.76310429997 5.12057196585
12ai12ai12ai-12ai -7.31853776747 1.33266754358 4.56097130032
12ai12ai12ai-12ai- -7.34234555025 1.38523320422 4.62065715791
12ai12ai12ai12ai -7.42546042683 1.51271385035 4.7490985289
12ai12ai12ai12ai- -7.3795855109 1.43767375722 4.67601213686
12al -8.55590059184 2.98357342288 6.69220869063
12al12al -7.52412433546 1.91161242113 5.18340286282
12al12al- -7.58327310549 1.95077252827 5.2548214236
12al12al-12al -7.23310064703 1.48293250666 4.6387784736
12al12al-12al-12al -7.07787292562 1.21191349351 4.30816952194
12al12al-12al-12al- -7.2076691486 1.21043093969 4.40404654098
12al12al-12al12al -6.93901755231 1.20415883548 4.24667717304
12al12al-12al12al- -6.95766757914 1.22905645943 4.2692512739
12al12al12al -7.04717113422 1.47239948076 4.54040889746
12al12al12al-12al -6.94426304812 1.23909390072 4.28392481648
12al12al12al-12al- -6.92508786839 1.27961862162 4.29712410064
12al12al12al12al -6.79687803378 1.23839634252 4.19470351895
12al12al12al12al- -6.81303904924 1.27112939663 4.22226679046
12ea -9.3436330622 2.30004551516 4.55017014505
12ea12ea -8.36052826632 1.20619758196 4.46926353565
12ea12ea- -8.38289562008 1.17822899551 4.52461177116
12ea12ea-12ea -7.97827641699 0.787237133651 4.51262066314
12ea12ea-12ea-12ea -7.77454013073 0.550804925397 4.28955740364
12ea12ea-12ea-12ea- -7.78830225775 0.522149711675 4.31137724532
12ea12ea-12ea12ea -7.79248861421 0.53810663842 4.32097535825
12ea12ea-12ea12ea- -7.77809502316 0.561948846685 4.30976986613
12ea12ea12ea -7.9624758982 0.769665955382 4.46674556733
12ea12ea12ea-12ea -7.7713725172 0.557566123997 4.30656947057
12ea12ea12ea-12ea- -7.78549027286 0.532662021544 4.31650162612
12ea12ea12ea12ea -7.77934780216 0.519067335056 4.30546656271
12ea12ea12ea12ea- -7.77969432212 0.552312129194 4.28785961407
12ee -9.5501701657 2.04042806511 4.5270836082
12ee12ee -8.73938512652 1.02778517496 4.2831375889
12ee12ee- -8.5262385122 0.669514886058 4.49499094104
12ee12ee-12ee -8.19403778652 0.453178271242 4.37984742241
12ee12ee-12ee-12ee- -8.21306576904 0.358263495776 4.2785130604
12ee12ee-12ee12ee -8.09081952148 0.291221335103 4.26337720322
12ee12ee-12ee12ee- -8.01710723651 0.274549691378 4.21996109818
12ee12ee12ee -8.46100525047 0.712065946251 4.27114306661
12ee12ee12ee-12ee -8.09082973274 0.29125179078 4.26335766425
12ee12ee12ee-12ee- -8.15294674888 0.266696459499 4.27249430535
12ee12ee12ee12ee -8.34378031855 0.529693748381 4.25975588058
12ee12ee12ee12ee- -8.21299274044 0.358136914762 4.27847479603
12ef -9.30487569826 2.12811756537 4.56049126519
12ef12ef -8.21026794051 1.05017464052 4.21016908292
12ef12ef- -8.26428410132 0.922151117768 4.47891196109
12ef12ef-12ef -7.7893603747 0.584970828516 4.25102730341
12ef12ef-12ef-12ef -7.55859303962 0.344236593564 3.97882617234
12ef12ef-12ef-12ef- -7.66394216379 0.317025799837 4.07353880231
12ef12ef-12ef12ef -7.61138415707 0.335657559092 4.00998913186
12ef12ef-12ef12ef- -7.62978649361 0.301581019471 3.98385205529
12ef12ef12ef -7.84012145275 0.587367480282 4.19869891125
12ef12ef12ef-12ef -7.62570937034 0.322118535871 3.98927650499
12ef12ef12ef-12ef- -7.6707200921 0.24045953036 4.00131109273
12ef12ef12ef12ef -7.68169110632 0.312478750543 4.02917591861
12ef12ef12ef12ef- -7.70620536965 0.278138246301 3.99727676733
12ei -9.30800183474 2.2802017272 4.54130896658
12ei12ei -8.43179114792 1.54468605755 4.43414506845
12ei12ei- -8.18767630148 1.27177120828 4.50791379598
12ei12ei-12ei -7.79438379514 0.908643013026 4.43921917279
12ei12ei-12ei-12ei -7.71152438661 0.814818828881 4.36756010672
12ei12ei-12ei-12ei- -7.82817356205 0.886838870178 4.40084248173
12ei12ei-12ei12ei -7.68594215124 0.749162035708 4.32894946233
12ei12ei-12ei12ei- -7.60439436694 0.708180952738 4.24421194549
12ei12ei12ei -8.10492652216 1.22734483265 4.42064934199
12ei12ei12ei-12ei -7.6589057606 0.763591117056 4.30612428278
12ei12ei12ei-12ei- -7.77337766351 0.860233636594 4.41528007239
12ei12ei12ei12ei -7.9782180472 1.07200677941 4.41602613432
12ei12ei12ei12ei- -7.82610728985 0.952912959323 4.4181468691
12el -8.87388235303 2.16801752032 4.42057015989
12el12el -8.42363452878 1.24486638464 4.31841647526
12el12el- -7.87093342878 1.31943820462 4.42039488384
12el12el-12el -8.0194614403 0.619861464667 4.40467672725
12el12el-12el-12el -7.86165578221 0.398074156994 4.19920080943
12el12el-12el-12el- -7.64853972735 0.736327781334 4.27179318761
12el12el-12el12el -7.82905528107 0.51700755995 4.2720706036
12el12el-12el12el- -7.74924172128 0.450503363759 4.18240428708
12el12el12el -8.05633364325 0.895915475033 4.28284075306
12el12el12el-12el -7.80390847049 0.478878750883 4.21946152163
12el12el12el-12el- -7.80211024238 0.56406759102 4.29806683204
12el12el12el12el -7.83150363206 0.710318258312 4.20324456357
12el12el12el12el- -7.76461564247 0.672865947176 4.27172304796
12fa -8.87491214938 2.85992783432 6.78843562663
12fa12fa -7.81020235262 1.75099386706 5.26850659475
12fa12fa- -7.96892814113 1.57513880592 5.23831274069
12fa12fa-12fa -7.45668768755 1.22485747922 4.60950358403
12fa12fa-12fa-12fa -7.29427486868 0.95661773358 4.28190385368
12fa12fa-12fa-12fa- -7.62345032917 1.05575699178 4.56256245623
12fa12fa-12fa12fa -7.19204687731 1.0165030564 4.29170596598
12fa12fa-12fa12fa- -7.31495009603 0.859171071184 4.25648455539
12fa12fa12fa -7.34085324227 1.29316224581 4.61775554668
12fa12fa12fa-12fa -7.2230362869 0.953980685365 4.24866766186
12fa12fa12fa-12fa- -7.40370320066 0.923991208562 4.34455703867
12fa12fa12fa12fa -7.10524028371 1.04771236594 4.27414324033
12fa12fa12fa12fa- -7.2292055878 0.900761154836 4.22769317123
12fe -9.23623104595 2.0053575926 4.53113794605
12fe12fe -8.119215025 1.09863886967 4.41807909343
12fe12fe- -8.26431099625 0.922183589049 4.47886729062
12fe12fe-12fe -7.76429233714 0.636853623712 4.29490797866
12fe12fe-12fe-12fe -7.65996895967 0.427610400256 4.06205279484
12fe12fe-12fe-12fe- -7.70616424373 0.278096178538 3.99722325533
12fe12fe-12fe12fe -7.51692923053 0.4420193806 4.02707406791
12fe12fe-12fe12fe- -7.62985283761 0.301774567204 3.98403646716
12fe12fe12fe -7.68987176623 0.661184927684 4.323742351
12fe12fe12fe-12fe -7.57338931597 0.344034647918 4.00064024207
12fe12fe12fe-12fe- -7.67071561701 0.240459335404 4.00130754765
12fe12fe12fe12fe -7.4922889858 0.409888739682 4.04197465921
12fe12fe12fe12fe- -7.66387380268 0.31693573504 4.07342932843
12ff -9.13432900396 2.6563445206 6.58552723373
12ff12ff -7.96088365369 1.48450031788 5.08916052449
12ff12ff- -8.12678633313 1.27887427917 5.10269096603
12ff12ff-12ff -7.55158844739 0.981930127789 4.41452222286
12ff12ff-12ff-12ff -7.34709141785 0.697358691778 4.06808464533
12ff12ff-12ff-12ff- -7.48025937095 0.536545669646 4.06254163641
12ff12ff-12ff12ff -7.31877425293 0.758935941607 4.10485123096
12ff12ff-12ff12ff- -7.45242950049 0.583293131961 4.06666177249
12ff12ff12ff -7.53928810462 0.990049980704 4.44963652951
12ff12ff12ff-12ff -7.39780726126 0.656419416207 4.08159625518
12ff12ff12ff-12ff- -7.52175319507 0.495352131994 4.06858638421
12ff12ff12ff12ff -7.3409133677 0.712658462498 4.10391601495
12ff12ff12ff12ff- -7.48025935771 0.536544483759 4.06254082343
12fi -8.90531922058 2.91658397633 6.82699784511
12fi12fi -8.21194150369 1.9905118147 5.58330610499
12fi12fi- -7.88005060077 1.66067734962 5.1970244587
12fi12fi-12fi -7.35344896258 1.31822722918 4.54845602041
12fi12fi-12fi-12fi -7.364782475 1.22782590085 4.46412753341
12fi12fi-12fi-12fi- -7.60580494157 1.23586039546 4.62870352271
12fi12fi-12fi12fi -7.17491410877 1.16081842519 4.31365032935
12fi12fi-12fi12fi- -7.21579731601 0.955840214708 4.18914197061
12fi12fi12fi -7.61837990746 1.57888156335 4.9233952949
12fi12fi12fi-12fi -7.20133436712 1.11103351116 4.2785530311
12fi12fi12fi-12fi- -7.43409855181 1.12349276354 4.43493820003
12fi12fi12fi12fi -7.45894656479 1.40663414056 4.65282955459
12fi12fi12fi12fi- -7.3346420988 1.14787005196 4.38795170423
12fl -8.87959229001 2.82904255028 6.41070725749
12fl12fl -7.59523402084 1.78691014263 5.0343734821
12fl12fl- -7.69748018158 1.64376525163 5.04117645859
12fl12fl-12fl -7.25402531396 1.24774471578 4.399981575
12fl12fl-12fl-12fl -7.3574872286 0.815802239611 4.15415896902
12fl12fl-12fl-12fl- -7.46538681608 0.719400199064 4.16732261655
12fl12fl-12fl12fl -7.79634705665 1.14285479599 4.69737870705
12fl12fl-12fl12fl- -7.46187531903 0.743946568796 4.16148052446
12fl12fl12fl -7.76229975419 0.950783130944 4.55802721202
12fl12fl12fl-12fl -7.55571200992 0.644663711476 4.19143366241
12fl12fl12fl-12fl- -7.47899587892 0.732598743834 4.19418923411
12fl12fl12fl12fl -7.58565011769 0.724657975153 4.256958712
12fl12fl12fl12fl- -7.53715094004 0.691189680808 4.18454734819
12ia -9.12274666369 3.08168776052 7.26805885253
12ia12ia -8.07290688466 2.11200708309 5.67221634434
12ia12ia- -7.97058153139 1.95086115455 5.52141142467
12ia12ia-12ia -7.52261258404 1.51894801069 4.85191742003
12ia12ia-12ia-12ia -7.33408233638 1.33778478646 4.56640225869
12ia12ia-12ia-12ia- -7.37940783733 1.4374582229 4.67575136533
12ia12ia-12ia12ia -7.31850787439 1.3325935586 4.56091629369
12ia12ia-12ia12ia- -7.27835505838 1.25074392245 4.4774266246
12ia12ia12ia -7.68177509032 1.76295210492 5.12040672672
12ia12ia12ia-12ia -7.31453890421 1.31137489997 4.54703987779
12ia12ia12ia-12ia- -7.34240286988 1.3852340197 4.62069818523
12ia12ia12ia12ia -7.4247735262 1.51190603714 4.74812645777
12ia12ia12ia12ia- -7.37089893382 1.40678565051 4.63760703274
12ie -9.30800636364 2.27952920269 4.54246848722
12ie12ie -8.43178342989 1.54472196668 4.43421159118
12ie12ie- -8.18766955536 1.27170044784 4.50784883732
12ie12ie-12ie -7.80017030873 0.912475684832 4.43550706
12ie12ie-12ie-12ie -7.71351718636 0.816559728154 4.36967171743
12ie12ie-12ie-12ie- -7.82333141622 0.950455813711 4.41639866077
12ie12ie-12ie12ie -7.65869804024 0.763437078664 4.30588086407
12ie12ie-12ie12ie- -7.61972176546 0.718560790785 4.25960958217
12ie12ie12ie -8.10503090007 1.22740476416 4.42077235898
12ie12ie12ie-12ie -7.6861626603 0.749378805465 4.3291985284
12ie12ie12ie-12ie- -7.77359041896 0.860467515805 4.41540127847
12ie12ie12ie12ie -7.97826762631 1.07210517269 4.41607902025
12ie12ie12ie12ie- -7.82820967177 0.88685864482 4.4008640872
12if -8.98982423003 2.90088463044 6.80357814015
12if12if -8.1625572688 2.03523169462 5.59381600294
12if12if- -7.88005144385 1.66067752122 5.19702536939
12if12if-12if -7.40775319422 1.27103141931 4.54043110973
12if12if-12if-12if -7.18712345142 1.05002474125 4.22146965807
12if12if-12if-12if- -7.340518734 1.14909279287 4.38988280535
12if12if-12if12if -7.29229248439 1.10786202878 4.33286408768
12if12if-12if12if- -7.21579729745 0.955840195116 4.18914194194
12if12if12if -7.85740433028 1.6626975104 5.08881057318
12if12if12if-12if -7.33217597424 1.07777698216 4.33710721951
12if12if12if-12if- -7.43411335627 1.12345887754 4.43492422919
12if12if12if12if -7.76787770313 1.5014382774 4.88566628088
12if12if12if12if- -7.60580494001 1.23586038781 4.62870351636
12ii -9.03427616683 3.13005537513 7.16338140249
12ii12ii -8.13035757524 2.40617761119 5.84448428463
12ii12ii- -7.82274210842 2.07644852418 5.45969896903
12ii12ii-12ii -7.4036269779 1.68344696827 4.83836753711
12ii12ii-12ii-12ii -7.31373888078 1.58631693629 4.68954466793
12ii12ii-12ii-12ii- -7.44922653434 1.77649896639 4.90376354835
12ii12ii-12ii12ii -7.28890298645 1.58115019633 4.6622811113
12ii12ii-12ii12ii- -7.20217799805 1.45862360746 4.52983307449
12ii12ii12ii -7.7542458727 2.10007295896 5.35075225036
12ii12ii12ii-12ii -7.28890144925 1.58114875227 4.66227898991
12ii12ii12ii-12ii- -7.34810828611 1.68694924958 4.77801135756
12ii12ii12ii12ii -7.61571201907 1.9836925306 5.14421026621
12ii12ii12ii12ii- -7.44923083876 1.77650034373 4.90376728265
12il -9.23682251722 2.88330045962 7.07566528309
12il12il -8.20795081586 1.90572945714 5.54219434693
12il12il- -7.92324105643 1.79396487105 5.33837820394
12il12il-12il -7.58183170586 1.25460969426 4.65871488383
12il12il-12il-12il -7.40955471502 1.04871352012 4.36438928501
12il12il-12il-12il- -7.30844646326 1.23471221077 4.4226637217
12il12il-12il12il -7.42542659335 1.08809733577 4.42434507434
12il12il-12il12il- -7.33488395974 1.12153915844 4.39796518376
12il12il12il-12il -7.3551994514 1.09771133537 4.38726912623
12il12il12il-12il- -7.38622345971 1.10673347453 4.41032738385
12il12il12il12il -7.6682420961 1.32794932841 4.73090660756
12il12il12il12il- -7.4918931193 1.22742695133 4.5579501894
12la -8.72901311042 2.98510067934 6.72272707144
12la12la -7.74259831616 1.8736177314 5.2888864442
12la12la- -7.58327305816 1.95077225386 5.25482113517
12la12la-12la -7.20965144839 1.39473278141 4.56902961761
12la12la-12la-12la -6.94493065906 1.17887733097 4.22047514077
12la12la-12la-12la- -6.81305548817 1.27115636945 4.22230018209
12la12la-12la12la -7.05507617308 1.14384568837 4.2923096838
12la12la-12la12la- -6.9576679251 1.22905790061 4.26925304701
12la12la12la -7.58393464579 1.51519197627 4.88664052957
12la12la12la-12la -7.03803252322 1.17264752679 4.29373997957
12la12la12la-12la- -6.9940475962 1.24350867843 4.27987465975
12la12la12la12la -7.47568129204 0.920055130352 4.39981509118
12la12la12la12la- -7.06152344041 1.27194941013 4.32396327649
12le -9.06444454517 2.22192600567 4.56163644191
12le12le -8.07831094397 1.2210706705 4.15968717082
12le12le- -7.87103201505 1.31950939496 4.4202879649
12le12le-12le -7.68121769246 1.0403810106 4.37636165952
12le12le-12le-12le- -7.75343538804 0.548129562358 4.22400552588
12le12le-12le12le -7.82100628956 0.531707981157 4.26389164374
12le12le-12le12le- -7.74254559393 0.458964940399 4.18534206295
12le12le12le -8.02426420844 0.748516588568 4.33188970867
12le12le12le-12le -7.78305712033 0.460867231056 4.22924983092
12le12le12le-12le- -7.51952817135 0.741381440361 4.21336524885
12le12le12le12le -8.08616506747 0.983621061324 4.43615472143
12le12le12le12le- -7.64866302469 0.736815293261 4.2720879053
12lf -8.9015290355 2.80049276775 6.55694180597
12lf12lf -8.03427047882 1.59569373705 5.20362801568
12lf12lf- -7.69747994822 1.64376583168 5.04117659632
12lf12lf-12lf -7.64962927218 1.00139021096 4.49216654958
12lf12lf-12lf-12lf -7.49391974248 0.718640100799 4.1669652124
12lf12lf-12lf-12lf- -7.54391252481 0.784977958857 4.2632608452
12lf12lf-12lf12lf -7.38185223352 0.812727045912 4.17871004541
12lf12lf-12lf12lf- -7.44339511538 0.722091965247 4.14314124899
12lf12lf12lf -7.63894035979 1.09120859086 4.56916006524
12lf12lf12lf-12lf -7.374151641 0.793556686563 4.15057833692
12lf12lf12lf-12lf- -7.59602574157 0.623696902485 4.1921923084
12lf12lf12lf12lf -7.46832895527 0.845165300038 4.2583141982
12lf12lf12lf12lf- -7.45147272217 0.737097364461 4.17038797053
12li -8.7577317984 3.03016900762 6.75185158457
12li12li -8.08575040808 2.34747810821 5.77717338657
12li12li- -7.92323299375 1.7939693694 5.33837029764
12li12li-12li -7.49370159426 1.30644363519 4.64318387552
12li12li-12li-12li -7.34430298665 1.09517407587 4.36025572293
12li12li-12li-12li- -7.46164794267 1.19620635469 4.51809863516
12li12li-12li12li -7.30218398058 1.04242521673 4.3154590028
12li12li-12li12li- -7.33488427712 1.1215394322 4.39796567774
12li12li12li -7.49366874824 1.30642743344 4.643148876
12li12li12li-12li -7.30220660907 1.04245548795 4.31549171339
12li12li12li-12li- -7.38622551988 1.10673401434 4.41032964335
12li12li12li12li -7.3022031812 1.04242681607 4.3154610781
12li12li12li12li- -7.35470089391 1.0981036328 4.37118438533
12ll -8.63084383787 2.92491163231 6.4476778779
12ll12ll -8.33037030149 2.13995252286 5.73874304724
12ll12ll- -7.28791992771 2.0049107893 5.01316240746
12ll12ll-12ll -7.93952850007 1.53198336127 5.10303696454
12ll12ll-12ll-12ll -7.72355079585 1.05039230097 4.58067488484
12ll12ll-12ll-12ll- -7.78390482728 1.31004106911 4.80280841758
12ll12ll-12ll12ll -7.88274187946 1.41233679602 4.94712719384
12ll12ll-12ll12ll- -7.58672278043 0.831958649801 4.35755354528
12ll12ll12ll -8.00854361054 1.7483048199 5.24584064514
12ll12ll12ll-12ll -6.87496376634 1.23071693842 4.1234608967
12ll12ll12ll-12ll- -7.71755636904 1.33793706091 4.79607520046
12ll12ll12ll12ll -7.98823772491 1.59042686471 5.06018079023
12ll12ll12ll12ll- -7.80716209027 1.40734459707 4.89288982719
2 -11.3841214297 3.32443547846 7.20334788368
22 -9.62484492957 1.96851163599 7.17338226507
22- -9.68248012012 1.9705359292 6.89667897434
22-2 -8.9054459048 1.23770426324 5.74066222366
22-2- -8.84735413702 1.23639167508 5.8402920405
22-2-2 -8.57841691616 1.12551019033 5.49074923662
22-2-2- -8.36687351122 0.789434670202 5.21736026387
22-22 -8.68431215403 1.15087351617 5.54112413792
22-22- -8.87681638861 1.49468339184 5.79492412731
222 -8.79956634168 1.2340599556 6.0055246182
222- -8.99654834035 1.47623643937 6.11495332553
222-2 -8.68989806273 1.222613785 5.58805998457
222-2- -8.38746052456 0.790037319213 5.15372493192
2222 -8.33015207769 0.782953765723 5.30306672564
2222- -8.36749106813 0.790499614646 5.21847463639
4aa -10.1660925897 2.27356459922 6.35737823311
4aa4aa -9.17859749598 1.5913106587 6.05931996163
4aa4aa- -9.17898766984 1.59112862352 6.05951790776
4aa4aa-4aa -8.75787708901 1.23208297294 5.60229774237
4aa4aa-4aa-4aa -8.57437226653 1.07212332999 5.38327531332
4aa4aa-4aa-4aa- -8.5742327148 1.07195138936 5.38307942447
4aa4aa-4aa4aa -8.61027223062 1.1071366131 5.41947669022
4aa4aa-4aa4aa- -8.6118066703 1.10873401089 5.42166960928
4aa4aa4aa -8.7487931188 1.23909432385 5.6085948434
4aa4aa4aa-4aa -8.57427755158 1.07198373005 5.38312792119
4aa4aa4aa-4aa- -8.57433699629 1.07204883804 5.38320792566
4aa4aa4aa4aa -8.6103256782 1.10728658147 5.41959048079
4aa4aa4aa4aa- -8.61182534183 1.10875543396 5.42169543772
4ae -9.66320057799 1.47766008646 4.47184309691
4ae4ae -9.21744922632 1.08794672838 4.22761896832
4ae4ae- -9.1307180658 1.13781115169 4.23916587049
4ae4ae-4ae -8.82437737771 0.887971354872 4.22968080246
4ae4ae-4ae-4ae -8.71838058977 0.737684170349 4.21423173156
4ae4ae-4ae-4ae- -8.73332566541 0.73820414132 4.21632247201
4ae4ae-4ae4ae -8.7040996233 0.756738243221 4.21654272766
4ae4ae-4ae4ae- -8.6944562064 0.760086010008 4.22377558062
4ae4ae4ae -8.90930870018 0.848978801348 4.21855187949
4ae4ae4ae-4ae -8.72098219111 0.74412824316 4.22131511222
4ae4ae4ae-4ae- -8.72929884504 0.737329770607 4.21752877398
4ae4ae4ae4ae -8.76974511058 0.719257561327 4.21552948815
4ae4ae4ae4ae- -8.75692842541 0.730581595397 4.21054261256
4af -9.21671622178 2.10318715019 5.93884141837
4af4af -8.79724490532 1.45029297185 5.54735653995
4af4af- -8.73079632513 1.46974237495 5.54775894996
4af4af-4af -8.53229364323 1.20476105932 5.27193772426
4af4af-4af-4af -8.47324712303 1.03490561241 5.13624903779
4af4af-4af-4af- -8.43135464962 1.0355951325 5.11912950167
4af4af-4af4af -8.42709860984 0.978184149964 5.06925638535
4af4af-4af4af- -8.38312694548 1.02111022371 5.07362420643
4af4af4af -8.5036848198 1.13000591762 5.22787367193
4af4af4af-4af -8.34210303466 1.02131870625 5.06556576345
4af4af4af-4af- -8.30788414027 1.02292316243 5.05078646436
4af4af4af4af -8.33628247143 0.936540703823 5.02774053031
4af4af4af4af- -8.29750986628 0.992170902128 5.03296935
4ai -9.56135521614 2.30378767182 6.17361528525
4ai4ai -9.09870334479 1.86206761445 5.92129361823
4ai4ai- -9.11625861187 1.91624364335 5.95063244716
4ai4ai-4ai -8.7528673594 1.65500881522 5.70057522949
4ai4ai-4ai-4ai -8.67052352226 1.58694792366 5.61986956059
4ai4ai-4ai-4ai- -8.60390204549 1.49851063331 5.55083915586
4ai4ai-4ai4ai -8.58080577478 1.47531734742 5.52912909416
4ai4ai-4ai4ai- -8.59455009211 1.49783255825 5.54851304634
4ai4ai4ai -8.76748159114 1.62608482692 5.69591518301
4ai4ai4ai-4ai -8.60170136986 1.49001933582 5.55934728118
4ai4ai4ai-4ai- -8.65126160262 1.55714011468 5.61104156033
4ai4ai4ai4ai -8.66518663217 1.54872764995 5.61553330337
4ai4ai4ai4ai- -8.63164529722 1.50210003748 5.58185389891
4al -8.93421310519 2.24375145326 5.89526521215
4ea -9.66308362391 1.47761706309 4.47177532136
4ea4ea -9.2175247511 1.08800807769 4.22759121673
4ea4ea- -9.13081416237 1.1378481428 4.23917937711
4ea4ea-4ea -8.82446676636 0.888196674218 4.22971399498
4ea4ea-4ea-4ea -8.72151226085 0.732733783941 4.22236334328
4ea4ea-4ea-4ea- -8.75468169166 0.716017475508 4.21828903888
4ea4ea-4ea4ea -8.72049505437 0.738919692439 4.22112389334
4ea4ea-4ea4ea- -8.69443188003 0.760056681106 4.22375303052
4ea4ea4ea -8.90924956898 0.848930027075 4.21844276649
4ea4ea4ea-4ea -8.70062188126 0.752323614553 4.21792938093
4ea4ea4ea-4ea- -8.73640696025 0.742386962877 4.22485125122
4ea4ea4ea4ea -8.7696309142 0.719100946526 4.21552963086
4ea4ea4ea4ea- -8.72497927092 0.721216288827 4.21670834296
4ee -9.37778637736 0.88699321032 4.45678739545
4ee4ee -9.17585200768 0.565237195713 4.2046554239
4ee4ee4ee -8.94473315166 0.385711414508 4.1927809354
4ee4ee4ee4ee -8.81352911965 0.272754268635 4.18010875492
4ef -8.94990594219 1.57238743016 4.49677003979
4ef4ef -8.73660368718 1.11784877713 4.23627215703
4ef4ef- -8.71362813441 1.28093315717 4.30325534125
4ef4ef-4ef -8.61999478688 0.94206268103 4.27856280005
4ef4ef-4ef-4ef -8.56623419807 0.738878855039 4.27029526071
4ef4ef-4ef-4ef- -8.54152648817 0.784285961197 4.27477275209
4ef4ef-4ef4ef- -8.54002688325 0.83834803942 4.27184767889
4ef4ef4ef -8.54743762501 0.831429629729 4.23620341345
4ef4ef4ef-4ef -8.49572068474 0.862283363959 4.22888107562
4ef4ef4ef-4ef- -8.46046279581 0.86326829184 4.23196449905
4ef4ef4ef4ef -8.42230335709 0.643044037987 4.21997114044
4ef4ef4ef4ef- -8.40819375672 0.760310895809 4.22495231789
4ei -9.22089490535 1.61588711573 4.48514898554
4ei4ei -9.04334291364 1.42710240179 4.31166544972
4ei4ei- -9.0433555804 1.42704279367 4.31165060825
4ei4ei-4ei -8.87348871666 1.31222163312 4.30056281646
4ei4ei-4ei-4ei -8.80349041133 1.22477447094 4.2980184717
4ei4ei-4ei-4ei- -8.7998277506 1.19938611114 4.2982759654
4ei4ei-4ei4ei -8.80684910792 1.24098367738 4.29811461154
4ei4ei-4ei4ei- -8.81802157514 1.24111056718 4.29761961072
4ei4ei4ei -8.86247831917 1.29159164278 4.29762186488
4ei4ei4ei-4ei -8.81791034537 1.24008687754 4.29737124627
4ei4ei4ei-4ei- -8.80294609476 1.22667855994 4.29886609037
4ei4ei4ei4ei -8.79989315151 1.19945296806 4.29829054078
4ei4ei4ei4ei- -8.83321415256 1.23847057262 4.30010433796
4el -8.72273423706 1.69818036941 4.49549329453
4fa -9.21672936254 2.10317724448 5.93884284772
4fa4fa -8.79719208612 1.45036875732 5.54732753006
4fa4fa- -8.90398546715 1.48192018915 5.60210763332
4fa4fa-4fa -8.53228532103 1.20476425861 5.27193375117
4fa4fa-4fa-4fa -8.47324121735 1.03489833833 5.13624219281
4fa4fa-4fa-4fa- -8.66010901948 0.932691603628 5.16700093515
4fa4fa-4fa4fa -8.34210817643 1.0213457553 5.06557874469
4fa4fa-4fa4fa- -8.45815109448 0.969334498623 5.08268760901
4fa4fa4fa -8.50368334955 1.13000391314 5.22787202821
4fa4fa4fa-4fa -8.42709756796 0.978183238763 5.06925517744
4fa4fa4fa-4fa- -8.62930110506 0.917576604604 5.14387620289
4fa4fa4fa4fa -8.33621065856 0.936775839948 5.02777620869
4fa4fa4fa4fa- -8.45751821484 0.913340121429 5.06259773127
4fe -8.94987333513 1.57232079068 4.49672120541
4fe4fe -8.73669560577 1.11798419287 4.23644220973
4fe4fe- -8.80418128829 1.1039079744 4.2967383147
4fe4fe-4fe -8.62114482973 0.988689300477 4.29431606202
4fe4fe-4fe-4fe -8.56951435331 0.683182716716 4.23285333846
4fe4fe-4fe-4fe- -8.66832859811 0.628828518848 4.25572676269
4fe4fe-4fe4fe -8.49519765641 0.828072415182 4.22559975663
4fe4fe-4fe4fe- -8.62548607371 0.748123115726 4.28895963968
4fe4fe4fe -8.54744941447 0.83133230593 4.23615483032
4fe4fe4fe-4fe -8.59484954778 0.693589651425 4.20431343752
4fe4fe4fe-4fe- -8.68570867066 0.591383296493 4.2485609751
4fe4fe4fe4fe -8.42230710914 0.64285905037 4.22004151411
4fe4fe4fe4fe- -8.58389267788 0.62981787671 4.23824641474
4ff -8.5118922282 1.88071845805 5.41531545686
4ff4ff -8.23994844784 1.21671734966 4.96642186985
4ff4ff- -8.51332073149 1.20383102962 5.15993664026
4ff4ff-4ff -8.38583764197 0.90792170927 4.91352648233
4ff4ff-4ff-4ff -8.34636987889 0.754585836531 4.73700402441
4ff4ff-4ff-4ff- -8.37954510557 0.680273364471 4.68056428109
4ff4ff-4ff4ff -8.22498469029 0.745527095938 4.70673427584
4ff4ff-4ff4ff- -8.38052456538 0.684953984229 4.78790482684
4ff4ff4ff -8.06649472389 0.909733203961 4.67937315224
4ff4ff4ff-4ff -8.21372509165 0.717356382576 4.68949840045
4ff4ff4ff-4ff- -8.26128149334 0.690684320421 4.6816808467
4ff4ff4ff4ff -7.96947076626 0.731122232374 4.52132286932
4ff4ff4ff4ff- -8.11047144845 0.721598146085 4.59369717291
4fi -8.75820167886 2.11135669073 5.69685066485
4fi4fi -8.5671161174 1.71707211219 5.42367390687
4fi4fi- -8.65629810985 1.66351518452 5.4233546919
4fi4fi-4fi -8.44946648014 1.5302625589 5.26678647869
4fi4fi-4fi-4fi -8.43788279946 1.40706787983 5.16121077406
4fi4fi-4fi-4fi- -8.51984974893 1.26268914697 5.15384086657
4fi4fi-4fi4fi -8.3152455184 1.39106489565 5.12863079697
4fi4fi-4fi4fi- -8.43512644969 1.36235216246 5.15292146909
4fi4fi4fi -8.34203931698 1.41473255397 5.16321242394
4fi4fi4fi-4fi -8.40473893554 1.37146122905 5.14098499291
4fi4fi4fi-4fi- -8.48482973555 1.22236447463 5.10855066886
4fi4fi4fi4fi -8.19604482593 1.21130241968 4.98746636736
4fi4fi4fi4fi- -8.39764575137 1.32700731335 5.13332760557
4fl -8.29027252945 2.0215282849 5.39035673414
4ia -9.56134680212 2.30378694262 6.17360936852
4ia4ia -9.09865524622 1.86200220386 5.92126575644
4ia4ia- -9.11626783723 1.91625809593 5.95063751518
4ia4ia-4ia -8.75289476512 1.65504740798 5.70059357362
4ia4ia-4ia-4ia -8.6705291507 1.58693812611 5.61986239282
4ia4ia-4ia-4ia- -8.63197176755 1.50251479291 5.58219287296
4ia4ia-4ia4ia -8.60188781906 1.49000107677 5.55950574529
4ia4ia-4ia4ia- -8.59453664818 1.49781941724 5.54850045897
4ia4ia4ia -8.76759345093 1.62619997615 5.69599877045
4ia4ia4ia-4ia -8.58082035961 1.47537720946 5.5291543682
4ia4ia4ia-4ia- -8.6510700929 1.55690056072 5.61083598027
4ia4ia4ia4ia -8.66518561264 1.54872544823 5.61553210562
4ia4ia4ia4ia- -8.60452736037 1.49936262795 5.5515156875
4ie -9.22089069934 1.61601196106 4.48392305719
4ie4ie -9.04334028122 1.42712132987 4.311654007
4ie4ie- -9.043329229 1.42711253538 4.3116117877
4ie4ie-4ie -8.86973264132 1.31484746843 4.30149057184
4ie4ie-4ie-4ie -8.80611256066 1.2395474731 4.29864608145
4ie4ie-4ie-4ie- -8.80346989371 1.22472088119 4.2980158881
4ie4ie-4ie4ie -8.80274278777 1.22572511434 4.29852323495
4ie4ie-4ie4ie- -8.81571516196 1.2405505061 4.29785034917
4ie4ie4ie -8.86242124476 1.29148242134 4.29752141687
4ie4ie4ie-4ie -8.81790642362 1.24007525597 4.29737220748
4ie4ie4ie-4ie- -8.80677608417 1.24101495608 4.2980983179
4ie4ie4ie4ie -8.80014835392 1.1995725636 4.29831599478
4ie4ie4ie4ie- -8.79781038998 1.19678609471 4.29848063525
4if -8.7582122818 2.11136392103 5.69687063783
4if4if -8.56705987781 1.71702406958 5.42363026353
4if4if- -8.56781284603 1.75503119263 5.47007949345
4if4if-4if -8.44947303177 1.53022900243 5.2667738721
4if4if-4if-4if -8.43788530672 1.40707268169 5.16121356527
4if4if-4if-4if- -8.38880053265 1.39691265353 5.14741297217
4if4if-4if4if -8.40473802105 1.371459355 5.14098393327
4if4if-4if4if- -8.40081623845 1.45747532443 5.17252165683
4if4if4if -8.34285958611 1.41702506173 5.1645607375
4if4if4if-4if -8.31518553966 1.39094013078 5.12854894357
4if4if4if-4if- -8.31224653532 1.49386964331 5.16955597257
4if4if4if4if -8.28908331071 1.37273991818 5.10063385212
4if4if4if4if- -8.28833492864 1.42939820248 5.12810975212
4ii -9.05116546232 2.32109924751 5.95632501523
4ii4ii -8.97436529922 2.16727193411 5.77496174831
4ii4ii4ii -8.7689256078 2.04795477662 5.57620510986
4ii4ii4ii4ii -8.77784992663 1.96269707635 5.53579937386
4il -8.514370339 2.24674566342 5.66021876152
4la -8.93421794999 2.24374692808 5.89526510314
4la4la- -8.4934717287 1.65768620418 5.50909298877
4la4la-4la-4la- -8.07749829017 1.20703164927 5.0178780031
4le -8.72252444431 1.69766578772 4.49613060331
4le4le- -8.44422145388 1.38354588006 4.25844242135
4le4le-4le-4le- -8.17509425591 0.94004738921 4.22689241439
4lf -8.29026165627 2.02153217805 5.39035095182
4lf4lf- -7.97402303204 1.68575612699 5.09236034613
4lf4lf-4lf-4lf- -7.77004066113 1.08494679956 4.63102690104
4li -8.51436954889 2.24674886424 5.6602205002
4li4li- -8.30824251351 1.92003608514 5.43130499078
4li4li-4li-4li- -8.04422012601 1.64054096495 5.10340148262
4ll -8.07116721344 2.14293082567 5.34311202271
