12ad12il4aa-4ia- -4.71927030258 -2.03949322019 2.6216
12ad13ei-4da-13hh -3.84251951466 -2.22697965498 0.7124
12ad13fi13ih-6ei -4.31926295986 -1.71050758934 2.3485
12ad4if-4if-12ee- -4.72307989632 -2.13446094986 2.4406
12ad6el-13ll12ai- -3.43897469204 -2.7878062763 0.4052
12ad6id-13li6hh- -4.69178680488 -2.01799622695 2.3960
12ae13ld-6ae-12dh -3.6079573858 -2.92767278934 0.2113
12ae4ad-12eh12fi -4.17422628389 -2.03024134968 2.0987
12ae4ee6eh-6fa- -3.56305860243 -2.77937074731 0.1039
12ae6fi12da-12da -5.25342976772 -2.88549514435 2.2725
12af12ad-13ld-12ad- -4.16633498257 -2.96712929593 0.2467
12af12id-13fe4fd- -4.51518492364 -2.0797660683 2.2999
12af6ea13da4ff -4.75491721543 -1.91921890354 2.6878
12ah12he-6ah13aa -3.94946025322 -1.53336148043 2.3031
12ah12hl12if-12fi- -3.27026411211 -0.799198343924 2.4526
12ai4af-6dh-6ah- -2.99134742756 -1.69989514964 0.2184
12al13fa-13da-4de -4.41450280336 -2.20493843405 1.8887
12al6lh-6ef13ea- -4.13694668801 -1.6579896185 2.2786
12da12al4lh-4ed -3.55843266717 -2.5804555313 0.4001
12da4he-4ah4af -5.03982040443 -1.89908247948 2.9009
12de12hh-13aa13id -4.57260094358 -1.92003524506 2.5713
12de13hf6lf4lf- -3.85503675123 -1.86697304653 1.2421
12de6hh4dl-4ed -4.44606800864 -2.65066090166 1.0880
12df4ei4if-13al -4.38620296415 -1.80629166053 2.3129
12df4ii-12id-4da -4.43409499974 -2.79161587004 0.5972
12dh12dl12if-4hi -4.23028173464 -2.11867834722 1.9465
12di13af-13ei-13fd- -4.26620076133 -1.66669726133 2.4384
12di13fa13lh13eh- -3.77068146127 -1.24328812849 2.3849
12di6ia-12df-6hf -4.9296142998 -2.61474187496 2.1871
12dl12ai-6fa-12lf -4.21558758736 -1.67975872558 1.8043
12dl12dl-4af-13hh -4.05123082885 -2.01527508856 1.9382
12dl12hf-13hi-13fl- -3.44468908265 -0.979065591229 2.3218
12dl6le-12ee13ad- -3.99218212588 -2.87814807071 0.2358
12ea12hi13al-12la -3.93939204119 -1.11430616901 2.7349
12ea12lf4ea-4af -4.49668118262 -1.98833581854 2.2936
12ea4ai-4ea-4ad -5.14839382603 -2.13799842976 2.8144
12ed4ha-6ai-4ii -5.02131666341 -2.21065282466 2.5632
12ed4hh13ll4hf -2.77637749508 -1.9570427271 0.1214
12ee13dh12il6if -4.34620222988 -2.00439053502 2.2108
12ee4hf-4fa13he- -4.13422554962 -1.41635252983 2.4400
12ee4ih4ef-6fl- -4.26674498901 -2.10561688297 1.8097
12ee6eh13ih12lf -4.05558465027 -1.77118897535 2.0832
12ef13al-4if6ff -3.84660122224 -1.537443188 1.9769
12ef6hh-13ea-13ha- -3.72387788103 -1.49444920151 1.9479
12ef6la4if-12fe- -4.35463775887 -1.53608261881 2.7121
12eh12fh-4hf12ll -3.49203689056 -1.13879641448 2.2371
12eh13le13fh12hf- -3.35652419894 -0.764912000262 2.3945
12eh6fh13hf-13hf- -3.41747769879 -1.07076795483 2.2334
12ei6ef13ea-4ee -4.62865639433 -1.95377736104 2.3990
12el12ii13df-13ae- -4.25722100466 -1.6960855559 2.4474
12el6if4lf-12fd -3.33448297802 -0.976344452843 2.2361
12fa12ae4ah-4dh- -4.69314737407 -1.91296028525 2.6342
12fa12ld12ee4fh- -4.41341434801 -2.23024502104 2.0692
12fa13fi-12ed-13di- -4.52579736334 -2.13718208825 2.2297
12fa13id13he-13fi- -3.91027586047 -1.02559705763 2.7130
12fe4hh6il13df -2.61610244416 -1.81472718952 0.1944
12ff6dh6lf-4hd- -4.83328600095 -2.2765043736 2.3017
12fh12fe4id-4de -4.46620443269 -2.41174495138 1.9284
12fh12he4ha-12he -3.69884340788 -1.38886903214 2.1509
12fh4ef13if6da- -4.29286791752 -1.85663272066 2.0764
12fh6fh4ef-12ie -2.95515628703 -1.45472058107 0.8620
12fi12ii-12ae-12ai- -4.06021058553 -1.50533375505 2.4790
12fl13ea4af-13le- -2.39024795813 -1.28247252125 0.2323
12fl6aa-4ef13il- -4.18511083744 -1.40519586245 2.6345
12hd13id-12id-12ed -5.22730683922 -3.04549808144 2.0615
12hd4hl-4de-12af -4.45259874076 -2.18589046535 2.0676
12hd6ae13he13hi -4.0261963557 -1.7567669419 1.4488
12he12ie13dl-6ld- -4.6044382627 -2.26670827541 2.2367
12he4hd-13dd-12ld -4.05395196724 -3.05202881357 0.2782
12hf4hh-6dd13hh -3.77666796572 -1.81799255559 1.2011
12hh12aa4li6he -2.23895266388 -1.41091025306 0.0143
12hh12ed13hh-12ef -4.08796619706 -1.66914628588 2.3157
12hh13ae13al-6ll- -3.77775642107 -0.948588841307 2.7023
12hh4ef-13fa-13il- -3.48468981692 -0.892805504397 2.2858
12hh4lh13ed13ll- -2.7616833478 -1.66533669214 0.2445
12hh6aa4ia-4ll- -4.67301095002 -2.31079071726 2.1263
12hi12df-4di-13ld- -3.37910964755 -2.37092787559 0.1451
12hl13ed-4ff-6da- -3.42291997556 -2.00738378724 0.3656
12hl13hi-4hi4ll -4.20143766775 -1.23077089192 2.8446
12hl4ed12hi-13aa- -4.09095944929 -1.69554132822 2.0967
12ia12hf4hd4lf -3.29693126829 -0.675930775045 2.4860
12ia13di-6el4li- -4.20116555391 -1.44492448289 2.5197
12ia13di12id-4hi- -4.57396151277 -1.97881183419 2.3520
12ia13fl6le12ih -3.67625795928 -1.35322211928 1.6108
12id12ai4da4ae -5.04499056736 -2.64113691731 2.0659
12id13ei6de4df -4.19490693563 -3.28223712101 -0.0830
12ie6fd6eh-6ah- -5.08444707396 -2.41773145583 2.1017
12if4ia-4hd4eh -4.59382582299 -1.68520100236 2.7063
12if6el-12il4fl -3.90401724218 -1.40138626871 2.4255
12ih13ai-12hh-12ih- -3.23298451623 -0.688720125458 2.4907
12ih13la-12fa-13ha -3.37992598906 -0.542050766461 2.7350
12ih6ia-12ia-4he -4.21341067665 -1.39948147184 2.6831
12il12li4ii6hd -4.07844221271 -1.72193637057 2.3070
12il13dd-4dd-12fi- -4.13694668801 -3.05665474882 0.2338
12il13il-6fh13el -3.55326250424 -1.15811649702 1.9629
12la12ad-4ea-12ld -3.82836959505 -2.58698626343 0.2954
12la6df13fd4hi- -4.79546217738 -2.0000367136 2.4777
12le13ia12eh-4il- -4.07708164352 -1.67105108275 2.2684
12le4he13hf-13ai- -4.04850969047 -1.34478659029 2.5530
12lf12id4ea-6id -3.83136284728 -2.70535578321 0.1208
12lf13dh13lh12ae- -3.98973310133 -1.77826393515 1.5541
12lf6eh-12hi-13id- -4.14021205407 -1.66125498456 2.3280
12ll4df-13dl6el -4.61586704392 -1.91078337454 2.4465
12ll6ea13ii-13dh- -4.1143612394 -1.40519586245 2.6071
13aa6af13hi-12ea- -4.21232222129 -1.64819352031 2.4756
13ad12hh12ih12ea -4.10129977515 -1.77989661818 2.2810
13ae12il6ed13lh- -3.86020691417 -1.23458048566 2.4627
13ae13fi-12ia6fl -4.00469936245 -1.64166278818 2.2710
13ah4lh12fd-4fe- -2.89583547022 -2.05663639202 0.1223
13ah6hf6hh6he- -4.18511083744 -1.72275271208 2.3651
13ai12hf-4fe6ai- -4.00823684236 -1.52274904072 2.2829
13al12ea-13el6li -3.97068513263 -1.2144440616 2.6153
13al13de-12af-6af- -4.56743078065 -1.80275418063 2.6329
13al13dl-6fa6ee -4.59845175825 -1.84112223187 2.5173
13al13hi-12hh-13li- -3.05992011489 -0.375517097247 2.5694
13al4ei6eh13al -3.51326176997 -1.26777837397 1.2857
13al6ah-4af-13la -2.09772558165 -1.20437584958 0.0585
13al6ee-13ha12ee -3.93367765058 -1.93282459547 1.0655
13da12ai4ah-4ll- -4.20769628604 -1.83867320732 2.0405
13da12ha12fa-13ie- -4.2384451498 -1.4993472506 2.6195
13da13da6he13dd -4.50620516697 -3.48686672763 0.2043
13da4ei12ad13lf- -3.55761632566 -2.41990836654 0.1079
13dd4ll4ee13ae- -4.51572915132 -1.46995895604 2.8749
13dd6eh13el6ii- -4.82376201659 -2.36847885104 1.9002
13dd6ii6ee6if- -5.39710587449 -2.62807545305 2.1910
13de13dd13ha-4fi -4.60198923815 -2.09391598791 1.9232
13de13if-4de-4ef -4.79382949435 -2.66834830116 1.7466
13de13lf4dh-6af -3.82564845667 -2.47351479274 0.5118
13de4al-12il-12il -3.31679557851 -1.96411768691 0.7172
13df12da13aa13ff -4.49368793039 -1.83459149974 2.4352
13df13aa12dd-13li -3.75027292338 -2.63378984366 0.1037
13df4ie-4fh13af- -4.39844808689 -1.56764782409 2.5711
13dh12ha6hi6ei -4.28960255145 -1.9344572785 2.2476
13dh6ie-13al-4fd -4.53586557537 -1.77690336596 2.4958
13di13ae12il6hi- -4.35735889726 -1.69227596216 2.5154
13dl12da13hh13di- -4.50185134555 -1.88139507998 2.4267
13dl13eh12hd4af -4.19980498472 -1.99405020915 2.0626
13dl13fl-12ia-12hh -3.50237721643 -0.808178100597 2.6218
13dl4ae6id-13il -3.03434141406 -1.95949175165 0.3046
13dl6ld13ah13ii -4.09803440909 -1.56764782409 2.4214
13ea13af4ef-4ff- -4.0727278221 -1.30097626227 2.3993
13ea13lh-4al4dl -3.77204203046 -1.17471544117 2.2598
13ea4ll4hh-6hh -4.91355958333 -2.31024648959 2.3121
13ed12fd4ll4fi- -4.08878253858 -1.23648528253 2.6430
13ed6ll-6ed12fe- -4.9345123489 -2.4147382036 2.2863
13ee12ld-12ea6ld- -3.90374512834 -2.94399961965 0.2597
13ee13de-4la6hi -3.80115821119 -1.9929617538 0.9471
13ee4ad-4ea-12he- -4.77532575333 -2.04411915545 2.5314
13ee4eh12de-12fh- -4.58539029399 -2.0275202113 2.3379
13ef13le12ae4la- -4.13694668801 -1.02695762682 2.8997
13ef4ed-6if-6di -4.69995022004 -2.35106356537 1.5788
13ef4fd13li-4id- -4.53123964012 -1.95459370256 1.9258
13ef4hf4af-4ll -4.55736256862 -1.67894238407 2.5953
13ei13ei-12lh4ii -4.08878253858 -1.66098287072 2.2900
13ei4dd6ie13ie -3.2074058154 -2.49093007841 0.0219
13el13id6eh4df- -3.51435022532 -2.19623079122 0.4575
13el4dh13fa4al -4.14048416791 -1.21689308615 2.7300
13el4ha-6ff-6ii -4.51328012677 -1.72275271208 2.5594
13el6ll6fi-12id -3.72850381629 -1.05879494593 2.5140
13fa12ih-12id-13ih- -3.8583021173 -1.27975138286 2.4206
13fa13fa4lf13hi- -2.71188651534 -1.07457754857 0.8388
13fa13id6fl12dh -4.70593672449 -2.34235592254 2.2920
13fa4la-6fe-4aa- -3.25829110322 -1.96221289004 0.6430
13fa6af-13di4ff- -4.44470743945 -1.80248206679 2.4584
13fd13hf-6fe-6hd- -4.88580397179 -2.30235518827 2.4368
13fd13il-6ld4ef- -3.7807496733 -1.4732243221 2.1769
13fe13fd4eh-13il -3.80279089422 -2.24847664823 0.4533
13ff4fd-12fi13de- -4.45885735905 -2.0452076108 2.2404
13fi13ad4dd12ii- -4.16987246248 -3.08359401884 0.2406
13fi13ee4hl-12ii- -2.81148018026 -1.77935239051 0.1565
13fi13he13ie-12el- -3.75081715105 -1.62152636413 2.0235
13fi13hf6ae-4el- -4.29722173893 -2.17718282252 1.2394
13fi6el13ef4al- -4.23817303596 -1.50751066576 2.5516
13ha12fl13af13dd- -4.3075620648 -1.63431571454 2.5799
13ha13fd6eh-12ad- -4.56879134984 -2.22834022417 2.1721
13hd12ff13dh-4if -4.35871946645 -1.97119264671 2.2264
13hd13da-12li-6ld -4.61940452382 -2.19514233586 2.2692
13hd6el-4df12ee -3.1728473579 -2.27269477986 0.2320
13he12eh6ll-4ei- -2.65855220297 -1.85581637915 -0.2148
13he12hl-4af-12da -4.21640392887 -1.77935239051 2.3382
13he12ii-4fl-12df- -3.37012989087 -2.28221876421 0.3088
13he4la4fh12fh -4.09313635999 -1.84166645954 1.5228
13he6ai12lh-6fe -4.05558465027 -2.70018562028 0.3618
13he6ff-13dl6ia- -4.57232882974 -2.02942500817 2.3885
13hf4de-6af6ha- -4.69532428478 -2.60385732142 1.5713
13hf6ff12de-4ia -4.7581825815 -2.26262656783 2.3297
13hf6fh6ef12fa- -4.15245717681 -1.46342822391 2.4968
13hh12al-13ea12le -3.52986071412 -0.916207294515 2.4789
13hh12el4de4hh- -4.09150367696 -1.80275418063 1.8988
13hi12ff-13le4lf -3.70374145698 -1.04083543259 2.5031
13hi6aa-6ff-4al- -4.4768168724 -1.76275344635 2.5797
13hi6ef-12dh-12fe- -4.2730036073 -1.96384557307 2.1613
13hl12ia-13hl-13ae -3.49040420753 -0.610351339946 2.7791
13hl6ff-6ld4ie -4.03898570612 -1.91568142364 1.2314
13hl6ii4ee12he- -3.42809013849 -1.21716519999 1.3222
13ia12hd6hi4ie- -3.84850601911 -1.12900031629 2.5806
13id12ef6fe-12hh- -4.30184767419 -1.98942427389 2.1871
13ie6if-4dd4il -3.94619488716 -2.69909716492 0.3138
13if13df-6he13ei -4.37450206909 -2.10235151691 2.1105
13if6af-13ei-4el- -3.00168775343 -1.54098066791 0.6797
13ih12ih12eh-13lh -3.38999420109 -1.06831893028 2.1613
13ih4ff-12fe4id- -3.85177138517 -1.71050758934 1.9677
13ih4fl6ee4hh- -4.29422848671 -1.83948954883 1.6229
13ii4hh13il12ii- -3.45475729467 -0.763279317231 2.4683
13ii6de6lh-13ea- -4.1157218086 -2.27949762583 1.4078
13il13dd-13ad-13le- -3.69367324495 -2.07541224689 0.5357
13il4de12ea13lf -4.11000741799 -1.8773133724 1.9552
13la12ff-6ai4li- -3.62428421611 -2.72032204433 0.0419
13la4ed-6ea-4df -3.8414310593 -1.56329400267 1.4628
13ld6hi-4eh13ll- -2.4337861723 -1.66071075688 0.0959
13le12ae4ai4lf- -4.0988507506 -1.40873334235 2.5542
13le6fe6dd6lf- -5.24417789721 -2.65746374762 2.3346
13lf6dd-6ah-6il -5.13914195551 -3.17230313022 1.5870
13lf6hi6hh-4hh- -4.31572547996 -1.55377001832 2.5949
13lf6lf6ea-13ah- -4.22266254716 -1.71921523218 2.2419
13lh12al-4ff-13fe- -3.47625428792 -0.705863297289 2.6794
13lh12fe4ha6ld- -3.92497000775 -1.93173614011 1.9283
13lh13ia-6la6ll -3.66319649503 -1.35131732241 2.2721
13lh4hh-12hi4df- -3.79217845452 -1.39295073972 2.1088
13lh6dl-13if-12ia -4.00742050084 -1.4386658646 2.1880
13lh6ee12ll12fe- -3.7807496733 -1.53934798487 2.0726
13li13dh-12lh13di -3.730680727 -1.30560219753 1.9571
13li4fl-6if-12ll- -3.98129757234 -1.84955776086 1.7529
13li6dl-12da-4ae -5.08281439093 -2.32738966142 2.5918
13ll12fd13li-12di- -3.55843266717 -2.59977561384 0.0872
13ll12fi-13ae-13ld -3.0430490569 -1.87078264027 0.1942
13ll6de4lf-6li- -4.46892557108 -1.9428928075 2.1215
4aa12dl13il-12id- -4.42729215378 -2.16112810604 2.1132
4aa12fa6ii6ei- -4.74484900341 -1.94887931195 2.2222
4aa12ha4dh-4ee -4.76226428907 -2.12112737177 2.4095
4aa12if6ad-13he- -4.40987686811 -2.11187550126 1.5828
4aa4aa-12al-4il -4.38484239496 -1.69907880812 2.5399
4ae6hf13fe-12ei- -3.29856395133 -1.88574890139 0.9350
4af12ea-12ah-6fl -4.32797060269 -1.76329767403 2.3656
4af13al-6if-6hl- -4.16388595803 -1.36002496525 2.6493
4ah12ee4ii-13hd- -4.50076289019 -1.8068358882 2.4455
4ah12ha6ih-12ah -4.03055017712 -1.57717180844 2.2933
4ai12ll6hi-6al- -4.30511304025 -1.71023547551 2.3744
4ai13ah13eh-13id -3.92360943856 -1.34070488271 2.4022
4ai13eh-4il-12ff -2.61474187496 -1.52220481304 0.1710
4ai6fi-13ei13ie- -3.6912242204 -1.6699626274 1.2424
4da4dd4de-4fd- -6.11984022977 -3.31733980619 2.5145
4da4eh-4ia-4dd- -5.5720750727 -2.80848692803 2.4590
4da4ih-12di-13ad- -5.30458716937 -2.54018268319 2.5674
4dd13da-6ha12ea -5.25615090611 -3.03869523548 1.8474
4de4df-13ee-4fi- -4.67545997457 -2.49773292437 1.9700
4df13le-4he6ia- -2.99053108605 -1.74397759149 0.2007
4dh4ai12fa6le -4.66321485183 -1.93255248163 2.5296
4di6ae-13hh13li -4.22565579939 -1.74778718523 1.5958
4dl12aa6li-6de -3.82102252141 -2.86699140333 0.1258
4ea13dd-6aa-13fh- -4.97995535994 -1.97200898822 2.7605
4ea13ff12ih-12lh- -3.73966048367 -1.04437291249 2.5291
4ea13li6fl13lf- -2.76086700628 -2.01092126714 0.2360
4ea4ed-13ai-13de -4.96117950508 -2.63569464053 2.0286
4ea4ih-12ee-12al -4.51083110222 -1.81717621407 2.5242
4ea6di-13he-6ef -4.92389990919 -2.15214834937 2.3080
4ed12ee-6ih-6il -4.12823904517 -2.56113544876 0.6954
4ed13dl-13li-4ll -2.88984896577 -2.34807031315 0.2781
4ed13ie-13ai-13ai -4.19000888653 -2.1622165614 1.7630
4ee13ih13ad12fh- -4.10646993808 -1.76574669858 1.9930
4ee4af6li-12le- -3.00468100565 -2.16520981362 0.3391
4ef13li4la-12ih -2.60168041071 -1.38478732456 0.1655
4eh4fi-13he13ii -3.97449472637 -0.94804461363 2.8310
4eh4la-13da13hd- -4.77995168858 -1.83323093055 2.7260
4eh6ei-4ee4ea -3.46645818973 -1.79676767618 0.9466
4eh6lf-6al6df -3.25638630635 -2.32521275071 0.5093
4ei12ef-13la-13ee- -4.21341067665 -1.70724222328 2.3082
4ei12fh13ee12hi -3.88551350115 -1.29254073328 2.4100
4ei4ad-6af-6ff- -5.14567268764 -2.54072691087 2.3410
4ei4ih12hh-12ie- -3.98020911698 -1.27376487842 2.5722
4ei6if6ee-4fe- -3.22699801178 -2.26072177096 0.2527
4el12lh6ff-4ld -4.27762954255 -1.54696717236 2.5240
4el13af-4ae6dd- -4.44416321177 -2.81148018026 0.6618
4fa13ee-13de-12hh- -4.2455201096 -1.68819425458 1.9844
4fd12ei6ff6ii- -4.66811290092 -2.42562275715 1.4699
4fd12id-13lh-4lf- -3.13230239595 -2.3385463288 0.1279
4fd4ih12ei-13il- -4.1383072572 -1.75159677897 2.2334
4fd6ee-6hl4il -3.69666649718 -2.5649450425 0.0949
4fd6hl12il6lh- -3.37502793997 -1.7151335246 0.9381
4fe12ll13if-6aa -4.27055458275 -1.58560733743 2.4562
4fe4ia13ef-4hd- -4.71818184722 -1.82397906003 2.6627
4fi13da6ea-4eh -4.89913754988 -1.93119191244 2.5576
4fi6aa-12df6li -4.90838942039 -2.23759209468 2.4732
4fi6al-4ll13dl -3.37856541987 -1.63349937303 1.0019
4fl12ia-6ld-4eh- -3.26699874605 -2.24738819287 0.2790
4fl13el-12ha-13fa- -3.50700315168 -0.871580624987 2.4246
4fl13hh-6fa-4df- -4.28633718539 -1.68547311619 2.4702
4fl6hi-6dh-6ia -4.65940525809 -2.00248573815 2.3524
4ha12hl6hl12df -4.23817303596 -1.84819719167 2.3400
4ha6ld6ia12fl- -4.77423729797 -1.82751653994 2.7876
4hd13ai-12li-6lf -3.87653374448 -1.32982032916 2.2553
4he12al12de-4ah- -4.66675233173 -2.00575110421 2.4289
4he12ff6he4fi- -2.74943822506 -1.8582654037 0.2094
4he13li-13ii-12li- -2.54644130148 -1.06804681645 0.4422
4he4da13li12el- -2.86345392343 -2.02833655281 0.0675
4he4ih-4ad-6hl- -3.7581642247 -1.71404506925 1.1059
4hf4ei4ha-6ie -4.60171712431 -1.48165985109 2.8336
4hh12fh13dd-6if -4.55545777175 -1.84683662248 2.3575
4hh12il-13ai13hl -3.3336666365 -0.770082163195 2.4244
4hh6ee-4he6ld -2.30943014807 -1.46397245159 0.3658
4hh6hl12fa6ia -3.85803000346 -1.65853384618 1.9495
4hi12ah-4hi-6di -3.90292878682 -1.67322799346 1.3309
4hi13hf-6da12li -4.03980204763 -1.63186668999 1.9480
4hl6id12fi-6da- -3.36169436188 -2.10126306155 0.6308
4ia13di-4ha13dl -4.53260020931 -1.91676987899 2.2536
4ia13ee-6fd-12hh -4.60960842563 -1.76003230797 2.5197
4ia13hf-12ha6la -3.88469715964 -1.40029781336 2.3703
4ia13li-4di-12if- -2.50371942882 -1.73282092411 0.0434
4ia6ad-13af-6ah- -4.9796832461 -2.13146769764 2.6427
4id13fl-13de-13ae -4.50457248393 -1.92656597718 2.3135
4ie12df-4ii-4dh- -4.91764129091 -2.20793168628 2.4419
4ie12ef-6ih4la -4.17721953612 -1.87785760007 1.9007
4ie13fh6ae-13hl -3.71408178285 -1.4422033445 1.2173
4ie6fd-6hd-13fh- -3.42727379698 -2.07350745002 0.4524
4if12fh13fa12fl -3.28386980404 -0.586949549828 2.6204
4ih12ef-6ee12if -3.7568036555 -2.13990322663 0.7915
4ih12hd-12lh-4if -4.16987246248 -2.22317006124 1.6689
4ih4fa4al-6eh- -2.86998465556 -1.76030442181 0.3709
4ih4ih12ef-6ie -4.4874293121 -1.75132466513 2.4307
4ii4de6dh-13ea- -3.79245056836 -2.53337983723 0.3226
4ii4fl12da-6ei- -3.7652391845 -2.15704639846 0.4791
4ii4ha-12hf-13ff- -3.79054577149 -0.814708832723 2.8588
4ii4il12ha12eh -2.94263905046 -1.90398052858 0.1937
4il12di6he-6hd -3.98374659688 -2.95243514865 0.0523
4il12ih-12ah13la- -2.88576725819 -1.63676473909 0.2955
4la13af-4ed13fi -4.14157262326 -2.14425704805 1.5314
4la6ie-6ld-12af- -5.05614723475 -2.05119411525 2.8528
4ld12ee12da6al- -5.03410601382 -2.57011520543 2.2496
4ld13fd-12fl13eh -4.13204863891 -1.54859985539 2.3784
4ld13if13al-13al- -3.72768747477 -1.3885969183 2.0747
4le13fl-13dd13fd- -4.68580030043 -1.76819572312 2.6430
4le13ie12ha6lh -3.8618395972 -1.53608261881 2.0694
4le6le-13di-13al- -2.79460912227 -1.76302556019 0.2097
4lh12ee-6hd-13ai -4.54157996598 -1.93364093698 2.3021
4li12ll12fl13ia -3.57067778991 -0.974167542134 2.4789
4li4dd-13hi-12ed- -4.99764275945 -2.80631001733 1.8919
4li6dd-4hi-6le- -2.67896074087 -1.75948808029 0.5028
6aa12le-4ef12af- -3.29040053617 -2.21854412598 0.0727
6aa4dd13aa12hf -4.68607241427 -2.60712268748 1.8207
6aa6fh-13ah12fe- -4.01177432226 -1.62424750251 2.3390
6ad12af6fa4ha -5.02050032189 -2.41664300047 2.4737
6ad12fl-13ai-6hl -4.38701930567 -1.76465824322 2.4508
6af13hi-12ah12fd -4.17340994238 -1.59050538653 2.4577
6af4dd13la-12ha- -3.55625575647 -2.61202073658 0.1932
6ah6ed12ha13fh- -4.28524873004 -1.95785906862 1.8496
6ai4ad6hd-6fh -4.33150808259 -2.63242927447 0.7365
6ai6dh-13di6fi- -5.14404000461 -2.48140609406 2.3767
6al12ie-12hf4aa -4.17123303167 -1.64329547121 2.4051
6al13ff-6af-12hl -4.1108237595 -1.43540049854 2.5926
6dd6di-13af12fh- -4.66212639648 -2.76957464912 1.6531
6df12de13hf6af- -4.99845910097 -2.66617139045 2.1013
6df13dh6ha4fi -4.75546144311 -2.2109249385 2.3609
6df6hd6fl4fh- -4.05993847169 -2.46045332848 0.9705
6dh12fi-12ea6fe- -4.81668705679 -2.43351405846 2.2344
6dh13ia-13fl13ae -4.1121843287 -1.40492374861 2.4474
6dh4ia13lh-13fe- -2.46888885748 -1.48410887564 0.2259
6dh4ii-6ll6ad -2.77284001518 -2.08956216649 0.1040
6dh6af12di6dd- -5.86813492908 -3.16141857668 2.4425
6dh6al-12ef12dh -4.85641567722 -2.62453797315 2.1495
6di12he6ah13li -3.69503381414 -3.04849133367 -0.3259
6di13dd-12il-4he -4.91709706323 -2.46752828829 2.0217
6di13fh-12eh6aa- -4.55845102397 -2.01364240553 2.3769
6di6hi6dl-6hd -5.57806157715 -2.7222268412 2.5847
6dl12ae13ea-6hh- -4.47926589695 -2.05881330273 2.2093
6dl4da-4ah-13fl -3.23951524835 -2.17092420423 0.2943
6dl6aa-13ai6ii -4.83410234246 -1.97554646813 2.6946
6ea13ae13de4fl- -4.44198630106 -1.90180361787 1.8886
6ea13eh13aa-4ea- -4.35463775887 -1.64003010515 2.5069
6ed12id12ai-6fh- -4.93151909667 -2.69038952209 1.6915
6ed13ie-13dd-6ie- -4.02728481106 -2.8272627829 0.3432
6ee4fe-12dd13dh- -3.938031472 -2.97583693876 0.1220
6ee4ih13fa-4ld- -3.46237648215 -1.99677134754 0.7009
6ef13al4fi-6fe- -4.08796619706 -1.82833288145 1.6073
6ef6dl13hl13de- -4.70974631823 -2.22344217508 2.2366
6ef6ef-12ai-12ea- -4.83301388711 -2.29745713917 2.2488
6ef6eh-4fd13id- -4.47844955543 -2.5029030873 1.2173
6eh12hh-13eh-6el -4.07817009887 -1.64057433283 2.2309
6eh6dh-4ia-6ae -3.37149046007 -2.1001746062 0.7450
6eh6ei4fd-13le- -3.20931061227 -2.10969859055 0.4376
6ei4fe-12hh-6hl- -2.97121100351 -1.83731263813 0.5902
6el12ih-4aa-12hi- -3.90047976228 -1.33716740281 2.4781
6el13ah-6hd12il- -4.20687994452 -1.69200384832 1.8393
6el6fi4dh12if -3.45230827013 -1.80982914043 1.1422
6fa4ef6fl-4fe- -4.08769408322 -1.96928784984 1.5398
6fa6he-13ih-6ea- -2.94563230268 -1.75159677897 0.5235
6fd12di13hi12ie -3.54265006454 -2.37256055862 0.1361
6fd13df4ai-4di- -3.90211244531 -3.20250776631 -0.4496
6fd4fe-6ii13lh -2.7222268412 -1.7461545022 0.2358
6fe13de-12ad-4fh- -4.1693282348 -2.91706034963 0.0641
6fh13ah6de-13dh -3.94728334251 -2.5733805715 0.2846
6fh13dl-6fe12ae -4.67083403931 -2.14044745431 2.2954
6fh4ei4id-12le -3.26727085989 -1.69009905145 0.9767
6fi4da4al-12ei -3.49312534591 -2.22970079336 0.7153
6fi6al-12ll-4ff- -3.37257891542 -1.71241238621 0.6164
6fl12ii4el-12il -2.85093668685 -1.84085011803 0.3320
6fl13di12lh13ld- -4.18565506511 -1.93989955527 1.6598
6fl4hl12ha12dh -3.20169142479 -2.18398566848 0.2390
6ha12if-12id-13ei- -4.36198483252 -1.87432012017 2.3083
6ha13eh-6fd-13fe13li -3.28305346253 -1.72465750895 0.6645
6he13da-12hh12fl -3.51734347755 -2.26262656783 0.0897
6he13de13ll12de- -3.8759895168 -2.82916757977 0.1542
6he4fh-13ii-6ha- -2.55406048896 -1.60030148472 0.2107
6he6al-12he-6hf -4.29803808045 -1.79921670072 2.3477
6hf12al-12ad-4eh -3.33910891328 -2.21555087376 0.1642
6hf12ei13ea-13ef- -4.1764031946 -1.87023841259 2.1520
6hf4dl-12li4fi -3.03025970648 -2.0120097225 0.3017
6hh13fl-12aa6ai -3.78537560855 -1.41227082226 2.1875
6hi12ed-13fe-4ia- -4.28796986842 -2.04194224474 1.5272
6hi12ei-12fe13hd -4.19953287088 -1.77744759364 2.2273
6hi13ed6ha12dl -4.00959741155 -2.54099902471 1.0203
6hi13hl-12al6ii -3.929595943 -1.36437878666 2.2767
6hi6ae-12eh12la- -3.61693714247 -2.39759503177 0.1551
6hi6ai-12fa6fa -4.65886103041 -1.91785833435 2.5761
6hi6hd-4hf-4hi -3.12168995625 -1.72982767188 0.6000
6hl12aa4le4ai- -3.51435022532 -1.76438612938 0.9216
6ia12ha4fd-6fi -3.31162541558 -2.03024134968 0.3656
6id13el-13ah-4dd -4.00551570397 -2.91624400811 0.2697
6id6df-4if-4fd -4.70294347226 -2.58562569423 1.4888
6if12ff-12de12dl -4.96634966801 -2.59433333707 2.2391
6if13aa-12ia-13il- -4.16143693348 -1.28519365964 2.7107
6if13di-12ii-6fi -4.57450574045 -1.96330134539 2.3957
6if4ai-6aa-4eh- -4.88662031331 -1.84329914257 2.3805
6ih6dl12dh-6hh -4.4028019083 -2.3886152751 1.9074
6ii6hf6fe6ha- -4.81587071528 -2.09854192317 2.5285
6il13ad4de12di -4.1002113198 -3.37693273684 -0.3926
6il13ie-6id4he -3.5649633993 -1.90887857767 0.7027
6la12fh12fi-4de- -4.30211978803 -2.23541518398 1.8298
6la12ha13ff13ef- -4.06483652078 -1.34533081796 2.5978
6ld12ae12ee-13fh -4.44906126086 -2.19949615728 2.1317
6ld12fd13dh-6df -5.3230909104 -2.9309381554 2.1572
6ld13ia6ad-13he -3.50373778562 -2.25010933126 0.6672
6le6fd-12ha-6ff- -4.95655356982 -2.22017680901 2.4630
6lf12ee-12hd-4ed -4.37259727222 -3.09311800319 0.2507
6lf4ae-13aa4fi -4.50130711787 -1.69118750681 2.6019
6lf4ia12el4ii -4.39844808689 -1.98507045248 1.7639
6lh13dd-6fa6hd -5.33261489475 -2.77801017811 2.2603
6li12ai-13fi12ed- -4.44035361803 -1.9379947584 2.4300
6ll12eh13ai4fh- -3.75381040328 -1.57172953167 2.0523
6ll13al-12if13de -4.24715279263 -1.72629019198 2.4216
6ll13id6ei13ea- -3.80796105716 -1.95976386549 1.0763
