12ad12il4aa-4ia- -5.80799777076 -1.03865852188 2.8138
12ad13ei-4da-13hh -5.23030009144 -1.23049877808 0.9853
12ad13fi13ih-6ei -5.40064335439 -0.690897036167 2.6734
12ad4if-4if-12ee- -5.82650151178 -1.17036161975 2.7791
12ad6el-13ll12ai- -4.39164524092 -1.90479687009 0.3457
12ad6id-13li6hh- -5.81480061672 -1.02777396834 2.7803
12ae13ld-6ae-12dh -4.56226061771 -2.26861307228 -1.0818
12ae4ad-12eh12fi -5.23927984811 -1.13417047922 2.3453
12ae4ee6eh-6fa- -4.6256631421 -1.74833141291 0.1806
12ae6fi12da-12da -6.34896008186 -1.93500150618 2.4829
12af12ad-13ld-12ad- -5.41751441239 -1.90234784555 0.2503
12af12id-13fe4fd- -5.58432019544 -1.053624783 2.6557
12af6ea13da4ff -5.87194452282 -0.911309245421 2.9735
12ah12he-6ah13aa -5.06648756061 -0.5768813378 2.5955
12ah12hl12if-12fi- -4.37096458919 0.206262289647 2.6538
12ai4af-6dh-6ah- -3.99191001204 -0.6615087416 0.6123
12al13fa-13da-4de -5.48363807516 -1.17852503491 2.6372
12al6lh-6ef13ea- -5.22104822093 -0.698516223647 2.5202
12da12al4lh-4ed -4.66811290092 -1.51186448718 0.7767
12da4he-4ah4af -6.1954878769 -0.876750787921 3.2891
12de12hh-13aa13id -5.66758703005 -0.917839977547 2.7777
12de13hf6lf4lf- -5.31628806443 -0.909132334712 1.9527
12de6hh4dl-4ed -5.7568403691 -1.68819425458 1.5082
12df4ei4if-13al -5.52064555721 -0.775252326128 2.8227
12df4ii-12id-4da -5.92990477044 -1.75622271423 0.8780
12dh12dl12if-4hi -5.28880456674 -1.10151681859 2.3812
12di13af-13ei-13fd- -5.34132253758 -0.589126460536 2.8082
12di13fa13lh13eh- -4.90022600524 -0.223405461478 2.6287
12di6ia-12df-6hf -6.02242347556 -1.67322799346 2.4827
12dl12ai-6fa-12lf -5.29805643725 -0.63075987784 2.2201
12dl12dl-4af-13hh -5.11329114085 -1.04546136784 2.4557
12dl12hf-13hi-13fl- -4.54729435659 0.0639467520675 2.6766
12dl6le-12ee13ad- -5.19138781252 -1.75186889281 0.2730
12ea12hi13al-12la -5.06186162536 -0.0862600868314 2.9737
12ea12lf4ea-4af -5.61615751455 -0.978521363551 2.5236
12ea4ai-4ea-4ad -6.26351633655 -1.11022446143 3.1581
12ed4ha-6ai-4ii -6.16609958233 -1.21009024019 2.8581
12ed4hh13ll4hf -4.1298717282 -1.04464502633 0.2093
12ee13dh12il6if -5.4183307539 -1.01824998398 2.4873
12ee4hf-4fa13he- -5.26540277662 -0.415789945358 2.6883
12ee4ih4ef-6fl- -5.3696223768 -1.14423869125 2.3049
12ee6eh13ih12lf -5.14267943542 -0.846818265676 2.3655
12ef13al-4if6ff -4.96172373276 -0.512390358055 2.4568
12ef6hh-13ea-13ha- -4.81859185366 -0.526268163823 2.1814
12ef6la4if-12fe- -5.47356986314 -0.545316132524 2.9698
12eh12fh-4hf12ll -4.60471037653 -0.153472204962 2.4563
12eh13le13fh12hf- -4.46702077421 0.287896441223 2.7903
12eh6fh13hf-13hf- -4.51246378525 -0.0908860220874 2.5093
12ei6ef13ea-4ee -5.70622719513 -0.927091848059 2.6999
12el12ii13df-13ae- -5.36336375851 -0.674842319691 2.7247
12el6if4lf-12fd -4.42865272297 0.0103403258662 2.5515
12fa12ae4ah-4dh- -5.83765817916 -0.934438921701 2.9201
12fa12ld12ee4fh- -5.54840116875 -1.29988780692 2.3513
12fa13fi-12ed-13di- -5.63602182477 -1.16383088763 2.5545
12fa13id13he-13fi- -5.03982040443 0.0307488637601 2.9955
12fd12eh-6ai4aa -5.92446249367 -1.47131952523 2.5536
12fd12hh13aa-6ih- -5.51520328044 -0.785864765833 2.7446
12fd4ll-12le6ef -5.19955122768 -0.0936071604732 3.1155
12fe13di6id12ae -6.14732372747 -1.34424236261 2.8099
12fe4hh6il13df -3.53094916948 -0.845457696483 0.4072
12ff6dh6lf-4hd- -5.95276233288 -1.29471764399 2.5662
12fh12fe4id-4de -5.53561181833 -1.49853090909 2.3238
12fh12he4ha-12he -4.80879575547 -0.406538074846 2.4751
12fh4ef13if6da- -5.38649343479 -0.782327285932 2.5439
12fh6fh4ef-12ie -4.04306741369 -0.543411335654 0.9846
12fi12ii-12ae-12ai- -5.1693465916 -0.487083771067 2.7286
12fl13ea4af-13le- -3.82075040757 -0.252521642207 0.3962
12fl6aa-4ef13il- -5.33751294384 -0.45198108589 2.9796
12hd13id-12id-12ed -6.33154479619 -2.09255541872 2.4330
12hd4hl-4de-12af -5.54676848571 -1.24655349456 2.3818
12hd6ae13he13hi -5.14431211845 -0.759197609652 1.7618
12he12ie13dl-6ld- -5.6961589831 -1.30233683147 2.4476
12he4hd-13dd-12ld -5.13941406935 -1.95432158872 -0.1575
12hf4hh-6dd13hh -4.97015926175 -0.633481016226 1.5058
12hh12aa4li6he -3.15706475526 -0.360550836125 0.2826
12hh12ed13hh-12ef -5.18975512949 -0.710217118707 2.5569
12hh13ae13al-6ll- -4.8795453535 0.0857158591542 2.9816
12hh4ef-13fa-13il- -4.61096899482 0.133880008584 2.6248
12hh4lh13ed13ll- -4.10320457202 -0.592391826599 0.2362
12hh6aa4ia-4ll- -5.86296476615 -1.39648821962 2.5203
12hi12df-4di-13ld- -4.82267356124 -1.36138553444 0.0888
12hl13ed-4ff-6da- -4.49668118262 -0.664774107663 0.7656
12hl13hi-4hi4ll -5.33588026081 -0.234834242699 3.1325
12hl4ed12hi-13aa- -5.20200025223 -0.71538728164 2.4556
12ia12hf4hd4lf -4.4028019083 0.312114572857 2.8084
12ia13di-6el4li- -5.34268310678 -0.451164744374 2.9650
12ia13di12id-4hi- -5.67194085146 -0.919472660578 2.6508
12ia13fl6le12ih -4.82485047195 -0.349394168743 1.8706
12id12ai4da4ae -6.15630348415 -1.64737717879 2.3514
12id13ei6de4df -5.21315691961 -1.83459149974 0.1072
12ie6fd6eh-6ah- -6.22514828531 -1.46370033775 2.6687
12if4ia-4hd4eh -5.72990109908 -0.699060451325 3.0555
12if6el-12il4fl -4.99682641793 -0.446810922956 2.6494
12ih13ai-12hh-12ih- -4.34484166069 0.320277988014 2.6976
12ih13la-12fa-13ha -4.49314370271 0.504771170575 3.0119
12ih6ia-12ia-4he -5.30812464928 -0.3730680727 2.9380
12il12li4ii6hd -5.15356398896 -0.762190861876 2.5819
12il13dd-4dd-12fi- -5.34431578981 -1.9260217495 0.1982
12il13il-6fh13el -4.68988200801 -0.185309524076 2.3330
12la12ad-4ea-12ld -5.26023261368 -1.58261408521 0.4705
12la6df13fd4hi- -5.94078932399 -0.95566380111 2.7903
12le13ia12eh-4il- -5.19356472323 -0.701237362033 2.5362
12le4he13hf-13ai- -5.17424464069 -0.366537340574 2.8335
12lf12id4ea-6id -5.28798822522 -1.69173173448 0.3726
12lf13dh13lh12ae- -5.21125212274 -0.775524439967 2.0556
12lf6eh-12hi-13id- -5.23519814054 -0.667767359887 2.5357
12ll4df-13dl6el -5.73643183121 -0.914302497645 2.7853
12ll6ea13ii-13dh- -5.24798749095 -0.429667751126 2.8667
13aa6af13hi-12ea- -5.31302269837 -0.645998252801 2.6679
13ad12hh12ih12ea -5.20172813839 -0.829402980007 2.4758
13ae12il6ed13lh- -4.96036316356 -0.188847003978 2.8336
13ae13fi-12ia6fl -5.08227016325 -0.660420286246 2.5402
13ah4lh12fd-4fe- -3.7187077181 -1.11104080294 0.3668
13ah6hf6hh6he- -5.2300279776 -0.791034928766 2.5473
13ai12hf-4fe6ai- -5.10131813195 -0.542867107977 2.7234
13al12ea-13el6li -5.05288186868 -0.166805783053 2.8647
13al13de-12af-6af- -5.68010426662 -0.78450419664 2.9112
13al13dl-6fa6ee -5.67847158359 -0.816341515755 2.9367
13al13hi-12hh-13li- -4.18021278834 0.635385813096 2.8124
13al4ei6eh13al -4.65913314425 -0.242453430179 1.3489
13al6ah-4af-13la -3.49040420753 -0.202180582069 0.4153
13al6ee-13ha12ee -5.05206552717 -0.862872982153 1.4056
13da12ai4ah-4ll- -5.30866887695 -0.837838509003 2.4335
13da12ha12fa-13ie- -5.36418010002 -0.462865639433 2.9153
13da13da6he13dd -5.84718216351 -2.44494283969 0.1273
13da4ei12ad13lf- -4.96825446488 -1.27730235832 0.0484
13dd4ll4ee13ae- -5.64064776003 -0.431844661834 3.1419
13dd6eh13el6ii- -5.94106143782 -1.39022960133 2.3223
13dd6ii6ee6if- -6.57046074647 -1.64139067434 2.7246
13de13dd13ha-4fi -5.71820020402 -0.985052095677 2.2117
13de13if-4de-4ef -5.87874736879 -1.67159531043 2.0984
13de13lf4dh-6af -4.95138340689 -1.34641927332 0.4432
13de4al-12il-12il -4.4183123971 -0.985868437193 0.7016
13df12da13aa13ff -5.62486515739 -0.770626390872 2.8934
13df13aa12dd-13li -5.17097927463 -1.49036749393 0.0614
13df4ie-4fh13af- -5.54459157501 -0.573343857898 2.9367
13dh12ha6hi6ei -5.37207140134 -0.968997379201 2.5722
13dh6ie-13al-4fd -5.61071523778 -0.761918748038 2.8703
13di13ae12il6hi- -5.44146043018 -0.669944270596 2.7198
13dl12da13hh13di- -5.62105556365 -0.847362493353 2.7810
13dl13eh12hd4af -5.25451822307 -0.995936649221 2.3610
13dl13fl-12ia-12hh -4.60525460421 0.224493916833 2.8637
13dl4ae6id-13il -4.4147749172 -0.745319803884 0.6791
13dl6ld13ah13ii -5.19356472323 -0.608990770753 2.6732
13ea13af4ef-4ff- -5.19927911384 -0.255514894431 2.6607
13ea13lh-4al4dl -4.92879795829 -0.168710579923 2.6037
13ea4ll4hh-6hh -6.03738973668 -1.33825585816 2.7286
13ed12fd4ll4fi- -5.21016366739 -0.229936193604 3.0404
13ed6ll-6ed12fe- -6.04201567194 -1.44247545834 2.6226
13ee12ld-12ea6ld- -4.94920649618 -1.92166792809 -0.4003
13ee13de-4la6hi -5.29424684351 -1.02287591924 1.3914
13ee4ad-4ea-12he- -5.88337330404 -1.06695836109 2.8543
13ee4eh12de-12fh- -5.72609150534 -1.06478145038 2.6582
13ef13le12ae4la- -5.28254594845 -0.0299325222443 3.1909
13ef4ed-6if-6di -5.81371216137 -1.3815219585 1.5922
13ef4fd13li-4id- -5.6425525569 -0.939064856957 2.2649
13ef4hf4af-4ll -5.66268898095 -0.645454025123 2.9402
13ei13ei-12lh4ii -5.17506098221 -0.666134676856 2.6313
13ei4dd6ie13ie -4.44797280551 -1.33390203674 0.2979
13el13id6eh4df- -4.61804395462 -1.17689235188 0.5388
13el4dh13fa4al -5.24308944185 -0.167077896891 3.0144
13el4ha-6ff-6ii -5.64881117518 -0.737156388727 2.8863
13el6ll6fi-12id -4.81206112154 -0.0174152856694 2.7573
13fa12ih-12id-13ih- -4.98403706752 -0.272930180101 2.6794
13fa13fa4lf13hi- -4.05885001633 -0.108845535434 1.1892
13fa13id6fl12dh -5.86105996928 -1.4492783043 2.5676
13fa4la-6fe-4aa- -4.52634159102 -0.956208028787 1.0323
13fa6af-13di4ff- -5.59792588737 -0.818518426463 2.7354
13fd13hf-6fe-6hd- -6.01725331263 -1.32220114168 2.7989
13fd13il-6ld4ef- -4.87110982451 -0.498240438449 2.5195
13fe13fd4eh-13il -5.07111349587 -1.29498975783 0.5106
13ff4fd-12fi13de- -5.57996637402 -1.10777543688 2.5666
13fi13ad4dd12ii- -5.41724229855 -1.96411768691 0.1936
13fi13ee4hl-12ii- -4.07327204978 -0.837838509003 0.2071
13fi13he13ie-12el- -4.85451088035 -0.690624922329 2.3326
13fi13hf6ae-4el- -5.58731344766 -1.24736983607 1.7205
13fi6el13ef4al- -5.35030229426 -0.533615237465 2.7820
13ha12fl13af13dd- -5.46459010646 -0.647358821994 2.8439
13ha13fd6eh-12ad- -5.70268971522 -1.27947926903 2.6516
13hd12ff13dh-4if -5.52255035408 -1.02831819601 2.5468
13hd13da-12li-6ld -5.72200979776 -1.17036161975 2.6017
13hd6el-4df12ee -4.17776376379 -1.33254146755 0.2883
13he12eh6ll-4ei- -3.60714104428 -0.243541885533 0.1066
13he12hl-4af-12da -5.36145896164 -0.846546151838 2.6288
13he12ii-4fl-12df- -4.55953947933 -1.45199944269 0.2693
13he4la4fh12fh -5.20580984597 -0.92681973422 1.9514
13he6ai12lh-6fe -5.15546878583 -1.30832333592 0.5456
13he6ff-13dl6ia- -5.69180516168 -1.09634665566 2.5759
13hf4de-6af6ha- -5.80201126631 -1.57853237763 2.0038
13hf6ff12de-4ia -5.87330509202 -1.31322138501 2.5747
13hf6fh6ef12fa- -5.26540277662 -0.517832634827 2.7972
13hh12al-13ea12le -4.62756793898 0.133880008584 2.7721
13hh12el4de4hh- -5.22104822093 -0.789946473412 2.4169
13hi12ff-13le4lf -4.8689329138 -0.100410006438 2.8107
13hi6aa-6ff-4al- -5.63792662164 -0.812531922015 2.8549
13hi6ef-12dh-12fe- -5.39601741914 -1.01988266702 2.4617
13hl12ia-13hl-13ae -4.62539102827 0.418238969905 3.0072
13hl6ff-6ld4ie -5.22676261154 -0.911581359259 1.2085
13hl6ii4ee12he- -4.56307695923 -0.189935459332 1.3790
13ia12hd6hi4ie- -4.95791413902 -0.112655129174 2.8227
13id12ef6fe-12hh- -5.4112557941 -1.03539315582 2.4559
13ie6if-4dd4il -5.29751220957 -1.70288840186 0.3079
13if13df-6he13ei -5.48200539213 -1.15104153721 2.4526
13if6af-13ei-4el- -4.31844661834 -0.533615237465 0.8367
13ih12ih12eh-13lh -4.51355224061 -0.102586917147 2.5174
13ih4ff-12fe4id- -4.914103811 -0.715115167801 2.4330
13ih4fl6ee4hh- -5.40962311107 -0.856886477704 1.9822
13ii4hh13il12ii- -4.57559419581 0.23265733199 2.7234
13ii6de6lh-13ea- -5.29642375422 -1.26995528468 2.1162
13il13dd-13ad-13le- -4.96281218811 -0.85579802235 0.4744
13il4de12ea13lf -5.22866740841 -0.93062932796 2.3500
13la12ff-6ai4li- -5.16472065634 -1.76084864948 0.4172
13la4ed-6ea-4df -4.9464853578 -0.641916545222 1.8408
13ld6hi-4eh13ll- -3.61312754873 -0.801375254633 0.1963
13le12ae4ai4lf- -5.23791927892 -0.425858157385 2.8546
13le6fe6dd6lf- -6.4028386219 -1.70833067864 2.8039
13lf6dd-6ah-6il -6.28202007757 -2.15133200785 2.2687
13lf6hi6hh-4hh- -5.44445368241 -0.578514020832 2.8764
13lf6lf6ea-13ah- -5.36145896164 -0.78640899351 2.6105
13lh12al-4ff-13fe- -4.59219313996 0.294427173349 2.8884
13lh12fe4ha6ld- -4.97124771711 -0.99022225861 2.2542
13lh13ia-6la6ll -4.73042696996 -0.398918887365 2.6501
13lh4hh-12hi4df- -4.96743812337 -0.450348402858 2.4274
13lh6dl-13if-12ia -5.10267870114 -0.370891161991 2.7426
13lh6ee12ll12fe- -4.86022527097 -0.606813860044 2.3621
13li13dh-12lh13di -4.92389990919 -0.371435389668 2.4609
13li4fl-6if-12ll- -5.07682788648 -0.826681841621 2.2616
13li6dl-12da-4ae -6.20446763357 -1.32927610149 2.8453
13ll12fd13li-12di- -4.9987312148 -1.69472498671 0.1388
13ll12fi-13ae-13ld -4.38266548425 -0.704230614258 0.2023
13ll6de4lf-6li- -5.60445661949 -0.932806238669 2.6312
4aa12dl13il-12id- -5.47901213991 -1.15539535863 2.5010
4aa12fa6ii6ei- -5.846365822 -0.950221524339 2.7320
4aa12ha4dh-4ee -5.87684257192 -1.12410226719 2.8635
4aa12if6ad-13he- -5.53942141207 -0.941513881504 1.9360
4aa4aa-12al-4il -5.50214181619 -0.685454759395 2.8545
4ae6hf13fe-12ei- -4.41559125872 -0.931173555638 1.0760
4af12ea-12ah-6fl -5.41697018471 -0.732530453471 2.6683
4af13al-6if-6hl- -5.22540204235 -0.340958639747 2.8922
4ah12ee4ii-13hd- -5.57588466644 -0.786681107349 2.6801
4ah12ha6ih-12ah -5.15329187512 -0.622324348844 2.5493
4ai12ll6hi-6al- -5.39411262227 -0.694706629907 2.5989
4ai13ah13eh-13id -5.00335715006 -0.296604084058 2.7309
4ai13eh-4il-12ff -3.84197528698 -0.542867107977 0.1522
4ai6fi-13ei13ie- -5.15356398896 -0.685998987073 1.7113
4da4dd4de-4fd- -7.22870412201 -2.33392039354 2.8713
4da4eh-4ia-4dd- -6.65536026411 -1.76493035706 3.0257
4da4ih-12di-13ad- -6.41453951696 -1.53336148043 2.8969
4dd13da-6ha12ea -6.34079666671 -2.03269037423 2.3375
4de4df-13ee-4fi- -5.73697605889 -1.53145668356 2.6306
4df13le-4he6ia- -4.42103353549 -0.712938257092 0.2479
4dh4ai12fa6le -5.72037711473 -0.865866234377 2.8037
4di6ae-13hh13li -5.30921310463 -0.651168415734 1.8614
4dl12aa6li-6de -4.715188595 -1.35675959918 0.2755
4ea13dd-6aa-13fh- -6.13562283241 -0.926003392704 3.1976
4ea13ff12ih-12lh- -4.87519153209 -0.0364632543704 2.8697
4ea13li6fl13lf- -3.70482991233 -0.989405917095 -0.1163
4ea4ed-13ai-13de -6.04773006255 -1.65717327698 2.4877
4ea4ih-12ee-12al -5.60227970879 -0.810899238983 2.8013
4ea6di-13he-6ef -6.01997445101 -1.10042836324 2.6869
4ed12ee-6ih-6il -5.54676848571 -1.57036896247 1.1083
4ed13dl-13li-4ll -3.57285470062 -1.67594913184 0.4610
4ed13ie-13ai-13ai -5.25288554004 -1.18723267775 2.3678
4ee13ih13ad12fh- -5.18703399111 -0.746952486916 2.5937
4ee4af6li-12le- -4.34946759594 -0.897431439653 0.5249
4ef13li4la-12ih -3.66700608877 -0.282998392128 0.3479
4eh4fi-13he13ii -5.06975292668 0.0941513881504 3.0893
4eh4la-13da13hd- -5.90759143568 -0.814164605046 3.0771
4eh6ei-4ee4ea -4.58266915561 -0.792939725636 1.0630
4eh6lf-6al6df -4.24715279263 -1.44791773511 0.6041
4ei12ef-13la-13ee- -5.27683155784 -0.691169150006 2.6807
4ei12fh13ee12hi -4.96335641579 -0.260685057364 2.7163
4ei4ad-6af-6ff- -6.27412877625 -1.54696717236 2.7481
4ei4ih12hh-12ie- -5.05832414545 -0.26150139888 2.8035
4ei6if6ee-4fe- -4.1347697773 -1.36900472192 -0.4059
4el12lh6ff-4ld -5.36281953083 -0.5268123915 2.7724
4el13af-4ae6dd- -5.97534778149 -1.8188088971 1.0537
4fa13ee-13de-12hh- -5.36880603528 -0.63075987784 2.3041
4fd12ei6ff6ii- -5.79929012792 -1.42886976641 2.1595
4fd12id-13lh-4lf- -4.05504042259 -1.20192682503 0.1279
4fd4ih12ei-13il- -5.23274911599 -0.808178100597 2.5959
4fd6ee-6hl4il -4.81723128447 -1.45472058107 0.1139
4fd6hl12il6lh- -4.50810996384 -0.78450419664 0.9994
4fe12ll13if-6aa -5.34431578981 -0.572527516383 2.6467
4fe4ia13ef-4hd- -5.82922265017 -0.809810783629 2.9542
4fi13da6ea-4eh -6.02133502021 -0.89607087046 2.8992
4fi6aa-12df6li -6.02133502021 -1.24873040527 2.7819
4fi6al-4ll13dl -4.89342315927 -0.667495246049 1.7509
4fl12ia-6ld-4eh- -4.40661150204 -1.17525966885 0.2899
4fl13el-12ha-13fa- -4.60062866896 0.170615376793 2.7398
4fl13hh-6fa-4df- -5.36091473396 -0.724094924474 2.7563
4fl6hi-6dh-6ia -5.81316793369 -1.02069900853 2.6962
4ha12hl6hl12df -5.35003018042 -0.931173555638 2.5101
4ha6ld6ia12fl- -5.92555094903 -0.854165339318 3.0718
4hd13ai-12li-6lf -4.94349210557 -0.310481889825 2.5425
4he12al12de-4ah- -5.75956150749 -1.01226347954 2.6970
4he12ff6he4fi- -3.67761852848 -1.12927243013 -0.4977
4he13li-13ii-12li- -3.93394976442 -0.017687399508 0.4082
4he4da13li12el- -4.29586116974 -1.07131218251 0.2796
4he4ih-4ad-6hl- -4.95628145599 -0.653617440281 1.1929
4hf4ei4ha-6ie -5.74459524637 -0.444634012248 3.2903
4hh12fh13dd-6if -5.69398207239 -0.798926230085 2.7738
4hh12il-13ai13hl -4.43980939035 0.219595867738 2.7300
4hh6ee-4he6ld -3.28931208081 -0.495791413902 0.7423
4hh6hl12fa6ia -4.98267649833 -0.646542480478 2.4141
4hi12ah-4hi-6di -5.09424317215 -0.655250123312 1.3251
4hi13hf-6da12li -5.14104675238 -0.586133208312 2.3322
4hl6id12fi-6da- -4.72008664409 -1.09253706192 1.4246
4ia13di-4ha13dl -5.69071670633 -0.903145830263 2.5875
4ia13ee-6fd-12hh -5.73044532676 -0.72872085973 2.8087
4ia13hf-12ha6la -4.93587291809 -0.370619048153 2.6530
4ia13li-4di-12if- -3.83544455485 -0.733346794986 0.3265
4ia6ad-13af-6ah- -6.09426152895 -1.12519072255 2.9755
4id13fl-13de-13ae -5.59547686282 -0.917023636031 2.7548
4ie12df-4ii-4dh- -6.01779754031 -1.21362772009 2.7293
4ie12ef-6ih4la -5.26921237036 -0.878927698629 2.3197
4ie13fh6ae-13hl -4.91872974626 -0.341230753585 1.4804
4ie6fd-6hd-13fh- -4.75927103685 -1.01688941479 0.4405
4if12fh13fa12fl -4.37613475212 0.448987833665 2.8588
4ih12ef-6ee12if -5.00907154067 -1.13280991003 1.1544
4ih12hd-12lh-4if -5.27628733016 -1.28083983822 2.0171
4ih4fa4al-6eh- -4.37395784141 -0.775252326128 1.0040
4ih4ih12ef-6ie -5.57615678028 -0.745591917723 2.6969
4ii4de6dh-13ea- -5.27846424087 -1.57281798702 0.6395
4ii4fl12da-6ei- -4.77450941181 -1.05797860442 0.7061
4ii4ha-12hf-13ff- -4.93995462567 0.173336515179 3.1026
4ii4il12ha12eh -4.24062206051 -0.987229006386 0.2211
4il12di6he-6hd -5.02757528169 -1.83758475196 0.1351
4il12ih-12ah13la- -4.11490546708 -0.688175897781 0.2427
4la13af-4ed13fi -5.23683082357 -1.10206104627 1.8994
4la6ie-6ld-12af- -6.20365129206 -1.05743437674 3.1436
4ld12ee12da6al- -6.12446616503 -1.59404286643 2.5091
4ld13fd-12fl13eh -5.27111716723 -0.579058248509 2.6704
4ld13if13al-13al- -4.82457835811 -0.415789945358 2.6073
4le13fl-13dd13fd- -5.79520842034 -0.731169884278 2.9742
4le13ie12ha6lh -4.91736917707 -0.529805643725 2.3857
4le6le-13di-13al- -3.99708017497 -0.946956158275 0.4660
4lh12ee-6hd-13ai -5.639015077 -0.93062932796 2.6329
4li12ll12fl13ia -4.67600420224 0.0250344731498 2.6838
4li4dd-13hi-12ed- -6.06487323438 -1.80955702659 2.3034
4li6dd-4hi-6le- -3.57884120507 -0.792123384121 0.6911
6aa12le-4ef12af- -4.51681760667 -1.22532861515 0.1002
6aa4dd13aa12hf -5.75983362133 -1.63622051141 2.2992
6aa6fh-13ah12fe- -5.08390284628 -0.656610692505 2.6058
6ad12af6fa4ha -6.08174429237 -1.41036602539 2.7017
6ad12fl-13ai-6hl -5.45561034979 -0.746680373077 2.7324
6af13hi-12ah12fd -5.27873635471 -0.539057514237 2.7365
6af4dd13la-12ha- -4.71491648116 -1.62479173019 0.2493
6ah6ed12ha13fh- -5.41098368026 -0.906955424004 2.2282
6ai4ad6hd-6fh -5.50867254831 -1.51730676395 0.8594
6ai6dh-13di6fi- -6.23249535895 -1.47159163907 2.6313
6al12ie-12hf4aa -5.23628659589 -0.624229145714 2.6180
6al13ff-6af-12hl -5.22485781467 -0.449259947504 2.8112
6dd6di-13af12fh- -5.71656752099 -1.80955702659 2.4811
6df12de13hf6af- -6.06868282812 -1.63839742212 2.4826
6df13dh6ha4fi -5.79303150963 -1.18233462865 2.6357
6df6hd6fl4fh- -5.52499937863 -1.48628578635 1.7188
6dh12fi-12ea6fe- -5.88201273485 -1.43431204318 2.4500
6dh13ia-13fl13ae -5.21016366739 -0.364088316027 2.7001
6dh4ia13lh-13fe- -3.56741242385 -0.468580030043 0.2890
6dh4ii-6ll6ad -3.37856541987 -1.09961202172 0.1545
6dh6af12di6dd- -6.95386914504 -2.13636574673 2.7230
6dh6al-12ef12dh -5.96772859401 -1.69118750681 2.4690
6di12he6ah13li -5.07737211416 -1.70043937732 0.2392
6di13dd-12il-4he -6.00582453141 -1.40301895174 2.4200
6di13fh-12eh6aa- -5.63302857255 -0.98831746174 2.6324
6di6hi6dl-6hd -6.66787750068 -1.72574596431 2.8950
6dl12ae13ea-6hh- -5.54050986743 -1.03484892814 2.4508
6dl4da-4ah-13fl -4.37096458919 -1.10668698152 0.3244
6dl6aa-13ai6ii -5.89806745133 -0.928180303413 3.0331
6ea13ae13de4fl- -5.54323100581 -0.833484687586 2.3256
6ea13eh13aa-4ea- -5.40853465571 -0.585861094473 2.8334
6ed12id12ai-6fh- -6.04392046881 -1.69145962064 2.0850
6ed13ie-13dd-6ie- -5.33914562687 -1.76547458474 0.5251
6ee4ih13fa-4ld- -4.82267356124 -0.957296484142 1.0768
6ef13al4fi-6fe- -5.50132547467 -0.78831379038 2.3304
6ef6dl13hl13de- -5.79248728196 -1.27594178912 2.5806
6ef6ef-12ai-12ea- -5.92038078609 -1.32111268633 2.6683
6ef6eh-4fd13id- -5.79003825741 -1.50315684434 1.7932
6eh12hh-13eh-6el -5.13723715864 -0.642732886738 2.4420
6eh6dh-4ia-6ae -4.29858230813 -1.06124397048 0.9624
6eh6ei4fd-13le- -4.22511157171 -1.12682340558 0.4744
6ei4fe-12hh-6hl- -3.94673911484 -0.896615098137 0.9670
6el12ih-4aa-12hi- -4.96607755417 -0.331706769235 2.7243
6el13ah-6hd12il- -5.32173034121 -0.656338578667 2.1841
6el6fi4dh12if -4.63328232959 -0.876750787921 1.1879
6fa4ef6fl-4fe- -5.1489380537 -0.984507868 2.1571
6fa6he-13ih-6ea- -4.11708237779 -0.745319803884 0.5931
6fd12di13hi12ie -5.02131666341 -1.39403919507 0.3459
6fd13df4ai-4di- -5.05696357626 -1.75241312049 -0.2369
6fd4fe-6ii13lh -3.69448958647 -0.653345326442 0.2389
6fe13de-12ad-4fh- -5.4373787226 -1.77635913828 0.0325
6fh13ah6de-13dh -5.4387392918 -1.60356685078 0.3867
6fh13dl-6fe12ae -5.77561622396 -1.12682340558 2.5352
6fh4ei4id-12le -4.39355003779 -0.697699882132 1.0946
6fi4da4al-12ei -4.5804922449 -1.24791406375 0.7065
6fi6al-12ll-4ff- -4.44715646399 -0.557289141422 0.9155
6fl12ii4el-12il -3.97694375092 -0.873485421858 0.3391
6fl13di12lh13ld- -5.48254961981 -0.906683310165 2.1307
6fl4hl12ha12dh -4.50511671161 -1.25716593426 0.2410
6ha12if-12id-13ei- -5.46295742343 -0.860696071444 2.5565
6ha13eh-6fd-13fe13li -4.53559346153 -0.703142158903 0.6529
6he13da-12hh12fl -4.75001916634 -1.14151755286 0.0939
6he13de13ll12de- -5.16907447776 -1.75431791736 0.1377
6he4fh-13ii-6ha- -3.4923090044 -0.498240438449 0.2582
6he6al-12he-6hf -5.37071083215 -0.80572907605 2.5914
6hf12al-12ad-4eh -4.71981453026 -1.17825292107 0.3395
6hf12ei13ea-13ef- -5.27111716723 -0.887907455303 2.4433
6hf4dl-12li4fi -4.47518418937 -1.00110681215 0.6110
6hh13fl-12aa6ai -4.89696063917 -0.377694007956 2.5546
6hi12ed-13fe-4ia- -5.62649784042 -0.985052095677 2.0072
6hi12ei-12fe13hd -5.2730219641 -0.733891022664 2.5095
6hi13ed6ha12dl -5.45860360201 -1.58560733743 1.4245
6hi13hl-12al6ii -5.04716747807 -0.347761485712 2.5992
6hi6ae-12eh12la- -4.83682348085 -1.31050024662 0.0876
6hi6ai-12fa6fa -5.76391532891 -0.879744040145 2.8532
6hi6hd-4hf-4hi -4.27899011175 -0.74804094227 0.6492
6hl12aa4le4ai- -4.914103811 -0.731714111955 1.4189
6ia12ha4fd-6fi -4.66892924244 -1.00954234115 0.3513
6id13el-13ah-4dd -5.15927837957 -1.7412564531 0.2289
6id6df-4if-4fd -6.18759657558 -1.60193416775 2.1147
6if12ff-12de12dl -6.08446543076 -1.63703685293 2.4874
6if13aa-12ia-13il- -5.28417863148 -0.235650584215 3.0034
6if13di-12ii-6fi -5.65153231357 -0.906955424004 2.6646
6if4ai-6aa-4eh- -6.01344371889 -0.8307635492 2.9703
6ih6dl12dh-6hh -5.44826327615 -1.49145594928 2.2243
6ii6hf6fe6ha- -5.88827135314 -1.11811576275 2.7436
6il13ad4de12di -5.19955122768 -1.91296028525 -0.1659
6il13ie-6id4he -4.76444119978 -0.837022167487 0.7336
6la12fh12fi-4de- -5.354111888 -1.27975138286 2.1564
6la12ha13ff13ef- -5.21016366739 -0.354836445515 2.8280
6ld12ae12ee-13fh -5.51357059741 -1.24818617759 2.3545
6ld12fd13dh-6df -6.46460846326 -1.97336955742 2.4776
6ld13ia6ad-13he -4.85886470177 -1.15593958631 0.8629
6le6fd-12ha-6ff- -6.09643843966 -1.20328739422 2.7346
6lf12ee-12hd-4ed -5.8069093154 -2.09364387407 0.3640
6lf4ae-13aa4fi -5.5875855615 -0.69035280849 2.8937
6lf4ia12el4ii -5.58132694322 -1.02178746389 2.4340
6lh13dd-6fa6hd -6.47222765074 -1.73336515179 2.5969
6li12ai-13fi12ed- -5.492345718 -0.923282254319 2.6297
6ll12eh13ai4fh- -4.8117890077 -0.608990770753 2.3874
6ll13al-12if13de -5.32853318717 -0.731714111955 2.6604
6ll13id6ei13ea- -5.27438253329 -0.967636810008 1.5544
