12ad12il4aa-4ia- -7.19795525825 -0.394020838271 3.0381
12ad13ei-4da-13hh -6.80910458291 -0.563003532032 0.0923
12ad13fi13ih-6ei -6.77889994683 -0.00979609818906 2.9447
12ad4if-4if-12ee- -7.25074534293 -0.593752395792 3.0748
12ad6el-13ll12ai- -5.62622572658 -1.45444846724 0.0450
12ad6id-13li6hh- -7.24094924474 -0.432933117189 2.7482
12ae13ld-6ae-12dh -5.8773867996 -0.902601602586 -0.8763
12ae4ad-12eh12fi -6.62814888025 -0.585588980635 2.6593
12ae4ee6eh-6fa- -6.30868723375 -1.3456029318 -0.2279
12ae6fi12da-12da -7.76476838402 -1.29498975783 2.7728
12af12ad-13ld-12ad- -7.04747630551 -1.20492007725 0.5149
12af12id-13fe4fd- -7.01264573417 -0.346673030357 3.0247
12af6ea13da4ff -7.33455640522 -0.272385952423 3.2928
12ah12he-6ah13aa -6.48284009045 0.0351026851775 2.9133
12ah12hl12if-12fi- -5.81779386895 0.848450948708 2.9090
12ai4af-6dh-6ah- -5.26377009359 -0.103131144824 0.2246
12al13fa-13da-4de -6.89890214964 -0.509124991992 3.1199
12al6lh-6ef13ea- -6.66624481765 -0.129254073328 2.8226
12da12al4lh-4ed -6.21235893489 -0.847362493353 0.9589
12da4he-4ah4af -7.6567391901 -0.290617579609 3.3837
12de12hh-13aa13id -7.038224435 -0.220684323092 3.0043
12de13hf6lf4lf- -6.8033901923 -0.322182784885 2.7863
12de6hh4dl-4ed -7.23088103272 -1.12083690113 1.3436
12df4ei4if-13al -6.99686313153 -0.19238448388 3.1264
12df4ii-12id-4da -7.59088764116 -1.09253706192 0.3206
12dh12dl12if-4hi -6.70597343809 -0.39619774898 2.7535
12di13af-13ei-13fd- -6.77781149147 0.253610097561 3.2239
12di13fa13lh13eh- -6.34134089438 0.532798895949 2.9664
12di6ia-12df-6hf -7.48149787805 -1.07185641019 2.8309
12dl12ai-6fa-12lf -6.73563384649 0.0593208168115 2.1606
12dl12dl-4af-13hh -6.55413391616 -0.351298965613 2.9127
12dl12hf-13hi-13fl- -6.02079079253 0.780422489062 3.0067
12dl6le-12ee13ad- -6.02677729698 -1.21825365534 -1.0106
12ea12hi13al-12la -6.47658147216 0.655522237151 3.2727
12ea12lf4ea-4af -7.04393882561 -0.371435389668 2.7696
12ea4ai-4ea-4ad -7.67061699587 -0.507220195122 3.4345
12ed4ha-6ai-4ii -7.59986739784 -0.609807112269 3.0939
12ed4hh13ll4hf -6.06296843751 -0.48844434026 0.3404
12ee13dh12il6if -6.84747263415 -0.320005874176 2.8420
12ee4hf-4fa13he- -6.69998693364 0.155649115671 2.9089
12ee4ih4ef-6fl- -6.86652060285 -0.645726138962 2.5643
12ee6eh13ih12lf -6.58624334911 -0.325720264786 2.6539
12ef13al-4if6ff -6.50460919753 0.118641633623 2.8104
12ef6hh-13ea-13ha- -6.26868649948 0.0881648837015 2.2469
12ef6la4if-12fe- -6.94951532362 0.0163268303151 3.2513
12eh12fh-4hf12ll -6.08637022763 0.410347668586 2.6788
12eh13le13fh12hf- -5.9260951767 1.01280770721 3.1144
12eh6fh13hf-13hf- -6.01017835282 0.505315398252 2.7721
12ei6ef13ea-4ee -7.10598078081 -0.2538822114 3.0465
12el12ii13df-13ae- -6.7759066946 0.0878927698629 3.0441
12el6if4lf-12fd -5.92146924145 0.6114397953 2.8242
12fa12ae4ah-4dh- -7.27006542547 -0.347217258034 3.2189
12fa12ld12ee4fh- -7.01237362033 -0.700965248195 2.6536
12fa13fi-12ed-13di- -7.05346280996 -0.456062793468 2.8815
12fa13id13he-13fi- -6.45045854366 0.789946473412 3.2285
12fd12eh-6ai4aa -7.32421607935 -0.866954689732 2.7982
12fd12hh13aa-6ih- -6.93509329018 -0.144492448289 2.9476
12fd4ll-12le6ef -6.69644945374 0.43456580022 3.3817
12fe13di6id12ae -7.57510503853 -0.687087442427 3.1174
12fe4hh6il13df -4.7497470525 -0.225310258348 0.4565
12ff6dh6lf-4hd- -7.46680373077 -0.772531187743 2.8598
12fh12fe4id-4de -6.97808727667 -0.980426160421 2.6512
12fh12he4ha-12he -6.2490943031 0.171703832147 2.7352
12fh4ef13if6da- -6.7843422236 -0.147757814352 2.7610
12fh6fh4ef-12ie -5.43356912886 -0.0601371583273 0.5447
12fi12ii-12ae-12ai- -6.5530454608 0.238915950278 3.0343
12fl13ea4af-13le- -5.67166873763 0.425313929708 0.5443
12fl6aa-4ef13il- -6.82815255161 0.0737428502565 3.2894
12hd13id-12id-12ed -7.74708098451 -1.3801613893 2.7847
12hd4hl-4de-12af -7.0072034574 -0.673209636659 2.7244
12hd6ae13he13hi -6.4994390346 -0.204357492777 1.3047
12he12ie13dl-6ld- -7.08421167372 -0.613888819848 2.7447
12he4hd-13dd-12ld -6.69563311222 -0.8653220067 0.4761
12hf4hh-6dd13hh -6.45834984497 -0.121634885847 0.9654
12hh12aa4li6he -4.38048857354 0.306944409924 0.1237
12hh12ed13hh-12ef -6.57971261698 -0.0813620377369 2.7746
12hh13ae13al-6ll- -6.31549007972 0.8152530604 3.3595
12hh4ef-13fa-13il- -6.08283274773 0.69416240223 2.8236
12hh4lh13ed13ll- -5.93507493338 -0.0457151248823 0.4735
12hh6aa4ia-4ll- -7.35169957705 -0.871308511149 2.8025
12hi12df-4di-13ld- -6.79577100482 -0.699604679002 0.6946
12hl13ed-4ff-6da- -5.80146703863 -0.0380959374019 0.4133
12hl13hi-4hi4ll -6.78924027269 0.314019369727 3.3929
12hl4ed12hi-13aa- -6.59331830891 -0.139322285355 2.7585
12ia12hf4hd4lf -5.87575411656 0.88464208924 3.1391
12ia13di-6el4li- -6.79468254947 0.106668624725 3.2423
12ia13di12id-4hi- -7.09346354423 -0.197282532974 2.9538
12ia13fl6le12ih -6.27195186554 0.247623593112 1.5930
12id12ai4da4ae -7.53483219042 -0.996208763059 2.4146
12id13ei6de4df -6.43141057495 -0.647086708155 0.4984
12ie6fd6eh-6ah- -7.6757871588 -0.932806238669 2.7158
12if4ia-4hd4eh -7.19986005512 -0.178234564273 3.3232
12if6el-12il4fl -6.44991431598 0.0808178100597 2.8925
12ih13ai-12hh-12ih- -5.78214695609 0.977432908197 2.9682
12ih13la-12fa-13ha -5.95385078824 1.24437658385 3.3271
12ih6ia-12ia-4he -6.71740221931 0.258508146656 3.2025
12il12li4ii6hd -6.54760318403 -0.219323753899 2.8409
12il13dd-4dd-12fi- -6.74842319691 -1.09607454182 0.5584
12il13il-6fh13el -6.18052161578 0.447899378311 2.1407
12la12ad-4ea-12ld -6.99740735921 -0.946684044437 0.5953
12la6df13fd4hi- -7.43632698085 -0.302590588506 3.0746
12le13ia12eh-4il- -6.59876058568 -0.0250344731498 2.8391
12le4he13hf-13ai- -6.5925019674 0.216058387836 3.0455
12lf12id4ea-6id -7.0763203724 -1.09144860656 0.6215
12lf13dh13lh12ae- -6.72093969921 -0.19238448388 2.5577
12lf6eh-12hi-13id- -6.68991872161 -0.0922465912803 2.7330
12ll4df-13dl6el -7.20339753502 -0.327625061656 3.1009
12ll6ea13ii-13dh- -6.69263986 0.20000367136 3.1696
13aa6af13hi-12ea- -6.71740221931 0.0478920355909 2.9375
13ad12hh12ih12ea -6.55168489161 -0.178234564273 2.6791
13ae12il6ed13lh- -6.40392707726 0.574160199414 3.2117
13ae13fi-12ia6fl -6.52501773543 0.0136056919292 2.8839
13ah4lh12fd-4fe- -4.86730023077 -0.473750192976 0.3906
13ah6hf6hh6he- -6.65644871946 -0.284086847483 2.7555
13ai12hf-4fe6ai- -6.5304600122 -0.00517016293311 2.6942
13al12ea-13el6li -6.44392781153 0.60191581095 3.1984
13al13de-12af-6af- -7.1038038701 -0.109117649273 3.2187
13al13dl-6fa6ee -7.14353249053 -0.193745053072 2.7097
13al13hi-12hh-13li- -5.67139662379 1.30152048995 3.1150
13al4ei6eh13al -6.08228852005 0.309121320632 0.2811
13al6ah-4af-13la -5.29479107119 0.359734494609 0.5399
13al6ee-13ha12ee -6.43331537182 -0.191568142364 0.9445
13da12ai4ah-4ll- -6.73481750498 -0.238643836439 2.6278
13da12ha12fa-13ie- -6.7772672638 0.285991644353 3.2212
13da13da6he13dd -7.63197683079 -1.81010125427 0.6202
13da4ei12ad13lf- -6.72883100053 -0.611167681462 0.5031
13dd4ll4ee13ae- -7.0678848434 0.22694294138 3.4406
13dd6eh13el6ii- -7.36884274888 -0.743687120853 2.1494
13dd6ii6ee6if- -8.06028401272 -1.09226494808 2.6081
13de13dd13ha-4fi -7.14108346598 -0.210888224903 1.8680
13de13if-4de-4ef -7.27278656386 -1.07865925615 2.4248
13de13lf4dh-6af -6.38923292997 -0.633753130064 0.5875
13de4al-12il-12il -5.71058101654 -0.349122054904 0.0788
13df12da13aa13ff -7.08802126746 -0.0149662611222 3.2677
13df13aa12dd-13li -6.9416240223 -0.819062654141 0.4845
13df4ie-4fh13af- -7.04094557338 -0.0413613034649 3.2609
13dh12ha6hi6ei -6.81781222574 -0.385041081598 2.7444
13dh6ie-13al-4fd -7.04475516712 -0.14041074071 3.1647
13di13ae12il6hi- -6.84910531718 0.0250344731498 3.0029
13dl12da13hh13di- -7.02380240155 -0.0966004126976 3.0851
13dl13eh12hd4af -6.67495246049 -0.341502867424 2.7480
13dl13fl-12ia-12hh -6.07303664954 0.936343718571 3.1899
13dl4ae6id-13il -6.26215576735 -0.0838110622842 0.1510
13dl6ld13ah13ii -6.63114213248 -0.0117008950592 2.9379
13ea13af4ef-4ff- -6.6447478244 0.362999860672 2.8981
13ea13lh-4al4dl -6.42515195667 0.410619782425 2.9342
13ea4ll4hh-6hh -7.46517104774 -0.769537935518 3.0786
13ed12fd4ll4fi- -6.61590375751 0.362183519157 3.3098
13ed6ll-6ed12fe- -7.48612381331 -0.881104609338 2.7574
13ee12ld-12ea6ld- -6.16473901314 -0.727088176699 0.3656
13ee13de-4la6hi -6.92910678573 -0.410891896263 1.0982
13ee4ad-4ea-12he- -7.27605192992 -0.492798161677 3.1612
13ee4eh12de-12fh- -7.184893794 -0.479464583587 2.9398
13ef13le12ae4la- -6.79685946017 0.497151983095 3.4857
13ef4ed-6if-6di -7.26054144112 -0.873485421858 0.3223
13ef4fd13li-4id- -7.07659248624 -0.315652052758 1.9337
13ef4hf4af-4ll -7.10679712232 -0.0269392700199 3.2552
13ei13ei-12lh4ii -6.6115499361 -0.00435382141736 3.0153
13ei4dd6ie13ie -6.11385372533 -0.633481016226 0.3046
13el13id6eh4df- -6.11711909139 -0.585588980635 0.8891
13el4dh13fa4al -6.70978303183 0.48653954339 3.2869
13el4ha-6ff-6ii -7.15087956417 -0.180139361143 3.1914
13el6ll6fi-12id -6.22025023621 0.65579435099 3.0480
13fa12ih-12id-13ih- -6.41535585848 0.404905391814 2.9513
13fa13fa4lf13hi- -5.96391900027 0.472661737622 1.3008
13fa13id6fl12dh -7.36775429353 -0.87103639731 2.8888
13fa4la-6fe-4aa- -6.43766919324 -0.406538074846 1.3174
13fa6af-13di4ff- -7.08720492594 -0.153200091123 3.0693
13fd13hf-6fe-6hd- -7.49129397624 -0.733618908825 3.0810
13fd13il-6ld4ef- -6.29317674495 0.11156667382 2.7829
13fe13fd4eh-13il -6.61889700974 -0.767088910971 0.7632
13ff4fd-12fi13de- -7.05210224077 -0.539601741914 2.8717
13fi13ee4hl-12ii- -5.05914048697 -1.76356978787 -1.5189
13fi13he13ie-12el- -6.30651032304 -0.0201364240553 2.5469
13fi13hf6ae-4el- -7.0452993948 -0.691985491521 1.5832
13fi6el13ef4al- -6.80066905391 0.0658515489375 2.9717
13ha12fl13af13dd- -6.88339166084 0.065579435099 3.1060
13ha13fd6eh-12ad- -7.17754672035 -0.641100203706 3.0800
13hd12ff13dh-4if -7.01699955559 -0.377966121794 2.8545
13hd13da-12li-6ld -7.17319289894 -0.452253199728 2.9753
13hd6el-4df12ee -5.46758335869 -0.620963779651 0.4570
13he12eh6ll-4ei- -4.79328526667 0.479192469748 0.4547
13he12hl-4af-12da -6.78189319905 -0.256875463624 2.8841
13he12ii-4fl-12df- -5.98296696897 -0.91920054674 0.5119
13he4la4fh12fh -6.67794571271 -0.439191735476 1.6684
13he6ai12lh-6fe -6.55685505454 -0.179050905789 0.4007
13he6ff-13dl6ia- -7.18081208642 -0.483274177327 2.8975
13hf4de-6af6ha- -7.25292225364 -0.981514615776 2.4102
13hf6ff12de-4ia -7.35714185382 -0.7461361454 2.6873
13hf6fh6ef12fa- -6.79060084189 -0.0160547164765 2.9110
13hh12al-13ea12le -6.08419331692 0.858791274574 3.1050
13hh12el4de4hh- -6.66216311007 -0.23646692573 2.7502
13hi12ff-13le4lf -6.37127341663 0.416606286874 3.0936
13hi6aa-6ff-4al- -7.14734208427 -0.294971401026 3.1247
13hi6ef-12dh-12fe- -6.84339092657 -0.39619774898 2.8043
13hl12ia-13hl-13ae -6.07330876338 1.16029340773 3.3255
13hl6ff-6ld4ie -6.82189393332 -0.421504335968 0.5788
13hl6ii4ee12he- -5.90677509416 0.380959374019 0.7186
13ia12hd6hi4ie- -6.37018496127 0.565452556579 3.1194
13id12ef6fe-12hh- -6.82869677929 -0.413885148488 2.6443
13ie6if-4dd4il -7.48449113028 -1.09988413556 0.5852
13if13df-6he13ei -6.89237141752 -0.549669953942 2.7454
13if6af-13ei-4el- -6.06759437277 0.104763827855 0.4803
13ih12ih12eh-13lh -5.96936127704 0.475110762169 2.7548
13ih4ff-12fe4id- -6.34515048812 -0.113743584528 2.7706
13ih4fl6ee4hh- -6.87985418094 -0.283814733644 1.6417
13ii4hh13il12ii- -6.03793396436 0.847362493353 3.0267
13ii6de6lh-13ea- -6.78134897137 -0.674298092013 2.2221
13il13dd-13ad-13le- -6.49290830247 0.00707495980321 0.6048
13il4de12ea13lf -6.71304839789 -0.398918887365 2.7191
13la12ff-6ai4li- -7.00121695295 -1.23213146111 0.4788
13la4ed-6ea-4df -6.40719244332 -0.199187329844 1.2265
13ld6hi-4eh13ll- -5.4564266913 -0.342591322778 0.1438
13le12ae4ai4lf- -6.70025904748 0.154016432639 3.1349
13le6fe6dd6lf- -7.90762814928 -1.18287885633 3.1803
13lf6dd-6ah-6il -7.7843605804 -1.53798741568 2.8014
13lf6hi6hh-4hh- -6.88175897781 0.0168710579923 3.1918
13lf6lf6ea-13ah- -6.8844801162 -0.309937662148 2.9079
13lh12al-4ff-13fe- -6.08990770753 0.885186316917 3.1453
13lh12fe4ha6ld- -6.41726065535 -0.424497588192 2.6061
13lh13ia-6la6ll -6.19004560013 0.195649849943 3.0466
13lh4hh-12hi4df- -6.52120814169 0.0508852878154 2.7089
13lh6dl-13if-12ia -6.52828310149 0.17115960447 3.0060
13lh6ee12ll12fe- -6.28691812667 -0.0922465912803 2.5418
13li13dh-12lh13di -6.46950651236 0.132519439391 2.8237
13li4fl-6if-12ll- -6.5114120435 -0.316740508113 2.4894
13li6dl-12da-4ae -7.62925569241 -0.688992239297 3.1219
13ll12fd13li-12di- -6.67277554978 -1.13172145467 0.5134
13ll12fi-13ae-13ld -6.27630568696 0.068844801162 0.4983
13ll6de4lf-6li- -7.11877013122 -0.395109293625 2.2378
4aa12dl13il-12id- -6.891555076 -0.460144501047 2.9540
4aa12fa6ii6ei- -7.27986152366 -0.345040347326 2.6599
4aa12ha4dh-4ee -7.27904518215 -0.54422767717 3.1558
4aa12if6ad-13he- -6.93944711159 -0.25197741453 1.7673
4aa4aa-12al-4il -6.96312101555 -0.0574160199414 3.1874
4ae6hf13fe-12ei- -5.7998343556 -0.292794490317 0.0988
4af12ea-12ah-6fl -6.84393515425 -0.0361911405318 2.9993
4af13al-6if-6hl- -6.675768802 0.27891668455 3.1804
4ah12ee4ii-13hd- -6.96829117848 -0.167077896891 2.6994
4ah12ha6ih-12ah -6.59522310578 -0.0152383749608 2.8486
4ai12ll6hi-6al- -6.84910531718 -0.106396510887 2.8759
4ai13ah13eh-13id -6.40828089867 0.448987833665 3.0627
4ai13eh-4il-12ff -5.3922078254 0.0340142298231 0.3197
4ai6fi-13ei13ie- -6.65100644269 -0.0838110622842 1.2375
4da4dd4de-4fd- -8.67526128793 -1.75976019413 3.0550
4da4eh-4ia-4dd- -8.07742718455 -1.1276397471 3.4126
4da4ih-12di-13ad- -7.81701424103 -0.88845168298 3.1886
4dd13da-6ha12ea -7.71986960065 -1.36002496525 2.7856
4de4df-13ee-4fi- -7.16421314226 -0.940153312311 2.8395
4df13le-4he6ia- -6.03004266304 -0.05768813378 0.3826
4dh4ai12fa6le -7.13727387224 -0.185309524076 3.1351
4di6ae-13hh13li -6.70352441354 -0.110206104627 1.3368
4dl12aa6li-6de -5.81480061672 -0.675114433529 0.3176
4ea13dd-6aa-13fh- -7.58952707197 -0.248167820789 3.5010
4ea13ff12ih-12lh- -6.36664748137 0.595929306501 3.1977
4ea13li6fl13lf- -5.44091620251 -0.406265961007 0.4161
4ea4ed-13ai-13de -7.43850389156 -1.01797787015 2.8902
4ea4ih-12ee-12al -6.98407378112 -0.16735001073 3.0793
4ea6di-13he-6ef -7.45483072187 -0.496879869256 2.9733
4ed12ee-6ih-6il -7.21918013766 -0.977160794358 0.9912
4ed13dl-13li-4ll -4.69314737407 -1.08899958202 0.1516
4ed13ie-13ai-13ai -6.60855668387 -0.560554507485 2.8594
4ee13ih13ad12fh- -6.60365863478 -0.111838787658 3.0811
4ee4af6li-12le- -6.17562356668 -0.278644570711 0.2344
4ef13li4la-12ih -4.84226575762 0.427762954255 0.4100
4eh4fi-13he13ii -6.49862269308 0.706951752644 3.3316
4eh4la-13da13hd- -7.36013510604 -0.177962450435 3.4316
4eh6ei-4ee4ea -5.91385005397 -0.256875463624 0.2524
4eh6lf-6al6df -6.33290536539 -0.998657787607 1.2981
4ei12ef-13la-13ee- -6.66706115917 -0.0204085378939 3.0793
4ei12fh13ee12hi -6.34297357741 0.421232222129 3.0067
4ei4ad-6af-6ff- -7.81211619193 -1.0119913657 3.0753
4ei4ih12hh-12ie- -6.44882586062 0.338237501361 3.0435
4ei6if6ee-4fe- -5.27928058239 -0.415245717681 -0.3972
4el12lh6ff-4ld -6.78189319905 0.089797566733 3.0471
4el13af-4ae6dd- -7.36802640736 -1.22913820889 0.6639
4fa13ee-13de-12hh- -6.80393441998 0.124356024233 1.9629
4fd12ei6ff6ii- -7.29428355711 -0.827770296975 2.5117
4fd12id-13lh-4lf- -5.25615090611 -0.727360290537 0.2537
4fd4ih12ei-13il- -6.66951018372 -0.270481155553 2.9239
4fd6ee-6hl4il -6.24936641694 -0.893893959751 0.7080
4fd6hl12il6lh- -6.14324201989 -0.301774246991 0.3781
4fe12ll13if-6aa -6.78107685754 0.0391843927562 2.9272
4fe4ia13ef-4hd- -7.28584802811 -0.220956436931 3.2640
4fi13da6ea-4eh -7.48122576421 -0.275923432325 3.2827
4fi6aa-12df6li -7.48204210573 -0.618242641265 3.1295
4fi6al-4ll13dl -6.87550035952 -0.094423501989 2.9762
4fl12ia-6ld-4eh- -5.31139001534 -0.712938257092 -0.8418
4fl13el-12ha-13fa- -6.07956738166 0.851716314771 3.1288
4fl13hh-6fa-4df- -6.81128149362 -0.172520173663 3.0670
4fl6hi-6dh-6ia -7.32938624228 -0.484090518843 3.0386
4ha12hl6hl12df -6.80774401372 -0.38259205705 2.7555
4ha6ld6ia12fl- -7.39687047425 -0.348305713389 3.2823
4hd13ai-12li-6lf -6.35657926934 0.351026851775 2.8853
4he12al12de-4ah- -7.16557371146 -0.371435389668 2.9784
4he12ff6he4fi- -4.97641788004 -0.248712048467 -0.4593
4he13li-13ii-12li- -5.85806671706 0.658515489375 0.6197
4he4da13li12el- -6.2180733255 -0.465042550142 0.6905
4he4ih-4ad-6hl- -6.55576659919 -0.131975211714 0.3267
4hf4ei4ha-6ie -7.22625509746 0.0995936649221 3.5856
4hh12fh13dd-6if -7.14870265346 -0.141771309903 3.0285
4hh12il-13ai13hl -5.90949623255 0.855253794672 3.0724
4hh6ee-4he6ld -4.70484826913 0.0881648837015 0.3084
4hh6hl12fa6ia -6.50406496986 -0.00489804909453 2.7836
4hi12ah-4hi-6di -6.63821709228 -0.107212852402 0.6261
4hi13hf-6da12li -6.5911413982 0.0247623593112 2.3585
4hl6id12fi-6da- -6.71359262557 -0.465858891657 2.3513
4ia13di-4ha13dl -7.18026785874 -0.253610097561 2.9202
4ia13ee-6fd-12hh -7.13047102628 -0.126805048781 2.8708
4ia13hf-12ha6la -6.34242934974 0.318917418822 2.9972
4ia13li-4di-12if- -5.62323247436 -0.154288546478 0.1845
4ia6ad-13af-6ah- -7.53646487345 -0.509397105831 3.2590
4id13fl-13de-13ae -7.00176118063 -0.245446682404 3.1354
4ie12df-4ii-4dh- -7.47224600754 -0.62885508097 3.0528
4ie12ef-6ih4la -6.71631376395 -0.264222537266 2.7081
4ie13fh6ae-13hl -6.37263398582 0.254698552915 0.9944
4ie6fd-6hd-13fh- -7.22815989433 -0.476199217524 0.3415
4if12fh13fa12fl -5.8534407818 1.12110901497 3.1859
4ih12ef-6ee12if -6.51576586492 -0.59620142034 0.8917
4ih12hd-12lh-4if -6.73889921256 -0.724094924474 2.1574
4ih4fa4al-6eh- -6.29181617576 -0.271025383231 0.1144
4ih4ih12ef-6ie -6.99006028557 -0.170887490631 2.9331
4ii4de6dh-13ea- -7.17319289894 -1.06886315796 0.4515
4ii4fl12da-6ei- -5.98187851361 -0.393748724432 0.3059
4ii4ha-12hf-13ff- -6.43113846112 0.699604679002 3.3306
4ii4il12ha12eh -5.68636288491 -0.402728481106 0.4474
4il12ih-12ah13la- -5.5029581577 -0.0878927698629 0.4953
4la13af-4ed13fi -6.68229953413 -0.447899378311 2.3427
4la6ie-6ld-12af- -7.67959675254 -0.507492308961 3.4114
4ld12ee12da6al- -7.53211105203 -0.958112825657 2.8072
4ld13fd-12fl13eh -6.71304839789 0.0470756940752 2.9394
4ld13if13al-13al- -6.29943536324 0.215786273998 3.0555
4le13fl-13dd13fd- -7.26026932728 -0.0429939864964 3.3362
4le13ie12ha6lh -6.29290463111 0.134424236261 2.7440
4le6le-13di-13al- -5.16363220099 -0.452253199728 0.7604
4lh12ee-6hd-13ai -7.04421093945 -0.305039613054 2.9128
4li12ll12fl13ia -6.14623527212 0.636202154612 2.9609
4li4dd-13hi-12ed- -7.44068080227 -1.19321918219 2.6897
4li6dd-4hi-6le- -4.79791120193 -0.195105622265 0.2742
6aa12le-4ef12af- -6.13208535251 -0.677835571915 0.2983
6aa4dd13aa12hf -7.14434883205 -1.02668551298 2.7376
6aa6fh-13ah12fe- -6.51658220643 -0.0397286204334 2.9121
6ad12af6fa4ha -7.51170251414 -0.795116636345 2.9577
6ad12fl-13ai-6hl -6.8618946676 -0.0887091113787 2.9940
6af13hi-12ah12fd -6.70570132425 0.203541151262 3.0619
6af4dd13la-12ha- -6.35957252157 -0.947228272114 0.4324
6ah6ed12ha13fh- -6.7998527124 -0.345856688841 2.3853
6ai4ad6hd-6fh -7.12448452183 -0.954847459594 0.4779
6ai6dh-13di6fi- -7.68694382619 -0.823688589397 2.9118
6al12ie-12hf4aa -6.5734539987 0.0326536606302 2.8147
6al13ff-6af-12hl -6.71005514567 0.128709845651 3.0600
6dd6di-13af12fh- -7.184893794 -1.21825365534 2.9849
6df12de13hf6af- -7.45945665713 -0.925731278866 2.8292
6df13dh6ha4fi -7.21482631624 -0.445994581441 3.0355
6df6hd6fl4fh- -7.28775282498 -0.968181037685 2.6650
6dh12fi-12ea6fe- -7.27822884063 -0.782871513609 2.7164
6dh13ia-13fl13ae -6.61073359458 0.338781729038 2.9625
6dh4ia13lh-13fe- -5.15574089967 0.0914302497645 0.2089
6dh4ii-6ll6ad -4.2264721409 -0.404633277976 0.1237
6dh6af12di6dd- -8.36015346284 -1.48819058322 2.9849
6dh6al-12ef12dh -7.39714258809 -1.10451007082 2.7608
6di13dd-12il-4he -7.40095218183 -0.668855815242 1.9304
6di13fh-12eh6aa- -7.0142784172 -0.29225026264 2.9017
6di6hi6dl-6hd -8.08912807961 -1.17253853046 3.1481
6dl12ae13ea-6hh- -6.91250784157 -0.319733760337 2.6756
6dl4da-4ah-13fl -5.67983215278 -0.0533343123626 -0.4090
6dl6aa-13ai6ii -7.27441924689 -0.238643836439 3.3441
6ea13ae13de4fl- -6.97917573203 -0.043266100335 2.0473
6ea13eh13aa-4ea- -6.77672303612 0.176329767403 3.2280
6ed12id12ai-6fh- -7.43768755004 -1.05280844149 1.9616
6ed13ie-13dd-6ie- -7.08666069827 -1.06532567806 0.7016
6ee4fe-12dd13dh- -5.95385078824 -1.01607307328 0.4014
6ee4ih13fa-4ld- -6.31793910426 -0.329257744688 0.5282
6ef13al4fi-6fe- -6.98053630122 -0.140954968387 3.0636
6ef6dl13hl13de- -7.19033607077 -0.732530453471 2.7772
6ef6ef-12ai-12ea- -7.35088323553 -0.693890288392 2.7335
6ef6eh-4fd13id- -7.31768534723 -0.934711035539 2.4663
6eh12hh-13eh-6el -6.51549375108 -0.00843552899613 2.6708
6eh6dh-4ia-6ae -5.60010279808 -0.426674498901 0.9916
6eh6ei4fd-13le- -5.54622425804 -0.478104014394 0.4089
6ei4fe-12hh-6hl- -5.38839823166 -0.373340186538 0.8542
6el12ih-4aa-12hi- -6.31494585204 0.301502133152 2.9695
6el13ah-6hd12il- -6.74053189559 -0.0337421159845 2.0766
6el6fi4dh12if -6.22269926076 -0.359734494609 0.8578
6fa4ef6fl-4fe- -6.63440749854 -0.467763688527 2.4713
6fa6he-13ih-6ea- -5.76854126416 -0.154016432639 0.6204
6fd12di13hi12ie -6.76992019015 -0.798654116247 0.7185
6fd13df4ai-4di- -6.41209049241 -0.638651179159 -0.2224
6fd4fe-6ii13lh -4.9965543041 -0.0323815467916 0.4652
6fe13de-12ad-4fh- -7.01890435246 -1.10505429849 0.6582
6fh13ah6de-13dh -7.00176118063 -1.11403405517 0.7500
6fh13dl-6fe12ae -7.26489526254 -0.459056045693 2.7578
6fh4ei4id-12le -5.77752102083 -0.142859765257 0.5570
6fi4da4al-12ei -5.85371289564 -0.632392560871 0.1550
6fi6al-12ll-4ff- -5.88282907637 -0.0389122789176 0.8175
6fl12ii4el-12il -5.35356766032 -0.296604084058 0.3933
6fl13di12lh13ld- -7.0488368747 -0.247351479274 1.8643
6fl4hl12ha12dh -5.55683669774 -1.6340436007 -0.7561
6ha12if-12id-13ei- -6.87822149791 -0.173608629017 2.8572
6ha13eh-6fd-13fe13li -6.21018202418 -0.112927243013 0.5047
6he13da-12hh12fl -6.28691812667 -0.495247186225 0.7020
6he13de13ll12de- -6.59576733346 -1.08410153292 0.5600
6he4fh-13ii-6ha- -4.59736330289 -0.0987773234063 -0.6522
6he6al-12he-6hf -6.74515783084 -0.235378470376 2.7552
6hf12al-12ad-4eh -6.49753423773 -0.515927837957 0.6123
6hf12ei13ea-13ef- -6.70706189344 -0.210071883388 2.7947
6hf4dl-12li4fi -5.76826915032 -0.398374659688 0.2117
6hh13fl-12aa6ai -6.35848406621 0.328713517011 2.9176
6hi12ed-13fe-4ia- -7.08992606433 -0.300413677798 1.5881
6hi12ei-12fe13hd -6.68556490019 -0.0560554507485 2.6416
6hi13ed6ha12dl -7.18897550157 -0.944507133728 0.7517
6hi13hl-12al6ii -6.48501700116 0.328441403172 2.9091
6hi6ae-12eh12la- -6.30079593243 -0.715115167801 0.4732
6hi6ai-12fa6fa -7.22815989433 -0.247351479274 3.1257
6hi6hd-4hf-4hi -5.95221810521 -0.247079365435 0.6783
6hl12aa4le4ai- -6.80529498917 -0.106668624725 1.7597
6ia12ha4fd-6fi -7.10625289464 -0.409259213232 0.4458
6id13el-13ah-4dd -6.50270440066 -0.781510944416 0.2853
6id6df-4if-4fd -7.92694823182 -1.06695836109 3.1353
6if12ff-12de12dl -7.54190715022 -1.04382868481 2.7242
6if13aa-12ia-13il- -6.72964734204 0.493342389354 3.3612
6if13di-12ii-6fi -7.10053850403 -0.176601881242 3.0235
6if4ai-6aa-4eh- -7.49619202534 -0.270209041715 3.1618
6ih6dl12dh-6hh -6.85264279708 -0.962466647075 2.5554
6ii6hf6fe6ha- -7.3182295749 -0.587765891343 2.9510
6il13ad4de12di -6.4218865906 -0.794572408668 -0.2239
6il13ie-6id4he -6.37807626259 -0.173608629017 0.7016
6la12fh12fi-4de- -6.72202815456 -0.707495980321 2.3277
6la12ha13ff13ef- -6.64828530431 0.318645304983 3.0987
6ld12ae12ee-13fh -6.88012629478 -0.64218865906 2.6009
6ld12fd13dh-6df -7.93239050859 -1.33417415058 2.8102
6ld13ia6ad-13he -6.65291123956 -0.512118244217 0.5345
6le6fd-12ha-6ff- -7.52612454758 -0.661780855439 2.7887
6lf12ee-12hd-4ed -7.25809241658 -1.45444846724 0.6109
6lf4ae-13aa4fi -7.03251004439 -0.109933990788 3.1935
6lf4ia12el4ii -7.04693207783 -0.461232956401 2.9633
6lh13dd-6fa6hd -7.96722107993 -1.08410153292 2.7308
6li12ai-13fi12ed- -6.88910605145 -0.211976680258 2.9389
6ll12eh13ai4fh- -6.20501186125 0.0380959374019 2.7406
6ll13al-12if13de -6.72366083759 -0.0239460177955 2.9505
6ll13id6ei13ea- -6.97291711374 -0.32490392327 1.1358
