12ag -5.83548126845 0.420687994452 5.1582
12ag12ag -5.54078198127 -0.858247046897 4.4062
12ag12ag- -5.70214548755 -0.904234285618 4.5649
12ag12ag-12ag -5.38050693034 -1.29335707479 3.8314
12ag12ag-12ag- -5.28798822522 -1.25961495881 3.7655
12ag12ag-12ag-12ag -5.17370041301 -1.4612513132 3.3923
12ag12ag-12ag-12ag- -5.19165992636 -1.476761802 3.3950
12ag12ag-12ag12ag -5.23111643296 -1.51866733314 3.3994
12ag12ag-12ag12ag- -5.22540204235 -1.51921156082 3.3906
12ag12ag12ag -5.28798822522 -1.25961495881 3.7655
12ag12ag12ag- -5.28798822522 -1.25961495881 3.7655
12ag12ag12ag-12ag- -5.12934585733 -1.44955041814 3.3672
12ag12ag12ag12ag -5.17397252685 -1.4612513132 3.3925
12ag12ag12ag12ag- -5.17397252685 -1.4612513132 3.3925
12dg -6.50705822208 -0.893349732074 4.9550
12dg12dg -6.61427107448 -1.97282532974 4.1594
12dg12dg- -6.61427107448 -1.97336955742 4.1589
12dg12dg-12dg -6.11875177442 -2.5268491051 3.2652
12dg12dg-12dg- -6.66243522391 -2.40494210541 3.8196
12dg12dg-12dg-12dg -6.73536173265 -2.63351772982 3.6240
12dg12dg-12dg-12dg- -6.73862709872 -2.63950423427 3.6186
12dg12dg-12dg12dg -6.74053189559 -2.63378984366 3.6283
12dg12dg-12dg12dg- -6.86652060285 -2.67161366723 3.7008
12dg12dg12dg -6.66243522391 -2.40494210541 3.8195
12dg12dg12dg- -6.69427254303 -2.39841137329 3.8321
12dg12dg12dg-12dg -6.73862709872 -2.63923212044 3.6187
12dg12dg12dg-12dg- -6.73862709872 -2.63950423427 3.6186
12dg12dg12dg12dg -6.73862709872 -2.63950423427 3.6185
12dg12dg12dg12dg- -6.68828603858 -2.69746448189 3.5501
12eg -6.02133502021 -0.26150139888 5.1050
12eg12eg -5.72881264373 -1.12655129174 4.1194
12eg12eg- -5.65915150105 -1.08518998828 4.1120
12eg12eg-12eg -5.49751588093 -1.41716887135 3.6509
12eg12eg-12eg- -5.54568003036 -1.43730529541 3.6667
12eg12eg-12eg-12eg -5.50595140993 -1.5768996946 3.4370
12eg12eg-12eg-12eg- -5.45669880514 -1.62533595787 3.3828
12eg12eg-12eg12eg -5.45697091898 -1.62533595787 3.3828
12eg12eg-12eg12eg- -5.47275352162 -1.57907660531 3.4231
12eg12eg12eg -5.54540791652 -1.43730529541 3.6667
12eg12eg12eg- -5.55085019329 -1.42342748964 3.6656
12eg12eg12eg-12eg -5.50595140993 -1.5768996946 3.4370
12eg12eg12eg-12eg- -5.50595140993 -1.5768996946 3.4370
12eg12eg12eg12eg -5.45669880514 -1.62533595787 3.3828
12eg12eg12eg12eg- -5.45669880514 -1.62560807171 3.3826
12fg -5.97725257836 0.0244902454726 5.3988
12fg12fg -5.42622205522 -0.646542480478 4.4036
12fg12fg- -5.42622205522 -0.646270366639 4.4037
12fg12fg-12fg -5.17723789292 -0.991038600126 3.7923
12fg12fg-12fg- -5.16825813624 -1.01035868267 3.7669
12fg12fg-12fg-12fg -5.06403853607 -1.1643751153 3.4798
12fg12fg-12fg-12fg- -5.00825519916 -1.20410373574 3.4111
12fg12fg-12fg12fg -4.98430918136 -1.21852576918 3.3807
12fg12fg-12fg12fg- -5.06539910526 -1.16247031843 3.4831
12fg12fg12fg -5.16825813624 -1.01035868267 3.7668
12fg12fg12fg- -5.16825813624 -1.01035868267 3.7668
12fg12fg12fg-12fg -5.06403853607 -1.1643751153 3.4799
12fg12fg12fg-12fg- -5.06403853607 -1.1643751153 3.4798
12fg12fg12fg12fg -5.06403853607 -1.1643751153 3.4798
12fg12fg12fg12fg- -5.06403853607 -1.1643751153 3.4799
12ga -5.80554874621 0.411708237779 5.0572
12ga12ga -5.70622719513 -0.927091848059 4.5466
12ga12ga- -5.71738386251 -0.893621845913 4.5873
12ga12ga-12ga -5.36717335225 -1.27757447216 3.8316
12ga12ga-12ga- -5.31247847069 -1.25226788517 3.8015
12ga12ga-12ga-12ga -5.19819065849 -1.48737424171 3.3999
12ga12ga-12ga-12ga- -5.20907521203 -1.50016359212 3.3991
12ga12ga-12ga12ga -5.22893952225 -1.52193269921 3.3968
12ga12ga-12ga12ga- -5.22023187941 -1.51268082869 3.3955
12ga12ga12ga -5.36880603528 -1.3004320346 3.8160
12ga12ga12ga- -5.36880603528 -1.3004320346 3.8160
12ga12ga12ga-12ga -5.199007 -1.48492521716 3.4025
12ga12ga12ga-12ga- -5.199007 -1.48492521716 3.4026
12ga12ga12ga12ga -5.18757821878 -1.48628578635 3.3919
12ga12ga12ga12ga- -5.18757821878 -1.48628578635 3.3918
12gd -6.46651326013 -0.979065591229 4.8325
12gd12gd -6.54352147645 -1.89500077191 4.1902
12gd12gd- -6.59195773972 -1.90588532545 4.2203
12gd12gd-12gd -6.50460919753 -2.30643689585 3.7437
12gd12gd-12gd- -6.50079960379 -2.3350088489 3.7328
12gd12gd-12gd-12gd -6.45698927578 -2.5733805715 3.4266
12gd12gd-12gd-12gd- -6.42215870444 -2.59732658929 3.3899
12gd12gd-12gd12gd -6.42215870444 -2.59759870313 3.3897
12gd12gd-12gd12gd- -5.94051721015 -2.74372383445 2.8534
12gd12gd12gd- -6.51440529572 -2.29718502533 3.7590
12gd12gd12gd-12gd -6.47494878913 -2.53855000016 3.4618
12gd12gd12gd-12gd- -6.45590082043 -2.53773365864 3.4474
12gd12gd12gd12gd -6.42215870444 -2.59759870313 3.3897
12gd12gd12gd12gd- -6.42215870444 -2.59732658929 3.3898
12ge -5.98732079038 -0.35374799016 4.9721
12ge12ge -5.72010500089 -1.0811082807 4.2134
12ge12ge- -5.71983288705 -1.08138039454 4.2132
12ge12ge-12ge -5.54976173794 -1.35703171302 3.7574
12ge12ge-12ge-12ge -5.4387392918 -1.54996042458 3.4420
12ge12ge-12ge-12ge- -5.39384050843 -1.58152562986 3.3880
12ge12ge-12ge12ge -5.38540497943 -1.58669579279 3.3781
12ge12ge-12ge12ge- -5.41234424945 -1.537443188 3.4344
12ge12ge12ge -5.52908108621 -1.39159017052 3.7246
12ge12ge12ge- -5.56472799906 -1.3766239094 3.7529
12ge12ge12ge-12ge -5.44254888554 -1.52220481304 3.4600
12ge12ge12ge-12ge- -5.44554213776 -1.52220481304 3.4624
12ge12ge12ge12ge -5.38567709327 -1.58669579279 3.3782
12ge12ge12ge12ge- -5.38540497943 -1.58669579279 3.3780
12gf -5.73207800979 0.555112230713 5.2808
12gf12gf -5.3230909104 -0.742870779337 4.3133
12gf12gf- -5.32526782111 -0.633208902387 4.3776
12gf12gf-12gf -5.05696357626 -0.998113559929 3.7559
12gf12gf-12gf- -5.04362999817 -1.13308202387 3.6424
12gf12gf-12gf-12gf -4.89342315927 -1.34723561483 3.2327
12gf12gf-12gf-12gf- -4.89342315927 -1.34723561483 3.2327
12gf12gf-12gf12gf -4.91519226636 -1.34614715948 3.2474
12gf12gf-12gf12gf- -4.92852584445 -1.23049877808 3.3513
12gf12gf12gf -5.04362999817 -1.13308202387 3.6424
12gf12gf12gf- -5.04362999817 -1.13308202387 3.6424
12gf12gf12gf-12gf -4.91519226636 -1.34614715948 3.2473
12gf12gf12gf-12gf- -4.91492015252 -1.34587504564 3.2473
12gf12gf12gf12gf -4.91709706323 -1.34641927332 3.2517
12gf12gf12gf12gf- -4.91709706323 -1.34669138716 3.2516
12gg -5.91657119235 -0.194017166911 4.7105
12gg12gg -5.74541158788 -0.772259073904 4.4928
12gg12gg- -5.74541158788 -0.772259073904 4.4928
12gg12gg-12gg -5.67901581127 -1.17036161975 4.0011
12gg12gg-12gg- -5.75194232001 -1.20600853261 4.0226
12gg12gg-12gg-12gg -5.61180369314 -1.38179407233 3.7399
12gg12gg-12gg-12gg- -5.54676848571 -1.37744025092 3.6870
12gg12gg-12gg12gg- -5.56037417764 -1.37499122637 3.6757
12gg12gg12gg -5.60527296101 -1.14804828499 3.9634
12gg12gg12gg- -5.65969572873 -1.26750626013 3.9156
12gg12gg12gg12gg -5.54676848571 -1.37744025092 3.6870
12gg12gg12gg12gg- -5.54676848571 -1.37716813708 3.6872
12gh -5.53016954156 0.367897909767 5.2482
12gh12gh -4.94757381315 -0.386401650791 4.1921
12gh12gh- -4.94784592699 -0.386401650791 4.1921
12gh12gh-12gh -4.66974558396 -0.629671422485 3.6818
12gh12gh-12gh- -4.66974558396 -0.629671422485 3.6819
12gh12gh-12gh-12gh -4.46429963582 -0.84219233042 3.2476
12gh12gh-12gh-12gh- -4.46457174966 -0.84219233042 3.2478
12gh12gh-12gh12gh -4.46457174966 -0.84219233042 3.2477
12gh12gh-12gh12gh- -4.46457174966 -0.84219233042 3.2477
12gh12gh12gh -4.66947347012 -0.629943536324 3.6815
12gh12gh12gh- -4.67001769779 -0.629943536324 3.6819
12gh12gh12gh-12gh -4.46429963582 -0.84219233042 3.2477
12gh12gh12gh-12gh- -4.46457174966 -0.84219233042 3.2478
12gh12gh12gh12gh -4.46457174966 -0.84219233042 3.2478
12gh12gh12gh12gh- -4.46457174966 -0.84219233042 3.2478
12gi -6.22405982995 0.315107825081 5.7906
12gi12gi -5.70187337371 -0.453069541244 4.8291
12gi12gi- -5.70187337371 -0.452797427405 4.8293
12gi12gi-12gi -5.44309311321 -0.771442732388 4.2210
12gi12gi-12gi- -5.44309311321 -0.77117061855 4.2210
12gi12gi-12gi-12gi -5.39329628075 -0.881104609338 4.0012
12gi12gi-12gi-12gi- -5.39329628075 -0.880832495499 4.0015
12gi12gi-12gi12gi -5.4028202651 -0.877022901759 4.0123
12gi12gi-12gi12gi- -5.4028202651 -0.877022901759 4.0123
12gi12gi12gi -5.44309311321 -0.77117061855 4.2210
12gi12gi12gi- -5.44309311321 -0.77117061855 4.2211
12gi12gi12gi-12gi -5.4028202651 -0.877022901759 4.0123
12gi12gi12gi-12gi- -5.39329628075 -0.880832495499 4.0015
12gi12gi12gi12gi -5.39356839459 -0.880832495499 4.0017
12gi12gi12gi12gi- -5.39302416691 -0.881104609338 4.0008
12gl -6.26868649948 0.20952765571 5.7283
12gl12gl -5.35438400184 -0.565180442741 4.4461
12gl12gl- -5.26975659804 -0.507220195122 4.4527
12gl12gl-12gl -5.0452626812 -0.948316727468 3.7857
12gl12gl-12gl- -4.98730243358 -0.910765017744 3.7624
12gl12gl-12gl-12gl -4.83464657014 -1.09716299717 3.3871
12gl12gl-12gl-12gl- -4.8343744563 -1.09716299717 3.3869
12gl12gl-12gl12gl -4.85995315713 -1.14886462651 3.3711
12gl12gl-12gl12gl- -4.85995315713 -1.14913674034 3.3710
12gl12gl12gl -4.98730243358 -0.910765017744 3.7625
12gl12gl12gl- -4.98730243358 -0.910492903905 3.7624
12gl12gl12gl-12gl -4.83464657014 -1.09716299717 3.3871
12gl12gl12gl-12gl- -4.83464657014 -1.09716299717 3.3870
12gl12gl12gl12gl -4.83464657014 -1.09716299717 3.3871
12gl12gl12gl12gl- -4.83464657014 -1.09716299717 3.3870
12hg -5.52799263085 0.236739039569 5.1342
12hg12hg -5.15900626573 -0.371979617346 4.3620
12hg12hg- -5.15900626573 -0.371979617346 4.3621
12hg12hg-12hg -4.97369674166 -0.698516223647 3.8433
12hg12hg-12hg- -4.97369674166 -0.698516223647 3.8433
12hg12hg-12hg-12hg -4.79437372203 -0.967364696169 3.4307
12hg12hg-12hg-12hg- -4.79437372203 -0.967364696169 3.4308
12hg12hg-12hg12hg -4.79437372203 -0.967364696169 3.4308
12hg12hg-12hg12hg- -4.79437372203 -0.967364696169 3.4307
12hg12hg12hg -4.97369674166 -0.698516223647 3.8433
12hg12hg12hg- -4.97369674166 -0.698516223647 3.8432
12hg12hg12hg-12hg -4.8879808825 -0.884097861562 3.5565
12hg12hg12hg-12hg- -4.79437372203 -0.967364696169 3.4308
12hg12hg12hg12hg -4.79437372203 -0.967364696169 3.4307
12hg12hg12hg12hg- -4.79437372203 -0.967364696169 3.4308
12ig -5.75085386465 0.531438326756 5.1711
12ig12ig -5.4564266913 -0.352659534806 4.6574
12ig12ig- -5.4564266913 -0.352387420967 4.6575
12ig12ig-12ig -5.35656091254 -0.701509475872 4.1777
12ig12ig-12ig- -5.35656091254 -0.701509475872 4.1777
12ig12ig-12ig-12ig -5.25315765388 -0.987501120225 3.8054
12ig12ig-12ig-12ig- -5.23955196195 -0.999202015284 3.7848
12ig12ig-12ig12ig -5.37696945044 -0.834028915263 4.0133
12ig12ig-12ig12ig- -5.38567709327 -0.829130866168 4.0235
12ig12ig12ig -5.35656091254 -0.701509475872 4.1778
12ig12ig12ig- -5.35656091254 -0.70178158971 4.1776
12ig12ig12ig-12ig -5.38703766247 -0.827498183137 4.0259
12ig12ig12ig-12ig- -5.38703766247 -0.827498183137 4.0260
12ig12ig12ig12ig -5.35438400184 -0.857158591542 3.9781
12lg -5.74894906778 0.605181177013 5.2880
13ag -5.2659470043 0.866954689732 4.9129
13ag13ag -5.38458863792 0.0884369975401 5.0311
13ag13ag- -5.17016293311 0.181499930336 4.7808
13ag13ag-13ag -5.11029788862 -0.113743584528 4.4451
13ag13ag-13ag- -4.99301682419 -0.343679778133 4.1871
13ag13ag-13ag-13ag -4.91002210343 -0.59620142034 3.8607
13ag13ag-13ag-13ag- -4.90974998959 -0.59620142034 3.8604
13ag13ag13ag -4.99301682419 -0.343679778133 4.1870
13ag13ag13ag- -5.01342536209 -0.38068726018 4.2015
13ag13ag13ag-13ag -4.90974998959 -0.596473534178 3.8604
13ag13ag13ag-13ag- -5.00934365451 -0.440824418508 4.0809
13ag13ag13ag13ag -4.91219901413 -0.611711909139 3.8535
13ag13ag13ag13ag- -4.90974998959 -0.59620142034 3.8604
13dg -5.97888526139 -0.20762285884 5.0504
13dg13dg -6.15575925647 -1.06641413341 4.5340
13dg13dg- -6.15575925647 -1.06641413341 4.5342
13dg13dg-13dg -6.01888599566 -1.81826466942 3.7737
13dg13dg-13dg- -6.23902609107 -1.5197557885 4.2123
13dg13dg-13dg-13dg -6.191950397 -2.15650217079 3.5737
13dg13dg-13dg-13dg- -6.45807773114 -1.84193857338 4.0970
13dg13dg-13dg13dg -6.3350822761 -1.82452328771 4.0057
13dg13dg-13dg13dg- -6.14242567838 -1.95595427175 3.7276
13dg13dg13dg -6.23875397724 -1.52030001617 4.2119
13dg13dg13dg- -6.03358014294 -1.85608849299 3.7323
13dg13dg13dg-13dg -6.606651887 -1.61635620119 4.3928
13dg13dg13dg-13dg- -6.34188512206 -1.69880669429 4.1315
13dg13dg13dg13dg- -6.33481016226 -1.82479540155 4.0054
13eg -5.50023701932 0.380959374019 5.0501
13eg13eg -5.40254815126 -0.345584575003 4.4619
13eg13eg- -5.4028202651 -0.345312461164 4.4626
13eg13eg-13eg -5.42458937219 -0.591847598922 4.2519
13eg13eg-13eg- -5.36037050628 -0.670760612112 4.1546
13eg13eg-13eg-13eg -5.38812611782 -0.78640899351 4.0470
13eg13eg-13eg-13eg- -5.31519960908 -0.924098595834 3.8704
13eg13eg-13eg13eg -5.31519960908 -0.924098595834 3.8703
13eg13eg13eg -5.36037050628 -0.67103272595 4.1545
13eg13eg13eg- -5.42458937219 -0.591847598922 4.2520
13eg13eg13eg-13eg -5.43003164896 -0.743142893175 4.1029
13eg13eg13eg-13eg- -5.41043945258 -0.822055906365 4.0373
13eg13eg13eg13eg -5.31519960908 -0.924370709673 3.8701
13eg13eg13eg13eg- -5.31519960908 -0.924098595834 3.8704
13fg -5.39547319146 0.653073212604 5.3655
13fg13fg -4.96117950508 0.159186595572 4.6752
13fg13fg- -4.96117950508 0.158914481734 4.6752
13fg13fg-13fg -4.73260388067 -0.226670827541 4.0824
13fg13fg-13fg- -4.73260388067 -0.22694294138 4.0823
13fg13fg-13fg-13fg -4.75137973553 -0.26721578949 4.0041
13fg13fg-13fg-13fg- -4.6221256622 -0.454157996598 3.7412
13fg13fg-13fg13fg -4.61777184079 -0.454702224275 3.7380
13fg13fg-13fg13fg- -4.75137973553 -0.26721578949 4.0041
13fg13fg13fg -4.72743371774 -0.242725544018 4.0636
13fg13fg13fg- -4.80634673093 -0.131158870198 4.2176
13fg13fg13fg-13fg -4.75137973553 -0.26721578949 4.0041
13fg13fg13fg-13fg- -4.67464363305 -0.392660269078 3.8355
13fg13fg13fg13fg -4.62158143453 -0.445178239925 3.7488
13fg13fg13fg13fg- -4.62158143453 -0.445178239925 3.7486
13ga -5.81752175511 0.908860220874 5.8040
13ga13ga -5.38431652408 0.0881648837015 5.0308
13ga13ga- -5.35030229426 0.317556849629 5.1244
13ga13ga-13ga -5.05968471465 -0.374700755731 4.2233
13ga13ga-13ga- -5.13560447561 -0.385857423113 4.3261
13ga13ga-13ga-13ga -5.12716894662 -0.500689462996 4.1520
13ga13ga-13ga-13ga- -5.04607902272 -0.647903049671 3.9418
13ga13ga-13ga13ga -5.06539910526 -0.644637683608 3.9684
13ga13ga-13ga13ga- -5.25669513378 -0.353475876322 4.3738
13ga13ga13ga -5.13587658945 -0.385313195436 4.3267
13ga13ga13ga- -5.15601301351 -0.362455632995 4.3603
13ga13ga13ga-13ga -4.84362632681 -0.687903783943 3.7313
13ga13ga13ga-13ga- -5.11301902701 -0.436742710929 4.1850
13ga13ga13ga13ga -5.06594333294 -0.63456947158 3.9807
13gd -5.94323834853 -0.293338717995 5.0040
13gd13gd -6.01834176798 -1.03376047278 4.4348
13gd13gd- -6.01834176798 -1.03376047278 4.4346
13gd13gd-13gd -5.9535786744 -1.82670019842 3.6906
13gd13gd-13gd- -6.14160933686 -1.43621684005 4.1483
13gd13gd-13gd-13gd- -5.90895200487 -2.10262363075 3.3452
13gd13gd-13gd13gd -6.06732225893 -1.977451265 3.6161
13gd13gd-13gd13gd- -5.88038005182 -2.00901647027 3.4132
13gd13gd13gd -6.03276380143 -1.84846930551 3.7397
13gd13gd13gd- -5.9535786744 -1.82670019842 3.6906
13gd13gd13gd-13gd -5.88038005182 -2.00901647027 3.4132
13gd13gd13gd-13gd- -5.90895200487 -2.10235151691 3.3453
13gd13gd13gd13gd -6.13290169403 -1.78615523647 3.8269
13ge -5.46377376495 0.282454164451 5.0752
13ge13ge -5.29098147745 -0.287896441223 4.4707
13ge13ge- -5.29098147745 -0.287896441223 4.4708
13ge13ge-13ge -5.22213667628 -0.535520034335 4.1593
13ge13ge-13ge- -5.14512845996 -0.66722313221 4.0004
13ge13ge-13ge-13ge -5.27247773642 -0.668311587565 4.0525
13ge13ge-13ge-13ge- -5.19683008929 -0.756476471266 3.9257
13ge13ge-13ge13ge- -5.10812097792 -0.864505665184 3.7570
13ge13ge13ge -5.14512845996 -0.66722313221 4.0004
13ge13ge13ge- -5.22240879012 -0.535520034335 4.1596
13ge13ge13ge-13ge- -5.27274985026 -0.668039473726 4.0528
13ge13ge13ge13ge -5.10812097792 -0.864777779023 3.7570
13ge13ge13ge13ge- -5.10812097792 -0.864505665184 3.7571
13gf -5.14948228138 1.15403478944 5.0564
13gf13gf -4.91600860788 0.190479687009 4.6712
13gf13gf- -4.91600860788 0.135512691615 4.6290
13gf13gf-13gf -4.77940746091 -0.161907733958 4.1797
13gf13gf-13gf- -4.72307989632 -0.280277253742 4.0585
13gf13gf-13gf-13gf -4.71573282268 -0.360278722286 3.8810
13gf13gf-13gf-13gf- -4.68253493437 -0.478648242071 3.7601
13gf13gf-13gf13gf -4.71573282268 -0.360278722286 3.8812
13gf13gf-13gf13gf- -4.71573282268 -0.360278722286 3.8810
13gf13gf13gf -4.72307989632 -0.280277253742 4.0585
13gf13gf13gf- -4.72307989632 -0.280277253742 4.0585
13gf13gf13gf-13gf -4.72444046551 -0.374156528054 3.8779
13gf13gf13gf-13gf- -4.71573282268 -0.360278722286 3.8812
13gf13gf13gf13gf -4.62185354836 -0.583956297603 3.6409
13gf13gf13gf13gf- -4.62185354836 -0.583956297603 3.6409
13gg -5.40554140349 0.139050171517 4.4926
13gg13gg -5.40145969591 -0.613072478332 4.3657
13gg13gg- -5.37805790579 0.0304767499215 4.7913
13gg13gg-13gg -5.36880603528 -0.436742710929 4.4049
13gg13gg13gg -5.42812685209 -0.291706034963 4.5500
13gg13gg13gg- -5.53452336298 -0.139050171517 4.8063
13gh -4.97505731085 0.914574611484 5.1835
13gh13gh -4.72498469319 0.426674498901 4.5211
13gh13gh- -4.72498469319 0.427218726578 4.5211
13gh13gh-13gh -4.55219240569 0.185853751753 4.1665
13gh13gh-13gh- -4.55219240569 0.185853751753 4.1664
13gh13gh-13gh-13gh -4.48634085675 -0.0742870779337 3.8702
13gh13gh-13gh-13gh- -4.49015045049 -0.0636746382289 3.8812
13gh13gh-13gh13gh- -4.49069467817 -0.0748313056109 3.8729
13gh13gh13gh -4.47518418937 0.0982330957292 4.0546
13gh13gh13gh- -4.56579809762 0.212520907935 4.2006
13gh13gh13gh-13gh- -4.48688508443 -0.0742870779337 3.8707
13gh13gh13gh13gh -4.48987833665 -0.0748313056109 3.8725
13gh13gh13gh13gh- -4.49042256433 -0.0748313056109 3.8728
13gi -5.68745134026 0.952126321209 5.7987
13gi13gi -5.27628733016 0.34993839642 5.0979
13gi13gi-13gi -5.14077463855 0.0683005734848 4.6657
13gi13gi-13gi- -5.14050252471 0.0683005734848 4.6656
13gi13gi-13gi-13gi -5.06376642223 -0.106940738564 4.4002
13gi13gi-13gi-13gi- -5.06349430839 -0.107212852402 4.3998
13gi13gi-13gi13gi -5.06376642223 -0.106940738564 4.4001
13gi13gi-13gi13gi- -5.06349430839 -0.106940738564 4.4001
13gi13gi13gi -5.14050252471 0.0683005734848 4.6656
13gi13gi13gi- -5.14050252471 0.0683005734848 4.6656
13gi13gi13gi-13gi -5.06349430839 -0.106940738564 4.3999
13gi13gi13gi-13gi- -5.06349430839 -0.107212852402 4.3998
13gi13gi13gi13gi -5.06376642223 -0.106940738564 4.4001
13gi13gi13gi13gi- -5.06376642223 -0.106940738564 4.4002
13gl -5.71303004109 0.908315993196 5.6753
13gl13gl -5.06104528384 0.202724809746 4.8093
13gl13gl- -5.06104528384 0.202724809746 4.8092
13gl13gl-13gl -4.81750339831 -0.0887091113787 4.2889
13gl13gl-13gl- -4.72770583157 -0.242725544018 4.0732
13gl13gl-13gl-13gl -4.63219387423 -0.37497286957 3.8093
13gl13gl-13gl-13gl- -4.63028907736 -0.53851328656 3.6713
13gl13gl-13gl13gl -4.63001696352 -0.539057514237 3.6709
13gl13gl-13gl13gl- -4.7102905459 -0.302318474668 3.9497
13gl13gl13gl -4.72770583157 -0.242725544018 4.0732
13gl13gl13gl- -4.81750339831 -0.0884369975401 4.2889
13gl13gl13gl-13gl -4.71056265974 -0.302318474668 3.9498
13gl13gl13gl-13gl- -4.67736477144 -0.35565278703 3.8758
13gl13gl13gl13gl -4.63001696352 -0.538785400398 3.6708
13gl13gl13gl13gl- -4.63028907736 -0.539057514237 3.6709
13hg -5.59520474898 0.815525174239 5.6913
13hg13hg -4.88934145169 0.305855954569 4.7073
13hg13hg-13hg -4.58838354622 0.0693890288392 4.1961
13hg13hg-13hg- -4.58838354622 0.0693890288392 4.1961
13hg13hg-13hg-13hg -4.57287305742 -0.0840831761227 4.0052
13hg13hg-13hg-13hg- -4.57287305742 -0.0840831761227 4.0053
13hg13hg-13hg13hg -4.57287305742 -0.0840831761227 4.0051
13hg13hg-13hg13hg- -4.57260094358 -0.149118383545 3.9197
13hg13hg13hg -4.58838354622 0.0693890288392 4.1961
13hg13hg13hg- -4.58838354622 0.0693890288392 4.1961
13hg13hg13hg-13hg -4.57287305742 -0.0840831761227 4.0050
13hg13hg13hg-13hg- -4.57260094358 -0.0840831761227 4.0050
13hg13hg13hg13hg -4.57287305742 -0.0840831761227 4.0050
13hg13hg13hg13hg- -4.57260094358 -0.0840831761227 4.0050
13ig -5.68717922642 0.95185420737 5.7986
13ig13ig -5.14458423229 0.485178974197 4.9391
13ig13ig- -5.14458423229 0.485178974197 4.9391
13ig13ig-13ig -5.04444633969 0.140954968387 4.6106
13ig13ig-13ig- -5.04444633969 0.140954968387 4.6106
13ig13ig-13ig-13ig -5.04553479504 0.00625861828745 4.4704
13ig13ig-13ig-13ig- -5.04553479504 0.00625861828745 4.4704
13ig13ig-13ig13ig -5.04553479504 0.00625861828745 4.4704
13ig13ig-13ig13ig- -5.04553479504 0.00625861828745 4.4705
13ig13ig13ig -5.04444633969 0.140954968387 4.6108
13ig13ig13ig- -5.04444633969 0.140954968387 4.6108
13ig13ig13ig-13ig -5.04553479504 0.00625861828745 4.4704
13ig13ig13ig-13ig- -5.04553479504 0.00625861828745 4.4704
13ig13ig13ig13ig -5.04553479504 0.00625861828745 4.4704
13ig13ig13ig13ig- -5.04553479504 0.00625861828745 4.4705
13lg -5.14784959835 1.12328592568 5.0259
4ag -5.94595948692 -0.143131879096 4.9902
4ag4ag -5.94187777934 -0.651984757249 4.5753
4ag4ag- -5.95330656056 -0.650896301895 4.5824
4ag4ag-4ag -5.89208094688 -0.819334767979 4.4269
4ag4ag-4ag- -5.88473387324 -0.791851270282 4.4395
4ag4ag-4ag-4ag -5.82432460107 -0.91729574987 4.3222
4ag4ag-4ag-4ag- -5.85588980635 -0.979065591229 4.2806
4ag4ag-4ag4ag -5.85044752958 -0.976616566681 4.2806
4ag4ag4ag- -5.89235306072 -0.819606881818 4.4269
4ag4ag4ag-4ag -5.85071964341 -0.976616566681 4.2807
4ag4ag4ag-4ag- -5.85588980635 -0.97879347739 4.2809
4ag4ag4ag4ag -5.89915590668 -0.955119573433 4.3331
4ag4ag4ag4ag- -5.86459744918 -0.952942662724 4.3172
4dg -6.53454171978 -1.3836988692 4.8222
4dg4dg -6.64420359673 -1.75976019413 4.2454
4dg4dg- -6.64420359673 -1.75976019413 4.2455
4dg4dg-4dg -6.66434002078 -1.89391231655 4.1734
4dg4dg-4dg- -6.66434002078 -1.89391231655 4.1733
4dg4dg-4dg-4dg- -6.67522457433 -2.03214614655 4.0947
4dg4dg-4dg4dg -6.67522457433 -2.03214614655 4.0947
4dg4dg-4dg4dg- -6.67495246049 -2.03187403271 4.0948
4dg4dg4dg -6.6270604249 -1.93228036779 4.0937
4dg4dg4dg- -6.66434002078 -1.89364020271 4.1735
4dg4dg4dg-4dg -6.67522457433 -2.03214614655 4.0946
4dg4dg4dg-4dg- -6.67522457433 -2.03214614655 4.0948
4dg4dg4dg4dg -6.60501920397 -2.0571806197 4.0273
4eg -5.90514241113 -0.820695337172 4.7310
4eg4eg -5.88310119021 -1.07865925615 4.2009
4eg4eg- -5.88310119021 -1.07865925615 4.2009
4eg4eg-4eg -5.88745501162 -1.1763481242 4.1454
4eg4eg-4eg- -5.89072037769 -1.16138186308 4.1586
4eg4eg-4eg-4eg- -5.87085606747 -1.24219967314 4.0926
4eg4eg-4eg4eg -5.87085606747 -1.24219967314 4.0925
4eg4eg-4eg4eg- -5.87085606747 -1.24219967314 4.0926
4eg4eg4eg -5.87874736879 -1.14995308186 4.1582
4eg4eg4eg- -5.89044826385 -1.16029340773 4.1595
4eg4eg4eg-4eg -5.87085606747 -1.24219967314 4.0926
4eg4eg4eg-4eg- -5.87085606747 -1.24219967314 4.0925
4eg4eg4eg4eg -5.86296476615 -1.24247178698 4.0836
4eg4eg4eg4eg- -5.85969940009 -1.27757447216 4.0639
4fg -5.51465905276 -0.213881477128 4.6503
4fg4fg -5.45561034979 -0.62504548723 4.1588
4fg4fg- -5.45561034979 -0.625317601068 4.1588
4fg4fg-4fg -5.3837722964 -0.749673625301 4.0272
4fg4fg-4fg- -5.38350018256 -0.749673625301 4.0271
4fg4fg-4fg-4fg -5.34295522061 -0.916207294515 3.8632
4fg4fg-4fg-4fg- -5.33343123626 -0.938248515441 3.8336
4fg4fg-4fg4fg -5.33343123626 -0.937976401602 3.8338
4fg4fg-4fg4fg- -5.33343123626 -0.937432173925 3.8344
4fg4fg4fg -5.38540497943 -0.854981680834 3.9457
4fg4fg4fg- -5.3837722964 -0.749673625301 4.0272
4fg4fg4fg-4fg -5.33343123626 -0.937432173925 3.8343
4fg4fg4fg-4fg- -5.33343123626 -0.937704287764 3.8343
4fg4fg4fg4fg -5.34159465142 -1.00872599963 3.7849
4fg4fg4fg4fg- -5.354111888 -0.91348615613 3.8785
4ga -5.95575558511 -0.160275050927 4.9679
4ga4ga -5.95330656056 -0.650352074218 4.5827
4ga4ga- -5.95303444672 -0.650624188057 4.5825
4ga4ga-4ga -5.89235306072 -0.819606881818 4.4269
4ga4ga-4ga- -5.89208094688 -0.819606881818 4.4268
4ga4ga-4ga-4ga -5.86486956302 -0.953486890402 4.3169
4ga4ga-4ga-4ga- -5.86459744918 -0.95375900424 4.3166
4ga4ga-4ga4ga -5.85071964341 -0.976344452843 4.2808
4ga4ga-4ga4ga- -5.8605157416 -0.990494372449 4.2728
4ga4ga4ga- -5.89235306072 -0.819606881818 4.4269
4ga4ga4ga-4ga -5.86024362776 -0.990766486288 4.2725
4ga4ga4ga-4ga- -5.8605157416 -0.990494372449 4.2726
4ga4ga4ga4ga -5.89915590668 -0.955119573433 4.3332
4ga4ga4ga4ga- -5.87874736879 -0.96137819172 4.3172
4gd -6.53671863049 -1.38669212143 4.8197
4gd4gd -6.64420359673 -1.75976019413 4.2455
4gd4gd- -6.64420359673 -1.75976019413 4.2455
4gd4gd-4gd- -6.66434002078 -1.89391231655 4.1733
4gd4gd-4gd4gd -6.67495246049 -2.03214614655 4.0948
4gd4gd-4gd4gd- -6.67522457433 -2.03214614655 4.0947
4gd4gd4gd -6.62678831106 -1.93200825395 4.0939
4gd4gd4gd- -6.66434002078 -1.89391231655 4.1733
4gd4gd4gd-4gd -6.67522457433 -2.03214614655 4.0947
4gd4gd4gd-4gd- -6.67495246049 -2.03160191887 4.0951
4gd4gd4gd4gd -6.60964513923 -2.06643249021 4.0205
4ge -5.90541452497 -0.820695337172 4.7309
4ge4ge -5.88310119021 -1.07865925615 4.2009
4ge4ge- -5.88310119021 -1.07865925615 4.2009
4ge4ge-4ge -5.88745501162 -1.1763481242 4.1454
4ge4ge-4ge- -5.88745501162 -1.17607601036 4.1456
4ge4ge-4ge-4ge -5.85969940009 -1.27757447216 4.0641
4ge4ge-4ge-4ge- -5.85969940009 -1.27730235832 4.0642
4ge4ge-4ge4ge -5.87085606747 -1.24219967314 4.0926
4ge4ge-4ge4ge- -5.87085606747 -1.24219967314 4.0926
4ge4ge4ge -5.88065216566 -1.15457901712 4.1564
4ge4ge4ge- -5.89044826385 -1.16056552156 4.1592
4ge4ge4ge-4ge -5.87085606747 -1.24219967314 4.0925
4ge4ge4ge-4ge- -5.87085606747 -1.24219967314 4.0925
4ge4ge4ge4ge -5.86323687999 -1.24247178698 4.0836
4gf -6.2109983657 -0.251161073014 5.1607
4gf4gf -5.45561034979 -0.62504548723 4.1588
4gf4gf- -5.45561034979 -0.625589714907 4.1585
4gf4gf-4gf -5.3837722964 -0.749673625301 4.0272
4gf4gf-4gf- -5.3837722964 -0.749673625301 4.0272
4gf4gf-4gf-4gf -5.3505744081 -0.922738026641 3.8608
4gf4gf-4gf-4gf- -5.3505744081 -0.922465912803 3.8610
4gf4gf-4gf4gf -5.33343123626 -0.937432173925 3.8344
4gf4gf-4gf4gf- -5.33343123626 -0.937432173925 3.8344
4gf4gf4gf -5.3851328656 -0.855525908511 3.9445
4gf4gf4gf- -5.38350018256 -0.74994573914 4.0271
4gf4gf4gf-4gf -5.33343123626 -0.937432173925 3.8344
4gf4gf4gf-4gf- -5.33343123626 -0.937432173925 3.8344
4gf4gf4gf4gf -5.34159465142 -1.00818177196 3.7852
4gf4gf4gf4gf- -5.34295522061 -0.916207294515 3.8633
4gg -6.29861902172 -0.729809315085 4.8704
4gg4gg- -6.12854787261 -0.752938991364 4.6705
4gg4gg-4gg- -5.69071670633 -0.801647368471 4.2123
4gg4gg-4gg-4gg- -5.65942361489 -0.893077618236 4.1304
4gg4gg-4gg4gg -5.65425345196 -0.814980946562 4.1870
4gg4gg-4gg4gg- -5.65942361489 -0.840015419712 4.1697
4gg4gg4gg -5.67493410369 -0.804368506857 4.1953
4gg4gg4gg- -5.69697532461 -0.777157122999 4.2401
4gg4gg4gg-4gg -5.65751881802 -0.822328020204 4.1834
4gg4gg4gg-4gg- -5.65425345196 -0.814980946562 4.1871
4gg4gg4gg4gg -5.66404955014 -0.940153312311 4.0890
4gh -5.63302857255 -0.0351026851775 4.8618
4gh4gh -5.26213741056 -0.276467660002 4.3350
4gh4gh- -5.26213741056 -0.276467660002 4.3349
4gh4gh-4gh -5.1658091117 -0.451708972051 4.0573
4gh4gh-4gh- -5.13914195551 -0.379598804826 4.1042
4gh4gh-4gh4gh- -5.0966921967 -0.601371583273 3.8992
4gh4gh4gh- -5.16553699786 -0.450892630535 4.0579
4gh4gh4gh-4gh -5.04743959191 -0.394020838271 4.0789
4gh4gh4gh-4gh- -5.08689609851 -0.590214915891 3.9063
4gi -5.77643256548 -0.11347147069 4.8817
4gi4gi -5.8224198042 -0.308849206794 4.7414
4gi4gi- -5.78894980206 -0.29415505951 4.7343
4gi4gi-4gi -5.79303150963 -0.377966121794 4.6861
4gi4gi-4gi-4gi- -5.76473167042 -0.410619782425 4.6489
4gi4gi-4gi4gi- -5.760377849 -0.399735228881 4.6860
4gi4gi4gi -5.78595654983 -0.4076265302 4.6537
4gi4gi4gi-4gi -5.75874516597 -0.40953132707 4.6696
4gi4gi4gi4gi -5.76146630436 -0.416062059196 4.6501
4gl -5.45234498373 -0.143676106773 4.6572
4hg -5.63275645871 -0.0351026851775 4.8617
4hg4hg -5.26213741056 -0.276195546164 4.3351
4hg4hg- -5.26213741056 -0.276195546164 4.3352
4hg4hg-4hg -5.13886984168 -0.379326690987 4.1041
4hg4hg-4hg- -5.14458423229 -0.300141563959 4.1773
4hg4hg-4hg-4hg -5.09642008286 -0.601371583273 3.8990
4hg4hg-4hg4hg -5.05914048697 -0.383952626243 4.0293
4hg4hg-4hg4hg- -5.05968471465 -0.392932382917 4.0364
4hg4hg4hg -5.14458423229 -0.300413677798 4.1773
4ig -5.96990550471 -0.288984896577 4.8830
4ig4ig -5.78867768822 -0.292522376479 4.7339
4ig4ig- -5.8534407818 -0.384224740082 4.7238
4ig4ig-4ig -5.79330362347 -0.377966121794 4.6863
4ig4ig-4ig- -5.79330362347 -0.377966121794 4.6861
4ig4ig-4ig-4ig- -5.76119419052 -0.401640025751 4.6896
4ig4ig4ig -5.79330362347 -0.377966121794 4.6864
4ig4ig4ig- -5.80282760782 -0.390211244531 4.6764
4ig4ig4ig-4ig- -5.75874516597 -0.409259213232 4.6696
4lg -5.45234498373 -0.143676106773 4.6572
5aa -6.38814447462 -0.139594399194 6.0550
5aa5aa -5.75956150749 -0.898792008846 4.5051
5aa5aa- -5.54731271339 -1.11893210426 4.1891
5aa5aa-5aa -5.20200025223 -1.52383749608 3.4506
5aa5aa-5aa- -5.49044092113 -1.22968243657 3.8953
5aa5aa-5aa-5aa- -5.33343123626 -1.42560440035 3.5296
5aa5aa-5aa5aa -5.33343123626 -1.42560440035 3.5296
5aa5aa-5aa5aa- -5.0226772326 -1.73499783482 3.0418
5aa5aa5aa -5.49044092113 -1.22968243657 3.8953
5aa5aa5aa- -5.49044092113 -1.22968243657 3.8953
5aa5aa5aa-5aa -5.33343123626 -1.42587651418 3.5295
5aa5aa5aa-5aa- -5.33968985455 -1.42995822176 3.5222
5aa5aa5aa5aa -5.33343123626 -1.42560440035 3.5296
5aa5aa5aa5aa- -5.33343123626 -1.42560440035 3.5297
5ad -7.15006322266 -1.26886682932 5.6035
5ad5ad -6.72991945588 -2.20194518183 4.1725
5ad5ad- -6.60420286246 -2.37718649388 3.9395
5ad5ad-5ad -6.41453951696 -2.86807985868 3.2763
5ad5ad-5ad- -6.56338578667 -2.65610317843 3.5561
5ad5ad-5ad-5ad -6.50569765289 -2.91352286973 3.2246
5ad5ad-5ad5ad -6.50569765289 -2.91352286973 3.2246
5ad5ad-5ad5ad- -6.33889186984 -3.14862922627 2.9076
5ad5ad5ad -6.56338578667 -2.65610317843 3.5561
5ad5ad5ad- -6.56338578667 -2.65610317843 3.5561
5ad5ad5ad-5ad -6.50569765289 -2.91352286973 3.2246
5ad5ad5ad5ad- -6.50569765289 -2.91352286973 3.2246
5ae -6.23875397724 -0.662869310793 5.2769
5ae5ae -5.81289581985 -1.41363139145 4.0477
5ae5ae- -5.708131992 -1.58179774369 3.8439
5ae5ae-5ae -5.42622205522 -1.95894752397 3.2045
5ae5ae-5ae- -5.55683669774 -1.75948808029 3.4534
5ae5ae-5ae-5ae -5.42077977845 -1.94071589679 3.1242
5ae5ae-5ae-5ae- -5.42077977845 -1.94071589679 3.1242
5ae5ae-5ae5ae- -5.27411041945 -2.15623005695 2.8434
5ae5ae5ae -5.55683669774 -1.75948808029 3.4533
5ae5ae5ae- -5.55683669774 -1.75948808029 3.4534
5ae5ae5ae-5ae -5.42077977845 -1.94071589679 3.1241
5ae5ae5ae-5ae- -5.44254888554 -1.92656597718 3.1477
5ae5ae5ae5ae -5.42077977845 -1.94071589679 3.1242
5ae5ae5ae5ae- -5.42077977845 -1.94071589679 3.1242
5af -5.83929086219 -0.0394565065948 5.4164
5af5af -5.51928498802 -0.855525908511 4.2117
5af5af- -5.51928498802 -0.855525908511 4.2117
5af5af-5af -5.37778579195 -1.22451227363 3.7063
5af5af-5af- -5.37778579195 -1.22451227363 3.7063
5af5af-5af-5af -5.31683229211 -1.41635252983 3.4452
5af5af-5af-5af- -5.31710440595 -1.41635252983 3.4452
5af5af-5af5af -5.34866961123 -1.38587577991 3.4768
5af5af-5af5af- -5.34866961123 -1.38614789375 3.4767
5af5af5af -5.34023408223 -1.23185934727 3.6884
5af5af5af- -5.34023408223 -1.23185934727 3.6883
5af5af5af-5af -5.29179781896 -1.41716887135 3.4285
5af5af5af-5af- -5.29179781896 -1.41716887135 3.4286
5af5af5af5af -5.24036830347 -1.44818984895 3.3766
5af5af5af5af- -5.24036830347 -1.44818984895 3.3766
5ag -5.88065216566 -0.320822215692 5.0422
5ag5ag -5.84418891129 -1.11430616901 4.1359
5ag5ag- -5.74704427091 -1.0917207204 4.1100
5ag5ag-5ag -5.70867621967 -1.3921343982 3.7905
5ag5ag-5ag- -5.70894833351 -1.39186228436 3.7911
5ag5ag-5ag-5ag- -5.61996710829 -1.61227449362 3.5152
5ag5ag-5ag5ag -5.66404955014 -1.60329473694 3.5530
5ag5ag-5ag5ag- -5.66404955014 -1.60329473694 3.5527
5ag5ag5ag -5.6270420681 -1.43050244944 3.7136
5ag5ag5ag- -5.62676995426 -1.43050244944 3.7134
5ag5ag5ag-5ag -5.67901581127 -1.55676327054 3.6127
5ag5ag5ag-5ag- -5.60881044091 -1.62234270564 3.4998
5ag5ag5ag5ag -5.50948888983 -1.70179994651 3.3636
5ag5ag5ag5ag- -5.50703986528 -1.71214027238 3.3531
5ah -5.36499644154 0.125716593426 5.0610
5ah5ah -4.98322072601 -0.579330362347 3.9891
5ah5ah- -4.98322072601 -0.579330362347 3.9890
5ah5ah-5ah -4.79519006354 -0.87294119418 3.5092
5ah5ah-5ah- -4.79519006354 -0.87294119418 3.5092
5ah5ah-5ah-5ah -4.6496091599 -1.04954307542 3.1936
5ah5ah-5ah-5ah- -4.6496091599 -1.04954307542 3.1936
5ah5ah-5ah5ah -4.64988127374 -1.04927096158 3.1940
5ah5ah-5ah5ah- -4.6496091599 -1.04954307542 3.1935
5ah5ah5ah -4.79519006354 -0.87294119418 3.5092
5ah5ah5ah- -4.79519006354 -0.87294119418 3.5092
5ah5ah5ah-5ah -4.64988127374 -1.04927096158 3.1940
5ah5ah5ah-5ah- -4.64988127374 -1.04927096158 3.1940
5ah5ah5ah5ah -4.64988127374 -1.04927096158 3.1940
5ah5ah5ah5ah- -4.64988127374 -1.04927096158 3.1939
5ai -6.2109983657 -0.000272113838585 5.8637
5ai5ai -5.65098808589 -0.700148906679 4.5400
5ai5ai- -5.65098808589 -0.700148906679 4.5400
5ai5ai-5ai -5.4528892114 -0.968453151524 4.0353
5ai5ai-5ai- -5.4528892114 -0.968453151524 4.0353
5ai5ai-5ai-5ai -5.37860213347 -1.0797477115 3.8104
5ai5ai-5ai-5ai- -5.37860213347 -1.08001982534 3.8101
5ai5ai-5ai5ai -5.37860213347 -1.0797477115 3.8103
5ai5ai-5ai5ai- -5.37860213347 -1.08001982534 3.8101
5ai5ai5ai -5.4528892114 -0.968453151524 4.0352
5ai5ai5ai- -5.4528892114 -0.968453151524 4.0352
5ai5ai5ai-5ai -5.37860213347 -1.08001982534 3.8102
5ai5ai5ai-5ai- -5.37860213347 -1.08001982534 3.8101
5ai5ai5ai5ai -5.37860213347 -1.08001982534 3.8103
5ai5ai5ai5ai- -5.37860213347 -1.08001982534 3.8102
5al -5.6567024765 -0.083266834607 5.2173
5al5al -5.02240511876 -0.85770281922 3.8741
5al5al- -4.97478519701 -0.908043879358 3.8000
5al5al-5al -4.60906419795 -1.25879861729 3.1226
5al5al-5al- -4.66185428264 -1.20573641877 3.1997
5al5al-5al-5al -4.39355003779 -1.44002643379 2.7226
5al5al-5al-5al- -4.39491060698 -1.43975431995 2.7239
5al5al-5al5al -4.39491060698 -1.43975431995 2.7239
5al5al-5al5al- -4.39355003779 -1.44002643379 2.7226
5al5al5al -4.66212639648 -1.20573641877 3.1998
5al5al5al- -4.66185428264 -1.20600853261 3.1996
5al5al5al-5al -4.44280264258 -1.3956718781 2.7935
5al5al5al-5al- -4.40579516053 -1.42288326196 2.7451
5al5al5al5al -4.39491060698 -1.43975431995 2.7239
5da -7.15006322266 -1.26886682932 5.6035
5da5da -6.72991945588 -2.20194518183 4.1725
5da5da- -6.60420286246 -2.37718649388 3.9395
5da5da-5da -6.41453951696 -2.86807985868 3.2763
5da5da-5da- -6.56338578667 -2.65610317843 3.5561
5da5da-5da-5da -6.50569765289 -2.91352286973 3.2246
5da5da-5da5da -6.50569765289 -2.91352286973 3.2246
5da5da-5da5da- -6.33889186984 -3.14862922627 2.9076
5da5da5da- -6.56338578667 -2.65610317843 3.5561
5da5da5da-5da -6.50596976673 -2.91352286973 3.2246
5da5da5da-5da- -6.5255619631 -2.89774026709 3.2474
5dd -7.79878261384 -1.98370988328 5.2853
5dd5dd -7.69728415205 -2.94481596117 4.2674
5dd5dd- -7.69728415205 -2.94481596117 4.2674
5dd5dd-5dd -7.76476838402 -3.35842899581 3.8977
5dd5dd-5dd- -7.53728121496 -3.54918079666 3.5335
5dd5dd-5dd-5dd -7.86136879672 -3.56768453769 3.7574
5dd5dd-5dd-5dd- -7.60177219471 -3.74591910196 3.4057
5dd5dd-5dd5dd -7.77755773443 -3.62836592369 3.6468
5dd5dd-5dd5dd- -7.69293033063 -3.68659828515 3.5320
5dd5dd5dd -7.66844008516 -3.42346420324 3.7752
5dd5dd5dd- -7.57891463227 -3.52441843735 3.6152
5dd5dd5dd-5dd- -7.77782984827 -3.62809380985 3.6469
5dd5dd5dd5dd -7.60177219471 -3.74591910196 3.4057
5dd5dd5dd5dd- -7.60177219471 -3.74591910196 3.4057
5de -6.8450236096 -1.44465236905 4.8804
5de5de -6.70869457647 -2.22262583356 4.0036
5de5de- -6.70869457647 -2.22262583356 4.0037
5de5de-5de -6.61563164368 -2.5853535804 3.5705
5de5de-5de- -6.61563164368 -2.5853535804 3.5706
5de5de-5de-5de -6.57835204779 -2.78209188569 3.3379
5de5de-5de-5de- -6.57835204779 -2.78209188569 3.3379
5de5de-5de5de -6.57835204779 -2.78209188569 3.3379
5de5de-5de5de- -6.57835204779 -2.78209188569 3.3379
5de5de5de -6.68393221716 -2.53664520329 3.6584
5de5de5de- -6.68393221716 -2.53664520329 3.6584
5de5de5de-5de -6.57835204779 -2.78209188569 3.3379
5de5de5de-5de- -6.64148245834 -2.73474407778 3.4243
5de5de5de5de -6.57835204779 -2.78209188569 3.3379
5de5de5de5de- -6.57835204779 -2.78209188569 3.3379
5df -6.58978082901 -1.21063446786 4.8707
5df5df -6.50488131137 -2.12520907935 3.9522
5df5df- -6.50488131137 -2.12520907935 3.9522
5df5df-5df -6.44283935617 -2.54290382158 3.4925
5df5df-5df- -6.44283935617 -2.54290382158 3.4926
5df5df-5df-5df -6.46787382932 -2.76032277861 3.2533
5df5df-5df-5df- -6.42460772899 -2.80032351288 3.2158
5df5df-5df5df -6.42487984283 -2.80005139904 3.2160
5df5df-5df5df- -6.43957399011 -2.77991497498 3.2294
5df5df5df -6.44311147001 -2.54290382158 3.4927
5df5df5df- -6.46215943871 -2.53501252026 3.4957
5df5df5df-5df -6.46814594316 -2.76032277861 3.2534
5df5df5df-5df- -6.44828163295 -2.77528903973 3.2415
5df5df5df5df -6.42515195667 -2.80005139904 3.2164
5df5df5df5df- -6.41698854151 -2.80467733429 3.2034
5dg -6.46215943871 -1.37199797415 4.5101
5dg5dg -6.52229659704 -2.08956216649 3.7347
5dg5dg- -6.52229659704 -2.08956216649 3.7349
5dg5dg-5dg -6.57671936476 -2.42616698482 3.5057
5dg5dg-5dg- -6.57671936476 -2.42616698482 3.5057
5dg5dg-5dg-5dg -6.53590228897 -2.63787155124 3.3322
5dg5dg-5dg-5dg- -6.53699074433 -2.65011667398 3.3242
5dg5dg-5dg5dg -6.53699074433 -2.65011667398 3.3242
5dg5dg-5dg5dg- -6.64529205208 -2.5733805715 3.4533
5dg5dg5dg -6.52746675997 -2.44385438433 3.4733
5dg5dg5dg- -6.5269225323 -2.44412649817 3.4730
5dg5dg5dg-5dg -6.64529205208 -2.57310845766 3.4533
5dg5dg5dg-5dg- -6.62515562803 -2.64222537266 3.3876
5dg5dg5dg5dg -6.53617440281 -2.63787155124 3.3322
5dg5dg5dg5dg- -6.53617440281 -2.63814366508 3.3322
5dh -5.94296623469 -1.11457828284 4.2827
5dh5dh -5.74214622182 -1.80030515608 3.4643
5dh5dh- -5.74214622182 -1.80030515608 3.4643
5dh5dh-5dh -5.6602399564 -2.10779379368 3.0867
5dh5dh-5dh- -5.6602399564 -2.10806590752 3.0866
5dh5dh-5dh-5dh -5.60227970879 -2.30425998514 2.8439
5dh5dh-5dh-5dh- -5.60227970879 -2.30425998514 2.8439
5dh5dh-5dh5dh -5.60227970879 -2.30425998514 2.8439
5dh5dh-5dh5dh- -5.60227970879 -2.30425998514 2.8439
5dh5dh5dh -5.6602399564 -2.10779379368 3.0867
5dh5dh5dh- -5.6602399564 -2.10779379368 3.0867
5dh5dh5dh-5dh -5.60227970879 -2.30425998514 2.8439
5dh5dh5dh-5dh- -5.60227970879 -2.30425998514 2.8439
5dh5dh5dh5dh -5.60227970879 -2.30425998514 2.8439
5dh5dh5dh5dh- -5.60227970879 -2.30425998514 2.8439
5di -6.98026418738 -1.15838861086 5.3440
5di5di -6.65182278421 -1.8879258121 4.2934
5di5di- -6.65182278421 -1.8879258121 4.2934
5di5di-5di -6.59467887811 -2.20548266173 3.8894
5di5di-5di- -6.59467887811 -2.20548266173 3.8894
5di5di-5di-5di -6.59386253659 -2.39242486884 3.6787
5di5di-5di-5di- -6.59386253659 -2.39242486884 3.6786
5di5di-5di5di -6.59386253659 -2.39242486884 3.6787
5di5di-5di5di- -6.59386253659 -2.39242486884 3.6787
5di5di5di -6.59467887811 -2.20548266173 3.8894
5di5di5di- -6.59467887811 -2.20548266173 3.8894
5di5di5di-5di -6.59386253659 -2.39242486884 3.6786
5di5di5di-5di- -6.59386253659 -2.39242486884 3.6787
5di5di5di5di -6.59386253659 -2.39242486884 3.6787
5di5di5di5di- -6.59386253659 -2.39242486884 3.6787
5dl -6.30514975385 -1.21798154151 4.5938
5dl5dl -6.34950430954 -1.96711093913 3.9031
5dl5dl- -6.34950430954 -1.96711093913 3.9031
5dl5dl-5dl -6.20664454428 -2.25283046964 3.4798
5dl5dl-5dl- -6.12528250655 -2.31487242484 3.3833
5dl5dl-5dl-5dl -6.06051941296 -2.46507926374 3.1485
5dl5dl-5dl-5dl- -6.0036476207 -2.49691658286 3.0866
5dl5dl-5dl5dl -6.0036476207 -2.49691658286 3.0866
5dl5dl-5dl5dl- -6.1299084418 -2.41909202502 3.2310
5dl5dl5dl -6.12528250655 -2.31487242484 3.3833
5dl5dl5dl- -6.20664454428 -2.25283046964 3.4798
5dl5dl5dl-5dl -6.1299084418 -2.41909202502 3.2310
5dl5dl5dl-5dl- -6.05752616074 -2.46181389768 3.1505
5dl5dl5dl5dl -6.0036476207 -2.49691658286 3.0866
5dl5dl5dl5dl- -6.00337550686 -2.49691658286 3.0866
5ea -6.23902609107 -0.662597196954 5.2772
5ea5ea -5.81289581985 -1.41363139145 4.0475
5ea5ea- -5.708131992 -1.58179774369 3.8439
5ea5ea-5ea -5.42622205522 -1.95894752397 3.2045
5ea5ea-5ea- -5.55683669774 -1.75976019413 3.4533
5ea5ea-5ea-5ea -5.42077977845 -1.94071589679 3.1242
5ea5ea-5ea-5ea- -5.42077977845 -1.94071589679 3.1242
5ea5ea-5ea5ea -5.42077977845 -1.94071589679 3.1242
5ea5ea-5ea5ea- -5.27411041945 -2.15623005695 2.8434
5ea5ea5ea -5.55683669774 -1.75948808029 3.4533
5ea5ea5ea- -5.55683669774 -1.75976019413 3.4532
5ea5ea5ea-5ea -5.42077977845 -1.94071589679 3.1242
5ea5ea5ea-5ea- -5.44254888554 -1.92656597718 3.1478
5ea5ea5ea5ea -5.42077977845 -1.94071589679 3.1242
5ea5ea5ea5ea- -5.42077977845 -1.94071589679 3.1242
5ed -6.8450236096 -1.44465236905 4.8805
5ed5ed -6.70869457647 -2.2228979474 4.0036
5ed5ed- -6.70869457647 -2.22262583356 4.0037
5ed5ed-5ed -6.61563164368 -2.5853535804 3.5705
5ed5ed-5ed- -6.61563164368 -2.5853535804 3.5706
5ed5ed-5ed-5ed -6.57862416163 -2.78209188569 3.3380
5ed5ed-5ed-5ed- -6.57862416163 -2.78209188569 3.3380
5ed5ed-5ed5ed -6.57862416163 -2.78209188569 3.3380
5ed5ed-5ed5ed- -6.63876131996 -2.74018635455 3.4176
5ed5ed5ed -6.61563164368 -2.5853535804 3.5706
5ed5ed5ed- -6.61563164368 -2.5853535804 3.5704
5ed5ed5ed-5ed -6.57862416163 -2.78209188569 3.3380
5ed5ed5ed-5ed- -6.57862416163 -2.78209188569 3.3380
5ed5ed5ed5ed -6.57862416163 -2.78209188569 3.3380
5ed5ed5ed5ed- -6.57862416163 -2.78209188569 3.3380
5ee -6.36066097692 -0.911853473098 4.8718
5ee5ee -6.04201567194 -1.51023180415 4.0661
5ee5ee- -6.04201567194 -1.51023180415 4.0661
5ee5ee-5ee -5.91521062316 -1.71785466299 3.7074
5ee5ee-5ee- -5.85861094473 -1.76248133251 3.6318
5ee5ee-5ee-5ee -5.81425638904 -1.85173467157 3.4746
5ee5ee-5ee-5ee- -5.75411923072 -1.89826613797 3.3915
5ee5ee-5ee5ee -5.75411923072 -1.89826613797 3.3915
5ee5ee-5ee5ee- -5.86242053847 -1.81091759578 3.5409
5ee5ee5ee -5.85861094473 -1.76248133251 3.6317
5ee5ee5ee- -5.91521062316 -1.71785466299 3.7074
5ee5ee5ee-5ee -5.86242053847 -1.81091759578 3.5409
5ee5ee5ee-5ee- -5.81425638904 -1.85173467157 3.4746
5ee5ee5ee5ee -5.75411923072 -1.89853825181 3.3914
5ee5ee5ee5ee- -5.75411923072 -1.89826613797 3.3915
5ef -6.02160713405 -0.601371583273 4.9029
5ef5ef -5.66132841176 -1.35022886706 3.8675
5ef5ef- -5.66132841176 -1.35022886706 3.8675
5ef5ef-5ef -5.46567856182 -1.65771750466 3.3981
5ef5ef-5ef- -5.4648622203 -1.65771750466 3.3976
5ef5ef-5ef-5ef -5.36281953083 -1.81989735246 3.1172
5ef5ef-5ef-5ef- -5.34812538355 -1.84030589035 3.1017
5ef5ef-5ef5ef -5.36499644154 -1.83540784126 3.1064
5ef5ef-5ef5ef- -5.36499644154 -1.83540784126 3.1062
5ef5ef5ef -5.4648622203 -1.65771750466 3.3975
5ef5ef5ef- -5.46105262656 -1.65418002476 3.3774
5ef5ef5ef-5ef -5.38132327186 -1.81581564488 3.1182
5ef5ef5ef-5ef- -5.36499644154 -1.83540784126 3.1064
5ef5ef5ef5ef -5.34812538355 -1.84030589035 3.1017
5ef5ef5ef5ef- -5.34812538355 -1.84030589035 3.1017
5eg -6.00065436847 -0.789130131896 4.6336
5eg5eg -5.8654137907 -1.38614789375 3.8343
5eg5eg- -5.86514167686 -1.38614789375 3.8342
5eg5eg-5eg -5.82269191804 -1.60955335523 3.6036
5eg5eg-5eg- -5.82269191804 -1.60955335523 3.6034
5eg5eg-5eg-5eg -5.72636361918 -1.8117339373 3.3850
5eg5eg-5eg-5eg- -5.72636361918 -1.8117339373 3.3850
5eg5eg-5eg5eg -5.72636361918 -1.8117339373 3.3852
5eg5eg-5eg5eg- -5.82296403188 -1.69907880812 3.5237
5eg5eg5eg -5.79194305428 -1.64683295112 3.5732
5eg5eg5eg- -5.79031037125 -1.64710506495 3.5717
5eg5eg5eg-5eg -5.72636361918 -1.8117339373 3.3850
5eg5eg5eg-5eg- -5.81344004753 -1.76819572312 3.4755
5eg5eg5eg5eg -5.72636361918 -1.8117339373 3.3852
5eg5eg5eg5eg- -5.72636361918 -1.8117339373 3.3851
5eh -5.4648622203 -0.535792148174 4.3777
5eh5eh -5.08907300922 -1.0084538858 3.5838
5eh5eh- -5.09152203376 -1.00927022731 3.5856
5eh5eh-5eh -4.92526047839 -1.27485333377 3.1704
5eh5eh-5eh- -4.92498836455 -1.27485333377 3.1704
5eh5eh-5eh-5eh -4.80879575547 -1.3921343982 2.9436
5eh5eh-5eh-5eh- -4.80879575547 -1.3921343982 2.9436
5eh5eh-5eh5eh -4.80879575547 -1.3921343982 2.9436
5eh5eh-5eh5eh- -4.80879575547 -1.3921343982 2.9436
5eh5eh5eh -4.92526047839 -1.27485333377 3.1704
5eh5eh5eh- -4.92526047839 -1.27485333377 3.1704
5eh5eh5eh-5eh -4.80879575547 -1.3921343982 2.9436
5eh5eh5eh-5eh- -4.80879575547 -1.3921343982 2.9436
5eh5eh5eh5eh -4.80879575547 -1.3921343982 2.9436
5eh5eh5eh5eh- -4.80879575547 -1.3921343982 2.9436
5ei -6.17045340375 -0.567085239611 5.2694
5ei5ei -5.84609370816 -1.10695909536 4.2811
5ei5ei- -5.84609370816 -1.10695909536 4.2811
5ei5ei-5ei -5.70486662593 -1.32165691401 3.8950
5ei5ei-5ei- -5.70486662593 -1.32165691401 3.8950
5ei5ei-5ei-5ei -5.63520548325 -1.43948220611 3.6882
5ei5ei-5ei-5ei- -5.63520548325 -1.43948220611 3.6882
5ei5ei-5ei5ei -5.63520548325 -1.43948220611 3.6882
5ei5ei-5ei5ei- -5.63520548325 -1.43948220611 3.6882
5ei5ei5ei -5.70486662593 -1.32165691401 3.8950
5ei5ei5ei- -5.70459451209 -1.32192902785 3.8948
5ei5ei5ei-5ei -5.63520548325 -1.43948220611 3.6882
5ei5ei5ei-5ei- -5.63520548325 -1.43948220611 3.6882
5ei5ei5ei5ei -5.63520548325 -1.43948220611 3.6882
5ei5ei5ei5ei- -5.63520548325 -1.43948220611 3.6882
5el -5.80908622611 -0.645181911285 4.6423
5el5el -5.71602329331 -1.20872967099 4.0146
5el5el- -5.71602329331 -1.20845755716 4.0148
5el5el-5el -5.55710881158 -1.44846196279 3.6417
5el5el-5el- -5.55683669774 -1.44846196279 3.6417
5el5el-5el-5el -5.47656311536 -1.55513058751 3.4416
5el5el-5el-5el- -5.38839823166 -1.56900839328 3.3584
5el5el-5el5el -5.47656311536 -1.55513058751 3.4416
5el5el-5el5el- -5.47656311536 -1.55513058751 3.4416
5el5el5el -5.4422767717 -1.46506090694 3.5291
5el5el5el- -5.55710881158 -1.44846196279 3.6417
5el5el5el-5el -5.47656311536 -1.55513058751 3.4416
5el5el5el5el -5.27574310248 -1.59186595572 3.2427
5el5el5el5el- -5.27574310248 -1.59186595572 3.2427
5fa -5.78024215922 -0.0854437453157 5.3303
5fa5fa -5.11410748236 -0.935527377055 3.9016
5fa5fa- -5.11301902701 -0.935527377055 3.9005
5fa5fa-5fa -4.75056339402 -1.29743878237 3.2148
5fa5fa-5fa- -4.80362559254 -1.25199577133 3.2870
5fa5fa-5fa-5fa -4.53913094143 -1.48737424171 2.8103
5fa5fa-5fa-5fa- -4.53913094143 -1.48737424171 2.8104
5fa5fa-5fa5fa -4.53913094143 -1.48737424171 2.8104
5fa5fa-5fa5fa- -4.53913094143 -1.48737424171 2.8103
5fa5fa5fa -4.80362559254 -1.25199577133 3.2871
5fa5fa5fa- -4.79056412829 -1.25798227578 3.2731
5fa5fa5fa-5fa -4.53913094143 -1.48710212787 2.8104
5fa5fa5fa-5fa- -4.53913094143 -1.48737424171 2.8104
5fa5fa5fa5fa -4.53913094143 -1.48737424171 2.8104
5fa5fa5fa5fa- -4.53913094143 -1.48737424171 2.8104
5fd -6.53345326442 -1.37254220182 4.6621
5fd5fd -6.24855007543 -2.05554793667 3.7689
5fd5fd- -6.24855007543 -2.05554793667 3.7688
5fd5fd-5fd -6.12446616503 -2.39650657642 3.3112
5fd5fd-5fd- -6.08011160934 -2.41174495138 3.2775
5fd5fd-5fd-5fd -6.01153892202 -2.60358520758 3.0159
5fd5fd-5fd-5fd- -5.98024583058 -2.62290529012 2.9805
5fd5fd-5fd5fd -5.98024583058 -2.62290529012 2.9805
5fd5fd-5fd5fd- -6.04038298891 -2.61338130577 3.0287
5fd5fd5fd- -6.12419405119 -2.39650657642 3.3110
5fd5fd5fd-5fd -5.98024583058 -2.62290529012 2.9805
5fd5fd5fd-5fd- -6.03058689072 -2.61773512719 3.0168
5fd5fd5fd5fd -5.98024583058 -2.62290529012 2.9805
5fd5fd5fd5fd- -5.98024583058 -2.62290529012 2.9805
5fe -5.99793323009 -0.779334033707 4.6953
5fe5fe -5.55874149461 -1.27267642306 3.8448
5fe5fe- -5.55874149461 -1.27267642306 3.8448
5fe5fe-5fe -5.33642448849 -1.49825879525 3.4042
5fe5fe-5fe- -5.2991448926 -1.51322505637 3.3764
5fe5fe-5fe-5fe -5.18322439737 -1.62724075474 3.1401
5fe5fe-5fe-5fe- -5.14131886622 -1.65037043102 3.0940
5fe5fe-5fe5fe -5.14131886622 -1.65064254486 3.0938
5fe5fe-5fe5fe- -5.19927911384 -1.63077823464 3.1493
5fe5fe5fe -5.2991448926 -1.51322505637 3.3764
5fe5fe5fe- -5.33642448849 -1.49798668141 3.4043
5fe5fe5fe-5fe -5.23220488831 -1.61118603826 3.1852
5fe5fe5fe-5fe- -5.19927911384 -1.6305061208 3.1495
5fe5fe5fe5fe -5.14131886622 -1.65064254486 3.0938
5fe5fe5fe5fe- -5.14131886622 -1.65064254486 3.0939
5ff -5.68935613713 0.1537443188 5.4230
5ff5ff -5.28689976987 -0.723550696797 4.2126
5ff5ff- -5.28689976987 -0.723550696797 4.2127
5ff5ff-5ff -4.99029568581 -1.10940811991 3.5398
5ff5ff-5ff- -4.97560153853 -1.10831966456 3.5451
5ff5ff-5ff-5ff -4.82621104114 -1.3110444743 3.1597
5ff5ff-5ff-5ff- -4.80607461709 -1.32682707694 3.1451
5ff5ff-5ff5ff -4.81260534921 -1.31784732027 3.1619
5ff5ff-5ff5ff- -4.60416614886 -1.42696496954 2.9134
5ff5ff5ff -4.97560153853 -1.10831966456 3.5451
5ff5ff5ff- -4.99029568581 -1.10940811991 3.5398
5ff5ff5ff-5ff -4.8259389273 -1.3110444743 3.1596
5ff5ff5ff-5ff- -4.80607461709 -1.32682707694 3.1451
5ff5ff5ff5ff -4.81260534921 -1.31784732027 3.1619
5ff5ff5ff5ff- -4.81260534921 -1.31784732027 3.1619
5fg -5.90813566336 -0.22694294138 4.6213
5fg5fg -5.62867475113 -1.0655977919 4.0999
5fg5fg- -5.64581792296 -1.1347147069 4.0519
5fg5fg-5fg- -5.47601888768 -1.40846122852 3.6156
5fg5fg-5fg-5fg -5.35928205093 -1.56302188883 3.3700
5fg5fg-5fg-5fg- -5.35166286345 -1.58615156511 3.3475
5fg5fg-5fg5fg -5.38622132095 -1.54261335094 3.4104
5fg5fg-5fg5fg- -5.31601595059 -1.54996042458 3.3566
5fg5fg5fg -5.44336522705 -1.43458415702 3.5903
5fg5fg5fg- -5.44037197483 -1.40492374861 3.6074
5fg5fg5fg-5fg -5.31601595059 -1.54996042458 3.3564
5fg5fg5fg-5fg- -5.35547245719 -1.60193416775 3.3370
5fg5fg5fg5fg -5.32934952869 -1.59921302936 3.3323
5fg5fg5fg5fg- -5.32934952869 -1.59921302936 3.3323
5fh -5.61833442526 -0.0612256136816 5.1596
5fh5fh -5.17179561614 -0.783687855125 3.9804
5fh5fh- -5.17179561614 -0.783687855125 3.9804
5fh5fh-5fh -4.92253934 -1.11131291678 3.4215
5fh5fh-5fh- -4.91111055878 -1.12573495023 3.4243
5fh5fh-5fh-5fh -4.73886249896 -1.3265549631 3.0702
5fh5fh-5fh-5fh- -4.73886249896 -1.3265549631 3.0702
5fh5fh-5fh5fh -4.75355664624 -1.30968390511 3.0902
5fh5fh-5fh5fh- -4.73886249896 -1.3265549631 3.0704
5fh5fh5fh -4.9105663311 -1.12600706406 3.4238
5fh5fh5fh- -4.92226722616 -1.11158503062 3.4211
5fh5fh5fh-5fh -4.73886249896 -1.3265549631 3.0702
5fh5fh5fh-5fh- -4.73886249896 -1.32682707694 3.0701
5fh5fh5fh5fh -4.76308063059 -1.31430984037 3.0893
5fh5fh5fh5fh- -4.76607388281 -1.28900325338 3.1037
5fi -5.69724743845 0.083266834607 5.3989
5fi5fi -5.29805643725 -0.570894833351 4.3129
5fi5fi- -5.29832855109 -0.570622719513 4.3132
5fi5fi-5fi -5.06948081284 -0.836205825971 3.7979
5fi5fi-5fi- -5.06948081284 -0.836205825971 3.7979
5fi5fi-5fi-5fi -4.93777771496 -0.979609818906 3.5152
5fi5fi-5fi-5fi- -4.93777771496 -0.979609818906 3.5152
5fi5fi-5fi5fi -4.93777771496 -0.979609818906 3.5152
5fi5fi-5fi5fi- -4.93777771496 -0.979609818906 3.5152
5fi5fi5fi -5.069208699 -0.836205825971 3.7978
5fi5fi5fi- -5.069208699 -0.836205825971 3.7978
5fi5fi5fi-5fi -4.93777771496 -0.979609818906 3.5152
5fi5fi5fi-5fi- -4.93777771496 -0.979609818906 3.5152
5fi5fi5fi5fi -4.93777771496 -0.979609818906 3.5152
5fi5fi5fi5fi- -4.93777771496 -0.979609818906 3.5152
5fl -5.68690711259 0.103947486339 5.3716
5fl5fl -5.39438473611 -0.520281659374 4.4413
5fl5fl- -5.39247993924 -0.52109800089 4.4398
5fl5fl-5fl -5.12852951581 -0.747224600754 3.9204
5fl5fl-5fl- -5.05124918565 -1.00192315367 3.6704
5fl5fl-5fl-5fl -5.01288113441 -0.837838509003 3.6831
5fl5fl-5fl-5fl- -4.84308209913 -1.0275018545 3.4183
5fl5fl-5fl5fl -4.93641714577 -1.191858613 3.3530
5fl5fl-5fl5fl- -5.01315324825 -0.838110622842 3.6829
5fl5fl5fl -5.09233837528 -0.881376723177 3.8160
5fl5fl5fl- -5.12852951581 -0.747224600754 3.9204
5fl5fl5fl-5fl -5.01315324825 -0.838110622842 3.6829
5fl5fl5fl-5fl- -4.99791487329 -0.968997379201 3.5720
5fl5fl5fl5fl -4.94621324396 -1.18070194562 3.3709
5fl5fl5fl5fl- -4.94702958547 -1.08355730525 3.4666
5ga -6.47494878913 -0.468307916205 5.2666
5ga5ga -5.89861167901 -1.14287812206 4.2806
5ga5ga- -5.85861094473 -1.1276397471 4.2430
5ga5ga-5ga -5.64799483367 -1.42723708338 3.7664
5ga5ga-5ga- -5.64799483367 -1.42696496954 3.7664
5ga5ga-5ga-5ga -5.51629173579 -1.59703611865 3.4627
5ga5ga-5ga-5ga- -5.45941994353 -1.62016579493 3.4019
5ga5ga-5ga5ga -5.45969205737 -1.61962156726 3.4023
5ga5ga-5ga5ga- -5.54023775359 -1.61336294897 3.4722
5ga5ga5ga -5.64772271983 -1.42696496954 3.7663
5ga5ga5ga- -5.66105629792 -1.43240724631 3.7679
5ga5ga5ga-5ga -5.54568003036 -1.6079206722 3.4756
5ga5ga5ga-5ga- -5.52962531388 -1.5875121343 3.4799
5ga5ga5ga5ga- -5.45941994353 -1.62016579493 3.4020
5gd -6.41943756606 -1.43703318157 4.4005
5gd5gd -6.44528838072 -2.05609216435 3.7821
5gd5gd- -6.4613430972 -2.06534403486 3.7833
5gd5gd-5gd -6.53100423988 -2.35949909437 3.5787
5gd5gd-5gd- -6.4648805771 -2.36085966356 3.5255
5gd5gd-5gd-5gd -6.60229806559 -2.50099829043 3.5108
5gd5gd-5gd5gd -6.4409345593 -2.53963845551 3.3565
5gd5gd-5gd5gd- -6.58080107234 -2.37337690014 3.6143
5gd5gd5gd -6.4648805771 -2.3611317774 3.5252
5gd5gd5gd- -6.5065139944 -2.34888665466 3.5666
5gd5gd5gd-5gd -6.63930554763 -2.41990836654 3.5682
5gd5gd5gd5gd -6.44800951911 -2.52929812965 3.3680
5gd5gd5gd5gd- -6.44311147001 -2.53365195106 3.3610
5ge -5.96010940653 -0.859335502251 4.5181
5ge5ge -5.83384858542 -1.41989000974 3.8928
5ge5ge- -5.83384858542 -1.41989000974 3.8927
5ge5ge-5ge -5.79820167257 -1.65826173234 3.6355
5ge5ge-5ge- -5.73479914818 -1.69363653135 3.5662
5ge5ge-5ge-5ge -5.77180663022 -1.77146108919 3.4797
5ge5ge-5ge-5ge- -5.67085239611 -1.85200678541 3.3589
5ge5ge-5ge5ge -5.76935760568 -1.75703905574 3.4890
5ge5ge-5ge5ge- -5.77180663022 -1.77173320303 3.4796
5ge5ge5ge -5.73479914818 -1.69363653135 3.5661
5ge5ge5ge- -5.76554801194 -1.63921376364 3.6130
5ge5ge5ge-5ge -5.77180663022 -1.77146108919 3.4798
5ge5ge5ge-5ge- -5.73996931111 -1.77989661818 3.4585
5ge5ge5ge5ge -5.67085239611 -1.85227889925 3.3588
5ge5ge5ge5ge- -5.67058028227 -1.85227889925 3.3588
5gf -5.82976687784 -0.198643102167 5.1456
5gf5gf -5.61017101011 -0.971446403748 4.1579
5gf5gf- -5.61044312394 -0.971718517587 4.1579
5gf5gf-5gf -5.48227750597 -1.30995601895 3.7084
5gf5gf-5gf- -5.48227750597 -1.30968390511 3.7086
5gf5gf-5gf-5gf -5.38431652408 -1.52465383759 3.4107
5gf5gf-5gf-5gf- -5.38431652408 -1.52465383759 3.4106
5gf5gf-5gf5gf -5.38486075176 -1.4838367618 3.4319
5gf5gf-5gf5gf- -5.3851328656 -1.4838367618 3.4320
5gf5gf5gf -5.46105262656 -1.30587431137 3.7257
5gf5gf5gf- -5.46105262656 -1.30587431137 3.7257
5gf5gf5gf-5gf -5.37751367812 -1.47785025735 3.4506
5gf5gf5gf-5gf- -5.37751367812 -1.47785025735 3.4505
5gf5gf5gf5gf -5.36009839245 -1.51540196708 3.4190
5gf5gf5gf5gf- -5.3576493679 -1.52410960991 3.4102
5gg -5.94922485298 -0.466131005496 4.6002
5gg5gg -6.05317233932 -1.07076795483 4.2253
5gg5gg- -6.05317233932 -1.07076795483 4.2253
5gg5gg-5gg-5gg -6.05426079468 -1.53934798487 3.9094
5gg5gg-5gg-5gg- -6.00228705151 -1.57880449147 3.8791
5gg5gg-5gg5gg -6.05698193306 -1.4802992819 4.0039
5gg5gg-5gg5gg- -6.06133575448 -1.47540123281 3.9508
5gg5gg5gg -5.91303371245 -1.47077529755 3.8696
5gg5gg5gg- -5.91248948477 -1.47159163907 3.8687
5gg5gg5gg-5gg -5.94323834853 -1.49689822606 3.8613
5gg5gg5gg-5gg- -5.94106143782 -1.50179627515 3.8580
5gg5gg5gg5gg -5.86813492908 -1.62968977929 3.7223
5gg5gg5gg5gg- -5.86813492908 -1.62968977929 3.7225
5gh -5.53806084288 -0.214425704805 4.8201
5gh5gh -5.25587879227 -0.767361024809 3.9853
5gh5gh- -5.25587879227 -0.767361024809 3.9853
5gh5gh-5gh -5.13451602026 -0.998385673768 3.6230
5gh5gh-5gh- -5.13451602026 -0.998385673768 3.6230
5gh5gh-5gh-5gh -5.07492308961 -1.13144934084 3.4172
5gh5gh-5gh-5gh- -5.07492308961 -1.13144934084 3.4172
5gh5gh-5gh5gh -5.07492308961 -1.13144934084 3.4172
5gh5gh-5gh5gh- -5.07492308961 -1.13144934084 3.4172
5gh5gh5gh -5.13451602026 -0.998385673768 3.6230
5gh5gh5gh- -5.13451602026 -0.998385673768 3.6230
5gh5gh5gh-5gh -5.07492308961 -1.13144934084 3.4172
5gh5gh5gh-5gh- -5.07492308961 -1.13144934084 3.4172
5gh5gh5gh5gh -5.07492308961 -1.13144934084 3.4172
5gh5gh5gh5gh- -5.07492308961 -1.13144934084 3.4172
5gi -6.35712349702 -0.323815467916 5.3396
5gi5gi -5.97344298462 -0.868587372763 4.5709
5gi5gi- -5.97317087078 -0.868859486602 4.5706
5gi5gi-5gi -5.75575191375 -1.08981592353 4.1367
5gi5gi-5gi- -5.76010573517 -1.07702657312 4.1511
5gi5gi-5gi-5gi -5.70840410583 -1.22451227363 3.9434
5gi5gi-5gi-5gi- -5.70867621967 -1.22451227363 3.9435
5gi5gi-5gi5gi -5.70840410583 -1.22451227363 3.9432
5gi5gi-5gi5gi- -5.70867621967 -1.22451227363 3.9435
5gi5gi5gi -5.76010573517 -1.07729868696 4.1508
5gi5gi5gi- -5.75520768607 -1.09063226505 4.1358
5gi5gi5gi-5gi -5.70867621967 -1.22451227363 3.9435
5gi5gi5gi-5gi- -5.70867621967 -1.22424015979 3.9436
5gi5gi5gi5gi -5.70840410583 -1.22451227363 3.9432
5gi5gi5gi5gi- -5.70867621967 -1.22451227363 3.9435
5gl -5.75058175081 -0.210888224903 5.0443
5gl5gl -5.63602182477 -1.09008803737 4.1250
5gl5gl- -5.63602182477 -1.09008803737 4.1250
5gl5gl-5gl -5.45098441453 -1.39539976426 3.6389
5gl5gl-5gl- -5.45098441453 -1.39539976426 3.6389
5gl5gl-5gl-5gl -5.37098294599 -1.54533448932 3.3860
5gl5gl-5gl-5gl- -5.18512919424 -1.5077827796 3.2648
5gl5gl-5gl5gl -5.37125505983 -1.54533448932 3.3861
5gl5gl-5gl5gl- -5.37125505983 -1.54533448932 3.3861
5gl5gl5gl -5.2180549687 -1.35703171302 3.4944
5gl5gl5gl- -5.45098441453 -1.39539976426 3.6389
5gl5gl5gl-5gl -5.37125505983 -1.54533448932 3.3860
5gl5gl5gl-5gl- -5.18512919424 -1.50751066576 3.2649
5gl5gl5gl5gl -5.28336228996 -1.70860279247 3.1983
5gl5gl5gl5gl- -5.02131666341 -1.59730823249 3.0724
5ha -5.36499644154 0.125716593426 5.0610
5ha5ha -4.98322072601 -0.579330362347 3.9891
5ha5ha- -4.98322072601 -0.579330362347 3.9890
5ha5ha-5ha -4.79519006354 -0.87294119418 3.5092
5ha5ha-5ha- -4.79519006354 -0.87294119418 3.5092
5ha5ha-5ha-5ha -4.6496091599 -1.04954307542 3.1935
5ha5ha-5ha-5ha- -4.6496091599 -1.04954307542 3.1935
5ha5ha-5ha5ha -4.6496091599 -1.04954307542 3.1938
5ha5ha-5ha5ha- -4.6496091599 -1.04954307542 3.1935
5ha5ha5ha -4.79519006354 -0.87294119418 3.5092
5ha5ha5ha- -4.79519006354 -0.87294119418 3.5092
5ha5ha5ha-5ha -4.6496091599 -1.04954307542 3.1935
5ha5ha5ha-5ha- -4.6496091599 -1.04954307542 3.1936
5ha5ha5ha5ha -4.6496091599 -1.04954307542 3.1938
5ha5ha5ha5ha- -4.6496091599 -1.04954307542 3.1938
5hd -5.94296623469 -1.11457828284 4.2827
5hd5hd -5.74214622182 -1.80030515608 3.4643
5hd5hd- -5.74214622182 -1.80030515608 3.4643
5hd5hd-5hd -5.6602399564 -2.10806590752 3.0866
5hd5hd-5hd- -5.6602399564 -2.10806590752 3.0866
5hd5hd-5hd-5hd -5.60227970879 -2.30425998514 2.8439
5hd5hd-5hd-5hd- -5.60227970879 -2.30425998514 2.8439
5hd5hd-5hd5hd -5.60227970879 -2.30425998514 2.8439
5hd5hd-5hd5hd- -5.60227970879 -2.30425998514 2.8439
5hd5hd5hd -5.6602399564 -2.10806590752 3.0866
5hd5hd5hd- -5.6602399564 -2.10806590752 3.0866
5hd5hd5hd-5hd -5.60227970879 -2.30425998514 2.8439
5hd5hd5hd-5hd- -5.60227970879 -2.30425998514 2.8439
5hd5hd5hd5hd -5.60227970879 -2.30425998514 2.8439
5hd5hd5hd5hd- -5.60227970879 -2.30425998514 2.8439
5he -5.4648622203 -0.535792148174 4.3777
5he5he -5.09152203376 -1.00927022731 3.5856
5he5he- -5.08907300922 -1.0084538858 3.5837
5he5he-5he -4.92526047839 -1.27485333377 3.1704
5he5he-5he- -4.92471625071 -1.27485333377 3.1701
5he5he-5he-5he -4.80879575547 -1.39240651204 2.9434
5he5he-5he-5he- -4.80906786931 -1.3921343982 2.9439
5he5he-5he5he -4.80879575547 -1.3921343982 2.9435
5he5he-5he5he- -4.80879575547 -1.3921343982 2.9435
5he5he5he -4.92526047839 -1.27485333377 3.1704
5he5he5he- -4.92526047839 -1.27485333377 3.1704
5he5he5he-5he -4.80879575547 -1.3921343982 2.9434
5he5he5he-5he- -4.80879575547 -1.3921343982 2.9435
5he5he5he5he -4.80879575547 -1.3921343982 2.9435
5he5he5he5he- -4.80879575547 -1.39240651204 2.9434
5hf -5.19084358485 0.348305713389 5.1576
5hf5hf- -4.95900259437 -0.54994206778 3.9074
5hf5hf-5hf -4.75736623998 -0.909948676228 3.4622
5hf5hf-5hf5hf- -4.60471037653 -1.09716299717 3.1301
5hg -5.45044018686 -0.334972135298 4.6000
5hh -5.207442529 0.451436858212 5.1508
5hi -5.35302343264 0.275651318487 5.1998
5hi5hi -5.02757528169 -0.320005874176 4.2145
5hi5hi- -5.02757528169 -0.320005874176 4.2145
5hi5hi-5hi -4.87981746734 -0.554295889197 3.8291
5hi5hi-5hi- -4.87981746734 -0.554295889197 3.8291
5hi5hi-5hi-5hi -4.79927177112 -0.673753864336 3.6188
5hi5hi-5hi-5hi- -4.79927177112 -0.673753864336 3.6189
5hi5hi-5hi5hi -4.79927177112 -0.673753864336 3.6188
5hi5hi-5hi5hi- -4.79927177112 -0.673753864336 3.6188
5hi5hi5hi -4.87981746734 -0.554295889197 3.8291
5hi5hi5hi- -4.87981746734 -0.554295889197 3.8291
5hi5hi5hi-5hi -4.79927177112 -0.673753864336 3.6188
5hi5hi5hi-5hi- -4.79927177112 -0.673753864336 3.6188
5hi5hi5hi5hi -4.79927177112 -0.673753864336 3.6188
5hi5hi5hi5hi- -4.79927177112 -0.673753864336 3.6188
5hl -5.14376789077 0.411708237779 5.1649
5hl5hl -4.88770876866 -0.572799630221 3.9872
5hl5hl- -4.88770876866 -0.572799630221 3.9872
5hl5hl-5hl -4.60035655512 -0.869403714279 3.3838
5hl5hl-5hl- -4.46402752199 -0.737700616404 3.3870
5hl5hl-5hl-5hl -4.430285406 -1.00464429206 3.0648
5hl5hl-5hl-5hl- -4.43055751984 -1.00464429206 3.0650
5hl5hl-5hl5hl -4.430285406 -1.00464429206 3.0648
5hl5hl-5hl5hl- -4.430285406 -1.00464429206 3.0648
5hl5hl5hl -4.60035655512 -0.869403714279 3.3838
5hl5hl5hl- -4.60035655512 -0.869403714279 3.3838
5hl5hl5hl-5hl -4.430285406 -1.00464429206 3.0648
5hl5hl5hl-5hl- -4.430285406 -1.00464429206 3.0648
5hl5hl5hl5hl -4.44171418722 -1.03484892814 3.0550
5hl5hl5hl5hl- -4.34620222988 -0.906139082488 3.0789
5ia -6.2109983657 -0.00054422767717 5.8637
5ia5ia -5.65098808589 -0.700148906679 4.5400
5ia5ia- -5.65098808589 -0.700148906679 4.5400
5ia5ia-5ia -5.4528892114 -0.968453151524 4.0353
5ia5ia-5ia- -5.4528892114 -0.968453151524 4.0353
5ia5ia-5ia-5ia -5.37860213347 -1.08001982534 3.8101
5ia5ia-5ia-5ia- -5.37860213347 -1.08001982534 3.8102
5ia5ia-5ia5ia -5.37860213347 -1.08001982534 3.8103
5ia5ia-5ia5ia- -5.37860213347 -1.08001982534 3.8101
5ia5ia5ia -5.4528892114 -0.968453151524 4.0352
5ia5ia5ia- -5.4528892114 -0.968453151524 4.0352
5ia5ia5ia-5ia -5.37860213347 -1.0797477115 3.8103
5ia5ia5ia-5ia- -5.37860213347 -1.0797477115 3.8103
5ia5ia5ia5ia -5.37860213347 -1.08001982534 3.8102
5ia5ia5ia5ia- -5.37860213347 -1.08001982534 3.8101
5id -6.98026418738 -1.15838861086 5.3439
5id5id -6.65182278421 -1.8879258121 4.2934
5id5id- -6.65182278421 -1.8879258121 4.2934
5id5id-5id -6.59467887811 -2.20548266173 3.8894
5id5id-5id- -6.59467887811 -2.20548266173 3.8894
5id5id-5id-5id -6.59386253659 -2.39242486884 3.6787
5id5id-5id-5id- -6.59386253659 -2.39242486884 3.6787
5id5id-5id5id -6.59386253659 -2.39242486884 3.6787
5id5id-5id5id- -6.59386253659 -2.39242486884 3.6787
5id5id5id -6.59467887811 -2.20548266173 3.8894
5id5id5id- -6.59467887811 -2.20548266173 3.8894
5id5id5id-5id -6.59386253659 -2.39242486884 3.6787
5id5id5id-5id- -6.59386253659 -2.39242486884 3.6787
5id5id5id5id -6.59386253659 -2.39242486884 3.6787
5id5id5id5id- -6.59386253659 -2.39242486884 3.6787
5ie -6.17045340375 -0.567085239611 5.2695
5ie5ie -5.84609370816 -1.10695909536 4.2811
5ie5ie- -5.846365822 -1.10695909536 4.2814
5ie5ie-5ie -5.70513873977 -1.32111268633 3.8956
5ie5ie-5ie- -5.70513873977 -1.32111268633 3.8957
5ie5ie-5ie-5ie -5.63520548325 -1.43948220611 3.6881
5ie5ie-5ie-5ie- -5.63520548325 -1.43948220611 3.6881
5ie5ie-5ie5ie -5.63520548325 -1.43948220611 3.6881
5ie5ie-5ie5ie- -5.63520548325 -1.43948220611 3.6881
5ie5ie5ie -5.70513873977 -1.32138480017 3.8953
5ie5ie5ie- -5.70513873977 -1.32111268633 3.8957
5ie5ie5ie-5ie -5.63520548325 -1.43948220611 3.6881
5ie5ie5ie-5ie- -5.63520548325 -1.43948220611 3.6881
5ie5ie5ie5ie -5.63520548325 -1.43948220611 3.6881
5ie5ie5ie5ie- -5.63520548325 -1.43948220611 3.6881
5if -5.75493557223 0.148302042029 5.5064
5if5if -5.46758335869 -0.596745648017 4.3604
5if5if- -5.46758335869 -0.596745648017 4.3604
5if5if-5if -5.3492138389 -0.904234285618 3.9304
5if5if-5if- -5.3492138389 -0.904234285618 3.9304
5if5if-5if-5if -5.30866887695 -1.06450933654 3.7154
5if5if-5if5if -5.30866887695 -1.06450933654 3.7155
5if5if-5if5if- -5.30866887695 -1.06450933654 3.7154
5if5if5if- -5.3492138389 -0.904234285618 3.9304
5if5if5if-5if -5.30866887695 -1.06450933654 3.7155
5ig -5.81071890914 -0.163268303151 5.0249
5ig5ig -5.72418670847 -0.765456227939 4.3522
5ig5ig- -5.72391459463 -0.765728341778 4.3520
5ig5ig-5ig- -5.69779166613 -1.03512104198 4.0778
5ig5ig-5ig-5ig -5.7116694719 -1.13226568235 3.9891
5ig5ig-5ig5ig -5.7116694719 -1.13253779619 3.9890
5ig5ig-5ig5ig- -5.71194158574 -1.13253779619 3.9891
5ig5ig5ig- -5.69779166613 -1.03512104198 4.0779
5ig5ig5ig-5ig -5.71194158574 -1.13226568235 3.9893
5ih -5.35302343264 0.275651318487 5.1998
5ih5ih -5.02757528169 -0.320005874176 4.2145
5ih5ih- -5.02757528169 -0.320005874176 4.2145
5ih5ih-5ih -4.87981746734 -0.554295889197 3.8291
5ih5ih-5ih- -4.87981746734 -0.554295889197 3.8291
5ih5ih-5ih-5ih -4.79927177112 -0.673753864336 3.6188
5ih5ih-5ih-5ih- -4.79927177112 -0.673753864336 3.6188
5ih5ih-5ih5ih -4.79927177112 -0.673753864336 3.6188
5ih5ih-5ih5ih- -4.79927177112 -0.673753864336 3.6188
5ih5ih5ih -4.87981746734 -0.554295889197 3.8291
5ih5ih5ih- -4.87981746734 -0.554568003036 3.8291
5ih5ih5ih-5ih -4.79927177112 -0.673753864336 3.6188
5ih5ih5ih-5ih- -4.79927177112 -0.673753864336 3.6189
5ih5ih5ih5ih -4.79927177112 -0.673753864336 3.6188
5ih5ih5ih5ih- -4.79927177112 -0.673753864336 3.6189
5ii -6.10215283027 0.13660114697 5.8722
5il -5.69017247865 0.21143245258 5.4810
5il5il -5.45751514666 -0.616065730556 4.4048
5il5il- -5.61370849001 -0.720285330734 4.4678
5il5il-5il -5.38350018256 -1.03212778975 3.9119
5il5il-5il- -5.38350018256 -1.03212778975 3.9119
5il5il-5il-5il -5.28635554219 -1.15621170015 3.6583
5il5il-5il-5il- -5.28635554219 -1.15621170015 3.6583
5il5il-5il5il -5.28635554219 -1.15621170015 3.6583
5il5il-5il5il- -5.28635554219 -1.15621170015 3.6583
5il5il5il -5.38350018256 -1.03212778975 3.9119
5il5il5il- -5.38350018256 -1.03212778975 3.9119
5il5il5il-5il -5.28635554219 -1.15621170015 3.6583
5il5il5il-5il- -5.28635554219 -1.15621170015 3.6583
5il5il5il5il -5.28635554219 -1.15621170015 3.6584
5il5il5il5il- -5.28635554219 -1.15621170015 3.6583
5la -5.77670467932 0.0299325222443 5.3952
5la5la -5.06866447132 -0.833756801424 3.9421
5la5la- -5.06866447132 -0.833756801424 3.9421
5la5la-5la -4.70403192762 -1.1608376354 3.2769
5la5la-5la- -4.70403192762 -1.1608376354 3.2769
5la5la-5la-5la -4.43327865823 -1.39240651204 2.7956
5la5la-5la-5la- -4.43327865823 -1.39240651204 2.7956
5la5la-5la5la- -4.43327865823 -1.39240651204 2.7956
5la5la5la -4.70403192762 -1.1608376354 3.2769
5la5la5la- -4.70403192762 -1.1608376354 3.2769
5la5la5la-5la -4.43327865823 -1.39240651204 2.7957
5la5la5la5la -4.43327865823 -1.39240651204 2.7956
5la5la5la5la- -4.43327865823 -1.39240651204 2.7956
5ld -6.47576513064 -1.14832039883 4.8018
5le -5.93371436418 -0.550214181619 4.8624
5lf -5.56636068209 0.266943675652 5.3461
5lg -5.69207727552 -0.0851716314771 5.0246
5lg5lg -5.59221149676 -0.991310713965 4.1164
5lg5lg- -5.59221149676 -0.991310713965 4.1164
5lg5lg-5lg- -5.47601888768 -1.36056919292 3.6525
5lg5lg-5lg-5lg -5.24989228782 -1.66724148901 3.1862
5lg5lg-5lg-5lg- -5.16199951796 -1.59132172804 3.1795
5lg5lg5lg -5.47601888768 -1.36056919292 3.6526
5lg5lg5lg5lg -5.40254815126 -1.55621904287 3.3741
5lg5lg5lg5lg- -5.40254815126 -1.55621904287 3.3741
5lh -5.14376789077 0.411708237779 5.1649
5lh5lh -4.7271616039 -0.405449619492 3.9656
5lh5lh- -4.76933924888 -0.476743445201 3.9841
5lh5lh-5lh -4.46402752199 -0.737700616404 3.3870
5lh5lh-5lh- -4.46402752199 -0.737700616404 3.3870
5lh5lh-5lh-5lh -4.35953580797 -0.925187051189 3.0670
5lh5lh-5lh5lh -4.35953580797 -0.925187051189 3.0670
5lh5lh-5lh5lh- -4.3682434508 -0.973623314457 3.0495
5lh5lh5lh- -4.46402752199 -0.737700616404 3.3870
5lh5lh5lh-5lh -4.35953580797 -0.925187051189 3.0670
5li -5.69017247865 0.21143245258 5.4810
5li5li -5.45751514666 -0.616065730556 4.4048
5li5li- -5.45751514666 -0.616065730556 4.4048
5li5li-5li -4.86593966158 -1.11838787658 3.4467
5li5li-5li- -4.86593966158 -1.11838787658 3.4467
5li5li-5li-5li- -4.79382949435 -1.17798080723 3.2535
5li5li-5li5li -4.95818625286 -1.12192535649 3.4234
5li5li5li -4.86593966158 -1.11838787658 3.4467
5li5li5li- -4.86593966158 -1.11838787658 3.4467
5li5li5li-5li -4.79355738051 -1.17798080723 3.2534
5li5li5li-5li- -4.79382949435 -1.17798080723 3.2536
5li5li5li5li -4.89832120837 -1.23267568879 3.3334
5li5li5li5li- -4.95791413902 -1.12192535649 3.4234
5ll -5.44037197483 0.230480421281 5.2841
5ll5ll -5.2025444799 -0.810082897467 4.0840
5ll5ll- -5.46078051272 -0.544499791008 4.3756
5ll5ll-5ll -5.30104968947 -0.762735089554 3.9952
5ll5ll-5ll- -5.35492822951 -0.755115902073 4.0291
5ll5ll-5ll-5ll -5.14404000461 -0.92491493735 3.7055
5ll5ll-5ll-5ll- -5.14948228138 -0.850355745578 3.7814
5ll5ll-5ll5ll -5.27138928107 -0.931717783315 3.8212
5ll5ll-5ll5ll- -5.23302122983 -0.881920950854 3.7987
5ll5ll5ll- -5.31683229211 -0.678379799592 4.1018
5ll5ll5ll-5ll -5.18866667414 -0.86913160044 3.7886
5ll5ll5ll-5ll- -5.09097780609 -1.03620949733 3.5981
5ll5ll5ll5ll -5.2455384664 -0.907499651681 3.8332
5ll5ll5ll5ll- -5.1883945603 -0.869675828117 3.7879
6ag -6.2991632494 -0.777429236837 4.8430
6dg -6.85237068325 -1.78751580566 4.6455
6eg -6.19875324296 -1.19893357281 4.5704
6fg -5.88174062101 -0.781238830577 4.5067
6ga -6.26079519816 -0.750217852979 4.8020
6ga6ga -5.99385152251 -1.47540123281 3.8437
6ga6ga- -5.99385152251 -1.47512911897 3.8438
6ga6ga-6ga -5.85316866796 -1.84493182561 3.4619
6ga6ga-6ga- -5.85316866796 -1.84493182561 3.4619
6ga6ga-6ga-6ga -5.81425638904 -2.06126232728 3.2821
6ga6ga-6ga-6ga- -5.81425638904 -2.06153444112 3.2818
6ga6ga-6ga6ga -5.83276013007 -2.04820086303 3.3224
6ga6ga-6ga6ga- -5.83303224391 -2.04820086303 3.3224
6ga6ga6ga -5.91112891558 -1.8378568658 3.5135
6ga6ga6ga- -5.85316866796 -1.84493182561 3.4619
6ga6ga6ga-6ga -5.83303224391 -2.04792874919 3.3225
6ga6ga6ga-6ga- -5.83303224391 -2.04820086303 3.3224
6ga6ga6ga6ga- -5.83303224391 -2.04792874919 3.3225
6gd -6.83713230828 -1.74860352675 4.6370
6gd6gd -6.7271983175 -2.383717226 3.6836
6gd6gd- -6.7271983175 -2.383717226 3.6837
6gd6gd-6gd -6.63658440925 -2.80195619591 3.2848
6gd6gd-6gd- -6.63658440925 -2.80195619591 3.2846
6gd6gd-6gd-6gd -6.58379432456 -3.05692686266 3.0872
6gd6gd-6gd-6gd- -6.58379432456 -3.05692686266 3.0872
6gd6gd-6gd6gd -6.56910017728 -3.05284515508 3.0861
6gd6gd-6gd6gd- -6.56910017728 -3.05311726892 3.0858
6gd6gd6gd -6.65753717482 -2.7927043254 3.3073
6gd6gd6gd- -6.63658440925 -2.80168408207 3.2850
6gd6gd6gd-6gd -6.56910017728 -3.05311726892 3.0857
6gd6gd6gd-6gd- -6.56882806344 -3.05284515508 3.0858
6gd6gd6gd6gd -6.56882806344 -3.05284515508 3.0859
6gd6gd6gd6gd- -6.56882806344 -3.05311726892 3.0857
6ge -6.19276673852 -1.16056552156 4.5598
6ge6ge -5.97317087078 -1.67622124568 3.6645
6ge6ge- -5.97317087078 -1.67622124568 3.6645
6ge6ge-6ge -5.85071964341 -2.02044525149 3.3043
6ge6ge-6ge- -5.85071964341 -2.02044525149 3.3043
6ge6ge-6ge-6ge -5.80418817702 -2.21500664608 3.1559
6ge6ge-6ge-6ge- -5.80418817702 -2.21500664608 3.1559
6ge6ge-6ge6ge- -5.77207874406 -2.21419030457 3.1355
6ge6ge6ge- -5.85071964341 -2.02044525149 3.3043
6ge6ge6ge-6ge -5.77207874406 -2.21391819073 3.1355
6ge6ge6ge6ge -5.79520842034 -2.22017680901 3.1470
6gf -5.85371289564 -0.795116636345 4.4609
6gf6gf -5.85099175725 -1.52383749608 3.6938
6gf6gf- -5.85099175725 -1.52383749608 3.6937
6gf6gf-6gf -5.86105996928 -1.88329987685 3.3967
6gf6gf-6gf- -5.87194452282 -1.88874215362 3.4063
6gf6gf-6gf-6gf -5.89725110981 -2.08058240982 3.2622
6gf6gf-6gf-6gf- -5.89725110981 -2.08058240982 3.2623
6gf6gf-6gf6gf -5.85235232645 -2.09119484953 3.2288
6gf6gf-6gf6gf- -5.85235232645 -2.09119484953 3.2288
6gf6gf6gf -5.86105996928 -1.88329987685 3.3966
6gf6gf6gf- -5.86105996928 -1.88329987685 3.3967
6gf6gf6gf-6gf -5.85235232645 -2.09119484953 3.2288
6gf6gf6gf-6gf- -5.85235232645 -2.09119484953 3.2288
6gf6gf6gf6gf -5.93398647802 -2.07133053931 3.3084
6gf6gf6gf6gf- -5.87493777505 -2.08085452366 3.2627
6gg -5.93752395792 -0.948316727468 4.3506
6gh -5.4373787226 -0.590487029729 4.2700
6gh6gh -5.37452042589 -1.19104227149 3.5557
6gh6gh- -5.37452042589 -1.19104227149 3.5557
6gh6gh-6gh -5.36853392144 -1.4732243221 3.3382
6gh6gh-6gh- -5.36853392144 -1.4732243221 3.3383
6gh6gh-6gh-6gh -5.32553993495 -1.64982620334 3.1932
6gh6gh-6gh-6gh- -5.32553993495 -1.64982620334 3.1933
6gh6gh-6gh6gh -5.32553993495 -1.64982620334 3.1932
6gh6gh-6gh6gh- -5.32553993495 -1.64982620334 3.1933
6gh6gh6gh -5.36853392144 -1.4732243221 3.3383
6gh6gh6gh- -5.36853392144 -1.4732243221 3.3383
6gh6gh6gh-6gh -5.32553993495 -1.64982620334 3.1934
6gh6gh6gh-6gh- -5.32553993495 -1.64982620334 3.1933
6gh6gh6gh6gh -5.32553993495 -1.64982620334 3.1933
6gh6gh6gh6gh- -5.32553993495 -1.64982620334 3.1932
6gi -6.08555388611 -0.707495980321 4.7090
6gi6gi -6.06541746206 -0.998657787607 4.3691
6gi6gi- -6.06460112054 -0.994031852351 4.3728
6gi6gi-6gi -5.90840777719 -1.51948367466 3.7881
6gi6gi-6gi- -5.90541452497 -1.52274904072 3.7821
6gi6gi6gi -5.92500672135 -1.49499342919 3.8276
6gi6gi6gi- -5.92555094903 -1.49417708767 3.8287
6gi6gi6gi-6gi- -5.91439428164 -1.64084644667 3.7894
6gi6gi6gi6gi -5.91629907851 -1.64220701586 3.7876
6gl -5.7426904495 -0.711305574061 4.4405
6gl6gl -5.45098441453 -1.37852870627 3.4476
6gl6gl- -5.45098441453 -1.37852870627 3.4475
6gl6gl-6gl -5.29479107119 -1.69744612509 3.0963
6gl6gl-6gl- -5.29479107119 -1.69744612509 3.0962
6gl6gl-6gl-6gl -5.18104748666 -1.88139507998 2.8926
6gl6gl-6gl-6gl- -5.18104748666 -1.88139507998 2.8926
6gl6gl-6gl6gl -5.18948301565 -1.86098654208 2.9292
6gl6gl-6gl6gl- -5.18948301565 -1.86098654208 2.9292
6gl6gl6gl -5.32717261798 -1.69282018984 3.1291
6gl6gl6gl- -5.29479107119 -1.69771823893 3.0961
6gl6gl6gl-6gl -5.18948301565 -1.86098654208 2.9292
6gl6gl6gl-6gl- -5.18948301565 -1.86098654208 2.9293
6gl6gl6gl6gl -5.24798749095 -1.88166719381 2.9605
6gl6gl6gl6gl- -5.18240805585 -1.89690556878 2.8924
6hg -5.93697973025 -0.514839382603 4.7693
6ig -6.09698266733 -0.709128663352 4.7444
6lg -5.75847305213 -0.668583701403 4.5005
