12ag -7.32720933158 1.83268670287 5.3993
12ag12ag -6.92638564734 0.40191213959 4.7755
12ag12ag- -7.07033386795 0.368986365121 4.8330
12ag12ag-12ag -6.67821782655 -0.0840831761227 4.1750
12ag12ag-12ag- -6.59930481336 -0.0617698413588 4.1447
12ag12ag-12ag-12ag -6.44637683608 -0.288712782739 3.8226
12ag12ag-12ag-12ag- -6.46460846326 -0.304223271538 3.8247
12ag12ag-12ag12ag -6.49209196096 -0.341230753585 3.8092
12ag12ag-12ag12ag- -6.49045927793 -0.34231920894 3.8061
12ag12ag12ag -6.59930481336 -0.0617698413588 4.1447
12ag12ag12ag- -6.59930481336 -0.0617698413588 4.1447
12ag12ag12ag-12ag- -6.40093382503 -0.283814733644 3.7955
12ag12ag12ag12ag -6.44664894992 -0.288712782739 3.8227
12ag12ag12ag12ag- -6.44664894992 -0.288712782739 3.8228
12dg -7.98899018701 0.482185721972 5.4860
12dg12dg -8.0262697829 -0.719741103057 4.6978
12dg12dg- -8.02599766906 -0.720285330734 4.6972
12dg12dg-12dg -7.42136071973 -1.39703244729 3.7061
12dg12dg-12dg- -8.03280051503 -1.19294706836 4.3632
12dg12dg-12dg-12dg -8.08776751042 -1.4351283847 4.1879
12dg12dg-12dg-12dg- -8.09157710416 -1.44138700298 4.1847
12dg12dg-12dg12dg -8.09429824255 -1.43458415702 4.1961
12dg12dg-12dg12dg- -8.19606881818 -1.46669358997 4.2143
12dg12dg12dg -8.03280051503 -1.19321918219 4.3631
12dg12dg12dg- -8.06599840333 -1.18260674249 4.3715
12dg12dg12dg-12dg -8.09157710416 -1.44138700298 4.1848
12dg12dg12dg-12dg- -8.09157710416 -1.44138700298 4.1847
12dg12dg12dg12dg -8.09157710416 -1.44138700298 4.1847
12dg12dg12dg12dg- -8.02790246593 -1.51322505637 4.1052
12eg -7.50326698514 1.10124470475 5.5131
12eg12eg -7.11822590354 0.11347147069 4.5653
12eg12eg- -7.04012923187 0.150478952737 4.5408
12eg12eg-12eg -6.83060157616 -0.232929445829 4.1215
12eg12eg-12eg- -6.88339166084 -0.249256276144 4.1440
12eg12eg-12eg-12eg -6.82815255161 -0.401095798074 3.9712
12eg12eg-12eg-12eg- -6.76638271025 -0.46531466398 3.8981
12eg12eg-12eg12eg -6.76638271025 -0.465042550142 3.8981
12eg12eg-12eg12eg- -6.79005661421 -0.410891896263 3.9472
12eg12eg12eg -6.88339166084 -0.249256276144 4.1440
12eg12eg12eg- -6.89101084832 -0.231024648959 4.1502
12eg12eg12eg-12eg -6.82815255161 -0.400823684236 3.9712
12eg12eg12eg-12eg- -6.82815255161 -0.401095798074 3.9712
12eg12eg12eg12eg -6.76611059641 -0.465042550142 3.8980
12eg12eg12eg12eg- -6.76611059641 -0.46531466398 3.8978
12fg -7.50272275746 1.42179480661 5.9755
12fg12fg -6.84311881273 0.629671422485 4.8403
12fg12fg- -6.84311881273 0.629671422485 4.8406
12fg12fg-12fg -6.54651472868 0.225854486025 4.3141
12fg12fg-12fg- -6.53481383362 0.204357492777 4.2885
12fg12fg-12fg-12fg -6.41290683393 0.0269392700199 4.0618
12fg12fg-12fg-12fg- -6.34705528499 -0.0206806517325 3.9793
12fg12fg-12fg12fg -6.32229292568 -0.036735368209 3.9691
12fg12fg-12fg12fg- -6.41426740312 0.0282998392128 4.0657
12fg12fg12fg -6.53481383362 0.204357492777 4.2885
12fg12fg12fg- -6.53481383362 0.204357492777 4.2885
12fg12fg12fg-12fg -6.41290683393 0.0272113838585 4.0618
12fg12fg12fg-12fg- -6.41290683393 0.0269392700199 4.0618
12fg12fg12fg12fg -6.41290683393 0.0269392700199 4.0618
12fg12fg12fg12fg- -6.41290683393 0.0272113838585 4.0618
12ga -7.29482778478 1.82506751539 5.3055
12ga12ga -7.07441557553 0.34422400581 4.8166
12ga12ga- -7.08747703978 0.382047829373 4.8558
12ga12ga-12ga -6.66570058998 -0.0691169150006 4.1782
12ga12ga-12ga- -6.61209416377 -0.0484362632681 4.1607
12ga12ga-12ga-12ga -6.45807773114 -0.31157034518 3.8088
12ga12ga-12ga-12ga- -6.46869017084 -0.324631809432 3.8070
12ga12ga-12ga12ga -6.48909870873 -0.345312461164 3.8053
12ga12ga-12ga12ga- -6.48093529358 -0.336876932168 3.8064
12ga12ga12ga -6.66542847614 -0.0936071604732 4.1589
12ga12ga12ga- -6.66542847614 -0.0936071604732 4.1588
12ga12ga12ga-12ga -6.45889407265 -0.30966554831 3.8116
12ga12ga12ga-12ga- -6.45889407265 -0.30966554831 3.8116
12ga12ga12ga12ga -6.44719317759 -0.312386686695 3.8007
12ga12ga12ga12ga- -6.44719317759 -0.312386686695 3.8006
12gd -7.945179859 0.391027586047 5.4700
12gd12gd -7.93266262243 -0.643821342092 4.6239
12gd12gd- -7.98436425176 -0.652528984927 4.6579
12gd12gd-12gd -7.85211692621 -1.10097259091 4.2274
12gd12gd-12gd- -7.84123237266 -1.13525893458 4.2062
12gd12gd-12gd-12gd -7.7759250514 -1.40111415487 3.9490
12gd12gd-12gd-12gd- -7.73157049571 -1.43349570167 3.8975
12gd12gd-12gd12gd -7.73157049571 -1.43349570167 3.8973
12gd12gd-12gd12gd- -7.20992826715 -1.64275124354 3.3759
12gd12gd12gd- -7.86327359359 -1.08899958202 4.2428
12gd12gd12gd-12gd -7.80150375223 -1.35839228222 3.9886
12gd12gd12gd-12gd- -7.78218366969 -1.35893650989 3.9759
12gd12gd12gd12gd -7.73157049571 -1.4337678155 3.8972
12gd12gd12gd12gd- -7.73157049571 -1.43349570167 3.8974
12ge -7.46816429996 1.00518851973 5.4701
12ge12ge -7.08774915362 0.165989441537 4.6057
12ge12ge- -7.08747703978 0.165717327698 4.6056
12ge12ge-12ge -6.8725071073 -0.150206838899 4.2154
12ge12ge-12ge-12ge -6.73400116346 -0.373884414216 3.9483
12ge12ge-12ge-12ge- -6.68202742029 -0.414973603842 3.8882
12ge12ge-12ge12ge -6.67087075291 -0.421232222129 3.8738
12ge12ge-12ge12ge- -6.70733400728 -0.363271974511 3.9371
12ge12ge12ge -6.84529572344 -0.19238448388 4.1749
12ge12ge12ge- -6.88856182378 -0.170887490631 4.2142
12ge12ge12ge-12ge -6.74298092013 -0.341230753585 3.9706
12ge12ge12ge-12ge- -6.74597417236 -0.340958639747 3.9735
12ge12ge12ge12ge -6.67087075291 -0.420960108291 3.8739
12ge12ge12ge12ge- -6.67087075291 -0.421232222129 3.8738
12gf -7.23224160191 1.93472939234 5.5034
12gf12gf -6.7081503488 0.490621250969 4.6110
12gf12gf- -6.72175604072 0.602460038627 4.6952
12gf12gf-12gf -6.38651179159 0.175241312049 4.1164
12gf12gf-12gf- -6.35603504167 0.0334700021459 3.9931
12gf12gf-12gf-12gf -6.16909283456 -0.218779526222 3.6373
12gf12gf-12gf-12gf- -6.16909283456 -0.218779526222 3.6373
12gf12gf-12gf12gf -6.19412730771 -0.214425704805 3.6553
12gf12gf-12gf12gf- -6.22514828531 -0.0927908189575 3.7693
12gf12gf12gf -6.35603504167 0.0334700021459 3.9931
12gf12gf12gf- -6.35603504167 0.0334700021459 3.9931
12gf12gf12gf-12gf -6.19412730771 -0.214425704805 3.6553
12gf12gf12gf-12gf- -6.19412730771 -0.214425704805 3.6553
12gf12gf12gf12gf -6.1954878769 -0.214969932482 3.6586
12gf12gf12gf12gf- -6.19521576306 -0.214969932482 3.6584
12gg -7.41020405234 1.21145080938 5.1744
12gg12gg -7.14951899498 0.506948081284 4.9236
12gg12gg- -7.14951899498 0.506948081284 4.9236
12gg12gg-12gg -7.05319069612 0.0571439061028 4.4927
12gg12gg-12gg- -7.12938257092 0.0348305713389 4.5509
12gg12gg-12gg-12gg -6.97346134142 -0.180411474982 4.2991
12gg12gg-12gg-12gg- -6.9070655648 -0.177690336596 4.2744
12gg12gg-12gg12gg- -6.91931068754 -0.177146108919 4.2473
12gg12gg12gg -6.98080841506 0.0859879729928 4.5114
12gg12gg12gg- -7.02543508459 -0.0402728481106 4.4403
12gg12gg12gg12gg -6.9070655648 -0.177690336596 4.2744
12gg12gg12gg12gg- -6.9070655648 -0.177418222757 4.2746
12gh -7.04638785016 1.76792360929 5.8601
12gh12gh -6.33807552832 0.86722680357 4.5833
12gh12gh- -6.33807552832 0.866954689732 4.5833
12gh12gh-12gh -6.00092648231 0.563547759709 4.1050
12gh12gh-12gh- -6.00092648231 0.563547759709 4.1051
12gh12gh-12gh-12gh -5.75711248294 0.312114572857 3.7227
12gh12gh-12gh-12gh- -5.75738459678 0.312114572857 3.7229
12gh12gh-12gh12gh -5.75711248294 0.311842459018 3.7228
12gh12gh-12gh12gh- -5.75711248294 0.312114572857 3.7229
12gh12gh12gh -6.00065436847 0.563275645871 4.1047
12gh12gh12gh- -6.00119859615 0.563547759709 4.1052
12gh12gh12gh-12gh -5.75711248294 0.312114572857 3.7228
12gh12gh12gh-12gh- -5.75711248294 0.312114572857 3.7229
12gh12gh12gh12gh -5.75738459678 0.312114572857 3.7229
12gh12gh12gh12gh- -5.75738459678 0.312114572857 3.7229
12gi -7.72748878813 1.73608629017 6.0118
12gi12gi -7.10407598394 0.853621111641 5.1938
12gi12gi- -7.10407598394 0.853893225479 5.1939
12gi12gi-12gi -6.7963152325 0.483818405004 4.6583
12gi12gi-12gi- -6.79604311866 0.483818405004 4.6583
12gi12gi-12gi-12gi -6.73372904962 0.361911405318 4.4987
12gi12gi-12gi-12gi- -6.73372904962 0.362183519157 4.4991
12gi12gi-12gi12gi -6.74515783084 0.367081568251 4.5118
12gi12gi-12gi12gi- -6.74515783084 0.366809454412 4.5117
12gi12gi12gi -6.79604311866 0.483818405004 4.6584
12gi12gi12gi- -6.7963152325 0.483818405004 4.6585
12gi12gi12gi-12gi -6.74515783084 0.366809454412 4.5117
12gi12gi12gi-12gi- -6.73372904962 0.362183519157 4.4991
12gi12gi12gi12gi -6.73400116346 0.362455632995 4.4993
12gi12gi12gi12gi- -6.73345693578 0.361911405318 4.4984
12gl -7.78272789737 1.62288693332 5.9796
12gl12gl -6.73536173265 0.70178158971 4.7919
12gl12gl- -6.65563237795 0.738789071758 4.7848
12gl12gl-12gl -6.36419845682 0.236739039569 4.1735
12gl12gl-12gl- -6.30215650163 0.279188798388 4.1517
12gl12gl-12gl-12gl -6.11875177442 0.0557833369099 3.8280
12gl12gl-12gl-12gl- -6.11847966058 0.0557833369099 3.8279
12gl12gl-12gl12gl -6.14433047525 -0.00462593525594 3.8081
12gl12gl-12gl12gl- -6.14433047525 -0.00489804909453 3.8080
12gl12gl12gl -6.30215650163 0.279188798388 4.1518
12gl12gl12gl- -6.30215650163 0.279188798388 4.1517
12gl12gl12gl-12gl -6.11847966058 0.0557833369099 3.8280
12gl12gl12gl-12gl- -6.11847966058 0.0557833369099 3.8279
12gl12gl12gl12gl -6.11875177442 0.0557833369099 3.8280
12gl12gl12gl12gl- -6.11875177442 0.0557833369099 3.8280
12hg -7.04747630551 1.63295514535 5.7628
12hg12hg -6.58134530001 0.901513147232 4.8522
12hg12hg- -6.58134530001 0.901513147232 4.8523
12hg12hg-12hg -6.35249756176 0.513206699571 4.3860
12hg12hg-12hg- -6.3527696756 0.513206699571 4.3860
12hg12hg-12hg-12hg -6.13371803554 0.198915216006 3.9989
12hg12hg-12hg-12hg- -6.13399014938 0.198915216006 3.9992
12hg12hg-12hg12hg -6.13399014938 0.198915216006 3.9992
12hg12hg-12hg12hg- -6.13371803554 0.198915216006 3.9989
12hg12hg12hg -6.35249756176 0.513206699571 4.3860
12hg12hg12hg- -6.35249756176 0.512934585733 4.3859
12hg12hg12hg-12hg -6.24773373391 0.299597336282 4.1505
12hg12hg12hg-12hg- -6.13399014938 0.198915216006 3.9992
12hg12hg12hg12hg -6.13371803554 0.198915216006 3.9989
12hg12hg12hg12hg- -6.13399014938 0.198915216006 3.9992
12ig -7.24312615545 1.93962744143 5.4358
12ig12ig -6.8725071073 0.932262010992 5.0858
12ig12ig- -6.8725071073 0.93253412483 5.0860
12ig12ig-12ig -6.73699441569 0.539057514237 4.6707
12ig12ig-12ig- -6.73699441569 0.539057514237 4.6708
12ig12ig-12ig-12ig -6.59141351204 0.22694294138 4.3250
12ig12ig-12ig-12ig- -6.57481456789 0.213337249451 4.3013
12ig12ig-12ig12ig -6.74189246478 0.398646773527 4.5436
12ig12ig-12ig12ig- -6.75196067681 0.404633277976 4.5558
12ig12ig12ig -6.73699441569 0.539057514237 4.6708
12ig12ig12ig- -6.73699441569 0.538785400398 4.6706
12ig12ig12ig-12ig -6.75359335984 0.406810188684 4.5585
12ig12ig12ig-12ig- -6.75359335984 0.406810188684 4.5586
12ig12ig12ig12ig -6.71440896708 0.370346934314 4.5006
12lg -7.24965688758 1.98398199712 5.5127
13ag -6.73753864336 2.30779746504 5.1953
13ag13ag -6.7688317348 1.40383529326 5.4130
13ag13ag- -6.57263765718 1.49635399838 5.2203
13ag13ag-13ag -6.48855448106 1.1643751153 4.9859
13ag13ag-13ag- -6.34106878054 0.904778513295 4.6584
13ag13ag-13ag-13ag -6.2349443835 0.618242641265 4.3630
13ag13ag-13ag-13ag- -6.23467226966 0.618242641265 4.3627
13ag13ag13ag -6.34079666671 0.904778513295 4.6582
13ag13ag13ag- -6.34950430954 0.866682575893 4.6592
13ag13ag13ag-13ag -6.23467226966 0.617970527426 4.3626
13ag13ag13ag-13ag- -6.34705528499 0.796205091699 4.6042
13ag13ag13ag13ag -6.22705308218 0.604636949336 4.3510
13ag13ag13ag13ag- -6.23467226966 0.618242641265 4.3627
13dg -7.44149714378 1.15621170015 5.3096
13dg13dg -7.56340414347 0.213065135612 5.0924
13dg13dg- -7.56313202963 0.213065135612 5.0926
13dg13dg-13dg -7.32421607935 -0.620963779651 4.2346
13dg13dg-13dg- -7.60748658532 -0.278372456872 4.7687
13dg13dg-13dg-13dg -7.46898064148 -0.958929167173 4.1178
13dg13dg-13dg-13dg- -7.78218366969 -0.613616706009 4.6201
13dg13dg-13dg13dg -7.68095732174 -0.604636949336 4.5715
13dg13dg-13dg13dg- -7.4458509652 -0.756748585105 4.2239
13dg13dg13dg -7.60721447148 -0.27891668455 4.7682
13dg13dg13dg- -7.33074681148 -0.650624188057 4.2333
13dg13dg13dg-13dg -7.96341148619 -0.349394168743 4.9444
13dg13dg13dg-13dg- -7.70871293327 -0.459328159531 4.7225
13dg13dg13dg13dg- -7.68095732174 -0.604909063174 4.5713
13eg -6.96366524323 1.73390937946 5.3164
13eg13eg -6.79468254947 0.92491493735 4.9779
13eg13eg- -6.79522677714 0.925459165027 4.9788
13eg13eg-13eg -6.78706336198 0.661780855439 4.8046
13eg13eg-13eg- -6.70896669031 0.566268898095 4.6820
13eg13eg-13eg-13eg -6.72610986214 0.444906126086 4.6037
13eg13eg-13eg-13eg- -6.63740075076 0.284903188998 4.4100
13eg13eg-13eg13eg -6.63740075076 0.28463107516 4.4099
13eg13eg13eg -6.70896669031 0.565996784257 4.6820
13eg13eg13eg- -6.78706336198 0.661780855439 4.8047
13eg13eg13eg-13eg -6.7772672638 0.49987312148 4.6739
13eg13eg13eg-13eg- -6.74733474155 0.408442871716 4.6005
13eg13eg13eg13eg -6.63712863692 0.28463107516 4.4096
13eg13eg13eg13eg- -6.63740075076 0.284903188998 4.4101
13fg -6.89590889742 2.04493549697 6.0345
13fg13fg -6.36691959521 1.45091098733 5.1582
13fg13fg- -6.36691959521 1.45091098733 5.1582
13fg13fg-13fg -6.08909136601 1.00246738135 4.6061
13fg13fg-13fg- -6.08909136601 1.00246738135 4.6062
13fg13fg-13fg-13fg -6.10514608249 0.96137819172 4.5744
13fg13fg-13fg-13fg- -5.95330656056 0.74423134853 4.3150
13fg13fg-13fg13fg -5.9486806253 0.742054437821 4.3095
13fg13fg-13fg13fg- -6.10514608249 0.96137819172 4.5744
13fg13fg13fg -6.08310486157 0.985868437193 4.5914
13fg13fg13fg- -6.17317454214 1.11294559981 4.7443
13fg13fg13fg-13fg -6.10514608249 0.96137819172 4.5743
13fg13fg13fg-13fg- -6.01344371889 0.814164605046 4.4110
13fg13fg13fg13fg -5.95303444672 0.753211105203 4.3187
13fg13fg13fg13fg- -5.95276233288 0.753211105203 4.3185
13ga -7.3040796553 2.32793388909 6.0070
13ga13ga -6.7688317348 1.40383529326 5.4127
13ga13ga- -6.75413758752 1.64737717879 5.5168
13ga13ga-13ga -6.39630788978 0.875118104889 4.6848
13ga13ga-13ga- -6.46052675568 0.869403714279 4.7497
13ga13ga-13ga-13ga -6.4373970794 0.741238096305 4.6229
13ga13ga-13ga-13ga- -6.35086487873 0.580146703863 4.4114
13ga13ga-13ga13ga -6.36800805056 0.58450052528 4.4357
13ga13ga-13ga13ga- -6.58733180446 0.914846725322 4.8710
13ga13ga13ga -6.46079886952 0.869947941956 4.7504
13ga13ga13ga- -6.48474488732 0.896342984299 4.7895
13ga13ga13ga-13ga -6.11058835926 0.523819139276 4.1826
13ga13ga13ga-13ga- -6.43766919324 0.811987694337 4.6816
13ga13ga13ga13ga -6.36610325369 0.594024509631 4.4486
13gd -7.40231275103 1.06450933654 5.3558
13gd13gd -7.42136071973 0.241909202502 4.9933
13gd13gd- -7.42136071973 0.241909202502 4.9931
13gd13gd-13gd -7.21373786089 -0.629127194808 4.0949
13gd13gd-13gd- -7.50517178201 -0.192928711557 4.6904
13gd13gd-13gd-13gd- -7.18679859087 -0.914030383807 3.9436
13gd13gd-13gd13gd -7.36067933372 -0.774708098451 4.1702
13gd13gd-13gd13gd- -7.10625289464 -0.8307635492 3.8589
13gd13gd13gd -7.32938624228 -0.64218865906 4.2376
13gd13gd13gd- -7.21373786089 -0.629127194808 4.0949
13gd13gd13gd-13gd -7.10625289464 -0.8307635492 3.8589
13gd13gd13gd-13gd- -7.18679859087 -0.914030383807 3.9436
13gd13gd13gd13gd -7.46108934016 -0.579058248509 4.3687
13ge -6.92420873663 1.6305061208 5.3479
13ge13ge -6.67087075291 0.981514615776 4.9605
13ge13ge- -6.67114286675 0.981514615776 4.9606
13ge13ge-13ge -6.56365790051 0.704502728096 4.6817
13ge13ge-13ge- -6.46923439852 0.551574750812 4.4981
13ge13ge-13ge-13ge -6.59141351204 0.568717922642 4.5899
13ge13ge-13ge-13ge- -6.50488131137 0.461232956401 4.4429
13ge13ge-13ge13ge- -6.40175016655 0.333611566105 4.2710
13ge13ge13ge -6.46923439852 0.551574750812 4.4981
13ge13ge13ge- -6.56393001435 0.704774841935 4.6820
13ge13ge13ge-13ge- -6.59168562588 0.568990036481 4.5902
13ge13ge13ge13ge -6.40175016655 0.333611566105 4.2709
13ge13ge13ge13ge- -6.40175016655 0.333611566105 4.2710
13gf -6.62760465257 2.59297276788 5.3156
13gf13gf -6.31440162436 1.44438025521 5.0692
13gf13gf- -6.31249682749 1.38832480446 5.0245
13gf13gf-13gf -6.13099689716 1.04872673391 4.6216
13gf13gf-13gf- -6.06133575448 0.913214042291 4.4585
13gf13gf-13gf-13gf -6.05045120094 0.827770296975 4.3923
13gf13gf-13gf-13gf- -6.0036476207 0.695250857584 4.2489
13gf13gf-13gf13gf -6.05045120094 0.827770296975 4.3926
13gf13gf-13gf13gf- -6.05045120094 0.827770296975 4.3924
13gf13gf13gf -6.06133575448 0.913214042291 4.4585
13gf13gf13gf- -6.06133575448 0.913214042291 4.4586
13gf13gf13gf-13gf -6.05262811164 0.816069401916 4.3791
13gf13gf13gf-13gf- -6.05045120094 0.827770296975 4.3926
13gf13gf13gf13gf -5.9274557459 0.570078491835 4.0857
13gf13gf13gf13gf- -5.9274557459 0.570078491835 4.0857
13gg -6.87930995327 1.54533448932 4.9114
13gg13gg -6.73563384649 0.64409345593 4.7357
13gg13gg- -6.8033901923 1.35022886706 5.3489
13gg13gg-13gg -6.74080400943 0.811987694337 4.8868
13gg13gg13gg -6.81645165655 0.984779981839 5.1022
13gg13gg13gg- -6.94080768079 1.15457901712 5.3342
13gh -6.46515269094 2.30806957888 5.8686
13gh13gh -6.14487470292 1.73173246875 5.0719
13gh13gh- -6.14487470292 1.73227669643 5.0721
13gh13gh-13gh -5.92799997357 1.44274757218 4.6921
13gh13gh-13gh- -5.92772785973 1.44274757218 4.6920
13gh13gh-13gh-13gh -5.8308553332 1.15621170015 4.4495
13gh13gh-13gh-13gh- -5.83548126845 1.16709625369 4.4550
13gh13gh-13gh13gh- -5.83575338229 1.15675592782 4.4537
13gh13gh13gh -5.83711395148 1.34070488271 4.5624
13gh13gh13gh- -5.94323834853 1.46887050068 4.7346
13gh13gh13gh-13gh- -5.83167167471 1.15648381399 4.4501
13gh13gh13gh13gh -5.83493704078 1.15648381399 4.4531
13gh13gh13gh13gh- -5.83548126845 1.15648381399 4.4534
13gi -7.16557371146 2.36521348498 6.0181
13gi13gi -6.66760538685 1.67295587962 5.5150
13gi13gi-13gi -6.49562944086 1.35594325767 5.1458
13gi13gi-13gi- -6.49562944086 1.35594325767 5.1457
13gi13gi-13gi-13gi -6.3957636621 1.15920495237 4.9050
13gi13gi-13gi-13gi- -6.39549154826 1.15893283853 4.9046
13gi13gi-13gi13gi -6.3957636621 1.15920495237 4.9049
13gi13gi-13gi13gi- -6.3957636621 1.15920495237 4.9049
13gi13gi13gi -6.49562944086 1.35594325767 5.1456
13gi13gi13gi- -6.49562944086 1.35594325767 5.1456
13gi13gi13gi-13gi -6.39549154826 1.15893283853 4.9047
13gi13gi13gi-13gi- -6.39549154826 1.15866072469 4.9046
13gi13gi13gi13gi -6.3957636621 1.15920495237 4.9049
13gi13gi13gi13gi- -6.3957636621 1.15920495237 4.9050
13gl -7.20067639663 2.31840990474 5.8990
13gl13gl -6.44283935617 1.49553765686 5.1983
13gl13gl- -6.44283935617 1.49553765686 5.1982
13gl13gl-13gl -6.14977275202 1.14750405731 4.7270
13gl13gl-13gl- -6.04636949336 0.979065591229 4.4985
13gl13gl-13gl-13gl -5.92799997357 0.821783792526 4.2902
13gl13gl-13gl-13gl- -5.91602696467 0.645726138962 4.1334
13gl13gl-13gl13gl -5.91602696467 0.645181911285 4.1329
13gl13gl-13gl13gl- -6.01616485727 0.900968919555 4.4269
13gl13gl13gl -6.04636949336 0.979065591229 4.4985
13gl13gl13gl- -6.14977275202 1.14777617115 4.7271
13gl13gl13gl-13gl -6.01643697111 0.900968919555 4.4270
13gl13gl13gl-13gl- -5.98596022119 0.839199078196 4.3481
13gl13gl13gl13gl -5.91575485084 0.645181911285 4.1328
13gl13gl13gl13gl- -5.91602696467 0.644909797446 4.1329
13hg -7.10081061787 2.21908835366 6.1334
13hg13hg -6.27712202848 1.59894091552 5.1597
13hg13hg-13hg -5.96038152036 1.30070414844 4.7367
13hg13hg-13hg- -5.96038152036 1.30070414844 4.7366
13hg13hg-13hg-13hg -5.93017688428 1.12791186093 4.5689
13hg13hg-13hg-13hg- -5.93017688428 1.12818397477 4.5690
13hg13hg-13hg13hg -5.93017688428 1.12791186093 4.5688
13hg13hg-13hg13hg- -5.9225576968 1.06940738564 4.4681
13hg13hg13hg -5.96038152036 1.30070414844 4.7367
13hg13hg13hg- -5.96038152036 1.30070414844 4.7367
13hg13hg13hg-13hg -5.93017688428 1.12791186093 4.5688
13hg13hg13hg-13hg- -5.92990477044 1.12791186093 4.5687
13hg13hg13hg13hg -5.93017688428 1.12791186093 4.5687
13hg13hg13hg13hg- -5.93017688428 1.12791186093 4.5688
13ig -7.16557371146 2.36494137114 6.0181
13ig13ig -6.5565829407 1.81146182346 5.3440
13ig13ig- -6.5565829407 1.81146182346 5.3440
13ig13ig-13ig -6.42297504596 1.42016212357 5.1379
13ig13ig-13ig- -6.42297504596 1.42016212357 5.1379
13ig13ig-13ig-13ig -6.41590008616 1.27049951235 5.0285
13ig13ig-13ig-13ig- -6.41590008616 1.27049951235 5.0285
13ig13ig-13ig13ig -6.41590008616 1.27049951235 5.0285
13ig13ig-13ig13ig- -6.41590008616 1.27049951235 5.0286
13ig13ig13ig -6.4232471598 1.42043423741 5.1381
13ig13ig13ig- -6.4232471598 1.42043423741 5.1381
13ig13ig13ig-13ig -6.41590008616 1.27049951235 5.0285
13ig13ig13ig-13ig- -6.41590008616 1.27049951235 5.0285
13ig13ig13ig13ig -6.41590008616 1.27049951235 5.0285
13ig13ig13ig13ig- -6.41590008616 1.27049951235 5.0285
13lg -6.62433928651 2.5804555313 5.2994
4ag -7.36612161049 1.18396731168 5.2828
4ag4ag -7.34761786947 0.606269632367 5.0682
4ag4ag- -7.3612235614 0.608718656914 5.0617
4ag4ag-4ag -7.27577981608 0.408714985555 4.9368
4ag4ag-4ag- -7.27387501921 0.444634012248 4.9661
4ag4ag-4ag-4ag -7.19849948593 0.298236767089 4.8886
4ag4ag-4ag-4ag- -7.2216291622 0.22694294138 4.8341
4ag4ag-4ag4ag -7.21618688543 0.22884773825 4.8344
4ag4ag4ag- -7.27577981608 0.408714985555 4.9368
4ag4ag4ag-4ag -7.21645899927 0.229119852088 4.8344
4ag4ag4ag-4ag- -7.2216291622 0.227215055218 4.8343
4ag4ag4ag4ag -7.27441924689 0.260957171203 4.8942
4ag4ag4ag4ag- -7.23523485413 0.258508146656 4.8735
4dg -7.92014538585 -0.150751066576 5.1263
4dg4dg -8.03688222261 -0.559193938292 4.9065
4dg4dg- -8.03688222261 -0.559193938292 4.9067
4dg4dg-4dg -8.06137246808 -0.700421020518 4.8877
4dg4dg-4dg- -8.06137246808 -0.700693134356 4.8876
4dg4dg-4dg-4dg- -8.07688295688 -0.855525908511 4.8075
4dg4dg-4dg4dg -8.07688295688 -0.855525908511 4.8074
4dg4dg-4dg4dg- -8.07661084304 -0.855525908511 4.8076
4dg4dg4dg -8.02518132755 -0.745864031561 4.8437
4dg4dg4dg- -8.06137246808 -0.700421020518 4.8878
4dg4dg4dg-4dg -8.07688295688 -0.855525908511 4.8073
4dg4dg4dg-4dg- -8.07688295688 -0.855525908511 4.8075
4dg4dg4dg4dg -8.00422856198 -0.878927698629 4.7764
4eg -7.27360290537 0.407082302523 5.0541
4eg4eg -7.25047322909 0.1191858613 4.8554
4eg4eg- -7.25047322909 0.1191858613 4.8554
4eg4eg-4eg -7.24230981394 0.00734707364179 4.7487
4eg4eg-4eg- -7.25101745677 0.0242181316341 4.7728
4eg4eg-4eg-4eg- -7.22054070685 -0.0696611426777 4.7101
4eg4eg-4eg4eg -7.22054070685 -0.0699332565163 4.7100
4eg4eg-4eg4eg- -7.22054070685 -0.0696611426777 4.7101
4eg4eg4eg -7.24312615545 0.0359190266932 4.7760
4eg4eg4eg- -7.25101745677 0.025578700827 4.7738
4eg4eg4eg-4eg -7.22054070685 -0.0696611426777 4.7101
4eg4eg4eg-4eg- -7.22054070685 -0.0699332565163 4.7100
4eg4eg4eg4eg -7.21319363321 -0.0636746382289 4.7135
4eg4eg4eg4eg- -7.21156095018 -0.108029193918 4.6998
4fg -6.91686166299 1.09144860656 4.9412
4fg4fg -6.85073800021 0.635930040773 4.7404
4fg4fg- -6.85101011405 0.635657926934 4.7404
4fg4fg-4fg -6.77019230399 0.481369380457 4.5788
4fg4fg-4fg- -6.76992019015 0.481369380457 4.5788
4fg4fg-4fg-4fg -6.71767433315 0.287080099707 4.4416
4fg4fg-4fg-4fg- -6.70406864122 0.259052374333 4.4097
4fg4fg-4fg4fg -6.70406864122 0.259324488171 4.4099
4fg4fg-4fg4fg- -6.70434075506 0.260140829687 4.4104
4fg4fg4fg -6.77019230399 0.364632543704 4.5226
4fg4fg4fg- -6.77019230399 0.481369380457 4.5788
4fg4fg4fg-4fg -6.70434075506 0.259868715849 4.4104
4fg4fg4fg-4fg- -6.70434075506 0.259868715849 4.4103
4fg4fg4fg4fg -6.71195994254 0.18258838569 4.3767
4fg4fg4fg4fg- -6.73372904962 0.291433921124 4.4554
4ga -7.37755039171 1.16519145682 5.2549
4ga4ga -7.36149567524 0.609262884592 5.0620
4ga4ga- -7.3612235614 0.608990770753 5.0617
4ga4ga-4ga -7.27577981608 0.408714985555 4.9369
4ga4ga-4ga- -7.27577981608 0.408714985555 4.9368
4ga4ga-4ga-4ga -7.23550696797 0.25769180514 4.8733
4ga4ga-4ga-4ga- -7.23550696797 0.257419691301 4.8731
4ga4ga-4ga4ga -7.21645899927 0.229119852088 4.8344
4ga4ga-4ga4ga- -7.22462241443 0.216330501675 4.8296
4ga4ga4ga- -7.27577981608 0.408714985555 4.9369
4ga4ga4ga-4ga -7.22462241443 0.216058387836 4.8293
4ga4ga4ga-4ga- -7.22462241443 0.216058387836 4.8294
4ga4ga4ga4ga -7.27469136073 0.261229285042 4.8943
4ga4ga4ga4ga- -7.24856843222 0.251433186852 4.8786
4gd -7.92286652424 -0.153472204962 5.1240
4gd4gd -8.03688222261 -0.558921824453 4.9068
4gd4gd- -8.03688222261 -0.558921824453 4.9068
4gd4gd-4gd- -8.06137246808 -0.700693134356 4.8875
4gd4gd-4gd4gd -8.07661084304 -0.855525908511 4.8076
4gd4gd-4gd4gd- -8.07661084304 -0.855525908511 4.8075
4gd4gd4gd -8.02518132755 -0.745591917723 4.8438
4gd4gd4gd- -8.06137246808 -0.700693134356 4.8876
4gd4gd4gd-4gd -8.07661084304 -0.855525908511 4.8074
4gd4gd4gd-4gd- -8.07661084304 -0.854981680834 4.8080
4gd4gd4gd4gd -8.00885449723 -0.889540138334 4.7685
4ge -7.27360290537 0.407082302523 5.0540
4ge4ge -7.25047322909 0.1191858613 4.8554
4ge4ge- -7.25047322909 0.1191858613 4.8554
4ge4ge-4ge -7.24230981394 0.00734707364179 4.7489
4ge4ge-4ge- -7.24230981394 0.00761918748038 4.7490
4ge4ge-4ge-4ge -7.21183306402 -0.10775708008 4.7000
4ge4ge-4ge-4ge- -7.21183306402 -0.10775708008 4.7001
4ge4ge-4ge4ge -7.22054070685 -0.0699332565163 4.7100
4ge4ge-4ge4ge- -7.22054070685 -0.0699332565163 4.7100
4ge4ge4ge -7.24611940768 0.0318373191144 4.7746
4ge4ge4ge- -7.25101745677 0.0250344731498 4.7735
4ge4ge4ge-4ge -7.22054070685 -0.0699332565163 4.7099
4ge4ge4ge-4ge- -7.22054070685 -0.0699332565163 4.7100
4ge4ge4ge4ge -7.21319363321 -0.0636746382289 4.7136
4gf -7.62762300937 1.07539389009 5.3187
4gf4gf -6.85073800021 0.635930040773 4.7404
4gf4gf- -6.85073800021 0.635385813096 4.7401
4gf4gf-4gf -6.77019230399 0.481369380457 4.5788
4gf4gf-4gf- -6.77019230399 0.481641494295 4.5789
4gf4gf-4gf-4gf -6.72610986214 0.278372456872 4.4347
4gf4gf-4gf-4gf- -6.72610986214 0.278644570711 4.4349
4gf4gf-4gf4gf -6.70434075506 0.260140829687 4.4104
4gf4gf-4gf4gf- -6.70434075506 0.260140829687 4.4104
4gf4gf4gf -6.76937596248 0.364088316027 4.5211
4gf4gf4gf- -6.77019230399 0.481369380457 4.5787
4gf4gf4gf-4gf -6.70434075506 0.260140829687 4.4104
4gf4gf4gf-4gf- -6.70434075506 0.259868715849 4.4104
4gf4gf4gf4gf -6.7116878287 0.182860499529 4.3770
4gf4gf4gf4gf- -6.71767433315 0.287352213546 4.4416
4gg -7.72694456046 0.558921824453 5.1759
4gg4gg- -7.52394763687 0.508308650477 5.0983
4gg4gg-4gg- -7.06271468047 0.468580030043 4.7151
4gg4gg-4gg-4gg- -7.03223793055 0.362183519157 4.6880
4gg4gg-4gg4gg -7.0262514261 0.453613768921 4.7006
4gg4gg-4gg4gg- -7.0311494752 0.424497588192 4.6847
4gg4gg4gg -7.05427915148 0.465858891657 4.7168
4gg4gg4gg- -7.07033386795 0.498240438449 4.7280
4gg4gg4gg-4gg -7.029788906 0.444906126086 4.6976
4gg4gg4gg-4gg- -7.0262514261 0.453613768921 4.7006
4gg4gg4gg4gg -7.03768020732 0.310481889825 4.6741
4gh -7.03278215823 1.28873113954 5.0797
4gh4gh -6.64066611683 1.00273949519 4.6957
4gh4gh- -6.64066611683 1.00273949519 4.6956
4gh4gh-4gh -6.53835131352 0.808994442113 4.5593
4gh4gh-4gh- -6.50705822208 0.883009406208 4.5640
4gh4gh-4gh4gh- -6.46787382932 0.635113699257 4.4482
4gh4gh4gh- -6.53807919968 0.810082897467 4.5597
4gh4gh4gh-4gh -6.41644431383 0.882737292369 4.5765
4gh4gh4gh-4gh- -6.4578056173 0.649535732702 4.4633
4gi -7.17890728955 1.20682487412 5.1687
4gi4gi -7.22108493453 0.985868437193 5.1001
4gi4gi- -7.18625436319 0.998385673768 5.0846
4gi4gi-4gi -7.18026785874 0.905322740972 5.0700
4gi4gi-4gi-4gi- -7.14788631195 0.873757535696 5.0559
4gi4gi-4gi4gi- -7.14434883205 0.885186316917 5.0627
4gi4gi4gi -7.17210444358 0.883825747724 5.0697
4gi4gi4gi-4gi -7.14217192134 0.866954689732 5.0612
4gi4gi4gi4gi -7.14462094589 0.865594120539 5.0611
4gl -6.84420726809 1.16138186308 4.9508
4hg -7.03251004439 1.28900325338 5.0796
4hg4hg -6.64066611683 1.00273949519 4.6957
4hg4hg- -6.64066611683 1.00301160902 4.6957
4hg4hg-4hg -6.50705822208 0.883009406208 4.5639
4hg4hg-4hg- -6.51440529572 0.986140551032 4.5929
4hg4hg-4hg-4hg -6.46760171549 0.635113699257 4.4481
4hg4hg-4hg4hg -6.4303221196 0.878111357114 4.5458
4hg4hg-4hg4hg- -6.43086634728 0.871580624987 4.5479
4hg4hg4hg -6.51440529572 0.985868437193 4.5929
4ig -7.3993194988 1.0226038054 5.1828
4ig4ig -7.18598224935 1.00110681215 5.0838
4ig4ig- -7.25074534293 0.917839977547 5.1323
4ig4ig-4ig -7.18053997258 0.905322740972 5.0699
4ig4ig-4ig- -7.18026785874 0.905322740972 5.0699
4ig4ig-4ig-4ig- -7.1454372874 0.885186316917 5.0632
4ig4ig4ig -7.18053997258 0.905322740972 5.0699
4ig4ig4ig- -7.19033607077 0.893349732074 5.0646
4ig4ig4ig-4ig- -7.14217192134 0.86722680357 5.0612
4lg -6.84420726809 1.16138186308 4.9508
5aa -7.90273010018 1.19077015765 6.1925
5aa5aa -7.16040354852 0.323543354077 4.8269
5aa5aa- -6.91876645986 0.0677563458076 4.4317
5aa5aa-5aa -6.49916692076 -0.408714985555 3.7644
5aa5aa-5aa- -6.83631596677 -0.0612256136816 4.2947
5aa5aa-5aa-5aa- -6.64692473511 -0.289257010416 3.9807
5aa5aa-5aa5aa -6.64692473511 -0.289257010416 3.9807
5aa5aa-5aa5aa- -6.28065950838 -0.65769914786 3.4153
5aa5aa5aa -6.83631596677 -0.0612256136816 4.2948
5aa5aa5aa- -6.83631596677 -0.0612256136816 4.2947
5aa5aa5aa-5aa -6.64692473511 -0.289257010416 3.9805
5aa5aa5aa-5aa- -6.65427180876 -0.29225026264 3.9752
5aa5aa5aa5aa -6.64692473511 -0.289257010416 3.9807
5aa5aa5aa5aa- -6.64692473511 -0.289257010416 3.9807
5ad -8.61675681263 0.0329257744688 5.8742
5ad5ad -8.10191743003 -1.01444039024 4.4987
5ad5ad- -7.95497595719 -1.21798154151 4.2150
5ad5ad-5ad -7.69646781054 -1.77908027667 3.6145
5ad5ad-5ad- -7.87851196855 -1.52955188669 3.9488
5ad5ad-5ad-5ad -7.79225188172 -1.81826466942 3.6751
5ad5ad-5ad5ad -7.79225188172 -1.81826466942 3.6751
5ad5ad-5ad5ad- -7.58517325055 -2.09826980933 3.2995
5ad5ad5ad -7.87851196855 -1.52955188669 3.9488
5ad5ad5ad- -7.87851196855 -1.52955188669 3.9488
5ad5ad5ad-5ad -7.79225188172 -1.81826466942 3.6751
5ad5ad5ad5ad- -7.79225188172 -1.81826466942 3.6751
5ae -7.66680740213 0.629943536324 5.5611
5ae5ae -7.16666216681 -0.23075253512 4.4100
5ae5ae- -7.0417619149 -0.428035068094 4.1524
5ae5ae-5ae -6.69046294929 -0.874301763373 3.5576
5ae5ae-5ae- -6.85373125244 -0.63647426845 3.8651
5ae5ae-5ae-5ae -6.68665335555 -0.848723062546 3.5856
5ae5ae-5ae-5ae- -6.68665335555 -0.848723062546 3.5857
5ae5ae-5ae5ae- -6.50079960379 -1.10859177839 3.2450
5ae5ae5ae -6.85373125244 -0.63647426845 3.8650
5ae5ae5ae- -6.85373125244 -0.63647426845 3.8651
5ae5ae5ae-5ae -6.68665335555 -0.848723062546 3.5856
5ae5ae5ae-5ae- -6.71223205637 -0.830491435361 3.6137
5ae5ae5ae5ae -6.68665335555 -0.848723062546 3.5856
5ae5ae5ae5ae- -6.68665335555 -0.848723062546 3.5856
5af -7.32448819319 1.27077162619 5.6486
5af5af -6.93754231472 0.347217258034 4.5874
5af5af- -6.93754231472 0.347217258034 4.5874
5af5af-5af -6.75304913216 -0.0734707364179 4.1384
5af5af-5af- -6.75304913216 -0.0734707364179 4.1384
5af5af-5af-5af -6.67304766362 -0.288984896577 3.9329
5af5af-5af-5af- -6.67304766362 -0.288984896577 3.9330
5af5af-5af5af -6.71087148718 -0.25197741453 3.9696
5af5af-5af5af- -6.71087148718 -0.25197741453 3.9695
5af5af5af -6.71195994254 -0.0848995176385 4.1156
5af5af5af- -6.71195994254 -0.0851716314771 4.1155
5af5af5af-5af -6.64556416592 -0.293882945672 3.9133
5af5af5af-5af- -6.64556416592 -0.293882945672 3.9133
5af5af5af5af -6.58488277992 -0.333611566105 3.8527
5af5af5af5af- -6.58488277992 -0.333611566105 3.8527
5ag -7.33183526683 0.983147298807 5.3015
5ag5ag -7.25727607506 0.112110901497 4.6950
5ag5ag- -7.16149200388 0.120002202816 4.6375
5ag5ag-5ag -7.098905821 -0.219595867738 4.3408
5ag5ag-5ag- -7.09917793484 -0.219051640061 4.3415
5ag5ag-5ag-5ag- -6.98679491951 -0.475927103685 4.0780
5ag5ag-5ag5ag -7.03414272742 -0.46150507024 4.1047
5ag5ag-5ag5ag- -7.03387061358 -0.46150507024 4.1045
5ag5ag5ag -7.00665922972 -0.274290749294 4.2426
5ag5ag5ag- -7.00638711588 -0.274290749294 4.2424
5ag5ag5ag-5ag -7.05291858228 -0.40381693646 4.1801
5ag5ag5ag-5ag- -6.97427768293 -0.486811657228 4.0585
5ag5ag5ag5ag -6.85835718769 -0.584228411442 3.9060
5ag5ag5ag5ag- -6.85427548012 -0.595657192662 3.8945
5ah -6.83686019445 1.43131879096 5.3794
5ah5ah -6.38270219785 0.6114397953 4.3894
5ah5ah- -6.38270219785 0.6114397953 4.3894
5ah5ah-5ah -6.14950063818 0.265855220297 3.9544
5ah5ah-5ah- -6.14950063818 0.265855220297 3.9544
5ah5ah-5ah-5ah -5.97208241542 0.0541506538784 3.6699
5ah5ah-5ah-5ah- -5.97208241542 0.0541506538784 3.6699
5ah5ah-5ah5ah -5.97235452926 0.0546948815556 3.6704
5ah5ah-5ah5ah- -5.97208241542 0.0541506538784 3.6698
5ah5ah5ah -6.14950063818 0.265855220297 3.9544
5ah5ah5ah- -6.14950063818 0.265855220297 3.9544
5ah5ah5ah-5ah -5.97235452926 0.0546948815556 3.6703
5ah5ah5ah-5ah- -5.97235452926 0.0546948815556 3.6703
5ah5ah5ah5ah -5.97235452926 0.0546948815556 3.6703
5ah5ah5ah5ah- -5.97235452926 0.054422767717 3.6703
5ai -7.69918894892 1.32682707694 6.0194
5ai5ai -7.04856476086 0.524363366953 4.8861
5ai5ai- -7.04856476086 0.524363366953 4.8861
5ai5ai-5ai -6.80883246907 0.214969932482 4.4625
5ai5ai-5ai- -6.80883246907 0.214969932482 4.4625
5ai5ai-5ai-5ai -6.71849067466 0.0878927698629 4.2954
5ai5ai-5ai-5ai- -6.71821856082 0.0876206560243 4.2950
5ai5ai-5ai5ai -6.71849067466 0.0878927698629 4.2953
5ai5ai-5ai5ai- -6.71821856082 0.0876206560243 4.2950
5ai5ai5ai -6.80883246907 0.214969932482 4.4624
5ai5ai5ai- -6.80883246907 0.214969932482 4.4625
5ai5ai5ai-5ai -6.71821856082 0.0876206560243 4.2950
5ai5ai5ai-5ai- -6.71821856082 0.0876206560243 4.2950
5ai5ai5ai5ai -6.71849067466 0.0878927698629 4.2952
5ai5ai5ai5ai- -6.71821856082 0.0876206560243 4.2951
5al -7.12421240799 1.21716519999 5.4693
5al5al -6.38923292997 0.306672296085 4.2313
5al5al- -6.33453804842 0.245990910081 4.1441
5al5al-5al -5.89371362991 -0.179595133466 3.5159
5al5al-5al- -5.9571161543 -0.114015698367 3.6072
5al5al-5al-5al -5.63711028013 -0.400823684236 3.1791
5al5al-5al-5al- -5.63847084932 -0.400279456558 3.1805
5al5al-5al5al -5.63847084932 -0.400279456558 3.1805
5al5al-5al5al- -5.63711028013 -0.400823684236 3.1791
5al5al5al -5.95738826814 -0.114015698367 3.6074
5al5al5al- -5.9571161543 -0.114015698367 3.6072
5al5al5al-5al -5.69588686926 -0.345312461164 3.2542
5al5al5al-5al- -5.65207654125 -0.379870918665 3.2024
5al5al5al5al -5.63847084932 -0.400279456558 3.1805
5da -8.61675681263 0.0329257744688 5.8742
5da5da -8.10191743003 -1.01444039024 4.4987
5da5da- -7.95497595719 -1.21798154151 4.2150
5da5da-5da -7.69646781054 -1.77908027667 3.6145
5da5da-5da- -7.87851196855 -1.52955188669 3.9488
5da5da-5da-5da -7.79225188172 -1.81826466942 3.6751
5da5da-5da5da -7.79225188172 -1.81826466942 3.6751
5da5da-5da5da- -7.58517325055 -2.09826980933 3.2995
5da5da5da- -7.87851196855 -1.52955188669 3.9488
5da5da5da-5da -7.79225188172 -1.81826466942 3.6752
5da5da5da-5da- -7.81565367184 -1.79894458688 3.7012
5dd -9.27119059443 -0.683822076364 5.6987
5dd5dd -9.09350025783 -1.74996409594 4.6822
5dd5dd- -9.09350025783 -1.74996409594 4.6822
5dd5dd-5dd -9.13622213049 -2.20167306799 4.3814
5dd5dd-5dd- -8.86138715352 -2.42562275715 3.9709
5dd5dd-5dd-5dd -9.22765238025 -2.42344584644 4.2835
5dd5dd-5dd-5dd- -8.9226127672 -2.64195325882 3.9013
5dd5dd-5dd5dd -9.13186830907 -2.49909349356 4.1736
5dd5dd-5dd5dd- -9.03445155486 -2.5720200023 4.0585
5dd5dd5dd -9.02656025354 -2.28303510573 4.2520
5dd5dd5dd- -8.91444935204 -2.39759503177 4.0538
5dd5dd5dd-5dd- -9.13214042291 -2.49909349356 4.1738
5dd5dd5dd5dd -8.9226127672 -2.64195325882 3.9013
5dd5dd5dd5dd- -8.9226127672 -2.64195325882 3.9013
5de -8.27389337601 -0.153200091123 5.3923
5de5de -8.08423003052 -1.03865852188 4.4699
5de5de- -8.08423003052 -1.03865852188 4.4699
5de5de-5de -7.95307116032 -1.45390423956 4.0711
5de5de-5de- -7.95307116032 -1.45390423956 4.0712
5de5de-5de-5de -7.8964714819 -1.6770375872 3.8739
5de5de-5de-5de- -7.8964714819 -1.6770375872 3.8739
5de5de-5de5de -7.8964714819 -1.6770375872 3.8739
5de5de-5de5de- -7.8964714819 -1.6770375872 3.8739
5de5de5de -8.03171205967 -1.39267862588 4.1665
5de5de5de- -8.03171205967 -1.39267862588 4.1665
5de5de5de-5de -7.8964714819 -1.6770375872 3.8739
5de5de5de-5de- -7.96994221831 -1.61690042887 3.9644
5de5de5de5de -7.8964714819 -1.6770375872 3.8739
5de5de5de5de- -7.8964714819 -1.6770375872 3.8739
5df -8.06490994798 0.0658515489375 5.2403
5df5df -7.90626758008 -0.960289736366 4.3350
5df5df- -7.90626758008 -0.960289736366 4.3350
5df5df-5df -7.79061919869 -1.43240724631 3.9201
5df5df-5df- -7.79061919869 -1.43240724631 3.9203
5df5df-5df-5df -7.79823838617 -1.66615303366 3.7326
5df5df-5df-5df- -7.74191082158 -1.72084791521 3.6818
5df5df-5df5df -7.74218293542 -1.72057580137 3.6821
5df5df-5df5df- -7.76231935947 -1.69472498671 3.6982
5df5df5df -7.79089131252 -1.43213513247 3.9204
5df5df5df- -7.81429310264 -1.41880155438 3.9281
5df5df5df-5df -7.79823838617 -1.66642514749 3.7327
5df5df5df-5df- -7.77293179918 -1.68710579923 3.7152
5df5df5df5df -7.74245504926 -1.72030368753 3.6826
5df5df5df5df- -7.73374740642 -1.72629019198 3.6680
5dg -7.90844449079 -0.0895254528944 5.0890
5dg5dg -7.94436351749 -0.888179569141 4.3592
5dg5dg- -7.94436351749 -0.888179569141 4.3593
5dg5dg-5dg -7.98654116247 -1.26288032487 4.1396
5dg5dg-5dg- -7.98654116247 -1.26288032487 4.1396
5dg5dg-5dg-5dg -7.9332068501 -1.50560586889 3.9713
5dg5dg-5dg-5dg- -7.9332068501 -1.51948367466 3.9623
5dg5dg-5dg5dg -7.9332068501 -1.51948367466 3.9623
5dg5dg-5dg5dg- -8.07035222475 -1.41172659458 4.1313
5dg5dg5dg -7.93266262243 -1.28900325338 4.0986
5dg5dg5dg- -7.93239050859 -1.28954748105 4.0979
5dg5dg5dg-5dg -8.07035222475 -1.41145448074 4.1314
5dg5dg5dg-5dg- -8.03361685654 -1.49989147828 4.0418
5dg5dg5dg5dg -7.9332068501 -1.50560586889 3.9713
5dg5dg5dg5dg- -7.9332068501 -1.50560586889 3.9713
5dh -7.39877527112 0.152927977285 4.7477
5dh5dh -7.12475663567 -0.637834837643 3.9049
5dh5dh- -7.12475663567 -0.638106951482 3.9049
5dh5dh-5dh -7.00203329447 -0.992399169319 3.5551
5dh5dh-5dh- -7.00230540831 -0.992671283158 3.5551
5dh5dh-5dh-5dh -6.91876645986 -1.21825365534 3.3371
5dh5dh-5dh-5dh- -6.91876645986 -1.21825365534 3.3372
5dh5dh-5dh5dh -6.91876645986 -1.21825365534 3.3372
5dh5dh-5dh5dh- -6.91876645986 -1.21825365534 3.3372
5dh5dh5dh -7.00203329447 -0.992399169319 3.5551
5dh5dh5dh- -7.00230540831 -0.992399169319 3.5552
5dh5dh5dh-5dh -6.91876645986 -1.21825365534 3.3372
5dh5dh5dh-5dh- -6.91876645986 -1.21825365534 3.3372
5dh5dh5dh5dh -6.91876645986 -1.21825365534 3.3372
5dh5dh5dh5dh- -6.91876645986 -1.21825365534 3.3372
5di -8.46355672151 0.135784805454 5.6515
5di5di -8.04014758867 -0.685998987073 4.6776
5di5di- -8.04014758867 -0.685998987073 4.6776
5di5di-5di -7.94898945274 -1.04029120491 4.3446
5di5di-5di- -7.94898945274 -1.04029120491 4.3446
5di5di-5di-5di -7.93293473627 -1.24492081153 4.1781
5di5di-5di-5di- -7.93293473627 -1.24519292536 4.1780
5di5di-5di5di -7.93293473627 -1.24492081153 4.1781
5di5di-5di5di- -7.93293473627 -1.24492081153 4.1781
5di5di5di -7.94898945274 -1.04029120491 4.3446
5di5di5di- -7.94898945274 -1.04029120491 4.3446
5di5di5di-5di -7.93293473627 -1.24519292536 4.1780
5di5di5di-5di- -7.93293473627 -1.24492081153 4.1781
5di5di5di5di -7.93293473627 -1.24492081153 4.1781
5di5di5di5di- -7.93293473627 -1.24492081153 4.1781
5dl -7.76422415634 0.0533343123626 5.0036
5dl5dl -7.74055025239 -0.786681107349 4.3028
5dl5dl- -7.74055025239 -0.786681107349 4.3028
5dl5dl-5dl -7.55551284215 -1.11539462436 3.9272
5dl5dl-5dl- -7.461361454 -1.191858613 3.8201
5dl5dl-5dl-5dl -7.37809461939 -1.3646509005 3.6345
5dl5dl-5dl-5dl- -7.31197095662 -1.40383529326 3.5655
5dl5dl-5dl5dl -7.31197095662 -1.40383529326 3.5655
5dl5dl-5dl5dl- -7.4564634049 -1.30587431137 3.7170
5dl5dl5dl -7.461361454 -1.191858613 3.8201
5dl5dl5dl- -7.55551284215 -1.11539462436 3.9272
5dl5dl5dl-5dl -7.4564634049 -1.30587431137 3.7170
5dl5dl5dl-5dl- -7.37265234262 -1.35812016838 3.6324
5dl5dl5dl5dl -7.31197095662 -1.40383529326 3.5655
5dl5dl5dl5dl- -7.31197095662 -1.40383529326 3.5655
5ea -7.66680740213 0.630215650163 5.5614
5ea5ea -7.16666216681 -0.231024648959 4.4099
5ea5ea- -7.0417619149 -0.428035068094 4.1523
5ea5ea-5ea -6.69046294929 -0.874301763373 3.5576
5ea5ea-5ea- -6.8534591386 -0.63647426845 3.8649
5ea5ea-5ea-5ea -6.68665335555 -0.848450948708 3.5857
5ea5ea-5ea-5ea- -6.68665335555 -0.848723062546 3.5857
5ea5ea-5ea5ea -6.68665335555 -0.848723062546 3.5856
5ea5ea-5ea5ea- -6.50079960379 -1.10859177839 3.2450
5ea5ea5ea -6.85373125244 -0.63647426845 3.8650
5ea5ea5ea- -6.8534591386 -0.636746382289 3.8648
5ea5ea5ea-5ea -6.68665335555 -0.848723062546 3.5856
5ea5ea5ea-5ea- -6.71223205637 -0.830491435361 3.6138
5ea5ea5ea5ea -6.68665335555 -0.848723062546 3.5857
5ea5ea5ea5ea- -6.68665335555 -0.848723062546 3.5857
5ed -8.27416548985 -0.153200091123 5.3924
5ed5ed -8.08450214436 -1.03865852188 4.4698
5ed5ed- -8.08450214436 -1.03865852188 4.4699
5ed5ed-5ed -7.95307116032 -1.4541763534 4.0710
5ed5ed-5ed- -7.95307116032 -1.45390423956 4.0712
5ed5ed-5ed-5ed -7.8964714819 -1.6770375872 3.8740
5ed5ed-5ed-5ed- -7.8964714819 -1.6770375872 3.8740
5ed5ed-5ed5ed -7.8964714819 -1.6770375872 3.8740
5ed5ed-5ed5ed- -7.96667685225 -1.62451961635 3.9555
5ed5ed5ed -7.95307116032 -1.45390423956 4.0712
5ed5ed5ed- -7.95307116032 -1.4541763534 4.0710
5ed5ed5ed-5ed -7.8964714819 -1.6770375872 3.8740
5ed5ed5ed-5ed- -7.8964714819 -1.6770375872 3.8740
5ed5ed5ed5ed -7.8964714819 -1.6770375872 3.8740
5ed5ed5ed5ed- -7.8964714819 -1.6770375872 3.8740
5ee -7.76640106705 0.37116327583 5.3843
5ee5ee -7.40965982467 -0.326264492463 4.4897
5ee5ee- -7.40965982467 -0.326264492463 4.4897
5ee5ee-5ee -7.25183379829 -0.568990036481 4.1914
5ee5ee-5ee- -7.18652647703 -0.623957031875 4.1135
5ee5ee-5ee-5ee -7.12965468476 -0.727088176699 3.9959
5ee5ee-5ee-5ee- -7.05972142825 -0.78450419664 3.9135
5ee5ee-5ee5ee -7.05972142825 -0.78450419664 3.9135
5ee5ee-5ee5ee- -7.18516590783 -0.677291344238 4.0590
5ee5ee5ee -7.18652647703 -0.623957031875 4.1135
5ee5ee5ee- -7.25183379829 -0.568990036481 4.1914
5ee5ee5ee-5ee -7.18516590783 -0.677291344238 4.0590
5ee5ee5ee-5ee- -7.12965468476 -0.727360290537 3.9958
5ee5ee5ee5ee -7.05944931441 -0.78450419664 3.9134
5ee5ee5ee5ee- -7.05972142825 -0.78450419664 3.9135
5ef -7.46081722632 0.666134676856 5.2765
5ef5ef -7.04829264703 -0.191840256202 4.2336
5ef5ef- -7.04829264703 -0.191840256202 4.2337
5ef5ef-5ef -6.79413832179 -0.55184686465 3.8107
5ef5ef-5ef- -6.79359409411 -0.552118978489 3.8100
5ef5ef-5ef-5ef -6.66406790694 -0.738789071758 3.5768
5ef5ef-5ef-5ef- -6.64311514137 -0.766000455617 3.5538
5ef5ef-5ef5ef -6.66542847614 -0.75566012975 3.5664
5ef5ef-5ef5ef- -6.6651563623 -0.755932243589 3.5662
5ef5ef5ef -6.79332198027 -0.552118978489 3.8100
5ef5ef5ef- -6.79223352492 -0.545044018686 3.7953
5ef5ef5ef-5ef -6.68883026626 -0.728992973569 3.5873
5ef5ef5ef-5ef- -6.66542847614 -0.75566012975 3.5665
5ef5ef5ef5ef -6.64311514137 -0.766000455617 3.5538
5ef5ef5ef5ef- -6.64311514137 -0.766000455617 3.5538
5eg -7.43850389156 0.484906860358 5.1848
5eg5eg -7.27686827144 -0.199459443683 4.4062
5eg5eg- -7.2765961576 -0.199459443683 4.4061
5eg5eg-5eg -7.21645899927 -0.454974338114 4.1930
5eg5eg-5eg- -7.21618688543 -0.454974338114 4.1928
5eg5eg-5eg-5eg -7.0918308612 -0.694434516069 3.9788
5eg5eg-5eg-5eg- -7.0918308612 -0.694434516069 3.9788
5eg5eg-5eg5eg -7.0918308612 -0.69416240223 3.9790
5eg5eg-5eg5eg- -7.21319363321 -0.554023775359 4.1312
5eg5eg5eg -7.17727460652 -0.502322146028 4.1477
5eg5eg5eg- -7.17536980965 -0.502866373705 4.1464
5eg5eg5eg-5eg -7.0918308612 -0.694434516069 3.9788
5eg5eg5eg-5eg- -7.19605046138 -0.634297357741 4.0822
5eg5eg5eg5eg -7.09210297504 -0.694434516069 3.9790
5eg5eg5eg5eg- -7.0918308612 -0.69416240223 3.9790
5eh -6.91522897996 0.72491126599 4.8498
5eh5eh -6.47168342306 0.155104887993 4.0268
5eh5eh- -6.47440456145 0.154016432639 4.0290
5eh5eh-5eh -6.26351633655 -0.154016432639 3.6409
5eh5eh-5eh- -6.26351633655 -0.154016432639 3.6408
5eh5eh-5eh-5eh -6.12038445745 -0.295787742542 3.4386
5eh5eh-5eh-5eh- -6.12038445745 -0.295787742542 3.4386
5eh5eh-5eh5eh -6.12038445745 -0.295787742542 3.4386
5eh5eh-5eh5eh- -6.12038445745 -0.295787742542 3.4386
5eh5eh5eh -6.26351633655 -0.154016432639 3.6409
5eh5eh5eh- -6.26351633655 -0.154016432639 3.6409
5eh5eh5eh-5eh -6.12038445745 -0.295787742542 3.4386
5eh5eh5eh-5eh- -6.12038445745 -0.295787742542 3.4386
5eh5eh5eh5eh -6.12038445745 -0.295787742542 3.4386
5eh5eh5eh5eh- -6.12038445745 -0.295787742542 3.4386
5ei -7.59551357642 0.718652647703 5.5553
5ei5ei -7.2216291622 0.0974167542134 4.7086
5ei5ei- -7.2216291622 0.097688868052 4.7087
5ei5ei-5ei -7.04693207783 -0.151023180415 4.3789
5ei5ei-5ei- -7.04693207783 -0.151023180415 4.3789
5ei5ei-5ei-5ei -6.96039987716 -0.285447416676 4.2059
5ei5ei-5ei-5ei- -6.96039987716 -0.285447416676 4.2059
5ei5ei-5ei5ei -6.96039987716 -0.285447416676 4.2059
5ei5ei-5ei5ei- -6.96039987716 -0.285447416676 4.2059
5ei5ei5ei -7.04693207783 -0.151023180415 4.3789
5ei5ei5ei- -7.04665996399 -0.151023180415 4.3786
5ei5ei5ei-5ei -6.96039987716 -0.285447416676 4.2059
5ei5ei5ei-5ei- -6.96039987716 -0.285447416676 4.2059
5ei5ei5ei5ei -6.96039987716 -0.285447416676 4.2059
5ei5ei5ei5ei- -6.96039987716 -0.285175302837 4.2059
5el -7.26081355496 0.621508007328 5.0684
5el5el -7.10162695939 -0.0212248794096 4.4265
5el5el- -7.10189907323 -0.0206806517325 4.4268
5el5el-5el -6.89672523893 -0.302862702345 4.1000
5el5el-5el- -6.89672523893 -0.302862702345 4.1000
5el5el-5el-5el -6.79685946017 -0.428307181933 3.9426
5el5el-5el-5el- -6.70488498273 -0.447627264472 3.8613
5el5el-5el5el -6.79685946017 -0.428307181933 3.9426
5el5el-5el5el- -6.79685946017 -0.428307181933 3.9426
5el5el5el -6.77672303612 -0.326264492463 3.9828
5el5el5el- -6.89672523893 -0.302862702345 4.1000
5el5el5el-5el -6.79685946017 -0.428307181933 3.9426
5el5el5el5el -6.58216164153 -0.479464583587 3.7397
5el5el5el5el- -6.58216164153 -0.479464583587 3.7397
5fa -7.26489526254 1.22124690757 5.5616
5fa5fa -6.49481309934 0.223677575317 4.2540
5fa5fa- -6.49372464399 0.223677575317 4.2532
5fa5fa-5fa -6.05861461609 -0.212248794096 3.6258
5fa5fa-5fa- -6.12092868513 -0.155649115671 3.7100
5fa5fa-5fa-5fa -5.80826988459 -0.441096532346 3.2920
5fa5fa-5fa-5fa- -5.80826988459 -0.441096532346 3.2921
5fa5fa-5fa5fa -5.80826988459 -0.441096532346 3.2920
5fa5fa-5fa5fa- -5.80826988459 -0.441096532346 3.2918
5fa5fa5fa -6.12092868513 -0.155649115671 3.7101
5fa5fa5fa- -6.10623453785 -0.16354041699 3.6938
5fa5fa5fa-5fa -5.80826988459 -0.441096532346 3.2921
5fa5fa5fa-5fa- -5.80826988459 -0.441096532346 3.2920
5fa5fa5fa5fa -5.80826988459 -0.441096532346 3.2920
5fa5fa5fa5fa- -5.80826988459 -0.441096532346 3.2921
5fd -8.00558913117 -0.104219600178 5.0478
5fd5fd -7.64340561201 -0.887091113787 4.2150
5fd5fd- -7.64340561201 -0.887091113787 4.2149
5fd5fd-5fd -7.47605560128 -1.27730235832 3.8213
5fd5fd-5fd- -7.42489819963 -1.29879935157 3.7756
5fd5fd-5fd-5fd -7.33482851906 -1.51376928405 3.5714
5fd5fd-5fd-5fd- -7.29782103701 -1.54016432639 3.5289
5fd5fd-5fd5fd -7.29782103701 -1.54016432639 3.5289
5fd5fd-5fd5fd- -7.36503315514 -1.52655863446 3.5746
5fd5fd5fd- -7.47578348744 -1.27730235832 3.8211
5fd5fd5fd-5fd -7.29782103701 -1.54016432639 3.5289
5fd5fd5fd-5fd- -7.35469282927 -1.53200091123 3.5650
5fd5fd5fd5fd -7.29782103701 -1.54016432639 3.5289
5fd5fd5fd5fd- -7.29782103701 -1.54016432639 3.5289
5fe -7.46027299864 0.481097266618 5.0991
5fe5fe -6.95278068968 -0.101770575631 4.2999
5fe5fe- -6.95278068968 -0.102042689469 4.2999
5fe5fe-5fe -6.68393221716 -0.370619048153 3.9126
5fe5fe-5fe- -6.64039400299 -0.390755472208 3.8772
5fe5fe-5fe-5fe -6.5029765145 -0.523547025437 3.6913
5fe5fe-5fe-5fe- -6.45372390972 -0.554840116875 3.6408
5fe5fe-5fe5fe -6.45372390972 -0.554840116875 3.6406
5fe5fe-5fe5fe- -6.52066391401 -0.528445074532 3.6970
5fe5fe5fe -6.64039400299 -0.390755472208 3.8772
5fe5fe5fe- -6.68393221716 -0.370346934314 3.9126
5fe5fe5fe-5fe -6.55957619293 -0.502594259866 3.7341
5fe5fe5fe-5fe- -6.52093602785 -0.528445074532 3.6971
5fe5fe5fe5fe -6.45372390972 -0.554840116875 3.6406
5fe5fe5fe5fe- -6.45372390972 -0.554840116875 3.6406
5ff -7.16230834539 1.44111488915 5.6924
5ff5ff -6.70978303183 0.433749458704 4.5789
5ff5ff- -6.70978303183 0.433749458704 4.5789
5ff5ff-5ff -6.35358601712 -0.0149662611222 3.9862
5ff5ff-5ff- -6.33589861761 -0.017687399508 3.9762
5ff5ff-5ff-5ff -6.16228998859 -0.247351479274 3.6966
5ff5ff-5ff-5ff- -6.13643917393 -0.270753269392 3.6581
5ff5ff-5ff5ff -6.14378624757 -0.260412943526 3.6810
5ff5ff-5ff5ff- -5.90405395578 -0.405177505653 3.3617
5ff5ff5ff -6.33589861761 -0.017687399508 3.9762
5ff5ff5ff- -6.35358601712 -0.0149662611222 3.9862
5ff5ff5ff-5ff -6.16228998859 -0.247351479274 3.6966
5ff5ff5ff-5ff- -6.13643917393 -0.270753269392 3.6581
5ff5ff5ff5ff -6.14378624757 -0.260412943526 3.6809
5ff5ff5ff5ff- -6.14378624757 -0.260412943526 3.6809
5fg -7.35850242301 1.0500873031 4.9817
5fg5fg -7.0452993948 0.14422033445 4.5742
5fg5fg- -7.06489159118 0.0691169150006 4.5919
5fg5fg-5fg- -6.86352735063 -0.250616845337 4.2192
5fg5fg-5fg-5fg -6.72529352063 -0.430484092641 3.9932
5fg5fg-5fg-5fg- -6.71794644698 -0.456879134984 3.9927
5fg5fg-5fg5fg -6.76094043348 -0.402728481106 4.0529
5fg5fg-5fg5fg- -6.67250343594 -0.423409132838 3.9492
5fg5fg5fg -6.82325450252 -0.283814733644 4.1775
5fg5fg5fg- -6.81862856726 -0.25007261766 4.1646
5fg5fg5fg-5fg -6.67250343594 -0.423409132838 3.9491
5fg5fg5fg-5fg- -6.7223002684 -0.473478079138 3.9906
5fg5fg5fg5fg -6.69073506313 -0.473750192976 3.9740
5fg5fg5fg5fg- -6.69073506313 -0.473750192976 3.9740
5fh -7.09808947949 1.23240357495 5.4316
5fh5fh -6.58597123527 0.397286204334 4.5013
5fh5fh- -6.58597123527 0.397286204334 4.5013
5fh5fh-5fh -6.29099983424 0.0179595133466 4.0295
5fh5fh-5fh- -6.27603357312 -0.00108845535434 4.0171
5fh5fh-5fh-5fh -6.07739047096 -0.231568876636 3.7483
5fh5fh-5fh-5fh- -6.07739047096 -0.231568876636 3.7483
5fh5fh-5fh5fh -6.0953499843 -0.210888224903 3.7641
5fh5fh-5fh5fh- -6.07766258479 -0.231568876636 3.7485
5fh5fh5fh -6.27576145928 -0.00136056919292 4.0165
5fh5fh5fh- -6.29072772041 0.017687399508 4.0289
5fh5fh5fh-5fh -6.07739047096 -0.231568876636 3.7483
5fh5fh5fh-5fh- -6.07766258479 -0.231840990474 3.7481
5fh5fh5fh5fh -6.10623453785 -0.214969932482 3.7712
5fh5fh5fh5fh- -6.11167681462 -0.184493182561 3.7884
5fi -7.18053997258 1.38778057678 5.6355
5fi5fi -6.71223205637 0.631848333194 4.7311
5fi5fi- -6.71250417021 0.632120447033 4.7313
5fi5fi-5fi -6.44066244547 0.321366443369 4.2946
5fi5fi-5fi- -6.44066244547 0.32109432953 4.2946
5fi5fi-5fi-5fi -6.28446910212 0.154288546478 4.0562
5fi5fi-5fi-5fi- -6.28446910212 0.154288546478 4.0562
5fi5fi-5fi5fi -6.28446910212 0.154288546478 4.0562
5fi5fi-5fi5fi- -6.28446910212 0.154288546478 4.0562
5fi5fi5fi -6.44039033163 0.321366443369 4.2946
5fi5fi5fi- -6.44039033163 0.321366443369 4.2945
5fi5fi5fi-5fi -6.28446910212 0.154288546478 4.0562
5fi5fi5fi-5fi- -6.28446910212 0.154288546478 4.0562
5fi5fi5fi5fi -6.28446910212 0.154288546478 4.0562
5fi5fi5fi5fi- -6.28446910212 0.154288546478 4.0562
5fl -7.14870265346 1.39159017052 5.6269
5fl5fl -6.82706409626 0.673209636659 4.8371
5fl5fl- -6.82488718555 0.672121181305 4.8348
5fl5fl-5fl -6.52120814169 0.40191213959 4.4056
5fl5fl-5fl- -6.41345106161 0.118097405946 4.0832
5fl5fl-5fl-5fl -6.39603577594 0.300957905475 4.2776
5fl5fl-5fl-5fl- -6.17861681891 0.0759197609652 3.8905
5fl5fl-5fl5fl -6.269502841 -0.107212852402 3.7928
5fl5fl-5fl5fl- -6.39603577594 0.300685791636 4.2774
5fl5fl5fl -6.46460846326 0.2538822114 4.2521
5fl5fl5fl- -6.52120814169 0.40191213959 4.4056
5fl5fl5fl-5fl -6.39603577594 0.300685791636 4.2775
5fl5fl5fl-5fl- -6.36610325369 0.154288546478 4.1335
5fl5fl5fl5fl -6.28147584989 -0.0966004126976 3.8152
5fl5fl5fl5fl- -6.28909503737 0.0198643102167 3.9465
5ga -7.98354791024 0.85579802235 5.7603
5ga5ga -7.29999794772 0.0707495980321 4.7275
5ga5ga- -7.25999721345 0.0870764283472 4.7011
5ga5ga-5ga -7.00502654669 -0.26721578949 4.2457
5ga5ga-5ga- -7.00475443285 -0.266943675652 4.2458
5ga5ga-5ga-5ga -6.84828897567 -0.466947347012 3.9746
5ga5ga-5ga-5ga- -6.78570279279 -0.49796832461 3.9137
5ga5ga-5ga5ga -6.78570279279 -0.497424096933 3.9141
5ga5ga-5ga5ga- -6.87713304256 -0.480280925102 3.9919
5ga5ga5ga -7.00475443285 -0.266943675652 4.2457
5ga5ga5ga- -7.01944858014 -0.269664814038 4.2461
5ga5ga5ga-5ga -6.88012629478 -0.475110762169 3.9796
5ga5ga5ga-5ga- -6.86570426134 -0.453341655082 3.9971
5ga5ga5ga5ga- -6.78570279279 -0.49796832461 3.9137
5gd -7.86517839046 -0.156193343348 4.9993
5gd5gd -7.86136879672 -0.853893225479 4.3800
5gd5gd- -7.87796774087 -0.863961437507 4.3781
5gd5gd-5gd -7.9332068501 -1.19104227149 4.1707
5gd5gd-5gd- -7.86436204894 -1.19512397906 4.1491
5gd5gd-5gd-5gd -7.99361612227 -1.34016065503 4.1144
5gd5gd-5gd5gd -7.82708245306 -1.39975358568 3.9865
5gd5gd-5gd5gd- -7.99225555308 -1.19213072684 4.2498
5gd5gd5gd -7.86436204894 -1.1953960929 4.1487
5gd5gd5gd- -7.90898871847 -1.1798856041 4.1647
5gd5gd5gd-5gd -8.04858311766 -1.24628138072 4.1991
5gd5gd5gd5gd -7.83551798205 -1.38642000759 4.0020
5gd5gd5gd5gd- -7.83007570528 -1.39186228436 3.9935
5ge -7.40176852335 0.414973603842 5.1008
5ge5ge -7.23958867555 -0.2383717226 4.4438
5ge5ge- -7.23958867555 -0.2383717226 4.4438
5ge5ge-5ge -7.17346501278 -0.513206699571 4.1896
5ge5ge-5ge- -7.09945004868 -0.561642962839 4.1123
5ge5ge-5ge-5ge -7.11904224506 -0.643549228253 4.0281
5ge5ge-5ge-5ge- -7.00611500205 -0.747224600754 3.9095
5ge5ge-5ge5ge -7.11985858657 -0.627494511777 4.0420
5ge5ge-5ge5ge- -7.11877013122 -0.643821342092 4.0280
5ge5ge5ge -7.09945004868 -0.561642962839 4.1121
5ge5ge5ge- -7.14108346598 -0.494975072386 4.1671
5ge5ge5ge-5ge -7.11904224506 -0.643549228253 4.0282
5ge5ge5ge-5ge- -7.08421167372 -0.658787603214 4.0076
5ge5ge5ge5ge -7.00584288821 -0.747224600754 3.9093
5ge5ge5ge5ge- -7.00584288821 -0.747224600754 3.9093
5gf -7.28094997902 1.08491787444 5.5071
5gf5gf -7.03795232116 0.200820012876 4.6403
5gf5gf- -7.038224435 0.200547899037 4.6402
5gf5gf-5gf -6.86733694437 -0.184221068722 4.1895
5gf5gf-5gf- -6.86733694437 -0.184221068722 4.1898
5gf5gf-5gf-5gf -6.74461360317 -0.431300434157 3.9367
5gf5gf-5gf-5gf- -6.74461360317 -0.431300434157 3.9366
5gf5gf-5gf5gf -6.75168856297 -0.382864170889 3.9675
5gf5gf-5gf5gf- -6.75168856297 -0.382864170889 3.9677
5gf5gf5gf -6.84311881273 -0.186397979431 4.1908
5gf5gf5gf- -6.84311881273 -0.186397979431 4.1908
5gf5gf5gf-5gf -6.74243669246 -0.377149780279 3.9870
5gf5gf5gf-5gf- -6.74243669246 -0.377149780279 3.9870
5gf5gf5gf5gf -6.71631376395 -0.426402385063 3.9366
5gf5gf5gf5gf- -6.71250417021 -0.436742710929 3.9227
5gg -7.3873464899 0.811715580499 5.0295
5gg5gg -7.48911706553 0.177962450435 4.9839
5gg5gg- -7.48911706553 0.177962450435 4.9839
5gg5gg-5gg-5gg -7.47061332451 -0.354020103999 4.5487
5gg5gg-5gg-5gg- -7.44340194065 -0.402184253428 4.5051
5gg5gg-5gg5gg -7.50217852979 -0.293610831833 4.6499
5gg5gg-5gg5gg- -7.50245064362 -0.281093595258 4.6309
5gg5gg5gg -7.31414786732 -0.300957905475 4.4608
5gg5gg5gg- -7.31360363965 -0.302046360829 4.4596
5gg5gg5gg-5gg -7.36503315514 -0.320822215692 4.5799
5gg5gg5gg-5gg- -7.36367258595 -0.32680872014 4.5811
5gg5gg5gg5gg -7.2730586777 -0.466403119335 4.4071
5gg5gg5gg5gg- -7.2730586777 -0.466131005496 4.4073
5gh -7.00312174982 1.08274096373 5.2181
5gh5gh -6.66080254088 0.42885140961 4.4136
5gh5gh- -6.66080254088 0.42885140961 4.4136
5gh5gh-5gh -6.50760244976 0.153472204962 4.0973
5gh5gh-5gh- -6.50760244976 0.153472204962 4.0973
5gh5gh-5gh-5gh -6.4338595995 0.000272113838585 3.9225
5gh5gh-5gh-5gh- -6.4338595995 0.000272113838585 3.9226
5gh5gh-5gh5gh -6.4338595995 0.0 3.9225
5gh5gh-5gh5gh- -6.4338595995 0.0 3.9225
5gh5gh5gh -6.50760244976 0.153472204962 4.0973
5gh5gh5gh- -6.5078745636 0.153472204962 4.0974
5gh5gh5gh-5gh -6.4338595995 0.0 3.9225
5gh5gh5gh-5gh- -6.4338595995 0.0 3.9225
5gh5gh5gh5gh -6.43413171334 0.0 3.9225
5gh5gh5gh5gh- -6.4338595995 0.0 3.9225
5gi -7.85973611369 0.994303966189 5.7667
5gi5gi -7.3957820189 0.365176771381 5.0324
5gi5gi- -7.39550990506 0.364904657542 5.0320
5gi5gi-5gi -7.14353249053 0.103675372501 4.6399
5gi5gi-5gi- -7.15115167801 0.117825292107 4.6605
5gi5gi-5gi-5gi -7.08094630766 -0.0476199217524 4.4719
5gi5gi-5gi-5gi- -7.0812184215 -0.0476199217524 4.4719
5gi5gi-5gi5gi -7.08094630766 -0.0478920355909 4.4716
5gi5gi-5gi5gi- -7.0812184215 -0.0476199217524 4.4719
5gi5gi5gi -7.15115167801 0.117553178269 4.6602
5gi5gi5gi- -7.14298826285 0.102859030985 4.6389
5gi5gi5gi-5gi -7.0812184215 -0.0476199217524 4.4720
5gi5gi5gi-5gi- -7.0812184215 -0.0476199217524 4.4720
5gi5gi5gi5gi -7.08094630766 -0.0478920355909 4.4716
5gi5gi5gi5gi- -7.08094630766 -0.0476199217524 4.4719
5gl -7.19441777835 1.07348909322 5.3763
5gl5gl -7.03795232116 0.0829947207684 4.5590
5gl5gl- -7.03795232116 0.0829947207684 4.5590
5gl5gl-5gl -6.80801612756 -0.275651318487 4.0979
5gl5gl-5gl- -6.80801612756 -0.275651318487 4.0979
5gl5gl-5gl-5gl -6.7081503488 -0.450076289019 3.8882
5gl5gl-5gl-5gl- -6.50569765289 -0.431844661834 3.7363
5gl5gl-5gl5gl -6.70842246263 -0.449804175181 3.8883
5gl5gl-5gl5gl- -6.70842246263 -0.449804175181 3.8883
5gl5gl5gl -6.55032432242 -0.264766764943 3.8927
5gl5gl5gl- -6.80801612756 -0.275651318487 4.0979
5gl5gl5gl-5gl -6.70842246263 -0.450076289019 3.8882
5gl5gl5gl-5gl- -6.50569765289 -0.431844661834 3.7365
5gl5gl5gl5gl -6.58515489375 -0.640011748352 3.6275
5gl5gl5gl5gl- -6.30868723375 -0.551030523134 3.4896
5ha -6.83686019445 1.43131879096 5.3794
5ha5ha -6.38270219785 0.6114397953 4.3894
5ha5ha- -6.38270219785 0.6114397953 4.3894
5ha5ha-5ha -6.14950063818 0.265855220297 3.9544
5ha5ha-5ha- -6.14950063818 0.265855220297 3.9544
5ha5ha-5ha-5ha -5.97208241542 0.0541506538784 3.6698
5ha5ha-5ha-5ha- -5.97208241542 0.0541506538784 3.6698
5ha5ha-5ha5ha -5.97235452926 0.054422767717 3.6701
5ha5ha-5ha5ha- -5.97208241542 0.0541506538784 3.6698
5ha5ha5ha -6.14950063818 0.265855220297 3.9544
5ha5ha5ha- -6.14950063818 0.265855220297 3.9544
5ha5ha5ha-5ha -5.97208241542 0.0541506538784 3.6698
5ha5ha5ha-5ha- -5.97208241542 0.0541506538784 3.6699
5ha5ha5ha5ha -5.97235452926 0.054422767717 3.6701
5ha5ha5ha5ha- -5.97235452926 0.054422767717 3.6701
5hd -7.39877527112 0.152927977285 4.7477
5hd5hd -7.12475663567 -0.638106951482 3.9049
5hd5hd- -7.12475663567 -0.638106951482 3.9049
5hd5hd-5hd -7.00230540831 -0.992671283158 3.5551
5hd5hd-5hd- -7.00230540831 -0.992671283158 3.5551
5hd5hd-5hd-5hd -6.91876645986 -1.21825365534 3.3372
5hd5hd-5hd-5hd- -6.91876645986 -1.21825365534 3.3372
5hd5hd-5hd5hd -6.91876645986 -1.21825365534 3.3372
5hd5hd-5hd5hd- -6.91876645986 -1.21825365534 3.3372
5hd5hd5hd -7.00230540831 -0.992671283158 3.5551
5hd5hd5hd- -7.00230540831 -0.992671283158 3.5551
5hd5hd5hd-5hd -6.91876645986 -1.21825365534 3.3372
5hd5hd5hd-5hd- -6.91876645986 -1.21825365534 3.3372
5hd5hd5hd5hd -6.91876645986 -1.21825365534 3.3372
5hd5hd5hd5hd- -6.91876645986 -1.21825365534 3.3372
5he -6.91522897996 0.72491126599 4.8498
5he5he -6.47440456145 0.154288546478 4.0291
5he5he- -6.47168342306 0.155104887993 4.0268
5he5he-5he -6.26351633655 -0.154016432639 3.6409
5he5he-5he- -6.26324422271 -0.154016432639 3.6405
5he5he-5he-5he -6.12011234361 -0.295787742542 3.4384
5he5he-5he-5he- -6.12065657129 -0.295515628703 3.4389
5he5he-5he5he -6.12011234361 -0.295787742542 3.4385
5he5he-5he5he- -6.12011234361 -0.295787742542 3.4385
5he5he5he -6.26351633655 -0.154016432639 3.6409
5he5he5he- -6.26351633655 -0.154016432639 3.6409
5he5he5he-5he -6.12011234361 -0.295787742542 3.4385
5he5he5he-5he- -6.12011234361 -0.295787742542 3.4385
5he5he5he5he -6.12011234361 -0.295787742542 3.4385
5he5he5he5he- -6.12011234361 -0.295787742542 3.4385
5hf -6.65508815027 1.62914555161 5.4441
5hf5hf- -6.40147805271 0.605453290851 4.4755
5hf5hf-5hf -6.11902388826 0.185853751753 3.9215
5hf5hf-5hf5hf- -5.93153745347 -0.0310209775987 3.6382
5hg -6.91495686612 0.96137819172 5.0419
5hh -6.65726506098 1.73635840401 5.4667
5hi -6.82298238868 1.57798814995 5.5073
5hi5hi -6.44283935617 0.889268024495 4.6614
5hi5hi- -6.44283935617 0.889268024495 4.6614
5hi5hi-5hi -6.26215576735 0.614160933686 4.3150
5hi5hi-5hi- -6.26215576735 0.614160933686 4.3150
5hi5hi-5hi-5hi -6.16310633011 0.473750192976 4.1311
5hi5hi-5hi-5hi- -6.16310633011 0.473750192976 4.1311
5hi5hi-5hi5hi -6.16310633011 0.473750192976 4.1311
5hi5hi-5hi5hi- -6.16310633011 0.473750192976 4.1311
5hi5hi5hi -6.26215576735 0.614160933686 4.3150
5hi5hi5hi- -6.26215576735 0.614160933686 4.3150
5hi5hi5hi-5hi -6.16310633011 0.473750192976 4.1311
5hi5hi5hi-5hi- -6.16310633011 0.473750192976 4.1311
5hi5hi5hi5hi -6.16310633011 0.473750192976 4.1311
5hi5hi5hi5hi- -6.16310633011 0.473750192976 4.1311
5hl -6.59930481336 1.69635766974 5.4566
5hl5hl -6.26895861332 0.583139956087 4.3197
5hl5hl- -6.26895861332 0.583139956087 4.3197
5hl5hl-5hl -5.9345307057 0.227759282896 3.8030
5hl5hl-5hl- -5.79602476186 0.352931648645 3.7839
5hl5hl-5hl-5hl -5.73561548969 0.060953499843 3.5348
5hl5hl-5hl-5hl- -5.73561548969 0.060953499843 3.5350
5hl5hl-5hl5hl -5.73561548969 0.060953499843 3.5348
5hl5hl-5hl5hl- -5.73561548969 0.060953499843 3.5348
5hl5hl5hl -5.9345307057 0.227487169057 3.8030
5hl5hl5hl- -5.9345307057 0.227759282896 3.8030
5hl5hl5hl-5hl -5.73561548969 0.060953499843 3.5348
5hl5hl5hl-5hl- -5.73561548969 0.060953499843 3.5348
5hl5hl5hl5hl -5.73969719727 0.0225854486025 3.5009
5hl5hl5hl5hl- -5.65126019973 0.154288546478 3.5310
5ia -7.69918894892 1.32682707694 6.0194
5ia5ia -7.04856476086 0.524363366953 4.8861
5ia5ia- -7.04856476086 0.524363366953 4.8861
5ia5ia-5ia -6.80883246907 0.214969932482 4.4625
5ia5ia-5ia- -6.80883246907 0.214969932482 4.4625
5ia5ia-5ia-5ia -6.71821856082 0.0876206560243 4.2950
5ia5ia-5ia-5ia- -6.71821856082 0.0876206560243 4.2951
5ia5ia-5ia5ia -6.71849067466 0.0878927698629 4.2952
5ia5ia-5ia5ia- -6.71821856082 0.0876206560243 4.2950
5ia5ia5ia -6.80883246907 0.214969932482 4.4624
5ia5ia5ia- -6.80883246907 0.214969932482 4.4625
5ia5ia5ia-5ia -6.71849067466 0.0878927698629 4.2953
5ia5ia5ia-5ia- -6.71849067466 0.0878927698629 4.2953
5ia5ia5ia5ia -6.71821856082 0.0876206560243 4.2951
5ia5ia5ia5ia- -6.71821856082 0.0876206560243 4.2949
5id -8.46355672151 0.135784805454 5.6514
5id5id -8.04014758867 -0.685998987073 4.6776
5id5id- -8.04014758867 -0.685998987073 4.6776
5id5id-5id -7.94898945274 -1.04029120491 4.3446
5id5id-5id- -7.94898945274 -1.04029120491 4.3446
5id5id-5id-5id -7.9332068501 -1.24519292536 4.1780
5id5id-5id-5id- -7.9332068501 -1.24519292536 4.1780
5id5id-5id5id -7.9332068501 -1.24519292536 4.1780
5id5id-5id5id- -7.9332068501 -1.24519292536 4.1780
5id5id5id -7.94898945274 -1.04029120491 4.3446
5id5id5id- -7.94898945274 -1.04029120491 4.3446
5id5id5id-5id -7.9332068501 -1.24519292536 4.1780
5id5id5id-5id- -7.9332068501 -1.24519292536 4.1780
5id5id5id5id -7.9332068501 -1.24519292536 4.1781
5id5id5id5id- -7.9332068501 -1.24519292536 4.1780
5ie -7.59551357642 0.718652647703 5.5553
5ie5ie -7.2216291622 0.097688868052 4.7087
5ie5ie- -7.22190127604 0.097688868052 4.7090
5ie5ie-5ie -7.04747630551 -0.150478952737 4.3796
5ie5ie-5ie- -7.04747630551 -0.150478952737 4.3797
5ie5ie-5ie-5ie -6.96039987716 -0.285447416676 4.2058
5ie5ie-5ie-5ie- -6.96039987716 -0.285447416676 4.2058
5ie5ie-5ie5ie -6.96039987716 -0.285447416676 4.2059
5ie5ie-5ie5ie- -6.96039987716 -0.285447416676 4.2058
5ie5ie5ie -7.04720419167 -0.150751066576 4.3793
5ie5ie5ie- -7.04747630551 -0.150478952737 4.3797
5ie5ie5ie-5ie -6.96039987716 -0.285447416676 4.2058
5ie5ie5ie-5ie- -6.96039987716 -0.285447416676 4.2058
5ie5ie5ie5ie -6.96039987716 -0.285447416676 4.2058
5ie5ie5ie5ie- -6.96039987716 -0.285447416676 4.2058
5if -7.23686753717 1.45390423956 5.7357
5if5if -6.8964531251 0.612528250655 4.7771
5if5if- -6.8964531251 0.612256136816 4.7771
5if5if-5if -6.74325303397 0.263134081912 4.4040
5if5if-5if- -6.74325303397 0.262861968073 4.4040
5if5if-5if-5if -6.68692546939 0.0829947207684 4.2285
5if5if-5if5if -6.68692546939 0.0829947207684 4.2285
5if5if-5if5if- -6.68692546939 0.0829947207684 4.2285
5if5if5if- -6.74325303397 0.262861968073 4.4039
5if5if5if-5if -6.68692546939 0.0829947207684 4.2286
5ig -7.26054144112 1.1347147069 5.3148
5ig5ig -7.14788631195 0.458511818016 4.9296
5ig5ig- -7.14761419811 0.458239704177 4.9293
5ig5ig-5ig -7.10353175626 0.154288546478 4.6539
5ig5ig-5ig- -7.10325964242 0.154016432639 4.6536
5ig5ig-5ig-5ig -7.11359996829 0.0476199217524 4.5812
5ig5ig-5ig5ig -7.11359996829 0.0473478079138 4.5812
5ig5ig-5ig5ig- -7.11359996829 0.0473478079138 4.5812
5ig5ig5ig- -7.10325964242 0.154016432639 4.6537
5ig5ig5ig-5ig -7.11387208213 0.0476199217524 4.5814
5ih -6.82298238868 1.57798814995 5.5073
5ih5ih -6.44283935617 0.889268024495 4.6614
5ih5ih- -6.44283935617 0.889268024495 4.6614
5ih5ih-5ih -6.26215576735 0.614160933686 4.3150
5ih5ih-5ih- -6.26188365352 0.614160933686 4.3150
5ih5ih-5ih-5ih -6.16310633011 0.473750192976 4.1311
5ih5ih-5ih-5ih- -6.16310633011 0.473750192976 4.1311
5ih5ih-5ih5ih -6.16310633011 0.473750192976 4.1311
5ih5ih-5ih5ih- -6.16310633011 0.473750192976 4.1311
5ih5ih5ih -6.26215576735 0.614160933686 4.3150
5ih5ih5ih- -6.26215576735 0.613888819848 4.3149
5ih5ih5ih-5ih -6.16310633011 0.473750192976 4.1311
5ih5ih5ih-5ih- -6.16310633011 0.473750192976 4.1312
5ih5ih5ih5ih -6.16310633011 0.473750192976 4.1311
5ih5ih5ih5ih- -6.16310633011 0.473750192976 4.1311
5ii -7.60068373935 1.45907440249 6.0482
5il -7.15169590569 1.52030001617 5.7286
5il5il -6.87359556265 0.585861094473 4.8073
5il5il- -7.01699955559 0.485995315713 4.8237
5il5il-5il -6.7378107572 0.124628138072 4.3311
5il5il-5il- -6.7378107572 0.124628138072 4.3311
5il5il-5il-5il -6.62025757893 -0.0195921963781 4.1315
5il5il-5il-5il- -6.62025757893 -0.0195921963781 4.1315
5il5il-5il5il -6.62025757893 -0.0195921963781 4.1315
5il5il-5il5il- -6.62025757893 -0.0195921963781 4.1315
5il5il5il -6.7378107572 0.124628138072 4.3311
5il5il5il- -6.7378107572 0.124628138072 4.3311
5il5il5il-5il -6.62025757893 -0.0195921963781 4.1315
5il5il5il-5il- -6.62025757893 -0.0195921963781 4.1315
5il5il5il5il -6.62025757893 -0.0195921963781 4.1315
5il5il5il5il- -6.62025757893 -0.0195921963781 4.1315
5la -7.24339826929 1.34288179342 5.6504
5la5la -6.43957399011 0.331706769235 4.2829
5la5la- -6.43957399011 0.331706769235 4.2829
5la5la-5la -6.00337550686 -0.0614977275202 3.6694
5la5la-5la- -6.00337550686 -0.0614977275202 3.6694
5la5la-5la-5la -5.6806484943 -0.343407664294 3.2387
5la5la-5la-5la- -5.6806484943 -0.343407664294 3.2388
5la5la-5la5la- -5.6806484943 -0.343407664294 3.2388
5la5la5la -6.00337550686 -0.0614977275202 3.6694
5la5la5la- -6.00337550686 -0.0614977275202 3.6694
5la5la5la-5la -5.6806484943 -0.343407664294 3.2388
5la5la5la5la -5.6806484943 -0.343407664294 3.2388
5la5la5la5la- -5.6806484943 -0.343407664294 3.2388
5ld -7.9332068501 0.129526187166 5.2013
5le -7.36040721988 0.719741103057 5.2553
5lf -7.0178158971 1.55812383974 5.6311
5lg -7.12502874951 1.19321918219 5.3396
5lg5lg -7.00529866053 0.175241312049 4.5942
5lg5lg- -7.00529866053 0.175241312049 4.5942
5lg5lg-5lg- -6.85318702476 -0.243269771695 4.1590
5lg5lg-5lg-5lg -6.5720934295 -0.605181177013 3.6574
5lg5lg-5lg-5lg- -6.47386033377 -0.525451822307 3.6249
5lg5lg5lg -6.85318702476 -0.243269771695 4.1590
5lg5lg5lg5lg -6.75522604287 -0.464226208626 3.8953
5lg5lg5lg5lg- -6.75522604287 -0.464226208626 3.8952
5lh -6.59930481336 1.69635766974 5.4567
5lh5lh -6.11630274987 0.74804094227 4.3208
5lh5lh- -6.15222177657 0.665590449179 4.2944
5lh5lh-5lh -5.79602476186 0.352931648645 3.7839
5lh5lh-5lh- -5.79602476186 0.352931648645 3.7840
5lh5lh-5lh-5lh -5.66731491621 0.138778057678 3.5151
5lh5lh-5lh5lh -5.66731491621 0.138778057678 3.5151
5lh5lh-5lh5lh- -5.6651380055 0.0797293547054 3.4674
5lh5lh5lh- -5.79602476186 0.352931648645 3.7839
5lh5lh5lh-5lh -5.66731491621 0.138778057678 3.5151
5li -7.15169590569 1.52030001617 5.7286
5li5li -6.87359556265 0.585861094473 4.8073
5li5li- -6.87359556265 0.585861094473 4.8073
5li5li-5li -6.16773226537 -0.0198643102167 3.7996
5li5li-5li- -6.16773226537 -0.0198643102167 3.7996
5li5li-5li-5li- -6.0847375446 -0.0859879729928 3.6754
5li5li-5li5li -6.28038739454 -0.00299325222443 3.9211
5li5li5li -6.16773226537 -0.0198643102167 3.7996
5li5li5li- -6.16773226537 -0.0198643102167 3.7996
5li5li5li-5li -6.08446543076 -0.0862600868314 3.6753
5li5li5li-5li- -6.0847375446 -0.0859879729928 3.6754
5li5li5li5li -6.19331096619 -0.143948220611 3.7130
5li5li5li5li- -6.2801152807 -0.00272113838585 3.9210
5ll -6.89427621439 1.51948367466 5.5475
5ll5ll -6.58842025982 0.342047095101 4.3815
5ll5ll- -6.88965027913 0.657971261698 4.8027
5ll5ll-5ll -6.69917059212 0.404633277976 4.4836
5ll5ll-5ll- -6.7603962058 0.417694742228 4.5385
5ll5ll-5ll-5ll -6.51821488946 0.213881477128 4.2337
5ll5ll-5ll-5ll- -6.53263692291 0.299053108605 4.3346
5ll5ll-5ll5ll -6.66379579311 0.220140095415 4.3918
5ll5ll-5ll5ll- -6.61753644055 0.268576358683 4.3273
5ll5ll5ll- -6.72447717911 0.498512552288 4.5885
5ll5ll5ll-5ll -6.57182131566 0.280277253742 4.3261
5ll5ll5ll-5ll- -6.4422951285 0.0884369975401 4.0835
5ll5ll5ll5ll -6.62842099409 0.239732291793 4.3413
5ll5ll5ll5ll- -6.57154920183 0.279460912227 4.3253
6ag -7.72177439752 0.561098735162 5.1595
6dg -8.24477719528 -0.535792148174 5.0119
6eg -7.57592138004 0.0468035802366 4.9238
6fg -7.29101819104 0.54041808343 4.8419
6ga -7.69048130609 0.58640532215 5.1995
6ga6ga -7.3957820189 -0.232113104313 4.5128
6ga6ga- -7.39550990506 -0.231840990474 4.5129
6ga6ga-6ga -7.2300646912 -0.657427034021 4.2008
6ga6ga-6ga- -7.2300646912 -0.657427034021 4.2008
6ga6ga-6ga-6ga -7.17836306187 -0.903417944102 4.0189
6ga6ga-6ga-6ga- -7.17809094803 -0.90369005794 4.0187
6ga6ga-6ga6ga -7.21156095018 -0.883825747724 4.0898
6ga6ga-6ga6ga- -7.21156095018 -0.884097861562 4.0898
6ga6ga6ga -7.29455567095 -0.644637683608 4.2379
6ga6ga6ga- -7.2300646912 -0.657427034021 4.2008
6ga6ga6ga-6ga -7.21156095018 -0.883825747724 4.0899
6ga6ga6ga-6ga- -7.21156095018 -0.884097861562 4.0898
6ga6ga6ga6ga- -7.21156095018 -0.883825747724 4.0900
6gd -8.23198784487 -0.502866373705 5.0223
6gd6gd -8.10872027599 -1.17825292107 4.3823
6gd6gd- -8.10872027599 -1.17825292107 4.3824
6gd6gd-6gd -8.01021506642 -1.63077823464 4.1241
6gd6gd-6gd- -8.01021506642 -1.63077823464 4.1239
6gd6gd-6gd-6gd -7.95796920942 -1.90969491919 3.9932
6gd6gd-6gd-6gd- -7.95796920942 -1.90969491919 3.9932
6gd6gd-6gd6gd -7.93864912688 -1.90398052858 4.0076
6gd6gd-6gd6gd- -7.93864912688 -1.90425264242 4.0072
6gd6gd6gd -8.03851490564 -1.61690042887 4.1558
6gd6gd6gd- -8.01048718026 -1.6305061208 4.1244
6gd6gd6gd-6gd -7.93864912688 -1.90452475626 4.0069
6gd6gd6gd-6gd- -7.93837701304 -1.90425264242 4.0074
6gd6gd6gd6gd -7.93837701304 -1.90425264242 4.0076
6gd6gd6gd6gd- -7.93837701304 -1.90425264242 4.0072
6ge -7.56939064792 0.0821783792526 4.9455
6ge6ge -7.33537274673 -0.462321411756 4.3651
6ge6ge- -7.33537274673 -0.462321411756 4.3651
6ge6ge-6ge -7.20285330734 -0.842736558097 4.1186
6ge6ge-6ge- -7.20285330734 -0.842736558097 4.1186
6ge6ge-6ge-6ge -7.15468915791 -1.05879494593 3.9860
6ge6ge-6ge-6ge- -7.15468915791 -1.05879494593 3.9860
6ge6ge-6ge6ge- -7.11849801738 -1.05743437674 3.9971
6ge6ge6ge- -7.20285330734 -0.842736558097 4.1186
6ge6ge6ge-6ge -7.11877013122 -1.05743437674 3.9971
6ge6ge6ge6ge -7.1418998075 -1.06423722271 3.9841
6gf -7.26625583173 0.520825887052 4.8182
6gf6gf -7.24421461081 -0.294699287187 4.2873
6gf6gf- -7.24421461081 -0.294699287187 4.2872
6gf6gf-6gf -7.24122135858 -0.70178158971 4.0230
6gf6gf-6gf- -7.24639152152 -0.706679638805 4.0148
6gf6gf-6gf-6gf -7.26407892102 -0.921921685126 3.8894
6gf6gf-6gf-6gf- -7.26407892102 -0.921921685126 3.8894
6gf6gf-6gf6gf -7.2216291622 -0.938248515441 3.8641
6gf6gf-6gf6gf- -7.2216291622 -0.938248515441 3.8641
6gf6gf6gf -7.24122135858 -0.70178158971 4.0230
6gf6gf6gf- -7.24122135858 -0.70178158971 4.0230
6gf6gf6gf-6gf -7.2216291622 -0.938248515441 3.8642
6gf6gf6gf-6gf- -7.2216291622 -0.938248515441 3.8641
6gf6gf6gf6gf -7.30516811065 -0.907499651681 3.9381
6gf6gf6gf6gf- -7.25156168445 -0.922465912803 3.9083
6gg -7.33292372219 0.371979617346 4.7681
6gh -6.83114580384 0.722190127604 4.6065
6gh6gh -6.75957986429 0.0421776449807 4.1801
6gh6gh- -6.75957986429 0.0421776449807 4.1801
6gh6gh-6gh -6.74325303397 -0.278644570711 3.9540
6gh6gh-6gh- -6.74325303397 -0.278644570711 3.9540
6gh6gh-6gh-6gh -6.69726579525 -0.478376128232 3.8456
6gh6gh-6gh-6gh- -6.69726579525 -0.478376128232 3.8456
6gh6gh-6gh6gh -6.69726579525 -0.478376128232 3.8456
6gh6gh-6gh6gh- -6.69726579525 -0.478376128232 3.8456
6gh6gh6gh -6.74325303397 -0.278644570711 3.9540
6gh6gh6gh- -6.74325303397 -0.278644570711 3.9540
6gh6gh6gh-6gh -6.69753790909 -0.478104014394 3.8457
6gh6gh6gh-6gh- -6.69726579525 -0.478104014394 3.8456
6gh6gh6gh6gh -6.69726579525 -0.478376128232 3.8456
6gh6gh6gh6gh- -6.69726579525 -0.478376128232 3.8456
6gi -7.49809682221 0.618514755104 5.0837
6gi6gi -7.46789218612 0.29225026264 4.9589
6gi6gi- -7.46762007229 0.298236767089 4.9621
6gi6gi-6gi -7.31931803026 -0.284903188998 4.5150
6gi6gi-6gi- -7.31578055036 -0.288712782739 4.5100
6gi6gi6gi -7.33918234047 -0.25578700827 4.5515
6gi6gi6gi- -7.33972656815 -0.254698552915 4.5530
6gi6gi6gi-6gi- -7.32421607935 -0.417422628389 4.4847
6gi6gi6gi6gi -7.32639299006 -0.418783197582 4.4827
6gl -7.13972289679 0.604636949336 4.7930
6gl6gl -6.82624775474 -0.158098140218 4.1306
6gl6gl- -6.82624775474 -0.158098140218 4.1305
6gl6gl-6gl -6.6580814025 -0.524635480792 3.8872
6gl6gl-6gl- -6.6580814025 -0.52490759463 3.8874
6gl6gl-6gl-6gl -6.52583407694 -0.737428502565 3.6988
6gl6gl-6gl-6gl- -6.52583407694 -0.737156388727 3.6989
6gl6gl-6gl6gl -6.54352147645 -0.708856549514 3.7675
6gl6gl-6gl6gl- -6.54352147645 -0.708856549514 3.7676
6gl6gl6gl -6.69318408767 -0.514567268764 3.9112
6gl6gl6gl- -6.6580814025 -0.52490759463 3.8870
6gl6gl6gl-6gl -6.54352147645 -0.708856549514 3.7676
6gl6gl6gl-6gl- -6.54379359029 -0.708856549514 3.7676
6gl6gl6gl6gl -6.60719611468 -0.729265087408 3.7687
6gl6gl6gl6gl- -6.53481383362 -0.750217852979 3.7394
6hg -7.34054290967 0.827226069298 5.0112
6ig -7.50326698514 0.620147438135 5.0849
6lg -7.15931509317 0.654433781797 4.8386
