12ag -8.97431439653 3.11815247634 4.9455
12ag12ag -8.50083631739 1.44329179985 4.9947
12ag12ag- -8.63689323669 1.4302303356 5.2187
12ag12ag-12ag -8.20232743646 0.893349732074 4.6179
12ag12ag-12ag- -8.13021726924 0.903417944102 4.5942
12ag12ag-12ag-12ag -7.95824132325 0.642460772899 4.3076
12ag12ag-12ag-12ag- -7.97592872276 0.6269502841 4.3095
12ag12ag-12ag12ag -7.9952488053 0.595385078824 4.2900
12ag12ag-12ag12ag- -7.99742571601 0.591031257406 4.2872
12ag12ag12ag -8.13021726924 0.903417944102 4.5942
12ag12ag12ag- -8.13021726924 0.903417944102 4.5942
12ag12ag12ag-12ag- -7.91198197069 0.641100203706 4.2797
12ag12ag12ag12ag -7.95824132325 0.642460772899 4.3077
12ag12ag12ag12ag- -7.95824132325 0.642460772899 4.3078
12dg -9.63908850419 1.72030368753 5.0124
12dg12dg -9.64262598409 0.297420425573 5.0087
12dg12dg- -9.64262598409 0.296876197896 5.0085
12dg12dg-12dg -8.94764724035 -0.522186456244 4.1494
12dg12dg-12dg- -9.63582313813 -0.236739039569 4.8655
12dg12dg-12dg-12dg -9.68317094604 -0.505315398252 4.7008
12dg12dg-12dg-12dg- -9.68725265362 -0.512390358055 4.6972
12dg12dg-12dg12dg -9.69051801969 -0.504226942898 4.7090
12dg12dg-12dg12dg- -9.78766266006 -0.531166212918 4.7167
12dg12dg12dg -9.63555102429 -0.236739039569 4.8654
12dg12dg12dg- -9.67010948179 -0.225582372187 4.8628
12dg12dg12dg-12dg -9.68725265362 -0.512390358055 4.6973
12dg12dg12dg-12dg- -9.68725265362 -0.512390358055 4.6972
12dg12dg12dg12dg -9.68725265362 -0.512390358055 4.6971
12dg12dg12dg12dg- -9.61895208014 -0.591847598922 4.6260
12eg -9.13894326887 2.26861307228 4.4315
12eg12eg -8.70410535482 1.08981592353 4.3987
12eg12eg- -8.61539624344 1.12083690113 4.3757
12eg12eg-12eg -8.38600427751 0.67103272595 4.3645
12eg12eg-12eg- -8.44505298048 0.658243375537 4.3879
12eg12eg-12eg-12eg -8.38355525296 0.481369380457 4.3693
12eg12eg-12eg-12eg- -8.31743159019 0.4076265302 4.3526
12eg12eg-12eg12eg -8.31743159019 0.407898644039 4.3527
12eg12eg-12eg12eg- -8.34273817717 0.466675233173 4.3596
12eg12eg12eg -8.44505298048 0.658243375537 4.3879
12eg12eg12eg- -8.45267216796 0.676475002722 4.3844
12eg12eg12eg-12eg -8.38328313912 0.481369380457 4.3693
12eg12eg12eg-12eg- -8.38328313912 0.481369380457 4.3693
12eg12eg12eg12eg -8.31743159019 0.407898644039 4.3526
12eg12eg12eg12eg- -8.31715947635 0.4076265302 4.3524
12fg -9.33078352508 2.62317740396 5.7722
12fg12fg -8.56287827259 1.63295514535 5.2464
12fg12fg- -8.56287827259 1.63322725919 5.2465
12fg12fg-12fg -8.24069548771 1.12655129174 4.7764
12fg12fg-12fg- -8.22763402345 1.10396584314 4.7549
12fg12fg-12fg-12fg -8.10137320235 0.880560381661 4.5411
12fg12fg-12fg-12fg- -8.03062360432 0.829130866168 4.4668
12fg12fg-12fg12fg -8.00776604188 0.816069401916 4.4670
12fg12fg-12fg12fg- -8.10137320235 0.880560381661 4.5426
12fg12fg12fg -8.22763402345 1.10396584314 4.7549
12fg12fg12fg- -8.22763402345 1.10396584314 4.7549
12fg12fg12fg-12fg -8.10137320235 0.880560381661 4.5411
12fg12fg12fg-12fg- -8.10137320235 0.880560381661 4.5411
12fg12fg12fg12fg -8.10137320235 0.880560381661 4.5411
12fg12fg12fg12fg- -8.10137320235 0.880560381661 4.5411
12ga -8.94002805287 3.06726718853 4.8723
12ga12ga -8.64043071659 1.399209358 5.2126
12ga12ga- -8.65621331922 1.44301968602 5.2500
12ga12ga-12ga -8.19089865524 0.907227537842 4.6210
12ga12ga-12ga- -8.13865279824 0.921377457449 4.6053
12ga12ga-12ga-12ga -7.96205091699 0.623412804198 4.2895
12ga12ga-12ga-12ga- -7.97211912902 0.610351339946 4.2875
12ga12ga-12ga12ga -7.9917113254 0.590487029729 4.2858
12ga12ga-12ga12ga- -7.98436425176 0.598378331048 4.2878
12ga12ga12ga -8.1884496307 0.881376723177 4.6012
12ga12ga12ga- -8.18817751686 0.881376723177 4.6012
12ga12ga12ga-12ga -7.96341148619 0.624773373391 4.2920
12ga12ga12ga-12ga- -7.96341148619 0.624773373391 4.2920
12ga12ga12ga12ga -7.95089424961 0.620963779651 4.2812
12ga12ga12ga12ga- -7.95089424961 0.620963779651 4.2810
12gd -9.58575419183 1.62642441322 4.9941
12gd12gd -9.54003906695 0.370074820475 5.0260
12gd12gd- -9.59663874537 0.364360429865 5.0284
12gd12gd-12gd -9.44371076809 -0.155377001832 4.7155
12gd12gd-12gd- -9.43010507616 -0.194561394588 4.6917
12gd12gd-12gd-12gd -9.35527377055 -0.49987312148 4.4595
12gd12gd-12gd-12gd- -9.30466059657 -0.538785400398 4.4032
12gd12gd-12gd12gd -9.30466059657 -0.539057514237 4.4030
12gd12gd-12gd12gd- -8.7294119418 -0.803552165341 3.8585
12gd12gd12gd- -9.45595589083 -0.140682854548 4.7309
12gd12gd12gd-12gd -9.38302938208 -0.448171492149 4.5000
12gd12gd12gd-12gd- -9.36262084419 -0.449532061342 4.4879
12gd12gd12gd12gd -9.30438848273 -0.539057514237 4.4029
12gd12gd12gd12gd- -9.30466059657 -0.538785400398 4.4031
12ge -9.10520115289 2.16657038281 4.4383
12ge12ge -8.66954689732 1.14940885418 4.3660
12ge12ge- -8.66927478348 1.14940885418 4.3659
12ge12ge-12ge -8.43634533765 0.776068667644 4.3652
12ge12ge-12ge-12ge -8.28559427107 0.514023041087 4.3661
12ge12ge-12ge-12ge- -8.22926670648 0.465858891657 4.3601
12ge12ge-12ge12ge -8.21511678688 0.459056045693 4.3550
12ge12ge-12ge12ge- -8.25729443186 0.525179708469 4.3607
12ge12ge12ge -8.40586858773 0.727088176699 4.3681
12ge12ge12ge- -8.45376062332 0.75375533288 4.3692
12ge12ge12ge-12ge -8.29484614158 0.551030523134 4.3630
12ge12ge12ge-12ge- -8.29838362149 0.55184686465 4.3631
12ge12ge12ge12ge -8.21538890072 0.459056045693 4.3551
12ge12ge12ge12ge- -8.21511678688 0.459056045693 4.3550
12gf -8.91036764446 3.13774467272 5.0525
12gf12gf -8.37729663468 1.43893797844 4.9771
12gf12gf- -8.39389557883 1.55322579064 5.0558
12gf12gf-12gf -8.0262697829 1.02967876521 4.5215
12gf12gf-12gf- -7.97892197499 0.882465178531 4.3854
12gf12gf-12gf-12gf -7.77102700231 0.57307174406 4.0524
12gf12gf-12gf-12gf- -7.77102700231 0.57307174406 4.0524
12gf12gf-12gf12gf -7.80014318304 0.579330362347 4.0747
12gf12gf-12gf12gf- -7.85157269853 0.704502728096 4.2064
12gf12gf12gf -7.97892197499 0.882465178531 4.3854
12gf12gf12gf- -7.97892197499 0.882465178531 4.3853
12gf12gf12gf-12gf -7.80014318304 0.579330362347 4.0747
12gf12gf12gf-12gf- -7.80014318304 0.579330362347 4.0746
12gf12gf12gf12gf -7.80068741071 0.579602476186 4.0779
12gf12gf12gf12gf- -7.80041529688 0.579330362347 4.0777
12gg -9.04288708385 2.33636941809 4.8684
12gg12gg -8.75199739041 1.53907587104 5.1185
12gg12gg- -8.75199739041 1.53907587104 5.1185
12gg12gg-12gg -8.64886624558 0.997025104575 4.9136
12gg12gg-12gg- -8.72913982797 0.998657787607 5.0006
12gg12gg-12gg-12gg -8.57049746007 0.722462241443 4.7718
12gg12gg-12gg-12gg- -8.49974786204 0.723278582959 4.7581
12gg12gg-12gg12gg- -8.5079112772 0.720285330734 4.7234
12gg12gg12gg -8.57974933058 1.02913453753 4.9816
12gg12gg12gg- -8.61947795102 0.915663066838 4.9198
12gg12gg12gg12gg -8.49974786204 0.723278582959 4.7581
12gg12gg12gg12gg- -8.49974786204 0.723278582959 4.7583
12gh -8.83036617592 2.98263978473 5.6420
12gh12gh -7.9881738455 1.84955776086 4.9739
12gh12gh- -7.9881738455 1.84955776086 4.9739
12gh12gh-12gh -7.61238463441 1.45227155653 4.5104
12gh12gh-12gh- -7.61238463441 1.45227155653 4.5105
12gh12gh-12gh-12gh -7.34544095876 1.14451080509 4.1451
12gh12gh-12gh-12gh- -7.3457130726 1.14478291893 4.1454
12gh12gh-12gh12gh -7.3457130726 1.14451080509 4.1452
12gh12gh-12gh12gh- -7.34544095876 1.14478291893 4.1453
12gh12gh12gh -7.61211252057 1.45199944269 4.5101
12gh12gh12gh- -7.61292886209 1.45227155653 4.5106
12gh12gh12gh-12gh -7.34544095876 1.14478291893 4.1452
12gh12gh12gh-12gh- -7.34544095876 1.14478291893 4.1453
12gh12gh12gh12gh -7.3457130726 1.14478291893 4.1453
12gh12gh12gh12gh- -7.3457130726 1.14478291893 4.1454
12gi -9.39908409856 3.00549734717 5.5396
12gi12gi -8.72369755119 1.92221215576 5.4259
12gi12gi- -8.72369755119 1.9224842696 5.4258
12gi12gi-12gi -8.39307923731 1.46560513462 5.1101
12gi12gi-12gi- -8.39280712347 1.46587724846 5.1101
12gi12gi-12gi-12gi -8.33076516828 1.31376561269 4.9772
12gi12gi-12gi-12gi- -8.33103728212 1.31403772653 4.9775
12gi12gi-12gi12gi -8.34355451869 1.31920788946 4.9897
12gi12gi-12gi12gi- -8.34355451869 1.31920788946 4.9896
12gi12gi12gi -8.39280712347 1.46587724846 5.1102
12gi12gi12gi- -8.39307923731 1.46587724846 5.1103
12gi12gi12gi-12gi -8.34355451869 1.31920788946 4.9896
12gi12gi12gi-12gi- -8.33076516828 1.31403772653 4.9775
12gi12gi12gi12gi -8.33103728212 1.31403772653 4.9777
12gi12gi12gi12gi- -8.33049305444 1.31349349885 4.9768
12gl -9.49486816974 2.87406636313 5.5138
12gl12gl -8.36668419497 1.71703832147 5.1902
12gl12gl- -8.26382516399 1.73445360714 5.1829
12gl12gl-12gl -7.93620010233 1.14260600822 4.6150
12gl12gl-12gl- -7.88422635916 1.18559999471 4.5982
12gl12gl-12gl-12gl -7.6842226878 0.910765017744 4.2984
12gl12gl-12gl-12gl- -7.68395057396 0.910492903905 4.2982
12gl12gl-12gl12gl -7.70000529044 0.845457696483 4.2751
12gl12gl-12gl12gl- -7.70000529044 0.845185582645 4.2749
12gl12gl12gl -7.88422635916 1.18587210855 4.5983
12gl12gl12gl- -7.88422635916 1.18587210855 4.5983
12gl12gl12gl-12gl -7.6842226878 0.910765017744 4.2984
12gl12gl12gl-12gl- -7.6842226878 0.910492903905 4.2983
12gl12gl12gl12gl -7.6842226878 0.910492903905 4.2983
12gl12gl12gl12gl- -7.6842226878 0.910492903905 4.2983
12hg -8.84016227411 2.83270505967 5.6942
12hg12hg -8.25375695196 1.89772191029 5.2383
12hg12hg- -8.25375695196 1.89772191029 5.2383
12hg12hg-12hg -8.00177953743 1.39975358568 4.8253
12hg12hg-12hg- -8.00177953743 1.39975358568 4.8254
12hg12hg-12hg-12hg -7.76259147331 1.03512104198 4.4829
12hg12hg-12hg-12hg- -7.76286358715 1.03512104198 4.4833
12hg12hg-12hg12hg -7.76286358715 1.03512104198 4.4833
12hg12hg-12hg12hg- -7.76259147331 1.03512104198 4.4829
12hg12hg12hg -8.00177953743 1.39975358568 4.8253
12hg12hg12hg- -8.00150742359 1.39975358568 4.8252
12hg12hg12hg-12hg -7.89075709129 1.13607527609 4.6070
12hg12hg12hg-12hg- -7.76286358715 1.03512104198 4.4833
12hg12hg12hg12hg -7.76259147331 1.03512104198 4.4829
12hg12hg12hg12hg- -7.76286358715 1.03512104198 4.4833
12ig -8.88288414677 3.1489013401 5.0211
12ig12ig -8.47770664111 1.96302923155 5.0128
12ig12ig- -8.47770664111 1.96330134539 5.0128
12ig12ig-12ig -8.33348630666 1.48710212787 5.0316
12ig12ig-12ig- -8.33348630666 1.48710212787 5.0317
12ig12ig-12ig-12ig -8.17321125574 1.14777617115 4.8087
12ig12ig-12ig-12ig- -8.15443540087 1.13389836538 4.7827
12ig12ig-12ig12ig -8.33756801424 1.32056845865 4.9851
12ig12ig-12ig12ig- -8.34872468162 1.32764341846 4.9953
12ig12ig12ig -8.33348630666 1.48710212787 5.0317
12ig12ig12ig- -8.33348630666 1.48710212787 5.0316
12ig12ig12ig-12ig -8.35062947849 1.330092443 4.9974
12ig12ig12ig-12ig- -8.35062947849 1.330092443 4.9974
12ig12ig12ig12ig -8.30709126432 1.28818691186 4.9475
12lg -8.92098008417 3.19434435115 5.0716
13ag -8.35090159233 3.42074306485 4.8005
13ag13ag -8.34981313698 2.52467219439 5.5064
13ag13ag- -8.15824499461 2.60957171203 4.9505
13ag13ag-13ag -8.07252913546 2.19786347425 4.9561
13ag13ag-13ag- -7.90164164483 1.91432085444 4.9522
13ag13ag-13ag-13ag -7.78817017414 1.57744392228 4.8235
13ag13ag-13ag-13ag- -7.7878980603 1.57717180844 4.8232
13ag13ag13ag -7.90164164483 1.91404874061 4.9522
13ag13ag13ag- -7.89946473412 1.88466044604 4.9615
13ag13ag13ag-13ag -7.7878980603 1.57717180844 4.8232
13ag13ag13ag-13ag- -7.90790026312 1.78806003334 4.9444
13ag13ag13ag13ag -7.77129911615 1.5733622147 4.8275
13ag13ag13ag13ag- -7.7878980603 1.57717180844 4.8233
13dg -9.06547253246 2.38671047823 4.8826
13dg13dg -9.16914790496 1.27458121993 4.9031
13dg13dg- -9.16914790496 1.27485333377 4.9031
13dg13dg-13dg -8.86519674726 0.358373925416 4.7709
13dg13dg-13dg- -9.20180156559 0.72681606286 4.8934
13dg13dg-13dg-13dg -9.01159399242 0.00979609818906 4.6712
13dg13dg-13dg-13dg- -9.36942369016 0.367081568251 5.0955
13dg13dg-13dg13dg -9.27010213907 0.368170023605 4.9241
13dg13dg-13dg13dg- -8.99581138978 0.218235298545 4.7726
13dg13dg13dg -9.20152945175 0.726271835183 4.8934
13dg13dg13dg- -8.87308804858 0.327897175495 4.7636
13dg13dg13dg-13dg -9.57350906909 0.672121181305 5.1069
13dg13dg13dg-13dg- -9.30656539344 0.533887351304 4.9122
13dg13dg13dg13dg- -9.27010213907 0.367897909767 4.9240
13eg -8.58600794887 2.89229799032 4.4379
13eg13eg -8.38083411458 1.94697451508 4.4280
13eg13eg- -8.38137834225 1.94751874275 4.4280
13eg13eg-13eg -8.37131013023 1.65227522789 4.4319
13eg13eg-13eg- -8.28287313269 1.545878717 4.4311
13eg13eg-13eg-13eg -8.30083264603 1.41363139145 4.4299
13eg13eg-13eg-13eg- -8.20151109495 1.22859398121 4.4222
13eg13eg-13eg13eg -8.20123898111 1.22859398121 4.4222
13eg13eg13eg -8.28287313269 1.545878717 4.4312
13eg13eg13eg- -8.37131013023 1.65227522789 4.4319
13eg13eg13eg-13eg -8.35661598294 1.476761802 4.4315
13eg13eg13eg-13eg- -8.32124118393 1.37417488485 4.4292
13eg13eg13eg13eg -8.20123898111 1.22832186737 4.4222
13eg13eg13eg13eg- -8.20151109495 1.22886609505 4.4223
13fg -8.70356112714 3.23516142694 5.8325
13fg13fg -8.07933198142 2.50589633953 5.5571
13fg13fg- -8.07933198142 2.50589633953 5.5571
13fg13fg-13fg -7.77293179918 1.95214467801 5.1324
13fg13fg-13fg- -7.77293179918 1.95187256417 5.1324
13fg13fg-13fg-13fg -7.80095952455 1.88901426746 5.1163
13fg13fg-13fg-13fg- -7.62871146473 1.64383969889 4.8594
13fg13fg-13fg13fg -7.62326918796 1.6375810806 4.8503
13fg13fg-13fg13fg- -7.80095952455 1.88901426746 5.1163
13fg13fg13fg -7.76612895321 1.93717841689 5.1198
13fg13fg13fg- -7.86980432571 2.07568436073 5.2700
13fg13fg13fg-13fg -7.80068741071 1.88874215362 5.1162
13fg13fg13fg-13fg- -7.69456301367 1.72465750895 4.9522
13fg13fg13fg13fg -7.62898357857 1.65173100021 4.8622
13fg13fg13fg13fg- -7.62898357857 1.65145888637 4.8620
13ga -8.94764724035 3.56741242385 5.5328
13ga13ga -8.34981313698 2.52440008055 5.5066
13ga13ga- -8.35716021062 2.7807313165 5.1896
13ga13ga-13ga -7.95089424961 1.8928238612 4.9835
13ga13ga-13ga- -8.00749392804 1.90316418706 5.2525
13ga13ga-13ga-13ga -7.98654116247 1.74778718523 5.1502
13ga13ga-13ga-13ga- -7.89293400199 1.56329400267 4.9231
13ga13ga-13ga13ga -7.90817237695 1.57200164551 4.9595
13ga13ga-13ga13ga- -8.1538911732 1.94860719811 5.4021
13ga13ga13ga -8.00776604188 1.90370841474 5.2532
13ga13ga13ga- -8.03552165341 1.93309670931 5.2926
13ga13ga13ga-13ga -7.60694235764 1.51594619476 4.7075
13ga13ga13ga-13ga- -7.99933051288 1.82044158013 5.0982
13ga13ga13ga13ga -7.90490701089 1.58370254056 4.9758
13gd -9.01513147232 2.29364754543 4.9206
13gd13gd -9.02057374909 1.30641853905 4.9270
13gd13gd- -9.02030163525 1.30614642521 4.9271
13gd13gd-13gd -8.72315332352 0.348849941066 4.6117
13gd13gd-13gd- -9.10356846986 0.807361759081 5.0642
13gd13gd-13gd-13gd- -8.72451389271 0.0405449619492 4.5133
13gd13gd-13gd13gd -8.91254455517 0.197282532974 4.7216
13gd13gd-13gd13gd- -8.59770884393 0.126805048781 4.4060
13gd13gd13gd -8.87145536555 0.3385096152 4.7666
13gd13gd13gd- -8.72315332352 0.348849941066 4.6117
13gd13gd13gd-13gd -8.59770884393 0.126805048781 4.4060
13gd13gd13gd-13gd- -8.72478600655 0.0405449619492 4.5133
13gd13gd13gd13gd -9.04397553921 0.376061324924 4.9278
13ge -8.53675534409 2.78481302408 4.4361
13ge13ge -8.24722621983 2.01445874704 4.4007
13ge13ge- -8.24722621983 2.01445874704 4.4007
13ge13ge-13ge -8.13157783843 1.69173173448 4.4015
13ge13ge-13ge- -8.02354864451 1.51703465011 4.3948
13ge13ge-13ge-13ge -8.15797288078 1.54560660316 4.4054
13ge13ge-13ge-13ge- -8.06354937879 1.41716887135 4.3958
13ge13ge-13ge13ge- -7.95062213577 1.2645130079 4.3858
13ge13ge13ge -8.02354864451 1.51703465011 4.3948
13ge13ge13ge- -8.13184995227 1.69200384832 4.4015
13ge13ge13ge-13ge- -8.15824499461 1.545878717 4.4053
13ge13ge13ge13ge -7.95062213577 1.2645130079 4.3858
13ge13ge13ge13ge- -7.95062213577 1.2645130079 4.3858
13gf -8.27470971753 3.6890473097 4.9182
13gf13gf -7.96096246164 2.45528316555 5.0370
13gf13gf- -7.95824132325 2.39977194248 5.0286
13gf13gf-13gf -7.78327212504 1.96928784984 5.1211
13gf13gf-13gf- -7.70136585963 1.81391084801 4.9436
13gf13gf-13gf-13gf -7.70082163195 1.70207206035 4.9232
13gf13gf-13gf-13gf- -7.64558252272 1.55186522145 4.7711
13gf13gf-13gf13gf -7.70109374579 1.70234417419 4.9234
13gf13gf-13gf13gf- -7.70082163195 1.70207206035 4.9232
13gf13gf13gf -7.70136585963 1.81391084801 4.9436
13gf13gf13gf- -7.70136585963 1.81391084801 4.9437
13gf13gf13gf-13gf -7.70571968105 1.69282018984 4.9092
13gf13gf13gf-13gf- -7.70082163195 1.70234417419 4.9234
13gf13gf13gf13gf -7.55578495599 1.40927757003 4.5933
13gf13gf13gf13gf- -7.55578495599 1.40927757003 4.5933
13gg -8.50274111426 2.65964065833 4.6863
13gg13gg -8.26627418853 1.68438466084 5.1886
13gg13gg- -8.41294354753 2.42290161876 4.9645
13gg13gg-13gg -5.36880603528 -0.436742710929 4.4049
13gg13gg13gg -8.42165119036 1.9809887449 5.0755
13gg13gg13gg- -8.5579802235 2.16466558594 5.0395
13gh -8.22246386052 3.5029214441 5.7210
13gh13gh -7.84286505569 2.78399668256 5.5783
13gh13gh- -7.84286505569 2.78454091024 5.5783
13gh13gh-13gh -7.59905105632 2.41038438219 5.2198
13gh13gh-13gh- -7.59877894248 2.41065649602 5.2198
13gh13gh-13gh-13gh -7.47904885351 2.07813338527 4.9874
13gh13gh-13gh-13gh- -7.48476324412 2.0882015973 4.9909
13gh13gh-13gh13gh- -7.48449113028 2.07894972679 4.9915
13gh13gh13gh -7.49156609008 2.29963404988 5.0885
13gh13gh13gh- -7.61483365896 2.43405828614 5.2510
13gh13gh13gh-13gh- -7.47986519502 2.07840549911 4.9879
13gh13gh13gh13gh -7.48367478876 2.07894972679 4.9909
13gh13gh13gh13gh- -7.48421901644 2.07894972679 4.9912
13gi -8.8118624349 3.58537193719 5.5536
13gi13gi -8.27280492066 2.77964286114 5.4384
13gi13gi-13gi -8.08912807961 2.39541812106 5.4369
13gi13gi-13gi- -8.08912807961 2.39541812106 5.4370
13gi13gi-13gi-13gi -7.98028254418 2.16629826897 5.3878
13gi13gi-13gi-13gi- -7.9797383165 2.16602615514 5.3876
13gi13gi-13gi13gi -7.98001043034 2.16629826897 5.3878
13gi13gi-13gi13gi- -7.98001043034 2.16629826897 5.3877
13gi13gi13gi -8.08912807961 2.39541812106 5.4369
13gi13gi13gi- -8.08912807961 2.39541812106 5.4369
13gi13gi13gi-13gi -7.98001043034 2.16629826897 5.3876
13gi13gi13gi-13gi- -7.9797383165 2.16602615514 5.3876
13gi13gi13gi13gi -7.98001043034 2.16629826897 5.3878
13gi13gi13gi13gi- -7.98028254418 2.16657038281 5.3878
13gl -8.87227170706 3.53149339715 5.4596
13gl13gl -8.07497816001 2.56793829473 5.3486
13gl13gl- -8.07497816001 2.56793829473 5.3485
13gl13gl-13gl -7.7413665939 2.12901867309 5.1904
13gl13gl-13gl- -7.64449406737 1.93962744143 4.9991
13gl13gl-13gl-13gl -7.51251885565 1.74452181917 4.8181
13gl13gl-13gl-13gl- -7.4994573914 1.54832774155 4.6569
13gl13gl-13gl13gl -7.49918527756 1.54778351387 4.6564
13gl13gl-13gl13gl- -7.5925203242 1.83513572742 4.9438
13gl13gl13gl -7.64449406737 1.93962744143 4.9991
13gl13gl13gl- -7.74163870774 2.12901867309 5.1905
13gl13gl13gl-13gl -7.5925203242 1.83513572742 4.9439
13gl13gl13gl-13gl- -7.57809829075 1.75839962494 4.8674
13gl13gl13gl13gl -7.49918527756 1.54805562771 4.6564
13gl13gl13gl13gl- -7.4994573914 1.54778351387 4.6565
13hg -8.83689690805 3.41448444656 5.6510
13hg13hg -7.90599546625 2.65120512933 5.3475
13hg13hg-13hg -7.60884715451 2.23976900539 5.2120
13hg13hg-13hg- -7.60884715451 2.23976900539 5.2120
13hg13hg-13hg-13hg -7.57483292469 2.02697598362 5.0651
13hg13hg-13hg-13hg- -7.57483292469 2.02697598362 5.0652
13hg13hg-13hg13hg -7.57483292469 2.02670386978 5.0650
13hg13hg-13hg13hg- -7.56530894034 1.97717915116 4.9725
13hg13hg13hg -7.60884715451 2.23976900539 5.2120
13hg13hg13hg- -7.60884715451 2.23976900539 5.2120
13hg13hg13hg-13hg -7.57483292469 2.02670386978 5.0650
13hg13hg13hg-13hg- -7.57456081085 2.02670386978 5.0649
13hg13hg13hg13hg -7.57456081085 2.02670386978 5.0650
13hg13hg13hg13hg- -7.57456081085 2.02670386978 5.0650
13ig -8.81159032106 3.58537193719 5.5535
13ig13ig -8.1538911732 2.91107384518 5.0071
13ig13ig- -8.1538911732 2.91107384518 5.0071
13ig13ig-13ig -8.01021506642 2.43269771695 4.9948
13ig13ig-13ig- -8.01021506642 2.43269771695 4.9947
13ig13ig-13ig-13ig -8.00450067581 2.25500738035 4.9955
13ig13ig-13ig-13ig- -8.00450067581 2.25500738035 4.9955
13ig13ig-13ig13ig -8.00450067581 2.25500738035 4.9955
13ig13ig-13ig13ig- -8.00450067581 2.25500738035 4.9956
13ig13ig13ig -8.01048718026 2.43296983079 4.9947
13ig13ig13ig- -8.01048718026 2.43296983079 4.9947
13ig13ig13ig-13ig -8.00450067581 2.25500738035 4.9955
13ig13ig13ig-13ig- -8.00450067581 2.25500738035 4.9955
13ig13ig13ig13ig -8.00450067581 2.25500738035 4.9955
13ig13ig13ig13ig- -8.00450067581 2.25500738035 4.9955
13lg -8.28613849875 3.73802780064 4.9240
4ag -8.96043659076 2.18316932697 4.9281
4ag4ag -8.94601455732 1.45172732885 5.0154
4ag4ag- -8.96179715996 1.45472058107 5.0161
4ag4ag-4ag -8.87145536555 1.1847836532 4.9697
4ag4ag-4ag- -8.87118325171 1.23049877808 4.9918
4ag4ag-4ag-4ag -8.79308658003 1.04219600178 4.9611
4ag4ag-4ag-4ag- -8.81512780096 0.960561850205 4.9897
4ag4ag-4ag4ag -8.80941341035 0.961650305559 4.9742
4ag4ag4ag- -8.87145536555 1.1847836532 4.9700
4ag4ag4ag-4ag -8.80968552419 0.961922419398 4.9746
4ag4ag4ag-4ag- -8.81512780096 0.960833964043 4.9899
4ag4ag4ag4ag -8.87553707312 1.00736543044 5.0695
4ag4ag4ag4ag- -8.83118251743 1.0000183568 4.9520
4dg -9.51337191077 0.740965982467 5.0062
4dg4dg -9.63092508904 0.251433186852 5.0390
4dg4dg- -9.63092508904 0.251705300691 5.0390
4dg4dg-4dg -9.65269419612 0.0813620377369 5.0430
4dg4dg-4dg- -9.65269419612 0.0810899238983 5.0431
4dg4dg-4dg-4dg- -9.68017769382 -0.11347147069 5.0234
4dg4dg-4dg4dg -9.68017769382 -0.11347147069 5.0234
4dg4dg-4dg4dg- -9.68017769382 -0.11347147069 5.0234
4dg4dg4dg -9.62357801539 0.0250344731498 5.0312
4dg4dg4dg- -9.65242208228 0.0813620377369 5.0431
4dg4dg4dg-4dg -9.68017769382 -0.113743584528 5.0234
4dg4dg4dg-4dg- -9.68017769382 -0.11347147069 5.0234
4dg4dg4dg4dg -9.6031694775 -0.141771309903 5.0446
4eg -8.85485642139 1.26315243871 4.4592
4eg4eg -8.82873349289 0.903962171779 4.3944
4eg4eg- -8.82873349289 0.903962171779 4.3944
4eg4eg-4eg -8.82193064692 0.751578422172 4.3983
4eg4eg-4eg- -8.83036617592 0.772803301581 4.3997
4eg4eg-4eg-4eg- -8.80043365367 0.647086708155 4.3936
4eg4eg-4eg4eg -8.80016153984 0.647086708155 4.3936
4eg4eg-4eg4eg- -8.80043365367 0.647086708155 4.3936
4eg4eg4eg -8.82465178531 0.785320538156 4.3921
4eg4eg4eg- -8.83036617592 0.774435984613 4.3998
4eg4eg4eg-4eg -8.80043365367 0.647086708155 4.3936
4eg4eg4eg-4eg- -8.80016153984 0.647086708155 4.3936
4eg4eg4eg4eg -8.79607983226 0.657427034021 4.3946
4eg4eg4eg4eg- -8.79227023852 0.607358087722 4.3940
4fg -8.59934152696 2.04466338313 4.8188
4fg4fg -8.53512266105 1.45608115027 4.9510
4fg4fg- -8.53539477489 1.45580903643 4.9510
4fg4fg-4fg -8.45620964786 1.22913820889 4.9472
4fg4fg-4fg- -8.45620964786 1.22886609505 4.9472
4fg4fg-4fg-4fg -8.40233110782 0.982875184969 4.8452
4fg4fg-4fg-4fg- -8.38709273286 0.946956158275 4.8152
4fg4fg-4fg4fg -8.38709273286 0.947500385953 4.8154
4fg4fg-4fg4fg- -8.3873648467 0.948316727468 4.8157
4fg4fg4fg -8.45484907867 1.1001562494 4.9156
4fg4fg4fg- -8.45620964786 1.22913820889 4.9472
4fg4fg4fg-4fg -8.3873648467 0.94804461363 4.8157
4fg4fg4fg-4fg- -8.3873648467 0.94804461363 4.8156
4fg4fg4fg4fg -8.39471192034 0.865049892861 4.8024
4fg4fg4fg4fg- -8.42219541804 0.989678030933 4.8469
4ga -8.97485862421 2.15432526008 4.9422
4ga4ga -8.96206927379 1.45553692259 5.0163
4ga4ga- -8.96179715996 1.45526480875 5.0157
4ga4ga-4ga -8.87145536555 1.1847836532 4.9700
4ga4ga-4ga- -8.87145536555 1.1847836532 4.9699
4ga4ga-4ga-4ga -8.83145463127 0.999202015284 4.9522
4ga4ga-4ga-4ga- -8.83145463127 0.998929901445 4.9521
4ga4ga-4ga4ga -8.80968552419 0.961922419398 4.9746
4ga4ga-4ga4ga- -8.81730471167 0.950221524339 5.0452
4ga4ga4ga- -8.87145536555 1.1847836532 4.9701
4ga4ga4ga-4ga -8.81730471167 0.9499494105 5.0451
4ga4ga4ga-4ga- -8.81730471167 0.9499494105 5.0450
4ga4ga4ga4ga -8.87580918696 1.00736543044 5.0695
4ga4ga4ga4ga- -8.84587666472 0.992671283158 5.0378
4gd -9.51636516299 0.738516957919 5.0205
4gd4gd -9.6306529752 0.251705300691 5.0390
4gd4gd- -9.6306529752 0.251705300691 5.0391
4gd4gd-4gd- -9.65269419612 0.0810899238983 5.0430
4gd4gd-4gd4gd -9.68017769382 -0.11347147069 5.0234
4gd4gd-4gd4gd- -9.68017769382 -0.11347147069 5.0234
4gd4gd4gd -9.62330590156 0.0253065869884 5.0313
4gd4gd4gd- -9.65269419612 0.0810899238983 5.0429
4gd4gd4gd-4gd -9.68017769382 -0.11347147069 5.0234
4gd4gd4gd-4gd- -9.67990557998 -0.112927243013 5.0234
4gd4gd4gd4gd -9.60806752659 -0.1537443188 5.0449
4ge -8.85512853523 1.26315243871 4.4593
4ge4ge -8.82873349289 0.903962171779 4.3944
4ge4ge- -8.82873349289 0.903962171779 4.3944
4ge4ge-4ge -8.82193064692 0.751578422172 4.3983
4ge4ge-4ge- -8.82193064692 0.75185053601 4.3983
4ge4ge-4ge-4ge -8.79227023852 0.60763020156 4.3941
4ge4ge-4ge-4ge- -8.79227023852 0.607902315399 4.3941
4ge4ge-4ge4ge -8.80043365367 0.647086708155 4.3936
4ge4ge-4ge4ge- -8.80043365367 0.647086708155 4.3936
4ge4ge4ge -8.82710080986 0.781783058254 4.3904
4ge4ge4ge- -8.83036617592 0.773891756935 4.3998
4ge4ge4ge-4ge -8.80016153984 0.647086708155 4.3936
4ge4ge4ge-4ge- -8.80016153984 0.647086708155 4.3936
4ge4ge4ge4ge -8.79607983226 0.657427034021 4.3947
4gf -9.38983222805 2.0452076108 5.4352
4gf4gf -8.53512266105 1.45608115027 4.9510
4gf4gf- -8.53539477489 1.45553692259 4.9508
4gf4gf-4gf -8.45620964786 1.22913820889 4.9473
4gf4gf-4gf- -8.45620964786 1.22913820889 4.9473
4gf4gf-4gf-4gf -8.41267143369 0.971718517587 4.8414
4gf4gf-4gf-4gf- -8.41267143369 0.971990631425 4.8416
4gf4gf-4gf4gf -8.3873648467 0.948316727468 4.8158
4gf4gf-4gf4gf- -8.3873648467 0.948316727468 4.8158
4gf4gf4gf -8.45430485099 1.09933990788 4.9156
4gf4gf4gf- -8.45620964786 1.22886609505 4.9472
4gf4gf4gf-4gf -8.3873648467 0.948316727468 4.8158
4gf4gf4gf-4gf- -8.3873648467 0.94804461363 4.8157
4gf4gf4gf4gf -8.39443980651 0.865594120539 4.8027
4gf4gf4gf4gf- -8.40233110782 0.982875184969 4.8453
4gg -9.34438921701 1.48791846938 5.0357
4gg4gg- -9.09486082702 1.37063740495 5.0786
4gg4gg-4gg- -8.61430778808 1.26696203245 4.9431
4gg4gg-4gg-4gg- -8.58845697342 1.13199356851 4.9384
4gg4gg-4gg4gg -8.58383103816 1.23240357495 4.9274
4gg4gg-4gg4gg- -8.58655217655 1.20138259735 4.9254
4gg4gg4gg -8.61294721889 1.27485333377 4.9382
4gg4gg4gg- -8.62301543092 1.29961569308 4.9374
4gg4gg4gg-4gg -8.58736851806 1.22151902141 4.9250
4gg4gg4gg-4gg- -8.58383103816 1.23267568879 4.9273
4gg4gg4gg4gg -8.59716461625 1.0775708008 4.9470
4gh -8.68805063834 2.25936120177 5.3733
4gh4gh -8.26028768408 1.85744906218 4.9016
4gh4gh- -8.26028768408 1.85744906218 4.9016
4gh4gh-4gh -8.15906133613 1.61036969675 4.8524
4gh4gh-4gh- -8.12232596792 1.68166352245 4.8309
4gh4gh-4gh4gh- -8.09701938093 1.38288252769 4.7823
4gh4gh4gh- -8.15878922229 1.61200237978 4.8524
4gh4gh4gh-4gh -8.03878701948 1.7066979956 4.8437
4gh4gh4gh-4gh- -8.08531848587 1.40329106558 4.7956
4gi -8.78192991265 2.19242119748 4.9177
4gi4gi -8.82220276076 1.85608849299 5.0199
4gi4gi- -8.791453897 1.86615670502 4.9732
4gi4gi-4gi -8.77376649749 1.72574596431 5.0433
4gi4gi-4gi-4gi- -8.74465031676 1.68846636842 5.0405
4gi4gi-4gi4gi- -8.74192917838 1.70288840186 5.0384
4gi4gi4gi -8.76478674082 1.71894311834 5.0410
4gi4gi4gi-4gi -8.74029649535 1.66778571669 5.0343
4gi4gi4gi4gi -8.74084072302 1.67486067649 5.0341
4gl -8.51063241558 2.12112737177 4.8413
4hg -8.6877785245 2.25963331561 5.3731
4hg4hg -8.26028768408 1.85772117602 4.9019
4hg4hg- -8.26055979792 1.85772117602 4.9017
4hg4hg-4hg -8.12205385408 1.68166352245 4.8309
4hg4hg-4hg- -8.13157783843 1.79295808244 4.8532
4hg4hg-4hg-4hg -8.09701938093 1.38261041385 4.7822
4hg4hg-4hg4hg -8.05538596363 1.65635693547 4.8406
4hg4hg-4hg4hg- -8.05593019131 1.65744539082 4.8395
4hg4hg4hg -8.13157783843 1.79295808244 4.8532
4ig -9.03934960395 1.97092053287 5.0715
4ig4ig -8.79090966932 1.86996629876 4.9734
4ig4ig- -8.84533243704 1.81037336811 5.0460
4ig4ig-4ig -8.77403861133 1.72574596431 5.0432
4ig4ig-4ig- -8.77376649749 1.72574596431 5.0432
4ig4ig-4ig-4ig- -8.74192917838 1.71785466299 5.0379
4ig4ig4ig -8.77376649749 1.72574596431 5.0432
4ig4ig4ig- -8.78492316488 1.71486141076 5.0353
4ig4ig4ig-4ig- -8.74029649535 1.66778571669 5.0343
4lg -8.51063241558 2.12112737177 4.8413
5aa -9.56833890616 2.31623299403 6.0359
5aa5aa -8.7343099909 1.27594178912 5.2102
5aa5aa- -8.46219615231 0.986140551032 4.7736
5aa5aa-5aa -7.99334400843 0.417150514551 4.1532
5aa5aa-5aa- -8.37511972397 0.80763387292 4.7190
5aa5aa-5aa-5aa- -8.16776897896 0.532798895949 4.4269
5aa5aa-5aa5aa -8.16749686513 0.532798895949 4.4268
5aa5aa-5aa5aa- -7.75470017199 0.118913747462 3.8347
5aa5aa5aa -8.37511972397 0.80763387292 4.7191
5aa5aa5aa- -8.37511972397 0.80763387292 4.7190
5aa5aa5aa-5aa -8.16749686513 0.532798895949 4.4267
5aa5aa5aa-5aa- -8.17783719099 0.531166212918 4.4233
5aa5aa5aa5aa -8.16749686513 0.532798895949 4.4268
5aa5aa5aa5aa- -8.16776897896 0.532798895949 4.4269
5ad -10.2548821209 1.12246958416 5.1523
5ad5ad -9.68752476746 -0.109933990788 4.8951
5ad5ad- -9.52017475673 -0.343679778133 4.5792
5ad5ad-5ad -9.21649571287 -0.999746242961 4.0203
5ad5ad-5ad- -9.42493491323 -0.713210370931 4.3824
5ad5ad-5ad-5ad -9.32370856527 -1.04736616471 4.1330
5ad5ad-5ad5ad -9.32370856527 -1.04736616471 4.1330
5ad5ad-5ad5ad- -9.08615318419 -1.36900472192 3.7322
5ad5ad5ad -9.42493491323 -0.713210370931 4.3824
5ad5ad5ad- -9.42493491323 -0.713210370931 4.3824
5ad5ad5ad-5ad -9.32370856527 -1.04736616471 4.1330
5ad5ad5ad5ad- -9.32370856527 -1.04736616471 4.1330
5ae -9.25078205653 1.68302409165 4.4391
5ae5ae -8.71988795745 0.656066464828 4.3750
5ae5ae- -8.57866087523 0.428579295771 4.3587
5ae5ae-5ae -8.18327946776 -0.10585228321 3.9679
5ae5ae-5ae- -8.36994956103 0.168710579923 4.2847
5ae5ae-5ae-5ae -8.18627271999 -0.0859879729928 4.0410
5ae5ae-5ae-5ae- -8.18627271999 -0.0859879729928 4.0411
5ae5ae-5ae5ae- -7.97320758438 -0.385857423113 3.6800
5ae5ae5ae -8.36994956103 0.168438466084 4.2845
5ae5ae5ae- -8.36994956103 0.168438466084 4.2846
5ae5ae5ae-5ae -8.18627271999 -0.0859879729928 4.0410
5ae5ae5ae-5ae- -8.21620524223 -0.0639467520675 4.0725
5ae5ae5ae5ae -8.18627271999 -0.0859879729928 4.0410
5ae5ae5ae5ae- -8.18627271999 -0.0859879729928 4.0410
5af -9.07608497216 2.331471369 5.5665
5af5af -8.64015860275 1.21308349241 4.9846
5af5af- -8.64015860275 1.21308349241 4.9846
5af5af-5af -8.42927037784 0.698244109809 4.5609
5af5af-5af- -8.42927037784 0.698244109809 4.5609
5af5af-5af-5af -8.34437086021 0.43456580022 4.3768
5af5af-5af-5af- -8.34437086021 0.43456580022 4.3768
5af5af-5af5af -8.3873648467 0.480280925102 4.4114
5af5af-5af5af- -8.38709273286 0.480280925102 4.4113
5af5af5af -8.38301102529 0.682189393332 4.5367
5af5af5af- -8.38301102529 0.682189393332 4.5367
5af5af5af-5af -8.3111729719 0.428307181933 4.3564
5af5af5af-5af- -8.3111729719 0.428579295771 4.3564
5af5af5af5af -8.24096760154 0.380959374019 4.2946
5af5af5af5af- -8.24096760154 0.380959374019 4.2946
5ag -8.89131967576 2.0607180996 4.8772
5ag5ag -8.81757682551 1.04083543259 4.9991
5ag5ag- -8.72097641281 1.03049510672 4.8836
5ag5ag-5ag -8.65920657145 0.619875324296 4.7802
5ag5ag-5ag- -8.65947868529 0.620419551974 4.7809
5ag5ag-5ag-5ag- -8.53838802712 0.312658800534 4.5407
5ag5ag-5ag5ag -8.592538681 0.332795224589 4.5606
5ag5ag-5ag5ag- -8.59226656716 0.332523110751 4.5604
5ag5ag5ag -8.55525908511 0.550758409296 4.6908
5ag5ag5ag- -8.55525908511 0.550486295457 4.6907
5ag5ag5ag-5ag -8.60451168989 0.400551570397 4.6374
5ag5ag5ag-5ag- -8.52396599367 0.301230019313 4.5179
5ag5ag5ag5ag -8.39362346499 0.189935459332 4.3655
5ag5ag5ag5ag- -8.3887254159 0.177418222757 4.3538
5ah -8.52777558741 2.48684837083 5.5056
5ah5ah -8.0178342539 1.47349643594 4.7701
5ah5ah- -8.0178342539 1.47349643594 4.7701
5ah5ah-5ah -7.75796553806 1.0381142942 4.3520
5ah5ah-5ah- -7.75796553806 1.0381142942 4.3520
5ah5ah-5ah-5ah -7.56285991579 0.774163870774 4.0782
5ah5ah-5ah-5ah- -7.56285991579 0.774163870774 4.0782
5ah5ah-5ah5ah -7.56313202963 0.774435984613 4.0787
5ah5ah-5ah5ah- -7.56258780195 0.774163870774 4.0782
5ah5ah5ah -7.75796553806 1.0381142942 4.3520
5ah5ah5ah- -7.75796553806 1.0381142942 4.3520
5ah5ah5ah-5ah -7.56313202963 0.774435984613 4.0787
5ah5ah5ah-5ah- -7.56313202963 0.774435984613 4.0787
5ah5ah5ah5ah -7.56313202963 0.774435984613 4.0787
5ah5ah5ah5ah- -7.56313202963 0.774435984613 4.0786
5ai -9.33296043579 2.43242560311 5.9048
5ai5ai -8.63607689517 1.45580903643 5.2755
5ai5ai- -8.63607689517 1.45580903643 5.2755
5ai5ai-5ai -8.376752407 1.07321697938 4.8961
5ai5ai-5ai- -8.376752407 1.07321697938 4.8961
5ai5ai-5ai-5ai -8.28314524652 0.915935180677 4.7496
5ai5ai-5ai-5ai- -8.28287313269 0.915663066838 4.7493
5ai5ai-5ai5ai -8.28314524652 0.915935180677 4.7495
5ai5ai-5ai5ai- -8.28287313269 0.915663066838 4.7492
5ai5ai5ai -8.376752407 1.07321697938 4.8961
5ai5ai5ai- -8.376752407 1.07321697938 4.8961
5ai5ai5ai-5ai -8.28287313269 0.915663066838 4.7493
5ai5ai5ai-5ai- -8.28287313269 0.915663066838 4.7492
5ai5ai5ai5ai -8.28314524652 0.915663066838 4.7495
5ai5ai5ai5ai- -8.28287313269 0.915663066838 4.7493
5al -8.8641082919 2.27623225976 5.7431
5al5al -8.01484100168 1.16900105056 4.6402
5al5al- -7.95143847729 1.09689088334 4.5413
5al5al-5al -7.44911633126 0.57497654093 3.9277
5al5al-5al- -7.52313129536 0.652256871088 4.0281
5al5al-5al-5al -7.16856696368 0.302046360829 3.6079
5al5al-5al-5al- -7.17019964671 0.303134816184 3.6093
5al5al-5al5al -7.16992753287 0.303134816184 3.6093
5al5al-5al5al- -7.16856696368 0.302046360829 3.6079
5al5al5al -7.5234034092 0.652256871088 4.0282
5al5al5al- -7.52313129536 0.651984757249 4.0280
5al5al5al-5al -7.23632330949 0.366265226735 3.6868
5al5al5al-5al- -7.18571013551 0.325992378625 3.6321
5al5al5al5al -7.17019964671 0.303134816184 3.6093
5da -10.2548821209 1.12246958416 5.1523
5da5da -9.68752476746 -0.109933990788 4.8951
5da5da- -9.52017475673 -0.343679778133 4.5792
5da5da-5da -9.21649571287 -0.999746242961 4.0203
5da5da-5da- -9.42493491323 -0.713210370931 4.3824
5da5da-5da-5da -9.32370856527 -1.04736616471 4.1330
5da5da-5da5da -9.32370856527 -1.04736616471 4.1330
5da5da-5da5da- -9.08615318419 -1.36900472192 3.7322
5da5da5da- -9.42493491323 -0.713210370931 4.3824
5da5da5da-5da -9.32370856527 -1.04736616471 4.1330
5da5da5da-5da- -9.35119206297 -1.02369226076 4.1613
5dd -10.9504050923 0.393748724432 5.0447
5dd5dd -10.7237342648 -0.84219233042 4.9420
5dd5dd- -10.7237342648 -0.84219233042 4.9420
5dd5dd-5dd -10.7555715839 -1.35839228222 4.8763
5dd5dd-5dd- -10.4366541651 -1.6079206722 4.4457
5dd5dd-5dd-5dd -10.8486345167 -1.60166205391 4.7927
5dd5dd-5dd-5dd- -10.4948865265 -1.85309524076 4.3882
5dd5dd-5dd5dd -10.7362515014 -1.69282018984 4.6822
5dd5dd-5dd5dd- -10.6235963722 -1.77989661818 4.5670
5dd5dd5dd -10.6268617383 -1.45472058107 4.7426
5dd5dd5dd- -10.4948865265 -1.57744392228 4.5158
5dd5dd5dd-5dd- -10.7362515014 -1.692548076 4.6824
5dd5dd5dd5dd -10.4948865265 -1.85309524076 4.3881
5dd5dd5dd5dd- -10.4948865265 -1.85309524076 4.3881
5de -9.88208616205 0.908588107035 4.3862
5de5de -9.67010948179 -0.149118383545 4.2751
5de5de- -9.67010948179 -0.149118383545 4.2750
5de5de-5de -9.51418825228 -0.641100203706 4.2563
5de5de-5de- -9.51418825228 -0.640828089867 4.2563
5de5de-5de-5de -9.4458876788 -0.900968919555 4.2411
5de5de-5de-5de- -9.4458876788 -0.900968919555 4.2411
5de5de-5de5de -9.4458876788 -0.900968919555 4.2411
5de5de-5de5de- -9.4458876788 -0.900968919555 4.2411
5de5de5de -9.60534638821 -0.567085239611 4.2619
5de5de5de- -9.60534638821 -0.567085239611 4.2619
5de5de5de-5de -9.4458876788 -0.900968919555 4.2411
5de5de5de-5de- -9.53078719644 -0.828314524652 4.2492
5de5de5de5de -9.4458876788 -0.900968919555 4.2411
5de5de5de5de- -9.4458876788 -0.900968919555 4.2411
5df -9.82711916666 1.1001562494 5.0788
5df5df -9.59364549315 -0.123539682718 4.7462
5df5df- -9.59364549315 -0.123539682718 4.7462
5df5df-5df -9.43718003596 -0.688992239297 4.3505
5df5df-5df- -9.4374521498 -0.688992239297 4.3508
5df5df-5df-5df -9.44507133728 -0.95756859798 4.1875
5df5df-5df-5df- -9.36806312096 -1.02913453753 4.1232
5df5df-5df5df -9.3683352348 -1.02886242369 4.1237
5df5df-5df5df- -9.39690718785 -0.994303966189 4.1457
5df5df5df -9.4374521498 -0.688992239297 4.3508
5df5df5df- -9.47037792427 -0.668855815242 4.3638
5df5df5df-5df -9.44507133728 -0.95756859798 4.1876
5df5df5df-5df- -9.41078499362 -0.986956892547 4.1626
5df5df5df5df -9.36860734864 -1.02859030985 4.1242
5df5df5df5df- -9.36071604732 -1.03675372501 4.1080
5dg -9.4769086564 0.975528111327 4.9163
5dg5dg -9.50003833268 0.0152383749608 4.8466
5dg5dg- -9.50003833268 0.0152383749608 4.8467
5dg5dg-5dg -9.54085540846 -0.427490840417 4.6242
5dg5dg-5dg- -9.54085540846 -0.427490840417 4.6242
5dg5dg-5dg-5dg -9.47826922559 -0.711849801738 4.4637
5dg5dg-5dg-5dg- -9.47772499791 -0.727360290537 4.4547
5dg5dg-5dg5dg -9.47772499791 -0.727360290537 4.4546
5dg5dg-5dg5dg- -9.62902029217 -0.589126460536 4.6222
5dg5dg5dg -9.48180670549 -0.460144501047 4.5859
5dg5dg5dg- -9.48126247781 -0.460688728724 4.5850
5dg5dg5dg-5dg -9.62902029217 -0.589126460536 4.6222
5dg5dg5dg-5dg- -9.58847533022 -0.698516223647 4.5359
5dg5dg5dg5dg -9.47826922559 -0.711849801738 4.4637
5dg5dg5dg5dg- -9.47826922559 -0.711849801738 4.4637
5dh -9.06656098781 1.19104227149 5.0812
5dh5dh -8.72206486816 0.216602615514 4.2868
5dh5dh- -8.72206486816 0.216602615514 4.2869
5dh5dh-5dh -8.56451095562 -0.218235298545 3.9254
5dh5dh-5dh- -8.56478306946 -0.218507412384 3.9254
5dh5dh-5dh-5dh -8.4613798108 -0.489532795614 3.7003
5dh5dh-5dh-5dh- -8.46165192464 -0.489532795614 3.7003
5dh5dh-5dh5dh -8.46165192464 -0.489532795614 3.7004
5dh5dh-5dh5dh- -8.46165192464 -0.489532795614 3.7003
5dh5dh5dh -8.56451095562 -0.218235298545 3.9254
5dh5dh5dh- -8.56451095562 -0.218235298545 3.9254
5dh5dh5dh-5dh -8.46165192464 -0.489532795614 3.7004
5dh5dh5dh-5dh- -8.46165192464 -0.489532795614 3.7004
5dh5dh5dh5dh -8.46165192464 -0.489532795614 3.7004
5dh5dh5dh5dh- -8.46165192464 -0.489532795614 3.7003
5di -10.1294376413 1.21770942767 5.1323
5di5di -9.64262598409 0.225310258348 5.0610
5di5di- -9.64262598409 0.225310258348 5.0610
5di5di-5di -9.53595735937 -0.19809887449 4.7959
5di5di-5di- -9.53595735937 -0.19809887449 4.7959
5di5di-5di-5di -9.51418825228 -0.433749458704 4.6451
5di5di-5di-5di- -9.51418825228 -0.433749458704 4.6450
5di5di-5di5di -9.51418825228 -0.433749458704 4.6451
5di5di-5di5di- -9.51418825228 -0.433749458704 4.6451
5di5di5di -9.53595735937 -0.19809887449 4.7959
5di5di5di- -9.53595735937 -0.19809887449 4.7959
5di5di5di-5di -9.51418825228 -0.433749458704 4.6450
5di5di5di-5di- -9.51418825228 -0.433749458704 4.6451
5di5di5di5di -9.51418825228 -0.433749458704 4.6451
5di5di5di5di- -9.51418825228 -0.433749458704 4.6451
5dl -9.53731792856 1.09362551727 5.0708
5dl5dl -9.40806385523 0.0862600868314 4.7619
5dl5dl- -9.40806385523 0.0862600868314 4.7619
5dl5dl-5dl -9.1990804272 -0.321638557207 4.3974
5dl5dl-5dl- -9.08860220874 -0.409259213232 4.2844
5dl5dl-5dl-5dl -8.99798830049 -0.620419551974 4.1091
5dl5dl-5dl-5dl- -8.9226127672 -0.667495246049 4.0388
5dl5dl-5dl5dl -8.9226127672 -0.667495246049 4.0387
5dl5dl-5dl5dl- -9.08914643641 -0.55184686465 4.1935
5dl5dl5dl -9.08860220874 -0.409259213232 4.2844
5dl5dl5dl- -9.1990804272 -0.321638557207 4.3974
5dl5dl5dl-5dl -9.08914643641 -0.55184686465 4.1935
5dl5dl5dl-5dl- -8.99363447907 -0.614705161363 4.1074
5dl5dl5dl5dl -8.9226127672 -0.667495246049 4.0387
5dl5dl5dl5dl- -8.9226127672 -0.667495246049 4.0388
5ea -9.25105417037 1.68329620549 4.4396
5ea5ea -8.71961584361 0.65579435099 4.3748
5ea5ea- -8.57866087523 0.428579295771 4.3587
5ea5ea-5ea -8.18327946776 -0.10585228321 3.9679
5ea5ea-5ea- -8.36994956103 0.168438466084 4.2845
5ea5ea-5ea-5ea -8.18627271999 -0.0859879729928 4.0411
5ea5ea-5ea-5ea- -8.18627271999 -0.0859879729928 4.0411
5ea5ea-5ea5ea -8.18627271999 -0.0859879729928 4.0410
5ea5ea-5ea5ea- -7.97320758438 -0.385857423113 3.6799
5ea5ea5ea -8.36994956103 0.168438466084 4.2846
5ea5ea5ea- -8.36994956103 0.168438466084 4.2844
5ea5ea5ea-5ea -8.18627271999 -0.0859879729928 4.0410
5ea5ea5ea-5ea- -8.21620524223 -0.0636746382289 4.0725
5ea5ea5ea5ea -8.18627271999 -0.0859879729928 4.0411
5ea5ea5ea5ea- -8.18627271999 -0.0859879729928 4.0410
5ed -9.88235827589 0.908588107035 4.3862
5ed5ed -9.67010948179 -0.149390497383 4.2751
5ed5ed- -9.67010948179 -0.149118383545 4.2751
5ed5ed-5ed -9.51418825228 -0.641100203706 4.2563
5ed5ed-5ed- -9.51418825228 -0.640828089867 4.2563
5ed5ed-5ed-5ed -9.44615979264 -0.900696805716 4.2411
5ed5ed-5ed-5ed- -9.44615979264 -0.900696805716 4.2411
5ed5ed-5ed5ed -9.44615979264 -0.900696805716 4.2411
5ed5ed-5ed5ed- -9.52534491966 -0.83647793981 4.2531
5ed5ed5ed -9.51418825228 -0.641100203706 4.2563
5ed5ed5ed- -9.51418825228 -0.641100203706 4.2563
5ed5ed5ed-5ed -9.44615979264 -0.900968919555 4.2411
5ed5ed5ed-5ed- -9.44615979264 -0.900696805716 4.2411
5ed5ed5ed5ed -9.44615979264 -0.900696805716 4.2411
5ed5ed5ed5ed- -9.44615979264 -0.900696805716 4.2411
5ee -9.33622580185 1.40900545619 4.3803
5ee5ee -8.9832941532 0.553479547682 4.2823
5ee5ee- -8.9832941532 0.553479547682 4.2823
5ee5ee-5ee -8.80968552419 0.253610097561 4.2716
5ee5ee-5ee- -8.73104462484 0.188847003978 4.2715
5ee5ee-5ee-5ee -8.67063535267 0.0631304105517 4.2650
5ee5ee-5ee-5ee- -8.58927331493 -0.00571439061028 4.2642
5ee5ee-5ee5ee -8.58927331493 -0.00571439061028 4.2642
5ee5ee-5ee5ee- -8.73730324312 0.123267568879 4.2669
5ee5ee5ee -8.73104462484 0.188847003978 4.2715
5ee5ee5ee- -8.80941341035 0.253610097561 4.2716
5ee5ee5ee-5ee -8.73730324312 0.123267568879 4.2669
5ee5ee5ee-5ee- -8.67063535267 0.0628582967131 4.2650
5ee5ee5ee5ee -8.58927331493 -0.00571439061028 4.2642
5ee5ee5ee5ee- -8.58927331493 -0.00571439061028 4.2642
5ef -9.13894326887 1.66315978143 4.3874
5ef5ef -8.70492169633 0.620963779651 4.3708
5ef5ef- -8.70492169633 0.620963779651 4.3708
5ef5ef-5ef -8.40722915692 0.174152856694 4.2194
5ef5ef-5ef- -8.40668492924 0.173880742856 4.2187
5ef5ef-5ef-5ef -8.26436939166 -0.0538785400398 4.0036
5ef5ef-5ef-5ef- -8.23443686942 -0.0903417944102 3.9739
5ef5ef-5ef5ef -8.26572996086 -0.0751034194494 3.9902
5ef5ef-5ef5ef- -8.26545784702 -0.075375533288 3.9899
5ef5ef5ef -8.4064128154 0.173880742856 4.2186
5ef5ef5ef- -8.41267143369 0.185037410238 4.2027
5ef5ef5ef-5ef -8.299199963 -0.0389122789176 4.0162
5ef5ef5ef-5ef- -8.26572996086 -0.0751034194494 3.9902
5ef5ef5ef5ef -8.23443686942 -0.0903417944102 3.9739
5ef5ef5ef5ef- -8.23443686942 -0.0903417944102 3.9739
5eg -8.99635561746 1.5113202595 4.4032
5eg5eg -8.82383544379 0.673481750498 4.3337
5eg5eg- -8.82356332995 0.673481750498 4.3337
5eg5eg-5eg -8.76342617163 0.359734494609 4.3202
5eg5eg-5eg- -8.76315405779 0.359462380771 4.3201
5eg5eg-5eg-5eg -8.62410388627 0.0751034194494 4.3176
5eg5eg-5eg-5eg- -8.62410388627 0.0751034194494 4.3176
5eg5eg-5eg5eg -8.62437600011 0.075375533288 4.3176
5eg5eg-5eg5eg- -8.7617934886 0.242181316341 4.3200
5eg5eg5eg -8.71852738826 0.303951157699 4.3250
5eg5eg5eg- -8.71635047755 0.303134816184 4.3237
5eg5eg5eg-5eg -8.62410388627 0.0751034194494 4.3176
5eg5eg5eg-5eg- -8.74084072302 0.148846269706 4.3202
5eg5eg5eg5eg -8.62437600011 0.075375533288 4.3176
5eg5eg5eg5eg- -8.62437600011 0.075375533288 4.3176
5eh -8.57893298907 1.72030368753 4.4253
5eh5eh -8.05674653282 0.992127055481 4.3268
5eh5eh- -8.06028401272 0.991038600126 4.3282
5eh5eh-5eh -7.82436131467 0.608990770753 4.0169
5eh5eh-5eh- -7.82436131467 0.608990770753 4.0169
5eh5eh-5eh-5eh -7.66272569455 0.429667751126 3.8174
5eh5eh-5eh-5eh- -7.66272569455 0.429667751126 3.8174
5eh5eh-5eh5eh -7.66272569455 0.429667751126 3.8174
5eh5eh-5eh5eh- -7.66272569455 0.429667751126 3.8175
5eh5eh5eh -7.82436131467 0.608990770753 4.0170
5eh5eh5eh- -7.82436131467 0.608990770753 4.0170
5eh5eh5eh-5eh -7.66272569455 0.429667751126 3.8174
5eh5eh5eh-5eh- -7.66272569455 0.429667751126 3.8175
5eh5eh5eh5eh -7.66272569455 0.429667751126 3.8174
5eh5eh5eh5eh- -7.66272569455 0.429667751126 3.8174
5ei -9.17186904334 1.75948808029 4.4299
5ei5ei -8.78954910013 0.993487624674 4.3837
5ei5ei- -8.78954910013 0.993487624674 4.3837
5ei5ei-5ei -8.60287900686 0.684366304041 4.3711
5ei5ei-5ei- -8.60287900686 0.684366304041 4.3711
5ei5ei-5ei-5ei -8.51090452942 0.521642228567 4.3649
5ei5ei-5ei-5ei- -8.51090452942 0.521642228567 4.3649
5ei5ei-5ei5ei -8.51090452942 0.521642228567 4.3649
5ei5ei-5ei5ei- -8.51090452942 0.521642228567 4.3649
5ei5ei5ei -8.60287900686 0.684366304041 4.3711
5ei5ei5ei- -8.60287900686 0.684094190202 4.3711
5ei5ei5ei-5ei -8.51090452942 0.521642228567 4.3649
5ei5ei5ei-5ei- -8.51090452942 0.521642228567 4.3649
5ei5ei5ei5ei -8.51090452942 0.521642228567 4.3649
5ei5ei5ei5ei- -8.51090452942 0.521914342406 4.3649
5el -9.01159399242 1.62479173019 4.3694
5el5el -8.73539844625 0.845185582645 4.3556
5el5el- -8.73567056009 0.845729810322 4.3556
5el5el-5el -8.48967965001 0.49606352774 4.3106
5el5el-5el- -8.48967965001 0.496335641579 4.3106
5el5el-5el-5el -8.37648029316 0.339870184393 4.3016
5el5el-5el-5el- -8.28641061259 0.314019369727 4.2879
5el5el-5el5el -8.37648029316 0.339870184393 4.3016
5el5el-5el5el- -8.37648029316 0.339870184393 4.3016
5el5el5el -8.37430338245 0.46340986711 4.3271
5el5el5el- -8.48967965001 0.49606352774 4.3106
5el5el5el-5el -8.37648029316 0.339870184393 4.3016
5el5el5el5el -8.16259881603 0.271841724746 4.2194
5el5el5el5el- -8.16259881603 0.271841724746 4.2194
5fa -9.02247854596 2.27922551199 5.6189
5fa5fa -8.1503536933 1.06151608432 4.6468
5fa5fa- -8.1489931241 1.06151608432 4.6461
5fa5fa-5fa -7.6616372392 0.523547025437 4.0394
5fa5fa-5fa- -7.73265895107 0.589398574375 4.1302
5fa5fa-5fa-5fa -7.39251665284 0.24027651947 3.7238
5fa5fa-5fa-5fa- -7.39251665284 0.24027651947 3.7239
5fa5fa-5fa5fa -7.39251665284 0.24027651947 3.7238
5fa5fa-5fa5fa- -7.39251665284 0.24027651947 3.7236
5fa5fa5fa -7.73265895107 0.589670688214 4.1303
5fa5fa5fa- -7.71742057611 0.580418817702 4.1136
5fa5fa5fa-5fa -7.39251665284 0.24027651947 3.7239
5fa5fa5fa-5fa- -7.39251665284 0.24027651947 3.7238
5fa5fa5fa5fa -7.39251665284 0.24027651947 3.7238
5fa5fa5fa5fa- -7.39278876667 0.24027651947 3.7239
5fd -9.77351274045 0.932806238669 5.0812
5fd5fd -9.34275653397 -0.0282998392128 4.6651
5fd5fd- -9.34275653397 -0.0282998392128 4.6651
5fd5fd-5fd -9.14765091171 -0.504226942898 4.2840
5fd5fd-5fd- -9.084792615 -0.531710440595 4.2347
5fd5fd-5fd-5fd -8.98628740543 -0.787769562703 4.0376
5fd5fd-5fd-5fd- -8.94002805287 -0.821783792526 3.9927
5fd5fd-5fd5fd -8.94002805287 -0.821783792526 3.9927
5fd5fd-5fd5fd- -9.01540358616 -0.80382427918 4.0376
5fd5fd5fd- -9.14737879787 -0.504226942898 4.2839
5fd5fd5fd-5fd -8.94002805287 -0.821783792526 3.9927
5fd5fd5fd-5fd- -9.00506326029 -0.809810783629 4.0283
5fd5fd5fd5fd -8.94002805287 -0.821783792526 3.9927
5fd5fd5fd5fd- -8.94002805287 -0.821783792526 3.9927
5fe -9.19771985801 1.47458489129 4.4305
5fe5fe -8.63090673224 0.743415007014 4.3730
5fe5fe- -8.63090673224 0.743415007014 4.3730
5fe5fe-5fe -8.32913248525 0.400823684236 4.3388
5fe5fe-5fe- -8.27525394521 0.375517097247 4.3273
5fe5fe-5fe-5fe -8.12885670005 0.207078631163 4.1555
5fe5fe-5fe-5fe- -8.06844742788 0.168438466084 4.1053
5fe5fe-5fe5fe -8.06844742788 0.168166352245 4.1051
5fe5fe-5fe5fe- -8.14736044107 0.202452695907 4.1612
5fe5fe5fe -8.27525394521 0.375517097247 4.3273
5fe5fe5fe- -8.32913248525 0.400823684236 4.3388
5fe5fe5fe-5fe -8.19579670434 0.235106356537 4.1943
5fe5fe5fe-5fe- -8.14736044107 0.202724809746 4.1613
5fe5fe5fe5fe -8.06844742788 0.168166352245 4.1051
5fe5fe5fe5fe- -8.06844742788 0.168166352245 4.1051
5ff -8.97485862421 2.43079292008 5.3824
5ff5ff -8.45076737109 1.20818544332 4.9731
5ff5ff- -8.45049525725 1.20818544332 4.9731
5ff5ff-5ff -8.06627051717 0.65769914786 4.4140
5ff5ff-5ff- -8.04314084089 0.650624188057 4.3977
5ff5ff-5ff-5ff -7.86926009804 0.372523845023 4.1499
5ff5ff-5ff-5ff- -7.8379670066 0.339325956715 4.1043
5ff5ff-5ff5ff -7.84395351105 0.351026851775 4.1289
5ff5ff-5ff5ff- -7.58490113672 0.168982693761 3.7886
5ff5ff5ff -8.04314084089 0.650624188057 4.3977
5ff5ff5ff- -8.06627051717 0.65769914786 4.4139
5ff5ff5ff-5ff -7.8689879842 0.372523845023 4.1498
5ff5ff5ff-5ff- -7.8379670066 0.339325956715 4.1043
5ff5ff5ff5ff -7.84395351105 0.351026851775 4.1288
5ff5ff5ff5ff- -7.84395351105 0.351026851775 4.1288
5fg -9.01241033393 2.06616037638 4.7203
5fg5fg -8.75662332566 1.02668551298 5.0048
5fg5fg- -8.77730397739 0.94613981676 5.0223
5fg5fg-5fg- -8.55417062976 0.542050766461 4.6739
5fg5fg-5fg-5fg -8.40069842479 0.318917418822 4.4544
5fg5fg-5fg-5fg- -8.39280712347 0.289801238093 4.4553
5fg5fg-5fg5fg -8.44614143584 0.35374799016 4.5117
5fg5fg-5fg5fg- -8.33430264818 0.320550101853 4.4123
5fg5fg5fg -8.5030132281 0.502594259866 4.6321
5fg5fg5fg- -8.49784306517 0.539329628075 4.6177
5fg5fg5fg-5fg -8.33430264818 0.320550101853 4.4122
5fg5fg5fg-5fg- -8.39824940025 0.274834976971 4.4545
5fg5fg5fg5fg -8.3563438691 0.268848472522 4.4383
5fg5fg5fg5fg- -8.3563438691 0.268848472522 4.4383
5fh -8.8831562606 2.22616331346 5.6075
5fh5fh -8.31498256564 1.21172292322 4.9376
5fh5fh- -8.31498256564 1.21172292322 4.9377
5fh5fh-5fh -7.99361612227 0.745319803884 4.4896
5fh5fh-5fh- -7.97184701518 0.722462241443 4.4766
5fh5fh-5fh-5fh -7.7604145626 0.442457101539 4.2203
5fh5fh-5fh-5fh- -7.7604145626 0.442457101539 4.2203
5fh5fh-5fh5fh -7.78245578353 0.46721946085 4.2353
5fh5fh-5fh5fh- -7.7604145626 0.442457101539 4.2206
5fh5fh5fh -7.97130278751 0.721918013766 4.4760
5fh5fh5fh- -7.99334400843 0.745047690045 4.4891
5fh5fh5fh-5fh -7.7604145626 0.442457101539 4.2203
5fh5fh5fh-5fh- -7.7604145626 0.4421849877 4.2202
5fh5fh5fh5fh -7.79606147546 0.463681980949 4.2451
5fh5fh5fh5fh- -7.80585757365 0.498784666126 4.2594
5fi -8.93050406852 2.42888812321 5.6194
5fi5fi -8.39443980651 1.49744245373 5.1406
5fi5fi- -8.39443980651 1.49771456757 5.1407
5fi5fi-5fi -8.09620303942 1.10559852617 4.7370
5fi5fi-5fi- -8.09620303942 1.10559852617 4.7369
5fi5fi-5fi-5fi -7.92722034566 0.898247781169 4.5130
5fi5fi-5fi-5fi- -7.92722034566 0.898247781169 4.5130
5fi5fi-5fi5fi -7.92722034566 0.898247781169 4.5130
5fi5fi-5fi5fi- -7.92722034566 0.898247781169 4.5130
5fi5fi5fi -8.09620303942 1.10559852617 4.7369
5fi5fi5fi- -8.09620303942 1.10559852617 4.7369
5fi5fi5fi-5fi -7.92722034566 0.898247781169 4.5130
5fi5fi5fi-5fi- -7.92722034566 0.898247781169 4.5130
5fi5fi5fi5fi -7.92722034566 0.898247781169 4.5130
5fi5fi5fi5fi- -7.92722034566 0.898247781169 4.5130
5fl -8.94900780954 2.39160852732 5.6021
5fl5fl -8.56124558956 1.50751066576 5.1725
5fl5fl- -8.55879656501 1.50615009657 5.1718
5fl5fl-5fl -8.23525321093 1.14886462651 4.8458
5fl5fl-5fl- -8.09320978719 0.837022167487 4.5070
5fl5fl-5fl-5fl -8.11525100812 1.00600486125 4.7322
5fl5fl-5fl-5fl- -7.84912367398 0.759197609652 4.3406
5fl5fl-5fl5fl -7.92803668717 0.563003532032 4.2127
5fl5fl-5fl5fl- -8.11552312196 1.00546063357 4.7319
5fl5fl5fl -8.14953735178 0.995120307705 4.6851
5fl5fl5fl- -8.23525321093 1.14859251267 4.8458
5fl5fl5fl-5fl -8.11552312196 1.00573274741 4.7320
5fl5fl5fl-5fl- -8.06763108637 0.849811517901 4.5945
5fl5fl5fl5fl -7.94245872062 0.573615971737 4.2411
5fl5fl5fl5fl- -7.95851343709 0.709945004868 4.3959
5ga -9.6151424864 1.95622638559 5.4289
5ga5ga -8.87771398383 0.988589575579 5.1528
5ga5ga- -8.83335942814 1.00546063357 5.1042
5ga5ga-5ga -8.55825233733 0.562459304355 4.6829
5ga5ga-5ga- -8.55825233733 0.562731418194 4.6829
5ga5ga-5ga-5ga -8.39171866812 0.316468394274 4.4288
5ga5ga-5ga-5ga- -8.32069695625 0.278372456872 4.3657
5ga5ga-5ga5ga -8.32096907009 0.27891668455 4.3661
5ga5ga-5ga5ga- -8.42301175956 0.311298231341 4.4526
5ga5ga5ga -8.5579802235 0.562731418194 4.6829
5ga5ga5ga- -8.57593973684 0.563275645871 4.6886
5ga5ga5ga-5ga -8.42818192249 0.311842459018 4.4336
5ga5ga5ga-5ga- -8.4113108645 0.334155793782 4.4538
5ga5ga5ga5ga- -8.32069695625 0.278372456872 4.3657
5gd -9.42956084848 0.911853473098 5.0127
5gd5gd -9.42221377484 0.05768813378 4.8685
5gd5gd- -9.43962906051 0.0454430110437 4.8658
5gd5gd-5gd -9.49758930813 -0.34803359955 4.6581
5gd5gd-5gd- -9.42357434403 -0.357829697739 4.6441
5gd5gd-5gd-5gd -9.55691012494 -0.528445074532 4.6076
5gd5gd-5gd5gd -9.37840344683 -0.59620142034 4.4878
5gd5gd-5gd5gd- -9.56997158919 -0.348305713389 4.7379
5gd5gd5gd -9.4233022302 -0.358101811578 4.6437
5gd5gd5gd- -9.47119426579 -0.335244249137 4.6507
5gd5gd5gd-5gd -9.61650305559 -0.40953132707 4.6883
5gd5gd5gd5gd -9.38792743118 -0.580963045379 4.5037
5gd5gd5gd5gd- -9.38166881289 -0.587221663666 4.4947
5ge -8.95635488318 1.44301968602 4.4218
5ge5ge -8.79662405993 0.636746382289 4.3580
5ge5ge- -8.79662405993 0.636746382289 4.3579
5ge5ge-5ge -8.73050039716 0.299597336282 4.3365
5ge5ge-5ge- -8.64396819649 0.237827494923 4.3389
5ge5ge-5ge-5ge -8.67689397096 0.14041074071 4.3287
5ge5ge-5ge-5ge- -8.54056493783 0.0122451227363 4.3283
5ge5ge-5ge5ge -8.67798242631 0.158642367895 4.3328
5ge5ge-5ge5ge- -8.67662185712 0.140138626871 4.3286
5ge5ge5ge -8.64369608265 0.237555381085 4.3390
5ge5ge5ge- -8.69703039501 0.315107825081 4.3291
5ge5ge5ge-5ge -8.67689397096 0.14041074071 4.3287
5ge5ge5ge-5ge- -8.6341720983 0.11728106443 4.3317
5ge5ge5ge5ge -8.54029282399 0.0122451227363 4.3282
5ge5ge5ge5ge- -8.54029282399 0.0122451227363 4.3282
5gf -8.9000273186 2.10806590752 5.1449
5gf5gf -8.6412470581 1.03131144824 5.0225
5gf5gf- -8.6412470581 1.03131144824 5.0223
5gf5gf-5gf -8.49403347143 0.560282393646 4.6170
5gf5gf-5gf- -8.49430558527 0.560282393646 4.6173
5gf5gf-5gf-5gf -8.36613996729 0.259868715849 4.3771
5gf5gf-5gf-5gf- -8.36613996729 0.259868715849 4.3770
5gf5gf-5gf5gf -8.37920143155 0.316468394274 4.4134
5gf5gf-5gf5gf- -8.37947354538 0.316740508113 4.4136
5gf5gf5gf -8.45675387554 0.552663206166 4.6097
5gf5gf5gf- -8.45675387554 0.552663206166 4.6098
5gf5gf5gf-5gf -8.35933712133 0.324087581755 4.4332
5gf5gf5gf-5gf- -8.35933712133 0.324087581755 4.4331
5gf5gf5gf5gf -8.32396232231 0.262317740396 4.3751
5gf5gf5gf5gf- -8.31933638706 0.250616845337 4.3598
5gg -8.9416607359 1.85091833005 4.7839
5gg5gg -9.05622066194 1.11729942123 5.0432
5gg5gg- -9.05622066194 1.11729942123 5.0432
5gg5gg-5gg-5gg -9.05812545881 0.464498322464 4.9348
5gg5gg-5gg-5gg- -9.0262881397 0.40953132707 4.9118
5gg5gg-5gg5gg -9.08724163954 0.530894099079 5.0048
5gg5gg-5gg5gg- -9.08261570429 0.542867107977 5.0121
5gg5gg5gg -8.88152357757 0.523274911599 4.8985
5gg5gg5gg- -8.88070723606 0.521914342406 4.8977
5gg5gg5gg-5gg -8.94547032964 0.487355884906 4.9706
5gg5gg5gg-5gg- -8.94410976045 0.479464583587 4.9678
5gg5gg5gg5gg -8.84886991694 0.328169289333 4.8559
5gg5gg5gg5gg- -8.84886991694 0.328441403172 4.8561
5gh -8.68124779237 2.12956290077 5.4829
5gh5gh -8.28913175097 1.29798301005 4.7978
5gh5gh- -8.28913175097 1.29798301005 4.7978
5gh5gh-5gh -8.12368653711 0.938248515441 4.4976
5gh5gh-5gh- -8.12368653711 0.938248515441 4.4976
5gh5gh-5gh-5gh -8.04722254847 0.746952486916 4.3333
5gh5gh-5gh-5gh- -8.04722254847 0.746952486916 4.3333
5gh5gh-5gh5gh -8.04722254847 0.746680373077 4.3333
5gh5gh-5gh5gh- -8.04722254847 0.746680373077 4.3333
5gh5gh5gh -8.12368653711 0.938248515441 4.4976
5gh5gh5gh- -8.12368653711 0.938248515441 4.4977
5gh5gh5gh-5gh -8.04722254847 0.746680373077 4.3333
5gh5gh5gh-5gh- -8.04722254847 0.746680373077 4.3333
5gh5gh5gh5gh -8.04722254847 0.746680373077 4.3333
5gh5gh5gh5gh- -8.04722254847 0.746680373077 4.3333
5gi -9.48207881933 2.08194297901 5.4222
5gi5gi -9.00669594332 1.29471764399 5.3031
5gi5gi- -9.00642382948 1.29444553015 5.3033
5gi5gi-5gi -8.73403787706 0.955935914949 5.0800
5gi5gi-5gi- -8.74247340606 0.971446403748 5.0988
5gi5gi-5gi-5gi -8.67172380802 0.775524439967 4.9298
5gi5gi-5gi-5gi- -8.67172380802 0.775796553806 4.9299
5gi5gi-5gi5gi -8.67172380802 0.775524439967 4.9296
5gi5gi-5gi5gi- -8.67172380802 0.775524439967 4.9298
5gi5gi5gi -8.74220129222 0.97117428991 5.0985
5gi5gi5gi- -8.73349364938 0.955119573433 5.0790
5gi5gi5gi-5gi -8.67199592186 0.775796553806 4.9300
5gi5gi5gi-5gi- -8.67199592186 0.775796553806 4.9300
5gi5gi5gi5gi -8.67145169419 0.775524439967 4.9296
5gi5gi5gi5gi- -8.67172380802 0.775524439967 4.9298
5gl -8.84560455088 2.10099094771 4.9247
5gl5gl -8.61403567424 0.942058109181 4.9715
5gl5gl- -8.61403567424 0.942058109181 4.9715
5gl5gl-5gl -8.37131013023 0.502050032189 4.5331
5gl5gl-5gl- -8.37131013023 0.502050032189 4.5331
5gl5gl-5gl-5gl -8.2681789854 0.287896441223 4.3387
5gl5gl-5gl-5gl- -8.05538596363 0.291706034963 4.1767
5gl5gl-5gl5gl -8.26845109924 0.287896441223 4.3389
5gl5gl-5gl5gl- -8.26845109924 0.288168555061 4.3389
5gl5gl5gl -8.10082897467 0.488716454099 4.3068
5gl5gl5gl- -8.37131013023 0.502050032189 4.5331
5gl5gl5gl-5gl -8.26845109924 0.287896441223 4.3388
5gl5gl5gl-5gl- -8.05538596363 0.291706034963 4.1768
5gl5gl5gl5gl -8.12885670005 0.0775524439967 4.0529
5gl5gl5gl5gl- -7.83551798205 0.145308789804 3.9149
5ha -8.52777558741 2.48684837083 5.5056
5ha5ha -8.0178342539 1.47349643594 4.7701
5ha5ha- -8.0178342539 1.47349643594 4.7701
5ha5ha-5ha -7.75796553806 1.0381142942 4.3520
5ha5ha-5ha- -7.75796553806 1.0381142942 4.3520
5ha5ha-5ha-5ha -7.56258780195 0.774163870774 4.0781
5ha5ha-5ha-5ha- -7.56258780195 0.774163870774 4.0782
5ha5ha-5ha5ha -7.56285991579 0.774163870774 4.0784
5ha5ha-5ha5ha- -7.56258780195 0.774163870774 4.0782
5ha5ha5ha -7.75796553806 1.0381142942 4.3520
5ha5ha5ha- -7.75796553806 1.0381142942 4.3520
5ha5ha5ha-5ha -7.56285991579 0.774163870774 4.0782
5ha5ha5ha-5ha- -7.56285991579 0.774163870774 4.0782
5ha5ha5ha5ha -7.56285991579 0.774163870774 4.0784
5ha5ha5ha5ha- -7.56285991579 0.774163870774 4.0784
5hd -9.06656098781 1.19104227149 5.0812
5hd5hd -8.72206486816 0.216602615514 4.2869
5hd5hd- -8.72206486816 0.216602615514 4.2869
5hd5hd-5hd -8.56478306946 -0.218507412384 3.9254
5hd5hd-5hd- -8.56478306946 -0.218507412384 3.9254
5hd5hd-5hd-5hd -8.46165192464 -0.489532795614 3.7004
5hd5hd-5hd-5hd- -8.46165192464 -0.489532795614 3.7004
5hd5hd-5hd5hd -8.46165192464 -0.489532795614 3.7004
5hd5hd-5hd5hd- -8.46165192464 -0.489532795614 3.7003
5hd5hd5hd -8.56478306946 -0.218507412384 3.9254
5hd5hd5hd- -8.56478306946 -0.218507412384 3.9254
5hd5hd5hd-5hd -8.46165192464 -0.489532795614 3.7004
5hd5hd5hd-5hd- -8.46165192464 -0.489532795614 3.7004
5hd5hd5hd5hd -8.46165192464 -0.489532795614 3.7003
5hd5hd5hd5hd- -8.46165192464 -0.489532795614 3.7004
5he -8.57893298907 1.72030368753 4.4253
5he5he -8.06028401272 0.991310713965 4.3282
5he5he- -8.05674653282 0.992127055481 4.3268
5he5he-5he -7.82436131467 0.608990770753 4.0169
5he5he-5he- -7.82381708699 0.608990770753 4.0165
5he5he-5he-5he -7.66245358071 0.429395637287 3.8173
5he5he-5he-5he- -7.66299780839 0.429939864964 3.8179
5he5he-5he5he -7.66272569455 0.429395637287 3.8174
5he5he-5he5he- -7.66272569455 0.429395637287 3.8173
5he5he5he -7.82436131467 0.608990770753 4.0170
5he5he5he- -7.82436131467 0.608990770753 4.0170
5he5he5he-5he -7.66272569455 0.429395637287 3.8173
5he5he5he-5he- -7.66272569455 0.429395637287 3.8173
5he5he5he5he -7.66272569455 0.429395637287 3.8174
5he5he5he5he- -7.66272569455 0.429395637287 3.8173
5hf -8.39144655428 2.61746301335 5.2436
5hf5hf- -8.09919629164 1.38206618617 4.8360
5hf5hf-5hf -7.77864618979 0.862872982153 4.3188
5hf5hf-5hf5hf- -7.58299633985 0.593480281954 4.0583
5hg -8.58491949352 1.99949248592 5.3872
5hh -8.37702452084 2.73474407778 5.2988
5hi -8.51036030174 2.61936781022 5.5260
5hi5hi -8.08423003052 1.75894385261 5.0286
5hi5hi- -8.08423003052 1.75894385261 5.0286
5hi5hi-5hi -7.88613115603 1.40546797629 4.7097
5hi5hi-5hi- -7.88613115603 1.40546797629 4.7097
5hi5hi-5hi-5hi -7.78027887282 1.22668918434 4.5382
5hi5hi-5hi-5hi- -7.78027887282 1.22668918434 4.5382
5hi5hi-5hi5hi -7.78027887282 1.22668918434 4.5382
5hi5hi-5hi5hi- -7.78027887282 1.22668918434 4.5382
5hi5hi5hi -7.88613115603 1.40546797629 4.7097
5hi5hi5hi- -7.88613115603 1.40546797629 4.7097
5hi5hi5hi-5hi -7.78027887282 1.22668918434 4.5382
5hi5hi5hi-5hi- -7.78027887282 1.22668918434 4.5382
5hi5hi5hi5hi -7.78027887282 1.22668918434 4.5382
5hi5hi5hi5hi- -7.78027887282 1.22668918434 4.5382
5hl -8.3182479317 2.70154618947 5.2295
5hl5hl -7.89783205109 1.39267862588 4.6769
5hl5hl- -7.89783205109 1.39267862588 4.6769
5hl5hl-5hl -7.51660056323 0.953486890402 4.1760
5hl5hl-5hl- -7.36176778908 1.07430543473 4.1326
5hl5hl-5hl-5hl -7.29972583388 0.738516957919 3.9195
5hl5hl-5hl-5hl- -7.29999794772 0.738789071758 3.9198
5hl5hl-5hl5hl -7.29972583388 0.738516957919 3.9196
5hl5hl-5hl5hl- -7.29972583388 0.738516957919 3.9196
5hl5hl5hl -7.51660056323 0.953486890402 4.1760
5hl5hl5hl- -7.51660056323 0.953486890402 4.1760
5hl5hl5hl-5hl -7.29972583388 0.738516957919 3.9195
5hl5hl5hl-5hl- -7.29972583388 0.738516957919 3.9195
5hl5hl5hl5hl -7.3040796553 0.691985491521 3.8866
5hl5hl5hl5hl- -7.20911192563 0.827226069298 3.9051
5ia -9.33296043579 2.43242560311 5.9046
5ia5ia -8.63607689517 1.45580903643 5.2755
5ia5ia- -8.63607689517 1.45580903643 5.2755
5ia5ia-5ia -8.376752407 1.07321697938 4.8961
5ia5ia-5ia- -8.376752407 1.07321697938 4.8961
5ia5ia-5ia-5ia -8.28287313269 0.915663066838 4.7492
5ia5ia-5ia-5ia- -8.28287313269 0.915663066838 4.7493
5ia5ia-5ia5ia -8.28314524652 0.915663066838 4.7495
5ia5ia-5ia5ia- -8.28287313269 0.915663066838 4.7492
5ia5ia5ia -8.376752407 1.07321697938 4.8961
5ia5ia5ia- -8.376752407 1.07321697938 4.8961
5ia5ia5ia-5ia -8.28314524652 0.915935180677 4.7495
5ia5ia5ia-5ia- -8.28314524652 0.915935180677 4.7495
5ia5ia5ia5ia -8.28287313269 0.915663066838 4.7493
5ia5ia5ia5ia- -8.28287313269 0.915663066838 4.7492
5id -10.1294376413 1.21770942767 5.1323
5id5id -9.64262598409 0.225310258348 5.0610
5id5id- -9.64262598409 0.225310258348 5.0610
5id5id-5id -9.53595735937 -0.19809887449 4.7959
5id5id-5id- -9.53595735937 -0.19809887449 4.7959
5id5id-5id-5id -9.51446036612 -0.433749458704 4.6451
5id5id-5id-5id- -9.51446036612 -0.433749458704 4.6451
5id5id-5id5id -9.51446036612 -0.433749458704 4.6451
5id5id-5id5id- -9.51446036612 -0.433749458704 4.6451
5id5id5id -9.53595735937 -0.19809887449 4.7959
5id5id5id- -9.53595735937 -0.19809887449 4.7959
5id5id5id-5id -9.51446036612 -0.433749458704 4.6451
5id5id5id-5id- -9.51446036612 -0.433749458704 4.6451
5id5id5id5id -9.51446036612 -0.433749458704 4.6451
5id5id5id5id- -9.51446036612 -0.433749458704 4.6451
5ie -9.17186904334 1.75948808029 4.4299
5ie5ie -8.78954910013 0.993487624674 4.3837
5ie5ie- -8.78982121397 0.993759738512 4.3837
5ie5ie-5ie -8.60342323454 0.684910531718 4.3709
5ie5ie-5ie- -8.60342323454 0.684910531718 4.3709
5ie5ie-5ie-5ie -8.51090452942 0.521642228567 4.3649
5ie5ie-5ie-5ie- -8.51090452942 0.521642228567 4.3649
5ie5ie-5ie5ie -8.51090452942 0.521642228567 4.3649
5ie5ie-5ie5ie- -8.51090452942 0.521642228567 4.3649
5ie5ie5ie -8.6031511207 0.68463841788 4.3711
5ie5ie5ie- -8.60342323454 0.684910531718 4.3709
5ie5ie5ie-5ie -8.51090452942 0.521642228567 4.3649
5ie5ie5ie-5ie- -8.51090452942 0.521642228567 4.3649
5ie5ie5ie5ie -8.51090452942 0.521642228567 4.3649
5ie5ie5ie5ie- -8.51090452942 0.521642228567 4.3649
5if -8.97594707956 2.49746081053 5.5184
5if5if -8.59634827474 1.47458489129 5.1485
5if5if- -8.59634827474 1.47458489129 5.1485
5if5if-5if -8.42410021491 1.04274022946 4.8198
5if5if-5if- -8.42410021491 1.04274022946 4.8198
5if5if-5if-5if -8.36369094275 0.822600134042 4.6584
5if5if-5if5if -8.36369094275 0.822600134042 4.6584
5if5if-5if5if- -8.36369094275 0.822600134042 4.6584
5if5if5if- -8.42410021491 1.04274022946 4.8198
5if5if5if-5if -8.36396305658 0.822600134042 4.6585
5ig -8.81567202864 2.1967750189 4.9306
5ig5ig -8.70356112714 1.37090951879 4.9276
5ig5ig- -8.70356112714 1.37063740495 4.9279
5ig5ig-5ig -8.66301616519 0.994848193866 4.9429
5ig5ig-5ig- -8.66301616519 0.994576080028 4.9428
5ig5ig-5ig-5ig -8.67879876783 0.863689323669 4.9358
5ig5ig-5ig5ig -8.67879876783 0.863689323669 4.9359
5ig5ig-5ig5ig- -8.67879876783 0.863689323669 4.9360
5ig5ig5ig- -8.66301616519 0.994848193866 4.9428
5ig5ig5ig-5ig -8.67907088167 0.863689323669 4.9359
5ih -8.51036030174 2.61936781022 5.5260
5ih5ih -8.08423003052 1.75894385261 5.0286
5ih5ih- -8.08423003052 1.75894385261 5.0286
5ih5ih-5ih -7.88613115603 1.40546797629 4.7097
5ih5ih-5ih- -7.88613115603 1.40546797629 4.7097
5ih5ih-5ih-5ih -7.78027887282 1.22668918434 4.5382
5ih5ih-5ih-5ih- -7.78027887282 1.22668918434 4.5382
5ih5ih-5ih5ih -7.78027887282 1.22668918434 4.5382
5ih5ih-5ih5ih- -7.78027887282 1.22668918434 4.5382
5ih5ih5ih -7.88613115603 1.40546797629 4.7097
5ih5ih5ih- -7.88613115603 1.40519586245 4.7096
5ih5ih5ih-5ih -7.78027887282 1.22668918434 4.5382
5ih5ih5ih-5ih- -7.78027887282 1.22668918434 4.5383
5ih5ih5ih5ih -7.78027887282 1.22668918434 4.5382
5ih5ih5ih5ih- -7.78027887282 1.22668918434 4.5382
5ii -9.24969360118 2.54752975683 5.8478
5il -8.86002658432 2.57882284827 5.5135
5il5il -8.51253721245 1.46533302078 5.2013
5il5il- -8.63253941527 1.37036529111 5.2133
5il5il-5il -8.32423443615 0.926547620382 4.7500
5il5il-5il- -8.32423443615 0.926547620382 4.7500
5il5il-5il-5il -8.19878995656 0.74804094227 4.5691
5il5il-5il-5il- -8.19878995656 0.74804094227 4.5691
5il5il-5il5il -8.19851784272 0.74804094227 4.5691
5il5il-5il5il- -8.19851784272 0.74804094227 4.5691
5il5il5il -8.32423443615 0.926547620382 4.7499
5il5il5il- -8.32423443615 0.926547620382 4.7499
5il5il5il-5il -8.19851784272 0.74804094227 4.5691
5il5il5il-5il- -8.19851784272 0.74804094227 4.5691
5il5il5il5il -8.19878995656 0.74804094227 4.5691
5il5il5il5il- -8.19878995656 0.74804094227 4.5691
5la -8.96397407066 2.41990836654 5.5693
5la5la -8.05647441898 1.19566820674 4.6831
5la5la- -8.05647441898 1.19566820674 4.6831
5la5la-5la -7.56694162337 0.712121915577 4.0877
5la5la-5la- -7.56694162337 0.712121915577 4.0877
5la5la-5la-5la -7.21074460866 0.368170023605 3.6664
5la5la-5la-5la- -7.21074460866 0.368170023605 3.6664
5la5la-5la5la- -7.21074460866 0.368170023605 3.6664
5la5la5la -7.56694162337 0.712121915577 4.0877
5la5la5la- -7.56694162337 0.712121915577 4.0878
5la5la5la-5la -7.21074460866 0.368442137444 3.6664
5la5la5la5la -7.21074460866 0.368170023605 3.6664
5la5la5la5la- -7.21074460866 0.368170023605 3.6664
5ld -9.67201427866 1.17553178269 5.0817
5le -9.0298256196 1.72819498885 4.3865
5lf -8.81022975186 2.56657772553 5.2810
5lg -8.7343099909 2.22017680901 4.9756
5lg5lg -8.57730030604 1.02369226076 4.9277
5lg5lg- -8.57730030604 1.02369226076 4.9277
5lg5lg-5lg- -8.41756948279 0.526540277662 4.5844
5lg5lg-5lg-5lg -8.12069328489 0.0963282988591 4.0887
5lg5lg-5lg-5lg- -8.01865059542 0.179323019627 4.0574
5lg5lg5lg -8.41756948279 0.526540277662 4.5845
5lg5lg5lg5lg -8.32477866383 0.26150139888 4.3382
5lg5lg5lg5lg- -8.32477866383 0.26150139888 4.3382
5lh -8.3182479317 2.70154618947 5.2296
5lh5lh -7.72449553591 1.56111709196 4.6369
5lh5lh- -7.78653749111 1.4612513132 4.6434
5lh5lh-5lh -7.36176778908 1.07430543473 4.1326
5lh5lh-5lh- -7.36176778908 1.07430543473 4.1326
5lh5lh-5lh-5lh -7.22979257736 0.81144346666 3.8915
5lh5lh-5lh5lh -7.22979257736 0.81144346666 3.8915
5lh5lh-5lh5lh- -7.22897623585 0.741238096305 3.8396
5lh5lh5lh- -7.36176778908 1.07430543473 4.1326
5lh5lh5lh-5lh -7.22979257736 0.81144346666 3.8915
5li -8.86002658432 2.57882284827 5.5135
5li5li -8.51253721245 1.46533302078 5.2013
5li5li- -8.51253721245 1.46533302078 5.2014
5li5li-5li -7.70626390872 0.74042175479 4.1938
5li5li-5li- -7.70626390872 0.74042175479 4.1937
5li5li-5li-5li- -7.62816723705 0.645726138962 4.0977
5li5li-5li5li -7.85293326772 0.754299560557 4.3757
5li5li5li -7.70626390872 0.74042175479 4.1937
5li5li5li- -7.70626390872 0.74042175479 4.1937
5li5li5li-5li -7.62816723705 0.645454025123 4.0976
5li5li5li-5li- -7.62816723705 0.645726138962 4.0978
5li5li5li5li -7.74381561845 0.573343857898 4.1134
5li5li5li5li- -7.85266115388 0.754299560557 4.3757
5ll -8.69784673653 2.53147504036 5.4337
5ll5ll -8.22899459265 1.16247031843 4.7561
5ll5ll- -8.60478380373 1.50832700728 5.1484
5ll5ll-5ll -8.39743305873 1.17798080723 4.9069
5ll5ll-5ll- -8.47362493353 1.19213072684 4.9595
5ll5ll-5ll-5ll -8.19933418424 0.940697539988 4.6726
5ll5ll-5ll-5ll- -8.22246386052 1.0345768143 4.7756
5ll5ll-5ll5ll -8.3612419182 0.956752256465 4.8449
5ll5ll-5ll5ll- -8.31253354109 1.00273949519 4.7632
5ll5ll5ll- -8.43144728855 1.2813840659 4.9862
5ll5ll5ll-5ll -8.26409727782 1.01389616257 4.7666
5ll5ll5ll-5ll- -8.08967230729 0.81715785727 4.5343
5ll5ll5ll5ll -8.3196085009 0.97307908678 4.7806
5ll5ll5ll5ll- -8.26355305015 1.01307982105 4.7659
6ag -9.32234799608 1.65336368324 4.7411
6dg -9.85160941213 0.413613034649 4.6756
6eg -9.17078058799 0.960561850205 4.6632
6fg -8.9832941532 1.56329400267 4.8657
6ga -9.28778953858 1.66642514749 4.9359
6ga6ga -8.97322594118 0.646814594316 4.8228
6ga6ga- -8.97322594118 0.647086708155 4.8228
6ga6ga-6ga -8.79118178316 0.118641633623 4.6643
6ga6ga-6ga- -8.79118178316 0.118641633623 4.6643
6ga6ga-6ga-6ga -8.73594267393 -0.179050905789 4.4847
6ga6ga-6ga-6ga- -8.73567056009 -0.179050905789 4.4845
6ga6ga-6ga6ga -8.77812031891 -0.1537443188 4.5576
6ga6ga-6ga6ga- -8.77812031891 -0.154016432639 4.5576
6ga6ga6ga -8.8654688611 0.138778057678 4.6934
6ga6ga6ga- -8.79118178316 0.118641633623 4.6643
6ga6ga6ga-6ga -8.77812031891 -0.1537443188 4.5578
6ga6ga6ga-6ga- -8.77839243275 -0.154016432639 4.5576
6ga6ga6ga6ga- -8.77812031891 -0.1537443188 4.5579
6gd -9.82494225595 0.413885148488 4.9433
6gd6gd -9.68507574291 -0.379598804826 4.8401
6gd6gd- -9.68507574291 -0.379598804826 4.8401
6gd6gd-6gd -9.58303305344 -0.89797566733 4.6469
6gd6gd-6gd- -9.58276093961 -0.89797566733 4.6466
6gd6gd-6gd-6gd -9.53296410715 -1.21607674464 4.5031
6gd6gd-6gd-6gd- -9.53296410715 -1.21607674464 4.5031
6gd6gd-6gd6gd -9.5065690648 -1.20927389867 4.5202
6gd6gd-6gd6gd- -9.5065690648 -1.20954601251 4.5196
6gd6gd6gd -9.61704728327 -0.879199812468 4.6707
6gd6gd6gd- -9.58303305344 -0.897703553492 4.6471
6gd6gd6gd-6gd -9.5065690648 -1.20981812635 4.5193
6gd6gd6gd-6gd- -9.5065690648 -1.20927389867 4.5200
6gd6gd6gd6gd -9.5065690648 -1.20927389867 4.5201
6gd6gd6gd6gd- -9.5065690648 -1.20954601251 4.5197
6ge -9.15336530232 0.966276240815 4.4242
6ge6ge -8.9000273186 0.328169289333 4.3468
6ge6ge- -8.9000273186 0.328441403172 4.3468
6ge6ge-6ge -8.75961657789 -0.108573421595 4.3406
6ge6ge-6ge- -8.75961657789 -0.108573421595 4.3406
6ge6ge-6ge-6ge -8.71254088381 -0.358101811578 4.3411
6ge6ge-6ge-6ge- -8.71254088381 -0.358101811578 4.3411
6ge6ge-6ge6ge- -8.67063535267 -0.356469128546 4.3414
6ge6ge6ge- -8.75961657789 -0.108573421595 4.3406
6ge6ge6ge-6ge -8.67063535267 -0.356197014708 4.3414
6ge6ge6ge6ge -8.6962140535 -0.362999860672 4.3433
6gf -8.95744333854 1.5507767661 4.9248
6gf6gf -8.92152431184 0.543955563331 4.7271
6gf6gf- -8.92125219801 0.543683449493 4.7271
6gf6gf-6gf -8.91798683194 0.0380959374019 4.5131
6gf6gf-6gf- -8.92179642568 0.0329257744688 4.5067
6gf6gf-6gf-6gf -8.94193284974 -0.23265733199 4.3832
6gf6gf-6gf-6gf- -8.94193284974 -0.23265733199 4.3833
6gf6gf-6gf6gf -8.89594561102 -0.2538822114 4.3576
6gf6gf-6gf6gf- -8.89594561102 -0.2538822114 4.3576
6gf6gf6gf -8.91798683194 0.0380959374019 4.5131
6gf6gf6gf- -8.91798683194 0.0380959374019 4.5131
6gf6gf6gf-6gf -8.89594561102 -0.2538822114 4.3576
6gf6gf6gf-6gf- -8.89594561102 -0.2538822114 4.3576
6gf6gf6gf6gf -8.98764797462 -0.212248794096 4.4296
6gf6gf6gf6gf- -8.9310482962 -0.231840990474 4.4018
6gg -8.90465325385 1.42750919722 4.9052
6gh -8.46709420141 1.75132466513 4.9059
6gh6gh -8.39171866812 0.894710301267 4.6315
6gh6gh- -8.39144655428 0.894982415106 4.6315
6gh6gh-6gh -8.3732149271 0.487627998744 4.4100
6gh6gh-6gh- -8.3732149271 0.487627998744 4.4101
6gh6gh-6gh-6gh -8.32777191605 0.239732291793 4.3040
6gh6gh-6gh-6gh- -8.32777191605 0.239732291793 4.3040
6gh6gh-6gh6gh -8.32777191605 0.239732291793 4.3040
6gh6gh-6gh6gh- -8.32777191605 0.239732291793 4.3040
6gh6gh6gh -8.3732149271 0.487627998744 4.4101
6gh6gh6gh- -8.3732149271 0.487627998744 4.4101
6gh6gh6gh-6gh -8.32777191605 0.239732291793 4.3042
6gh6gh6gh-6gh- -8.32777191605 0.239732291793 4.3040
6gh6gh6gh6gh -8.32777191605 0.239732291793 4.3040
6gh6gh6gh6gh- -8.32777191605 0.239732291793 4.3040
6gi -9.1024800145 1.67295587962 4.9142
6gi6gi -9.06955424004 1.22723341202 4.8639
6gi6gi- -9.06982635387 1.23648528253 4.8619
6gi6gi-6gi -8.93295309307 0.545316132524 4.7866
6gi6gi-6gi- -8.92914349933 0.540962311107 4.7866
6gi6gi6gi -8.95608276935 0.580963045379 4.7893
6gi6gi6gi- -8.95689911086 0.581779386895 4.7899
6gi6gi6gi-6gi- -8.94002805287 0.380415146342 4.7766
6gi6gi6gi6gi -8.94220496358 0.37878246331 4.7757
6gl -8.80995763803 1.64438392657 4.8773
6gl6gl -8.46899899828 0.688720125458 4.6506
6gl6gl- -8.46899899828 0.68844801162 4.6505
6gl6gl-6gl -8.28967597865 0.229936193604 4.4095
6gl6gl-6gl- -8.28994809249 0.229664079766 4.4097
6gl6gl-6gl-6gl -8.14327873349 -0.0340142298231 4.2157
6gl6gl-6gl-6gl- -8.14327873349 -0.0340142298231 4.2157
6gl6gl-6gl6gl -8.1680410928 0.00299325222443 4.2825
6gl6gl-6gl6gl- -8.1680410928 0.00326536606302 4.2826
6gl6gl6gl -8.33076516828 0.247079365435 4.4307
6gl6gl6gl- -8.28967597865 0.229664079766 4.4094
6gl6gl6gl-6gl -8.1680410928 0.00326536606302 4.2826
6gl6gl6gl-6gl- -8.1680410928 0.00326536606302 4.2826
6gl6gl6gl6gl -8.23906280467 -0.0136056919292 4.2844
6gl6gl6gl6gl- -8.15715653926 -0.0421776449807 4.2579
6hg -8.97132114431 1.8773133724 5.2550
6ig -9.11363668189 1.68302409165 4.7374
6lg -8.84043438795 1.684112547 4.8723
