12aa4fd-4al-12di4ah-12dh-13li-6ll -4.75791046766 -1.9464302874 2.5168
12ad4hf4ei4id6fd13af-4id-12ea -5.46459010646 -2.0571806197 3.0012
12ad6dh4ei-13id-6ff-13dd12el12df- -5.77289508558 -2.52793756045 2.8455
12ad6ia-13lf6ie-12ae12fi-13ea4ih- -4.6721946085 -1.86561247734 2.4574
12ae13dh6ed6lf13he6fh4fd6il -5.15846203805 -2.22398640275 2.5044
12al13ha-12li4ff13hl6di4hh13ah- -3.94020838271 -1.48111562342 2.1904
12al4ha-6ae12ei4fa-12fi-12da-4ee -4.89668852534 -1.90207573171 2.6580
12da12lf-6id4if12fa-6fi-4aa6ff -5.16118317644 -2.10534476913 2.6835
12df13hh13dl4fd-13ei6ii-6ie12hf -4.91083844494 -1.86397979431 2.6801
12di12ah-6he6hd-12fa-12fl-13da4ed -4.9570977975 -2.47705227264 2.1347
12ee13fe6ff-4fd12ha-12ae12aa-6le- -4.90240291595 -1.91622565131 2.5946
12ee6de-4ae-12id4fh-12el12df-6la -5.08308650477 -2.51814146226 2.3082
12ef6lh-13fl-4af-13ah-12hi-6ah-12lf -3.97286204334 -1.40982179771 2.2717
12fa13df13ef13ff-6fd12eh13la12la -4.21613181503 -1.90588532545 2.0411
12fa13ee-12hh6fh12ii6fl4ea4di- -4.67981379598 -1.60138994007 2.6905
12ff13fi12dh6ie6aa-6ad-6fa-13ll -4.9965543041 -2.32983868596 2.3908
12hd4ea-12af-4ie6hh6ea4ea13il -5.03192910311 -1.79241385476 2.8775
12he6el13ei-13if4ie13ff12hd-12la- -4.41368646185 -1.54506237549 2.5273
12hf12de-12da6ea12le-4hd-4ah6fi -5.48826401042 -2.27732071512 2.8039
12hf13ed6ia13ha6if13hl-12di-6fd -4.90049811908 -2.10425631378 2.4852
12hf4ha-4ia13ie-4ff-12ai-6fa-12df -4.91165478646 -1.83649629661 2.7950
12hh6ae13da-4fh-12ha4hi-13fa-6lh -4.30865052015 -1.39403919507 2.5690
12id13af-12hh-4ia-13fe13ff-13aa12hf -4.25885368769 -1.26179186952 2.6564
12id6eh-6el-13ee-13eh-6ad-13ih13ef- -4.5649817561 -1.96847150832 2.3654
12id6hf6lh-12df12lh-12ld13ii12fh- -4.44770069167 -1.9809887449 2.1244
12la6fi-13hi4le6ah13dl12he6he -4.6877050973 -1.66452035062 2.6200
12la6hl-13fd12ah-13le13il4ei12el- -4.36905979232 -1.49553765686 2.4532
12ld12ei6fe-4ia12fa-4dh13fl13lh -4.51545703748 -2.01309817785 2.3054
12ld6li-4df13fa-13al-13la4ee6ah -4.51627337899 -1.81908101094 2.2943
12lh13dl-4ld12fh-12ll-12ff-6ia13fa -4.46538809118 -1.47485700513 2.5875
13aa6if12aa13hi13eh-13ff-6ah6ee -4.14619855852 -1.8724153233 1.9694
13ah12al13el6la6dd-4ai-13ah-4fd- -4.41994508013 -2.40113251167 1.7506
13al12la-6fe-4ff4dh-6af-4ei-13fe- -5.0501607303 -1.48084350958 3.2092
13di4ed4ii-12dh12hf-12if12af-4ie- -4.8272994965 -2.11459663964 2.4165
13dl13da-4df6eh13df12fl-13el-13de- -5.02920796473 -2.18072030242 2.4980
13ee6ee-13he12lf-12hf-6hf-13da6al- -4.59627484754 -1.98561468015 2.2136
13eh12ha13id-12hf-6il6ie-12ha-13he- -4.42457101539 -1.69145962064 2.4209
13fa12fa6hi-12ae-13hi-4fh12hl-4fe- -4.09422481535 -1.27893504135 2.4282
13fe4ai4fl12ah6ha13ih-13df-4fl- -4.34456954685 -1.45989074401 2.5410
13ha13dd6ea-12hf-4ff-12fd13ei-6ii -4.93124698284 -2.11731777803 2.4631
13he4ia4fi13de12lh-13ha13ai6fa- -4.47083036795 -1.29988780692 2.7663
13hl4ee-12el-4hf12al6ah-13aa12le -4.30592938177 -1.70370474338 2.3261
13ie13ai-13di-13ei-6la-12ae-4fd-4ei- -4.60035655512 -1.99622711986 2.2993
13ie13ha6de12dh4ie-4fa12hi13he -4.60171712431 -2.24629973752 2.1330
13if4ah-12al-13ef6fl-4ia-6ha-6hf- -4.60198923815 -1.49608188454 2.7295
13ih12eh-13el-12ld-6ia-6hh-12he-12ah- -4.45831313138 -1.7235690536 2.3746
13ii6fa-13ia-12fh-12fl-6ea-4ei-6lf- -4.18864831734 -1.49390497383 2.3525
13il12ia6ia-4df6fi-6hh-4ii13ef- -4.69940599236 -2.01772411311 2.3753
13le13al4fa13fe12id-4df-6ih13lh- -4.47436784785 -1.92874288789 2.2650
13lf12ai-13hi-4aa6af-13fe-12lh6ii -4.36633865393 -1.416080416 2.6626
13li4lf13el-4fa6hl12ah13hd13df- -4.58484606632 -1.50451741354 2.7087
13ll4ah-12le4di4aa12ea-4dd-4if -4.76852290736 -2.57065943311 2.0162
13ll6ea13ha-13el-12ef-13ae-6hi4hl -4.32797060269 -1.30941179127 2.6015
4aa6ld-6di6ia13ld12ie-13hd-12he -4.65940525809 -2.2765043736 2.1326
4ad12lf-13dh6fl-6hl-4hf-4ii6fd- -4.84961283126 -2.04275858626 2.4662
4af12eh13la6fh6ee4ai-6ah6dd -4.40361824982 -2.50807325024 1.7594
4af6el-6he12hi12ae13ea6da-6ld- -4.63164964655 -2.0966371263 2.1950
4dd4dd13fe13ef4di-4ah13da12ef -5.39465684995 -2.82182050613 2.3193
4df12he4dd4eh-4eh-12hf-6hi6hh -4.78022380242 -2.29228697624 2.3015
4ed6ld-13ff-13fe6ie6ee4fe6lf- -4.99709853177 -1.98915216006 2.6491
4ei12lh4fh-13ia4ed-13le13dh-4fa -4.63437078494 -2.01581931624 2.2528
4fd4af4da6ei-13hl13ef13ia-6li- -4.67246672234 -1.71731043531 2.6836
4fh4ie-13lh-6df-4ha13ae-12he6fd- -4.89206259008 -2.07133053931 2.6057
4he4hf6ih12fe-13hl6fl-4di12lf -4.44389109793 -1.46370033775 2.6292
4hh12hl-6ld4fh4af6eh-12ih-12ha- -4.41287012033 -1.58724002047 2.5863
4hi6aa13df-6ii-13dd6ha12if-4ae- -5.41397693249 -2.09963037852 2.9106
4id12fh12hh13hd-12ld-4af-13ae13il- -4.47028614027 -1.91785833435 2.1421
4id13hf-6fl-4hh-4dh13fe-12dh-13la- -4.53913094143 -1.58860058966 2.5839
4if12hf6ai-13fe-4hi12al6ai13lf- -4.52525313567 -1.28954748105 2.8288
4ii12aa12af12ed13la-6al6de-12fd -4.8104284385 -2.31623299403 2.1870
4ii12ea-6ed-12eh4ai-13ef6eh-6ie- -4.99437739339 -2.25527949419 2.3918
4le6fi4hf6he-13hl-6ee-12ai-4fe- -4.4958648411 -1.50995969031 2.6017
4lf13ea13hf13hl-4fd13fl-13ld-4hd -3.9034730145 -1.74288913614 1.8666
4lf13lf-13eh-12aa-4eh-12ah-4ie-4hf- -4.25422775244 -1.30152048995 2.5889
4lf6aa-12lh12af-6fd4ih12hl6ei -4.69858965085 -1.71050758934 2.6376
4ll12he6ei-12aa13le-13ha-6aa-6al- -4.35708678342 -1.63023400696 2.3381
4ll12lf-12ae4dd-12fe-12hf-4ai13ii- -4.75382876008 -2.1311955838 2.2688
6aa13ld13dl-6fe-6ea4ad4hh13ih -4.5184502897 -1.99840403057 2.2847
6af4fl12ff-13ee13fd-4ia12ai-12eh- -4.86240218167 -1.54342969245 2.9121
6ah13eh-6fa-13df12hl-6af12di-13he- -4.78022380242 -1.96411768691 2.4372
6da12dh-12dh-6af4fi-4he-4fe12ae -5.22866740841 -2.49773292437 2.4137
6dd12el-4ae13lf-12ef-12il12ld-13fe- -4.67654842992 -2.7306623702 1.6653
6dd4ha6he-13hi12ld6ad6ll12fe -4.83410234246 -2.70072984796 1.8712
6df12ee12ae13ai-6hf4he-4he-4dd- -4.77777477787 -2.2003124988 2.3562
6df13ie13ff-6da4fd12hf4ef6de- -5.1347881341 -2.25555160803 2.5579
6df6ia-12el-6ie12al-12fa-13id13li -4.44497955328 -2.19949615728 1.9726
6dh6af12fd4df12il-12dh-4ha-13fh- -4.55355297488 -2.39813925945 1.8844
6dl6ad-12da12ae-6ae-6ii13ad12ef- -5.27138928107 -2.67079732571 2.3811
6ea13ee12lf-4ef-6lh-13dh6ll-13il- -4.63464289878 -1.60982546907 2.6870
6ed6lf4ee13ee-6ff-13el-13li-4ai -4.66375907951 -2.14588973108 2.2935
6ee6fh12da-13id4fa13de-6lh13aa -5.03328967231 -2.34480494709 2.4296
6eh6da12eh12fe4fh12ei13ae12hi- -4.11844294698 -1.98398199712 1.8418
6el6eh6ea-13fh4ff4ii-12de6fa -4.88172226421 -1.89336808887 2.7068
6fa12fe-13ef4fi-13el4fe13fe6il- -4.60688728724 -1.45907440249 2.7820
6fa6la-12hi12ae-4fi13ll-4di-4ai -4.67872534063 -1.4351283847 2.8447
6fd6ed13ei-12ai6ed12fd12ah4ld -5.13696504481 -2.32194738465 2.3853
6ha12fl13eh13fd-6ee-12fd-6lf6ef- -4.56824712216 -2.15514160159 2.0876
6hf12ie-13hh6li-12hh-12ia-4fa-13ea- -4.33749458704 -1.25852650346 2.6752
6hh6aa-12fi13fa13ed13lh-6dd12da -4.55246451953 -2.8582837605 1.3393
6hh6hf-13df4fd-13hi-4ha-4ef- -4.80144868183 -1.63730896677 2.7593
6hl13la6ea-6ia4dd-4aa4af4ae- -4.97015926175 -2.33119925516 2.3964
6ia6df6di-4ae13ia13ai13ei-12ie- -4.65886103041 -2.14588973108 2.2541
6ii13fd6fd-6hf-4af4he-12hf-6fi- -4.91002210343 -2.23160559023 2.4423
6la6fi-4de12ld-13la12ah12il13ee -4.63518712646 -2.0430307001 2.1882
6li4ff-13fl-13hh-6ff-6ia12de13hf- -4.5494712673 -1.95486581639 2.2946
6ll13fh-6ea-6hl-13fh-4da-13fh6ed- -4.45341508228 -2.24167380226 1.9740
