12aa4fd-4al-12di4ah-12dh-13li-6ll -5.92772785973 -0.872124852665 3.2026
12ad4hf4ei4id6fd13af-4id-12ea -6.70787823496 -0.937160060086 3.5769
12ad6dh4ei-13id-6ff-13dd12el12df- -7.01699955559 -1.43975431995 3.3924
12ad6ia-13lf6ie-12ae12fi-13ea4ih- -5.85017541574 -0.7806946029 3.1289
12ae13dh6ed6lf13he6fh4fd6il -6.38896081614 -1.11430616901 3.2983
12al13ha-12li4ff13hl6di4hh13ah- -5.13859772784 -0.428307181933 3.1075
12al4ha-6ae12ei4fa-12fi-12da-4ee -6.11875177442 -0.800831026955 3.3243
12da12lf-6id4if12fa-6fi-4aa6ff -6.38188585633 -0.999746242961 3.4034
12df13hh13dl4fd-13ei6ii-6ie12hf -6.13752762928 -0.794028180991 3.4085
12di12ah-6he6hd-12fa-12fl-13da4ed -6.14677949979 -1.33553471977 3.0833
12ee13fe6ff-4fd12ha-12ae12aa-6le- -6.10596242401 -0.858247046897 3.1868
12ee6de-4ae-12id4fh-12el12df-6la -6.29753056637 -1.42886976641 3.0696
12ef6lh-13fl-4af-13ah-12hi-6ah-12lf -5.11655650691 -0.371435389668 2.9375
12fa13df13ef13ff-6fd12eh13la12la -5.36173107548 -0.920833229771 2.6347
12fa13ee-12hh6fh12ii6fl4ea4di- -5.90214915891 -0.52109800089 3.2420
12ff13fi12dh6ie6aa-6ad-6fa-13ll -6.22487617147 -1.31567040956 3.1609
12hd4ea-12af-4ie6hh6ea4ea13il -6.37345032734 -0.702325817388 3.6476
12he6el13ei-13if4ie13ff12hd-12la- -5.58840190302 -0.48844434026 3.1497
12hf12de-12da6ea12le-4hd-4ah6fi -6.7223002684 -1.19104227149 3.3445
12hf13ed6ia13ha6if13hl-12di-6fd -6.09698266733 -1.00083469832 3.1606
12hf4ha-4ia13ie-4ff-12ai-6fa-12df -6.19984169832 -0.753483219042 3.4334
12hh6ae13da-4fh-12ha4hi-13fa-6lh -5.50921677599 -0.334427907621 3.2139
12id13af-12hh-4ia-13fe13ff-13aa12hf -5.46186896808 -0.173336515179 3.2269
12id6eh-6el-13ee-13eh-6ad-13ih13ef- -5.79765744489 -0.868859486602 3.2087
12id6hf6lh-12df12lh-12ld13ii12fh- -5.63574971093 -0.900152578039 2.9456
12la6fi-13hi4le6ah13dl12he6he -5.88555021475 -0.580418817702 3.2340
12la6hl-13fd12ah-13le13il4ei12el- -5.56064629148 -0.429395637287 2.9926
12ld12ei6fe-4ia12fa-4dh13fl13lh -5.74867695394 -0.900696805716 3.2379
12ld6li-4df13fa-13al-13la4ee6ah -5.70241760139 -0.732258339632 3.1873
12lh13dl-4ld12fh-12ll-12ff-6ia13fa -5.68745134026 -0.425858157385 3.1472
13aa6if12aa13hi13eh-13ff-6ah6ee -5.31139001534 -0.757292812782 2.9898
13ah12al13el6la6dd-4ai-13ah-4fd- -5.58187117089 -1.36709992505 2.8809
13al12la-6fe-4ff4dh-6af-4ei-13fe- -6.38106951482 -0.370074820475 3.8493
13di4ed4ii-12dh12hf-12if12af-4ie- -6.07330876338 -0.989405917095 3.3935
13dl13da-4df6eh13df12fl-13el-13de- -6.20882145499 -1.09335340343 3.1008
13ee6ee-13he12lf-12hf-6hf-13da6al- -5.75711248294 -0.942874450697 2.8147
13eh12ha13id-12hf-6il6ie-12ha-13he- -5.65207654125 -0.646270366639 3.1311
13fa12fa6hi-12ae-13hi-4fh12hl-4fe- -5.27928058239 -0.244630340888 2.9843
13fe4ai4fl12ah6ha13ih-13df-4fl- -5.5410540951 -0.393748724432 3.1251
13ha13dd6ea-12hf-4ff-12fd13ei-6ii -6.12228925432 -1.09199283424 3.0154
13he4ia4fi13de12lh-13ha13ai6fa- -5.68364174652 -0.183132613368 3.3818
13hl4ee-12el-4hf12al6ah-13aa12le -5.49180149032 -0.654978009474 3.1453
13ie13ai-13di-13ei-6la-12ae-4fd-4ei- -5.79874590024 -0.900424691877 3.2655
13ie13ha6de12dh4ie-4fa12hi13he -5.87003972595 -1.23947853475 2.8833
13if4ah-12al-13ef6fl-4ia-6ha-6hf- -5.82296403188 -0.422048563645 3.2280
13ih12eh-13el-12ld-6ia-6hh-12he-12ah- -5.69153304784 -0.679196141108 3.0368
13ii6fa-13ia-12fh-12fl-6ea-4ei-6lf- -5.33669660233 -0.431844661834 2.9834
13il12ia6ia-4df6fi-6hh-4ii13ef- -6.03167534607 -0.956480142626 3.4301
13le13al4fa13fe12id-4df-6ih13lh- -5.7103089027 -0.853348997802 3.3571
13lf12ai-13hi-4aa6af-13fe-12lh6ii -5.63493336942 -0.322454898723 3.4059
13li4lf13el-4fa6hl12ah13hd13df- -5.80718142924 -0.433205231027 3.2617
13ll4ah-12le4di4aa12ea-4dd-4if -6.00990623899 -1.47785025735 3.3432
13ll6ea13ha-13el-12ef-13ae-6hi4hl -5.50023701932 -0.213881477128 3.1344
4aa6ld-6di6ia13ld12ie-13hd-12he -5.83384858542 -1.15485113095 3.2046
4ad12lf-13dh6fl-6hl-4hf-4ii6fd- -6.08092795086 -0.955935914949 3.1177
4af12eh13la6fh6ee4ai-6ah6dd -5.58078271554 -1.32220114168 3.2335
4af6el-6he12hi12ae13ea6da-6ld- -5.80963045379 -0.964643557784 3.1351
4dd4dd13fe13ef4di-4ah13da12ef -6.62052969277 -1.75350157584 3.0550
4df12he4dd4eh-4eh-12hf-6hi6hh -6.08364908924 -1.20845755716 3.4492
4ed6ld-13ff-13fe6ie6ee4fe6lf- -6.1729024283 -0.874573877212 3.2954
4ei12lh4fh-13ia4ed-13le13dh-4fa -5.83711395148 -0.97688868052 2.9991
4fd4af4da6ei-13hl13ef13ia-6li- -5.8964347683 -0.597017761855 3.6449
4fh4ie-13lh-6df-4ha13ae-12he6fd- -6.15058909353 -0.94613981676 3.3239
4he4hf6ih12fe-13hl6fl-4di12lf -5.65779093186 -0.389122789176 3.2371
4hh12hl-6ld4fh4af6eh-12ih-12ha- -5.71357426877 -0.525179708469 3.3673
4hi6aa13df-6ii-13dd6ha12if-4ae- -6.63658440925 -0.986956892547 3.4731
4id12fh12hh13hd-12ld-4af-13ae13il- -5.62159979133 -0.856342250027 2.7684
4id13hf-6fl-4hh-4dh13fe-12dh-13la- -5.77643256548 -0.522186456244 3.1509
4if12hf6ai-13fe-4hi12al6ai13lf- -5.76119419052 -0.214153590966 3.3977
4ii12aa12af12ed13la-6al6de-12fd -5.97480355381 -1.23675739637 3.0172
4ii12ea-6ed-12eh4ai-13ef6eh-6ie- -6.19412730771 -1.20192682503 3.1828
4le6fi4hf6he-13hl-6ee-12ai-4fe- -5.6841859742 -0.444906126086 3.1827
4lf13ea13hf13hl-4fd13fl-13ld-4hd -5.06349430839 -0.682461507171 2.9378
4lf13lf-13eh-12aa-4eh-12ah-4ie-4hf- -5.42975953512 -0.229119852088 3.1824
4lf6aa-12lh12af-6fd4ih12hl6ei -5.94568737308 -0.60763020156 3.3095
4ll12he6ei-12aa13le-13ha-6aa-6al- -5.52064555721 -0.532798895949 3.0300
4ll12lf-12ae4dd-12fe-12hf-4ai13ii- -5.94487103156 -1.12954454397 2.8553
6aa13ld13dl-6fe-6ea4ad4hh13ih -5.85915517241 -0.889812252173 3.4693
6af4fl12ff-13ee13fd-4ia12ai-12eh- -6.07875104015 -0.444906126086 3.4666
6ah13eh-6fa-13df12hl-6af12di-13he- -5.96936127704 -0.905050627133 3.0339
6da12dh-12dh-6af4fi-4he-4fe12ae -6.4267846397 -1.38941325981 3.1124
6dd12el-4ae13lf-12ef-12il12ld-13fe- -5.84772639119 -1.60220628159 2.9167
6dd4ha6he-13hi12ld6ad6ll12fe -6.01997445101 -1.50642221041 3.0030
6df12ee12ae13ai-6hf4he-4he-4dd- -5.91385005397 -1.0381142942 3.0817
6df13ie13ff-6da4fd12hf4ef6de- -6.31766699043 -1.23321991647 3.1654
6df6ia-12el-6ie12al-12fa-13id13li -5.57833369099 -1.12600706406 2.8270
6dh6af12fd4df12il-12dh-4ha-13fh- -5.76582012578 -1.34260967958 3.0190
6dl6ad-12da12ae-6ae-6ii13ad12ef- -6.51331684037 -1.53853164336 3.4597
6ea13ee12lf-4ef-6lh-13dh6ll-13il- -5.84691004967 -0.520825887052 3.2552
6ed6lf4ee13ee-6ff-13el-13li-4ai -5.84065143139 -1.03212778975 3.1706
6ee6fh12da-13id4fa13de-6lh13aa -6.23929820491 -1.24573715304 3.1580
6eh6da12eh12fe4fh12ei13ae12hi- -5.29724009573 -0.925459165027 2.7611
6el6eh6ea-13fh4ff4ii-12de6fa -6.09915957804 -0.739877527112 3.6133
6fa12fe-13ef4fi-13el4fe13fe6il- -5.79520842034 -0.377966121794 3.2448
6fa6la-12hi12ae-4fi13ll-4di-4ai -5.89344151607 -0.319733760337 3.4283
6fd6ed13ei-12ai6ed12fd12ah4ld -6.30433341234 -1.24492081153 3.0257
6ha12fl13eh13fd-6ee-12fd-6lf6ef- -5.70894833351 -1.10777543688 2.8253
6hf12ie-13hh6li-12hh-12ia-4fa-13ea- -5.52499937863 -0.160547164765 3.2205
6hh6aa-12fi13fa13ed13lh-6dd12da -5.70513873977 -1.82044158013 2.5145
6hh6hf-13df4fd-13hi-4ha-4ef- -6.03303591527 -0.566268898095 3.2630
6hl13la6ea-6ia4dd-4aa4af4ae- -6.16419478546 -1.24111121779 3.3967
6ia6df6di-4ae13ia13ai13ei-12ie- -5.846365822 -1.02586917147 3.3275
6ii13fd6fd-6hf-4af4he-12hf-6fi- -6.17480722517 -1.14995308186 3.2177
6la6fi-4de12ld-13la12ah12il13ee -5.83058321936 -0.981514615776 2.9141
6li4ff-13fl-13hh-6ff-6ia12de13hf- -5.76146630436 -0.888995910657 3.1768
6ll13fh-6ea-6hl-13fh-4da-13fh6ed- -5.61289214849 -1.1417896667 2.8489
