12aa4fd-4al-12di4ah-12dh-13li-6ll -7.43605486701 -0.211704566419 3.6725
12ad4hf4ei4id6fd13af-4id-12ea -8.2730770345 -0.249800503821 4.0202
12ad6dh4ei-13id-6ff-13dd12el12df- -8.59662038857 -0.710217118707 3.9136
12ad6ia-13lf6ie-12ae12fi-13ea4ih- -7.35387648776 -0.0840831761227 3.6423
12ae13dh6ed6lf13he6fh4fd6il -8.02137173381 -0.437559052445 3.8362
12al13ha-12li4ff13hl6di4hh13ah- -6.68502067252 0.194833508427 3.6447
12al4ha-6ae12ei4fa-12fi-12da-4ee -7.66653528829 -0.0685726873234 3.8290
12da12lf-6id4if12fa-6fi-4aa6ff -7.99470457762 -0.362999860672 3.8978
12df13hh13dl4fd-13ei6ii-6ie12hf -7.71687634843 -0.161635620119 3.8998
12di12ah-6he6hd-12fa-12fl-13da4ed -7.68122943557 -0.582323614572 3.5552
12ee13fe6ff-4fd12ha-12ae12aa-6le- -7.61945959422 -0.22503814451 3.6643
12ee6de-4ae-12id4fh-12el12df-6la -7.84667464943 -0.761374520361 3.5377
12ef6lh-13fl-4af-13ah-12hi-6ah-12lf -6.623522945 0.234017901183 3.4191
12fa13df13ef13ff-6fd12eh13la12la -6.89101084832 -0.374156528054 3.1859
12fa13ee-12hh6fh12ii6fl4ea4di- -7.47415080441 0.142043423741 3.7294
12ff13fi12dh6ie6aa-6ad-6fa-13ll -7.81293253345 -0.771714846227 3.6037
12hd4ea-12af-4ie6hh6ea4ea13il -8.01810636774 -0.0234017901183 4.1369
12he6el13ei-13if4ie13ff12hd-12la- -7.12448452183 0.176057653564 3.6432
12hf12de-12da6ea12le-4hd-4ah6fi -8.28586638491 -0.495519300063 3.8184
12hf13ed6ia13ha6if13hl-12di-6fd -7.62136439109 -0.254154325238 3.6464
12hf4ha-4ia13ie-4ff-12ai-6fa-12df -7.80204797991 -0.0683005734848 3.9263
12hh6ae13da-4fh-12ha4hi-13fa-6lh -7.08203476301 0.304223271538 3.6947
12id13af-12hh-4ia-13fe13ff-13aa12hf -7.04067345955 0.572255402544 3.7262
12id6eh-6el-13ee-13eh-6ad-13ih13ef- -7.34271982038 -0.165173100021 3.7183
12id6hf6lh-12df12lh-12ld13ii12fh- -7.20802347028 -0.194017166911 3.4741
12la6fi-13hi4le6ah13dl12he6he -7.40394543406 0.0971446403748 3.7427
12la6hl-13fd12ah-13le13il4ei12el- -7.08856549514 0.282182050613 3.4894
12ld12ei6fe-4ia12fa-4dh13fl13lh -7.32612087622 -0.142587651418 3.7185
12ld6li-4df13fa-13al-13la4ee6ah -7.27414713305 -0.0821783792526 3.8283
12lh13dl-4ld12fh-12ll-12ff-6ia13fa -7.28965762185 0.180955702659 3.6216
13aa6if12aa13hi13eh-13ff-6ah6ee -6.83250637303 -0.0821783792526 3.5706
13ah12al13el6la6dd-4ai-13ah-4fd- -7.09373565807 -0.749401511463 3.5844
13al12la-6fe-4ff4dh-6af-4ei-13fe- -8.07470604617 0.249528389982 4.3236
13di4ed4ii-12dh12hf-12if12af-4ie- -7.68122943557 -0.282998392128 3.9415
13dl13da-4df6eh13df12fl-13el-13de- -7.77646927908 -0.421232222129 3.6478
13ee6ee-13he12lf-12hf-6hf-13da6al- -7.25890875809 -0.319461646499 3.2855
13eh12ha13id-12hf-6il6ie-12ha-13he- -7.18026785874 0.0253065869884 3.6406
13fa12fa6hi-12ae-13hi-4fh12hl-4fe- -6.79577100482 0.39429295211 3.4431
13fe4ai4fl12ah6ha13ih-13df-4fl- -7.07414346169 0.251161073014 3.5884
13ha13dd6ea-12hf-4ff-12fd13ei-6ii -7.68884862306 -0.492526047839 3.4847
13he4ia4fi13de12lh-13ha13ai6fa- -7.22598298362 0.523547025437 3.8795
13hl4ee-12el-4hf12al6ah-13aa12le -7.01237362033 -0.0351026851775 3.6503
13ie13ai-13di-13ei-6la-12ae-4fd-4ei- -7.28530380043 -0.211160338742 3.8258
13ie13ha6de12dh4ie-4fa12hi13he -7.44176925762 -0.611984022977 3.4727
13if4ah-12al-13ef6fl-4ia-6ha-6hf- -7.39333299435 0.222044892285 3.6700
13ih12eh-13el-12ld-6ia-6hh-12he-12ah- -7.22353395908 -0.0650352074218 3.4499
13ii6fa-13ia-12fh-12fl-6ea-4ei-6lf- -6.85563604931 0.205173834293 3.5033
13il12ia6ia-4df6fi-6hh-4ii13ef- -7.69510724134 -0.344768233487 3.9497
13le13al4fa13fe12id-4df-6ih13lh- -7.28829705266 -0.170071149116 3.9514
13lf12ai-13hi-4aa6af-13fe-12lh6ii -7.24475883848 0.360006608448 3.8995
13li4lf13el-4fa6hl12ah13hd13df- -7.3682985212 0.218235298545 3.7460
13ll4ah-12le4di4aa12ea-4dd-4if -7.55823398053 -0.792939725636 3.8812
13ll6ea13ha-13el-12ef-13ae-6hi4hl -6.98625069183 0.526540277662 3.6377
4aa6ld-6di6ia13ld12ie-13hd-12he -7.29292298791 -0.496879869256 3.6503
4ad12lf-13dh6fl-6hl-4hf-4ii6fd- -7.7117061855 -0.243541885533 3.6301
4af12eh13la6fh6ee4ai-6ah6dd -7.13210370931 -0.502322146028 3.7929
4af6el-6he12hi12ae13ea6da-6ld- -7.28938550801 -0.216874729352 3.6897
4dd4dd13fe13ef4di-4ah13da12ef -8.14599987188 -1.0881832405 3.5943
4df12he4dd4eh-4eh-12hf-6hi6hh -7.70381488418 -0.531438326756 3.9057
4ed6ld-13ff-13fe6ie6ee4fe6lf- -7.73701277248 -0.205990175809 3.7591
4ei12lh4fh-13ia4ed-13le13dh-4fa -7.37428502565 -0.339870184393 3.5513
4fd4af4da6ei-13hl13ef13ia-6li- -7.46054511248 0.043266100335 4.1805
4fh4ie-13lh-6df-4ha13ae-12he6fd- -7.70435911185 -0.203541151262 3.8019
4he4hf6ih12fe-13hl6fl-4di12lf -7.23686753717 0.262861968073 3.6927
4hh12hl-6ld4fh4af6eh-12ih-12ha- -7.31550843652 0.0636746382289 3.8825
4hi6aa13df-6ii-13dd6ha12if-4ae- -8.18654483383 -0.276195546164 3.9467
4id12fh12hh13hd-12ld-4af-13ae13il- -7.10271541474 -0.204357492777 3.2523
4id13hf-6fl-4hh-4dh13fe-12dh-13la- -7.34435250341 0.155377001832 3.6783
4if12hf6ai-13fe-4hi12al6ai13lf- -7.33782177128 0.444361898409 3.8658
4ii12aa12af12ed13la-6al6de-12fd -7.4959199115 -0.570894833351 3.5242
4ii12ea-6ed-12eh4ai-13ef6eh-6ie- -7.71469943772 -0.545316132524 3.7363
4le6fi4hf6he-13hl-6ee-12ai-4fe- -7.19387355067 0.19238448388 3.6373
4lf13ea13hf13hl-4fd13fl-13ld-4hd -6.60284229326 -0.0783687855125 3.5723
4lf13lf-13eh-12aa-4eh-12ah-4ie-4hf- -6.94189613614 0.412524579295 3.6833
4lf6aa-12lh12af-6fd4ih12hl6ei -7.53456007658 0.0617698413588 3.7709
4ll12he6ei-12aa13le-13ha-6aa-6al- -7.02489085691 0.166261555375 3.5837
4ll12lf-12ae4dd-12fe-12hf-4ai13ii- -7.43632698085 -0.555384344552 3.2530
6aa13ld13dl-6fe-6ea4ad4hh13ih -7.50870926191 -0.216058387836 4.1047
6af4fl12ff-13ee13fd-4ia12ai-12eh- -7.66082089768 0.248712048467 3.9461
6ah13eh-6fa-13df12hl-6af12di-13he- -7.530478369 -0.245446682404 3.5623
6da12dh-12dh-6af4fi-4he-4fe12ae -7.97021433215 -0.59620142034 3.6601
6dd12el-4ae13lf-12ef-12il12ld-13fe- -7.39197242516 -0.839743305873 3.4538
6dd4ha6he-13hi12ld6ad6ll12fe -7.53292739355 -0.683549962525 3.5661
6df12ee12ae13ai-6hf4he-4he-4dd- -7.392244539 -0.2538822114 3.6206
6df13ie13ff-6da4fd12hf4ef6de- -7.87823985471 -0.680828824139 3.6366
6df6ia-12el-6ie12al-12fa-13id13li -7.08666069827 -0.456607021145 3.3896
6dh6af12fd4df12il-12dh-4ha-13fh- -7.3386381128 -0.688175897781 3.6650
6dl6ad-12da12ae-6ae-6ii13ad12ef- -8.04831100383 -0.787225335026 3.9957
6ea13ee12lf-4ef-6lh-13dh6ll-13il- -7.42925202105 0.149118383545 3.7283
6ed6lf4ee13ee-6ff-13el-13li-4ai -7.36938697656 -0.388306447661 3.7147
6ee6fh12da-13id4fa13de-6lh13aa -7.76204724563 -0.585861094473 3.6881
6eh6da12eh12fe4fh12ei13ae12hi- -6.8069276722 -0.26912058636 3.3282
6el6eh6ea-13fh4ff4ii-12de6fa -7.68912073689 0.00952398435047 4.0912
6fa12fe-13ef4fi-13el4fe13fe6il- -7.33129103915 0.332795224589 3.7141
6fa6la-12hi12ae-4fi13ll-4di-4ai -7.4303404764 0.37687766644 3.8988
6fd6ed13ei-12ai6ed12fd12ah4ld -7.79714993081 -0.579602476186 3.5370
6ha12fl13eh13fd-6ee-12fd-6lf6ef- -7.24448672465 -0.488716454099 3.4468
6hf12ie-13hh6li-12hh-12ia-4fa-13ea- -7.07849728311 0.538785400398 3.7122
6hh6aa-12fi13fa13ed13lh-6dd12da -7.22407818675 -1.15974918005 3.2933
6hh6hf-13df4fd-13hi-4ha-4ef- -7.64721520575 0.0438103280122 3.7137
6hl13la6ea-6ia4dd-4aa4af4ae- -7.70381488418 -0.57878613467 3.8762
6ia6df6di-4ae13ia13ai13ei-12ie- -7.32612087622 -0.363816202188 3.9168
6ii13fd6fd-6hf-4af4he-12hf-6fi- -7.79388456475 -0.525179708469 3.7076
6la6fi-4de12ld-13la12ah12il13ee -7.33618908825 -0.355108559353 3.4151
6li4ff-13fl-13hh-6ff-6ia12de13hf- -7.38108787162 -0.23646692573 3.7168
6ll13fh-6ea-6hl-13fh-4da-13fh6ed- -7.17128810207 -0.458239704177 3.3299
