12ad12il4aa-4ia- -5.43819506412 -1.45308789804 3.6320
12ad13ei-4da-13hh -5.08852878154 -1.52356538224 3.1136
12ad13fi13ih-6ei -4.89478372847 -1.28083983822 3.1803
12ad4if-4if-12ee- -5.47547466001 -1.4111823669 3.6395
12ad6el-13ll12ai- -4.80797941396 -1.70506531257 2.8473
12ad6id-13li6hh- -5.12689683278 -1.88656524291 2.8862
12ae13ld-6ae-12dh -5.56255108835 -2.02561541443 3.1739
12ae4ad-12eh12fi -4.95873048053 -1.84765296399 2.7573
12ae4ee6eh-6fa- -5.65697459034 -1.79241385476 3.3980
12ae6fi12da-12da -5.88310119021 -2.08738525578 3.3927
12af12ad-13ld-12ad- -5.72119345625 -2.06942574244 3.3134
12af12id-13fe4fd- -5.22812318073 -1.57880449147 3.2766
12af6ea13da4ff -5.3195534305 -1.69880669429 3.2671
12ah12he-6ah13aa -4.58076435874 -1.24138333162 3.0028
12ah12hl12if-12fi- -4.29967076348 -0.522186456244 3.4365
12ai4af-6dh-6ah- -5.61125946546 -1.45009464582 3.7424
12al13fa-13da-4de -5.01152056522 -2.09201119104 2.5482
12al6lh-6ef13ea- -4.78729876222 -1.24954674678 3.0755
12da12al4lh-4ed -5.27002871187 -1.80547531901 2.9781
12da4he-4ah4af -5.46595067566 -1.27947926903 3.6971
12de12hh-13aa13id -5.09097780609 -1.38097773082 3.3627
12de13hf6lf4lf- -4.93315177971 -1.41499196064 3.1798
12de6hh4dl-4ed -5.33261489475 -2.00874435643 2.8701
12df4ii-12id-4da -6.17725624972 -1.95187256417 3.7674
12dh12dl12if-4hi -5.01941186654 -1.54370180629 3.0920
12di13af-13ei-13fd- -4.9775063354 -1.1883211331 3.4285
12di13fa13lh13eh- -4.49259947504 -0.722190127604 3.3821
12di6ia-12df-6hf -5.42050766461 -2.15623005695 2.8398
12dl12ai-6fa-12lf -5.09261048912 -1.38723634911 3.3548
12dl12dl-4af-13hh -4.68171859285 -1.67241165194 2.7008
12dl12hf-13hi-13fl- -4.27409206265 -0.736067933372 3.2109
12dl6le-12ee13ad- -5.57778946331 -1.89255174736 3.2740
12ea12hi13al-12la -4.41232589265 -0.653617440281 3.4311
12ea12lf4ea-4af -5.08852878154 -1.41553618832 3.2761
12ea4ai-4ea-4ad -5.70595508129 -1.51159237334 3.8236
12ed4ha-6ai-4ii -5.73615971737 -1.48274830645 3.6622
12ed4hh13ll4hf -4.71573282268 -1.35240577777 3.0032
12ee13dh12il6if -5.06784812981 -1.4577138333 3.2389
12ee4hf-4fa13he- -4.82049665053 -0.965732013138 3.3672
12ee4ih4ef-6fl- -5.50894466215 -1.32764341846 3.6223
12ee6eh13ih12lf -4.4493333747 -1.28981959489 2.8242
12ef13al-4if6ff -5.04689536423 -0.967364696169 3.6175
12ef6hh-13ea-13ha- -4.52443679415 -1.17172218895 2.9412
12ef6la4if-12fe- -5.16308797331 -1.29444553015 3.4601
12eh12fh-4hf12ll -4.38647507799 -0.775252326128 3.2594
12eh13le13fh12hf- -4.08007489574 -0.490621250969 3.2267
12eh6fh13hf-13hf- -4.07055091139 -0.836750053649 2.9364
12ei6ef13ea-4ee -5.34703692819 -1.58724002047 3.3141
12el12ii13df-13ae- -5.19002724333 -1.07104006867 3.7261
12el6if4lf-12fd -4.07055091139 -0.837022167487 2.9362
12fa12ae4ah-4dh- -5.08145382173 -1.30015992076 3.4211
12fa12ld12ee4fh- -5.13533236177 -1.57989294682 3.1434
12fa13fi-12ed-13di- -5.04961650262 -1.62832921009 3.0316
12fa13id13he-13fi- -4.55246451953 -0.702597931226 3.4490
12fd12eh-6ai4aa -5.39601741914 -1.82751653994 3.2440
12fd12hh13aa-6ih- -4.83546291165 -1.25580536507 3.2703
12fd4ll-12le6ef -4.60688728724 -0.906411196326 3.3030
12fe13di6id12ae -5.70922044735 -2.08085452366 3.1979
12fe4hh6il13df -4.94784592699 -1.30587431137 3.1042
12ff6dh6lf-4hd- -5.68445808804 -1.71077970318 3.5032
12fh12fe4id-4de -5.2800969239 -2.08765736962 2.8499
12fh12he4ha-12he -4.4838918322 -0.851716314771 3.2147
12fh4ef13if6da- -4.97723422156 -1.6030226231 2.9700
12fh6fh4ef-12ie -5.06349430839 -1.17716446572 3.3869
12fi12ii-12ae-12ai- -4.86757234461 -0.992943396996 3.5495
12fl13ea4af-13le- -4.79872754344 -0.831852004554 3.5790
12fl6aa-4ef13il- -4.9500228377 -1.4302303356 3.1990
12hd13id-12id-12ed -5.88228484869 -2.29310331776 3.2061
12hd4hl-4de-12af -5.20227236607 -1.76982840616 3.0784
12hd6ae13he13hi -4.4803543523 -1.63948587747 2.5696
12he12ie13dl-6ld- -5.27928058239 -1.70833067864 3.2114
12he4hd-13dd-12ld -5.78024215922 -2.09201119104 3.2840
12hf4hh-6dd13hh -4.97206405862 -2.20493843405 2.2972
12hh12aa4li6he -4.64525533848 -0.856070136188 3.4501
12hh12ed13hh-12ef -4.576954765 -1.23430837182 3.0067
12hh13ae13al-6ll- -4.26701710285 -0.705863297289 3.2426
12hh4ef-13fa-13il- -4.29885442196 -0.603548493981 3.3595
12hh4lh13ed13ll- -4.77260461494 -1.02205957772 3.3892
12hh6aa4ia-4ll- -5.26839602884 -1.79078117173 2.9695
12hi12df-4di-13ld- -5.60881044091 -1.93989955527 3.2627
12hl13ed-4ff-6da- -5.38295595489 -1.88847003978 3.1434
12hl13hi-4hi4ll -4.97832267691 -0.881376723177 3.6918
12hl4ed12hi-13aa- -4.73342022218 -1.63948587747 2.6848
12ia12hf4hd4lf -4.14728701387 -0.227215055218 3.5137
12ia13di-6el4li- -4.78920355909 -1.28437731812 3.1390
12ia13di12id-4hi- -5.3301658702 -1.30070414844 3.5132
12ia13fl6le12ih -4.66348696567 -1.06287665351 3.3091
12id12ai4da4ae -5.72037711473 -1.86506824966 3.4428
12id13ei6de4df -5.71303004109 -2.40739112996 2.8451
12ie6fd6eh-6ah- -5.51248214205 -1.93364093698 3.1167
12if4ia-4hd4eh -5.41615384319 -1.15267422025 3.7744
12if6el-12il4fl -4.88417128876 -1.1107686891 3.3441
12ih13ai-12hh-12ih- -4.18701563431 -0.224766030671 3.5932
12ih13la-12fa-13ha -3.74727967115 -0.312114572857 3.1680
12ih6ia-12ia-4he -4.87192616602 -1.07675445928 3.3876
12il13dd-4dd-12fi- -5.7962968757 -2.37092787559 2.9848
12il13il-6fh13el -4.67682054376 -1.08410153292 3.2010
12la12ad-4ea-12ld -5.53071376924 -1.7722774307 3.3843
12la6df13fd4hi- -5.41560961552 -1.68329620549 3.3081
12le13ia12eh-4il- -4.62375834523 -0.955391687272 3.3199
12le4he13hf-13ai- -4.4803543523 -0.887907455303 3.2287
12lf12id4ea-6id -5.75928939365 -1.92547752183 3.3771
12lf13dh13lh12ae- -5.2384635066 -0.941513881504 3.8566
12lf6eh-12hi-13id- -5.03628292453 -1.25934284497 3.3651
12ll4df-13dl6el -5.44118831634 -1.70941913399 3.3516
12ll6ea13ii-13dh- -4.81478225992 -1.24709772223 3.2299
13aa6af13hi-12ea- -4.80933998315 -1.00382795054 3.4173
13ad12hh12ih12ea -4.74512111724 -1.00627697509 3.3472
13ae12il6ed13lh- -4.51382435445 -0.952126321209 3.2245
13ah4lh12fd-4fe- -4.7102905459 -1.62397538867 2.7501
13ah6hf6hh6he- -4.73859038512 -1.32111268633 2.9637
13ai12hf-4fe6ai- -4.56198850388 -1.14968096802 3.0703
13al12ea-13el6li -4.65124184293 -1.02967876521 3.2848
13al13de-12af-6af- -5.07573943112 -1.48791846938 3.2444
13al13dl-6fa6ee -5.29370261583 -1.64302335738 3.2892
13al13hi-12hh-13li- -3.87000301235 0.0345584575003 3.5315
13al4ei6eh13al -4.86920502764 -0.933350466346 3.4774
13al6ah-4af-13la -4.40470670517 -0.722462241443 3.3291
13al6ee-13ha12ee -4.52579736334 -1.5162183086 2.5188
13da12ai4ah-4ll- -4.95845836669 -1.86697304653 2.6795
13da12ha12fa-13ie- -4.68716086963 -1.04491714017 3.3380
13da13da6he13dd -6.14705161363 -2.29038217937 3.4272
13da4ei12ad13lf- -5.39792221601 -1.64193490202 3.3755
13dd4ll4ee13ae- -5.07764422799 -0.957024370303 3.6939
13dd6eh13el6ii- -5.43710660877 -1.94534183204 3.1129
13dd6ii6ee6if- -6.13888819848 -1.93336882315 3.6911
13de13dd13ha-4fi -5.25669513378 -1.32519439391 3.4368
13de13if-4de-4ef -5.6079940994 -2.07296322234 3.0191
13de13lf4dh-6af -5.4267662829 -1.53989221255 3.4579
13de4al-12il-12il -5.25098074317 -1.32220114168 3.4921
13df12da13aa13ff -5.00961576835 -1.47404066361 3.1413
13df13aa12dd-13li -5.59819800121 -1.85581637915 3.3738
13dh12ha6hi6ei -4.83818405004 -1.23621316869 3.2180
13dh6ie-13al-4fd -5.0156022728 -1.47921082655 3.1838
13di13ae12il6hi- -5.06458276374 -1.16655202601 3.4788
13dl12da13hh13di- -5.08036536638 -1.4506388735 3.2486
13dl13eh12hd4af -4.95464877295 -1.66424823679 2.9049
13dl13fl-12ia-12hh -4.62158143453 -0.582051500733 3.6809
13dl4ae6id-13il -5.51465905276 -1.45853017482 3.5034
13dl6ld13ah13ii -4.71273957045 -1.52846343133 2.9160
13ea13af4ef-4ff- -4.90893364807 -0.975255997488 3.4865
13ea13lh-4al4dl -4.74403266189 -0.792939725636 3.4429
13ea4ll4hh-6hh -5.48554287203 -1.75703905574 3.2919
13ed12fd4ll4fi- -4.72416835167 -1.02586917147 3.2999
13ed6ll-6ed12fe- -5.68309751885 -2.10044672004 3.1613
13ee12ld-12ea6ld- -5.50377449922 -2.0882015973 3.0334
13ee13de-4la6hi -5.19955122768 -1.47295220826 3.2726
13ee4ad-4ea-12he- -5.42268457532 -1.62860132393 3.3680
13ee4eh12de-12fh- -5.32934952869 -1.66098287072 3.2477
13ef13le12ae4la- -4.94213153638 -0.844641354968 3.6499
13ef4ed-6if-6di -5.74650004324 -2.18480201 3.0081
13ef4fd13li-4id- -5.46867181404 -1.22070267989 3.7263
13ef4hf4af-4ll -5.25370188156 -1.59485920795 3.2447
13ei4dd6ie13ie -5.55057807946 -2.47623593112 2.6860
13el13id6eh4df- -5.35329554648 -1.64574449576 3.2932
13el4dh13fa4al -4.83682348085 -1.02886242369 3.3971
13el4ha-6ff-6ii -5.31329481221 -1.17090584743 3.6615
13el6ll6fi-12id -4.70457615529 -0.616065730556 3.6427
13fa12ih-12id-13ih- -4.70947420439 -0.876206560243 3.3981
13fa13fa4lf13hi- -4.29232368984 -0.671304839789 3.2935
13fa13id6fl12dh -5.09778065205 -1.93255248163 2.8537
13fa4la-6fe-4aa- -5.21370114729 -1.32682707694 3.5353
13fa6af-13di4ff- -5.13070642652 -1.41989000974 3.3236
13fd13hf-6fe-6hd- -5.35302343264 -1.98343776945 2.9861
13fd13il-6ld4ef- -4.43082963368 -1.06314876735 3.0511
13fe13fd4eh-13il -5.215878058 -1.13172145467 3.6259
13ff4fd-12fi13de- -5.11301902701 -1.82016946629 2.9614
13fi13ad4dd12ii- -5.48853612426 -2.41256129289 2.6593
13fi13ee4hl-12ii- -4.88389917492 -0.795660864022 3.6044
13fi13he13ie-12el- -4.57504996813 -0.92301014048 3.2702
13fi13hf6ae-4el- -5.30730830776 -1.62288693332 3.3421
13fi6el13ef4al- -4.7913804698 -1.21634885847 3.2080
13ha12fl13af13dd- -4.8950558423 -1.21852576918 3.3092
13ha13fd6eh-12ad- -4.88417128876 -1.88629312907 2.6560
13hd12ff13dh-4if -4.94185942254 -1.32056845865 3.2696
13hd13da-12li-6ld -5.46649490333 -1.78724369183 3.2914
13hd6el-4df12ee -5.48771978274 -1.8582654037 3.2598
13he12eh6ll-4ei- -4.67899745447 -1.20192682503 3.0978
13he12hl-4af-12da -4.70348769994 -1.42206692044 2.9717
13he12ii-4fl-12df- -4.73614136057 -1.5303682282 2.8670
13he4la4fh12fh -4.55572988559 -1.13090511316 3.0105
13he6ai12lh-6fe -5.07220195122 -1.45172732885 3.2365
13hf4de-6af6ha- -5.2384635066 -2.00956069795 2.7469
13hf6ff12de-4ia -5.51275425589 -1.77254954454 3.3021
13hf6fh6ef12fa- -4.88199437805 -1.09961202172 3.3480
13hh12el4de4hh- -4.64008517555 -1.58479099592 2.5875
13hi12ff-13le4lf -4.47953801078 -0.680284596462 3.3882
13hi6aa-6ff-4al- -5.0656712191 -1.51050391798 3.1707
13hi6ef-12dh-12fe- -5.0071667438 -1.50533375505 3.0968
13hl12ia-13hl-13ae -4.22021352261 -0.43456580022 3.4493
13hl6ff-6ld4ie -4.91628072171 -1.59268229724 2.9764
13hl6ii4ee12he- -4.88662031331 -1.31839154794 3.1932
13ia12hd6hi4ie- -4.57641053732 -0.762462975715 3.4132
13id12ef6fe-12hh- -5.09097780609 -1.56873627944 3.1526
13ie6if-4dd4il -5.57887791867 -2.28466778876 2.8786
13if13df-6he13ei -4.90893364807 -1.5183952193 3.0223
13if6af-13ei-4el- -4.87410307673 -1.14995308186 3.2968
13ih12ih12eh-13lh -3.96088903444 -0.573888085576 3.0287
13ih4ff-12fe4id- -4.637636151 -1.48601367251 2.8197
13ih4fl6ee4hh- -5.06349430839 -1.42016212357 3.2159
13ii4hh13il12ii- -4.39654329002 -0.399735228881 3.5493
13ii6de6lh-13ea- -5.01342536209 -1.94751874275 2.5700
13il13dd-13ad-13le- -5.4303037628 -1.39022960133 3.6075
13il4de12ea13lf -4.90430771282 -1.78479466728 2.6912
13la12ff-6ai4li- -5.47356986314 -1.99541077834 3.0377
13la4ed-6ea-4df -4.47654475856 -1.41091025306 2.6432
13ld6hi-4eh13ll- -5.05233764101 -1.15675592782 3.4756
13le12ae4ai4lf- -4.53205598163 -1.02505282995 3.1898
13le6fe6dd6lf- -5.81942655198 -2.3039878713 2.9913
13lf6dd-6ah-6il -5.65044385822 -2.40521421925 2.8009
13lf6hi6hh-4hh- -4.91355958333 -1.17852503491 3.3927
13lf6lf6ea-13ah- -4.715188595 -1.21009024019 3.0914
13lh12al-4ff-13fe- -4.2659286475 -0.560282393646 3.3415
13lh12fe4ha6ld- -4.41232589265 -1.44601293824 2.6191
13lh13ia-6la6ll -4.34130418078 -1.04954307542 2.9606
13lh4hh-12hi4df- -4.43599979661 -0.787769562703 3.1135
13lh6dl-13if-12ia -4.66022159961 -1.21553251696 3.1110
13lh6ee12ll12fe- -4.40497881901 -1.13906852832 2.8644
13li13dh-12lh13di -4.80172079567 -0.848178834869 3.5320
13li4fl-6if-12ll- -4.79519006354 -1.42995822176 2.9127
13li6dl-12da-4ae -5.48173327829 -1.96466191458 3.1489
13ll12fd13li-12di- -4.8879808825 -1.66261555375 2.9049
13ll12fi-13ae-13ld -4.51355224061 -0.818246312625 3.3334
13ll6de4lf-6li- -5.276559444 -1.7997609284 2.9403
4aa12dl13il-12id- -5.25315765388 -1.7031605157 3.1736
4aa12fa6ii6ei- -5.18975512949 -1.32954821533 3.4793
4aa12ha4dh-4ee -5.05859625929 -1.59540343562 3.1086
4aa12if6ad-13he- -4.98594186439 -1.52002790234 3.0268
4aa4aa-12al-4il -4.98213227065 -1.05525746603 3.5816
4ae6hf13fe-12ei- -4.66648021789 -1.10124470475 3.1332
4af12ea-12ah-6fl -4.98294861217 -1.28464943196 3.2859
4af13al-6if-6hl- -4.68852143882 -1.06886315796 3.2020
4ah12ee4ii-13hd- -5.20798675668 -1.24845829143 3.4577
4ah12ha6ih-12ah -4.66103794112 -1.06314876735 3.1988
4ai12ll6hi-6al- -5.01886763886 -1.19349129603 3.4137
4ai13ah13eh-13id -4.53477712002 -0.673481750498 3.4087
4ai13eh-4il-12ff -4.715188595 -0.589398574375 3.6204
4ai6fi-13ei13ie- -5.02512625715 -1.06940738564 3.5359
4da4dd4de-4fd- -6.87060231043 -2.76685351073 3.6674
4da4ih-12di-13ad- -5.70949256119 -1.84248280106 3.4312
4dd13da-6ha12ea -5.68554654339 -2.60059195536 2.6515
4de4df-13ee-4fi- -5.35465611567 -2.01799622695 2.9705
4df13le-4he6ia- -5.32744473182 -1.21362772009 3.6935
4dh4ai12fa6le -5.32717261798 -1.39703244729 3.5050
4di6ae-13hh13li -4.49178313352 -1.24573715304 2.7672
4dl12aa6li-6de -5.84718216351 -2.19650290506 3.2138
4ea13dd-6aa-13fh- -5.32118611353 -1.57989294682 3.4137
4ea13ff12ih-12lh- -4.39110101324 -0.77878980603 3.2678
4ea13li6fl13lf- -4.73151542531 -1.14913674034 3.2353
4ea4ed-13ai-13de -5.53180222459 -2.17146843191 2.9090
4ea4ih-12ee-12al -4.97532942469 -1.2419275593 3.3265
4ea6di-13he-6ef -5.42812685209 -1.65907807385 3.2895
4ed12ee-6ih-6il -5.53343490762 -2.0952765571 3.0315
4ed13dl-13li-4ll -4.85995315713 -2.07051419779 2.4088
4ed13ie-13ai-13ai -4.66185428264 -1.95541004407 2.3070
4ee13ih13ad12fh- -4.70430404146 -1.46016285785 2.7819
4ee4af6li-12le- -5.4613247404 -1.36628358353 3.6998
4ef13li4la-12ih -4.63001696352 -0.887091113787 3.4086
4eh4fi-13he13ii -4.67165038083 -0.68463841788 3.5260
4eh4la-13da13hd- -5.35819359558 -1.35458268848 3.4785
4eh6ei-4ee4ea -5.23519814054 -1.51540196708 3.3314
4eh6lf-6al6df -5.36581278306 -1.80765222972 3.1349
4ei12ef-13la-13ee- -4.74675380028 -1.37390277102 3.0042
4ei12fh13ee12hi -4.70947420439 -1.05117575845 3.2914
4ei4ad-6af-6ff- -5.70459451209 -1.98071663106 3.2877
4ei4ih12hh-12ie- -4.6890656665 -0.610351339946 3.6248
4ei6if6ee-4fe- -5.8569782617 -1.6770375872 3.6110
4el12lh6ff-4ld -4.97832267691 -1.46288399623 3.1440
4el13af-4ae6dd- -5.22458570083 -2.51514821004 2.3241
4fa13ee-13de-12hh- -4.97805056307 -1.06124397048 3.4999
4fd12ei6ff6ii- -5.56173474684 -1.95595427175 3.1802
4fd12id-13lh-4lf- -4.73913461279 -1.80574743285 2.5644
4fd4ih12ei-13il- -4.89206259008 -1.0881832405 3.3657
4fd6ee-6hl4il -5.04118097362 -1.87486434785 2.6060
4fd6hl12il6lh- -4.76308063059 -1.17417121349 3.1441
4fe12ll13if-6aa -4.74811436947 -1.22723341202 3.1263
4fe4ia13ef-4hd- -5.27928058239 -1.23975064859 3.5690
4fi13da6ea-4eh -5.50921677599 -1.62887343777 3.4190
4fi6aa-12df6li -5.67792735591 -1.72547385047 3.5356
4fl12ia-6ld-4eh- -5.25669513378 -1.31485406804 3.4867
4fl13el-12ha-13fa- -4.13857937104 -0.756204357427 3.0432
4fl13hh-6fa-4df- -4.88525974411 -1.4922722908 2.9970
4fl6hi-6dh-6ia -5.49152937648 -1.34179333806 3.6303
4ha12hl6hl12df -4.79791120193 -1.41635252983 3.0051
4ha6ld6ia12fl- -5.42241246148 -1.48737424171 3.5293
4hd13ai-12li-6lf -4.58811143238 -1.04845462007 3.1324
4he12al12de-4ah- -5.03247333079 -1.4541763534 3.1753
4he12ff6he4fi- -4.88988567937 -1.12328592568 3.3325
4he13li-13ii-12li- -4.50103500403 -0.603004266304 3.4484
4he4da13li12el- -5.12499203591 -1.44165911682 3.2871
4he4ih-4ad-6hl- -5.27356619178 -1.44193123066 3.2664
4hf4ei4ha-6ie -5.06022894233 -0.859063388413 3.6870
4hh12fh13dd-6if -4.95328820376 -1.6579896185 2.8654
4hh12il-13ai13hl -4.34157629462 -0.506948081284 3.4024
4hh6ee-4he6ld -4.8689329138 -1.6876500269 2.5734
4hh6hl12fa6ia -4.86784445845 -1.0119913657 3.4182
4hi12ah-4hi-6di -4.82512258579 -1.44601293824 2.9459
4hi13hf-6da12li -4.93396812122 -1.32328959704 3.1977
4hl6id12fi-6da- -5.30676408008 -1.80846857124 3.0800
4ia13di-4ha13dl -5.48309384749 -1.23104300576 3.7540
4ia13ee-6fd-12hh -5.21152423658 -1.47893871271 3.3541
4ia13hf-12ha6la -4.31518125228 -0.956752256465 2.9948
4ia13li-4di-12if- -5.07437886193 -1.32954821533 3.2721
4ia6ad-13af-6ah- -5.27928058239 -1.69200384832 3.1682
4id13fl-13de-13ae -5.07356252042 -1.87812971391 2.7847
4ie12df-4ii-4dh- -5.5543876732 -1.49499342919 3.6082
4ie12ef-6ih4la -5.12417569439 -1.25117942981 3.4254
4ie13fh6ae-13hl -4.68307916205 -1.23430837182 2.9857
4ie6fd-6hd-13fh- -5.09778065205 -1.79295808244 2.9628
4if12fh13fa12fl -4.06538074846 -0.480008811264 3.2906
4ih12ef-6ee12if -5.03764349372 -1.81118970962 2.7325
4ih12hd-12lh-4if -4.86430697854 -1.41036602539 3.0632
4ih4fa4al-6eh- -5.07410674809 -0.898519895007 3.6932
4ih4ih12ef-6ie -5.11764496227 -1.31022813279 3.3605
4ii4de6dh-13ea- -5.66813125772 -1.88683735675 3.3184
4ii4fl12da-6ei- -5.75003752314 -1.56193343348 3.7009
4ii4ha-12hf-13ff- -4.29667751126 -0.389939130692 3.5874
4ii4il12ha12eh -4.71981453026 -0.973895428295 3.4146
4il12di6he-6hd -5.58704133383 -1.81255027881 3.2917
4il12ih-12ah13la- -4.20579148917 -0.619603210458 3.1944
4la13af-4ed13fi -4.84607535136 -1.72819498885 2.6481
4la6ie-6ld-12af- -5.64581792296 -1.60220628159 3.7110
4ld12ee12da6al- -5.67765524207 -1.98833581854 3.2863
4ld13fd-12fl13eh -4.75954315069 -1.48057139574 2.8836
4ld13if13al-13al- -4.09612961222 -1.24981886062 2.4504
4le13fl-13dd13fd- -5.45860360201 -1.46941472836 3.5652
4le13ie12ha6lh -4.41150955114 -0.960561850205 3.0369
4le6le-13di-13al- -5.03764349372 -1.41880155438 3.2243
4lh12ee-6hd-13ai -5.05179341333 -1.6735001073 2.9618
4li12ll12fl13ia -4.51627337899 -0.693346060714 3.4669
4li4dd-13hi-12ed- -5.55901360845 -2.26970152764 2.8206
4li6dd-4hi-6le- -5.67112450995 -2.32466852303 2.6928
6aa12le-4ef12af- -5.27057293955 -1.39458342275 3.4897
6aa4dd13aa12hf -4.93342389354 -2.17364534262 2.4232
6aa6fh-13ah12fe- -4.26973824124 -1.42261114812 2.6052
6ad12af6fa4ha -5.34295522061 -2.0762285884 2.9145
6ad12fl-13ai-6hl -4.7723325011 -1.83268670287 2.5268
6af13hi-12ah12fd -4.65233029829 -1.0500873031 3.2250
6af4dd13la-12ha- -4.88471551644 -2.00030882744 2.5436
6ah6ed12ha13fh- -4.69831753701 -1.70479319873 2.5066
6ai4ad6hd-6fh -5.18213594201 -2.04248647242 2.7592
6ai6dh-13di6fi- -5.86160419696 -1.83567995509 3.5423
6al12ie-12hf4aa -4.67028981163 -1.01280770721 3.2378
6al13ff-6af-12hl -4.61777184079 -1.00246738135 3.2760
6dd6di-13af12fh- -4.8379119362 -2.65256569853 1.8565
6df12de13hf6af- -5.28581131451 -2.07949395447 2.7852
6df13dh6ha4fi -5.28635554219 -1.82180214933 3.0492
6df6hd6fl4fh- -4.95845836669 -2.34181169486 2.2800
6dh12fi-12ea6fe- -5.54023775359 -1.69717401125 3.3912
6dh13ia-13fl13ae -4.61695549927 -1.20900178483 2.9656
6dh4ia13lh-13fe- -4.53368866466 -1.08546210212 3.0937
6dh4ii-6ll6ad -6.00228705151 -1.81499930336 3.7480
6dh6af12di6dd- -6.35984463541 -2.96821775128 3.0188
6dh6al-12ef12dh -5.40935099723 -1.89826613797 3.1320
6di12he6ah13li -4.83763982236 -1.49499342919 2.9917
6di13dd-12il-4he -5.33397546394 -2.06479980718 2.8916
6di13fh-12eh6aa- -5.08852878154 -1.55540270135 3.1733
6di6hi6dl-6hd -5.89017615001 -2.1107870459 3.2745
6dl12ae13ea-6hh- -4.92172299849 -1.63023400696 2.9146
6dl4da-4ah-13fl -4.94866226851 -1.69635766974 2.9197
6dl6aa-13ai6ii -5.19492529242 -1.68737791307 3.1929
6ea13ae13de4fl- -5.42975953512 -1.46342822391 3.4929
6ea13eh13aa-4ea- -4.60607094573 -1.2348525995 2.9564
6ed12id12ai-6fh- -5.34458790365 -2.32738966142 2.6487
6ed13ie-13dd-6ie- -5.99276306716 -2.45011300262 3.0525
6ee4fe-12dd13dh- -5.73860874192 -2.25854486025 3.0795
6ee4ih13fa-4ld- -4.89233470392 -1.60002937088 2.8693
6ef13al4fi-6fe- -5.07329040658 -1.22859398121 3.3947
6ef6dl13hl13de- -5.26186529672 -1.86071442824 3.0674
6ef6ef-12ai-12ea- -5.63656605245 -1.57064107631 3.5940
6ef6eh-4fd13id- -5.88935980849 -1.83812897964 3.5380
6eh12hh-13eh-6el -4.66321485183 -1.11757153507 3.1029
6eh6dh-4ia-6ae -5.85017541574 -1.45934651633 3.8188
6eh6ei4fd-13le- -5.622144019 -1.45825806098 3.7067
6ei4fe-12hh-6hl- -4.63137753272 -1.15593958631 3.0577
6el12ih-4aa-12hi- -4.48361971836 -0.969541606878 3.1188
6el13ah-6hd12il- -4.87029348299 -1.40655643165 3.0635
6el6fi4dh12if -5.32962164252 -1.54805562771 3.3833
6fa4ef6fl-4fe- -5.40091546823 -1.52410960991 3.4503
6fa6he-13ih-6ea- -4.73886249896 -1.42206692044 2.9225
6fd12di13hi12ie -5.01995609421 -1.8843883322 2.7390
6fd13df4ai-4di- -5.69207727552 -1.85227889925 3.4543
6fd4fe-6ii13lh -4.76743445201 -1.46179554088 2.9964
6fe13de-12ad-4fh- -5.55139442097 -1.82806076761 3.3161
6fh13ah6de-13dh -4.98675820591 -1.92683809102 2.6301
6fh13dl-6fe12ae -5.40173180975 -1.70615376793 3.2897
6fh4ei4id-12le -5.32989375636 -1.39022960133 3.6054
6fi4da4al-12ei -5.68826768178 -1.54098066791 3.7391
6fi6al-12ll-4ff- -4.81913608134 -1.25444479588 3.1914
6fl12ii4el-12il -5.02050032189 -1.08382941908 3.4885
6fl13di12lh13ld- -4.79546217738 -1.58125351602 2.8648
6fl4hl12ha12dh -4.8104284385 -1.27186008155 3.1526
6ha12if-12id-13ei- -5.13859772784 -1.26070341416 3.4541
6ha13eh-6fd-13fe13li -4.76580176898 -1.45472058107 2.9476
6he13da-12hh12fl -4.55164817801 -1.0726727517 3.1101
6he13de13ll12de- -5.29941700644 -1.6579896185 3.2406
6he4fh-13ii-6ha- -4.81478225992 -0.970357948394 3.3651
6he6al-12he-6hf -4.58947200157 -1.38342675537 2.8390
6hf12al-12ad-4eh -5.04417422585 -1.39730456113 3.2665
6hf12ei13ea-13ef- -4.85614356339 -1.22043056605 3.2188
6hf4dl-12li4fi -5.15220341977 -1.39539976426 3.3775
6hh13fl-12aa6ai -4.46729288805 -1.07131218251 3.0853
6hi12ed-13fe-4ia- -5.17179561614 -1.22941032273 3.5173
6hi12ei-12fe13hd -4.86294640935 -1.1121292583 3.3508
6hi13ed6ha12dl -5.54323100581 -1.94425337669 3.2149
6hi13hl-12al6ii -4.4648438635 -0.875118104889 3.2458
6hi6ae-12eh12la- -5.10458349801 -1.35022886706 3.3101
6hi6ai-12fa6fa -5.276559444 -1.3039695145 3.5494
6hi6hd-4hf-4hi -4.86022527097 -1.39485553659 3.0213
6hl12aa4le4ai- -4.76362485827 -1.08382941908 3.3363
6ia12ha4fd-6fi -5.28036903774 -1.5994851432 3.3524
6id13el-13ah-4dd -5.28744399754 -2.20248940951 2.6115
6id6df-4if-4fd -6.21725698399 -2.01935679614 3.7537
6if12ff-12de12dl -5.60146336727 -2.09799769549 3.1363
6if13aa-12ia-13il- -4.57069614671 -0.980426160421 3.2164
6if13di-12ii-6fi -5.46785547253 -1.46397245159 3.5735
6if4ai-6aa-4eh- -5.37914636115 -1.23702951021 3.6923
6ih6dl12dh-6hh -4.78403339616 -2.02452695907 2.3717
6ii6hf6fe6ha- -5.15138707825 -1.77663125212 2.9581
6il13ad4de12di -5.72772418837 -2.2144624184 3.0463
6il13ie-6id4he -5.23955196195 -1.57744392228 3.1014
6la12fh12fi-4de- -4.88988567937 -1.94833508427 2.5629
6la12ha13ff13ef- -4.41912873862 -0.897159325814 3.2059
6ld12ae12ee-13fh -4.87328673522 -1.81554353104 2.6912
6ld12fd13dh-6df -5.92038078609 -2.35378470376 3.1618
6ld13ia6ad-13he -5.28907668057 -1.75540637271 2.9750
6le6fd-12ha-6ff- -5.28662765603 -2.05146622909 2.8833
6lf12ee-12hd-4ed -5.35737725406 -2.27514380441 2.6954
6lf4ae-13aa4fi -4.88934145169 -1.31131658814 3.1984
6lf4ia12el4ii -5.34730904203 -1.36737203889 3.5663
6lh13dd-6fa6hd -5.81344004753 -2.24738819287 3.1351
6li12ai-13fi12ed- -4.90947787575 -1.36002496525 3.1870
6ll12eh13ai4fh- -4.26565653366 -1.06151608432 2.8538
6ll13al-12if13de -4.64335054161 -1.27104374003 3.0339
6ll13id6ei13ea- -5.22050399325 -1.59104961421 3.2145
