12ad12il4aa-4ia- -6.70651766576 -0.272385952423 4.0441
12ad13ei-4da-13hh -6.39004927149 -0.382864170889 3.7724
12ad13fi13ih-6ei -6.13154112483 -0.109933990788 3.7215
12ad4if-4if-12ee- -6.79304986643 -0.227215055218 4.3250
12ad6el-13ll12ai- -6.02568884162 -0.616337844395 3.4520
12ad6id-13li6hh- -6.38515122239 -0.778517692191 3.5129
12ae13ld-6ae-12dh -6.84910531718 -0.920833229771 3.8139
12ae4ad-12eh12fi -6.2575298321 -0.768993707841 3.4640
12ae4ee6eh-6fa- -6.95223646201 -0.671849067466 3.9700
12ae6fi12da-12da -7.16747850833 -0.940697539988 3.8626
12af12ad-13ld-12ad- -6.98951605789 -0.897159325814 3.8183
12af12id-13fe4fd- -6.48937082257 -0.40381693646 3.8598
12af6ea13da4ff -6.58678757679 -0.58450052528 3.7704
12ah12he-6ah13aa -5.86378110767 -0.158914481734 3.5451
12ah12hl12if-12fi- -5.60119125343 0.638923292997 3.9084
12ai4af-6dh-6ah- -6.95931142181 -0.28463107516 4.3593
12al13fa-13da-4de -6.26351633655 -0.946956158275 3.6523
12al6lh-6ef13ea- -6.0847375446 -0.124356024233 3.6632
12da12al4lh-4ed -6.53780708584 -0.63266467471 3.7803
12da4he-4ah4af -6.81209783513 -0.0971446403748 4.2714
12de12hh-13aa13id -6.33970821135 -0.215786273998 3.7684
12de13hf6lf4lf- -6.15793616718 -0.272385952423 3.6350
12de6hh4dl-4ed -6.65726506098 -0.846274037999 3.4646
12df4ii-12id-4da -7.50979771727 -0.753211105203 4.4103
12dh12dl12if-4hi -6.27848259767 -0.362183519157 3.6960
12di13af-13ei-13fd- -6.21888966702 0.0217691070868 3.9382
12di13fa13lh13eh- -5.79384785115 0.497151983095 4.0106
12di6ia-12df-6hf -6.72420506527 -1.0239643746 3.5942
12dl12ai-6fa-12lf -6.3731782135 -0.226126599864 3.8343
12dl12dl-4af-13hh -5.94323834853 -0.522458570083 3.5657
12dl12hf-13hi-13fl- -5.53125799692 0.439735963153 3.7554
12dl6le-12ee13ad- -6.83958133283 -0.749129397624 3.8199
12ea12hi13al-12la -5.67058028227 0.52300279776 3.8898
12ea12lf4ea-4af -6.36501479834 -0.282998392128 3.8323
12ea4ai-4ea-4ad -7.03387061358 -0.294427173349 4.6791
12ed4ha-6ai-4ii -7.08393955988 -0.290073351932 4.1395
12ed4hh13ll4hf -5.98677656271 -0.212520907935 3.6492
12ee13dh12il6if -6.3146737382 -0.299869450121 3.7428
12ee4hf-4fa13he- -6.13807185696 0.193745053072 3.8759
12ee4ih4ef-6fl- -6.85291491092 -0.168438466084 4.2018
12ee6eh13ih12lf -5.70922044735 -0.169799035277 3.5391
12ef13al-4if6ff -6.36392634299 0.213609363289 4.2408
12ef6hh-13ea-13ha- -5.81861021046 -0.0413613034649 3.4801
12ef6la4if-12fe- -6.46814594316 -0.151023180415 4.0329
12eh12fh-4hf12ll -5.6616005256 0.341774981263 3.7107
12eh13le13fh12hf- -5.33451969162 0.687087442427 3.7518
12eh6fh13hf-13hf- -5.31383903989 0.255514894431 3.3984
12ei6ef13ea-4ee -6.58161741385 -0.43266100335 3.8066
12el12ii13df-13ae- -6.49617366854 0.124083910395 4.1718
12el6if4lf-12fd -5.31383903989 0.255242780593 3.3984
12fa12ae4ah-4dh- -6.38052528714 -0.17115960447 3.9187
12fa12ld12ee4fh- -6.44637683608 -0.444634012248 3.7362
12fa13fi-12ed-13di- -6.32746308861 -0.48082515278 3.7148
12fa13id13he-13fi- -5.8308553332 0.474566534492 3.9177
12fd12eh-6ai4aa -6.67304766362 -0.699604679002 3.6933
12fd12hh13aa-6ih- -6.11684697755 -0.131158870198 3.6463
12fd4ll-12le6ef -5.94106143782 0.19428928075 3.9275
12fe13di6id12ae -7.0227139462 -0.925731278866 3.9536
12fe4hh6il13df -6.32202081184 -0.173336515179 3.7870
12ff6dh6lf-4hd- -7.03087736136 -0.556200686068 4.0400
12fh12fe4id-4de -6.63277481551 -0.95185420737 3.9297
12fh12he4ha-12he -5.79058248509 0.284358961321 3.7828
12fh4ef13if6da- -6.21916178086 -0.443545556893 3.6121
12fh6fh4ef-12ie -6.40229439423 -0.0391843927562 3.8662
12fi12ii-12ae-12ai- -6.15711982566 0.189119117817 4.0118
12fl13ea4af-13le- -6.07303664954 0.31537993892 4.0884
12fl6aa-4ef13il- -6.24011454643 -0.34612880268 3.8751
12hd13id-12id-12ed -7.17183232974 -1.13607527609 3.8194
12hd4hl-4de-12af -6.45154699901 -0.672393295143 3.5208
12hd6ae13he13hi -5.71956077322 -0.584772639119 3.1924
12he12ie13dl-6ld- -6.52719464614 -0.558921824453 3.7026
12he4hd-13dd-12ld -7.11359996829 -0.968725265362 3.8815
12hf4hh-6dd13hh -6.34678317115 -1.06967949948 3.1783
12hh12aa4li6he -5.93208168115 0.302046360829 3.9639
12hh12ed13hh-12ef -5.81643329975 -0.11347147069 3.4579
12hh13ae13al-6ll- -5.49261783184 0.438919621637 3.7241
12hh4ef-13fa-13il- -5.57234718654 0.491981820162 3.8593
12hh4lh13ed13ll- -6.05807038842 0.0840831761227 3.8639
12hh6aa4ia-4ll- -6.63168636015 -0.682189393332 3.6868
12hi12df-4di-13ld- -6.94135190846 -0.810082897467 3.8890
12hl13ed-4ff-6da- -6.69563311222 -0.675386547368 4.1667
12hl13hi-4hi4ll -6.29753056637 0.273474407778 4.2165
12hl4ed12hi-13aa- -5.99766111625 -0.578241906993 3.3095
12ia12hf4hd4lf -5.4564266913 0.960017622528 4.1808
12ia13di-6el4li- -6.08364908924 -0.169526921438 3.8210
12ia13di12id-4hi- -6.61753644055 -0.0979609818906 4.0027
12ia13fl6le12ih -5.91956444458 0.0448987833665 3.7816
12id12ai4da4ae -7.00774768508 -0.704230614258 3.9558
12id13ei6de4df -6.97318922758 -1.27839081367 3.6187
12ie6fd6eh-6ah- -6.83686019445 -0.797021433215 3.8901
12if4ia-4hd4eh -6.76475002722 0.00952398435047 4.4122
12if6el-12il4fl -6.18596389255 0.0331978883074 3.8877
12ih13ai-12hh-12ih- -5.48608709971 0.949677296661 4.0648
12ih13la-12fa-13ha -4.98975145813 0.819334767979 3.6317
12ih6ia-12ia-4he -6.15548714263 0.0767361024809 3.8992
12il13dd-4dd-12fi- -7.09237508888 -1.27104374003 3.7237
12il13il-6fh13el -5.94487103156 0.0204085378939 3.6145
12la12ad-4ea-12ld -6.83713230828 -0.638651179159 3.9620
12la6df13fd4hi- -6.71658587779 -0.554840116875 3.8697
12le13ia12eh-4il- -5.8809242795 0.187486434785 3.7314
12le4he13hf-13ai- -5.7617384182 0.222589119962 3.7646
12lf12id4ea-6id -7.12611720486 -0.761918748038 4.1642
12lf13dh13lh12ae- -6.61590375751 0.298780994766 4.6147
12lf6eh-12hi-13id- -6.32855154397 -0.137961716163 3.8233
12ll4df-13dl6el -6.69672156757 -0.607902315399 3.8145
12ll6ea13ii-13dh- -6.09480575662 -0.148574155867 3.7925
13aa6af13hi-12ea- -6.06841071428 0.147485700513 3.8450
13ad12hh12ih12ea -6.03875030588 0.151295294253 3.8135
13ae12il6ed13lh- -5.76010573517 0.199731557521 3.7345
13ah4lh12fd-4fe- -5.97725257836 -0.498784666126 3.4902
13ah6hf6hh6he- -6.0333080291 -0.198643102167 3.4555
13ai12hf-4fe6ai- -5.8534407818 -0.0225854486025 3.8386
13al12ea-13el6li -5.86949549828 0.136056919292 3.7423
13al13de-12af-6af- -6.3372591868 -0.337965387522 3.7934
13al13dl-6fa6ee -6.58188952769 -0.479192469748 4.0811
13al13hi-12hh-13li- -5.16608122553 1.19430763755 4.0039
13al4ei6eh13al -6.18324275416 0.234017901183 4.0108
13al6ah-4af-13la -5.67765524207 0.382864170889 3.8624
13al6ee-13ha12ee -5.73752028656 -0.400823684236 3.2176
13da12ai4ah-4ll- -6.2265088545 -0.796205091699 3.3614
13da12ha12fa-13ie- -5.94976908066 0.11156667382 3.7690
13da13da6he13dd -7.43278950095 -1.13879641448 3.9861
13da4ei12ad13lf- -6.69454465687 -0.508580764315 3.9813
13dd4ll4ee13ae- -6.36719170905 0.220956436931 4.1737
13dd6eh13el6ii- -6.65780928866 -0.825049158589 3.5907
13dd6ii6ee6if- -7.51578422172 -0.757837040459 4.5874
13de13dd13ha-4fi -6.5410724519 -0.129254073328 3.9412
13de13if-4de-4ef -6.91005881703 -0.942602336858 3.7750
13de13lf4dh-6af -6.73617807417 -0.379870918665 4.1149
13de4al-12il-12il -6.57100497415 -0.163812530828 4.1472
13df12da13aa13ff -6.30433341234 -0.291161807286 3.8847
13df13aa12dd-13li -6.86706483053 -0.697155654455 3.8138
13dh12ha6hi6ei -6.11657486371 -0.0634025243903 3.8215
13dh6ie-13al-4fd -6.25671349058 -0.353203762483 3.6544
13di13ae12il6hi- -6.32501406407 0.0146941472836 3.9134
13dl12da13hh13di- -6.35195333409 -0.276467660002 3.8067
13dl13eh12hd4af -6.20882145499 -0.522458570083 3.5726
13dl13fl-12ia-12hh -5.92228558296 0.599194672564 4.1029
13dl4ae6id-13il -6.83822076364 -0.293066604156 4.1825
13dl6ld13ah13ii -5.96582379714 -0.473205965299 3.4123
13ea13af4ef-4ff- -6.20963779651 0.167894238407 4.0332
13ea13lh-4al4dl -6.09099616288 0.353203762483 4.0199
13ea4ll4hh-6hh -6.77536246693 -0.63647426845 3.9302
13ed12fd4ll4fi- -6.01643697111 0.127893504135 3.9705
13ed6ll-6ed12fe- -6.96366524323 -0.997569332252 3.7169
13ee12ld-12ea6ld- -6.75604238439 -0.926275506543 3.6398
13ee13de-4la6hi -6.4733161061 -0.319733760337 3.7647
13ee4ad-4ea-12he- -6.73481750498 -0.492526047839 4.0591
13ee4eh12de-12fh- -6.61318261913 -0.536064262012 3.7034
13ef13le12ae4la- -6.26269999503 0.294427173349 4.1648
13ef4ed-6if-6di -7.08448378756 -1.0430123433 3.7041
13ef4fd13li-4id- -6.77100864551 -0.0304767499215 4.2991
13ef4hf4af-4ll -6.53807919968 -0.473750192976 3.8180
13ei4dd6ie13ie -6.86570426134 -1.33063667068 3.7908
13el13id6eh4df- -6.63848920612 -0.499328893803 3.9371
13el4dh13fa4al -6.09997591956 0.112655129174 3.8903
13el4ha-6ff-6ii -6.64093823066 0.00435382141736 4.1983
13el6ll6fi-12id -5.98024583058 0.583684183765 4.1943
13fa12ih-12id-13ih- -6.02840998001 0.291706034963 3.9854
13fa13fa4lf13hi- -5.58921824453 0.413068806972 3.8267
13fa13id6fl12dh -6.40066171119 -0.885186316917 3.4463
13fa4la-6fe-4aa- -6.56175310364 -0.182860499529 4.2326
13fa6af-13di4ff- -6.45916618649 -0.300957905475 3.8798
13fd13hf-6fe-6hd- -6.6651563623 -0.85960761609 3.6507
13fd13il-6ld4ef- -5.69153304784 0.0299325222443 3.5068
13fe13fd4eh-13il -6.56311367283 -0.0035374799016 4.1868
13ff4fd-12fi13de- -6.41100203706 -0.756476471266 3.5343
13fi13ad4dd12ii- -6.8499216587 -1.30641853905 3.6569
13fi13ee4hl-12ii- -6.19793690145 0.373340186538 4.1232
13fi13he13ie-12el- -5.8773867996 0.227759282896 3.9519
13fi13hf6ae-4el- -6.57671936476 -0.497424096933 3.8991
13fi6el13ef4al- -6.04500892416 -0.120274316655 3.6451
13ha12fl13af13dd- -6.191950397 -0.0519737431697 3.8639
13ha13fd6eh-12ad- -6.19984169832 -0.795116636345 3.4957
13hd12ff13dh-4if -6.26351633655 -0.210343997226 3.7408
13hd13da-12li-6ld -6.76828750712 -0.579874590024 4.0094
13hd6el-4df12ee -6.83169003151 -0.759197609652 3.8824
13he12eh6ll-4ei- -5.95249021904 -0.0783687855125 3.6056
13he12hl-4af-12da -5.99412363635 -0.328169289333 3.6169
13he12ii-4fl-12df- -6.04800217639 -0.422048563645 3.6960
13he4la4fh12fh -5.86840704292 0.00462593525594 3.9068
13he6ai12lh-6fe -6.38079740098 -0.330890427719 3.8104
13hf4de-6af6ha- -6.62678831106 -0.902601602586 3.6385
13hf6ff12de-4ia -6.84937743102 -0.632120447033 3.8567
13hf6fh6ef12fa- -6.2420193433 0.0419055311421 3.9610
13hh12el4de4hh- -5.93725184408 -0.466131005496 3.4837
13hi12ff-13le4lf -5.79711321721 0.436742710929 3.8780
13hi6aa-6ff-4al- -6.38923292997 -0.417422628389 3.6518
13hi6ef-12dh-12fe- -6.32991211316 -0.373884414216 3.7248
13hl12ia-13hl-13ae -5.48608709971 0.718652647703 3.8746
13hl6ff-6ld4ie -6.23766552188 -0.430211978803 3.8658
13hl6ii4ee12he- -6.26514901958 -0.19238448388 4.0214
13ia12hd6hi4ie- -5.85235232645 0.404905391814 3.9158
13id12ef6fe-12hh- -6.39875691432 -0.45388588276 3.6973
13ie6if-4dd4il -6.91767800451 -1.13417047922 3.9279
13if13df-6he13ei -6.18133795729 -0.375789211086 3.5927
13if6af-13ei-4el- -6.16528324082 -0.0242181316341 3.7732
13ih12ih12eh-13lh -5.24227310034 0.539057514237 3.5187
13ih4ff-12fe4id- -5.94677582843 -0.342047095101 3.6941
13ih4fl6ee4hh- -6.35902829389 -0.299869450121 3.7802
13ii4hh13il12ii- -5.68010426662 0.754299560557 3.9881
13ii6de6lh-13ea- -6.32583040558 -0.813620377369 3.5672
13il13dd-13ad-13le- -6.69182351848 -0.186670093269 4.1029
13il4de12ea13lf -6.18759657558 -0.711849801738 3.3863
13la12ff-6ai4li- -6.84393515425 -0.872669080342 3.9002
13la4ed-6ea-4df -5.83874663452 -0.255514894431 3.7144
13ld6hi-4eh13ll- -6.37862049027 -0.0198643102167 4.1743
13le12ae4ai4lf- -5.82650151178 0.105035941694 3.8489
13le6fe6dd6lf- -7.17346501278 -1.16383088763 3.9507
13lf6dd-6ah-6il -6.96393735707 -1.30315317298 3.5168
13lf6hi6hh-4hh- -6.18460332336 -0.0446266695279 3.8677
13lf6lf6ea-13ah- -6.03004266304 -0.118913747462 3.7696
13lh12al-4ff-13fe- -5.54187043662 0.556744913745 3.7814
13lh12fe4ha6ld- -5.72119345625 -0.290073351932 3.5775
13lh13ia-6la6ll -5.62296036052 0.0813620377369 3.7379
13lh4hh-12hi4df- -5.78241906993 0.345856688841 3.6925
13lh6dl-13if-12ia -5.92146924145 -0.143676106773 3.6184
13lh6ee12ll12fe- -5.72609150534 0.00870764283472 3.6910
13li13dh-12lh13di -6.18378698184 0.315924166597 4.2367
13li4fl-6if-12ll- -6.08773079682 -0.330890427719 3.6178
13li6dl-12da-4ae -6.80012482624 -0.849267290224 3.7385
13ll12fd13li-12di- -6.15902462253 -0.555112230713 3.4658
13ll12fi-13ae-13ld -5.77452776861 0.358373925416 3.8679
13ll6de4lf-6li- -6.61318261913 -0.674570205852 3.7619
4aa12dl13il-12id- -6.48637757035 -0.533887351304 3.8099
4aa12fa6ii6ei- -6.46760171549 -0.155104887993 4.0566
4aa12ha4dh-4ee -6.33698707297 -0.45198108589 3.7935
4aa12if6ad-13he- -6.2490943031 -0.407354416362 3.5973
4aa4aa-12al-4il -6.26569324726 0.0957840711819 4.0732
4ae6hf13fe-12ei- -5.92364615215 0.0579602476186 3.6545
4af12ea-12ah-6fl -6.23440015582 -0.114287812206 3.7655
4af13al-6if-6hl- -5.93208168115 0.0835389484456 3.7161
4ah12ee4ii-13hd- -6.51386106805 -0.0710217118707 4.0456
4ah12ha6ih-12ah -5.96364688643 0.05768813378 3.7690
4ai12ll6hi-6al- -6.28392487444 -0.0386401650791 3.8492
4ai13ah13eh-13id -5.82133134885 0.524091253115 3.9772
4ai13eh-4il-12ff -6.03902241971 0.582051500733 4.2291
4ai6fi-13ei13ie- -6.30487764001 0.108573421595 4.1310
4da4dd4de-4fd- -8.2145725592 -1.61553985968 4.4700
4da4ih-12di-13ad- -6.98380166728 -0.678379799592 3.8807
4dd13da-6ha12ea -6.9331884933 -1.44846196279 3.5481
4de4df-13ee-4fi- -6.59086928437 -0.875390218728 3.9059
4df13le-4he6ia- -6.5889644875 -0.0206806517325 4.2458
4dh4ai12fa6le -6.59413465043 -0.192656597718 4.0539
4di6ae-13hh13li -5.71221369957 -0.0827226069298 3.4710
4dl12aa6li-6de -7.15087956417 -1.01444039024 4.0934
4ea13dd-6aa-13fh- -6.59930481336 -0.422864905161 3.9752
4ea13ff12ih-12lh- -5.66921971308 0.364904657542 3.8080
4ea13li6fl13lf- -6.01289949121 -0.0315652052758 3.7190
4ea4ed-13ai-13de -6.79168929724 -1.05090364461 3.6398
4ea4ih-12ee-12al -6.25018275846 -0.0808178100597 3.7940
4ea6di-13he-6ef -6.67440823281 -0.502594259866 3.8647
4ed12ee-6ih-6il -6.822438161 -0.964099330106 3.8164
4ed13dl-13li-4ll -6.07330876338 -0.979609818906 3.2554
4ed13ie-13ai-13ai -5.91167314326 -0.829675093845 3.3241
4ee13ih13ad12fh- -5.97752469219 -0.312930914373 3.7070
4ee4af6li-12le- -6.78107685754 -0.195377736104 4.4596
4ef13li4la-12ih -5.85507346483 0.244358227049 3.8663
4eh4fi-13he13ii -5.97017761855 0.490893364807 4.1010
4eh4la-13da13hd- -6.68311587565 -0.173880742856 4.2379
4eh6ei-4ee4ea -6.57399822637 -0.347489371873 4.3463
4eh6lf-6al6df -6.70189173051 -0.651984757249 4.0436
4ei12ef-13la-13ee- -5.97997371674 -0.226398713703 3.6801
4ei12fh13ee12hi -5.95167387753 0.0998657787607 3.7931
4ei4ad-6af-6ff- -7.04829264703 -0.829402980007 3.9124
4ei4ih12hh-12ie- -5.98432753816 0.589670688214 4.0425
4ei6if6ee-4fe- -7.20965615331 -0.493070275516 4.4604
4el12lh6ff-4ld -6.21399161793 -0.329257744688 3.6172
4el13af-4ae6dd- -6.45073065749 -1.31567040956 3.6678
4fa13ee-13de-12hh- -6.25235966917 0.121634885847 4.0906
4fd12ei6ff6ii- -6.85645239082 -0.835933712133 3.7822
4fd12id-13lh-4lf- -5.9620142034 -0.709672891029 3.2549
4fd4ih12ei-13il- -6.18378698184 0.075375533288 3.8955
4fd6ee-6hl4il -6.35358601712 -0.734979478018 3.4545
4fd6hl12il6lh- -6.05834250225 0.00707495980321 3.7807
4fe12ll13if-6aa -5.97289875694 -0.0968725265362 3.6020
4fe4ia13ef-4hd- -6.55032432242 -0.064218865906 4.1314
4fi13da6ea-4eh -6.80475076149 -0.491709706323 4.0582
4fi6aa-12df6li -6.98869971638 -0.562731418194 4.0421
4fl12ia-6ld-4eh- -6.58542700759 -0.141499196064 4.1897
4fl13el-12ha-13fa- -5.36635701073 0.376605552602 3.6299
4fl13hh-6fa-4df- -6.1503169797 -0.36735368209 3.6764
4fl6hi-6dh-6ia -6.84801686183 -0.142587651418 4.2560
4ha12hl6hl12df -6.0833769754 -0.315652052758 3.4300
4ha6ld6ia12fl- -6.74842319691 -0.348849941066 4.1577
4hd13ai-12li-6lf -5.81289581985 0.0952398435047 3.6353
4he12al12de-4ah- -6.28174796373 -0.314019369727 3.6440
4he12ff6he4fi- -6.1503169797 0.0130614642521 3.7686
4he13li-13ii-12li- -5.77044606103 0.550758409296 4.0658
4he4da13li12el- -6.38651179159 -0.304223271538 3.8903
4he4ih-4ad-6hl- -6.62624408338 -0.266943675652 3.9790
4hf4ei4ha-6ie -6.44882586062 0.368170023605 4.3662
4hh12fh13dd-6if -6.24310779865 -0.518648976343 3.5433
4hh12il-13ai13hl -5.63792662164 0.6615087416 3.9285
4hh6ee-4he6ld -6.24256357098 -0.508308650477 3.6337
4hh6hl12fa6ia -6.17371876981 0.167894238407 3.9301
4hi12ah-4hi-6di -6.13426226322 -0.200547899037 4.0168
4hi13hf-6da12li -6.18950137245 -0.200547899037 3.6896
4hl6id12fi-6da- -6.68583701403 -0.633208902387 3.9653
4ia13di-4ha13dl -6.78597490663 -0.0571439061028 4.2854
4ia13ee-6fd-12hh -6.50596976673 -0.352931648645 3.7994
4ia13hf-12ha6la -5.53506759066 0.22884773825 3.6525
4ia13li-4di-12if- -6.3541302448 -0.186670093269 3.8815
4ia6ad-13af-6ah- -6.51984757249 -0.564908328902 3.7399
4id13fl-13de-13ae -6.30651032304 -0.741238096305 3.5368
4ie12df-4ii-4dh- -6.86216678143 -0.339870184393 4.0776
4ie12ef-6ih4la -6.40610398797 -0.0987773234063 3.9512
4ie13fh6ae-13hl -5.93180956731 -0.142587651418 3.5793
4ie6fd-6hd-13fh- -6.3802531733 -0.669944270596 3.5731
4if12fh13fa12fl -5.3026823725 0.660964513923 3.7117
4ih12ef-6ee12if -6.33562650377 -0.682189393332 3.6015
4ih12hd-12lh-4if -6.14868429666 -0.288984896577 3.5629
4ih4fa4al-6eh- -6.44501626688 0.275651318487 4.4577
4ih4ih12ef-6ie -6.41889333838 -0.128437731812 3.8910
4ii4de6dh-13ea- -6.95441337271 -0.737700616404 3.9736
4ii4fl12da-6ei- -7.06489159118 -0.377966121794 4.1937
4ii4ha-12hf-13ff- -5.60200759495 0.751578422172 4.0234
4ii4il12ha12eh -6.02323981708 0.17877879195 3.8280
4il12di6he-6hd -6.8379486498 -0.633753130064 3.7844
4il12ih-12ah13la- -5.4909851488 0.560826621324 3.8855
4la13af-4ed13fi -6.10596242401 -0.633208902387 3.2800
4la6ie-6ld-12af- -6.9916929686 -0.456879134984 4.1911
4ld12ee12da6al- -6.93509329018 -0.84600192416 3.7708
4ld13fd-12fl13eh -6.01317160505 -0.379326690987 3.4276
4ld13if13al-13al- -5.35356766032 -0.12299545504 3.4498
4le13fl-13dd13fd- -6.71821856082 -0.315652052758 3.9869
4le13ie12ha6lh -5.64554580912 0.200275785198 3.6093
4le6le-13di-13al- -6.36283788763 -0.288984896577 3.9368
4lh12ee-6hd-13ai -6.33208902387 -0.577969793154 3.5441
4li12ll12fl13ia -5.79711321721 0.456607021145 3.9287
4li4dd-13hi-12ed- -6.81754011191 -1.14369446357 3.4420
4li6dd-4hi-6le- -7.04121768722 -1.13008877164 3.6681
6aa12le-4ef12af- -6.59141351204 -0.254154325238 4.0469
6aa4dd13aa12hf -6.16882072072 -1.09933990788 3.1913
6aa6fh-13ah12fe- -5.47139295243 -0.343679778133 3.1975
6ad12af6fa4ha -6.61644798519 -0.932806238669 3.5980
6ad12fl-13ai-6hl -5.97561989532 -0.675114433529 3.3752
6af13hi-12ah12fd -5.89262517456 0.147757814352 3.7518
6af4dd13la-12ha- -6.09317307359 -0.918384205224 3.1676
6ah6ed12ha13fh- -5.94378257621 -0.592663940438 3.2496
6ai4ad6hd-6fh -6.52828310149 -0.875390218728 3.5480
6ai6dh-13di6fi- -7.14734208427 -0.653345326442 3.9650
6al12ie-12hf4aa -5.92228558296 0.173336515179 3.7623
6al13ff-6af-12hl -5.86840704292 0.121362772009 3.7392
6dd6di-13af12fh- -6.01371583273 -1.5232932684 3.1458
6df12de13hf6af- -6.52610619078 -0.896887211976 3.5541
6df13dh6ha4fi -6.52365716623 -0.651440529572 3.6587
6df6hd6fl4fh- -6.31385739669 -1.21335560625 3.3815
6dh12fi-12ea6fe- -6.79822002937 -0.503682715221 3.8825
6dh13ia-13fl13ae -5.85534557867 0.00870764283472 3.7831
6dh4ia13lh-13fe- -5.80037858328 0.137689602324 3.9435
6dh4ii-6ll6ad -7.31033827358 -0.619875324296 4.1710
6dh6af12di6dd- -7.67306602042 -1.75649482807 4.0597
6dh6al-12ef12dh -6.71195994254 -0.74994573914 3.7598
6di12he6ah13li -6.10079226107 -0.362999860672 3.5601
6di13dd-12il-4he -6.5995769272 -0.852532656287 3.8451
6di13fh-12eh6aa- -6.31358528285 -0.403544822621 3.6167
6di6hi6dl-6hd -7.17509769581 -0.937432173925 3.8510
6dl12ae13ea-6hh- -6.13779974312 -0.470484826913 3.5839
6dl4da-4ah-13fl -6.26052308432 -0.527356619178 4.0288
6dl6aa-13ai6ii -6.43304325799 -0.536880603528 3.8260
6ea13ae13de4fl- -6.68910238009 -0.245446682404 4.1217
6ea13eh13aa-4ea- -5.81643329975 -0.0789130131896 3.5900
6ed12id12ai-6fh- -6.6447478244 -1.16247031843 3.6357
6ed13ie-13dd-6ie- -7.2575481889 -1.27703024448 3.9431
6ee4fe-12dd13dh- -7.06489159118 -1.13634738993 3.7557
6ee4ih13fa-4ld- -6.122833482 -0.407082302523 3.8485
6ef13al4fi-6fe- -6.33943609751 -0.0405449619492 3.9181
6ef6dl13hl13de- -6.51005147431 -0.747496714593 3.5399
6ef6ef-12ai-12ea- -6.94053556695 -0.378238235633 4.1376
6ef6eh-4fd13id- -7.19305720915 -0.673209636659 4.1140
6eh12hh-13eh-6el -5.88772712546 0.0331978883074 3.5997
6eh6dh-4ia-6ae -7.20584655957 -0.239732291793 4.4098
6eh6ei4fd-13le- -6.9225760536 -0.296876197896 4.2624
6ei4fe-12hh-6hl- -5.91112891558 -0.00734707364179 3.6326
6el12ih-4aa-12hi- -5.75030963698 0.211704566419 3.7794
6el13ah-6hd12il- -6.10514608249 -0.257963918978 3.5577
6el6fi4dh12if -6.65971408553 -0.397286204334 3.9213
6fa4ef6fl-4fe- -6.71794644698 -0.371435389668 4.1951
6fa6he-13ih-6ea- -5.97181030158 -0.275107090809 3.5190
6fd12di13hi12ie -6.29045560657 -0.72872085973 3.5922
6fd13df4ai-4di- -6.9726449999 -0.700693134356 3.9394
6fd4fe-6ii13lh -6.13399014938 -0.261773512719 4.2701
6fe13de-12ad-4fh- -6.81699588423 -0.656338578667 3.8959
6fh13ah6de-13dh -6.24637316472 -0.847906721031 3.2897
6fh13dl-6fe12ae -6.66814961452 -0.556744913745 3.7540
6fh4ei4id-12le -6.72121181305 -0.197554646813 4.2266
6fi4da4al-12ei -7.00747557124 -0.377966121794 4.3739
6fi6al-12ll-4ff- -6.11113258694 -0.11156667382 3.8587
6fl12ii4el-12il -6.31657853507 0.0772803301581 3.9928
6fl13di12lh13ld- -6.04201567194 -0.449259947504 3.5909
6fl4hl12ha12dh -6.10133648875 -0.1346963501 3.6661
6ha12if-12id-13ei- -6.43195480263 -0.0938792743118 3.9388
6ha13eh-6fd-13fe13li -5.99738900241 -0.349666282582 3.4775
6he13da-12hh12fl -5.80364394934 0.0810899238983 3.6972
6he13de13ll12de- -6.53127635372 -0.490893364807 3.7875
6he4fh-13ii-6ha- -6.12364982351 0.228031396734 4.1309
6he6al-12he-6hf -5.84037931755 -0.270753269392 3.4135
6hf12al-12ad-4eh -6.3146737382 -0.239460177955 3.7573
6hf12ei13ea-13ef- -6.12745941726 -0.0517016293311 3.8399
6hf4dl-12li4fi -6.41209049241 -0.264222537266 3.9177
6hh13fl-12aa6ai -5.66949182692 0.0791851270282 3.5319
6hi12ed-13fe-4ia- -6.42841732273 -0.0326536606302 4.0224
6hi12ei-12fe13hd -6.12501039271 0.0745591917723 3.8295
6hi13ed6ha12dl -6.80665555836 -0.8152530604 3.7739
6hi13hl-12al6ii -5.69860800765 0.276739773841 3.6906
6hi6ae-12eh12la- -6.47821415519 -0.196738305297 4.0955
6hi6ai-12fa6fa -6.56964440496 -0.131158870198 4.0410
6hi6hd-4hf-4hi -6.21861755318 -0.211704566419 3.8324
6hl12aa4le4ai- -6.00908989747 0.0644909797446 3.7717
6ia12ha4fd-6fi -6.55032432242 -0.45579067963 3.8552
6id13el-13ah-4dd -6.49807846541 -1.04246811562 3.3878
6id6df-4if-4fd -7.55279170376 -0.822328020204 4.5397
6if12ff-12de12dl -6.86924174124 -0.965732013138 3.6482
6if13aa-12ia-13il- -5.83194378855 0.189935459332 3.8333
6if13di-12ii-6fi -6.7427088063 -0.267760017168 4.1410
6if4ai-6aa-4eh- -6.71468108092 -0.0582323614572 4.3851
6ih6dl12dh-6hh -6.05997518529 -0.924370709673 3.2328
6ii6hf6fe6ha- -6.44202301466 -0.645454025123 3.5535
6il13ad4de12di -6.99386987931 -1.09689088334 3.7867
6il13ie-6id4he -6.50923513279 -0.39619774898 3.8236
6la12fh12fi-4de- -6.14160933686 -0.819606881818 3.5318
6la12ha13ff13ef- -5.67411776217 0.228575624411 3.6423
6ld12ae12ee-13fh -6.11058835926 -0.685454759395 3.4797
6ld12fd13dh-6df -7.17727460652 -1.22696129818 3.6193
6ld13ia6ad-13he -6.56447424202 -0.604092721659 3.6397
6le6fd-12ha-6ff- -6.55331757464 -0.956480142626 3.4456
6lf12ee-12hd-4ed -6.59277408124 -1.1502251957 3.4647
6lf4ae-13aa4fi -6.11385372533 -0.183948954883 3.7117
6lf4ia12el4ii -6.63032579096 -0.217963184707 4.0626
6lh13dd-6fa6hd -7.08094630766 -1.09471397263 3.6756
6li12ai-13fi12ed- -6.11739120523 -0.187758548624 3.6592
6ll12eh13ai4fh- -5.49860433629 0.0778245578353 3.4944
6ll13al-12if13de -5.85616192019 -0.135240577777 3.4999
6ll13id6ei13ea- -6.46352000791 -0.467491574689 3.7180
