12ad12il4aa-4ia- -8.24831467519 0.577153451639 4.4867
12ad13ei-4da-13hh -7.9797383165 0.394565065948 4.2872
12ad13fi13ih-6ei -7.6616372392 0.716475736994 4.2154
12ad4if-4if-12ee- -8.41620891359 0.546948815556 4.3771
12ad6el-13ll12ai- -7.5269408891 0.117553178269 3.9495
12ad6id-13li6hh- -7.9487173389 -0.0653073212604 3.9585
12ae13ld-6ae-12dh -8.42927037784 -0.166805783053 4.2753
12ae4ad-12eh12fi -7.84749099095 -0.0631304105517 4.0358
12ae4ee6eh-6fa- -8.57512339533 -0.00380959374019 4.2919
12ae6fi12da-12da -8.75880023637 -0.137689602324 4.3334
12af12ad-13ld-12ad- -8.58546372119 0.0198643102167 4.3367
12af12id-13fe4fd- -8.09293767335 0.418783197582 4.3426
12af6ea13da4ff -8.19443613515 0.130614642521 4.2486
12ah12he-6ah13aa -7.43795966388 0.554295889197 4.0163
12ah12hl12if-12fi- -7.21645899927 1.46914261452 4.3738
12ai4af-6dh-6ah- -8.57757241987 0.404361164137 4.6159
12al13fa-13da-4de -7.83007570528 -0.186125865592 4.3255
12al6lh-6ef13ea- -7.74027813855 0.582867842249 4.1449
12da12al4lh-4ed -8.13321052146 0.138778057678 4.2953
12da4he-4ah4af -8.44559720816 0.635385813096 4.4336
12de12hh-13aa13id -7.86599473197 0.634025243903 4.1616
12de13hf6lf4lf- -7.77619716524 0.506403853607 4.1325
12de6hh4dl-4ed -8.28913175097 -0.120818544332 3.9196
12df4ii-12id-4da -9.13921538271 0.0840831761227 4.9108
12dh12dl12if-4hi -7.86844375652 0.507220195122 4.1626
12di13af-13ei-13fd- -7.79551724778 0.972534859102 4.4619
12di13fa13lh13eh- -7.39333299435 1.43594472621 4.4223
12di6ia-12df-6hf -8.39960996944 -0.268848472522 4.1616
12dl12ai-6fa-12lf -7.99361612227 0.553479547682 4.2931
12dl12dl-4af-13hh -7.55524072831 0.299053108605 4.1203
12dl12hf-13hi-13fl- -7.13428062002 1.30587431137 4.2229
12dl6le-12ee13ad- -8.39280712347 0.0117008950592 4.2952
12ea12hi13al-12la -7.22815989433 1.42886976641 4.3830
12ea12lf4ea-4af -7.94926156658 0.420143766775 4.2991
12ea4ai-4ea-4ad -8.60832128363 0.49987312148 4.4041
12ed4ha-6ai-4ii -8.68532949995 0.502322146028 4.4103
12ed4hh13ll4hf -7.59932317016 0.541778652623 4.1298
12ee13dh12il6if -7.88749172522 0.562731418194 4.2856
12ee4hf-4fa13he- -7.78300001121 0.904506399456 4.3076
12ee4ih4ef-6fl- -8.5411091655 0.50966921967 4.3768
12ee6eh13ih12lf -7.29074607721 0.565996784257 4.0874
12ef13al-4if6ff -8.04069181635 0.929812986445 4.4287
12ef6hh-13ea-13ha- -7.43278950095 0.690080694651 3.9047
12ef6la4if-12fe- -8.13647588753 0.5268123915 4.4294
12eh12fh-4hf12ll -7.27414713305 1.02151535005 4.1232
12eh13le13fh12hf- -6.93046735492 1.53934798487 4.2614
12eh6fh13hf-13hf- -6.91686166299 0.920289002094 3.8020
12ei6ef13ea-4ee -8.12368653711 0.334427907621 4.2713
12el12ii13df-13ae- -8.10273377154 1.04736616471 4.4367
12el6if4lf-12fd -6.91686166299 0.920016888256 3.8020
12fa12ae4ah-4dh- -7.96885376296 0.564091987387 4.3793
12fa12ld12ee4fh- -8.07769929839 0.385585309275 4.2471
12fa13fi-12ed-13di- -7.90817237695 0.40953132707 4.2629
12fa13id13he-13fi- -7.40938771083 1.36356244515 4.3941
12fd12eh-6ai4aa -8.25783865954 0.103403258662 4.1729
12fd12hh13aa-6ih- -7.67442658961 0.66912792908 3.9884
12fd4ll-12le6ef -7.59279243803 0.839743305873 4.3899
12fe13di6id12ae -8.62301543092 -0.168710579923 4.3285
12fe4hh6il13df -8.02599766906 0.565996784257 4.2215
12ff6dh6lf-4hd- -8.74655511363 0.118913747462 4.4905
12fh12fe4id-4de -8.33974492495 -0.231840990474 4.3630
12fh12he4ha-12he -7.4042175479 1.01253559337 4.2095
12fh4ef13if6da- -7.7808231005 0.316196280436 4.1055
12fh6fh4ef-12ie -8.13184995227 0.619875324296 4.3082
12fi12ii-12ae-12ai- -7.71606000691 1.09933990788 4.3991
12fl13ea4af-13le- -7.6425892705 1.06831893028 4.4019
12fl6aa-4ef13il- -7.81973537941 0.311026117503 4.3674
12hd13id-12id-12ed -8.74818779667 -0.233473673506 4.2700
12hd4hl-4de-12af -8.05892344353 0.0304767499215 3.9967
12hd6ae13he13hi -7.23305794343 0.0775524439967 3.5807
12he12ie13dl-6ld- -8.08014832294 0.280005139904 4.2244
12he4hd-13dd-12ld -8.71063608694 -0.212520907935 4.2863
12hf4hh-6dd13hh -8.04123604402 -0.343679778133 3.8217
12hh12aa4li6he -7.52585243374 1.03838640804 4.4120
12hh12ed13hh-12ef -7.37591770868 0.699604679002 3.8942
12hh13ae13al-6ll- -7.04366671177 1.24573715304 4.2378
12hh4ef-13fa-13il- -7.17564192348 1.13144934084 4.2768
12hh4lh13ed13ll- -7.64667097807 0.766272569455 4.2886
12hh6aa4ia-4ll- -8.33566321737 -0.00054422767717 4.2046
12hi12df-4di-13ld- -8.56940900472 -0.105580169371 4.3690
12hl13ed-4ff-6da- -8.3111729719 0.115648381399 4.3329
12hl13hi-4hi4ll -7.92749245949 0.983419412646 4.5996
12hl4ed12hi-13aa- -7.52530820607 0.0748313056109 3.7891
12ia12hf4hd4lf -7.06217045279 1.7200315737 4.6425
12ia13di-6el4li- -7.68912073689 0.480553038941 4.2868
12ia13di12id-4hi- -8.17076223119 0.785320538156 4.4307
12ia13fl6le12ih -7.48911706553 0.765184114101 4.2546
12id12ai4da4ae -8.55144949137 0.0914302497645 4.4136
12id13ei6de4df -8.5079112772 -0.547220929394 4.1961
12ie6fd6eh-6ah- -8.47634607192 -0.093062932796 4.3219
12if4ia-4hd4eh -8.39525614802 0.698244109809 4.4367
12if6el-12il4fl -7.82055172093 0.742870779337 4.3376
12ih13ai-12hh-12ih- -7.09400777191 1.79323019627 4.5494
12ih13la-12fa-13ha -6.57780782011 1.66234343992 4.1357
12ih6ia-12ia-4he -7.7272166743 0.829402980007 4.3442
12il13dd-4dd-12fi- -8.67907088167 -0.56926215032 4.2296
12il13il-6fh13el -7.51714479091 0.758381268136 4.0449
12la12ad-4ea-12ld -8.43362419926 0.120818544332 4.3352
12la6df13fd4hi- -8.33130939595 0.157009684863 4.3426
12le13ia12eh-4il- -7.40993193851 1.03757006652 4.1998
12le4he13hf-13ai- -7.34299193421 0.925731278866 4.2221
12lf12id4ea-6id -8.8189373947 -0.0174152856694 4.3136
12lf13dh13lh12ae- -8.31770370402 1.09580242798 5.0707
12lf6eh-12hi-13id- -7.93375107778 0.534703692819 4.2414
12ll4df-13dl6el -8.27715874208 0.0775524439967 4.2775
12ll6ea13ii-13dh- -7.6496642303 0.561915076678 4.2573
13aa6af13hi-12ea- -7.61619422815 0.966004126976 4.3079
13ad12hh12ih12ea -7.61374520361 0.996752990737 4.2539
13ae12il6ed13lh- -7.35224380473 1.06423722271 4.2707
13ah4lh12fd-4fe- -7.57864251843 0.2538822114 4.0466
13ah6hf6hh6he- -7.67197756506 0.452797427405 3.8725
13ai12hf-4fe6ai- -7.45918454329 0.645726138962 4.3479
13al12ea-13el6li -7.37537348101 1.00654908893 4.2381
13al13de-12af-6af- -7.91443099524 0.456334907307 4.2934
13al13dl-6fa6ee -8.19008231373 0.258780260494 4.2378
13al13hi-12hh-13li- -6.76202888884 2.04547972464 4.4737
13al4ei6eh13al -7.80721814284 0.980154046583 4.3864
13al6ah-4af-13la -7.26788851476 1.06124397048 4.2963
13al6ee-13ha12ee -7.24720786303 0.293066604156 3.7610
13da12ai4ah-4ll- -7.77402025453 -0.131975211714 3.8605
13da12ha12fa-13ie- -7.51959381546 0.969269493039 4.2293
13da13da6he13dd -9.00533537413 -0.369802706637 4.3107
13da4ei12ad13lf- -8.29457402775 0.214969932482 4.3665
13dd4ll4ee13ae- -7.92939725636 1.0070933166 4.6182
13dd6eh13el6ii- -8.17348336957 -0.0628582967131 4.0407
13dd6ii6ee6if- -9.24778880431 -0.0212248794096 4.2933
13de13dd13ha-4fi -8.13021726924 0.725727607506 4.3577
13de13if-4de-4ef -8.50627859416 -0.233201559667 4.3086
13de13lf4dh-6af -8.3577044383 0.328169289333 4.3650
13de4al-12il-12il -8.16831320664 0.594568737308 4.3857
13df12da13aa13ff -7.92477132111 0.593752395792 4.4378
13df13aa12dd-13li -8.43362419926 0.174152856694 4.2728
13dh12ha6hi6ei -7.69456301367 0.706407524966 4.2590
13dh6ie-13al-4fd -7.83470164054 0.353203762483 4.1063
13di13ae12il6hi- -7.87089278107 0.866138348216 4.3581
13dl12da13hh13di- -7.92640400414 0.621235893489 4.3351
13dl13eh12hd4af -7.79551724778 0.25197741453 4.1686
13dl13fl-12ia-12hh -7.5495263377 1.45689749178 4.5677
13dl4ae6id-13il -8.40668492924 0.43837539396 4.4238
13dl6ld13ah13ii -7.53483219042 0.195105622265 3.8619
13ea13af4ef-4ff- -7.82109594861 0.828314524652 4.4736
13ea13lh-4al4dl -7.76123090412 1.02641339914 4.4532
13ea4ll4hh-6hh -8.32831614373 0.0533343123626 4.3553
13ed12fd4ll4fi- -7.60639812996 0.834845256779 4.4526
13ed6ll-6ed12fe- -8.58655217655 -0.32490392327 4.1966
13ee12ld-12ea6ld- -8.30464223977 -0.0802735823825 4.1725
13ee13de-4la6hi -8.04041970251 0.451436858212 4.1935
13ee4ad-4ea-12he- -8.3217854116 0.219051640061 4.3829
13ee4eh12de-12fh- -8.24749833367 0.20571806197 4.2026
13ef13le12ae4la- -7.92912514253 0.939064856957 4.4390
13ef4ed-6if-6di -8.71090820078 -0.330890427719 4.3224
13ef4fd13li-4id- -8.35552752759 0.728992973569 4.3640
13ef4hf4af-4ll -8.13184995227 0.219595867738 4.2623
13ei4dd6ie13ie -8.41239931985 -0.573888085576 4.3324
13el13id6eh4df- -8.2145725592 0.238643836439 4.4043
13el4dh13fa4al -7.70000529044 0.813892491207 4.3492
13el4ha-6ff-6ii -8.27334914834 0.715115167801 4.4453
13el6ll6fi-12id -7.53782544264 1.40546797629 4.4276
13fa12ih-12id-13ih- -7.64177292898 1.16138186308 4.4538
13fa13fa4lf13hi- -7.2025811935 1.10451007082 4.3064
13fa13id6fl12dh -8.03280051503 -0.187486434785 3.9469
13fa4la-6fe-4aa- -8.230083048 0.506131739768 4.3887
13fa6af-13di4ff- -8.10518279609 0.460688728724 4.3813
13fd13hf-6fe-6hd- -8.3182479317 -0.182860499529 4.0904
13fd13il-6ld4ef- -7.27958940982 0.733074681148 3.9201
13fe13fd4eh-13il -8.19715727353 0.712938257092 4.3950
13ff4fd-12fi13de- -8.04831100383 -0.0995936649221 3.9992
13fi13ad4dd12ii- -8.49702672365 -0.583412069926 4.3003
13fi13ee4hl-12ii- -7.80177586607 1.13253779619 4.3848
13fi13he13ie-12el- -7.48013730886 1.10478218465 4.2983
13fi13hf6ae-4el- -8.16151036068 0.214969932482 4.3938
13fi6el13ef4al- -7.61728268351 0.58450052528 4.1082
13ha12fl13af13dd- -7.8034085491 0.822600134042 4.3861
13ha13fd6eh-12ad- -7.85102847085 -0.0723822810636 4.1236
13hd12ff13dh-4if -7.91660790595 0.597561989532 4.2455
13hd13da-12li-6ld -8.3577044383 0.271841724746 4.5613
13hd6el-4df12ee -8.4768902996 -0.0805456962211 4.3692
13he12eh6ll-4ei- -7.53918601183 0.645998252801 4.0784
13he12hl-4af-12da -7.5876222751 0.391027586047 4.1208
13he12ii-4fl-12df- -7.65429016555 0.302046360829 4.2616
13he4la4fh12fh -7.51605633555 0.703958500419 4.3144
13he6ai12lh-6fe -7.99960262672 0.404089050299 4.3037
13hf4de-6af6ha- -8.33593533121 -0.2383717226 4.2238
13hf6ff12de-4ia -8.54192550702 0.106124397048 4.3637
13hf6fh6ef12fa- -7.94953368042 0.72300646912 4.3536
13hh12el4de4hh- -7.53129471051 0.214425704805 4.0543
13hi12ff-13le4lf -7.46789218612 1.09607454182 4.3174
13hi6aa-6ff-4al- -8.0692637694 0.226398713703 4.1102
13hi6ef-12dh-12fe- -7.95606441255 0.38068726018 4.2619
13hl12ia-13hl-13ae -7.03713597964 1.59485920795 4.3570
13hl6ff-6ld4ie -7.89483879886 0.265583106459 4.3897
13hl6ii4ee12he- -7.92014538585 0.497424096933 4.3294
13ia12hd6hi4ie- -7.41319730457 1.2277776397 4.3820
13id12ef6fe-12hh- -8.02055539229 0.284358961321 4.0902
13ie6if-4dd4il -8.52396599367 -0.378238235633 4.4177
13if13df-6he13ei -7.7427271631 0.407898644039 4.0859
13if6af-13ei-4el- -7.75170691977 0.731441998116 4.2339
13ih12ih12eh-13lh -6.82461507171 1.31077236046 3.9558
13ih4ff-12fe4id- -7.60394910542 0.40572173333 4.2356
13ih4fl6ee4hh- -7.96667685225 0.401095798074 4.2397
13ii4hh13il12ii- -7.2491126599 1.50805489344 4.4130
13ii6de6lh-13ea- -7.95633652638 -0.0748313056109 4.0911
13il13dd-13ad-13le- -8.23634166629 0.774708098451 4.4420
13il4de12ea13lf -7.76095879028 -0.0454430110437 3.9434
13la12ff-6ai4li- -8.52097274145 -0.179595133466 4.2749
13la4ed-6ea-4df -7.51551210788 0.46721946085 4.2883
13ld6hi-4eh13ll- -8.00613335885 0.705863297289 4.4283
13le12ae4ai4lf- -7.45156535581 0.829675093845 4.3614
13le6fe6dd6lf- -8.85295162452 -0.453069541244 4.3802
13lf6dd-6ah-6il -8.60560014525 -0.633481016226 4.0820
13lf6hi6hh-4hh- -7.73265895107 0.721645899927 4.3373
13lf6lf6ea-13ah- -7.69184187528 0.520553773213 4.2605
13lh12al-4ff-13fe- -7.16639005297 1.2490025191 4.2218
13lh12fe4ha6ld- -7.37809461939 0.439463849315 4.1704
13lh13ia-6la6ll -7.22190127604 0.807361759081 4.2864
13lh4hh-12hi4df- -7.48231421957 1.01035868267 4.1534
13lh6dl-13if-12ia -7.49700836685 0.514839382603 4.0693
13lh6ee12ll12fe- -7.3767340502 0.723550696797 4.1840
13li13dh-12lh13di -7.88749172522 1.06042762897 4.6577
13li4fl-6if-12ll- -7.70735236408 0.322727012562 4.1539
13li6dl-12da-4ae -8.40559647389 -0.110206104627 4.2042
13ll12fd13li-12di- -7.74762521219 0.301230019313 3.9998
13ll12fi-13ae-13ld -7.33564486057 1.27430910609 4.3840
13ll6de4lf-6li- -8.29865573532 0.043266100335 4.2782
4aa12dl13il-12id- -8.01729002623 0.311298231341 4.3720
4aa12fa6ii6ei- -8.06055612656 0.613888819848 4.3757
4aa12ha4dh-4ee -7.9106214015 0.264766764943 4.2605
4aa12if6ad-13he- -7.80966716739 0.285447416676 3.9802
4aa4aa-12al-4il -7.85402172308 0.846546151838 4.5319
4ae6hf13fe-12ei- -7.53428796274 0.862056640637 4.1322
4af12ea-12ah-6fl -7.82789879457 0.706951752644 4.2679
4af13al-6if-6hl- -7.52585243374 0.811987694337 4.1885
4ah12ee4ii-13hd- -8.09021653497 0.693890288392 4.3580
4ah12ha6ih-12ah -7.57401658317 0.791579156444 4.2369
4ai12ll6hi-6al- -7.85157269853 0.702870045065 4.2465
4ai13ah13eh-13id -7.41401364608 1.36927683576 4.3934
4ai13eh-4il-12ff -7.67687561416 1.3075069944 4.4073
4ai6fi-13ei13ie- -7.8640899351 0.896342984299 4.3947
4da4dd4de-4fd- -9.90603217985 -0.886274772271 4.2994
4da4ih-12di-13ad- -8.54437453157 0.108845535434 4.3159
4dd13da-6ha12ea -8.47797875495 -0.658243375537 4.1710
4de4df-13ee-4fi- -8.14327873349 -0.140682854548 4.3342
4df13le-4he6ia- -8.14001336743 0.764912000262 4.4170
4dh4ai12fa6le -8.19416402131 0.603276380143 4.4589
4di6ae-13hh13li -7.21020038098 0.633481016226 3.8784
4dl12aa6li-6de -8.77839243275 -0.228031396734 4.3332
4ea13dd-6aa-13fh- -8.19770150121 0.347489371873 4.3959
4ea13ff12ih-12lh- -7.26979331163 1.13498682074 4.2860
4ea13li6fl13lf- -7.6341537415 0.680556710301 4.1589
4ea4ed-13ai-13de -8.32232963928 -0.31728473579 4.2162
4ea4ih-12ee-12al -7.80993928123 0.740693868628 4.2339
4ea6di-13he-6ef -8.23688589397 0.210616111065 4.3398
4ed12ee-6ih-6il -8.42954249168 -0.220956436931 4.3341
4ed13dl-13li-4ll -7.61347308977 -0.242453430179 3.9755
4ed13ie-13ai-13ai -7.41809535366 -0.0729265087408 4.0764
4ee13ih13ad12fh- -7.57864251843 0.421232222129 4.3808
4ee4af6li-12le- -8.43444054078 0.546404587879 4.3596
4ef13li4la-12ih -7.37482925333 0.976344452843 4.3192
4eh4fi-13he13ii -7.55823398053 1.20519219109 4.4021
4eh4la-13da13hd- -8.30137687371 0.592663940438 4.4947
4eh6ei-4ee4ea -8.14491141652 0.387762219983 4.3253
4eh6lf-6al6df -8.35008525082 0.0302046360829 4.4493
4ei12ef-13la-13ee- -7.53319950738 0.554295889197 4.2758
4ei12fh13ee12hi -7.5065323512 0.89035647985 4.2793
4ei4ad-6af-6ff- -8.8534958522 -0.143676106773 4.4211
4ei4ih12hh-12ie- -7.57809829075 1.38288252769 4.4215
4ei6if6ee-4fe- -8.90111577395 0.253337983723 4.2516
4el12lh6ff-4ld -7.83252472983 0.36735368209 4.0863
4el13af-4ae6dd- -7.99416034995 -0.459056045693 4.3331
4fa13ee-13de-12hh- -7.83034781912 0.97498388365 4.3427
4fd12ei6ff6ii- -8.53240152267 -0.110206104627 4.2866
4fd12id-13lh-4lf- -7.50217852979 -0.0108845535434 3.7723
4fd4ih12ei-13il- -7.74762521219 0.821511678688 4.2977
4fd6ee-6hl4il -8.00885449723 -0.0582323614572 3.9771
4fd6hl12il6lh- -7.70054951811 0.747496714593 4.2428
4fe12ll13if-6aa -7.51605633555 0.643821342092 4.0930
4fe4ia13ef-4hd- -8.13620377369 0.685454759395 4.3888
4fi13da6ea-4eh -8.38600427751 0.219595867738 4.4287
4fi6aa-12df6li -8.65185949781 0.224766030671 4.5370
4fl12ia-6ld-4eh- -8.26273670863 0.603276380143 4.4116
4fl13el-12ha-13fa- -6.92121548441 1.13553104841 4.1539
4fl13hh-6fa-4df- -7.78708171878 0.303679043861 4.2279
4fl6hi-6dh-6ia -8.52831981509 0.587765891343 4.6171
4ha12hl6hl12df -7.69810049357 0.394565065948 3.8627
4ha6ld6ia12fl- -8.39443980651 0.323543354077 4.6041
4hd13ai-12li-6lf -7.33999868199 0.879199812468 4.1375
4he12al12de-4ah- -7.84531408024 0.477559786717 4.1152
4he12ff6he4fi- -7.72966569884 0.71348248477 4.1643
4he13li-13ii-12li- -7.31360363965 1.31213292966 4.4656
4he4da13li12el- -7.93239050859 0.43266100335 4.3544
4he4ih-4ad-6hl- -8.33212573747 0.454974338114 4.4545
4hf4ei4ha-6ie -8.21674946991 1.10750332304 4.4019
4hh12fh13dd-6if -7.90735603544 0.280005139904 4.1023
4hh12il-13ai13hl -7.23659542333 1.46288399623 4.3851
4hh6ee-4he6ld -7.94817311123 0.231840990474 4.2285
4hh6hl12fa6ia -7.8259939977 0.935527377055 4.3609
4hi12ah-4hi-6di -7.7498021229 0.666951018372 4.4880
4hi13hf-6da12li -7.78109521434 0.484090518843 4.1232
4hl6id12fi-6da- -8.44124338674 0.140138626871 4.4338
4ia13di-4ha13dl -8.36505151194 0.731986225793 4.7164
4ia13ee-6fd-12hh -8.08994442113 0.343679778133 4.1241
4ia13hf-12ha6la -7.09047029201 1.03620949733 4.1800
4ia13li-4di-12if- -7.90762814928 0.529533529886 4.3705
4ia6ad-13af-6ah- -8.07252913546 0.158370254056 4.1756
4id13fl-13de-13ae -7.8308920468 0.0155104887993 4.1053
4ie12df-4ii-4dh- -8.48233257637 0.432116775673 4.2887
4ie12ef-6ih4la -8.00531701733 0.654705895635 4.3495
4ie13fh6ae-13hl -7.49836893605 0.521642228567 4.0005
4ie6fd-6hd-13fh- -7.97347969822 -0.0193200825395 3.9334
4if12fh13fa12fl -6.9155010938 1.43213513247 4.1964
4ih12ef-6ee12if -7.93919335455 0.00108845535434 4.1449
4ih12hd-12lh-4if -7.75606074119 0.491709706323 4.0501
4ih4fa4al-6eh- -8.14001336743 0.962738760913 4.4051
4ih4ih12ef-6ie -8.00314010662 0.633208902387 4.2964
4ii4de6dh-13ea- -8.49512192678 0.00571439061028 4.2975
4ii4fl12da-6ei- -8.7068264932 0.414429376165 4.2922
4ii4ha-12hf-13ff- -7.25645973354 1.46397245159 4.4443
4ii4il12ha12eh -7.61837113886 0.98641266487 4.2811
4il12di6he-6hd -8.35879289365 0.137145374647 4.1803
4il12ih-12ah13la- -7.07876939695 1.3730864295 4.3839
4la13af-4ed13fi -7.68830439538 0.0397286204334 3.8404
4la6ie-6ld-12af- -8.65430852235 0.260685057364 4.3798
4ld12ee12da6al- -8.49702672365 -0.0348305713389 4.2545
4ld13fd-12fl13eh -7.591159755 0.344496119648 3.9200
4ld13if13al-13al- -6.95740662494 0.63266467471 4.1662
4le13fl-13dd13fd- -8.307635492 0.477287672878 4.4390
4le13ie12ha6lh -7.19006395693 1.00165103983 4.1309
4le6le-13di-13al- -7.98899018701 0.456062793468 4.3305
4lh12ee-6hd-13ai -7.88613115603 0.143403992934 3.9414
4li12ll12fl13ia -7.40204063719 1.24111121779 4.3971
4li4dd-13hi-12ed- -8.376752407 -0.404361164137 4.0038
4li6dd-4hi-6le- -8.72152064049 -0.314563597404 4.4575
6aa12le-4ef12af- -8.20885816859 0.496879869256 4.3341
6aa4dd13aa12hf -7.7223186252 -0.41143612394 3.8192
6aa6fh-13ah12fe- -7.04230614258 0.343407664294 3.7047
6ad12af6fa4ha -8.23525321093 -0.174152856694 4.1181
6ad12fl-13ai-6hl -7.50626023736 0.110478218465 3.9488
6af13hi-12ah12fd -7.46816429996 1.02233169156 4.2556
6af4dd13la-12ha- -7.61755479735 -0.241092860986 3.6987
6ah6ed12ha13fh- -7.49673625301 0.08653220067 3.7386
6ai4ad6hd-6fh -8.2730770345 -0.1692548076 4.0968
6ai6dh-13di6fi- -8.73240519403 0.173336515179 4.3808
6al12ie-12hf4aa -7.47415080441 1.00410006438 4.2081
6al13ff-6af-12hl -7.47523925977 0.851716314771 4.2025
6dd6di-13af12fh- -7.59986739784 -0.762190861876 3.8370
6df12de13hf6af- -8.09593092558 -0.0663957766147 4.0768
6df13dh6ha4fi -8.13130572459 0.173880742856 4.2320
6df6hd6fl4fh- -8.07198490778 -0.551030523134 3.8910
6dh12fi-12ea6fe- -8.37702452084 0.345040347326 4.3591
6dh13ia-13fl13ae -7.38598592071 0.916751522193 4.3795
6dh4ia13lh-13fe- -7.40448966173 0.942058109181 4.4254
6dh4ii-6ll6ad -9.01676415535 0.142587651418 4.6186
6dh6af12di6dd- -9.30574905193 -0.905866968649 4.5035
6dh6al-12ef12dh -8.33675167273 0.00979609818906 4.2416
6di12he6ah13li -7.62517398483 0.383952626243 3.9957
6di13dd-12il-4he -8.12014905721 0.0182316271852 4.3688
6di13fh-12eh6aa- -7.86082456904 0.401367911913 4.0947
6di6hi6dl-6hd -8.72260909584 -0.22122855077 4.2627
6dl12ae13ea-6hh- -7.65755553162 0.360822949964 4.1444
6dl4da-4ah-13fl -7.91579156444 0.214969932482 4.6104
6dl6aa-13ai6ii -7.95198270497 0.226670827541 4.3077
6ea13ae13de4fl- -8.23933491851 0.640555976029 4.3948
6ea13eh13aa-4ea- -7.32775355925 0.754571674396 4.1717
6ed12id12ai-6fh- -8.29158077552 -0.377966121794 4.1821
6ed13ie-13dd-6ie- -8.79689617377 -0.485995315713 4.3174
6ee4fe-12dd13dh- -8.69104389056 -0.385857423113 4.2945
6ee4ih13fa-4ld- -7.70000529044 0.371435389668 4.3077
6ef13al4fi-6fe- -7.9762008366 0.761374520361 4.4382
6ef6dl13hl13de- -8.06763108637 -0.0669400042919 3.9729
6ef6ef-12ai-12ea- -8.54900046682 0.416878400712 4.3255
6ef6eh-4fd13id- -8.80995763803 0.0337421159845 4.3513
6eh12hh-13eh-6el -7.44557885136 0.800831026955 4.0877
6eh6dh-4ia-6ae -8.86438040574 0.522730683922 4.4111
6eh6ei4fd-13le- -8.49811517901 0.413885148488 4.3160
6ei4fe-12hh-6hl- -7.52530820607 0.679740368785 4.0639
6el12ih-4aa-12hi- -7.32013437177 1.00736543044 4.2689
6el13ah-6hd12il- -7.67116122355 0.507492308961 4.0509
6el6fi4dh12if -8.27688662824 0.333067338428 4.3673
6fa4ef6fl-4fe- -8.43008671936 0.309121320632 4.4107
6fa6he-13ih-6ea- -7.50000161908 0.456607021145 3.9596
6fd12di13hi12ie -7.87170912258 0.0680284596462 4.3139
6fd13df4ai-4di- -8.59335502251 0.0789130131896 4.4483
6fd4fe-6ii13lh -7.79061919869 0.470756940752 4.4394
6fe13de-12ad-4fh- -8.38763696054 0.176329767403 4.3187
6fh13ah6de-13dh -7.84313716953 -0.183404727206 3.8212
6fh13dl-6fe12ae -8.27443760369 0.215514160159 4.2316
6fh4ei4id-12le -8.49974786204 0.589126460536 4.3736
6fi4da4al-12ei -8.60287900686 0.34803359955 4.4049
6fi6al-12ll-4ff- -7.78000675898 0.593480281954 4.3550
6fl12ii4el-12il -7.92341075192 0.835117370617 4.4145
6fl13di12lh13ld- -7.60367699158 0.354020103999 4.1473
6fl4hl12ha12dh -7.71986960065 0.648175163509 4.1540
6ha12if-12id-13ei- -8.02082750613 0.774708098451 4.3463
6ha13eh-6fd-13fe13li -7.54163503638 0.338781729038 3.9099
6he13da-12hh12fl -7.39061185597 0.879744040145 4.2351
6he13de13ll12de- -8.06137246808 0.362999860672 4.3072
6he4fh-13ii-6ha- -7.72395130823 0.966276240815 4.5113
6he6al-12he-6hf -7.38897917293 0.410347668586 3.8360
6hf12al-12ad-4eh -7.92531554879 0.565452556579 4.2583
6hf12ei13ea-13ef- -7.6997331766 0.775796553806 4.3413
6hf4dl-12li4fi -7.99116709772 0.436198483252 4.3739
6hh13fl-12aa6ai -7.18815916006 0.874573877212 3.9788
6hi12ed-13fe-4ia- -7.99796994369 0.812804035853 4.3666
6hi12ei-12fe13hd -7.70490333953 0.925187051189 4.2501
6hi13ed6ha12dl -8.37892931771 -0.0364632543704 4.2654
6hi13hl-12al6ii -7.2385002202 1.0846457606 4.1544
6hi6ae-12eh12la- -8.17892564635 0.536880603528 4.3248
6hi6ai-12fa6fa -8.20069475343 0.62885508097 4.4977
6hi6hd-4hf-4hi -7.92014538585 0.50966921967 4.3873
6hl12aa4le4ai- -7.56721373721 0.81715785727 4.2143
6ia12ha4fd-6fi -8.14872101026 0.254970666754 4.3119
6id13el-13ah-4dd -8.01620157087 -0.2538822114 4.0476
6id6df-4if-4fd -9.27962612342 -0.0813620377369 4.6199
6if12ff-12de12dl -8.50192477275 -0.156193343348 4.1335
6if13aa-12ia-13il- -7.36176778908 1.04600559552 4.3544
6if13di-12ii-6fi -8.33838435576 0.618242641265 4.6595
6if4ai-6aa-4eh- -8.34600354324 0.671304839789 4.4348
6ih6dl12dh-6hh -7.68286211861 -0.219051640061 3.8739
6ii6hf6fe6ha- -8.02382075835 0.022313334764 3.9713
6il13ad4de12di -8.55417062976 -0.358373925416 4.2701
6il13ie-6id4he -8.05402539444 0.374428641893 4.3318
6la12fh12fi-4de- -7.75823765189 -0.0810899238983 4.1577
6la12ha13ff13ef- -7.26516737638 0.99022225861 4.1002
6ld12ae12ee-13fh -7.66789585748 0.0857158591542 4.0661
6ld12fd13dh-6df -8.77050113143 -0.456879134984 4.1167
6ld13ia6ad-13he -8.10844816215 0.133880008584 4.0631
6le6fd-12ha-6ff- -8.16341515755 -0.333883679944 3.8147
6lf12ee-12hd-4ed -8.16776897896 -0.391571813724 4.0270
6lf4ae-13aa4fi -7.64748731959 0.514567268764 4.1731
6lf4ia12el4ii -8.21838215294 0.518376862504 4.3720
6lh13dd-6fa6hd -8.66736998661 -0.362455632995 4.0939
6li12ai-13fi12ed- -7.64313349817 0.670760612112 4.1815
6ll12eh13ai4fh- -7.06598004653 0.875934446405 4.0892
6ll13al-12if13de -7.39959161264 0.681917279494 4.0003
6ll13id6ei13ea- -8.01157563562 0.28272627829 4.2098
