11 -7.26407892102 -1.10913600607 4.0822
1111 -7.19713891673 -3.00250409495 2.5323
1111- -7.23550696797 -2.9605985638 2.6069
1111-11- -7.03033313368 -3.73557877609 1.7990
1111-11-11 -6.99985638376 -3.5184319329 2.0864
1111-11-11- -7.20775135644 -4.13286498043 1.6947
1111-1111 -6.92448085047 -3.97776009243 1.5563
1111-1111- -6.99985638376 -3.51897616058 2.0859
111111 -7.10761346384 -3.86129536952 1.7572
111111- -7.03087736136 -3.73612300377 1.7991
111111-11 -6.92393662279 -3.97776009243 1.5557
111111-11- -6.96094410484 -4.2074241722 1.3637
11111111 -7.20366964886 -4.17939644683 1.6294
11111111- -7.12094704193 -4.03762513692 1.7060
12aa -6.15058909353 0.62885508097 6.6438
12aa12aa -5.32281879656 -0.448171492149 4.7435
12aa12aa- -5.33424757778 -0.444634012248 4.7497
12aa12aa-12aa -5.0071667438 -0.875118104889 3.9226
12aa12aa-12aa-12aa -4.81396591841 -1.09553031414 3.4498
12aa12aa-12aa-12aa- -4.78566607919 -1.06831893028 3.4549
12aa12aa-12aa12aa -4.81287746305 -1.08791112666 3.4713
12aa12aa-12aa12aa- -4.83818405004 -1.10695909536 3.4713
12aa12aa12aa -4.96036316356 -0.843552899613 3.9287
12aa12aa12aa-12aa -4.81287746305 -1.08791112666 3.4713
12aa12aa12aa-12aa- -4.79029201445 -1.06886315796 3.4738
12aa12aa12aa12aa -4.75899892301 -1.04355657097 3.4603
12aa12aa12aa12aa- -4.78566607919 -1.06831893028 3.4549
12ae -6.17208608678 -0.108301307757 5.8586
12ae12ae -5.54350311965 -1.06478145038 4.2626
12ae12ae- -5.53370702146 -1.05280844149 4.2797
12ae12ae-12ae -5.25370188156 -1.42995822176 3.5448
12ae12ae-12ae-12ae -5.09859699357 -1.63730896677 3.1368
12ae12ae-12ae-12ae- -5.08526341547 -1.61173026594 3.1458
12ae12ae-12ae12ae -5.08635187083 -1.61363506281 3.1672
12ae12ae-12ae12ae- -5.10512772569 -1.63622051141 3.1564
12ae12ae12ae -5.24336155569 -1.42424383115 3.5874
12ae12ae12ae-12ae -5.10431138418 -1.63649262525 3.1765
12ae12ae12ae-12ae- -5.08199804941 -1.61173026594 3.1869
12ae12ae12ae12ae -5.07900479719 -1.61635620119 3.1850
12ae12ae12ae12ae- -5.09070569225 -1.63377148686 3.1734
12af -5.76092207668 0.708856549514 6.1201
12af12af -5.08227016325 -0.364360429865 4.5577
12af12af- -5.05478666555 -0.435654255574 4.4616
12af12af-12af -4.68362338972 -0.803007937664 3.6705
12af12af-12af-12af -4.40933264043 -0.981514615776 3.1710
12af12af-12af-12af- -4.39409426547 -0.972534859102 3.1744
12af12af-12af12af -4.50892630535 -1.00763754428 3.2588
12af12af-12af12af- -4.5268858187 -1.07212852402 3.2176
12af12af12af -4.77015559039 -0.790218587251 3.7847
12af12af12af-12af -4.64988127374 -1.06804681645 3.3210
12af12af12af-12af- -4.63219387423 -1.06287665351 3.3184
12af12af12af12af -4.99437739339 -0.909676562389 3.6831
12af12af12af12af- -4.8773684428 -1.04573348168 3.5024
12ai -5.97752469219 0.775796553806 6.5546
12ai12ai -5.25587879227 -0.187486434785 4.8251
12ai12ai- -5.1347881341 -0.263950423427 4.6934
12ai12ai-12ai -4.79736697425 -0.671576953628 3.8744
12ai12ai-12ai-12ai -4.64988127374 -0.857430705381 3.4667
12ai12ai-12ai-12ai- -4.67899745447 -0.794844522507 3.5502
12ai12ai-12ai12ai -4.62457468675 -0.856342250027 3.4736
12ai12ai-12ai12ai- -4.59083257077 -0.919472660578 3.3910
12ai12ai12ai -4.96798235104 -0.522458570083 4.1255
12ai12ai12ai-12ai -4.64035728939 -0.867498917409 3.4780
12ai12ai12ai-12ai- -4.66131005496 -0.813076149692 3.5454
12ai12ai12ai12ai -4.7462095726 -0.732258339632 3.6585
12ai12ai12ai12ai- -4.69559639862 -0.792123384121 3.5705
12al -5.56119051916 0.653345326442 5.8908
12al12al -4.75437298776 -0.25007261766 4.3507
12al12al- -4.82539469963 -0.212248794096 4.4310
12al12al-12al -4.51790606203 -0.598650444887 3.6544
12al12al-12al-12al -4.37531841061 -0.816613629593 3.2169
12al12al-12al-12al- -4.47600053088 -0.826681841621 3.3573
12al12al-12al12al -4.24796913415 -0.813892491207 3.1652
12al12al-12al12al- -4.29341214519 -0.823688589397 3.1856
12al12al12al -4.33667824553 -0.59810621721 3.5631
12al12al12al-12al -4.24334319889 -0.808450214436 3.1762
12al12al12al-12al- -4.22375100252 -0.74994573914 3.2182
12al12al12al12al -4.08442871716 -0.769537935518 3.0938
12al12al12al12al- -4.12742270366 -0.777429236837 3.1147
12ea -6.17208608678 -0.108301307757 5.8586
12ea12ea -5.54350311965 -1.06450933654 4.2626
12ea12ea- -5.53370702146 -1.05308055532 4.2798
12ea12ea-12ea -5.25370188156 -1.42995822176 3.5448
12ea12ea-12ea-12ea -5.0988691074 -1.63730896677 3.1369
12ea12ea-12ea-12ea- -5.09070569225 -1.63377148686 3.1734
12ea12ea-12ea12ea -5.10431138418 -1.63649262525 3.1765
12ea12ea-12ea12ea- -5.10512772569 -1.63622051141 3.1565
12ea12ea12ea -5.24336155569 -1.42424383115 3.5874
12ea12ea12ea-12ea -5.08635187083 -1.61363506281 3.1672
12ea12ea12ea-12ea- -5.08199804941 -1.61173026594 3.1870
12ea12ea12ea12ea -5.07900479719 -1.61608408736 3.1851
12ea12ea12ea12ea- -5.0882566677 -1.61118603826 3.1456
12ee -6.31657853507 -0.342591322778 5.3339
12ee12ee -5.82650151178 -1.25716593426 4.1961
12ee12ee- -5.64853906135 -1.47404066361 3.9500
12ee12ee-12ee -5.42404514451 -1.71458929692 3.3717
12ee12ee-12ee-12ee- -5.43139221815 -1.77010051999 3.2536
12ee12ee-12ee12ee -5.34077830991 -1.85037410238 3.1243
12ee12ee-12ee12ee- -5.29288627432 -1.8737758925 3.0508
12ee12ee12ee -5.6411919877 -1.52900765901 3.7089
12ee12ee12ee-12ee -5.34077830991 -1.85037410238 3.1243
12ee12ee12ee-12ee- -5.38431652408 -1.83840109348 3.1896
12ee12ee12ee12ee -5.54568003036 -1.66560880598 3.4384
12ee12ee12ee12ee- -5.43139221815 -1.77010051999 3.2535
12ef -6.01507640192 -0.075375533288 5.3956
12ef12ef -5.28553920067 -0.988589575579 4.0180
12ef12ef- -5.35084652193 -1.09607454182 4.0418
12ef12ef-12ef -4.9451247886 -1.34968463938 3.2728
12ef12ef-12ef-12ef -4.71600493652 -1.55540270135 2.8065
12ef12ef-12ef-12ef- -4.84063307459 -1.55894018125 2.9658
12ef12ef-12ef12ef -4.78348916848 -1.52356538224 2.9485
12ef12ef-12ef12ef- -4.83872827772 -1.60900912755 2.9166
12ef12ef12ef -4.99356105187 -1.33771163048 3.3894
12ef12ef12ef-12ef -4.81287746305 -1.56655936873 2.9341
12ef12ef12ef-12ef- -4.87056559683 -1.63676473909 2.9575
12ef12ef12ef12ef -4.84008884691 -1.5339057081 3.0054
12ef12ef12ef12ef- -4.89859332221 -1.62560807171 2.9541
12ei -6.06895494196 -0.0454430110437 5.7617
12ei12ei -5.55547612855 -0.74423134853 4.4573
12ei12ei- -5.32390725191 -0.905322740972 4.2100
12ei12ei-12ei -5.04743959191 -1.23185934727 3.5039
12ei12ei-12ei-12ei -4.98049958762 -1.33036455684 3.2498
12ei12ei-12ei-12ei- -5.07573943112 -1.25090731597 3.4326
12ei12ei-12ei12ei -4.9619958466 -1.35893650989 3.2585
12ei12ei-12ei12ei- -4.89750486685 -1.41526407448 3.1363
12ei12ei12ei -5.33451969162 -1.02369226076 3.9127
12ei12ei12ei-12ei -4.94539690244 -1.37499122637 3.2228
12ei12ei12ei-12ei- -5.04471845353 -1.2884590257 3.3959
12ei12ei12ei12ei -5.2335654575 -1.15158576489 3.6350
12ei12ei12ei12ei- -5.0917941476 -1.24791406375 3.4325
12el -5.80935833995 -0.135784805454 5.0942
12el12el -5.47955636758 -0.892533390559 4.2620
12el12el- -5.04907227494 -0.769810049357 4.0216
12el12el-12el -5.12390358055 -1.36084130676 3.4542
12el12el-12el-12el -4.97723422156 -1.53771530184 3.0752
12el12el-12el-12el- -4.83192543175 -1.22750552586 3.2461
12el12el-12el12el -4.99709853177 -1.44138700298 3.1978
12el12el-12el12el- -4.90539616817 -1.49689822606 3.0720
12el12el12el -5.19737431697 -1.18396731168 3.6663
12el12el12el-12el -4.94675747164 -1.47757814352 3.1335
12el12el12el-12el- -4.94539690244 -1.39131805668 3.2227
12el12el12el12el -4.9810438153 -1.31267715733 3.2850
12el12el12el12el- -4.90893364807 -1.33662317513 3.1902
12fa -5.68255329117 0.667495246049 6.0099
12fa12fa -4.86811657228 -0.259324488171 4.4583
12fa12fa- -5.05478666555 -0.435654255574 4.4616
12fa12fa-12fa -4.59790753057 -0.714570940124 3.6886
12fa12fa-12fa-12fa -4.48117069382 -0.961106077882 3.2680
12fa12fa-12fa-12fa- -4.87764055663 -1.04573348168 3.5026
12fa12fa-12fa12fa -4.33395710714 -0.879744040145 3.2257
12fa12fa-12fa12fa- -4.5268858187 -1.07212852402 3.2176
12fa12fa12fa -4.45341508228 -0.618786868942 3.6558
12fa12fa12fa-12fa -4.38457028112 -0.92110534361 3.2322
12fa12fa12fa-12fa- -4.63219387423 -1.06314876735 3.3183
12fa12fa12fa12fa -4.2074241722 -0.796205091699 3.1807
12fa12fa12fa12fa- -4.39436637931 -0.972262745264 3.1745
12fe -5.98541599351 -0.28272627829 5.1331
12fe12fe -5.18866667414 -0.947228272114 3.9780
12fe12fe- -5.35084652193 -1.09607454182 4.0418
12fe12fe-12fe -4.91002210343 -1.29145227792 3.3546
12fe12fe-12fe-12fe -4.82838795185 -1.47703391584 3.0019
12fe12fe-12fe-12fe- -4.89832120837 -1.62560807171 2.9541
12fe12fe-12fe12fe -4.66294273799 -1.44410814137 2.9269
12fe12fe-12fe12fe- -4.83872827772 -1.60900912755 2.9167
12fe12fe12fe -4.81968030902 -1.2729485369 3.2855
12fe12fe12fe-12fe -4.74675380028 -1.51159237334 2.9595
12fe12fe12fe-12fe- -4.87056559683 -1.63676473909 2.9575
12fe12fe12fe12fe -4.61396224705 -1.4492783043 2.8717
12fe12fe12fe12fe- -4.84063307459 -1.55894018125 2.9658
12ff -5.67194085146 0.886002658432 5.7733
12ff12ff -4.80553038941 -0.140138626871 4.5351
12ff12ff- -4.99601007642 -0.33660481833 4.5500
12ff12ff-12ff -4.45450353764 -0.540145969591 3.7047
12ff12ff-12ff-12ff -4.24171051586 -0.777157122999 3.2169
12ff12ff-12ff-12ff- -4.40144133911 -0.973623314457 3.2144
12ff12ff-12ff12ff -4.20524726149 -0.71538728164 3.2621
12ff12ff-12ff12ff- -4.40661150204 -0.935799490894 3.2516
12ff12ff12ff -4.41749605559 -0.546404587879 3.7101
12ff12ff12ff-12ff -4.29613328358 -0.81334826353 3.2586
12ff12ff12ff-12ff- -4.46103426976 -1.01743364247 3.2470
12ff12ff12ff12ff -4.19517904946 -0.755115902073 3.2286
12ff12ff12ff12ff- -4.40144133911 -0.973623314457 3.2144
12fi -5.59411629363 0.842736558097 6.0431
12fi12fi -5.23111643296 -0.132247325552 4.7408
12fi12fi- -4.8964164115 -0.238643836439 4.4882
12fi12fi-12fi -4.42756426762 -0.509397105831 3.6932
12fi12fi-12fi-12fi -4.45994581441 -0.669672156757 3.4436
12fi12fi-12fi-12fi- -4.75899892301 -0.765456227939 3.6223
12fi12fi-12fi12fi -4.24171051586 -0.659876058568 3.3051
12fi12fi-12fi12fi- -4.34157629462 -0.86913160044 3.2089
12fi12fi12fi -4.6411736309 -0.373884414216 3.9514
12fi12fi12fi-12fi -4.29722173893 -0.693890288392 3.3255
12fi12fi12fi-12fi- -4.58076435874 -0.804640620696 3.4652
12fi12fi12fi12fi -4.49042256433 -0.512662471894 3.5914
12fi12fi12fi12fi- -4.43409499974 -0.696611426777 3.4064
12fl -5.5805106017 0.822600134042 5.9947
12fl12fl -4.56743078065 -0.0035374799016 4.4388
12fl12fl- -4.72035875793 -0.13660114697 4.4477
12fl12fl-12fl -4.26293539527 -0.395925635141 3.6503
12fl12fl-12fl-12fl -4.32742637502 -0.793756067152 3.2549
12fl12fl-12fl-12fl- -4.45695256218 -0.926003392704 3.2669
12fl12fl-12fl12fl -4.71546070884 -0.606813860044 3.6634
12fl12fl-12fl12fl- -4.4028019083 -0.88845168298 3.2212
12fl12fl12fl -4.69423582943 -0.743415007014 3.7412
12fl12fl12fl-12fl -4.53994728295 -0.981242501937 3.3043
12fl12fl12fl-12fl- -4.47110248179 -0.887091113787 3.3174
12fl12fl12fl12fl -4.49477638575 -0.914302497645 3.3096
12fl12fl12fl12fl- -4.46021792825 -0.943418678374 3.2446
12ia -5.97752469219 0.775796553806 6.5546
12ia12ia -5.25560667843 -0.187486434785 4.8250
12ia12ia- -5.1347881341 -0.263950423427 4.6934
12ia12ia-12ia -4.79736697425 -0.671849067466 3.8744
12ia12ia-12ia-12ia -4.64988127374 -0.857430705381 3.4667
12ia12ia-12ia-12ia- -4.69532428478 -0.792123384121 3.5703
12ia12ia-12ia12ia -4.64035728939 -0.867771031247 3.4779
12ia12ia-12ia12ia- -4.59219313996 -0.918928432901 3.3928
12ia12ia12ia -4.96798235104 -0.522458570083 4.1255
12ia12ia12ia-12ia -4.62457468675 -0.856342250027 3.4734
12ia12ia12ia-12ia- -4.66131005496 -0.813076149692 3.5454
12ia12ia12ia12ia -4.74539323108 -0.732802567309 3.6576
12ia12ia12ia12ia- -4.67899745447 -0.794844522507 3.5502
12ie -6.06895494196 -0.0459872387209 5.7612
12ie12ie -5.55547612855 -0.74423134853 4.4574
12ie12ie- -5.32417936575 -0.905322740972 4.2099
12ie12ie-12ie -5.05315398252 -1.22369593212 3.5140
12ie12ie-12ie-12ie -4.98213227065 -1.32818764613 3.2527
12ie12ie-12ie-12ie- -5.08934512305 -1.2490025191 3.4293
12ie12ie-12ie12ie -4.94539690244 -1.37526334021 3.2226
12ie12ie-12ie12ie- -4.91355958333 -1.39349496739 3.1664
12ie12ie12ie -5.33479180546 -1.02369226076 3.9128
12ie12ie12ie-12ie -4.96226796043 -1.35866439605 3.2587
12ie12ie12ie-12ie- -5.04499056736 -1.28818691186 3.3961
12ie12ie12ie12ie -5.2335654575 -1.15131365105 3.6351
12ie12ie12ie12ie- -5.07573943112 -1.25090731597 3.4326
12if -5.65588613499 0.905594854811 6.1191
12if12if -5.16526488402 -0.0340142298231 4.7717
12if12if- -4.8964164115 -0.238643836439 4.4882
12if12if-12if -4.50348402858 -0.573888085576 3.6789
12if12if-12if-12if -4.2694661274 -0.746952486916 3.2000
12if12if-12if-12if- -4.43980939035 -0.695522971423 3.4125
12if12if-12if12if -4.41613548639 -0.739877527112 3.3821
12if12if-12if12if- -4.34157629462 -0.86913160044 3.2089
12if12if12if -4.97097560327 -0.406265961007 4.1524
12if12if12if-12if -4.47137459563 -0.8152530604 3.3578
12if12if12if-12if- -4.58076435874 -0.804912734534 3.4652
12if12if12if12if -4.91818551858 -0.571439061028 3.8697
12if12if12if12if- -4.75899892301 -0.765456227939 3.6223
12ii -5.83276013007 0.922193798964 6.6116
12ii12ii -5.27383830561 0.122451227363 5.0100
12ii12ii- -4.98022747378 -0.0677563458076 4.6972
12ii12ii-12ii -4.66267062415 -0.437559052445 3.9205
12ii12ii-12ii-12ii -4.59709118905 -0.557017027583 3.6293
12ii12ii-12ii-12ii- -4.7342365637 -0.419871652937 3.8860
12ii12ii-12ii12ii -4.59001622925 -0.553207433843 3.6710
12ii12ii-12ii12ii- -4.49532061342 -0.638923292997 3.5076
12ii12ii12ii -5.00417349158 -0.200820012876 4.3773
12ii12ii12ii-12ii -4.59001622925 -0.553207433843 3.6710
12ii12ii12ii-12ii- -4.65695623354 -0.496335641579 3.7831
12ii12ii12ii12ii -4.90566828201 -0.309937662148 4.1088
12ii12ii12ii12ii- -4.7342365637 -0.419871652937 3.8860
12il -5.91602696467 0.732530453471 6.4582
12il12il -5.22812318073 -0.20190846823 4.7386
12il12il- -4.9810438153 -0.194561394588 4.5805
12il12il-12il -4.706753066 -0.697699882132 3.7537
12il12il-12il-12il -4.53858671376 -0.866138348216 3.3347
12il12il-12il-12il- -4.49069467817 -0.71729207851 3.4240
12il12il-12il12il -4.56198850388 -0.841920216582 3.4126
12il12il-12il12il- -4.49695329645 -0.81144346666 3.3761
12il12il12il-12il -4.49450427191 -0.834301029101 3.3634
12il12il12il-12il- -4.52253199728 -0.821239564849 3.3945
12il12il12il12il -4.77151615959 -0.681917279494 3.6909
12il12il12il12il- -4.61096899482 -0.746408259238 3.5090
12la -5.72990109908 0.754843788235 6.0901
12la12la -4.97641788004 -0.252793756045 4.4664
12la12la- -4.82539469963 -0.212248794096 4.4310
12la12la-12la -4.53559346153 -0.692801833037 3.6044
12la12la-12la-12la -4.28579295771 -0.877567129436 3.1371
12la12la-12la-12la- -4.12742270366 -0.777429236837 3.1147
12la12la-12la12la -4.37613475212 -0.878111357114 3.2108
12la12la-12la12la- -4.29341214519 -0.823688589397 3.1856
12la12la12la -4.85859258793 -0.592936054277 3.9347
12la12la12la-12la -4.35953580797 -0.851172087094 3.2285
12la12la12la-12la- -4.28905832378 -0.816341515755 3.2315
12la12la12la12la -4.68688875579 -1.0952582003 3.3165
12la12la12la12la- -4.35110027897 -0.730897770439 3.2796
12le -5.98323908281 -0.0489804909453 5.3417
12le12le -5.26676334581 -0.866138348216 4.1030
12le12le- -5.04907227494 -0.769537935518 4.0217
12le12le-12le -4.94485267477 -1.09689088334 3.4827
12le12le-12le-12le- -4.8760078736 -1.4111823669 3.1033
12le12le-12le12le -4.98186015681 -1.45662537795 3.1745
12le12le-12le12le- -4.8950558423 -1.48546944484 3.0737
12le12le12le -5.13750927248 -1.24954674678 3.5898
12le12le12le-12le -4.92063454313 -1.46587724846 3.1321
12le12le12le-12le- -4.74539323108 -1.27376487842 3.1380
12le12le12le12le -5.27465464713 -1.15974918005 3.6187
12le12le12le12le- -4.83219754559 -1.22723341202 3.2466
12lf -5.67438987601 0.965459899299 6.0823
12lf12lf -4.91301535565 -0.154560660316 4.5576
12lf12lf- -4.72035875793 -0.13660114697 4.4477
12lf12lf-12lf -4.59763541673 -0.663957766147 3.6834
12lf12lf-12lf-12lf -4.43300654439 -0.913214042291 3.2281
12lf12lf-12lf-12lf- -4.51028687454 -0.85960761609 3.3590
12lf12lf-12lf12lf -4.32797060269 -0.779061919869 3.2773
12lf12lf-12lf12lf- -4.40878841275 -0.913214042291 3.2247
12lf12lf12lf -4.56307695923 -0.583684183765 3.7598
12lf12lf12lf-12lf -4.36035214948 -0.814164605046 3.2659
12lf12lf12lf-12lf- -4.59872387209 -1.02423648843 3.2967
12lf12lf12lf12lf -4.3731414999 -0.779878261384 3.3174
12lf12lf12lf12lf- -4.44851703319 -0.908860220874 3.2723
12li -5.6341170279 0.946684044437 6.2013
12li12li -5.1764215514 0.208711314195 4.9125
12li12li- -4.9810438153 -0.194561394588 4.5805
12li12li-12li -4.62947273585 -0.650624188057 3.7237
12li12li-12li-12li -4.4803543523 -0.827226069298 3.3220
12li12li-12li-12li- -4.57777110651 -0.743687120853 3.4846
12li12li-12li12li -4.46021792825 -0.872124852665 3.2961
12li12li-12li12li- -4.49695329645 -0.81144346666 3.3761
12li12li12li -4.62947273585 -0.650624188057 3.7237
12li12li12li-12li -4.46021792825 -0.872124852665 3.2962
12li12li12li-12li- -4.52253199728 -0.821239564849 3.3945
12li12li12li12li -4.46021792825 -0.872124852665 3.2961
12li12li12li12li- -4.49287158888 -0.826681841621 3.3335
12ll -5.49751588093 0.92301014048 6.0752
12ll12ll -5.26295375207 0.134424236261 4.8724
12ll12ll- -4.43953727651 0.140682854548 4.4191
12ll12ll-12ll -5.03029642008 -0.371707503507 4.2517
12ll12ll-12ll-12ll -4.73205965299 -0.751578422172 3.5901
12ll12ll-12ll-12ll- -4.70185501691 -0.432388889511 3.8245
12ll12ll-12ll12ll -4.97097560327 -0.487627998744 3.9957
12ll12ll-12ll12ll- -4.54974338114 -0.903145830263 3.3449
12ll12ll12ll -4.98947934429 -0.208983428033 4.3001
12ll12ll12ll-12ll -3.99571960578 -0.434293686382 3.2656
12ll12ll12ll-12ll- -4.63518712646 -0.418783197582 3.8200
12ll12ll12ll12ll -4.93151909667 -0.33660481833 4.0353
12ll12ll12ll12ll- -4.70974631823 -0.384224740082 3.8564
2 -7.29482778478 0.506948081284 8.3454
22 -6.2956257695 -0.534159465142 6.1375
22- -6.24691739239 -0.765456227939 5.5759
22-2 -5.72799630221 -1.33988854119 4.4436
22-2- -5.75466345839 -1.2122671509 4.7028
22-2-2 -5.59765377353 -1.26913894316 4.3123
22-2-2- -5.45234498373 -1.48764635554 4.1321
22-22 -5.66132841176 -1.27675813064 4.2899
22-22- -5.71765597635 -1.03484892814 4.4432
222 -5.7807863869 -1.07593811776 5.0130
222- -5.87847525495 -0.979337705067 4.9487
222-2 -5.63384491406 -1.19485186523 4.3337
222-2- -5.45833148817 -1.50125204747 4.0880
2222 -5.4697602694 -1.40002569952 4.3170
2222- -5.45261709756 -1.48683001403 4.1328
4aa -6.72610986214 0.093062932796 5.5626
4aa4aa -6.13970453999 -0.543683449493 5.1473
4aa4aa- -6.13997665383 -0.543955563331 5.1475
4aa4aa-4aa -5.87303297818 -0.867771031247 4.5990
4aa4aa-4aa-4aa -5.74786061243 -1.00137892599 4.3134
4aa4aa-4aa-4aa- -5.74758849859 -1.00165103983 4.3132
4aa4aa-4aa4aa -5.7807863869 -0.980154046583 4.3574
4aa4aa-4aa4aa- -5.78160272841 -0.978521363551 4.3594
4aa4aa4aa -5.8640532215 -0.850355745578 4.6105
4aa4aa4aa-4aa -5.74758849859 -1.00165103983 4.3133
4aa4aa4aa-4aa- -5.74758849859 -1.00165103983 4.3134
4aa4aa4aa4aa -5.7807863869 -0.979881932744 4.3575
4aa4aa4aa4aa- -5.78160272841 -0.978521363551 4.3594
4ae -6.34134089438 -0.715115167801 5.1215
4ae4ae -6.18188218497 -1.02151535005 4.6272
4ae4ae- -6.14596315828 -1.00464429206 4.5754
4ae4ae-4ae -5.99602843322 -1.20437584958 4.3159
4ae4ae-4ae-4ae -5.9260951767 -1.31158870198 4.1488
4ae4ae-4ae-4ae- -5.93425859186 -1.30478585601 4.1632
4ae4ae-4ae4ae -5.92419037983 -1.30669065288 4.1409
4ae4ae-4ae4ae- -5.91765964771 -1.30587431137 4.1369
4ae4ae4ae -6.02868209385 -1.20791332948 4.3734
4ae4ae4ae-4ae -5.9274557459 -1.30505796985 4.1563
4ae4ae4ae-4ae- -5.93398647802 -1.30995601895 4.1567
4ae4ae4ae4ae -5.9451431454 -1.30614642521 4.1826
4ae4ae4ae4ae- -5.94106143782 -1.30097626227 4.1832
4af -5.95956517885 0.0413613034649 5.2331
4af4af -5.68309751885 -0.494975072386 4.6385
4af4af- -5.64881117518 -0.466403119335 4.6249
4af4af-4af -5.53670027369 -0.714298826285 4.2706
4af4af-4af-4af -5.46431799262 -0.900424691877 4.0346
4af4af-4af-4af- -5.41805864006 -0.904234285618 3.9960
4af4af-4af4af -5.50241393003 -0.942874450697 4.0353
4af4af-4af4af- -5.45833148817 -0.889812252173 4.0440
4af4af4af -5.48309384749 -0.74042175479 4.2723
4af4af4af-4af -5.37234351518 -0.826409727782 4.0455
4af4af4af-4af- -5.3230909104 -0.801647368471 4.0232
4af4af4af4af -5.34948595274 -0.887363227625 4.0145
4af4af4af4af- -5.31792074746 -0.840559647389 4.0190
4ai -6.42433561515 0.138233830001 5.4619
4ai4ai -6.13371803554 -0.305855954569 5.1265
4ai4ai- -6.16528324082 -0.262861968073 5.1651
4ai4ai-4ai -5.94541525924 -0.503682715221 4.9262
4ai4ai-4ai-4ai -5.89752322365 -0.564091987387 4.7996
4ai4ai-4ai-4ai- -5.83820240684 -0.638651179159 4.6844
4ai4ai-4ai4ai -5.81997077965 -0.660692400084 4.6439
4ai4ai-4ai4ai- -5.83520915461 -0.648447277348 4.6676
4ai4ai4ai -5.93561916105 -0.525996049985 4.8933
4ai4ai4ai-4ai -5.83520915461 -0.641372317545 4.6789
4ai4ai4ai-4ai- -5.87820314111 -0.58640532215 4.7639
4ai4ai4ai4ai -5.87657045808 -0.587765891343 4.7622
4ai4ai4ai4ai- -5.8499033019 -0.6269502841 4.7047
4al -5.85779460322 0.106940738564 5.2030
4ea -6.34134089438 -0.715115167801 5.1215
4ea4ea -6.18188218497 -1.02151535005 4.6273
4ea4ea- -6.14623527212 -1.00464429206 4.5755
4ea4ea-4ea -5.99602843322 -1.20410373574 4.3162
4ea4ea-4ea-4ea -5.92555094903 -1.31267715733 4.1491
4ea4ea-4ea-4ea- -5.93480281954 -1.31866366178 4.1590
4ea4ea-4ea4ea -5.92419037983 -1.31430984037 4.1410
4ea4ea-4ea4ea- -5.91765964771 -1.30614642521 4.1369
4ea4ea4ea -6.02840998001 -1.20791332948 4.3734
4ea4ea4ea-4ea -5.92092501377 -1.30206471763 4.1459
4ea4ea4ea-4ea- -5.93480281954 -1.30206471763 4.1637
4ea4ea4ea4ea -5.9451431454 -1.30614642521 4.1824
4ea4ea4ea4ea- -5.92582306286 -1.3124050435 4.1518
4ee -6.19820901529 -1.28029561054 4.8368
4ee4ee -6.11902388826 -1.49200017696 4.1728
4ee4ee4ee -6.04310412729 -1.60710433068 4.0124
4ee4ee4ee4ee -5.98378331048 -1.68139140862 3.8818
4ef -5.82840630865 -0.387490106145 4.8803
4ef4ef -5.67602255904 -0.79810988857 4.3434
4ef4ef- -5.69207727552 -0.638923292997 4.4393
4ef4ef-4ef -5.62758629577 -0.982058843453 4.0419
4ef4ef-4ef-4ef -5.53642815985 -1.22151902141 3.8137
4ef4ef-4ef-4ef- -5.49425051487 -1.18995381613 3.8038
4ef4ef-4ef4ef- -5.56091840532 -1.03049510672 3.9604
4ef4ef4ef -5.56581645442 -1.01226347954 4.0590
4ef4ef4ef-4ef -5.52255035408 -0.991038600126 3.9825
4ef4ef4ef-4ef- -5.47656311536 -0.988045347902 3.9475
4ef4ef4ef4ef -5.47792368455 -1.1502251957 3.8550
4ef4ef4ef4ef- -5.47547466001 -1.04029120491 3.9421
4ei -6.13399014938 -0.598922558725 5.0504
4ei4ei -6.04745794871 -0.794844522507 4.6064
4ei4ei- -6.04745794871 -0.794844522507 4.6063
4ei4ei-4ei -6.00800144212 -0.87103639731 4.5507
4ei4ei-4ei-4ei -5.98187851361 -0.908043879358 4.5271
4ei4ei-4ei-4ei- -5.97861314755 -0.946411930598 4.5152
4ei4ei-4ei4ei -5.98323908281 -0.932262010992 4.5294
4ei4ei-4ei4ei- -5.98922558725 -0.885730544594 4.5485
4ei4ei4ei -6.00337550686 -0.897703553492 4.5368
4ei4ei4ei-4ei -5.98949770109 -0.879744040145 4.5484
4ei4ei4ei-4ei- -5.98160639977 -0.918928432901 4.5269
4ei4ei4ei4ei -5.97861314755 -0.946411930598 4.5153
4ei4ei4ei4ei- -5.98677656271 -0.888179569141 4.5746
4el -5.74432313253 -0.366537340574 4.8698
4fa -5.95956517885 0.0413613034649 5.2331
4fa4fa -5.68309751885 -0.494975072386 4.6386
4fa4fa- -5.82133134885 -0.589126460536 4.5757
4fa4fa-4fa -5.53670027369 -0.714026712447 4.2706
4fa4fa-4fa-4fa -5.46431799262 -0.900424691877 4.0346
4fa4fa-4fa-4fa- -5.65833515953 -1.11811576275 4.0458
4fa4fa-4fa4fa -5.37234351518 -0.826409727782 4.0455
4fa4fa-4fa4fa- -5.59710954585 -0.992943396996 4.0834
4fa4fa4fa -5.48309384749 -0.74042175479 4.2723
4fa4fa4fa-4fa -5.50241393003 -0.942874450697 4.0353
4fa4fa4fa-4fa- -5.72445882231 -1.10831966456 4.1020
4fa4fa4fa4fa -5.34948595274 -0.887091113787 4.0146
4fa4fa4fa4fa- -5.56064629148 -1.03403258662 4.0581
4fe -5.82840630865 -0.387490106145 4.8803
4fe4fe -5.67602255904 -0.79810988857 4.3436
4fe4fe- -5.72037711473 -0.931717783315 4.1379
4fe4fe-4fe -5.62159979133 -0.963282988591 4.0473
4fe4fe-4fe-4fe -5.53724450136 -1.25090731597 3.7841
4fe4fe-4fe-4fe- -5.57017027583 -1.38805269062 3.7576
4fe4fe-4fe4fe -5.52663206166 -1.00437217822 3.9761
4fe4fe-4fe4fe- -5.64690637831 -1.15675592782 3.9761
4fe4fe4fe -5.56581645442 -1.01226347954 4.0589
4fe4fe4fe-4fe -5.63574971093 -1.1643751153 3.9380
4fe4fe4fe-4fe- -5.63030743416 -1.36709992505 3.8038
4fe4fe4fe4fe -5.47792368455 -1.15049730954 3.8548
4fe4fe4fe4fe- -5.65398133812 -1.27403699225 3.8820
4ff -5.39084725621 -0.0429939864964 4.7836
4ff4ff -5.15955049341 -0.500961576835 4.1358
4ff4ff- -5.29587952654 -0.597834103371 4.1150
4ff4ff-4ff -5.207442529 -0.76926582168 3.8788
4ff4ff-4ff-4ff -5.26377009359 -0.930901441799 3.7831
4ff4ff-4ff-4ff- -5.40907888339 -1.08518998828 3.7666
4ff4ff-4ff4ff -5.11138634398 -0.865049892861 3.7207
4ff4ff-4ff4ff- -5.25560667843 -0.992671283158 3.7290
4ff4ff4ff -5.01124845138 -0.698244109809 3.8228
4ff4ff4ff-4ff -5.12145455601 -0.876206560243 3.7263
4ff4ff4ff-4ff- -5.26621911813 -0.991582827803 3.7590
4ff4ff4ff4ff -4.90947787575 -0.800558913117 3.6284
4ff4ff4ff4ff- -5.08009325254 -0.894982415106 3.6908
4fi -5.73507126202 0.0745591917723 5.1013
4fi4fi -5.55411555936 -0.26721578949 4.6467
4fi4fi- -5.67901581127 -0.425858157385 4.5461
4fi4fi-4fi -5.53506759066 -0.42504181587 4.4718
4fi4fi-4fi-4fi -5.45016807302 -0.580418817702 4.2664
4fi4fi-4fi-4fi- -5.62785840961 -0.779606147546 4.3569
4fi4fi-4fi4fi -5.42649416906 -0.501505804512 4.3586
4fi4fi-4fi4fi- -5.61697385607 -0.638106951482 4.3847
4fi4fi4fi -5.41397693249 -0.500417349158 4.3624
4fi4fi4fi-4fi -5.53969352591 -0.581779386895 4.3498
4fi4fi4fi-4fi- -5.67302930682 -0.811171352822 4.3179
4fi4fi4fi4fi -5.30322660018 -0.648991505025 4.1486
4fi4fi4fi4fi- -5.49724376709 -0.680556710301 4.3449
4fl -5.33560814697 0.0253065869884 4.7854
4ia -6.42433561515 0.138233830001 5.4619
4ia4ia -6.13371803554 -0.305855954569 5.1264
4ia4ia- -6.16528324082 -0.262861968073 5.1651
4ia4ia-4ia -5.94541525924 -0.503682715221 4.9262
4ia4ia-4ia-4ia -5.89752322365 -0.564091987387 4.7996
4ia4ia-4ia-4ia- -5.85017541574 -0.626678170261 4.7053
4ia4ia-4ia4ia -5.83520915461 -0.641372317545 4.6789
4ia4ia-4ia4ia- -5.83520915461 -0.648447277348 4.6675
4ia4ia4ia -5.93561916105 -0.525996049985 4.8934
4ia4ia4ia-4ia -5.81997077965 -0.660420286246 4.6440
4ia4ia4ia-4ia- -5.87793102727 -0.58640532215 4.7636
4ia4ia4ia4ia -5.87657045808 -0.587765891343 4.7622
4ia4ia4ia4ia- -5.83874663452 -0.637834837643 4.6854
4ie -6.13371803554 -0.598650444887 5.0500
4ie4ie -6.04745794871 -0.794844522507 4.6064
4ie4ie- -6.04745794871 -0.794844522507 4.6064
4ie4ie-4ie -6.00691298676 -0.883009406208 4.5463
4ie4ie-4ie-4ie -5.98351119664 -0.92681973422 4.5301
4ie4ie-4ie-4ie- -5.98187851361 -0.908043879358 4.5271
4ie4ie-4ie4ie -5.98187851361 -0.912941928452 4.5271
4ie4ie-4ie4ie- -5.98895347342 -0.883825747724 4.5465
4ie4ie4ie -6.00337550686 -0.897703553492 4.5367
4ie4ie4ie-4ie -5.98949770109 -0.879744040145 4.5485
4ie4ie4ie-4ie- -5.98323908281 -0.932262010992 4.5293
4ie4ie4ie4ie -5.97861314755 -0.94613981676 4.5155
4ie4ie4ie4ie- -5.97806891987 -0.952942662724 4.5129
4if -5.73507126202 0.0748313056109 5.1013
4if4if -5.55411555936 -0.26721578949 4.6467
4if4if- -5.55465978703 -0.188847003978 4.7406
4if4if-4if -5.53506759066 -0.42504181587 4.4718
4if4if-4if-4if -5.45016807302 -0.580418817702 4.2664
4if4if-4if-4if- -5.39656164682 -0.584228411442 4.2337
4if4if-4if4if -5.53969352591 -0.581779386895 4.3498
4if4if-4if4if- -5.51765230499 -0.505043284414 4.3874
4if4if4if -5.41452116016 -0.498512552288 4.3646
4if4if4if-4if -5.42649416906 -0.501505804512 4.3585
4if4if4if-4if- -5.35003018042 -0.401367911913 4.3144
4if4if4if4if -5.35220709113 -0.512390358055 4.3139
4if4if4if4if- -5.38186749953 -0.473205965299 4.3702
4ii -6.15467080111 0.17496919821 5.3513
4ii4ii -6.12528250655 0.051157401654 5.2827
4ii4ii4ii -6.08609811379 0.00517016293311 5.2228
4ii4ii4ii4ii -6.09943169188 -0.0582323614572 5.2071
4il -5.65071597205 0.14802992819 5.0835
4la -5.85779460322 0.106940738564 5.2030
4la4la- -5.56799336512 -0.374156528054 4.6185
4la4la-4la-4la- -5.22349724548 -0.74042175479 4.0166
4le -5.74405101869 -0.367081568251 4.8701
4le4le- -5.60119125343 -0.620691665812 4.3755
4le4le-4le-4le- -5.36635701073 -0.972806972941 3.9030
4lf -5.33560814697 0.0253065869884 4.7854
4lf4lf- -5.09723642437 -0.16544521386 4.3395
4lf4lf-4lf-4lf- -4.78512185152 -0.783959968963 3.5127
4li -5.65071597205 0.14802992819 5.0835
4li4li- -5.48336596132 -0.100682120276 4.7474
4li4li-4li-4li- -5.30186603099 -0.366265226735 4.3764
4ll -5.25968838601 0.0661236627761 4.7575
