11 -8.97594707956 0.519465317859 4.0538
1111 -8.87172747938 -1.45880228865 2.6980
1111- -8.92587813326 -1.4302303356 2.7878
1111-11- -8.69811885037 -2.2468439652 2.0886
1111-11-11 -8.65512486387 -2.02996923584 2.4064
1111-11-11- -8.8796187807 -2.66345025207 2.0409
1111-1111 -8.57784453371 -2.51215495782 1.9050
1111-1111- -8.65512486387 -2.03051346352 2.4059
111111 -8.77675974972 -2.36929519256 2.0466
111111- -8.69839096421 -2.24738819287 2.0886
111111-11 -8.57730030604 -2.51242707165 1.9045
111111-11- -8.62274331708 -2.74780554203 1.7300
11111111 -8.86927845484 -2.71270285685 1.9684
11111111- -8.78737218942 -2.57011520543 2.0536
12aa -7.67687561416 2.06806517325 6.7228
12aa12aa -6.70352441354 0.833756801424 4.9659
12aa12aa- -6.71413685324 0.838110622842 4.9788
12aa12aa-12aa -6.31494585204 0.340686525908 4.2416
12aa12aa-12aa-12aa -6.08201640621 0.0846274037999 3.8359
12aa12aa-12aa-12aa- -6.05344445316 0.112383015336 3.8446
12aa12aa-12aa12aa -6.08011160934 0.0922465912803 3.8582
12aa12aa-12aa12aa- -6.10623453785 0.0726543949022 3.8562
12aa12aa12aa -6.26787015796 0.372251731184 4.2488
12aa12aa12aa-12aa -6.08011160934 0.0922465912803 3.8582
12aa12aa12aa-12aa- -6.05670981922 0.112110901497 3.8628
12aa12aa12aa12aa -6.02650518314 0.137689602324 3.8522
12aa12aa12aa12aa- -6.05344445316 0.112383015336 3.8446
12ae -7.63524219685 1.26886682932 6.0250
12ae12ae -6.87876572559 0.177418222757 4.5477
12ae12ae- -6.86733694437 0.187758548624 4.5728
12ae12ae-12ae -6.51875911714 -0.247623593112 3.9062
12ae12ae-12ae-12ae -6.32528617791 -0.487900112583 3.5520
12ae12ae-12ae-12ae- -6.31249682749 -0.457967590338 3.5663
12ae12ae-12ae12ae -6.31195259982 -0.462593525594 3.5811
12ae12ae-12ae12ae- -6.33181691003 -0.487083771067 3.5696
12ae12ae12ae -6.50733033592 -0.241364974825 3.9469
12ae12ae12ae-12ae -6.33072845468 -0.487627998744 3.5924
12ae12ae12ae-12ae- -6.3075987784 -0.460960842563 3.6036
12ae12ae12ae12ae -6.30378918466 -0.46531466398 3.6031
12ae12ae12ae12ae- -6.31603430739 -0.48463474652 3.5914
12af -7.29999794772 2.12167159945 6.3973
12af12af -6.4803910659 0.882193064692 4.8275
12af12af- -6.44855374679 0.804096393018 4.7276
12af12af-12af -6.00854566979 0.364632543704 4.0261
12af12af-12af-12af -5.69316573087 0.144764562127 3.6156
12af12af-12af-12af- -5.67765524207 0.151295294253 3.6148
12af12af-12af12af -5.79221516812 0.125444479588 3.6813
12af12af-12af12af- -5.8104467953 0.0549669953942 3.6437
12af12af12af -6.09779900885 0.38259205705 4.1343
12af12af12af-12af -5.9500411945 0.0677563458076 3.7452
12af12af12af-12af- -5.93017688428 0.0707495980321 3.7376
12af12af12af12af -6.338619756 0.278644570711 4.1393
12af12af12af12af- -6.20093015367 0.115920495237 3.9455
12ai -7.49129397624 2.20983648315 6.6820
12ai12ai -6.64093823066 1.10423795698 5.0940
12ai12ai- -6.50379285602 1.01035868267 4.9310
12ai12ai-12ai -6.0953499843 0.537424831205 4.1993
12ai12ai-12ai-12ai -5.91657119235 0.322182784885 3.8725
12ai12ai-12ai-12ai- -5.95385078824 0.393476610594 3.9613
12ai12ai-12ai12ai -5.88609444243 0.321366443369 3.8623
12ai12ai-12ai12ai- -5.84473313897 0.248439934628 3.7696
12ai12ai12ai -6.2956257695 0.715931509317 4.4993
12ai12ai12ai-12ai -5.90269338658 0.310481889825 3.8659
12ai12ai12ai-12ai- -5.92936054277 0.372251731184 3.9442
12ai12ai12ai12ai -6.03249168759 0.46912425772 4.0885
12ai12ai12ai12ai- -5.97181030158 0.399463115043 3.9920
12al -7.07142232331 2.05663639202 6.1796
12al12al -6.12473827887 0.994303966189 4.6518
12al12al- -6.20011381216 1.03974697723 4.7304
12al12al-12al -5.83384858542 0.589670688214 4.0558
12al12al-12al-12al -5.66051207024 0.338781729038 3.6772
12al12al-12al-12al- -5.75303077536 0.332250996912 3.7704
12al12al-12al12al -5.51710807731 0.325992378625 3.6098
12al12al-12al12al- -5.56445588522 0.320550101853 3.6257
12al12al12al -5.62976320648 0.571439061028 3.9428
12al12al12al-12al -5.50976100367 0.33660481833 3.6410
12al12al12al-12al- -5.48554287203 0.400551570397 3.6611
12al12al12al12al -5.33451969162 0.360006608448 3.5440
12al12al12al12al- -5.37833001963 0.357013356223 3.5619
12ea -7.63524219685 1.26886682932 6.0250
12ea12ea -6.87876572559 0.177690336596 4.5477
12ea12ea- -6.86733694437 0.187758548624 4.5729
12ea12ea-12ea -6.51875911714 -0.247623593112 3.9062
12ea12ea-12ea-12ea -6.32528617791 -0.487627998744 3.5520
12ea12ea-12ea-12ea- -6.31603430739 -0.48463474652 3.5915
12ea12ea-12ea12ea -6.33072845468 -0.487627998744 3.5924
12ea12ea-12ea12ea- -6.33181691003 -0.487083771067 3.5696
12ea12ea12ea -6.50733033592 -0.241364974825 3.9469
12ea12ea12ea-12ea -6.31195259982 -0.462593525594 3.5811
12ea12ea12ea-12ea- -6.3075987784 -0.460960842563 3.6036
12ea12ea12ea12ea -6.30378918466 -0.46531466398 3.6031
12ea12ea12ea12ea- -6.31576219356 -0.456607021145 3.5674
12ee -7.76830586392 1.04382868481 6.0284
12ee12ee -7.17128810207 -0.0206806517325 4.5532
12ee12ee- -6.9535970312 -0.278100343034 4.2575
12ee12ee-12ee -6.66842172836 -0.561642962839 3.7404
12ee12ee-12ee-12ee- -6.68093896494 -0.614705161363 3.7270
12ee12ee-12ee12ee -6.56311367283 -0.718652647703 3.5477
12ee12ee-12ee12ee- -6.50188805915 -0.749673625301 3.4699
12ee12ee12ee -6.93944711159 -0.333339452267 4.1526
12ee12ee12ee-12ee -6.56311367283 -0.718652647703 3.5477
12ee12ee12ee-12ee- -6.62107392045 -0.699604679002 3.6293
12ee12ee12ee12ee -6.81998913645 -0.489804909453 3.9350
12ee12ee12ee12ee- -6.68093896494 -0.614977275202 3.7269
12ef -7.52177072616 1.27811869983 5.9165
12ef12ef -6.63903343379 0.224221802994 4.3135
12ef12ef- -6.70053116131 0.103403258662 4.3544
12ef12ef-12ef -6.22324348844 -0.206806517325 3.6466
12ef12ef-12ef-12ef -5.95847672349 -0.450076289019 3.2972
12ef12ef-12ef-12ef- -6.09562209814 -0.445178239925 3.4542
12ef12ef-12ef12ef -6.01834176798 -0.409803440909 3.3734
12ef12ef-12ef12ef- -6.07385299105 -0.502866373705 3.3370
12ef12ef12ef -6.27086341019 -0.186670093269 3.7513
12ef12ef12ef-12ef -6.05126754245 -0.461232956401 3.3497
12ef12ef12ef-12ef- -6.1108604731 -0.535520034335 3.3905
12ef12ef12ef12ef -6.0763020156 -0.416606286874 3.4207
12ef12ef12ef12ef- -6.13589494625 -0.515655724118 3.3705
12ei -7.53211105203 1.32056845865 5.9910
12ei12ei -6.91495686612 0.522458570083 4.8066
12ei12ei- -6.64719684895 0.32490392327 4.4885
12ei12ei-12ei -6.3040612985 -0.0565996784257 3.8611
12ei12ei-12ei-12ei -6.22133869157 -0.164356758505 3.7001
12ei12ei-12ei-12ei- -6.33344959306 -0.0699332565163 3.8954
12ei12ei-12ei12ei -6.19358308003 -0.202452695907 3.6738
12ei12ei-12ei12ei- -6.11847966058 -0.270753269392 3.5477
12ei12ei12ei -6.64365936905 0.201092126714 4.3465
12ei12ei12ei-12ei -6.17616779436 -0.220956436931 3.6306
12ei12ei12ei-12ei- -6.29372097263 -0.115104153721 3.8291
12ei12ei12ei12ei -6.51930334482 0.0555112230713 4.1246
12ei12ei12ei12ei- -6.3541302448 -0.0625861828745 3.8891
12el -7.31006615975 1.21471617544 5.6488
12el12el -6.83713230828 0.351571079452 4.5950
12el12el- -6.38270219785 0.45198108589 4.3736
12el12el-12el -6.39059349917 -0.198915216006 3.8131
12el12el-12el-12el -6.21045413802 -0.406265961007 3.5040
12el12el-12el-12el- -6.08174429237 -0.0745591917723 3.6784
12el12el-12el12el -6.24610105088 -0.299325222443 3.6277
12el12el-12el12el- -6.13888819848 -0.371979617346 3.4856
12el12el12el -6.49535732702 0.00952398435047 4.0797
12el12el12el-12el -6.18106584346 -0.342863436617 3.5482
12el12el12el-12el- -6.19521576306 -0.250616845337 3.6508
12el12el12el12el -6.26079519816 -0.149662611222 3.7886
12el12el12el12el- -6.16473901314 -0.183676841045 3.6573
12fa -7.21428208856 2.07867761295 6.2823
12fa12fa -6.25834617361 0.99022225861 4.7602
12fa12fa- -6.44855374679 0.804096393018 4.7276
12fa12fa-12fa -5.915482737 0.460960842563 4.0434
12fa12fa-12fa-12fa -5.7617384182 0.174697084372 3.6755
12fa12fa-12fa-12fa- -6.20120226751 0.115920495237 3.9457
12fa12fa-12fa12fa -5.6079940994 0.260140829687 3.6690
12fa12fa-12fa12fa- -5.8104467953 0.0549669953942 3.6437
12fa12fa12fa -5.76854126416 0.55565645839 4.0476
12fa12fa12fa-12fa -5.66350532247 0.209799769549 3.6456
12fa12fa12fa-12fa- -5.93044899812 0.0707495980321 3.7376
12fa12fa12fa12fa -5.48227750597 0.338781729038 3.6521
12fa12fa12fa12fa- -5.67765524207 0.151567408092 3.6149
12fe -7.49836893605 1.06097185664 5.6740
12fe12fe -6.53943976887 0.272113838585 4.3618
12fe12fe- -6.70053116131 0.103403258662 4.3544
12fe12fe-12fe -6.18161007113 -0.14231553758 3.7290
12fe12fe-12fe-12fe -6.06949916964 -0.352115307129 3.4287
12fe12fe-12fe-12fe- -6.13562283241 -0.515655724118 3.3705
12fe12fe-12fe12fe -5.89072037769 -0.323271240239 3.3912
12fe12fe-12fe12fe- -6.07385299105 -0.502866373705 3.3372
12fe12fe12fe -6.0953499843 -0.118097405946 3.7456
12fe12fe12fe-12fe -5.98024583058 -0.40381693646 3.3864
12fe12fe12fe-12fe- -6.1108604731 -0.535520034335 3.3905
12fe12fe12fe12fe -5.85017541574 -0.328169289333 3.4031
12fe12fe12fe12fe- -6.09562209814 -0.445178239925 3.4542
12ff -7.22135704837 2.26888518612 6.3315
12ff12ff -6.21127047954 1.07484966241 4.7760
12ff12ff- -6.40664821564 0.866138348216 4.7898
12ff12ff-12ff -5.78867768822 0.597289875694 4.0225
12ff12ff-12ff-12ff -5.53479547682 0.312114572857 3.6035
12ff12ff-12ff-12ff- -5.70377817058 0.100954234115 3.6014
12ff12ff-12ff12ff -5.49506685638 0.383680512405 3.6462
12ff12ff-12ff12ff- -5.70568296745 0.147213586674 3.6227
12ff12ff12ff -5.75003752314 0.587765891343 4.0428
12ff12ff12ff-12ff -5.59520474898 0.274290749294 3.6368
12ff12ff12ff-12ff- -5.76935760568 0.0530621985241 3.6244
12ff12ff12ff12ff -5.48799189658 0.334700021459 3.6345
12ff12ff12ff12ff- -5.70377817058 0.100954234115 3.6014
12fi -7.12475663567 2.24956510358 6.3787
12fi12fi -6.65481603643 1.14451080509 5.0767
12fi12fi- -6.28174796373 0.995120307705 4.7444
12fi12fi-12fi -5.73507126202 0.661236627761 4.0366
12fi12fi-12fi-12fi -5.76119419052 0.487083771067 3.8869
12fi12fi-12fi-12fi- -6.08881925218 0.403000594944 4.0706
12fi12fi-12fi12fi -5.51656384963 0.485178974197 3.7408
12fi12fi-12fi12fi- -5.61425271768 0.252793756045 3.6084
12fi12fi12fi -5.98677656271 0.835933712133 4.3754
12fi12fi12fi-12fi -5.57153084503 0.446810922956 3.7247
12fi12fi12fi-12fi- -5.8844617594 0.342863436617 3.8775
12fi12fi12fi12fi -5.80881411227 0.67293752282 4.0843
12fi12fi12fi12fi- -5.73153378211 0.453613768921 3.8397
12fl -7.11359996829 2.2073874586 6.4401
12fl12fl -5.95058542217 1.2193421107 4.6840
12fl12fl- -6.10514608249 1.07593811776 4.6861
12fl12fl-12fl -5.5756125526 0.753483219042 3.9812
12fl12fl-12fl-12fl -5.61289214849 0.314563597404 3.6398
12fl12fl-12fl-12fl- -5.75167020617 0.173608629017 3.6547
12fl12fl-12fl12fl -6.07548567409 0.581779386895 4.2686
12fl12fl-12fl12fl- -5.68799556794 0.217963184707 3.6082
12fl12fl12fl -6.01834176798 0.411708237779 4.0690
12fl12fl12fl-12fl -5.83466492694 0.124628138072 3.6955
12fl12fl12fl-12fl- -5.77017394719 0.218779526222 3.7144
12fl12fl12fl12fl -5.78350752528 0.204629606616 3.7129
12fl12fl12fl12fl- -5.74704427091 0.16354041699 3.6387
12ia -7.49129397624 2.20983648315 6.6820
12ia12ia -6.64093823066 1.10423795698 5.0937
12ia12ia- -6.50379285602 1.01035868267 4.9310
12ia12ia-12ia -6.09507787046 0.537424831205 4.1993
12ia12ia-12ia-12ia -5.91657119235 0.322182784885 3.8725
12ia12ia-12ia-12ia- -5.97153818775 0.399463115043 3.9918
12ia12ia-12ia12ia -5.90269338658 0.310209775987 3.8658
12ia12ia-12ia12ia- -5.846365822 0.248984162305 3.7713
12ia12ia12ia -6.2956257695 0.715931509317 4.4992
12ia12ia12ia-12ia -5.88609444243 0.321366443369 3.8621
12ia12ia12ia-12ia- -5.92936054277 0.372523845023 3.9443
12ia12ia12ia12ia -6.03167534607 0.468307916205 4.0875
12ia12ia12ia12ia- -5.95385078824 0.393476610594 3.9613
12ie -7.53211105203 1.32002423098 5.9907
12ie12ie -6.91495686612 0.522458570083 4.8066
12ie12ie- -6.64719684895 0.32490392327 4.4884
12ie12ie-12ie -6.31059203062 -0.0470756940752 3.8738
12ie12ie-12ie-12ie -6.2229713746 -0.161363506281 3.7035
12ie12ie-12ie-12ie- -6.35168122025 -0.064218865906 3.8853
12ie12ie-12ie12ie -6.17589568052 -0.220956436931 3.6303
12ie12ie-12ie12ie- -6.13589494625 -0.245174568565 3.5801
12ie12ie12ie -6.64393148289 0.201092126714 4.3466
12ie12ie12ie-12ie -6.19385519387 -0.202180582069 3.6741
12ie12ie12ie-12ie- -6.29372097263 -0.115104153721 3.8294
12ie12ie12ie12ie -6.51957545866 0.0555112230713 4.1247
12ie12ie12ie12ie- -6.33344959306 -0.0699332565163 3.8954
12if -7.19387355067 2.31215128646 6.5067
12if12if -6.59277408124 1.24437658385 5.1088
12if12if- -6.28174796373 0.995120307705 4.7444
12if12if-12if -5.82024289349 0.592391826599 4.0207
12if12if-12if-12if -5.54976173794 0.382319943212 3.6350
12if12if-12if-12if- -5.7377924004 0.454974338114 3.8444
12if12if-12if12if -5.70513873977 0.404089050299 3.7701
12if12if-12if12if- -5.61425271768 0.252793756045 3.6084
12if12if12if -6.34977642338 0.818246312625 4.5747
12if12if12if-12if -5.76582012578 0.321910671046 3.7639
12if12if12if-12if- -5.8844617594 0.342863436617 3.8775
12if12if12if12if -6.27957105302 0.633481016226 4.3560
12if12if12if12if- -6.08881925218 0.403000594944 4.0706
12ii -7.33945445431 2.3505193377 6.7054
12ii12ii -6.67794571271 1.43567261237 5.3473
12ii12ii- -6.34406203277 1.20437584958 4.9449
12ii12ii-12ii -5.96146997572 0.774163870774 4.2606
12ii12ii-12ii-12ii -5.88282907637 0.641100203706 4.0840
12ii12ii-12ii-12ii- -6.04255989962 0.803280051503 4.3352
12ii12ii-12ii12ii -5.86949549828 0.642732886738 4.0714
12ii12ii-12ii12ii- -5.75874516597 0.540145969591 3.9118
12ii12ii12ii -6.35902829389 1.062060312 4.8031
12ii12ii12ii-12ii -5.86949549828 0.642732886738 4.0713
12ii12ii12ii-12ii- -5.94840851147 0.711033460222 4.1973
12ii12ii12ii12ii -6.24147511562 0.937704287764 4.5953
12ii12ii12ii12ii- -6.04255989962 0.803280051503 4.3352
12il -7.43142893175 2.14725030027 6.6173
12il12il -6.61916912358 1.07430543473 5.0256
12il12il- -6.35984463541 1.05335266916 4.8488
12il12il-12il -6.00038225464 0.486267429551 4.0712
12il12il-12il-12il -5.80146703863 0.288168555061 3.7365
12il12il-12il-12il- -5.77153451639 0.439191735476 3.8379
12il12il-12il12il -5.82758996713 0.31728473579 3.8017
12il12il-12il12il- -5.76854126416 0.338781729038 3.7731
12il12il12il-12il -5.76064996284 0.314291483566 3.7537
12il12il12il-12il- -5.79303150963 0.330074086203 3.7868
12il12il12il12il -6.07602990176 0.513206699571 4.1386
12il12il12il12il- -5.90078858971 0.422592791322 3.9437
12la -7.25428282284 2.17037997655 6.4025
12la12la -6.37018496127 1.00083469832 4.7595
12la12la- -6.20011381216 1.03974697723 4.7304
12la12la-12la -5.84663793584 0.475927103685 3.9614
12la12la-12la-12la -5.55221076249 0.25007261766 3.5578
12la12la-12la-12la- -5.37833001963 0.357013356223 3.5619
12la12la-12la12la -5.65887938721 0.260685057364 3.6552
12la12la-12la12la- -5.56445588522 0.320550101853 3.6257
12la12la12la -6.20310706438 0.610623453785 4.3112
12la12la12la-12la -5.63574971093 0.290889693447 3.6576
12la12la12la-12la- -5.53942141207 0.332250996912 3.6378
12la12la12la12la -5.95874883733 0.0527900846855 3.7127
12la12la12la12la- -5.63139588951 0.429667751126 3.7099
12le -7.48666804099 1.30587431137 5.8993
12le12le -6.62243448964 0.340142298231 4.4386
12le12le- -6.38297431169 0.45198108589 4.3738
12le12le-12le -6.24229145714 0.0745591917723 3.8746
12le12le-12le-12le- -6.11956811594 -0.272930180101 3.5528
12le12le-12le12le -6.23249535895 -0.323543354077 3.5934
12le12le-12le12le- -6.12773153109 -0.359462380771 3.4877
12le12le12le -6.42841732273 -0.080001468544 3.9787
12le12le12le-12le -6.15793616718 -0.335516362975 3.5514
12le12le12le-12le- -5.98514387968 -0.125988707265 3.5844
12le12le12le12le -6.59930481336 0.0323815467916 4.1061
12le12le12le12le- -6.08201640621 -0.0742870779337 3.6789
12lf -7.2194522515 2.35024722386 6.4810
12lf12lf -6.31793910426 1.07430543473 4.8067
12lf12lf- -6.10514608249 1.07593811776 4.6861
12lf12lf-12lf -5.92038078609 0.483818405004 4.0040
12lf12lf-12lf-12lf -5.71983288705 0.192928711557 3.6137
12lf12lf-12lf-12lf- -5.81398427521 0.256603349786 3.7519
12lf12lf-12lf12lf -5.61044312394 0.335516362975 3.6561
12lf12lf-12lf12lf- -5.68826768178 0.192112370041 3.6089
12lf12lf12lf -5.89316940223 0.570622719513 4.0906
12lf12lf12lf-12lf -5.65044385822 0.293066604156 3.6513
12lf12lf12lf-12lf- -5.90242127275 0.0761918748038 3.6848
12lf12lf12lf12lf -5.6651380055 0.338781729038 3.7233
12lf12lf12lf12lf- -5.74432313253 0.191568142364 3.6615
12li -7.15877086549 2.35568950063 6.5113
12li12li -6.61291050529 1.50995969031 5.2974
12li12li- -6.35984463541 1.05335266916 4.8488
12li12li-12li -5.92881631509 0.525451822307 4.0480
12li12li-12li-12li -5.74650004324 0.321366443369 3.7249
12li12li-12li-12li- -5.86378110767 0.423409132838 3.9145
12li12li-12li12li -5.71765597635 0.268576358683 3.6813
12li12li-12li12li- -5.76854126416 0.338781729038 3.7731
12li12li12li -5.92881631509 0.525451822307 4.0479
12li12li12li-12li -5.71792809018 0.268576358683 3.6814
12li12li12li-12li- -5.79303150963 0.330074086203 3.7868
12li12li12li12li -5.71792809018 0.268576358683 3.6813
12li12li12li12li- -5.76201053204 0.3229991264 3.7401
12ll -7.02570719842 2.30779746504 6.4066
12ll12ll -6.71114360102 1.4266928557 5.2884
12ll12ll- -5.80582086005 1.36329033131 4.6670
12ll12ll-12ll -6.42487984283 0.848995176385 4.6845
12ll12ll-12ll-12ll -6.05507713619 0.410075554747 4.0254
12ll12ll-12ll-12ll- -6.05045120094 0.756748585105 4.2909
12ll12ll-12ll12ll -6.35222544793 0.71919687538 4.5005
12ll12ll-12ll12ll- -5.82813419481 0.226398713703 3.7312
12ll12ll12ll -6.39113772684 1.02777396834 4.7685
12ll12ll12ll-12ll -5.2694844842 0.678379799592 3.6588
12ll12ll12ll-12ll- -5.976164123 0.766272569455 4.2593
12ll12ll12ll12ll -6.31929967346 0.887363227625 4.5864
12ll12ll12ll12ll- -6.06405689286 0.81334826353 4.3509
2 -8.93240886539 2.01990102382 8.3448
22 -7.76667318089 0.848450948708 6.3217
22- -7.75252326128 0.631304105517 5.7488
22-2 -7.14353249053 -0.0258508146656 4.6687
22-2- -7.14679785659 0.0903417944102 4.9328
22-2-2 -6.96039987716 0.0089797566733 4.6458
22-2-2- -6.77046441783 -0.250888959175 4.4190
22-22 -7.03659175197 0.0089797566733 4.6397
22-22- -7.13047102628 0.290889693447 4.8371
222 -7.14979110882 0.212793021773 5.2640
222- -7.28911339417 0.34422400581 5.2350
222-2 -7.01046882346 0.0971446403748 4.6996
222-2- -6.78134897137 -0.262861968073 4.3542
2222 -6.77155287319 -0.175513425887 4.6147
2222- -6.77073653167 -0.249800503821 4.4199
4aa -8.18300735393 1.43703318157 5.6522
4aa4aa -7.50000161908 0.712394029415 5.4026
4aa4aa- -7.50027373292 0.712394029415 5.4028
4aa4aa-4aa -7.18326111096 0.341230753585 5.0350
4aa4aa-4aa-4aa -7.03631963813 0.186397979431 4.8101
4aa4aa-4aa-4aa- -7.03604752429 0.186397979431 4.8099
4aa4aa-4aa4aa -7.07332712018 0.211704566419 4.8534
4aa4aa-4aa4aa- -7.07414346169 0.213337249451 4.8556
4aa4aa4aa -7.17509769581 0.359734494609 5.0502
4aa4aa4aa-4aa -7.03631963813 0.186397979431 4.8099
4aa4aa4aa-4aa- -7.03631963813 0.186397979431 4.8100
4aa4aa4aa4aa -7.07332712018 0.211704566419 4.8536
4aa4aa4aa4aa- -7.07414346169 0.213337249451 4.8556
4ae -7.74463195997 0.554568003036 5.3465
4ae4ae -7.53945812567 0.202724809746 5.0721
4ae4ae- -7.50435544049 0.226398713703 5.0611
4ae4ae-4ae -7.31605266419 -0.00598650444887 4.8499
4ae4ae-4ae-4ae -7.22815989433 -0.132519439391 4.7087
4ae4ae-4ae-4ae- -7.237139651 -0.125988707265 4.7181
4ae4ae-4ae4ae -7.22625509746 -0.125988707265 4.7037
4ae4ae-4ae4ae- -7.22026859301 -0.124356024233 4.7032
4ae4ae4ae -7.35006689402 -0.014422033445 4.8703
4ae4ae4ae-4ae -7.23196948807 -0.124356024233 4.7283
4ae4ae4ae-4ae- -7.23768387868 -0.130614642521 4.7217
4ae4ae4ae4ae -7.24965688758 -0.128437731812 4.7404
4ae4ae4ae4ae- -7.24639152152 -0.121906999686 4.7460
4af -7.39850315729 1.36274610363 5.3733
4af4af -7.06679638805 0.738244844081 5.0196
4af4af- -7.03414272742 0.766000455617 5.0052
4af4af-4af -6.89536466974 0.489532795614 4.7452
4af4af-4af-4af -6.81373051817 0.292522376479 4.6110
4af4af-4af-4af- -6.76338945803 0.289529124254 4.5846
4af4af-4af4af -6.84039767435 0.229391965927 4.5701
4af4af-4af4af- -6.79577100482 0.285175302837 4.5760
4af4af4af -6.82434295787 0.449259947504 4.7364
4af4af4af-4af -6.69808213677 0.349666282582 4.5588
4af4af4af-4af- -6.64501993824 0.373340186538 4.5391
4af4af4af4af -6.66570058998 0.277284001518 4.5376
4af4af4af4af- -6.63522384005 0.32680872014 4.5390
4ai -7.85538229227 1.47485700513 5.5665
4ai4ai -7.51605633555 0.965732013138 5.3759
4ai4ai- -7.55333593144 1.01362404873 5.3997
4ai4ai-4ai -7.2956441263 0.736612161049 5.2679
4ai4ai-4ai-4ai -7.24067713091 0.668039473726 5.2507
4ai4ai-4ai-4ai- -7.16883907752 0.582867842249 5.1861
4ai4ai-4ai4ai -7.14598151508 0.557017027583 5.1613
4ai4ai-4ai4ai- -7.16421314226 0.571711174867 5.1894
4ai4ai4ai -7.28557591427 0.712938257092 5.2603
4ai4ai4ai-4ai -7.16557371146 0.579058248509 5.2001
4ai4ai4ai-4ai- -7.21754745463 0.64218865906 5.2426
4ai4ai4ai4ai -7.21754745463 0.641644431383 5.2389
4ai4ai4ai4ai- -7.184893794 0.596745648017 5.2081
4al -7.28285477589 1.42750919722 5.3631
4ea -7.74463195997 0.554568003036 5.3464
4ea4ea -7.53945812567 0.202724809746 5.0721
4ea4ea- -7.50435544049 0.226670827541 5.0612
4ea4ea-4ea -7.31632477803 -0.00598650444887 4.8501
4ea4ea-4ea-4ea -7.22788778049 -0.133335780907 4.7102
4ea4ea-4ea-4ea- -7.23768387868 -0.141499196064 4.7190
4ea4ea-4ea4ea -7.22707143898 -0.134968463938 4.7069
4ea4ea-4ea4ea- -7.22026859301 -0.124356024233 4.7031
4ea4ea4ea -7.35006689402 -0.014422033445 4.8702
4ea4ea4ea-4ea -7.22326184524 -0.120546430493 4.7115
4ea4ea4ea-4ea- -7.23904444787 -0.121634885847 4.7317
4ea4ea4ea4ea -7.24965688758 -0.128709845651 4.7402
4ea4ea4ea4ea- -7.22707143898 -0.134424236261 4.7105
4ee -7.55115902073 -0.0740149640951 5.0330
4ee4ee -7.45129324197 -0.323815467916 4.8191
4ee4ee4ee -7.35741396766 -0.460416614886 4.6318
4ee4ee4ee4ee -7.28421534508 -0.54803727091 4.5128
4ef -7.20366964886 0.872396966503 5.1303
4ef4ef -7.02380240155 0.421232222129 4.8102
4ef4ef- -7.0488368747 0.598378331048 4.9054
4ef4ef-4ef -6.97155654455 0.225854486025 4.6378
4ef4ef-4ef-4ef -6.87794938407 -0.0258508146656 4.5287
4ef4ef-4ef-4ef- -6.83577173909 0.0125172365749 4.5324
4ef4ef-4ef4ef- -6.90216751571 0.161091392442 4.5967
4ef4ef4ef -6.89101084832 0.171703832147 4.5871
4ef4ef4ef-4ef -6.84801686183 0.201636354391 4.5797
4ef4ef4ef-4ef- -6.7998527124 0.204901720454 4.5509
4ef4ef4ef4ef -6.78488645128 0.0100682120276 4.4261
4ef4ef4ef4ef- -6.78978450037 0.130886756359 4.5027
4ei -7.51442365252 0.66341353847 5.2816
4ei4ei -7.42027226437 0.450076289019 5.1320
4ei4ei- -7.42027226437 0.449804175181 5.1318
4ei4ei-4ei -7.37428502565 0.362727746834 5.0482
4ei4ei-4ei-4ei -7.34380827573 0.317012621951 5.0292
4ei4ei-4ei-4ei- -7.33999868199 0.277011887679 5.0241
4ei4ei-4ei4ei -7.34516884492 0.294427173349 5.0320
4ei4ei-4ei4ei- -7.35442071543 0.345856688841 5.0393
4ei4ei4ei -7.3696590904 0.333611566105 5.0464
4ei4ei4ei-4ei -7.35469282927 0.35184319329 5.0390
4ei4ei4ei-4ei- -7.34353616189 0.306672296085 5.0289
4ei4ei4ei4ei -7.33999868199 0.277011887679 5.0242
4ei4ei4ei4ei- -7.35578128463 0.347217258034 5.0733
4el -7.10897403303 0.890900707527 5.1248
4fa -7.39850315729 1.36274610363 5.3733
4fa4fa -7.06679638805 0.738244844081 5.0196
4fa4fa- -7.23305794343 0.659876058568 5.0337
4fa4fa-4fa -6.89536466974 0.489532795614 4.7452
4fa4fa-4fa-4fa -6.81373051817 0.292522376479 4.6110
4fa4fa-4fa-4fa- -7.03713597964 0.0702053703549 4.6414
4fa4fa-4fa4fa -6.69808213677 0.349666282582 4.5588
4fa4fa-4fa4fa- -6.93917499775 0.183404727206 4.6030
4fa4fa4fa -6.82434295787 0.449259947504 4.7364
4fa4fa4fa-4fa -6.84039767435 0.229391965927 4.5701
4fa4fa4fa-4fa- -7.09700102413 0.0693890288392 4.6734
4fa4fa4fa4fa -6.66570058998 0.277284001518 4.5378
4fa4fa4fa4fa- -6.89400410055 0.1346963501 4.5994
4fe -7.20366964886 0.872124852665 5.1303
4fe4fe -7.02380240155 0.421504335968 4.8103
4fe4fe- -7.08611647059 0.29415505951 4.7669
4fe4fe-4fe -6.9655700401 0.247623593112 4.6425
4fe4fe-4fe-4fe -6.87686092872 -0.0606813860044 4.5005
4fe4fe-4fe-4fe- -6.93182792411 -0.201636354391 4.4933
4fe4fe-4fe4fe -6.85454759395 0.188847003978 4.5881
4fe4fe-4fe4fe- -7.00421020518 0.0334700021459 4.6008
4fe4fe4fe -6.89101084832 0.171703832147 4.5870
4fe4fe4fe-4fe -6.97291711374 0.0138778057678 4.5858
4fe4fe4fe-4fe- -6.99305353779 -0.194833508427 4.5257
4fe4fe4fe4fe -6.78488645128 0.0100682120276 4.4260
4fe4fe4fe4fe- -6.97672670748 -0.109389763111 4.5003
4ff -6.81128149362 1.25226788517 4.9530
4ff4ff -6.53835131352 0.703958500419 4.5412
4ff4ff- -6.70216384435 0.616065730556 4.6440
4ff4ff-4ff -6.58950871517 0.404905391814 4.4075
4ff4ff-4ff-4ff -6.63331904318 0.234834242699 4.3094
4ff4ff-4ff-4ff- -6.77917206067 0.0778245578353 4.2660
4ff4ff-4ff4ff -6.47249976458 0.283542619805 4.2861
4ff4ff-4ff4ff- -6.62760465257 0.154560660316 4.3211
4ff4ff4ff -6.36066097692 0.463137753272 4.2878
4ff4ff4ff-4ff -6.47848626903 0.270481155553 4.2868
4ff4ff4ff-4ff- -6.6270604249 0.157553912541 4.2903
4ff4ff4ff4ff -6.23984243259 0.337149046007 4.1365
4ff4ff4ff4ff- -6.42487984283 0.245174568565 4.2076
4fi -7.15006322266 1.38886903214 5.2477
4fi4fi -6.9500595513 0.99022225861 5.0401
4fi4fi- -7.08802126746 0.839199078196 5.0236
4fi4fi-4fi -6.91849434602 0.808178100597 4.9486
4fi4fi-4fi-4fi -6.83930921899 0.653617440281 4.8571
4fi4fi-4fi-4fi- -7.03006101984 0.437286938606 4.9275
4fi4fi-4fi4fi -6.79060084189 0.711305574061 4.8468
4fi4fi-4fi4fi- -6.9952304485 0.573888085576 4.9060
4fi4fi4fi -6.78216531289 0.717019964671 4.8290
4fi4fi4fi-4fi -6.91522897996 0.63266467471 4.8805
4fi4fi4fi-4fi- -7.06135411128 0.39429295211 4.8552
4fi4fi4fi4fi -6.64855741815 0.543411335654 4.6687
4fi4fi4fi4fi- -6.87876572559 0.529533529886 4.9089
4fl -6.74379726165 1.32220114168 4.9704
4ia -7.85538229227 1.47485700513 5.5665
4ia4ia -7.51578422172 0.965732013138 5.3759
4ia4ia- -7.55333593144 1.01362404873 5.3997
4ia4ia-4ia -7.2956441263 0.736612161049 5.2679
4ia4ia-4ia-4ia -7.24040501707 0.668039473726 5.2507
4ia4ia-4ia-4ia- -7.18516590783 0.597289875694 5.2084
4ia4ia-4ia4ia -7.16557371146 0.579058248509 5.2003
4ia4ia-4ia4ia- -7.16421314226 0.571711174867 5.1894
4ia4ia4ia -7.28557591427 0.712938257092 5.2604
4ia4ia4ia-4ia -7.14625362892 0.557017027583 5.1614
4ia4ia4ia-4ia- -7.21727534079 0.64218865906 5.2425
4ia4ia4ia4ia -7.21754745463 0.641644431383 5.2389
4ia4ia4ia4ia- -7.16965541904 0.583684183765 5.1869
4ie -7.51415153868 0.663685652309 5.2813
4ie4ie -7.42027226437 0.450076289019 5.1320
4ie4ie- -7.42027226437 0.450076289019 5.1320
4ie4ie-4ie -7.37265234262 0.349394168743 5.0462
4ie4ie-4ie-4ie -7.34544095876 0.299869450121 5.0313
4ie4ie-4ie-4ie- -7.34380827573 0.317012621951 5.0291
4ie4ie-4ie4ie -7.34380827573 0.312658800534 5.0289
4ie4ie-4ie4ie- -7.35360437392 0.347489371873 5.0374
4ie4ie4ie -7.3696590904 0.333611566105 5.0463
4ie4ie4ie-4ie -7.35469282927 0.35184319329 5.0391
4ie4ie4ie-4ie- -7.34516884492 0.294427173349 5.0319
4ie4ie4ie4ie -7.33999868199 0.277284001518 5.0243
4ie4ie4ie4ie- -7.33918234047 0.270209041715 5.0224
4if -7.1503353365 1.38886903214 5.2477
4if4if -6.9500595513 0.99022225861 5.0401
4if4if- -6.95414125888 1.06886315796 5.1198
4if4if-4if -6.91849434602 0.808178100597 4.9486
4if4if-4if-4if -6.83930921899 0.653617440281 4.8571
4if4if-4if-4if- -6.78325376824 0.656066464828 4.8280
4if4if-4if4if -6.91522897996 0.63266467471 4.8805
4if4if-4if4if- -6.89808580813 0.71348248477 4.9270
4if4if4if -6.78270954057 0.719468989219 4.8309
4if4if4if-4if -6.79060084189 0.711033460222 4.8467
4if4if4if-4if- -6.72774254517 0.828586638491 4.8540
4if4if4if4if -6.71685799163 0.703414272742 4.8094
4if4if4if4if- -6.7497837661 0.745864031561 4.8475
4ii -7.5614993466 1.5042452997 5.4673
4ii4ii -7.52639666142 1.35893650989 5.4279
4ii4ii4ii -7.48231421957 1.30560219753 5.3943
4ii4ii4ii4ii -7.49700836685 1.23321991647 5.3848
4il -7.05291858228 1.46315611007 5.2476
4la -7.28285477589 1.42750919722 5.3631
4la4la- -6.94407304685 0.86151241296 5.0115
4la4la-4la-4la- -6.53018789836 0.431028320319 4.5330
4le -7.10870191919 0.89035647985 5.1252
4le4le- -6.94761052675 0.609262884592 4.8535
4le4le-4le-4le- -6.66896595604 0.197826760651 4.4660
4lf -6.74379726165 1.32220114168 4.9705
4lf4lf- -6.4839285458 1.07158429635 4.7530
4lf4lf-4lf-4lf- -6.14079299535 0.399463115043 4.2179
4li -7.05291858228 1.46315611007 5.2476
4li4li- -6.87114653811 1.16002129389 5.1212
4li4li-4li-4li- -6.65263912572 0.855525908511 4.8536
4ll -6.65291123956 1.3611134206 4.9511
