1111 -8.63256186571 -1.77858099073 2.90211784987
1111- -8.82167964248 -1.90173635894 2.95382683688
1111-11- -8.39410475607 -2.78412649809 1.85968053056
1111-11-11 -8.33741059853 -2.53886442105 2.17562321598
1111-11-11- -8.42718993747 -3.23010499678 1.60989408391
1111-1111 -8.37840627604 -3.1097108358 1.66098172768
1111-1111- -8.33743500223 -2.5397701239 2.17475029866
111111 -8.26311505794 -2.72375608489 1.8101618557
111111- -8.39498125676 -2.78432785631 1.86032386095
111111-11 -8.37821780422 -3.11016872965 1.66036848558
111111-11- -8.28185163833 -3.3863193281 1.29789642021
11111111 -8.30357989389 -3.04720503389 1.67176455554
11111111- -8.33436816646 -3.09045702433 1.6639531052
12aa -7.94893489282 1.82591032369 6.58558806136
12aa12aa -6.81304222658 0.881225503863 4.79958723473
12aa12aa- -6.82784977052 0.868052387391 4.80294992485
12aa12aa-12aa -6.38648558402 0.511283887743 4.15487930081
12aa12aa-12aa-12aa -6.14773243099 0.336439318098 3.82707839946
12aa12aa-12aa-12aa- -6.13484505493 0.351518118112 3.83525180276
12aa12aa-12aa12aa -6.15030499319 0.329223801786 3.84164248274
12aa12aa-12aa12aa- -6.16379525682 0.318437851739 3.83917034525
12aa12aa12aa -6.35483888707 0.541361208909 4.16729123205
12aa12aa12aa-12aa -6.1503051429 0.329223893066 3.84164270789
12aa12aa12aa-12aa- -6.13876806097 0.34137617946 3.8470821493
12aa12aa12aa12aa -6.12074413066 0.365739880626 3.84192982291
12aa12aa12aa12aa- -6.1348450589 0.35151815538 3.83525184435
12ae -7.7975165204 1.17488597903 5.96946046765
12ae12ae -6.81688776524 0.401566433335 4.38664526506
12ae12ae- -6.82478786609 0.390922401198 4.40297691466
12ae12ae-12ae -6.42904488439 0.0983193356063 3.83355961541
12ae12ae-12ae-12ae -6.22285538927 -0.0699489795566 3.54715695082
12ae12ae-12ae-12ae- -6.2185103238 -0.0557503758066 3.553694722
12ae12ae-12ae12ae -6.22147190285 -0.0680709159577 3.56146802906
12ae12ae-12ae12ae- -6.22861634776 -0.0732036691223 3.55792191594
12ae12ae12ae -6.42283029827 0.0924984799511 3.8645206606
12ae12ae12ae-12ae -6.24186615518 -0.0862493946578 3.57847727685
12ae12ae12ae-12ae- -6.23368401913 -0.0819201182508 3.58088139665
12ae12ae12ae12ae -6.23028320883 -0.0846465459865 3.58028323842
12ae12ae12ae12ae- -6.23925848417 -0.0907855223465 3.57798619482
12af -7.49424629389 1.76334567919 6.08189348895
12af12af -6.47670091991 0.848287808191 4.47447125747
12af12af- -6.47565879488 0.774619849815 4.40045415097
12af12af-12af -6.01960834253 0.442227513669 3.7763138444
12af12af-12af-12af -5.75352783459 0.269537983166 3.4488361296
12af12af-12af-12af- -5.7592360677 0.256454327919 3.44419480194
12af12af-12af12af -5.79857199787 0.25485016153 3.48623426514
12af12af-12af12af- -5.82402125302 0.199404628913 3.45957941249
12af12af12af -6.06859356485 0.467953504876 3.85659446272
12af12af12af-12af -5.91622862636 0.255104035675 3.56718041304
12af12af12af-12af- -5.92045395029 0.243749068507 3.55971056582
12af12af12af12af -6.17935478428 0.493454543183 3.95168763806
12af12af12af12af- -6.10183532861 0.33243964325 3.76830729321
12ai -7.60831845996 1.91291343225 6.35054055324
12ai12ai -6.59481605415 1.13761393232 4.81199396929
12ai12ai- -6.49877561785 1.01490947188 4.64442885823
12ai12ai-12ai -6.05492855523 0.686671537921 4.01364949421
12ai12ai-12ai-12ai -5.85182521167 0.561548078143 3.76082947919
12ai12ai-12ai-12ai- -5.87881113346 0.628492327892 3.8384346055
12ai12ai-12ai12ai -5.83177118178 0.543262578584 3.74006165223
12ai12ai-12ai12ai- -5.80471504819 0.483294065838 3.6650440864
12ai12ai12ai -6.19511730229 0.887951651424 4.30148069773
12ai12ai12ai-12ai -5.84255622162 0.55072502355 3.75336304384
12ai12ai12ai-12ai- -5.85905075163 0.601944091223 3.81777302772
12ai12ai12ai12ai -5.93214477046 0.712951706722 3.95881334948
12ai12ai12ai12ai- -5.89580505566 0.636680676782 3.87041362962
12al -7.18408507058 1.823855145 5.86724018471
12al12al -6.14952830627 1.00480288038 4.33996066095
12al12al- -6.18749338934 1.03514152118 4.39447010925
12al12al-12al -5.82722062952 0.673188144535 3.81503400172
12al12al-12al-12al -5.64648072976 0.476659492666 3.50700461903
12al12al-12al-12al- -5.73068518599 0.47894850696 3.60198425816
12al12al-12al12al -5.54811061358 0.4614916093 3.45408371283
12al12al-12al12al- -5.55911443113 0.476209360758 3.46996981712
12al12al12al -5.67693052447 0.676500258929 3.72578363253
12al12al12al-12al -5.53876298165 0.488274499996 3.481007747
12al12al12al-12al- -5.50597718438 0.539135379279 3.49418841632
12al12al12al12al -5.41816754047 0.508071228839 3.4029829897
12al12al12al12al- -5.42997863608 0.526425272698 3.42184286995
12ea -7.79751424765 1.17488721481 5.96945881232
12ea12ea -6.81683019153 0.401735440512 4.38669769801
12ea12ea- -6.82485323641 0.390927600142 4.40306754238
12ea12ea-12ea -6.4290917498 0.0982671801692 3.83355640003
12ea12ea-12ea-12ea -6.22283292444 -0.0698390000917 3.54721997304
12ea12ea-12ea-12ea- -6.23926580269 -0.0907771077617 3.57799973129
12ea12ea-12ea12ea -6.2418565339 -0.0862478696775 3.57847126791
12ea12ea-12ea12ea- -6.22864003186 -0.0731645159964 3.55797217462
12ea12ea12ea -6.42283019067 0.09249552134 3.8645181272
12ea12ea12ea-12ea -6.22146234333 -0.0680717340604 3.56145485014
12ea12ea12ea-12ea- -6.23369577575 -0.0818713492577 3.58093012061
12ea12ea12ea12ea -6.23029928326 -0.0845940143331 3.58033826898
12ea12ea12ea12ea- -6.22044318363 -0.0523971806048 3.55631842458
12ee -7.83091342969 0.902622004372 5.75167648844
12ee12ee -7.03523791046 0.256589796227 4.4203598168
12ee12ee- -6.85207468879 0.00383855277498 4.10502617417
12ee12ee-12ee -6.52822344131 -0.146422711827 3.69976587787
12ee12ee-12ee-12ee- -6.529616732 -0.212033574632 3.69991632957
12ee12ee-12ee12ee -6.41953815307 -0.267921875255 3.54240439323
12ee12ee-12ee12ee- -6.35661685795 -0.281193021493 3.48077585291
12ee12ee12ee -6.75982611325 0.0555540087066 4.08750892082
12ee12ee12ee-12ee -6.4195567559 -0.267908976412 3.54243951395
12ee12ee12ee-12ee- -6.47723415218 -0.282958186706 3.5930113109
12ee12ee12ee12ee -6.64053140304 -0.0674875301371 3.90740234764
12ee12ee12ee12ee- -6.52957637252 -0.212116430115 3.69980151917
12ef -7.62174645254 1.12786334499 5.70030833275
12ef12ef -6.55560472898 0.381844063141 4.10856564758
12ef12ef- -6.5967216771 0.284198626088 4.09121720419
12ef12ef-12ef -6.13659932062 0.0361001591378 3.4971081018
12ef12ef-12ef-12ef -5.91814833869 -0.14019633255 3.21843649182
12ef12ef-12ef-12ef- -6.02365474924 -0.165868688641 3.31596799366
12ef12ef-12ef12ef -5.94654147862 -0.143564907742 3.25583870022
12ef12ef-12ef12ef- -5.97293744213 -0.193798235894 3.22046727261
12ef12ef12ef -6.17928075399 0.0419757897015 3.57899121774
12ef12ef12ef-12ef -5.9678225014 -0.175917170155 3.22903217682
12ef12ef12ef-12ef- -6.02496379793 -0.240775264213 3.24937141106
12ef12ef12ef12ef -6.00476914006 -0.162749421128 3.28859092556
12ef12ef12ef12ef- -6.02874052218 -0.208525890405 3.24216599712
12ei -7.64459701702 1.20867997328 5.84180461465
12ei12ei -6.76509382676 0.719589930731 4.58816178977
12ei12ei- -6.5526194206 0.519508002838 4.26427641844
12ei12ei-12ei -6.15625471489 0.262677473133 3.72747918488
12ei12ei-12ei-12ei -6.04855601414 0.212867025319 3.62139889099
12ei12ei-12ei-12ei- -6.14672146917 0.273913957385 3.77790877108
12ei12ei-12ei12ei -6.02272369002 0.160861229923 3.57113837784
12ei12ei-12ei12ei- -5.95522558902 0.120091199923 3.47502353376
12ei12ei12ei -6.42678464479 0.514384007278 4.18499262205
12ei12ei12ei-12ei -6.00724096893 0.161745982806 3.54577705708
12ei12ei12ei-12ei- -6.10555257919 0.24370697508 3.71290420118
12ei12ei12ei12ei -6.28088821075 0.418698569663 4.00349055918
12ei12ei12ei12ei- -6.15765908886 0.310117770698 3.79188494789
12el -7.32448424301 1.10705273139 5.41619932989
12el12el -6.74383462204 0.514613657069 4.39401019578
12el12el- -6.2974240651 0.580801747858 4.0925894
12el12el-12el -6.31475806073 0.0545753164051 3.68318705603
12el12el-12el-12el -6.143771914 -0.104761687664 3.43486353794
12el12el-12el-12el- -5.995847842 0.160930915999 3.53388828372
12el12el-12el12el -6.13936111178 -0.0296699353824 3.50660518903
12el12el-12el12el- -6.06002144249 -0.0733454331388 3.40438653023
12el12el12el -6.37661838629 0.261948365322 3.93520035928
12el12el12el-12el -6.10923767762 -0.0535510424758 3.45720630055
12el12el12el-12el- -6.11466579363 0.0218821439596 3.54504637354
12el12el12el12el -6.15689131224 0.127552830515 3.68091033268
12el12el12el12el- -6.08438304676 0.105252914798 3.56520041077
12fa -7.43548358597 1.76108190492 6.01053299638
12fa12fa -6.35595534326 0.914642005896 4.43471973487
12fa12fa- -6.47565826884 0.774617695289 4.40045158692
12fa12fa-12fa -5.96777625421 0.5030824352 3.79046903102
12fa12fa-12fa-12fa -5.78725828705 0.292997195869 3.48303037746
12fa12fa-12fa-12fa- -6.10203881931 0.332495671384 3.7685104466
12fa12fa-12fa12fa -5.70283255375 0.343246560538 3.49260624869
12fa12fa-12fa12fa- -5.82402088945 0.199403749195 3.45957852879
12fa12fa12fa -5.88675493918 0.569898485797 3.80841386819
12fa12fa12fa-12fa -5.73981662511 0.295416749216 3.46215079014
12fa12fa12fa-12fa- -5.92050723691 0.243646021838 3.55970206727
12fa12fa12fa12fa -5.6397632533 0.391557562831 3.48594668232
12fa12fa12fa12fa- -5.75929169091 0.256605935663 3.44432953851
12fe -7.59547349136 1.00498006687 5.56969880216
12fe12fe -6.50313100585 0.419786842362 4.1353215507
12fe12fe- -6.59674692439 0.284220808003 4.09125722871
12fe12fe-12fe -6.11285450721 0.07689150722 3.53052165727
12fe12fe-12fe-12fe -5.9764264176 -0.0729970100154 3.29747864026
12fe12fe-12fe-12fe- -6.0287114481 -0.208554586806 3.24211832413
12fe12fe-12fe12fe -5.87082498292 -0.0681017849883 3.26172752316
12fe12fe-12fe12fe- -5.97298146622 -0.193638422931 3.22063386867
12fe12fe12fe -6.08138047776 0.103906665285 3.58488738093
12fe12fe12fe-12fe -5.93150805338 -0.145156499921 3.24415757346
12fe12fe12fe-12fe- -6.02496077391 -0.240776314909 3.24936766893
12fe12fe12fe12fe -5.87490602173 -0.0775295949125 3.29347525703
12fe12fe12fe12fe- -6.02360940957 -0.165940223048 3.3158759884
12ff -7.52036776196 1.77495775416 6.17275435249
12ff12ff -6.31317250114 0.876203602554 4.35554915656
12ff12ff- -6.45224151284 0.715757787563 4.34749176549
12ff12ff-12ff -5.90012699776 0.477143192585 3.68025152239
12ff12ff-12ff-12ff -5.6785821954 0.253639311945 3.34439215352
12ff12ff-12ff-12ff- -5.80025947503 0.103376761424 3.34115531569
12ff12ff-12ff12ff -5.64529107788 0.306865211476 3.37957625473
12ff12ff-12ff12ff- -5.78573669255 0.135782270969 3.34499482007
12ff12ff12ff -5.87388346561 0.488262084127 3.71353907356
12ff12ff12ff-12ff -5.72796588043 0.212030894715 3.3659498457
12ff12ff12ff-12ff- -5.84720676289 0.0626131047838 3.35486051579
12ff12ff12ff12ff -5.6542703787 0.272778738277 3.37863743853
12ff12ff12ff12ff- -5.80025960741 0.10337563638 3.34115458397
12fi -7.37349160561 1.874826954 6.08249278915
12fi12fi -6.58516519113 1.15926359705 4.78837980408
12fi12fi- -6.29140846564 0.920400059699 4.37232326493
12fi12fi-12fi -5.76019138515 0.670061776018 3.74471847669
12fi12fi-12fi-12fi -5.72720563988 0.590597139069 3.67227426
12fi12fi-12fi-12fi- -5.96450292751 0.575835094797 3.84602473642
12fi12fi-12fi12fi -5.55683902348 0.560834886437 3.52524347443
12fi12fi-12fi12fi- -5.60642484079 0.378341431564 3.4066440231
12fi12fi12fi -5.98838085191 0.869243955141 4.11756961331
12fi12fi12fi-12fi -5.58841279818 0.516956863972 3.50136868757
12fi12fi12fi-12fi- -5.81128229882 0.497410575556 3.65991283659
12fi12fi12fi12fi -5.79628959263 0.758281053069 3.87774606549
12fi12fi12fi12fi- -5.71354778962 0.53744078027 3.61231993501
12fl -7.31165163039 1.87150714848 6.08541651899
12fl12fl -6.05839037764 1.08445376787 4.31422909671
12fl12fl- -6.13816288982 0.963596329414 4.2834699418
12fl12fl-12fl -5.67622409718 0.665793509393 3.66353853621
12fl12fl-12fl-12fl -5.70443761963 0.300474966859 3.40740286137
12fl12fl-12fl-12fl- -5.80881844926 0.201381934983 3.42252258872
12fl12fl-12fl12fl -6.11623293362 0.567625835433 4.00556751337
12fl12fl-12fl12fl- -5.76441008328 0.245532111186 3.40243273677
12fl12fl12fl -6.07044873878 0.407625797575 3.79570451612
12fl12fl12fl-12fl -5.87473572627 0.165140126797 3.45693665269
12fl12fl12fl-12fl- -5.81935642625 0.227673181217 3.46051528081
12fl12fl12fl12fl -5.86430227728 0.22741843651 3.49754178355
12fl12fl12fl12fl- -5.83040798653 0.196850300388 3.42794310768
12ia -7.608321011 1.91291219042 6.35054218186
12ia12ia -6.59471067399 1.13746158745 4.81178640229
12ia12ia- -6.49877617828 1.01490760368 4.64442752782
12ia12ia-12ia -6.05495232453 0.686606054738 4.01367265038
12ia12ia-12ia-12ia -5.85184371043 0.561600897084 3.76089254211
12ia12ia-12ia-12ia- -5.89564844062 0.636509781378 3.87014709631
12ia12ia-12ia12ia -5.84252810202 0.550670163758 3.75330846264
12ia12ia-12ia12ia- -5.80506855844 0.484301205787 3.66661703199
12ia12ia12ia -6.1950271744 0.887831478141 4.30132091942
12ia12ia12ia-12ia -5.83169701262 0.543181683918 3.73994059553
12ia12ia12ia-12ia- -5.85909509284 0.601953634502 3.81781497644
12ia12ia12ia12ia -5.93154550152 0.712315540103 3.95781868128
12ia12ia12ia12ia- -5.87883377781 0.628452145207 3.83841585956
12ie -7.64463748097 1.20807993476 5.8412799637
12ie12ie -6.76507778573 0.719629955967 4.58818350378
12ie12ie- -6.55262416458 0.519441430284 4.26422120522
12ie12ie-12ie -6.16153535085 0.266000043414 3.73482614502
12ie12ie-12ie-12ie -6.0503594524 0.21441090701 3.62414017628
12ie12ie-12ie-12ie- -6.15578600531 0.308805319994 3.788764227
12ie12ie-12ie12ie -6.00707832624 0.161614445544 3.54552863897
12ie12ie-12ie12ie- -5.96992507649 0.129239110524 3.49327811035
12ie12ie12ie -6.42686147167 0.514428629898 4.1850996796
12ie12ie12ie-12ie -6.02289928786 0.16104376613 3.57141152547
12ie12ie12ie-12ie- -6.10573594849 0.243876233101 3.71319787889
12ie12ie12ie12ie -6.28092472567 0.418782544699 4.00359256762
12ie12ie12ie12ie- -6.14675360521 0.273932642861 3.77795525914
12if -7.41859717793 1.87765906826 6.14854263172
12if12if -6.53523478162 1.20057645385 4.78512651594
12if12if- -6.29140927244 0.920400144296 4.37232411809
12if12if-12if -5.82068083554 0.623957310182 3.74418465215
12if12if-12if-12if -5.57886229161 0.476598193481 3.44473406262
12if12if-12if-12if- -5.71809460612 0.537514478412 3.61477567246
12if12if-12if12if -5.66554679471 0.511713809458 3.55034113166
12if12if-12if12if- -5.60642482454 0.378341415965 3.40664399588
12if12if12if -6.20265436178 0.921209955441 4.30226432617
12if12if12if-12if -5.72383831693 0.465818759147 3.55851105596
12if12if12if-12if- -5.8112860901 0.497388442331 3.65989831442
12if12if12if12if -6.0868202934 0.804209869968 4.12375662084
12if12if12if12if- -5.96450292711 0.575835088209 3.84602473006
12ii -7.42584807629 2.00931611053 6.30539624483
12ii12ii -6.52494749785 1.45072430573 5.0028896085
12ii12ii- -6.25777711846 1.19003827985 4.58298225709
12ii12ii-12ii -5.82606641768 0.907766568578 3.99683946128
12ii12ii-12ii-12ii -5.69824009693 0.85640488191 3.8775029336
12ii12ii-12ii-12ii- -5.82035541572 1.0138056467 4.09971247813
12ii12ii-12ii12ii -5.67981208132 0.857334877059 3.85090107495
12ii12ii-12ii12ii- -5.60318304784 0.752739470281 3.71285016275
12ii12ii12ii -6.13125460546 1.23169987877 4.530851303
12ii12ii12ii-12ii -5.67981085412 0.857333960972 3.8508991286
12ii12ii12ii-12ii- -5.72885655503 0.940527656142 3.9691361046
12ii12ii12ii12ii -5.96185998534 1.17774286041 4.36078021372
12ii12ii12ii12ii- -5.82036062435 1.01380879864 4.09971955778
12il -7.57692672137 1.84852288257 6.29432595317
12il12il -6.56395730864 1.08533463946 4.73037181259
12il12il- -6.32868445597 1.00289048089 4.48980409043
12il12il-12il -5.95037679354 0.59457645688 3.84318498985
12il12il-12il-12il -5.75592320219 0.453814843749 3.57708199653
12il12il-12il-12il- -5.71154246399 0.581988933602 3.64683056288
12il12il-12il12il -5.76850116437 0.476666065482 3.62600826131
12il12il-12il12il- -5.69519097897 0.506425074618 3.59366118549
12il12il12il-12il -5.71479007266 0.482689808263 3.5888189833
12il12il12il-12il- -5.74131013703 0.4881793321 3.61313759444
12il12il12il12il -5.98050430495 0.666752934373 3.94791555922
12il12il12il12il- -5.83601840084 0.582843507543 3.7639893605
12la -7.32601498036 1.83349604829 6.00012691904
12la12la -6.32051670336 0.979802456115 4.44571607589
12la12la- -6.18749320241 1.03514137146 4.3944697751
12la12la-12la -5.81708555498 0.59745815635 3.74900417099
12la12la-12la-12la -5.55569555661 0.43743557746 3.42530243956
12la12la-12la-12la- -5.42999899958 0.526448077841 3.42187920445
12la12la-12la12la -5.64923270896 0.402812030124 3.49116850704
12la12la-12la12la- -5.55911520279 0.476210366654 3.46997151441
12la12la12la -6.11759461474 0.695314461611 4.06075483432
12la12la12la-12la -5.61739248751 0.44170050105 3.49299694474
12la12la12la-12la- -5.56517629877 0.494115246759 3.49067096588
12la12la12la12la -5.93879954062 0.254506991235 3.60240479282
12la12la12la12la- -5.61214111307 0.542066415391 3.52474333467
12le -7.47345255232 1.17161310036 5.60132146752
12le12le -6.48238536273 0.479198431089 4.15575063736
12le12le- -6.29749663222 0.580868868162 4.09270897848
12le12le-12le -6.10334263373 0.339592308493 3.7176025861
12le12le-12le-12le- -6.06336386978 0.0184215159926 3.47363627254
12le12le-12le12le -6.14177435866 -0.0262159579873 3.50047763548
12le12le-12le12le- -6.05289212458 -0.0662239150474 3.40544137388
12le12le12le -6.34226642644 0.157767859373 3.82913467067
12le12le12le-12le -6.08926797692 -0.0611809397096 3.45647671249
12le12le12le-12le- -5.90203804201 0.148382693649 3.46394087711
12le12le12le12le -6.40106563619 0.317370221349 3.97298579737
12le12le12le12le- -5.99597221951 0.161320255386 3.534260167
12lf -7.40684002993 1.8537064514 6.14332691615
12lf12lf -6.39286776338 0.912526942485 4.44017960395
12lf12lf- -6.13816266986 0.963596810628 4.2834701085
12lf12lf-12lf -5.97618869655 0.444814477425 3.71574612541
12lf12lf-12lf-12lf -5.78954710122 0.224735865531 3.40636248985
12lf12lf-12lf-12lf- -5.8640121316 0.277116061461 3.51737653731
12lf12lf-12lf12lf -5.70824594508 0.31519888448 3.43129472445
12lf12lf-12lf12lf- -5.75764253252 0.214056100279 3.38337472541
12lf12lf12lf -5.97107852908 0.514335289444 3.80134393877
12lf12lf12lf-12lf -5.72779001045 0.279790485387 3.41520308971
12lf12lf12lf-12lf- -5.92109637149 0.141443285965 3.45571186525
12lf12lf12lf12lf -5.77094637039 0.321122982412 3.4979441426
12lf12lf12lf12lf- -5.80107322883 0.213516187178 3.42540819314
12li -7.27379144865 1.94590819027 6.07287620553
12li12li -6.51773969603 1.42531948129 4.96206568598
12li12li- -6.328679025 1.00289632214 4.48980177799
12li12li-12li -5.88489734741 0.63395631124 3.82472062364
12li12li-12li-12li -5.70200160345 0.488658731973 3.5674393536
12li12li-12li-12li- -5.80709217071 0.565116127624 3.72568800846
12li12li-12li12li -5.67098884179 0.438141645164 3.5189897997
12li12li-12li12li- -5.69519119646 0.50642526852 3.59366153107
12li12li12li -5.88486965042 0.633945945746 3.82468928854
12li12li12li-12li -5.67103039261 0.438166954774 3.51904667806
12li12li12li-12li- -5.74131125063 0.488179467792 3.61313870271
12li12li12li12li -5.67102099715 0.438136661905 3.51900635029
12li12li12li12li- -5.71047753195 0.489475772746 3.57628289936
12ll -7.22558210082 1.92331277666 6.02996666042
12ll12ll -6.67442319501 1.31918596468 5.00246156917
12ll12ll- -5.84394793561 1.21801655151 4.25163232138
12ll12ll-12ll -6.31941536088 0.836137818124 4.34995956854
12ll12ll-12ll-12ll -6.02270590947 0.467711482319 3.80633430993
12ll12ll-12ll-12ll- -6.05550772129 0.71250174354 4.03448328693
12ll12ll-12ll12ll -6.24490330849 0.737733468811 4.22531374342
12ll12ll-12ll12ll- -5.86741976771 0.2952588134 3.55687178581
12ll12ll12ll -6.33728398579 1.00130632797 4.4985462438
12ll12ll12ll-12ll -5.34252249307 0.642858505391 3.40466703848
12ll12ll12ll-12ll- -5.98381704354 0.730712275111 4.00455829935
12ll12ll12ll12ll -6.26317413903 0.897481804459 4.36037382155
12ll12ll12ll12ll- -6.07675751511 0.772958901714 4.11435155021
2 -10.2482940762 1.37571510973 7.18922574786
22 -8.57517507815 0.368619872158 6.17417158159
22- -8.60055495605 0.351087854586 5.97028673537
22-2 -7.79633324391 -0.177623284852 4.8160242905
22-2- -7.76527167454 -0.167164659185 4.88718924205
22-2-2 -7.38602350925 -0.183889440467 4.52543936561
22-2-2- -7.27810471911 -0.482292533709 4.276605057
22-22 -7.47001037205 -0.181552824162 4.56268715706
22-22- -7.57840989173 0.138855547846 4.84656109476
222 -7.74140070457 -0.159452912979 5.00975926287
222- -7.85220267053 0.0465398164513 5.13045832371
222-2 -7.47645408934 -0.105271530845 4.63429952733
222-2- -7.29022799943 -0.480623782333 4.23105186778
2222 -7.25827853245 -0.481391779184 4.34094660885
2222- -7.2785370438 -0.481449291958 4.27757369089
4aa -9.07277147877 0.999729889169 6.18767568685
4aa4aa -7.99791258428 0.533434501417 5.63502960249
4aa4aa- -7.99825616029 0.533302048995 5.63528913937
4aa4aa-4aa -7.52727620382 0.28895771336 5.07258485652
4aa4aa-4aa-4aa -7.32030528152 0.202257611574 4.86092699525
4aa4aa-4aa-4aa- -7.32019846855 0.202121139435 4.86071552334
4aa4aa-4aa4aa -7.33460066034 0.219491522718 4.88684952933
4aa4aa-4aa4aa- -7.33588522417 0.220789434275 4.88909048123
4aa4aa4aa -7.53491005259 0.308718201054 5.09483080443
4aa4aa4aa-4aa -7.32023373943 0.202141124809 4.86076883062
4aa4aa4aa-4aa- -7.32027835235 0.202200890937 4.86085589879
4aa4aa4aa4aa -7.33463611817 0.219617817657 4.88697740516
4aa4aa4aa4aa- -7.33590018198 0.2208068489 4.88911789449
4ae -8.4189030534 0.405831720784 5.81038799838
4ae4ae -7.92614186123 0.20383802847 5.2990289404
4ae4ae- -7.90172210479 0.230274647677 5.28056928863
4ae4ae-4ae -7.54371223776 0.0860864112356 4.91047517043
4ae4ae-4ae-4ae -7.39425077555 0.0163465666025 4.76882421069
4ae4ae-4ae-4ae- -7.39970832588 0.0188136315475 4.77625493626
4ae4ae-4ae4ae -7.37667650162 0.013094407683 4.74842978489
4ae4ae-4ae4ae- -7.37300216363 0.0163317001687 4.74722759104
4ae4ae4ae -7.58553781755 0.0817537769457 4.95674158763
4ae4ae4ae-4ae -7.39811772417 0.024845020963 4.78295619162
4ae4ae4ae-4ae- -7.39906350516 0.0185376064627 4.77721808997
4ae4ae4ae4ae -7.42592097301 0.0226730202207 4.8113431487
4ae4ae4ae4ae- -7.4250042221 0.0313475951974 4.81591672335
4af -8.07135095855 0.912331054058 5.59590702348
4af4af -7.56340810628 0.487828399655 5.07301332816
4af4af- -7.5190247856 0.517952267208 5.06513117832
4af4af-4af -7.2588212526 0.353553919233 4.7881057261
4af4af-4af-4af -7.14745870513 0.263095390461 4.66797105788
4af4af-4af-4af- -7.09663850208 0.273912058086 4.64578735569
4af4af-4af4af -7.13713835477 0.183135164447 4.59698019261
4af4af-4af4af- -7.09078824587 0.233627741502 4.60200718222
4af4af4af -7.22149195869 0.296885970784 4.72780211647
4af4af4af-4af -7.02383742644 0.24173002073 4.56292316174
4af4af4af-4af- -6.97937057197 0.269836837312 4.55035856783
4af4af4af4af -7.03077424568 0.180762123556 4.53084512138
4af4af4af4af- -6.97467054305 0.217900284497 4.51815518511
4ai -8.32068300604 1.07773145998 5.87312536971
4ai4ai -7.80521292918 0.832587333396 5.55738883561
4ai4ai- -7.82440626064 0.875829644082 5.61172472635
4ai4ai-4ai -7.41073951466 0.722250349616 5.27117151142
4ai4ai-4ai-4ai -7.29524609051 0.726925989613 5.21115881476
4ai4ai-4ai-4ai- -7.24043128435 0.651659850605 5.11403239017
4ai4ai-4ai4ai -7.20355464597 0.608390316843 5.05992573094
4ai4ai-4ai4ai- -7.21498655799 0.625268156113 5.08286492921
4ai4ai4ai -7.44086505364 0.721293401031 5.28453581993
4ai4ai4ai-4ai -7.24117121342 0.643540640286 5.11472380283
4ai4ai4ai-4ai- -7.28002459419 0.701625930326 5.18562678594
4ai4ai4ai4ai -7.31137962014 0.716387033533 5.21693401858
4ai4ai4ai4ai- -7.28859808249 0.673540164975 5.17046596438
4al -7.79795368102 0.99111325467 5.47924383289
4ea -8.41881938816 0.405773883992 5.8103505877
4ea4ea -7.9262149764 0.203883799977 5.29913767869
4ea4ea- -7.90187446904 0.230330986626 5.2807451194
4ea4ea-4ea -7.54382301461 0.0862804023692 4.91072572431
4ea4ea-4ea-4ea -7.39266393908 0.0148959910348 4.7681159664
4ea4ea-4ea-4ea- -7.40249661948 0.00724619584048 4.7784503165
4ea4ea-4ea4ea -7.38038661889 0.00699988266885 4.75167298901
4ea4ea-4ea4ea- -7.37297382268 0.0162977738361 4.74717622461
4ea4ea4ea -7.58549735297 0.0817121233245 4.95667057081
4ea4ea4ea-4ea -7.38829980517 0.0242508280679 4.76624980002
4ea4ea4ea-4ea- -7.4038167329 0.0218606040609 4.78554454809
4ea4ea4ea4ea -7.4257988916 0.0225375856304 4.81111954144
4ea4ea4ea4ea- -7.40552365132 0.0178508482258 4.78185528201
4ee -8.04677931657 -0.0105730665088 5.27287237698
4ee4ee -7.77945644996 -0.170349021949 4.96670051821
4ee4ee4ee -7.55036417801 -0.248420235259 4.69965061895
4ee4ee4ee4ee -7.41326274623 -0.296279522236 4.57721154663
4ef -7.68745778707 0.648352173903 5.25728007089
4ef4ef -7.38575109835 0.342609915298 4.84076392508
4ef4ef- -7.39752890365 0.492635176811 4.94669827496
4ef4ef-4ef -7.24721135163 0.270842093126 4.70629663906
4ef4ef-4ef-4ef -7.13894853702 0.121807886519 4.57431700358
4ef4ef-4ef-4ef- -7.1009791864 0.1663454254 4.58814937084
4ef4ef-4ef4ef- -7.13526367268 0.244646952253 4.62214943976
4ef4ef4ef -7.15948367541 0.173595025675 4.58058124895
4ef4ef4ef-4ef -7.06359366311 0.219147008892 4.56511945637
4ef4ef4ef-4ef- -7.01637129085 0.233558836947 4.54640188737
4ef4ef4ef4ef -7.01379189731 0.0563424473292 4.40769365291
4ef4ef4ef4ef- -6.99262141485 0.160933944485 4.47187680389
4ei -7.90193381965 0.555430290635 5.53219329325
4ei4ei -7.68759875411 0.510960631441 5.30376306726
4ei4ei- -7.68759060879 0.510907063337 5.30367219705
4ei4ei-4ei -7.46608660718 0.485510709499 5.08237446721
4ei4ei-4ei-4ei -7.37331730418 0.479165025024 5.05123820773
4ei4ei-4ei-4ei- -7.38367400575 0.462912794207 5.05611308672
4ei4ei-4ei4ei -7.37002691676 0.47119278251 5.05736224546
4ei4ei-4ei4ei- -7.37049134423 0.49191884033 5.0579780609
4ei4ei4ei -7.47526491232 0.4754162507 5.08252112307
4ei4ei4ei-4ei -7.37061325961 0.492903698094 5.05756998912
4ei4ei4ei-4ei- -7.37170998222 0.477074932702 5.05076974309
4ei4ei4ei4ei -7.38374775031 0.462926342566 5.05618573211
4ei4ei4ei4ei- -7.42185359248 0.489735854197 5.08179935896
4el -7.48338230297 0.716111063263 5.17161914681
4fa -8.07136133605 0.912323208188 5.59590934447
4fa4fa -7.56338581554 0.487899877325 5.07301682537
4fa4fa- -7.69305836043 0.504983677019 5.16449644136
4fa4fa-4fa -7.25882048366 0.353556487496 4.78810666833
4fa4fa-4fa-4fa -7.147454265 0.263090110063 4.66796392607
4fa4fa-4fa-4fa- -7.30390150125 0.140501849752 4.68973873891
4fa4fa-4fa4fa -7.02383267572 0.2417563845 4.56293319759
4fa4fa-4fa4fa- -7.17666215368 0.176829028891 4.6180074773
4fa4fa4fa -7.22149080339 0.296884355566 4.72780008841
4fa4fa4fa-4fa -7.13713784378 0.183134610947 4.59697942697
4fa4fa4fa-4fa- -7.33814518424 0.126497460669 4.69429724426
4fa4fa4fa4fa -7.0307596128 0.180945175588 4.53094110392
4fa4fa4fa4fa- -7.18746067008 0.141977085512 4.60409829045
4fe -7.68743308425 0.648294318847 5.25725208603
4fe4fe -7.38581140651 0.342748383369 4.84090583051
4fe4fe- -7.47084497721 0.325436137061 4.88194931724
4fe4fe-4fe -7.23820077929 0.285986459029 4.71049726069
4fe4fe-4fe-4fe -7.14370224686 0.0863133468842 4.55114496907
4fe4fe-4fe-4fe- -7.22222758546 0.000472337712509 4.52671321504
4fe4fe-4fe4fe -7.08739663363 0.229856413789 4.59110712932
4fe4fe-4fe4fe- -7.21863931733 0.153430149428 4.62240517069
4fe4fe4fe -7.15948381315 0.173504280594 4.5805056864
4fe4fe4fe-4fe -7.17686831042 0.107308741819 4.57108084826
4fe4fe4fe-4fe- -7.25838287198 -0.0134243537401 4.53536359716
4fe4fe4fe4fe -7.01375370417 0.0561903930614 4.40756722845
4fe4fe4fe4fe- -7.14837821234 0.00842212425589 4.47089486095
4ff -7.3351575826 0.79211046893 4.91890180432
4ff4ff -6.95689514987 0.367311906747 4.41654455801
4ff4ff- -7.14496962258 0.363831281112 4.57426590664
4ff4ff-4ff -6.92985699036 0.183847272195 4.32228264449
4ff4ff-4ff-4ff -6.89344542647 0.104128271196 4.23613127132
4ff4ff-4ff-4ff- -6.9431843025 0.0506632362112 4.212757536
4ff4ff-4ff4ff -6.75696792169 0.0847182940765 4.13440283206
4ff4ff-4ff4ff- -6.863176067 0.0382586132666 4.18999800145
4ff4ff4ff -6.72286269441 0.192068953167 4.14782030396
4ff4ff4ff-4ff -6.75739373167 0.0760986616315 4.12990043444
4ff4ff4ff-4ff- -6.82315775608 0.0544566700811 4.14919135475
4ff4ff4ff4ff -6.58796682976 0.092641155952 4.00138853077
4ff4ff4ff4ff- -6.6814113286 0.0663559228535 4.04793850569
4fi -7.53039906781 0.976496291478 5.22876211279
4fi4fi -7.23890912529 0.782612172383 4.97156840536
4fi4fi- -7.33617418734 0.735481184025 4.99567436353
4fi4fi-4fi -7.05773889932 0.696266734517 4.82153707255
4fi4fi-4fi-4fi -6.99394122492 0.655348546896 4.7649625597
4fi4fi-4fi-4fi- -7.1261503566 0.528931047752 4.76743176109
4fi4fi-4fi4fi -6.87707915912 0.623997728433 4.67221464445
4fi4fi-4fi4fi- -7.0229724781 0.587262042905 4.73236058578
4fi4fi4fi -6.96855982117 0.618058335165 4.70591472816
4fi4fi4fi-4fi -7.00241693003 0.619465907437 4.73443033024
4fi4fi4fi-4fi- -7.12504641201 0.487805338876 4.71565818955
4fi4fi4fi4fi -6.79800618477 0.50525619073 4.53450150447
4fi4fi4fi4fi- -7.02205449277 0.560565243017 4.72391320452
4fl -7.14164405009 0.870782888969 4.84286622542
4ia -8.32067392073 1.07773225448 5.87311884134
4ia4ia -7.80517736276 0.83253418272 5.55733981932
4ia4ia- -7.82441149892 0.875841711844 5.61173248887
4ia4ia-4ia -7.41075902814 0.722283763784 5.27120671432
4ia4ia-4ia-4ia -7.29525048888 0.726919110394 5.21115475159
4ia4ia-4ia-4ia- -7.28893125022 0.673881630569 5.17095757176
4ia4ia-4ia4ia -7.24134786086 0.643457420258 5.11491398609
4ia4ia-4ia4ia- -7.21497537718 0.625258442425 5.08284824705
4ia4ia4ia -7.4409547347 0.721378238401 5.28464636679
4ia4ia4ia-4ia -7.20358683422 0.60843310039 5.05997716399
4ia4ia4ia-4ia- -7.27989731703 0.701437239937 5.18537087929
4ia4ia4ia4ia -7.31137883632 0.716384895459 5.21693217844
4ia4ia4ia4ia- -7.24094249332 0.652374654457 5.11495781073
4ie -7.90204076923 0.555428279516 5.53191505745
4ie4ie -7.68762799051 0.510980359698 5.30381193337
4ie4ie- -7.68764169144 0.510966857318 5.30380969027
4ie4ie-4ie -7.46191527307 0.483290270089 5.08111257749
4ie4ie-4ie-4ie -7.3696916573 0.470927053205 5.05631085262
4ie4ie-4ie-4ie- -7.37328220253 0.479100023776 5.05120502114
4ie4ie-4ie4ie -7.3720688646 0.477535372219 5.05061665021
4ie4ie-4ie4ie- -7.36813057752 0.492044880938 5.056163633
4ie4ie4ie -7.47524917875 0.475354052273 5.08249253068
4ie4ie4ie-4ie -7.37062572017 0.492906987084 5.05758684601
4ie4ie4ie-4ie- -7.36997486194 0.471151145198 5.05727467961
4ie4ie4ie4ie -7.38401421791 0.4629320437 5.05639938061
4ie4ie4ie4ie- -7.38182272502 0.461042356614 5.05513653406
4if -7.53041154648 0.976503116911 5.22878041353
4if4if -7.23885676522 0.782571114802 4.9715067002
4if4if- -7.24786910729 0.826345556249 5.0101129035
4if4if-4if -7.05774683865 0.69624099836 4.82152224569
4if4if-4if-4if -6.99394371473 0.655351557563 4.76496671223
4if4if-4if-4if- -6.94513202437 0.684587470934 4.7568140322
4if4if-4if4if -7.00241602246 0.619464871489 4.73442886937
4if4if-4if4if- -6.97294155854 0.676232459508 4.759922651
4if4if4if -6.96944513897 0.620100965746 4.70799394592
4if4if4if-4if -6.87708244806 0.623896963059 4.67213852189
4if4if4if-4if- -6.86377584715 0.748578896478 4.74618360524
4if4if4if4if -6.88111503153 0.647978653207 4.68597101014
4if4if4if4if- -6.8571843681 0.683037141177 4.70443281949
4ii -7.74548911296 1.14744611403 5.52679676115
4ii4ii -7.55843514261 1.20498404707 5.41889064919
4ii4ii4ii -7.30530959317 1.23470556612 5.2720939836
4ii4ii4ii4ii -7.27863319172 1.24109262388 5.24856079645
4il -7.31902087872 1.05377442738 5.14104671876
4la -7.79795768221 0.991109740215 5.4792443582
4la4la- -7.30784786355 0.636028510982 4.98396484951
4la4la-4la-4la- -6.78568653755 0.374023744883 4.47738722626
4le -7.48326445371 0.715626578345 5.17192682839
4le4le- -7.17442388218 0.544764196435 4.81503048131
4le4le-4le-4le- -6.79280277685 0.280133670464 4.4002074581
4lf -7.14163491536 0.870789136689 4.84286445243
4lf4lf- -6.77482777125 0.727223186325 4.54788984077
4lf4lf-4lf-4lf- -6.41235750435 0.338658155507 4.10346969412
4li -7.31902021524 1.0537771611 5.1410485186
4li4li- -7.04642125309 0.929299979707 4.93568720151
4li4li-4li-4li- -6.6515099161 0.831478038879 4.64661143982
4ll -6.95886607503 0.938901690853 4.76036592859
Using multi
