1111 -9.71966939911 -0.150963983334 2.46495065975
1111- -9.89553523118 -0.317150284033 2.5245509473
1111-11- -9.42356998516 -0.990750279223 1.89017829716
1111-11-11 -9.25752777592 -0.822546804042 2.12419663631
1111-11-11- -9.3619597773 -1.28195696923 1.75099635375
1111-1111 -9.27347180348 -1.24181467395 1.78645260749
1111-1111- -9.25759123353 -0.823210450853 2.12365743828
111111 -9.35413286503 -0.890663129487 1.86989035569
111111- -9.42413000719 -0.990912505081 1.89026829193
111111-11 -9.27331735207 -1.24213941968 1.78611669874
111111-11- -9.23605146455 -1.42576903055 1.59613591274
11111111 -9.2683211129 -1.11403882235 1.79890725546
11111111- -9.27834010427 -1.19632405139 1.80043259783
12aa -9.1380463293 2.07386776717 6.62049999831
12aa12aa -7.82837912697 1.11670099654 4.99403805976
12aa12aa- -7.83598730641 1.11070473024 4.99789821397
12aa12aa-12aa -7.31368169062 0.718232173802 4.31709742864
12aa12aa-12aa-12aa -7.02970325818 0.527824248859 3.96109610366
12aa12aa-12aa-12aa- -7.01342100232 0.548231640636 3.96770059062
12aa12aa-12aa12aa -7.02855079971 0.523000137564 3.97530244424
12aa12aa-12aa12aa- -7.0438673134 0.509426757521 3.97389704342
12aa12aa12aa -7.28501430096 0.748379546746 4.32411676646
12aa12aa12aa-12aa -7.02855097522 0.52300024013 3.97530267832
12aa12aa12aa-12aa- -7.01584966973 0.537914349672 3.97993172564
12aa12aa12aa12aa -6.99676260517 0.567143560028 3.97311870136
12aa12aa12aa12aa- -7.01342101268 0.548231676217 3.96770063003
12ae -8.86509822005 1.65775570606 6.02394907035
12ae12ae -7.77106266299 0.714063222082 4.6479640871
12ae12ae- -7.76585785718 0.715752210597 4.65547553172
12ae12ae-12ae -7.29815231713 0.343602903976 4.01738867702
12ae12ae-12ae-12ae -7.04943485262 0.150900698961 3.69561019757
12ae12ae-12ae-12ae- -7.03979375078 0.173464662652 3.69960979416
12ae12ae-12ae12ae -7.04471213548 0.152753401529 3.70740031551
12ae12ae-12ae12ae- -7.05410800603 0.141007874859 3.70325714112
12ae12ae12ae -7.29628552833 0.346360517238 4.0510890073
12ae12ae12ae-12ae -7.06260277593 0.139920265399 3.72703451867
12ae12ae12ae-12ae- -7.05124423415 0.152007932704 3.729791216
12ae12ae12ae12ae -7.04967481492 0.155880874125 3.73309618535
12ae12ae12ae12ae- -7.05964617772 0.144769301556 3.73032823521
12af -8.67097763167 1.96065376637 6.20198467654
12af12af -7.5664083516 0.987359502554 4.68132770901
12af12af- -7.55195156505 0.948607341692 4.62539137159
12af12af-12af -7.03887576851 0.58788549668 3.98266220763
12af12af-12af-12af -6.7399020795 0.413244059074 3.6480217175
12af12af-12af-12af- -6.74050665819 0.413620661182 3.64673822057
12af12af-12af12af -6.770549298 0.397437939067 3.67313403818
12af12af-12af12af- -6.78476807156 0.355931871877 3.65241482571
12af12af12af -7.08105832156 0.598511464274 4.05012366333
12af12af12af-12af -6.88505924808 0.417576347597 3.76226210575
12af12af12af-12af- -6.88263262431 0.420488650424 3.757671883
12af12af12af12af -7.18732605604 0.649647300235 4.12542642567
12af12af12af12af- -7.0713653583 0.513155160965 3.95947896807
12ai -8.90111040772 2.17168998451 6.50861675603
12ai12ai -7.71105906301 1.36370676077 5.05718063249
12ai12ai- -7.59075682313 1.25672544882 4.90741352596
12ai12ai-12ai -7.0676065353 0.887564792999 4.2390132076
12ai12ai-12ai-12ai -6.82827016062 0.747693405944 3.95843531332
12ai12ai-12ai-12ai- -6.86156145063 0.815014933281 4.02884520056
12ai12ai-12ai12ai -6.8033120866 0.727395166566 3.9366508709
12ai12ai-12ai12ai- -6.7684703687 0.661496943204 3.8617045542
12ai12ai12ai -7.23672261933 1.08429459778 4.50182045828
12ai12ai12ai-12ai -6.81111749195 0.737213127632 3.94890659604
12ai12ai12ai-12ai- -6.83385577117 0.792782111345 4.01111645928
12ai12ai12ai12ai -6.92226151736 0.898528919832 4.13807649004
12ai12ai12ai12ai- -6.87608034019 0.831387732175 4.06411139493
12al -8.32024831021 2.08751344876 6.04033836333
12al12al -7.20370653064 1.21427799425 4.57550672638
12al12al- -7.21717877316 1.24784711016 4.61049696424
12al12al-12al -6.78246104857 0.882501296356 4.01631713589
12al12al-12al-12al -6.54353418851 0.695325542529 3.6949501488
12al12al-12al-12al- -6.61553096577 0.703983273136 3.7759839248
12al12al-12al12al -6.45795834211 0.677987069765 3.6500247177
12al12al-12al12al- -6.46602144445 0.68723691336 3.66173363132
12al12al12al -6.6531505109 0.880950387187 3.95050878485
12al12al12al-12al -6.44713368512 0.699564792067 3.6752158993
12al12al12al-12al- -6.41135753336 0.750035855015 3.68486896484
12al12al12al12al -6.34112049537 0.721930651317 3.61622489597
12al12al12al12al- -6.34727702046 0.734491202108 3.6298393729
12ea -8.86509675091 1.6577568752 6.02394879561
12ea12ea -7.77102937514 0.714215482752 4.64800345593
12ea12ea- -7.76592467304 0.715756915071 4.65556995282
12ea12ea-12ea -7.29820912092 0.343546159177 4.01738326419
12ea12ea-12ea-12ea -7.04942063277 0.151007321829 3.69566805031
12ea12ea-12ea-12ea- -7.05965523581 0.144777342101 3.73034149726
12ea12ea-12ea12ea -7.06259229276 0.13992271971 3.72702937861
12ea12ea-12ea12ea- -7.05414035102 0.141044144738 3.7033054287
12ea12ea12ea -7.29628497433 0.346358282929 4.05108726528
12ea12ea12ea-12ea -7.04470011507 0.15274706224 3.70738077415
12ea12ea12ea-12ea- -7.05125939579 0.152056177386 3.72983743592
12ea12ea12ea12ea -7.0496955032 0.155932856794 3.73314891592
12ea12ea12ea12ea- -7.04111698723 0.177044704755 3.70140950421
12ee -8.91947649223 1.4747253899 5.92477663218
12ee12ee -7.98175853873 0.621646979572 4.68601685132
12ee12ee- -7.74852473775 0.40058143028 4.39219088471
12ee12ee-12ee -7.3586406503 0.115997215008 3.86862993157
12ee12ee-12ee-12ee- -7.34281517464 0.0827280608654 3.8539638365
12ee12ee-12ee12ee -7.21095360367 -0.0200197018471 3.67995130266
12ee12ee-12ee12ee- -7.14480770523 -0.0619724227183 3.60075783391
12ee12ee12ee -7.6363370793 0.343065518257 4.25503709363
12ee12ee12ee-12ee -7.21096036764 -0.0200085199103 3.67997929363
12ee12ee12ee-12ee- -7.27271878944 0.0103394896774 3.7557802667
12ee12ee12ee12ee -7.47227740864 0.199931626964 4.03832793919
12ee12ee12ee12ee- -7.34276347197 0.0826573708424 3.85387019987
12ef -8.78783674174 1.5626546236 5.97150464785
12ef12ef -7.54731378342 0.632778186156 4.34728023944
12ef12ef- -7.58434227058 0.560102505434 4.36683704565
12ef12ef-12ef -7.05939429993 0.250281001193 3.70370207555
12ef12ef-12ef-12ef -6.80467082477 0.0714936452181 3.41787912296
12ef12ef-12ef-12ef- -6.91256897256 0.0775515723116 3.53047019356
12ef12ef-12ef12ef -6.81188966926 0.0670690831054 3.43374602684
12ef12ef-12ef12ef- -6.83715955539 0.0148395551418 3.40251207407
12ef12ef12ef -7.07966491514 0.268368420285 3.77633082302
12ef12ef12ef-12ef -6.82719455964 0.0391678225595 3.41655248267
12ef12ef12ef-12ef- -6.87380053532 -0.00125760518071 3.44873029688
12ef12ef12ef12ef -6.84047413985 0.0738379551354 3.46649241134
12ef12ef12ef12ef- -6.8634183194 0.0261015334937 3.4269715133
12ei -8.78984563174 1.7117547997 6.00802455167
12ei12ei -7.81702914388 1.036873335 4.88432823269
12ei12ei- -7.55902274615 0.831129942095 4.56378540027
12ei12ei-12ei -7.10166276375 0.503304184411 3.96728927933
12ei12ei-12ei-12ei -6.97266075302 0.431480081077 3.82255528629
12ei12ei-12ei-12ei- -7.0826348244 0.513889893546 3.98643610471
12ei12ei-12ei12ei -6.93908840092 0.386357942725 3.78339990583
12ei12ei-12ei12ei- -6.86490267598 0.327955964099 3.67815244526
12ei12ei12ei -7.41735777155 0.776604041132 4.41194280793
12ei12ei12ei-12ei -6.91525948872 0.390286340999 3.75476975064
12ei12ei12ei-12ei- -7.0267206596 0.486883338965 3.9212203831
12ei12ei12ei12ei -7.2355362188 0.663516895115 4.19799687148
12ei12ei12ei12ei- -7.08877049615 0.554681047141 3.99513366939
12el -8.45646162761 1.62647581288 5.83508229034
12el12el -7.69406408869 0.861138360156 4.6482967688
12el12el- -7.25442074056 0.873960591219 4.34626119139
12el12el-12el -7.12796633047 0.361655861277 3.868339429
12el12el-12el-12el -6.89735653324 0.209532729711 3.59421369809
12el12el-12el-12el- -6.80919868602 0.443073147302 3.69768836787
12el12el-12el12el -6.9282822337 0.276405597391 3.67541708142
12el12el-12el12el- -6.82642195984 0.214800242219 3.55726039328
12el12el12el -7.2384206499 0.58274918024 4.13580247017
12el12el12el-12el -6.87455358066 0.252087906679 3.62200140659
12el12el12el-12el- -6.8979044795 0.330741168933 3.71433440285
12el12el12el12el -6.99017686623 0.449737419525 3.87609727548
12el12el12el12el- -6.87633516002 0.411443711063 3.73715277853
12fa -8.63761501094 1.97069866803 6.17900445209
12fa12fa -7.48435058961 1.04303616897 4.66094908347
12fa12fa- -7.55195076493 0.948605455308 4.62538884605
12fa12fa-12fa -6.99541747266 0.631312201388 3.99128508389
12fa12fa-12fa-12fa -6.75783669848 0.424201468707 3.66589585562
12fa12fa-12fa-12fa- -7.07154410329 0.513234335957 3.95966547268
12fa12fa-12fa12fa -6.70087583661 0.45504735113 3.68141493273
12fa12fa-12fa12fa- -6.78476752789 0.355931092099 3.65241404737
12fa12fa12fa -6.95103016406 0.679070573653 4.02190328602
12fa12fa12fa-12fa -6.72165149406 0.431137116647 3.65296332653
12fa12fa12fa-12fa- -6.88266964682 0.420399693344 3.75766561364
12fa12fa12fa12fa -6.66148351721 0.499489344498 3.68627172279
12fa12fa12fa12fa- -6.74056296607 0.413750465591 3.64684049585
12fe -8.77720001639 1.50671055404 5.94776232978
12fe12fe -7.53999036472 0.664945837785 4.41241234562
12fe12fe- -7.58437206122 0.560128680826 4.36687843854
12fe12fe-12fe -7.0458832895 0.274957576413 3.74210292935
12fe12fe-12fe-12fe -6.84951362165 0.129345087267 3.47585004828
12fe12fe-12fe-12fe- -6.86337659809 0.0260653027811 3.42691332515
12fe12fe-12fe12fe -6.76562465187 0.107922400367 3.4491027345
12fe12fe-12fe12fe- -6.83722925526 0.0149972315914 3.40268196971
12fe12fe12fe -7.04251126866 0.312283969875 3.82264269864
12fe12fe12fe-12fe -6.81024344788 0.0600147029545 3.4398247793
12fe12fe12fe-12fe- -6.87379768586 -0.00125853125599 3.44872708462
12fe12fe12fe12fe -6.78291625032 0.12773218478 3.50786501476
12fe12fe12fe12fe- -6.91251144748 0.0774797953861 3.53037984568
12ff -8.72186467827 1.88120957248 6.16321398284
12ff12ff -7.40946706232 0.941967494468 4.4856338973
12ff12ff- -7.49747911926 0.833692392445 4.49814270234
12ff12ff-12ff -6.89818643184 0.570891442878 3.81676558628
12ff12ff-12ff-12ff -6.63070444478 0.371381965325 3.48982429247
12ff12ff-12ff-12ff- -6.72050066042 0.256242445749 3.49367597277
12ff12ff-12ff12ff -6.61210968692 0.399574323911 3.51558185796
12ff12ff-12ff12ff- -6.70266473689 0.279997363634 3.4864979047
12ff12ff12ff -6.89926749117 0.563297244384 3.85851301103
12ff12ff12ff-12ff -6.66400968233 0.337712985167 3.50539062287
12ff12ff12ff-12ff- -6.75118041342 0.227076361933 3.50646292814
12ff12ff12ff12ff -6.62848671343 0.368866816752 3.52514791446
12ff12ff12ff12ff- -6.72050065266 0.256241553033 3.4936754564
12fi -8.58289064768 2.07587126322 6.21135649653
12fi12fi -7.73476919426 1.32539672929 4.9927821223
12fi12fi- -7.38352497026 1.0986567246 4.60163898441
12fi12fi-12fi -6.81069571892 0.804796729977 3.95795968736
12fi12fi-12fi-12fi -6.74984796123 0.742125055669 3.87279739547
12fi12fi-12fi-12fi- -6.96242949018 0.770833238235 4.0431058359
12fi12fi-12fi12fi -6.58370253841 0.687924135296 3.72748873518
12fi12fi-12fi12fi- -6.5913557929 0.535536331016 3.60948157202
12fi12fi12fi -7.09998605506 1.00735420888 4.33006204233
12fi12fi12fi-12fi -6.60203466634 0.65829132212 3.70205612237
12fi12fi12fi-12fi- -6.80540892566 0.683047657817 3.86175012159
12fi12fi12fi12fi -6.87446112388 0.887396053316 4.0679650054
12fi12fi12fi12fi- -6.72905515781 0.708215214164 3.8192020588
12fl -8.45607525454 2.03008165545 6.06297805057
12fl12fl -7.09201747616 1.2228608279 4.45156389694
12fl12fl- -7.1352585484 1.12892899885 4.42886028065
12fl12fl-12fl -6.59966218962 0.837433461477 3.80164081755
12fl12fl-12fl-12fl -6.54954725568 0.526774107544 3.55040153777
12fl12fl-12fl-12fl- -6.62085286696 0.459786799803 3.56372182959
12fl12fl-12fl12fl -7.02610369121 0.821716741144 4.14369907734
12fl12fl-12fl12fl- -6.58774262828 0.510995928547 3.55516659489
12fl12fl12fl -6.95257876453 0.647257588845 3.94380473987
12fl12fl12fl-12fl -6.69334093963 0.432897336591 3.60784915537
12fl12fl12fl-12fl- -6.63825174246 0.48916570786 3.60769043628
12fl12fl12fl12fl -6.68131533331 0.497833195755 3.63924819224
12fl12fl12fl12fl- -6.64282727042 0.477211820906 3.58345184632
12ia -8.90111306354 2.17168980221 6.5086194472
12ia12ia -7.71092898105 1.36355438245 5.05698904246
12ia12ia- -7.5907570173 1.25672372368 4.90741207183
12ia12ia-12ia -7.0676192446 0.887518592857 4.2390377506
12ia12ia-12ia-12ia -6.82828984498 0.747733951671 3.95847948889
12ia12ia-12ia-12ia- -6.87589455239 0.831201396045 4.06384476917
12ia12ia-12ia12ia -6.81108210926 0.737164233704 3.94885908838
12ia12ia-12ia12ia- -6.76900752317 0.66293476645 3.86348157491
12ia12ia12ia -7.23663104554 1.08421131747 4.50171173253
12ia12ia12ia-12ia -6.80321261139 0.727307296577 3.93652185759
12ia12ia12ia-12ia- -6.83390105684 0.792802422765 4.01116559877
12ia12ia12ia12ia -6.92155728504 0.897876545649 4.13712546173
12ia12ia12ia12ia- -6.86157888208 0.814991251775 4.02883940285
12ie -8.78973308378 1.71125295225 6.00847693258
12ie12ie -7.81703062286 1.03691576198 4.88436087839
12ie12ie- -7.55902728412 0.831058087306 4.56372602015
12ie12ie-12ie -7.10767777573 0.508728968313 3.97629573146
12ie12ie-12ie-12ie -6.97458511284 0.433252431486 3.82535996006
12ie12ie-12ie-12ie- -7.08645542111 0.552695633219 3.99142792592
12ie12ie-12ie12ie -6.91506626273 0.390119299156 3.7545003679
12ie12ie-12ie12ie- -6.88096972509 0.341015958054 3.69978258836
12ie12ie12ie -7.41745584788 0.776684685761 4.41208912991
12ie12ie12ie-12ie -6.93929532201 0.386585187648 3.7837059586
12ie12ie12ie-12ie- -7.0269346061 0.48706852903 3.92151483131
12ie12ie12ie12ie -7.23559779982 0.663604184359 4.19810555041
12ie12ie12ie12ie- -7.08267185107 0.513914507183 3.98648613847
12if -8.61109757111 2.06917101579 6.23139637664
12if12if -7.67706244393 1.35836092831 4.97979026346
12if12if- -7.38352577819 1.09865700852 4.60163998355
12if12if-12if -6.8636423368 0.771145602046 3.95837635584
12if12if-12if-12if -6.59057118525 0.625298111701 3.654679194
12if12if-12if-12if- -6.7328042106 0.708850731691 3.82129762273
12if12if-12if12if -6.68015750441 0.659002921372 3.74933899171
12if12if-12if12if- -6.59135577277 0.535536312561 3.60948154218
12if12if12if -7.28464223231 1.07576423473 4.48347763976
12if12if12if-12if -6.71894703972 0.632507107019 3.76138926929
12if12if12if-12if- -6.80540799253 0.683014847318 3.86172498541
12if12if12if12if -7.13027743126 0.972705858162 4.29125291601
12if12if12if12if- -6.96242948963 0.770833232866 4.04310583149
12ii -8.75182616507 2.27035204383 6.46468413695
12ii12ii -7.72039652843 1.67264756705 5.25626508325
12ii12ii- -7.40921201108 1.42332225868 4.87614232307
12ii12ii-12ii -6.91241008538 1.10065784533 4.25837803683
12ii12ii-12ii-12ii -6.76771238859 1.04315021319 4.11799569911
12ii12ii-12ii-12ii- -6.90705013912 1.20590875651 4.32819783429
12ii12ii-12ii12ii -6.74133906801 1.04054717123 4.08794663128
12ii12ii-12ii12ii- -6.65376511514 0.927594197991 3.9526158978
12ii12ii12ii -7.2686546365 1.43634890073 4.76299377488
12ii12ii12ii-12ii -6.74133715888 1.04054582692 4.08794410165
12ii12ii12ii-12ii- -6.80064827815 1.13336370278 4.20369539091
12ii12ii12ii12ii -7.07176607261 1.36970541376 4.56606229661
12ii12ii12ii12ii- -6.90705542489 1.2059137045 4.32820536902
12il -8.78725075148 2.11972998274 6.3760592398
12il12il -7.61607435859 1.34202732066 4.9372511441
12il12il- -7.36202206412 1.26947443311 4.73175212105
12il12il-12il -6.89276738785 0.849695113736 4.05607322455
12il12il-12il-12il -6.64550605972 0.714933466929 3.76787268022
12il12il-12il-12il- -6.61591120071 0.82589193374 3.82781057469
12il12il-12il12il -6.66297342792 0.739517618996 3.81759423972
12il12il-12il12il- -6.60253534715 0.756130924529 3.78980738809
12il12il12il-12il -6.60721088396 0.740269679233 3.78244956922
12il12il12il-12il- -6.63581579185 0.746463236214 3.80543270321
12il12il12il12il -6.89152389427 0.938772668734 4.11460381935
12il12il12il12il- -6.74150872603 0.849584034581 3.95266746066
12la -8.42511249193 2.08887287998 6.12793120248
12la12la -7.34281743431 1.19366539712 4.6660977052
12la12la- -7.2171785295 1.24784697412 4.61049660589
12la12la-12la -6.77295920141 0.803425485774 3.95952530047
12la12la-12la-12la -6.47026867477 0.649415165079 3.62631131019
12la12la-12la-12la- -6.34729983896 0.734507770466 3.62987035655
12la12la-12la12la -6.54916965128 0.624341161057 3.69216086692
12la12la-12la12la- -6.46602226651 0.687237681826 3.66173517953
12la12la12la -7.06075215934 0.905503971945 4.22491595112
12la12la12la-12la -6.51778475147 0.656267995016 3.68096185356
12la12la12la-12la- -6.45518509051 0.705538243501 3.66861512187
12la12la12la12la -6.78655477667 0.507862195556 3.76671679491
12la12la12la12la- -6.50306740346 0.764704587354 3.70572223188
12le -8.56977930637 1.66792043517 5.93421566973
12le12le -7.4416523046 0.798763910034 4.44070971101
12le12le- -7.25450932992 0.874026085374 4.34638147967
12le12le-12le -6.99884377148 0.615295395352 3.92837990496
12le12le-12le-12le- -6.83479871706 0.32915250172 3.64358969409
12le12le-12le12le -6.91497972654 0.276328203586 3.65976172493
12le12le-12le12le- -6.81869078375 0.223495072246 3.55927595749
12le12le12le -7.17767475726 0.470234443924 4.0181001295
12le12le12le-12le -6.85656169096 0.239100926053 3.61448217895
12le12le12le-12le- -6.7142947391 0.436434020195 3.64122758552
12le12le12le12le -7.23905756321 0.633084152732 4.12295075257
12le12le12le12le- -6.80946049127 0.443434901227 3.69808827076
12lf -8.49683246481 2.01314183112 6.1063379012
12lf12lf -7.3677815389 1.10972919922 4.56269153175
12lf12lf- -7.13525837879 1.12892936061 4.42886034564
12lf12lf-12lf -6.85992746527 0.677630831488 3.86960759119
12lf12lf-12lf-12lf -6.6123525747 0.492363744432 3.56079170421
12lf12lf-12lf-12lf- -6.69604354793 0.549336751175 3.67209132299
12lf12lf-12lf12lf -6.54078265536 0.557236776592 3.57135137781
12lf12lf-12lf12lf- -6.5791242798 0.477670272214 3.53719030483
12lf12lf12lf -6.85537332177 0.73998689755 3.93881982138
12lf12lf12lf-12lf -6.54916363036 0.521690320335 3.54833680828
12lf12lf12lf-12lf- -6.74355931517 0.420943026208 3.61886297086
12lf12lf12lf12lf -6.59379345707 0.5796957091 3.63427942453
12lf12lf12lf12lf- -6.61504387439 0.46917562122 3.56609118119
12li -8.37477956172 2.19574850013 6.16437172967
12li12li -7.58260059722 1.65173922104 5.13347126244
12li12li- -7.36201938772 1.2694741873 4.73174512434
12li12li-12li -6.82939690202 0.881516540499 4.03595291789
12li12li-12li-12li -6.59694194448 0.74608135494 3.76125276628
12li12li-12li-12li- -6.70879000455 0.833282737036 3.917349705
12li12li-12li12li -6.56300431989 0.689714507612 3.71394766512
12li12li-12li12li- -6.60253554795 0.756131237253 3.78980779665
12li12li12li -6.82936955906 0.881494891572 4.03591485103
12li12li12li-12li -6.5630554854 0.689747310977 3.71400549675
12li12li12li-12li- -6.63581668513 0.746463186663 3.80543346877
12li12li12li12li -6.56304130202 0.689721861085 3.71397435228
12li12li12li12li- -6.60777325812 0.74632326614 3.77023595469
12ll -8.27900258371 2.13300420939 6.0314442481
12ll12ll -7.61451098388 1.5972174542 5.07662868433
12ll12ll- -6.80127179408 1.42047721643 4.39448746175
12ll12ll-12ll -7.21030496043 1.18001800442 4.52136036241
12ll12ll-12ll-12ll -6.80819634316 0.829518555735 3.96496858926
12ll12ll-12ll-12ll- -6.84587465284 1.081606236 4.16966233836
12ll12ll-12ll12ll -7.07591309557 1.1083370019 4.36300521427
12ll12ll-12ll12ll- -6.61755408228 0.646856663186 3.711257858
12ll12ll12ll -7.19458908061 1.32225247016 4.59540915691
12ll12ll12ll-12ll -6.14385143481 0.907477187015 3.54103536289
12ll12ll12ll-12ll- -6.77458783136 1.10559518817 4.15354680382
12ll12ll12ll12ll -7.05824626246 1.24399775405 4.42272854615
12ll12ll12ll12ll- -6.87009030224 1.13961729701 4.2393920254
2 -11.3168592541 2.55294534958 9.42143188368
22 -9.42968394137 1.3777179364 7.05811178738
22- -9.47174874644 1.37951296167 6.81180521175
22-2 -8.60346520723 0.765491352108 5.60583656727
22-2- -8.56176454889 0.759637165409 5.69216547509
22-2-2 -8.20715111133 0.70906179421 5.3010568992
22-2-2- -8.0318175749 0.383023659536 5.04201706399
22-22 -8.29718721242 0.727784751968 5.33134227088
22-22- -8.45112959253 1.05353086348 5.59331729009
222 -8.52706109462 0.753875502591 5.83889633362
222- -8.69021505773 0.986346836568 5.94091665972
222-2 -8.30177224305 0.793775474791 5.38968510968
222-2- -8.0460930157 0.388318555945 4.98490702581
2222 -8.00402438045 0.374451062263 5.11687365579
2222- -8.03238933705 0.384007411213 5.043105254
4aa -9.91081221833 1.89792160579 6.44619469404
4aa4aa -8.78741198146 1.32859472533 6.1118615332
4aa4aa- -8.78771982857 1.32849682221 6.11206685087
4aa4aa-4aa -8.29207292985 1.03715276782 5.56411018649
4aa4aa-4aa-4aa -8.07340519196 0.926600827513 5.34072902085
4aa4aa-4aa-4aa- -8.07327130868 0.926449708582 5.34052392906
4aa4aa-4aa4aa -8.09632972016 0.950544395223 5.36943457728
4aa4aa-4aa4aa- -8.09784322974 0.952002983213 5.3717508588
4aa4aa4aa -8.29690390697 1.05297382814 5.58318790587
4aa4aa4aa-4aa -8.07331355409 0.926474414379 5.34057509472
4aa4aa4aa-4aa- -8.07336433719 0.926538508749 5.34065779604
4aa4aa4aa4aa -8.09638209589 0.95068036708 5.36955728557
4aa4aa4aa4aa- -8.09786149075 0.952022131356 5.37177847865
4ae -9.17538028272 1.3009705091 5.9603166767
4ae4ae -8.70061973519 1.01808093676 5.71103240068
4ae4ae- -8.68011410174 1.04009034851 5.69599520342
4ae4ae-4ae -8.32193385233 0.843081399525 5.39796817034
4ae4ae-4ae-4ae -8.16725027281 0.748441469473 5.25790948584
4ae4ae-4ae-4ae- -8.17322643899 0.752462255014 5.2654294394
4ae4ae-4ae4ae -8.15553672408 0.748027766143 5.24177054389
4ae4ae-4ae4ae- -8.15188871546 0.750475811716 5.24046224911
4ae4ae4ae -8.35737731348 0.842101320307 5.44146309122
4ae4ae4ae-4ae -8.17338722479 0.75951947337 5.27276055411
4ae4ae4ae-4ae- -8.17370010383 0.753403602692 5.26754928235
4ae4ae4ae4ae -8.19359941779 0.75754106685 5.29757243273
4ae4ae4ae4ae- -8.19376898663 0.765614998381 5.30164098256
4af -8.88250422055 1.7858914663 5.95517545535
4af4af -8.39065528865 1.2455067245 5.56907750993
4af4af- -8.36546443281 1.25323249696 5.56887562519
4af4af-4af -8.08440845316 1.0772547525 5.30668130537
4af4af-4af-4af -7.96178071064 0.986073578823 5.18268869249
4af4af-4af-4af- -7.92605149099 0.985979082515 5.1630492514
4af4af-4af4af -7.93555207549 0.899428306913 5.11515054788
4af4af-4af4af- -7.90789401177 0.933117741049 5.12053777959
4af4af4af -8.03427909547 1.01182825663 5.25027758679
4af4af4af-4af -7.83940913047 0.940446794617 5.08611563866
4af4af4af-4af- -7.80767838914 0.94626152246 5.07089408528
4af4af4af4af -7.82644210065 0.876366607334 5.04956758705
4af4af4af4af- -7.79568878551 0.90364161003 5.04293210806
4ai -9.38643413012 1.95739570351 6.27520775087
4ai4ai -8.75552827041 1.61299286629 6.02130919152
4ai4ai- -8.792621528 1.66098387018 6.05101331968
4ai4ai-4ai -8.34384860602 1.45902666071 5.7918660648
4ai4ai-4ai-4ai -8.21783531442 1.44546945515 5.72752934784
4ai4ai-4ai-4ai- -8.14575477466 1.36096421511 5.63597376452
4ai4ai-4ai4ai -8.11698073634 1.31932470685 5.59153483237
4ai4ai-4ai4ai- -8.13338605309 1.33909304989 5.61446927423
4ai4ai4ai -8.352403 1.45296094678 5.79276183426
4ai4ai4ai-4ai -8.14655181723 1.35276736435 5.63704372302
4ai4ai4ai-4ai- -8.19486538364 1.41766157682 5.70404361775
4ai4ai4ai4ai -8.21338888659 1.42859911126 5.72513145516
4ai4ai4ai4ai- -8.18499401577 1.38222338643 5.68336012978
4al -8.57128361895 1.90956377163 5.87117589968
4ea -9.17528530641 1.30090557048 5.96020121008
4ea4ea -8.70070237289 1.01814640668 5.7111148161
4ea4ea- -8.68027175661 1.04015828166 5.69614897727
4ea4ea-4ea -8.32208174359 0.843303104026 5.39821945055
4ea4ea-4ea-4ea -8.16540793536 0.746952770675 5.25818424934
4ea4ea-4ea-4ea- -8.17384813854 0.742308769678 5.26852501412
4ea4ea-4ea4ea -8.15793373767 0.743667784129 5.24565161075
4ea4ea-4ea4ea- -8.15185536237 0.750437308511 5.24041443343
4ea4ea4ea -8.35733184636 0.842049289474 5.4413910881
4ea4ea4ea-4ea -8.16246844629 0.756198269486 5.25527721093
4ea4ea4ea-4ea- -8.17793815937 0.758243161378 5.27533102441
4ea4ea4ea4ea -8.19344947057 0.7573668989 5.29733549769
4ea4ea4ea4ea- -8.17205304627 0.746731805247 5.26622036483
4ee -8.7512881296 0.859114339986 5.62842753319
4ee4ee -8.51143458772 0.64003777349 5.42244409888
4ee4ee4ee -8.30166375365 0.520542922583 5.21562569313
4ee4ee4ee4ee -8.16912200453 0.445463282514 5.10006982324
4ef -8.47796466215 1.3123596416 5.67906708727
4ef4ef -8.18960468759 1.02207612781 5.33505064029
4ef4ef- -8.22936345566 1.16954403035 5.42652212209
4ef4ef-4ef -8.04965936433 0.968142034761 5.20011843129
4ef4ef-4ef-4ef -7.94225195828 0.83091686931 5.08024600025
4ef4ef-4ef-4ef- -7.92738615254 0.850767745169 5.09670950994
4ef4ef-4ef4ef- -7.94407099333 0.914838023268 5.1130328946
4ef4ef4ef -7.9637845792 0.834115063271 5.09281916853
4ef4ef4ef-4ef -7.88449946075 0.88531787832 5.07274447858
4ef4ef4ef-4ef- -7.85500927741 0.881525861605 5.05746743883
4ef4ef4ef4ef -7.80891176203 0.706406159599 4.92200250847
4ef4ef4ef4ef- -7.82107299164 0.79811390227 4.9858714028
4ei -8.81024252041 1.4146319581 5.97064644794
4ei4ei -8.62149707102 1.31541390525 5.76002740723
4ei4ei- -8.62145923846 1.31533852169 5.75996944182
4ei4ei-4ei -8.40299586308 1.25044452201 5.5700698231
4ei4ei-4ei-4ei -8.30947667435 1.22400242246 5.55709532458
4ei4ei-4ei-4ei- -8.31424542367 1.2092541728 5.5588580802
4ei4ei-4ei4ei -8.31025172827 1.2246994736 5.5599811837
4ei4ei-4ei4ei- -8.31615016714 1.24762524356 5.56071814291
4ei4ei4ei -8.40863271728 1.24044278444 5.56938946531
4ei4ei4ei-4ei -8.31616550419 1.24824161116 5.56050254786
4ei4ei4ei-4ei- -8.30766876634 1.22282537714 5.55667480495
4ei4ei4ei4ei -8.31434741797 1.20931776666 5.55891447556
4ei4ei4ei4ei- -8.36691358968 1.26712199235 5.57667434167
4el -8.23422571851 1.43564634745 5.6122458929
4fa -8.88251312686 1.785883923 5.95517741478
4fa4fa -8.39064996663 1.24558759291 5.56908304712
4fa4fa- -8.50767395658 1.29432570952 5.63844084914
4fa4fa-4fa -8.08440792988 1.07725873596 5.30668312826
4fa4fa-4fa-4fa -7.96177553533 0.986066804663 5.18268172732
4fa4fa-4fa-4fa- -8.08426373577 0.907213417266 5.20062941637
4fa4fa-4fa4fa -7.83940970381 0.940472107867 5.08612573802
4fa4fa-4fa4fa- -7.96774785553 0.902944542614 5.13432948776
4fa4fa4fa -8.03427772413 1.01182637459 5.25027569951
4fa4fa4fa-4fa -7.93555146096 0.899427656214 5.11514974453
4fa4fa4fa-4fa- -8.09984702269 0.883168857225 5.20164184023
4fa4fa4fa4fa -7.82641280952 0.876566156428 5.04963986516
4fa4fa4fa4fa- -7.96069037498 0.868973633574 5.11925419072
4fe -8.4779276937 1.31230373894 5.67902941337
4fe4fe -8.18968930363 1.02222121776 5.33518649071
4fe4fe- -8.26655208556 1.04273978108 5.37120957551
4fe4fe-4fe -8.0466072774 0.982318211189 5.20506820833
4fe4fe-4fe-4fe -7.93827348273 0.794837581662 5.05871544155
4fe4fe-4fe-4fe- -8.00707994622 0.71855377468 5.03639750316
4fe4fe-4fe4fe -7.90244697039 0.892920520383 5.0941051828
4fe4fe-4fe4fe- -7.9973208735 0.849886891067 5.11134941489
4fe4fe4fe -7.96377757213 0.834022836333 5.09274164596
4fe4fe4fe-4fe -7.95903226015 0.790825372612 5.06906222774
4fe4fe4fe-4fe- -8.01933875551 0.697335723877 5.03666432355
4fe4fe4fe4fe -7.80885848631 0.70623940449 4.92187560383
4fe4fe4fe4fe- -7.92182302081 0.692926679892 4.98008340609
4ff -8.25937217391 1.64748279289 5.463712828
4ff4ff -7.88590761003 1.11548923066 5.05422696988
4ff4ff- -8.08219774612 1.11973164966 5.19654899066
4ff4ff-4ff -7.84107456859 0.916847428147 4.94002082199
4ff4ff-4ff-4ff -7.76182321353 0.87373500386 4.85242445136
4ff4ff-4ff-4ff- -7.80516213061 0.834945139685 4.83115571483
4ff4ff-4ff4ff -7.65364491439 0.809546134384 4.76930538419
4ff4ff-4ff4ff- -7.76342786511 0.762017245877 4.81955454072
4ff4ff4ff -7.63684596246 0.906023477543 4.7928144267
4ff4ff4ff-4ff -7.65288273265 0.797391532523 4.76535475776
4ff4ff4ff-4ff- -7.71332050944 0.792819339918 4.7879934578
4ff4ff4ff4ff -7.48783496831 0.802072043209 4.65124758959
4ff4ff4ff4ff- -7.58621043215 0.777323012359 4.69385293534
4fi -8.52691679305 1.83194378759 5.76080900447
4fi4fi -8.2414781394 1.56220637611 5.53719176496
4fi4fi- -8.31755567366 1.55323627015 5.546358113
4fi4fi-4fi -8.04818960516 1.43412031368 5.39398634642
4fi4fi-4fi-4fi -7.97562999906 1.41564340751 5.32976020721
4fi4fi-4fi-4fi- -8.08157771418 1.2854555594 5.32983391928
4fi4fi-4fi4fi -7.8645778301 1.33681068373 5.26943062879
4fi4fi-4fi4fi- -7.98235060062 1.32112874468 5.30712389055
4fi4fi4fi -7.94661728724 1.3442628628 5.30287273464
4fi4fi4fi-4fi -7.96516110121 1.35473026624 5.30813919036
4fi4fi4fi-4fi- -8.05110402478 1.24296484756 5.28767565795
4fi4fi4fi4fi -7.75718041298 1.20716865802 5.14036604406
4fi4fi4fi4fi- -7.97976132096 1.30377126454 5.30474586507
4fl -8.02566989129 1.77005654331 5.40297450896
4ia -9.38642521891 1.9573976867 6.27520236555
4ia4ia -8.75548031755 1.6129318747 6.02127716344
4ia4ia- -8.79263032444 1.66099768024 6.05101904031
4ia4ia-4ia -8.34387566992 1.45906388465 5.79188776863
4ia4ia-4ia-4ia -8.21783874446 1.44546040591 5.72752445725
4ia4ia-4ia-4ia- -8.18538894321 1.38263058598 5.68383136834
4ia4ia-4ia4ia -8.14674431307 1.35271287747 5.63722665618
4ia4ia-4ia4ia- -8.13337270428 1.33908112916 5.61445325247
4ia4ia4ia -8.35250578646 1.45306200285 5.79283583671
4ia4ia4ia-4ia -8.11701943211 1.31937703589 5.5915853033
4ia4ia4ia-4ia- -8.19469285042 1.41744796371 5.7038063818
4ia4ia4ia4ia -8.21338776067 1.42859679757 5.72512974586
4ia4ia4ia4ia- -8.14638254089 1.36177299764 5.63684613793
4ie -8.81028290233 1.4146296004 5.97036202743
4ie4ie -8.62154845086 1.31544376794 5.76006328737
4ie4ie- -8.62156559219 1.31542983088 5.76005503597
4ie4ie-4ie -8.39784282291 1.24758761451 5.56918907646
4ie4ie-4ie-4ie -8.30945957195 1.22408937892 5.55924151999
4ie4ie-4ie-4ie- -8.30942238883 1.22392239059 5.55706315775
4ie4ie-4ie4ie -8.30787106866 1.22301285636 5.55655060802
4ie4ie-4ie4ie- -8.31307489556 1.24639407447 5.55954222274
4ie4ie4ie -8.40860849843 1.24036770047 5.56936948729
4ie4ie4ie-4ie -8.31618767377 1.24825343806 5.5605264264
4ie4ie4ie-4ie- -8.31016465256 1.2246097155 5.55991443952
4ie4ie4ie4ie -8.31467400896 1.20943359427 5.5590496708
4ie4ie4ie4ie- -8.31167694018 1.20690770064 5.55805218856
4if -8.52692685391 1.83194247119 5.76082392614
4if4if -8.24142405715 1.56215445289 5.5371463996
4if4if- -8.26269851428 1.57616554189 5.5711428159
4if4if-4if -8.04819176246 1.43408885358 5.39397061002
4if4if-4if-4if -7.97563316081 1.41564785256 5.32976346007
4if4if-4if-4if- -7.93906951282 1.44002351995 5.32011132785
4if4if-4if4if -7.96515984228 1.35472878111 5.30813805538
4if4if-4if4if- -7.96266019209 1.39369959253 5.32972518877
4if4if4if -7.94778443892 1.34668422974 5.30462217215
4if4if4if-4if -7.86457501281 1.33671784376 5.26937562483
4if4if4if-4if- -7.87116427622 1.46807620537 5.32574988544
4if4if4if4if -7.85870907344 1.37968435166 5.27547472873
4if4if4if4if- -7.86229521636 1.40335757809 5.29503447045
4ii -8.93508790678 2.00716915545 6.08194289853
4ii4ii -8.74887182782 2.00844955115 5.93533209215
4ii4ii4ii -8.45377019788 2.01307718991 5.76493870195
4ii4ii4ii4ii -8.42258991984 2.00546560883 5.74778823806
4il -8.25297590738 1.95246950448 5.685154166
4la -8.57128830365 1.90956019594 5.87117653591
4la4la- -8.08852244831 1.44857542294 5.49200034558
4la4la-4la-4la- -7.52081344714 1.14540516474 5.0041844331
4le -8.23404040622 1.43524760363 5.61263509122
4le4le- -7.95488952357 1.29169786199 5.3190653768
4le4le-4le-4le- -7.54187382133 1.00351486037 4.9229402834
4lf -8.02565885256 1.7700646291 5.40297238452
4lf4lf- -7.67152315477 1.55700293709 5.16190711978
4lf4lf-4lf-4lf- -7.26887281381 1.18285809936 4.75977742036
4li -8.25297598023 1.95247232004 5.68515633636
4li4li- -7.98867134826 1.75187943543 5.50369270919
4li4li-4li-4li- -7.56630254887 1.62771712657 5.23714720875
4ll -7.80846598002 1.88139177133 5.33832242496
