1111 -7.16199210048 -0.806503454908 0.572143125289
1111- -6.92905579995 -0.877506506097 0.341659991229
1111-11- -6.90391116795 -1.43563711404 0.242105824347
1111-11-11 -7.11899298228 -0.954500861007 0.754647722682
1111-11-11- -6.63495723083 -1.65898165944 0.165668426526
1111-1111 -7.10121462013 -1.50556653515 0.510777483475
1111-1111- -7.11887274798 -0.95511019389 0.75446844168
111111 -7.31262471869 -1.40281799083 0.546423262696
111111- -6.90496762547 -1.43575848282 0.242969400729
111111-11 -7.10108212615 -1.5061116521 0.510333565108
111111-11- -6.97624350113 -1.76111848278 0.263960223131
11111111 -7.41682058075 -1.36191710691 0.770672996979
11111111- -6.88889578046 -1.4791283506 0.460667459505
12aa -7.01585583154 1.41590516042 4.45378752114
12aa12aa -6.16901220511 0.644970944575 3.33329997192
12aa12aa- -6.19285036727 0.636786121822 3.35112028995
12aa12aa-12aa -5.87741086879 0.291487529087 2.85332050722
12aa12aa-12aa-12aa -5.71529697557 0.088943054103 2.57574394023
12aa12aa-12aa-12aa- -5.70983984853 0.0831080403199 2.57264501045
12aa12aa-12aa12aa -5.71632927818 0.0874333984187 2.5935265408
12aa12aa-12aa12aa- -5.72393386468 0.0935260842363 2.600239259
12aa12aa12aa -5.84857894977 0.288554086217 2.8374591783
12aa12aa12aa-12aa -5.71632942328 0.0874334649596 2.59352670697
12aa12aa12aa-12aa- -5.71082336142 0.0831176713042 2.58934920715
12aa12aa12aa12aa -5.70314502801 0.0775385327756 2.56842148965
12aa12aa12aa12aa- -5.70983985963 0.0831080662433 2.57264504118
12ae -7.04725415991 0.969695057044 4.07192333071
12ae12ae -6.29235563297 0.207457022651 3.1044272762
12ae12ae- -6.32554135305 0.177206494503 3.12314249791
12ae12ae-12ae -6.0429257372 -0.15945771757 2.63879091868
12ae12ae-12ae-12ae -5.90389571239 -0.362360061986 2.38677087509
12ae12ae-12ae-12ae- -5.90586329487 -0.372676845071 2.38069649008
12ae12ae-12ae12ae -5.89970191298 -0.362144349938 2.40080851973
12ae12ae-12ae12ae- -5.90641752384 -0.356228947913 2.40475053436
12ae12ae12ae -6.01269482842 -0.155107749377 2.64971021116
12ae12ae12ae-12ae -5.90983734438 -0.363699541168 2.41647962316
12ae12ae12ae-12ae- -5.9041542359 -0.370313047938 2.41256802419
12ae12ae12ae12ae -5.89152240246 -0.370988364501 2.40353890563
12ae12ae12ae12ae- -5.9033082905 -0.369410214303 2.40926582176
12af -6.91699742615 1.39462540237 4.35075970684
12af12af -6.05374005234 0.637934742253 3.2365101539
12af12af- -6.08064421592 0.600669204867 3.2293266457
12af12af-12af -5.72720499065 0.289525482893 2.73586507215
12af12af-12af-12af -5.54272380971 0.0960989677692 2.46252903694
12af12af-12af-12af- -5.5447399348 0.0715449411663 2.45532999524
12af12af-12af12af -5.55228007102 0.0939448132151 2.48636062535
12af12af-12af12af- -5.57068229034 0.0779140052799 2.4821352114
12af12af12af -5.72906099145 0.283304290097 2.74609332554
12af12af12af-12af -5.61330019355 0.155711431203 2.54947961956
12af12af12af-12af- -5.61696511915 0.134582349297 2.54169134488
12af12af12af12af -5.75307302985 0.356034488286 2.75312773333
12af12af12af12af- -5.71515853071 0.247373809561 2.65940537484
12ai -6.91819560718 1.43132928083 4.3714529639
12ai12ai -6.14229571925 0.782355125449 3.37077707721
12ai12ai- -6.0904904565 0.674902410519 3.29140129215
12ai12ai-12ai -5.78041369018 0.33701513884 2.80013470031
12ai12ai-12ai-12ai -5.65475259529 0.176998639529 2.5830251525
12ai12ai-12ai-12ai- -5.6701746751 0.21520568114 2.62337911773
12ai12ai-12ai12ai -5.64151179456 0.154523860418 2.57385135851
12ai12ai-12ai12ai- -5.61660073896 0.11466504979 2.52590458253
12ai12ai12ai -5.85986572075 0.498141036263 2.95471991714
12ai12ai12ai-12ai -5.63955683093 0.177493081681 2.58073505136
12ai12ai12ai-12ai- -5.65706778007 0.21120091706 2.62148068053
12ai12ai12ai12ai -5.69329344835 0.285012143058 2.68394456864
12ai12ai12ai12ai- -5.68712231573 0.252275326169 2.65658939714
12al -6.74915588216 1.51613961391 4.2897688529
12al12al -5.85278496807 0.799433499007 3.19303051502
12al12al- -5.86145460927 0.826430255972 3.23441532472
12al12al-12al -5.605637296 0.472108329675 2.76132017472
12al12al-12al-12al -5.48845739025 0.238056592942 2.49122863117
12al12al-12al-12al- -5.40988800811 0.334719398565 2.5227619418
12al12al-12al12al -5.42062691569 0.243142711663 2.48033838336
12al12al-12al12al- -5.4123747564 0.273120473253 2.49147482212
12al12al12al -5.49302302956 0.468795716939 2.70589905631
12al12al12al-12al -5.38704833403 0.295383967448 2.49391761132
12al12al12al-12al- -5.36457507874 0.310694616638 2.4976082105
12al12al12al12al -5.30889548572 0.282716503992 2.44047770223
12al12al12al12al- -5.30495646621 0.31485774359 2.45349610837
12ea -7.04725282093 0.969694882772 4.07192260275
12ea12ea -6.29234822297 0.207559210375 3.10444754176
12ea12ea- -6.32556971761 0.177224889604 3.12320983979
12ea12ea-12ea -6.04296361926 -0.159502529324 2.63878090362
12ea12ea-12ea-12ea -5.90391145146 -0.362315731053 2.38680666349
12ea12ea-12ea-12ea- -5.90331558933 -0.369405898566 2.40927409898
12ea12ea-12ea12ea -5.90983170366 -0.36369957562 2.41647647614
12ea12ea-12ea12ea- -5.9064452274 -0.356209121169 2.40478056311
12ea12ea12ea -6.01269480801 -0.155109000219 2.64970966767
12ea12ea12ea-12ea -5.89969781956 -0.362155955945 2.40079277224
12ea12ea12ea-12ea- -5.90417570607 -0.370294508716 2.41259541329
12ea12ea12ea12ea -5.89154769347 -0.370961821318 2.40357206032
12ea12ea12ea12ea- -5.91022562695 -0.373908968218 2.38121636102
12ee -7.12340186567 0.715460840995 4.0148429692
12ee12ee -6.51510987963 0.110466056461 3.16372661887
12ee12ee- -6.40568745972 -0.158933861421 2.9299100472
12ee12ee-12ee -6.18497570942 -0.394965806794 2.56826424606
12ee12ee-12ee-12ee- -6.17088986908 -0.470917062941 2.50552580779
12ee12ee-12ee12ee -6.10767808147 -0.534720757877 2.41563824649
12ee12ee-12ee12ee- -6.06635324293 -0.562215799771 2.37763422724
12ee12ee12ee -6.30438250883 -0.165938852506 2.81703674762
12ee12ee12ee-12ee -6.1076850455 -0.534692868243 2.41568803557
12ee12ee12ee-12ee- -6.13497213151 -0.532017129071 2.43556036392
12ee12ee12ee12ee -6.22257454293 -0.333139319766 2.63958466019
12ee12ee12ee12ee- -6.1708543146 -0.470935430778 2.50549945078
12ef -7.00506219601 0.944380800323 4.07307913626
12ef12ef -6.16422003721 0.216105472227 2.99796398177
12ef12ef- -6.22138864795 0.149536441575 3.01832127324
12ef12ef-12ef -5.8865327453 -0.138802296246 2.51495772769
12ef12ef-12ef-12ef -5.74149839085 -0.338573195069 2.27797044527
12ef12ef-12ef-12ef- -5.79907312597 -0.327219318743 2.36052316874
12ef12ef-12ef12ef -5.73240484008 -0.332373975195 2.29709436073
12ef12ef-12ef12ef- -5.74837313497 -0.345269725831 2.2812698921
12ef12ef12ef -5.8745859365 -0.137562872961 2.54506359642
12ef12ef12ef-12ef -5.7472544488 -0.342376470545 2.28155186451
12ef12ef12ef-12ef- -5.77571083847 -0.387499049894 2.29862653295
12ef12ef12ef12ef -5.74874425977 -0.352797773869 2.29448174281
12ef12ef12ef12ef- -5.7737629023 -0.371446674832 2.26590992754
12ei -7.00372804334 0.959808091242 4.04345740218
12ei12ei -6.34019635475 0.429043585507 3.24942569993
12ei12ei- -6.21684313093 0.211668924731 3.04981439496
12ei12ei-12ei -5.94730844607 -0.0893819900758 2.5982488281
12ei12ei-12ei-12ei -5.89514784146 -0.19017876318 2.47544074206
12ei12ei-12ei-12ei- -5.94341172515 -0.119310738007 2.58696568213
12ei12ei-12ei12ei -5.86986475537 -0.222427710397 2.45635169118
12ei12ei-12ei12ei- -5.82335167069 -0.265336830878 2.38438614392
12ei12ei12ei -6.10100365903 0.163470224883 2.88497917865
12ei12ei12ei-12ei -5.85997735759 -0.219289705368 2.43384090771
12ei12ei12ei-12ei- -5.91859393779 -0.137402709911 2.54531487773
12ei12ei12ei12ei -6.01113811345 0.0179919797611 2.7115567507
12ei12ei12ei12ei- -5.95373021364 -0.0834894397066 2.58729166365
12el -6.89174418679 1.00173309288 3.95220760234
12el12el -6.12781390419 0.437202425669 3.10117922683
12el12el- -6.02727903489 0.3579064814 3.01750006262
12el12el-12el -5.78992507302 -0.00645011794539 2.53627595306
12el12el-12el-12el -5.68132246174 -0.190463360545 2.32204193718
12el12el-12el-12el- -5.67714868948 -0.0533289725827 2.43316365532
12el12el-12el12el -5.7568497674 -0.12597587178 2.42408971785
12el12el-12el12el- -5.6303397872 -0.163769531364 2.31251267171
12el12el12el -5.85684735916 0.162200647694 2.71511026849
12el12el12el-12el -5.65490991408 -0.135405073798 2.34990290051
12el12el12el-12el- -5.66708690087 -0.0817577232387 2.40674162979
12el12el12el12el -5.76610664429 -0.00426030927766 2.52558151605
12el12el12el12el- -5.66155107973 -0.0299583145001 2.41470565985
12fa -6.88972590078 1.39400292795 4.3077245915
12fa12fa -6.01407724755 0.651523549873 3.20748419525
12fa12fa- -6.08064342082 0.600668416408 3.22932528425
12fa12fa-12fa -5.72125364127 0.289138315595 2.73424112843
12fa12fa-12fa-12fa -5.56120719155 0.0894631189001 2.46581338468
12fa12fa-12fa-12fa- -5.71525930269 0.247420595683 2.65947607856
12fa12fa-12fa12fa -5.53669119407 0.109638997657 2.48213583071
12fa12fa-12fa12fa- -5.57068184693 0.0779134369859 2.4821347006
12fa12fa12fa -5.67180996003 0.303210491191 2.719591472
12fa12fa12fa-12fa -5.54677464854 0.0821006967431 2.47167529407
12fa12fa12fa-12fa- -5.61695687364 0.134551837103 2.54168606505
12fa12fa12fa12fa -5.50771622702 0.101472348079 2.45695224184
12fa12fa12fa12fa- -5.54482221052 0.0715727431333 2.45537972946
12fe -7.00488812348 0.903095943554 4.03148649865
12fe12fe -6.16188609838 0.214374401255 3.01411010284
12fe12fe- -6.22141374423 0.149546996565 3.01834503703
12fe12fe-12fe -5.88642163388 -0.135724715997 2.53252800686
12fe12fe-12fe-12fe -5.7794215592 -0.302787305713 2.31089316369
12fe12fe-12fe-12fe- -5.77373463059 -0.371482392455 2.26586466946
12fe12fe-12fe12fe -5.72601893888 -0.316207226085 2.29442902649
12fe12fe-12fe12fe- -5.74842994224 -0.34515587271 2.28138383059
12fe12fe12fe -5.86281409856 -0.129365837818 2.56187905204
12fe12fe12fe-12fe -5.74491801945 -0.35582678153 2.29880259858
12fe12fe12fe-12fe- -5.77570912251 -0.387499638515 2.29862456162
12fe12fe12fe12fe -5.7277449058 -0.336612917 2.31290214691
12fe12fe12fe12fe- -5.7990215907 -0.327279596345 2.36045597093
12ff -6.87659390075 1.39589265445 4.32342029628
12ff12ff -5.94668692204 0.67767489129 3.16965996513
12ff12ff- -6.03668469946 0.611656499411 3.20548473947
12ff12ff-12ff -5.63402137193 0.349887824675 2.68683719827
12ff12ff-12ff-12ff -5.4531990642 0.160875252887 2.41853153532
12ff12ff-12ff-12ff- -5.48705502218 0.0995009790564 2.41417505175
12ff12ff-12ff12ff -5.43724460337 0.186197890128 2.44246455467
12ff12ff-12ff12ff- -5.48993819395 0.130440338144 2.43821343537
12ff12ff12ff -5.59940781418 0.343696076465 2.68172392184
12ff12ff12ff-12ff -5.47472356108 0.143039972483 2.43382052307
12ff12ff12ff-12ff- -5.51834339241 0.0788161626566 2.43009475118
12ff12ff12ff12ff -5.43116368439 0.151974843047 2.41785119763
12ff12ff12ff12ff- -5.48705478417 0.0995008895544 2.41417493746
12fi -6.85275278812 1.43205707193 4.32446897217
12fi12fi -6.15795350123 0.882109786683 3.40364921923
12fi12fi- -6.00174218908 0.659691602938 3.2084229761
12fi12fi-12fi -5.64472140441 0.358959955713 2.71062249294
12fi12fi-12fi-12fi -5.59742307718 0.313174480465 2.6177418445
12fi12fi-12fi-12fi- -5.69618352938 0.369581154625 2.72099789
12fi12fi-12fi12fi -5.51265944962 0.229792716141 2.52048001749
12fi12fi-12fi12fi- -5.49879970306 0.147951174447 2.45328226939
12fi12fi12fi -5.7894814455 0.560128570578 2.933200181
12fi12fi12fi-12fi -5.51742128757 0.211834777392 2.50929438162
12fi12fi12fi-12fi- -5.6175174104 0.285479814237 2.61652900684
12fi12fi12fi12fi -5.63530794146 0.392920111635 2.69517030218
12fi12fi12fi12fi- -5.59487064968 0.271147180838 2.58953570006
12fl -6.75029071166 1.51626058533 4.30369404577
12fl12fl -5.82814059803 0.817155199074 3.18588648505
12fl12fl- -5.82691970164 0.80616976603 3.1858418784
12fl12fl-12fl -5.52260915829 0.460208282461 2.69463789445
12fl12fl-12fl-12fl -5.33472142945 0.29714290369 2.4283394341
12fl12fl-12fl-12fl- -5.35908421739 0.266788865928 2.42905247878
12fl12fl-12fl12fl -5.6488884679 0.608634099683 2.85993944053
12fl12fl-12fl12fl- -5.3002103799 0.328637032446 2.41437193218
12fl12fl12fl -5.48832085411 0.48496064284 2.68443805191
12fl12fl12fl-12fl -5.38674779662 0.282090900065 2.47045437294
12fl12fl12fl-12fl- -5.37512206401 0.305854028302 2.479326673
12fl12fl12fl12fl -5.32760990781 0.329568396889 2.45055288331
12fl12fl12fl12fl- -5.29593839881 0.333513585251 2.42763138148
12ia -6.91819745875 1.43132968957 4.37145542724
12ia12ia -6.14221518427 0.782226471331 3.37066135011
12ia12ia- -6.0904900072 0.67490193326 3.29140041089
12ia12ia-12ia -5.7804660302 0.336957065463 2.80017892098
12ia12ia-12ia-12ia -5.6547573766 0.177022489577 2.58303953242
12ia12ia-12ia-12ia- -5.68700245524 0.252087442096 2.65638452878
12ia12ia-12ia12ia -5.6395423528 0.17745042553 2.58071013913
12ia12ia-12ia12ia- -5.61669338564 0.116191151725 2.52723529125
12ia12ia12ia -5.85983212076 0.498123304257 2.95471538316
12ia12ia12ia-12ia -5.64145121306 0.15443231941 2.57375612765
12ia12ia12ia-12ia- -5.65709653812 0.211210702487 2.62151438673
12ia12ia12ia12ia -5.69289159767 0.28440993613 2.68330302261
12ia12ia12ia12ia- -5.6701858646 0.215199390327 2.62337929718
12ie -7.00378203634 0.959618011257 4.04477913532
12ie12ie -6.34021264638 0.429075724094 3.24946085821
12ie12ie- -6.21683458801 0.211630472855 3.04977356063
12ie12ie-12ie -5.95170941553 -0.0842633946645 2.60544681152
12ie12ie-12ie-12ie -5.89609300801 -0.189010611826 2.47696130001
12ie12ie-12ie-12ie- -5.95114715491 -0.0865614971939 2.58392244978
12ie12ie-12ie12ie -5.85981896075 -0.219406824746 2.43365084392
12ie12ie-12ie12ie- -5.83207773626 -0.253601921678 2.39922321049
12ie12ie12ie -6.10109262097 0.163568339045 2.88513014263
12ie12ie12ie-12ie -5.87000662783 -0.22224952858 2.45655519678
12ie12ie12ie-12ie- -5.91872934551 -0.137217174578 2.54552425342
12ie12ie12ie12ie -6.0111917125 0.018065200254 2.71164792506
12ie12ie12ie12ie- -5.94344705755 -0.119293485573 2.58700602713
12if -6.86243996092 1.42630176239 4.3373192514
12if12if -6.13339448745 0.907030095921 3.40983089358
12if12if- -6.00174289566 0.659691727761 3.20842373757
12if12if-12if -5.65721419904 0.368905099991 2.71662996181
12if12if-12if-12if -5.51208812382 0.187121930884 2.46795624801
12if12if-12if-12if- -5.59625074163 0.270974902236 2.58983208208
12if12if-12if12if -5.53652073751 0.262295165693 2.54783546139
12if12if-12if12if- -5.49879969014 0.147951157095 2.45328224861
12if12if12if -5.85087533514 0.65762240916 3.01773520279
12if12if12if-12if -5.56453066814 0.244424215132 2.55191523809
12if12if12if-12if- -5.61749545858 0.285439001574 2.61647840802
12if12if12if12if -5.74998404427 0.544459696002 2.85725422796
12if12if12if12if- -5.69618352846 0.369581151114 2.72099788599
12ii -6.85877010221 1.46608997954 4.30720887729
12ii12ii -6.18092742132 0.986055655068 3.49481628775
12ii12ii- -6.01480419421 0.753991823752 3.2753570412
12ii12ii-12ii -5.72594073887 0.447697980827 2.81638019488
12ii12ii-12ii-12ii -5.67628087483 0.362080814166 2.70826800728
12ii12ii-12ii-12ii- -5.74375020583 0.495977182536 2.84167717425
12ii12ii-12ii12ii -5.63846192382 0.354859591233 2.67722718946
12ii12ii-12ii12ii- -5.59029892152 0.265334396388 2.5892204784
12ii12ii12ii -5.938394151 0.761936561697 3.1584259441
12ii12ii12ii-12ii -5.63845972943 0.354858073838 2.67722418182
12ii12ii12ii-12ii- -5.6889333891 0.443863435451 2.77020148938
12ii12ii12ii12ii -5.8375816639 0.646866263716 2.99382946919
12ii12ii12ii12ii- -5.74375462085 0.495976931006 2.84168087933
12il -6.71287509517 1.5353421898 4.28977711205
12il12il -5.94531120962 0.934862686613 3.30913442682
12il12il- -5.81248897199 0.842955553343 3.19770005343
12il12il-12il -5.50439217059 0.485579315573 2.68504944091
12il12il-12il-12il -5.3946104601 0.314542148604 2.4676330948
12il12il-12il-12il- -5.41974066469 0.365507101528 2.53039134488
12il12il-12il12il -5.3954407474 0.360398846664 2.51342266066
12il12il-12il12il- -5.3638555191 0.367750531499 2.49549169538
12il12il12il-12il -5.35182314978 0.352420205906 2.48371316413
12il12il12il-12il- -5.37723547746 0.363135564995 2.5054237547
12il12il12il12il -5.50119730321 0.520686996282 2.6846467205
12il12il12il12il- -5.42855196383 0.443953710692 2.5893161316
12la -6.79159289919 1.52191287278 4.35531535217
12la12la -5.95553027464 0.770693866359 3.26387366568
12la12la- -5.86145450132 0.826430095914 3.23441509436
12la12la-12la -5.59649965573 0.421217985224 2.7386652904
12la12la-12la-12la -5.41041069635 0.240201905336 2.46704238006
12la12la-12la-12la- -5.3049722249 0.314860930733 2.45351105992
12la12la-12la12la -5.47580156347 0.220534414444 2.50833654652
12la12la-12la12la- -5.41237554405 0.273120668451 2.49147588724
12la12la12la -5.70224141728 0.537130735856 2.85765263361
12la12la12la-12la -5.45469732176 0.232292776659 2.50611772075
12la12la12la-12la- -5.32957157109 0.316118183796 2.47595557034
12la12la12la12la -5.41395169823 0.24683074845 2.46956950879
12la12la12la12la- -5.45738525719 0.264350332876 2.49582023383
12le -6.89255269657 1.04987099905 4.07439128153
12le12le -6.1341206594 0.290238534951 3.06015181187
12le12le- -6.02734784566 0.357940459589 3.0175727422
12le12le-12le -5.88412879037 0.122686842011 2.67426686866
12le12le-12le-12le- -5.62872236457 -0.10634265442 2.33993744947
12le12le-12le12le -5.69455627674 -0.121190915027 2.38160117311
12le12le-12le12le- -5.62190652136 -0.156358071132 2.31184313877
12le12le12le -5.80332844043 0.0823052199793 2.63451622249
12le12le12le-12le -5.64362895358 -0.151232398461 2.34578742068
12le12le12le-12le- -5.65250899716 -0.0449530167687 2.42143545842
12le12le12le12le -5.91279329947 0.131423579498 2.68002361127
12le12le12le12le- -5.67738697646 -0.0530110412145 2.43354257385
12lf -6.76378044456 1.51172253172 4.33367607187
12lf12lf -5.79333612693 0.861334547432 3.16882655115
12lf12lf- -5.82691964491 0.806169922546 3.18584186391
12lf12lf-12lf -5.44939794727 0.50604811843 2.65830099349
12lf12lf-12lf-12lf -5.30237393768 0.325012759582 2.41328365457
12lf12lf-12lf-12lf- -5.3154958248 0.401986484323 2.48316647465
12lf12lf-12lf12lf -5.25848949261 0.364660697217 2.43033787053
12lf12lf-12lf12lf- -5.28441857234 0.325462558132 2.41856051681
12lf12lf12lf -5.43752752919 0.544272301098 2.68868145337
12lf12lf12lf-12lf -5.33956384011 0.294837308547 2.4344279006
12lf12lf12lf-12lf- -5.39172620889 0.293511628404 2.47194882788
12lf12lf12lf12lf -5.28673187694 0.38089722038 2.4583883335
12lf12lf12lf12lf- -5.36680876266 0.26837310446 2.4359400119
12li -6.7436506989 1.55043713541 4.34486800104
12li12li -6.10703328924 1.11656417913 3.53613080876
12li12li- -5.81248911073 0.842954766358 3.19769531451
12li12li-12li -5.47609115298 0.494226910853 2.67438033044
12li12li-12li-12li -5.35961378283 0.335315484791 2.46046828506
12li12li-12li-12li- -5.4171611436 0.42817858141 2.57303245087
12li12li-12li12li -5.32879833607 0.304073229966 2.43540610231
12li12li-12li12li- -5.36385571537 0.367750762244 2.49549205212
12li12li12li -5.47606550045 0.494210976593 2.67434829661
12li12li12li-12li -5.32886923725 0.304083938408 2.43546129257
12li12li12li-12li- -5.37723386647 0.363136611643 2.50542330154
12li12li12li12li -5.32883812263 0.304079835544 2.43543646293
12li12li12li12li- -5.37453458583 0.34478626022 2.47812547532
12ll -6.61777770621 1.64087827916 4.30300277031
12ll12ll -5.99590234718 1.23280810566 3.52254467318
12ll12ll- -5.58926744113 1.03185184757 3.17382596879
12ll12ll-12ll -5.61226767407 0.96181344349 3.06268464924
12ll12ll-12ll-12ll -5.3247923964 0.63202087296 2.6221180099
12ll12ll-12ll-12ll- -5.38365732764 0.782764579916 2.78589190015
12ll12ll-12ll12ll -5.60102536555 0.835613624362 2.95787481595
12ll12ll-12ll12ll- -5.14872420449 0.50112552883 2.43676404623
12ll12ll12ll -5.73317250683 1.01742753322 3.18383632244
12ll12ll12ll-12ll -5.25460341442 0.431044812847 2.48877159403
12ll12ll12ll-12ll- -5.33541324861 0.826100090338 2.78148433081
12ll12ll12ll12ll -5.58820482057 0.85533595156 2.95878252722
12ll12ll12ll12ll- -5.40135614718 0.82475477806 2.82346576413
2 -8.85890374857 1.72491964311 6.70623633728
22 -7.61562990209 0.872737961588 5.10291169222
22- -7.63976986267 0.894912384014 4.89569556058
22-2 -7.08059297152 0.436413005402 4.06853894734
22-2- -7.04699941744 0.426175172916 4.13898450259
22-2-2 -6.83339114722 0.39736512023 3.91402410014
22-2-2- -6.7043245727 0.137282410665 3.70476588072
22-22 -6.92261243024 0.410314593914 3.95903514532
22-22- -7.0188483399 0.65103472106 4.12769418055
222 -7.02294636589 0.410545960928 4.26150006109
222- -7.14439575259 0.602456398238 4.34714934985
222-2 -6.91380181474 0.448635545181 3.97849821752
222-2- -6.7210031927 0.137592552425 3.65638621363
2222 -6.68528711313 0.123168626464 3.76858903118
2222- -6.70470679529 0.138008010995 3.70548249621
4aa -7.74497310425 1.34927248429 4.25807134023
4aa4aa -7.06944610437 0.895054955007 4.05590172703
4aa4aa- -7.06972402349 0.894862252597 4.05603705346
4aa4aa-4aa -6.79816055096 0.652163251818 3.91395994563
4aa4aa-4aa-4aa -6.67197809165 0.529166195999 3.87425531171
4aa4aa-4aa-4aa- -6.67188602291 0.529045373395 3.87409650743
4aa4aa-4aa4aa -6.71382486253 0.565124394901 3.88590951402
4aa4aa-4aa4aa- -6.71484189424 0.56622412356 3.88622897556
4aa4aa4aa -6.77531885543 0.645302336464 3.91125058778
4aa4aa4aa-4aa -6.67191712448 0.529069685362 3.87413766123
4aa4aa4aa-4aa- -6.67195595978 0.529106115384 3.87419540956
4aa4aa4aa4aa -6.71386188385 0.565229943062 3.88589266317
4aa4aa4aa4aa- -6.7148540726 0.566239324733 3.88623124128
4ae -7.39595020989 0.803228561205 4.03176083778
4ae4ae -7.02756925035 0.530405637547 3.62984812425
4ae4ae- -6.93982371208 0.564137790601 3.63740837934
4ae4ae-4ae -6.74311770036 0.40449796085 3.5939334223
4ae4ae-4ae-4ae -6.67918247363 0.28710034181 3.5451876021
4ae4ae-4ae-4ae- -6.69512739408 0.287390760767 3.54864026064
4ae4ae-4ae4ae -6.67718535802 0.31572748662 3.56813077759
4ae4ae-4ae4ae- -6.6676061798 0.317445995204 3.56945247143
4ae4ae4ae -6.81584084536 0.356860940607 3.57060275418
4ae4ae4ae-4ae -6.68173149493 0.279929065772 3.54558377676
4ae4ae4ae-4ae- -6.69173953173 0.276218248995 3.54337106428
4ae4ae4ae4ae -6.72103605917 0.253472974784 3.53704449127
4ae4ae4ae4ae- -6.70443301649 0.261110162457 3.53506527114
4af -7.38814242653 1.32601213497 4.14350428607
4af4af -6.91508882278 0.89527674176 3.93428926646
4af4af- -6.87878473677 0.897731711278 3.9448277088
4af4af-4af -6.7032487045 0.750404224343 3.81130113316
4af4af-4af-4af -6.61645075576 0.652835334755 3.75968604633
4af4af-4af-4af- -6.59274139844 0.650708630213 3.74949202
4af4af-4af4af -6.60829581438 0.619658426283 3.76035601055
4af4af-4af4af- -6.59001740247 0.639432273941 3.7656644109
4af4af4af -6.64334694942 0.674932921832 3.78418319139
4af4af4af-4af -6.5644190839 0.622552698281 3.74958972589
4af4af4af-4af- -6.51911080425 0.60073013487 3.72568444588
4af4af4af4af -6.50561910484 0.538636395089 3.69182210545
4af4af4af4af- -6.53219479232 0.590733142043 3.71474833347
4ai -7.43130588355 1.34051422817 4.15979428135
4ai4ai -7.07970926894 1.02383075615 3.9866650582
4ai4ai- -7.09809891012 1.05896007422 3.99697291786
4ai4ai-4ai -6.86462352215 0.882606012705 3.86233134405
4ai4ai-4ai-4ai -6.79875934286 0.804341234489 3.83960470778
4ai4ai-4ai-4ai- -6.75108953873 0.747470001114 3.82174381666
4ai4ai-4ai4ai -6.76323250563 0.761480733396 3.82785115374
4ai4ai-4ai4ai- -6.77467290404 0.776801094804 3.83295182614
4ai4ai4ai -6.84455698918 0.834636709637 3.86159763861
4ai4ai4ai-4ai -6.75525723673 0.741809135189 3.8313663462
4ai4ai4ai-4ai- -6.78667600405 0.783670393593 3.84130644468
4ai4ai4ai4ai -6.77010934945 0.754462376216 3.83930352157
4ai4ai4ai4ai- -6.74932268978 0.727497730469 3.83146972712
4al -7.28584789844 1.4265344012 4.14621257734
4ea -7.39587703197 0.80319250032 4.03170216342
4ea4ea -7.02762600643 0.530439905638 3.62988381284
4ea4ea- -6.93983905755 0.564136069034 3.63738612521
4ea4ea-4ea -6.74313672029 0.404642227777 3.59391406439
4ea4ea-4ea-4ea -6.68852106894 0.276842452351 3.54836670762
4ea4ea-4ea-4ea- -6.71790087649 0.260755954172 3.53952503549
4ea4ea-4ea4ea -6.6882081223 0.294040717228 3.54890548445
4ea4ea-4ea4ea- -6.66759720963 0.31742775043 3.56946962103
4ea4ea4ea -6.81578520443 0.356831367748 3.57052013223
4ea4ea4ea-4ea -6.66547644593 0.297931840916 3.56499329187
4ea4ea4ea-4ea- -6.69058566376 0.283244108116 3.54765246654
4ea4ea4ea4ea -6.72098968715 0.253406116787 3.53703900647
4ea4ea4ea4ea- -6.6854442143 0.260957330129 3.54570231112
4ee -7.20635458254 0.394763824024 3.9362332873
4ee4ee -7.01892440378 0.159295911367 3.53176137668
4ee4ee4ee -6.80032107661 0.0234518347713 3.36191007246
4ee4ee4ee4ee -6.70057656026 -0.0648694501343 3.30055976699
4ef -7.13152625477 0.874351732981 3.97228949307
4ef4ef -6.87619180815 0.605684448142 3.60552575326
4ef4ef- -6.82801704847 0.707476155633 3.68330873432
4ef4ef-4ef -6.69280252259 0.514390962504 3.58610789786
4ef4ef-4ef-4ef -6.65092630892 0.414314974379 3.55469181303
4ef4ef-4ef-4ef- -6.65282579881 0.417718895861 3.5683282696
4ef4ef-4ef4ef- -6.59946248858 0.434719214579 3.56592777345
4ef4ef4ef -6.65480319726 0.416289923993 3.52420739001
4ef4ef4ef-4ef -6.60929072951 0.473289969535 3.55104580012
4ef4ef4ef-4ef- -6.60310528281 0.466556323472 3.54750571038
4ef4ef4ef4ef -6.53730655023 0.288140442214 3.4695184017
4ef4ef4ef4ef- -6.54003311163 0.376060764001 3.50427980818
4ei -7.17278951333 0.861689200679 3.99177469335
4ei4ei -6.97315588294 0.697849905132 3.74025007505
4ei4ei- -6.97320228802 0.697804622583 3.74029136513
4ei4ei-4ei -6.85680057054 0.611568018005 3.65632018108
4ei4ei-4ei-4ei -6.8000584813 0.53016479581 3.63552486617
4ei4ei-4ei-4ei- -6.79066920621 0.487593780827 3.63216590422
4ei4ei-4ei4ei -6.81368494495 0.523002251206 3.63666980688
4ei4ei-4ei4ei- -6.82965352017 0.552009925193 3.64073386819
4ei4ei4ei -6.83678588075 0.576012568865 3.64322517569
4ei4ei4ei-4ei -6.82946753118 0.550921688062 3.64045924649
4ei4ei4ei-4ei- -6.80026405379 0.532797290574 3.63614141959
4ei4ei4ei4ei -6.79070298398 0.487630152735 3.63219147691
4ei4ei4ei4ei- -6.80712063325 0.526822623268 3.63602183237
4el -7.04082748274 0.965788694003 3.97695499162
4fa -7.3881514723 1.32600801025 4.14350688005
4fa4fa -6.91509934817 0.895368302814 3.93429087908
4fa4fa- -7.01272753813 0.963191594096 3.96793505836
4fa4fa-4fa -6.7032470101 0.750407309813 3.8113004787
4fa4fa-4fa-4fa -6.61644634408 0.652830057922 3.75968472965
4fa4fa-4fa-4fa- -6.71671116256 0.669032289992 3.78045820026
4fa4fa-4fa4fa -6.56442729892 0.622563129241 3.74958823428
4fa4fa-4fa4fa- -6.61466084396 0.64159790307 3.77101514135
4fa4fa4fa -6.64334586386 0.674931594384 3.7841824121
4fa4fa4fa-4fa -6.60829559774 0.619657651065 3.76035587334
4fa4fa4fa-4fa- -6.67125851249 0.623763292525 3.78702947701
4fa4fa4fa4fa -6.50567541292 0.538777824629 3.69193079594
4fa4fa4fa4fa- -6.55979379375 0.570145979081 3.72429502387
4fe -7.13151660141 0.874291385153 3.97226255692
4fe4fe -6.87628564307 0.605761584389 3.60569887426
4fe4fe- -6.85477211514 0.654184250972 3.68442881542
4fe4fe-4fe -6.70268853045 0.554813944883 3.60594400533
4fe4fe-4fe-4fe -6.63436007165 0.373335784027 3.5478009855
4fe4fe-4fe-4fe- -6.67946564445 0.408498091908 3.55568290605
4fe4fe-4fe4fe -6.58901194661 0.413023924581 3.54227456261
4fe4fe-4fe4fe- -6.62738859546 0.405140920077 3.57485309619
4fe4fe4fe -6.65484404129 0.416228488747 3.52423400453
4fe4fe4fe-4fe -6.61893797173 0.355259063256 3.5340488838
4fe4fe4fe-4fe- -6.66628736261 0.358199941371 3.54028129976
4fe4fe4fe4fe -6.53730840095 0.288029203197 3.46950066347
4fe4fe4fe4fe- -6.63691913847 0.356077226929 3.5178676124
4ff -7.09950630964 1.28690319527 4.0028970065
4ff4ff -6.72145093295 0.863936896788 3.76968833002
4ff4ff- -6.78008313145 0.898379021785 3.82439285186
4ff4ff-4ff -6.54902131527 0.703039775391 3.65606131651
4ff4ff-4ff-4ff -6.51576009095 0.672977905973 3.60122403195
4ff4ff-4ff-4ff- -6.53371134931 0.666894453699 3.60408709517
4ff4ff-4ff4ff -6.43969222226 0.612352958919 3.58336754651
4ff4ff-4ff4ff- -6.47914527394 0.613496175179 3.60470213483
4ff4ff4ff -6.46906674721 0.660187529989 3.61094124682
4ff4ff4ff-4ff -6.41189970351 0.577014177752 3.56762681014
4ff4ff4ff-4ff- -6.45583877243 0.613329263366 3.5915959609
4ff4ff4ff4ff -6.33254999122 0.543338678722 3.5001890924
4ff4ff4ff4ff- -6.42487008398 0.601512154828 3.55679923322
4fi -7.1226384196 1.31060979492 4.02415333807
4fi4fi -6.89391607956 1.03620055979 3.85685547481
4fi4fi- -6.94384550101 1.05859209231 3.86773600576
4fi4fi-4fi -6.75297946156 0.930787554104 3.76698541811
4fi4fi-4fi-4fi -6.70891290725 0.857590979545 3.72489838646
4fi4fi-4fi-4fi- -6.68641063517 0.776300455243 3.75043591988
4fi4fi-4fi4fi -6.65429584722 0.83755238803 3.72475182921
4fi4fi-4fi4fi- -6.69516808211 0.869905628835 3.74864953951
4fi4fi4fi -6.65348296937 0.81200340663 3.71701564692
4fi4fi4fi-4fi -6.66709431255 0.814698082632 3.73352349371
4fi4fi4fi-4fi- -6.65778879846 0.745488264127 3.72037964462
4fi4fi4fi4fi -6.51536718308 0.66490056667 3.63919673961
4fi4fi4fi4fi- -6.65574207349 0.812482303976 3.74445054435
4fl -7.00082667424 1.39191763118 4.00960490712
4ia -7.43130225377 1.34051307045 4.15979061559
4ia4ia -7.07967479994 1.02379023788 3.98664695581
4ia4ia- -7.09810600544 1.05896863992 3.99697631173
4ia4ia-4ia -6.86464380089 0.882630648095 3.86233741139
4ia4ia-4ia-4ia -6.79876280071 0.804338673063 3.83959780424
4ia4ia-4ia-4ia- -6.7495293488 0.727738497857 3.83153853608
4ia4ia-4ia4ia -6.75537749349 0.741807396788 3.83143384853
4ia4ia-4ia4ia- -6.77466320092 0.776791912813 3.83294955461
4ia4ia4ia -6.84462980169 0.834719690156 3.86163713417
4ia4ia4ia-4ia -6.76324011624 0.761516682446 3.82784147895
4ia4ia4ia-4ia- -6.7865483444 0.78351868124 3.84123569387
4ia4ia4ia4ia -6.77010863029 0.754461058349 3.83930334329
4ia4ia4ia4ia- -6.75150120366 0.747998167483 3.8219086129
4ie -7.17266894824 0.861855904641 3.9916188796
4ie4ie -6.97311851026 0.69786338511 3.74019955175
4ie4ie- -6.97309606798 0.697855185187 3.74015326949
4ie4ie-4ie -6.85472510985 0.613578782789 3.65620334905
4ie4ie-4ie-4ie -6.81334967293 0.521535001276 3.63596019795
4ie4ie-4ie-4ie- -6.80005316275 0.530114902976 3.6355161265
4ie4ie-4ie4ie -6.79991436398 0.531986643287 3.6357516789
4ie4ie-4ie4ie- -6.82835787697 0.552551833721 3.64015027217
4ie4ie4ie -6.8367160609 0.575942152489 3.64316272351
4ie4ie4ie-4ie -6.82944989649 0.550910675021 3.64044469839
4ie4ie4ie-4ie- -6.81364761894 0.522960190613 3.63660392442
4ie4ie4ie4ie -6.79084176316 0.487663109741 3.63225090228
4ie4ie4ie4ie- -6.78920642259 0.48488050924 3.63190747041
4if -7.12264140687 1.31061548377 4.02416525239
4if4if -6.89386964706 1.03617092394 3.85682651568
4if4if- -6.89758302172 1.05672781034 3.88508384775
4if4if-4if -6.75299056976 0.930764269136 3.76697917823
4if4if-4if-4if -6.70891513741 0.857594277582 3.72489944072
4if4if-4if-4if- -6.66400846223 0.83022429872 3.71660711147
4if4if-4if4if -6.66709398102 0.814696757029 3.73352332638
4if4if-4if4if- -6.70844963421 0.900851888673 3.75399537581
4if4if4if -6.65405651498 0.813325411133 3.71737856249
4if4if4if-4if -6.65429049368 0.837482663856 3.72471125947
4if4if4if-4if- -6.6422937498 0.873135829205 3.7464110112
4if4if4if4if -6.58955184456 0.757014745435 3.68247411876
4if4if4if4if- -6.61967338995 0.815827908498 3.69965406026
4ii -7.15880993012 1.3270306093 4.04440989678
4ii4ii -7.08607269092 1.18159563989 3.92149447801
4ii4ii4ii -6.9390162988 1.06293212689 3.79256315849
4ii4ii4ii4ii -6.9386158069 0.973162397906 3.78042281238
4il -7.02479227139 1.41059396498 4.0286026598
4la -7.28585001395 1.42653177482 4.14621231537
4la4la- -6.75684049471 1.03559317237 3.94567146417
4la4la-4la-4la- -6.39280324012 0.723243912268 3.72040649142
4le -7.0405244969 0.965573800416 3.9771954884
4le4le- -6.70627277272 0.783376005119 3.65544075422
4le4le-4le-4le- -6.41815530241 0.498648580899 3.50104113448
4lf -7.00082728653 1.39192034362 4.0096041783
4lf4lf- -6.64628711157 1.17262814336 3.86551630517
4lf4lf-4lf-4lf- -6.31989278695 0.861410737713 3.61052102964
4li -7.02479172582 1.41059620994 4.02860343054
4li4li- -6.77800348996 1.18030044937 3.8899450848
4li4li-4li-4li- -6.48856919776 0.961578830195 3.70264399221
4ll -6.90037219821 1.48280600294 4.00562055734
