1111 -10.4170065218 -1.2693447258 2.34735715564
1111- -10.5753954395 -1.41128255883 2.41250321261
1111-11- -10.2998856052 -2.03643136476 1.97280795245
1111-11-11 -10.1909429957 -1.85845360947 2.23266680997
1111-11-11- -10.318590989 -2.32567623524 1.90093381706
1111-1111 -10.2378520918 -2.27199749156 1.93857494023
1111-1111- -10.1909503684 -1.85901076216 2.23222626646
111111 -10.2590775189 -1.96113463142 1.9432188667
111111- -10.3003615821 -2.03656212297 1.97287313007
111111-11 -10.2377022388 -2.27231366385 1.93825664754
111111-11- -10.2024605784 -2.45817186239 1.76208355498
11111111 -10.2599593893 -2.20006483873 1.92691198752
11111111- -10.2304141514 -2.25165942952 1.9384373927
12aa -8.29067009197 0.888445170636 4.83859945395
12aa12aa -7.30957799695 0.104535458993 3.65012770362
12aa12aa- -7.30601875356 0.112116143709 3.66071626533
12aa12aa-12aa -6.90763782214 -0.211340504643 3.14018583793
12aa12aa-12aa-12aa -6.68829241359 -0.373271240375 2.8573511347
12aa12aa-12aa-12aa- -6.6716821516 -0.355791201814 2.86210478779
12aa12aa-12aa12aa -6.68492847599 -0.37424837428 2.87377177696
12aa12aa-12aa12aa- -6.69914184621 -0.384851509829 2.87361777237
12aa12aa12aa -6.88878522272 -0.19670601395 3.14070417369
12aa12aa12aa-12aa -6.68492861876 -0.374248289568 2.87377195573
12aa12aa12aa-12aa- -6.67322325262 -0.362609038654 2.87643079483
12aa12aa12aa12aa -6.65666103797 -0.340239350277 2.8662462684
12aa12aa12aa12aa- -6.67168215962 -0.355791171653 2.86210481825
12ae -8.13835412867 0.564615884102 4.31544266855
12ae12ae -7.29078984572 -0.227184626143 3.40060557088
12ae12ae- -7.272353077 -0.216582015456 3.41203343227
12ae12ae-12ae -6.91121513514 -0.529010646539 2.90958366209
12ae12ae-12ae-12ae -6.72041308963 -0.692877932714 2.653444885
12ae12ae-12ae-12ae- -6.71233905189 -0.67337933587 2.65690015178
12ae12ae-12ae12ae -6.7127858064 -0.687676694849 2.66760089885
12ae12ae-12ae12ae- -6.72057345572 -0.698623064514 2.6631255718
12ae12ae12ae -6.91850570702 -0.532639415843 2.93856174132
12ae12ae12ae-12ae -6.72521288232 -0.698270938612 2.68340294294
12ae12ae12ae-12ae- -6.71542871803 -0.685971394716 2.68728209573
12ae12ae12ae12ae -6.71850270006 -0.685181222825 2.68851197522
12ae12ae12ae12ae- -6.72377542415 -0.694166371767 2.68491546649
12af -8.19888195642 0.786540399539 4.69448775253
12af12af -7.26935329012 -0.0252930324354 3.51477684438
12af12af- -7.26276186896 -0.0460479559444 3.49304539604
12af12af-12af -6.83804217343 -0.34021236902 2.98385321215
12af12af-12af-12af -6.58446022678 -0.485108198062 2.70816174624
12af12af-12af-12af- -6.58645199278 -0.483934263721 2.70834160857
12af12af-12af12af -6.61964828328 -0.503343269667 2.73195329682
12af12af-12af12af- -6.63926354995 -0.541775888426 2.71944231526
12af12af12af -6.87677840538 -0.352020380574 3.01449575358
12af12af12af-12af -6.71345494139 -0.482400683665 2.80149971823
12af12af12af-12af- -6.71360938318 -0.481213179102 2.79923520356
12af12af12af12af -6.96218872927 -0.289026023912 3.06771055612
12af12af12af12af- -6.87332221233 -0.407397960683 2.94424290721
12ai -8.14698524612 0.956494733061 4.77695235296
12ai12ai -7.25113128324 0.297195455193 3.71421070572
12ai12ai- -7.14102138698 0.219901224609 3.60722694421
12ai12ai-12ai -6.73989772426 -0.0846582689437 3.09269625898
12ai12ai-12ai-12ai -6.5579064519 -0.202306163713 2.87181125213
12ai12ai-12ai-12ai- -6.58601471068 -0.146140758815 2.92684835523
12ai12ai-12ai12ai -6.53788019791 -0.217951350058 2.85926138189
12ai12ai-12ai12ai- -6.50827493984 -0.273499480746 2.79982010834
12ai12ai12ai -6.88462555804 0.0707098306042 3.29216127964
12ai12ai12ai-12ai -6.53790470867 -0.207629747612 2.8673358046
12ai12ai12ai-12ai- -6.55865007657 -0.161280444727 2.91751405242
12ai12ai12ai12ai -6.63358352701 -0.0795061156813 3.00925059786
12ai12ai12ai12ai- -6.59038254688 -0.128858660108 2.95460211209
12al -8.0595157692 0.856480990499 4.63444860546
12al12al -7.05864650643 0.126307767784 3.46821306712
12al12al- -7.05181303366 0.159274042468 3.49950915173
12al12al-12al -6.70647538873 -0.155263873012 3.01747327516
12al12al-12al-12al -6.5129620958 -0.324732517563 2.7466134089
12al12al-12al-12al- -6.49488142564 -0.275307988167 2.79261425959
12al12al-12al12al -6.44848898461 -0.33188754157 2.72892891265
12al12al-12al12al- -6.44814177722 -0.322436841337 2.73544654918
12al12al12al -6.60454779651 -0.15648829858 2.96853838395
12al12al12al-12al -6.42796951408 -0.309216476031 2.74158280058
12al12al12al-12al- -6.39386131303 -0.265317889446 2.74881405626
12al12al12al12al -6.34552573041 -0.289871559548 2.69812647702
12al12al12al12al- -6.344215665 -0.28021914549 2.7052197866
12ea -8.13835278978 0.564615923609 4.31544176746
12ea12ea -7.29078775237 -0.227081122107 3.40062940104
12ea12ea- -7.27239561873 -0.216573172719 3.41210537299
12ea12ea-12ea -6.91125493524 -0.529054816491 2.90957489957
12ea12ea-12ea-12ea -6.72042315457 -0.692811010202 2.65349083049
12ea12ea-12ea-12ea- -6.72378275895 -0.6941608143 2.68492476768
12ea12ea-12ea12ea -6.72520706096 -0.698270987632 2.68339957016
12ea12ea-12ea12ea- -6.72060090965 -0.698597937502 2.66315902169
12ea12ea12ea -6.91850557476 -0.532640854234 2.93856102303
12ea12ea12ea-12ea -6.7127742008 -0.687683029767 2.6675834133
12ea12ea12ea-12ea- -6.71544441926 -0.685938424296 2.68731523556
12ea12ea12ea12ea -6.71852463676 -0.685146945106 2.6885488606
12ea12ea12ea12ea- -6.71347646561 -0.671040458075 2.65771262423
12ee -8.14880032123 0.375199233366 4.31217559934
12ee12ee -7.45943035387 -0.287878609208 3.4448379339
12ee12ee- -7.24988034296 -0.471165911642 3.20763528627
12ee12ee-12ee -6.95732083376 -0.708709695636 2.80074885495
12ee12ee-12ee-12ee- -6.94064337129 -0.725215176329 2.78207770585
12ee12ee-12ee12ee -6.83956310672 -0.813509002383 2.65386201976
12ee12ee-12ee12ee- -6.78982051831 -0.855403231751 2.59214195006
12ee12ee12ee -7.18999044407 -0.515220063847 3.10580807321
12ee12ee12ee-12ee -6.83957546402 -0.813494063507 2.6538998392
12ee12ee12ee-12ee- -6.88285499829 -0.783230452621 2.71026113535
12ee12ee12ee12ee -7.05311882375 -0.626131489877 2.93201343695
12ee12ee12ee12ee- -6.94059779879 -0.725262378912 2.78201349542
12ef -8.1488411043 0.48155916267 4.31233616607
12ef12ef -7.23398109723 -0.31357861403 3.25912804468
12ef12ef- -7.25880078641 -0.367041539057 3.27792666742
12ef12ef-12ef -6.83665835223 -0.623602683031 2.75256762282
12ef12ef-12ef-12ef -6.62605476258 -0.777408499606 2.51689862575
12ef12ef-12ef-12ef- -6.71872131392 -0.765391130425 2.61355749678
12ef12ef-12ef12ef -6.63608542546 -0.778598529989 2.53393995409
12ef12ef-12ef12ef- -6.66368907636 -0.826742225698 2.51019168064
12ef12ef12ef -6.86349085639 -0.625130149108 2.80093860215
12ef12ef12ef-12ef -6.65794980071 -0.811556765713 2.51871978658
12ef12ef12ef-12ef- -6.69595283227 -0.844441451635 2.54606060293
12ef12ef12ef12ef -6.66823845737 -0.787733558616 2.54838997032
12ef12ef12ef12ef- -6.69576232137 -0.835543779092 2.51457094648
12ei -8.07237060013 0.610153626232 4.30747536596
12ei12ei -7.33924792821 0.0422662377658 3.59262909195
12ei12ei- -7.11881299438 -0.12803076492 3.34697264959
12ei12ei-12ei -6.76890920363 -0.401066843985 2.88067231965
12ei12ei-12ei-12ei -6.67141658531 -0.460797172294 2.76025910652
12ei12ei-12ei-12ei- -6.75634393588 -0.383390101427 2.89435637083
12ei12ei-12ei12ei -6.64222227529 -0.492520393288 2.73871628754
12ei12ei-12ei12ei- -6.58527409099 -0.546474543438 2.65432999497
12ei12ei12ei -7.029130022 -0.171563891401 3.22617184217
12ei12ei12ei-12ei -6.62040454596 -0.488425341335 2.7153524747
12ei12ei12ei-12ei- -6.70873873683 -0.403557270045 2.847069951
12ei12ei12ei12ei -6.88223436876 -0.259509029904 3.05654610861
12ei12ei12ei12ei- -6.75726039958 -0.349280150617 2.89815647432
12el -8.07247133594 0.513669920979 4.23913568665
12el12el -7.27593601359 -0.111016583327 3.44401776189
12el12el- -7.03977801036 -0.141074689518 3.27768594395
12el12el-12el -6.79939105704 -0.510790723834 2.82517094096
12el12el-12el-12el -6.61461207203 -0.638493230483 2.60615024096
12el12el-12el-12el- -6.62634638966 -0.479363444476 2.72981546325
12el12el-12el12el -6.70007053755 -0.594164996614 2.70032688899
12el12el-12el12el- -6.56457682254 -0.633901252819 2.58510413669
12el12el12el -6.91383093305 -0.340865866769 3.04087143592
12el12el12el-12el -6.60147795854 -0.604993776581 2.63409031422
12el12el12el-12el- -6.62425518292 -0.53587492837 2.70693090096
12el12el12el12el -6.73335132213 -0.457272999768 2.8393001781
12el12el12el12el- -6.60649356963 -0.481658479012 2.71590990898
12fa -8.16686053739 0.793918907425 4.66854865891
12fa12fa -7.18115445981 0.0354853588975 3.49576283337
12fa12fa- -7.26276121719 -0.0460492116654 3.49304371092
12fa12fa-12fa -6.7990839531 -0.307057226527 2.98563714087
12fa12fa-12fa-12fa -6.61191192024 -0.490943955347 2.71399333998
12fa12fa-12fa-12fa- -6.87347244825 -0.407323863681 2.94440080869
12fa12fa-12fa12fa -6.54909024209 -0.451816694122 2.73148536872
12fa12fa-12fa12fa- -6.63926309608 -0.541776487393 2.71944178075
12fa12fa12fa -6.74363244596 -0.264304065711 2.99364281171
12fa12fa12fa-12fa -6.57469799063 -0.472123356589 2.71717792433
12fa12fa12fa-12fa- -6.71365066731 -0.481297784665 2.79921895523
12fa12fa12fa12fa -6.50098613126 -0.409019226616 2.725492909
12fa12fa12fa12fa- -6.58649170023 -0.483842316336 2.70840207481
12fe -8.17444277062 0.430596798361 4.30366085162
12fe12fe -7.21220727301 -0.286142766406 3.30239116404
12fe12fe- -7.25882318199 -0.367023801389 3.27795406074
12fe12fe-12fe -6.81819015966 -0.603606842625 2.77765682363
12fe12fe-12fe-12fe -6.66789055066 -0.734902859066 2.55407155231
12fe12fe-12fe-12fe- -6.69572450983 -0.835575009529 2.51452276487
12fe12fe-12fe12fe -6.58667414357 -0.745592537529 2.5383892456
12fe12fe-12fe12fe- -6.66375587949 -0.826624788426 2.51031792533
12fe12fe12fe -6.81257953089 -0.579107363088 2.83674269396
12fe12fe12fe-12fe -6.62965488429 -0.781501248248 2.54044727668
12fe12fe12fe-12fe- -6.69595108387 -0.844442424047 2.54605837724
12fe12fe12fe12fe -6.59678797382 -0.728585225169 2.5831465333
12fe12fe12fe12fe- -6.718675034 -0.765456016041 2.61348720772
12ff -8.20926673627 0.70852073886 4.65471191584
12ff12ff -7.20562775929 -0.0688703643253 3.41820525374
12ff12ff- -7.31155401621 -0.167068386492 3.44151909152
12ff12ff-12ff -6.80717854411 -0.372397437882 2.90715541473
12ff12ff-12ff-12ff -6.58603348957 -0.54251823743 2.63465779116
12ff12ff-12ff-12ff- -6.67906358152 -0.656748441962 2.63424279747
12ff12ff-12ff12ff -6.56448681676 -0.512380820698 2.65855937464
12ff12ff-12ff12ff- -6.66881963774 -0.627130592893 2.6461548624
12ff12ff12ff -6.79439744571 -0.386833688554 2.91722153961
12ff12ff12ff-12ff -6.62509086694 -0.57614182868 2.6513876888
12ff12ff12ff-12ff- -6.71819959466 -0.68710029574 2.65010405107
12ff12ff12ff12ff -6.57245630564 -0.548456777102 2.64766615408
12ff12ff12ff12ff- -6.67906366389 -0.656749017271 2.63424258521
12fi -8.09600262605 0.869698037267 4.67836717269
12fi12fi -7.39124987392 0.260403021922 3.74662764119
12fi12fi- -7.12504917051 0.0727156376478 3.47216531459
12fi12fi-12fi -6.65388842285 -0.166179912985 2.96213663166
12fi12fi-12fi-12fi -6.60832157802 -0.213145715892 2.88320354687
12fi12fi-12fi-12fi- -6.79209543236 -0.198138180693 3.01441177901
12fi12fi-12fi12fi -6.45766153512 -0.251670116987 2.77350476557
12fi12fi-12fi12fi- -6.48931355264 -0.393455324468 2.68909848511
12fi12fi12fi -6.85213554452 0.0270308817891 3.23446167829
12fi12fi12fi-12fi -6.48075361629 -0.278882903818 2.75979345312
12fi12fi12fi-12fi- -6.65709125128 -0.261121351679 2.88521287123
12fi12fi12fi12fi -6.65816535105 -0.0694866260277 3.02092775512
12fi12fi12fi12fi- -6.58209464531 -0.234053506358 2.84782167438
12fl -8.09123489452 0.805993447457 4.62429399061
12fl12fl -7.02851825374 0.117905243803 3.42634377436
12fl12fl- -7.07390461127 0.0425253213221 3.41086745433
12fl12fl-12fl -6.63734552807 -0.211074296015 2.90886706265
12fl12fl-12fl-12fl -6.5244408929 -0.434449528168 2.6700971751
12fl12fl-12fl-12fl- -6.59705406848 -0.503716385068 2.67898104093
12fl12fl-12fl12fl -6.89453823874 -0.153774153475 3.13099062185
12fl12fl-12fl12fl- -6.51100597857 -0.422311264603 2.6615284288
12fl12fl12fl -6.80530869022 -0.319542230615 2.95757627143
12fl12fl12fl-12fl -6.6310049152 -0.500761342735 2.71485003342
12fl12fl12fl-12fl- -6.60891591655 -0.466590871916 2.72243071789
12fl12fl12fl12fl -6.59105511546 -0.444523050654 2.71825194669
12fl12fl12fl12fl- -6.55319760124 -0.456317602522 2.67892066951
12ia -8.14698745788 0.956494922156 4.77695497263
12ia12ia -7.25102418497 0.297063276975 3.71406121946
12ia12ia- -7.14102126122 0.219900207754 3.60722589394
12ia12ia-12ia -6.73987241875 -0.0846598924738 3.09272684625
12ia12ia-12ia-12ia -6.55791379488 -0.2022735195 2.87183742025
12ia12ia-12ia-12ia- -6.59024032884 -0.129022233926 2.95440021413
12ia12ia-12ia12ia -6.53787637822 -0.207671207677 2.86730177769
12ia12ia-12ia12ia- -6.50858941583 -0.272093611595 2.80135623145
12ia12ia12ia -6.88455595946 0.0706600076559 3.29209866378
12ia12ia12ia-12ia -6.53780267521 -0.218028656026 2.85916266401
12ia12ia12ia-12ia- -6.55867988963 -0.161260763049 2.91755050925
12ia12ia12ia12ia -6.63303326271 -0.0800842515055 3.00852269069
12ia12ia12ia12ia- -6.58602713234 -0.146148479862 2.9268521192
12ie -8.07251849409 0.609810793731 4.30801735239
12ie12ie -7.33925812431 0.0422929872234 3.59265648686
12ie12ie- -7.11880058983 -0.128067919199 3.34693134611
12ie12ie-12ie -6.77360007973 -0.395795992835 2.88817725871
12ie12ie-12ie-12ie -6.67284136482 -0.459333808858 2.76235490492
12ie12ie-12ie-12ie- -6.75520370158 -0.351518402089 2.89486353215
12ie12ie-12ie12ie -6.62024470354 -0.488559419833 2.71514622924
12ie12ie-12ie12ie- -6.59728662599 -0.534381655492 2.67139485458
12ie12ie12ie -7.02924414847 -0.171507789542 3.22630393599
12ie12ie12ie-12ie -6.64238685838 -0.492326323427 2.738949373
12ie12ie12ie-12ie- -6.70892576331 -0.403405241485 2.8473004289
12ie12ie12ie12ie -6.88229822376 -0.259447816774 3.05663114424
12ie12ie12ie12ie- -6.75637159823 -0.383368317101 2.89439361919
12if -8.10700431101 0.868508323041 4.68907458672
12if12if -7.35051450047 0.291850644841 3.74346689689
12if12if- -7.12504985554 0.0727158814296 3.47216615757
12if12if-12if -6.70071738285 -0.191250230739 2.96557384812
12if12if-12if-12if -6.47278408896 -0.312232382001 2.71489324649
12if12if-12if-12if- -6.58406411437 -0.233935994426 2.84877535061
12if12if-12if12if -6.55517241335 -0.281506286431 2.7994625437
12if12if-12if12if- -6.48931353672 -0.393455341222 2.6890984615
12if12if12if -7.03889252047 0.0584082786392 3.35267586396
12if12if12if-12if -6.58791534853 -0.30698221413 2.80531874633
12if12if12if-12if- -6.65707610338 -0.261143313924 2.8851864193
12if12if12if12if -6.91519864792 -0.0259764696167 3.19641486909
12if12if12if12if- -6.7920954304 -0.198138183297 3.01441177647
12ii -8.04184725609 1.02457137112 4.75036740437
12ii12ii -7.27982691729 0.544350878815 3.87576488006
12ii12ii- -7.02186272759 0.342834221181 3.5924624087
12ii12ii-12ii -6.64101996491 0.0802161140586 3.11789989199
12ii12ii-12ii-12ii -6.53479205545 0.0358140889024 3.00801621047
12ii12ii-12ii-12ii- -6.6391117452 0.175383960861 3.1696820793
12ii12ii-12ii12ii -6.50703936436 0.0358264177661 2.98602516465
12ii12ii-12ii12ii- -6.44143515655 -0.0614214688816 2.88162221426
12ii12ii12ii -6.93421143004 0.359770017502 3.50387006262
12ii12ii12ii-12ii -6.50703761038 0.0358250107767 2.98602281381
12ii12ii12ii-12ii- -6.55492742507 0.118237752167 3.07969803862
12ii12ii12ii12ii -6.77696694636 0.310619465158 3.34952587731
12ii12ii12ii12ii- -6.63911384978 0.175388636943 3.16968715482
12il -8.08756021636 0.912258729833 4.70515190567
12il12il -7.21050538371 0.291178457251 3.65951339577
12il12il- -7.01911113753 0.225098610955 3.51596289758
12il12il-12il -6.62497196384 -0.108027848133 2.98146072366
12il12il-12il-12il -6.43477006155 -0.219951296123 2.75361156821
12il12il-12il-12il- -6.47181004669 -0.155849646365 2.82641620438
12il12il-12il12il -6.45141363339 -0.194157331553 2.80040477819
12il12il-12il12il- -6.41902130269 -0.188171550598 2.78185493018
12il12il12il-12il -6.40157666146 -0.195333604126 2.76983063434
12il12il12il-12il- -6.42872841581 -0.191296149275 2.78960302669
12il12il12il12il -6.62983216095 -0.0259582797036 3.02323594074
12il12il12il12il- -6.5086706905 -0.101579751973 2.89881735891
12la -8.11800641382 0.854606729571 4.68618499068
12la12la -7.17667266574 0.0927086923696 3.53554783647
12la12la- -7.05181285053 0.159273927545 3.49950888303
12la12la-12la -6.70730597678 -0.223318305324 2.98521516065
12la12la-12la-12la -6.45669175561 -0.354272470091 2.71230435724
12la12la-12la-12la- -6.34423402971 -0.280211905821 2.70523903808
12la12la-12la12la -6.52667288697 -0.385860747681 2.75859815038
12la12la-12la12la- -6.4481427234 -0.322436579006 2.73544768815
12la12la12la -6.89153328568 -0.116439068529 3.15607761935
12la12la12la-12la -6.49325244304 -0.350120783152 2.75253620156
12la12la12la-12la- -6.39099774165 -0.294451440887 2.72837873928
12la12la12la12la -6.54533212897 -0.39357772165 2.75431304219
12la12la12la12la- -6.47104185746 -0.262874947522 2.7552852917
12le -8.08328799822 0.542276741369 4.31261155222
12le12le -7.20433296363 -0.227118977839 3.34303486175
12le12le- -7.03984991367 -0.141032158485 3.27777001668
12le12le-12le -6.84506998301 -0.357940219963 2.94030928235
12le12le-12le-12le- -6.56671750999 -0.547775966255 2.64063781445
12le12le-12le12le -6.64738613926 -0.589098131205 2.66698588637
12le12le-12le12le- -6.55610585616 -0.62602520694 2.58553673819
12le12le12le -6.85588739948 -0.423011815309 2.95053350873
12le12le12le-12le -6.58823956585 -0.610938564637 2.63006269679
12le12le12le-12le- -6.55362794284 -0.478266006709 2.69231679463
12le12le12le12le -6.97851495598 -0.320523566626 3.04704418835
12le12le12le12le- -6.62663471149 -0.479090432257 2.73015986047
12lf -8.12982246557 0.777708401401 4.64162886924
12lf12lf -7.14682699365 0.0673075159347 3.46037370382
12lf12lf- -7.07390446767 0.0425255642246 3.41086743813
12lf12lf-12lf -6.71820690931 -0.278549727321 2.91207511303
12lf12lf-12lf-12lf -6.52444940668 -0.433577926563 2.66338268811
12lf12lf-12lf-12lf- -6.58271023082 -0.3746172278 2.74789123204
12lf12lf-12lf12lf -6.46944002697 -0.378536405378 2.67770131337
12lf12lf-12lf12lf- -6.50283156922 -0.450150743276 2.65496068048
12lf12lf12lf -6.73428553448 -0.241894290763 2.96245215158
12lf12lf12lf-12lf -6.53080820588 -0.439007162697 2.67395076235
12lf12lf12lf-12lf- -6.65275173449 -0.502211819821 2.71710351615
12lf12lf12lf12lf -6.52951754656 -0.377277617807 2.72276811539
12lf12lf12lf12lf- -6.60236675325 -0.500939007146 2.68433123581
12li -8.03440070114 0.93470393992 4.68538579973
12li12li -7.34130880673 0.494873010292 3.87839109404
12li12li- -7.01911436013 0.225095963768 3.51595950078
12li12li-12li -6.5858144871 -0.0881615064396 2.96859175247
12li12li-12li-12li -6.3965375111 -0.196505823552 2.74849503931
12li12li-12li-12li- -6.48801007952 -0.115353964697 2.87488671902
12li12li-12li12li -6.3701482759 -0.242882558382 2.71684431506
12li12li-12li12li- -6.41902157988 -0.188171314102 2.78185533759
12li12li12li -6.58578960522 -0.088178351068 2.96856045259
12li12li12li-12li -6.37020158328 -0.242851746511 2.71689798077
12li12li12li-12li- -6.42872803747 -0.191295191647 2.78960337777
12li12li12li12li -6.37018908011 -0.242874404712 2.71687531974
12li12li12li12li- -6.41203529607 -0.194130513763 2.76068390058
12ll -8.02774492724 0.849263427783 4.60992817702
12ll12ll -7.43249288589 0.42406222452 3.89251781336
12ll12ll- -6.85346636305 0.248674803859 3.40217493011
12ll12ll-12ll -7.01434636611 0.127492944455 3.39419972247
12ll12ll-12ll-12ll -6.62970851442 -0.139100361928 2.93424844507
12ll12ll-12ll-12ll- -6.69073584235 0.0513772731582 3.11779515399
12ll12ll-12ll12ll -6.94420445608 0.0481970643906 3.27883581583
12ll12ll-12ll12ll- -6.43531386382 -0.270133810404 2.73451096808
12ll12ll12ll -7.08692317668 0.208072277932 3.50310013276
12ll12ll12ll-12ll -6.31475847127 -0.206195242187 2.69848064777
12ll12ll12ll-12ll- -6.63151552933 0.0818877681509 3.1057416751
12ll12ll12ll12ll -6.95398643414 0.127600128169 3.33617629066
12ll12ll12ll12ll- -6.71488366968 0.096421478244 3.17086631086
2 -10.0735824058 1.42341652225 7.22877518198
22 -8.66250006307 0.50997378024 5.49288986455
22- -8.71371622186 0.50793662069 5.29072665261
22-2 -8.06684227408 0.0271363527396 4.40448002838
22-2- -8.02069569952 0.0259263906151 4.47568825838
22-2-2 -7.77158362563 -0.0170648809297 4.20970968924
22-2-2- -7.61316482271 -0.264604320444 4.00452531537
22-22 -7.8462304599 0.00321426166724 4.23934228808
22-22- -7.97588464438 0.237921643961 4.42742216789
222 -7.97911060443 0.0255003205813 4.59862332333
222- -8.12758559047 0.202035413479 4.67809130573
222-2 -7.84432995141 0.0462299904605 4.27351114055
222-2- -7.62822358463 -0.261679444502 3.95542629708
2222 -7.58110723216 -0.267992897692 4.06888004954
2222- -7.61362122096 -0.263830602994 4.00534218651
4aa -8.97955025301 0.861416182599 4.73441853558
4aa4aa -8.15695622535 0.414825710335 4.52307104079
4aa4aa- -8.15721718747 0.414677139563 4.52320212779
4aa4aa-4aa -7.79490342269 0.191286998213 4.34200962328
4aa4aa-4aa-4aa -7.62634352175 0.096322997885 4.17158285801
4aa4aa-4aa-4aa- -7.62623118813 0.0961995081021 4.17141558595
4aa4aa-4aa4aa -7.65713351335 0.126549436901 4.20370109349
4aa4aa-4aa4aa- -7.65828756592 0.127718469984 4.20543777468
4aa4aa4aa -7.78654821153 0.191025927599 4.3451673771
4aa4aa4aa-4aa -7.62627097397 0.0962210658047 4.17146036636
4aa4aa4aa-4aa- -7.62631384321 0.096262219922 4.1715212324
4aa4aa4aa4aa -7.65717407126 0.126661312809 4.20379571974
4aa4aa4aa4aa- -7.65830168225 0.127734165941 4.20545879383
4ae -8.40042303844 0.414967483265 4.28327432718
4ae4ae -8.07630887231 0.165363434615 4.13007586095
4ae4ae- -8.03029846269 0.18458433767 4.13242935168
4ae4ae-4ae -7.77854132635 0.0266741109002 4.08192793172
4ae4ae-4ae-4ae -7.67500274637 -0.0608329781125 4.02743518258
4ae4ae-4ae-4ae- -7.68335776821 -0.0577662382852 4.03353547192
4ae4ae-4ae4ae -7.66672034402 -0.045929511846 4.02084808405
4ae4ae-4ae4ae- -7.66069713712 -0.0443255010566 4.01928610504
4ae4ae4ae -7.82648514823 0.0091390009475 4.08724907579
4ae4ae4ae-4ae -7.6784321973 -0.0541245102998 4.03529571315
4ae4ae4ae-4ae- -7.68296046454 -0.058753807417 4.03242672741
4ae4ae4ae4ae -7.70253633589 -0.0690123380244 4.04742540898
4ae4ae4ae4ae- -7.69809013246 -0.0628102480538 4.04717225624
4af -8.53435017618 0.768088554816 4.55142744307
4af4af -8.02623070876 0.351460297668 4.33383772835
4af4af- -8.00224160926 0.360638592213 4.35127974582
4af4af-4af -7.77951633965 0.218205748009 4.20395471149
4af4af-4af-4af -7.67353282153 0.130681857254 4.12012152368
4af4af-4af-4af- -7.63783241912 0.134641392038 4.10587080216
4af4af-4af4af -7.65049683072 0.0858150419901 4.08566835014
4af4af-4af4af- -7.62499132274 0.116648375049 4.09172634055
4af4af4af -7.70094565696 0.160247297264 4.15336531364
4af4af4af-4af -7.56638190474 0.121354590652 4.06689804323
4af4af4af-4af- -7.52222249796 0.116701263586 4.04604284254
4af4af4af4af -7.518837283 0.048856133492 4.01609095117
4af4af4af4af- -7.51237296896 0.096851784971 4.02923385027
4ai -8.63751596258 0.896419861406 4.63283387341
4ai4ai -8.16646152618 0.613552278083 4.46686796151
4ai4ai- -8.19822426324 0.649438570691 4.48039561395
4ai4ai-4ai -7.87381728791 0.497701910571 4.33333591865
4ai4ai-4ai-4ai -7.77371300198 0.468976774057 4.31861693638
4ai4ai-4ai-4ai- -7.7140814933 0.404681841783 4.29558269678
4ai4ai-4ai4ai -7.70807257473 0.394904287878 4.30113212897
4ai4ai-4ai4ai- -7.72253378168 0.410317111509 4.30701417007
4ai4ai4ai -7.86116467152 0.470176246047 4.33257611253
4ai4ai4ai-4ai -7.71520622724 0.399468244199 4.30694370382
4ai4ai4ai-4ai- -7.75406941113 0.448387540366 4.31928201245
4ai4ai4ai4ai -7.75049803794 0.436071327358 4.31720987677
4ai4ai4ai4ai- -7.72731946374 0.401987951659 4.30777179224
4al -8.43086763294 0.833904891871 4.53928825583
4ea -8.40034844489 0.414921928408 4.28320646711
4ea4ea -8.07636512567 0.165420318862 4.13008880229
4ea4ea- -8.03038183693 0.184621279601 4.13245935287
4ea4ea-4ea -7.77863627489 0.0268476112112 4.08202975953
4ea4ea-4ea-4ea -7.67464985824 -0.0636026710044 4.02935896684
4ea4ea-4ea-4ea- -7.69243186958 -0.0678484819411 4.03746943267
4ea4ea-4ea4ea -7.67526262064 -0.0507743300868 4.02578224381
4ea4ea-4ea4ea- -7.6606775745 -0.0443537726121 4.01926231737
4ea4ea4ea -7.82644232685 0.0091018805878 4.08718145557
4ea4ea4ea-4ea -7.66428978683 -0.0544035617143 4.02353882987
4ea4ea4ea-4ea- -7.68623830287 -0.0534725763522 4.03790635037
4ea4ea4ea4ea -7.70242870732 -0.0691403031108 4.04732376333
4ea4ea4ea4ea- -7.67495451761 -0.0764753816188 4.02998270425
4ee -8.08568054011 0.0673402280695 4.25161435911
4ee4ee -7.93187429919 -0.128758731302 4.07269661378
4ee4ee4ee -7.77665690096 -0.24116014072 3.94023757835
4ee4ee4ee4ee -7.67467034736 -0.312257900613 3.88826235959
4ef -8.11431933525 0.415701525297 4.29071493351
4ef4ef -7.86184189457 0.165276251597 4.12285648612
4ef4ef- -7.87731496893 0.289247285238 4.16377204927
4ef4ef-4ef -7.72559158047 0.0999926463636 4.03465171461
4ef4ef-4ef-4ef -7.65434878626 -0.0107932996559 3.97528031348
4ef4ef-4ef-4ef- -7.6454864528 0.00669704375567 3.99005759161
4ef4ef-4ef4ef- -7.62792805451 0.0480857999074 4.00157157729
4ef4ef4ef -7.65768028808 0.00228507415786 3.98714444541
4ef4ef4ef-4ef -7.59293501712 0.0657312680994 3.98997327942
4ef4ef4ef-4ef- -7.57129536019 0.0688962802031 3.98658769427
4ef4ef4ef4ef -7.51905807073 -0.10580469658 3.88081431
4ef4ef4ef4ef- -7.52652619518 -0.021249951944 3.92619285352
4ei -8.16698211877 0.488829628668 4.28975549316
4ei4ei -8.02791213194 0.392225547646 4.20999196948
4ei4ei- -8.02788893529 0.39217198481 4.20996409937
4ei4ei-4ei -7.88214439804 0.340073062369 4.15642319381
4ei4ei-4ei-4ei -7.80696631447 0.300955583506 4.14462868754
4ei4ei-4ei-4ei- -7.79960259958 0.266686674195 4.14372699647
4ei4ei-4ei4ei -7.81097182212 0.296105824455 4.14598899084
4ei4ei-4ei4ei- -7.82516337805 0.341264441437 4.14749199399
4ei4ei4ei -7.87348639713 0.308602498119 4.15268874141
4ei4ei4ei-4ei -7.82498670201 0.341556878366 4.14726928637
4ei4ei4ei-4ei- -7.80623592326 0.300513854779 4.14479534023
4ei4ei4ei4ei -7.79967370062 0.266734734838 4.14376581214
4ei4ei4ei4ei- -7.83632321322 0.319308251403 4.15590971072
4el -8.03164623341 0.471882931563 4.28920418916
4fa -8.53436051201 0.768082967401 4.55143010497
4fa4fa -8.0262534185 0.351523808944 4.33384103992
4fa4fa- -8.17499368345 0.372156357092 4.38031222133
4fa4fa-4fa -7.77951573075 0.218209083592 4.2039553488
4fa4fa-4fa-4fa -7.67352810244 0.130676478861 4.12011784686
4fa4fa-4fa-4fa- -7.80573174149 0.0703523467432 4.13139222558
4fa4fa-4fa4fa -7.56638812388 0.121372598066 4.06690636947
4fa4fa-4fa4fa- -7.68632267968 0.0799493066155 4.10099266867
4fa4fa4fa -7.7009443821 0.160245930455 4.15336417227
4fa4fa4fa-4fa -7.65049645204 0.0858143450743 4.08566784119
4fa4fa4fa-4fa- -7.78476445117 0.0417818792234 4.13002985896
4fa4fa4fa4fa -7.51884444687 0.049016640196 4.01616845889
4fa4fa4fa4fa- -7.63878920041 0.0295886624407 4.06310273381
4fe -8.1142978053 0.41565190673 4.29067229742
4fe4fe -7.86193353302 0.165384850301 4.12299782964
4fe4fe- -7.93574070775 0.170010670792 4.14376664686
4fe4fe-4fe -7.7317242888 0.133166010772 4.04348054134
4fe4fe-4fe-4fe -7.64225054919 -0.0496315457968 3.96115008154
4fe4fe-4fe-4fe- -7.73654749365 -0.0934200679893 3.95555666651
4fe4fe-4fe4fe -7.59279398491 0.0331541613836 3.98946013357
4fe4fe-4fe4fe- -7.68214769668 -0.0154621829306 4.00134299755
4fe4fe4fe -7.65768122045 0.00221172649085 3.98710165508
4fe4fe4fe-4fe -7.64113002913 -0.0466230305151 3.98299794302
4fe4fe4fe-4fe- -7.72539864237 -0.123511695994 3.96079152517
4fe4fe4fe4fe -7.51903092054 -0.105938510109 3.88073620879
4fe4fe4fe4fe- -7.63931571038 -0.101628218585 3.93528428269
4ff -8.2156492397 0.657063082402 4.34027329315
4ff4ff -7.81903612179 0.256868254569 4.10039791739
4ff4ff- -7.93520344612 0.254051280156 4.1699656466
4ff4ff-4ff -7.66127182738 0.109371518648 3.98929801318
4ff4ff-4ff-4ff -7.63282308836 0.0539671983028 3.92768642507
4ff4ff-4ff-4ff- -7.71057715722 0.00492442417653 3.92398731835
4ff4ff-4ff4ff -7.51252593275 0.0336176090155 3.88931224146
4ff4ff-4ff4ff- -7.59250845981 -0.0100230395051 3.91574645311
4ff4ff4ff -7.55072930666 0.0891353606857 3.92148000891
4ff4ff4ff-4ff -7.49969203723 0.00949405979194 3.8791452443
4ff4ff4ff-4ff- -7.59440397074 -0.0104817243341 3.90250600709
4ff4ff4ff4ff -7.39599941759 0.00460655732686 3.80826902911
4ff4ff4ff4ff- -7.49593604013 0.00569109245822 3.85458219749
4fi -8.25908533321 0.794783341836 4.43127206334
4fi4fi -7.97785453274 0.575094164159 4.2809986471
4fi4fi- -8.08002666065 0.555205617875 4.2882857939
4fi4fi-4fi -7.79976047877 0.483787671985 4.19273904894
4fi4fi-4fi-4fi -7.74433195245 0.445372833507 4.15246915491
4fi4fi-4fi-4fi- -7.81205128511 0.308547309933 4.1608232504
4fi4fi-4fi4fi -7.63976055039 0.410879180685 4.14061935359
4fi4fi-4fi4fi- -7.74567170293 0.391292424447 4.15719029706
4fi4fi4fi -7.69504841044 0.390669941717 4.14069448346
4fi4fi4fi-4fi -7.7120464944 0.405331829503 4.14641124596
4fi4fi4fi-4fi- -7.77595030223 0.281999699668 4.13032939022
4fi4fi4fi4fi -7.51763999345 0.274933886471 4.04998689674
4fi4fi4fi4fi- -7.70889711042 0.35931435418 4.14915092809
4fl -8.12786602072 0.727889244927 4.33463064998
4ia -8.63751071273 0.896420327767 4.63283001667
4ia4ia -8.16642066136 0.613506252536 4.46684839226
4ia4ia- -8.19823233274 0.649448753027 4.48039930079
4ia4ia-4ia -7.87384146682 0.497729314987 4.33334363396
4ia4ia-4ia-4ia -7.77371390003 0.468972204478 4.31861043351
4ia4ia-4ia-4ia- -7.72762128226 0.402277798458 4.30788002482
4ia4ia-4ia4ia -7.71534160847 0.399436987548 4.30702406089
4ia4ia-4ia4ia- -7.72252242831 0.410307887304 4.30701111641
4ia4ia4ia -7.86125382574 0.470256835072 4.33261686609
4ia4ia4ia-4ia -7.70810273596 0.394940885543 4.30112710217
4ia4ia4ia-4ia- -7.75392581246 0.448223715488 4.31920551077
4ia4ia4ia4ia -7.75049703524 0.436069679976 4.31720956425
4ia4ia4ia4ia- -7.71459325317 0.405284308019 4.2958031113
4ie -8.16686165425 0.488966360364 4.28887344091
4ie4ie -8.02793550928 0.392251379841 4.21000576504
4ie4ie- -8.02793793324 0.392243646799 4.20998433855
4ie4ie-4ie -7.87857698289 0.337408754715 4.15599942338
4ie4ie-4ie-4ie -7.81022681535 0.295467675367 4.14559272952
4ie4ie-4ie-4ie- -7.80693271395 0.300883731189 4.14460815128
4ie4ie-4ie4ie -7.80608598506 0.300263482246 4.14458317831
4ie4ie-4ie4ie- -7.82280438942 0.339853371612 4.14676334961
4ie4ie4ie -7.87345379499 0.308525604734 4.15266415279
4ie4ie4ie-4ie -7.82499043795 0.341566583204 4.14727910619
4ie4ie4ie-4ie- -7.81090828978 0.296017523043 4.14594475628
4ie4ie4ie4ie -7.79988800262 0.266822735094 4.14385500973
4ie4ie4ie4ie- -7.79760718922 0.264480928204 4.14328012289
4if -8.2590909284 0.794782917675 4.43128385266
4if4if -7.97780894304 0.575057316262 4.28097004585
4if4if- -7.98028710535 0.594317530744 4.30505376979
4if4if-4if -7.79975840797 0.483763566055 4.1927297832
4if4if-4if-4if -7.74433488053 0.445376451256 4.15247073003
4if4if-4if-4if- -7.70038455311 0.443551703603 4.14459756271
4if4if-4if4if -7.71204535147 0.405330570955 4.14641087697
4if4if-4if4if- -7.72351614407 0.465303556624 4.16465878349
4if4if4if -7.69601087125 0.392465042335 4.14142575897
4if4if4if-4if -7.63973973642 0.410813681795 4.1405798264
4if4if4if-4if- -7.63297935381 0.501220596591 4.16337068265
4if4if4if4if -7.60371310624 0.403508129877 4.11876753573
4if4if4if4if- -7.61609623492 0.439086736197 4.13432631303
4ii -8.3350908235 0.924601239126 4.5188705401
4ii4ii -8.215131626 0.895214406977 4.41424019675
4ii4ii4ii -8.00269041011 0.872744315712 4.29564481762
4ii4ii4ii4ii -7.97041339787 0.851987779604 4.28783586858
4il -8.16609942889 0.85990994901 4.42184356488
4la -8.43087102598 0.833901851884 4.53928823753
4la4la- -7.90304548258 0.470929400337 4.3438278803
4la4la-4la-4la- -7.38549262339 0.226270021798 4.03269125991
4le -8.03133270878 0.471670183264 4.28944694544
4le4le- -7.76444824535 0.341705131082 4.14521031238
4le4le-4le-4le- -7.39875493333 0.0962526981868 3.91883919351
4lf -8.12786323976 0.727894470181 4.33462992349
4lf4lf- -7.76859631174 0.568022780427 4.19701877629
4lf4lf-4lf-4lf- -7.36556077326 0.246499395045 3.9230352767
4li -8.16609992233 0.859911507637 4.42184471897
4li4li- -7.87799584888 0.692633371832 4.29739516271
4li4li-4li-4li- -7.48560084414 0.573659760292 4.12956388574
4ll -8.03908595673 0.783332824702 4.31811956051
Using multi
