11 -11.8701498668 2.43106503392 3.0622
1111 -11.5030682985 0.176601881242 1.9601
1111- -11.6127301754 0.208439200356 2.0630
1111-11- -11.2837445446 -0.734979478018 1.4750
1111-11-11 -11.1547625851 -0.525451822307 1.7774
1111-11-11- -11.3996650398 -1.22668918434 1.4353
1111-1111 -11.1008840451 -1.05689014906 1.3122
1111-1111- -11.1547625851 -0.525996049985 1.7769
111111 -11.3463307275 -0.880832495499 1.4097
111111- -11.2842887723 -0.735251591856 1.4748
111111-11 -11.1006119312 -1.0571622629 1.3117
111111-11- -11.1623817726 -1.31294927117 1.1682
11111111 -11.3923179662 -1.31267715733 1.3296
11111111- -11.3095953593 -1.12709551942 1.4414
12aa -9.34983149378 3.40849794211 7.0698
12aa12aa -8.26899532692 1.92874288789 5.3489
12aa12aa- -8.28151256349 1.93010345708 5.3642
12aa12aa-12aa -7.84177660034 1.3336299229 4.6707
12aa12aa-12aa-12aa -7.58843861662 1.02995087904 4.3023
12aa12aa-12aa-12aa- -7.55605706983 1.06614201958 4.3155
12aa12aa-12aa12aa -7.58435690904 1.03974697723 4.3211
12aa12aa-12aa12aa- -7.61456154512 1.01362404873 4.3159
12aa12aa12aa -7.79061919869 1.37798447859 4.6857
12aa12aa12aa-12aa -7.58435690904 1.03974697723 4.3211
12aa12aa12aa-12aa- -7.55823398053 1.06614201958 4.3294
12aa12aa12aa12aa -7.5255803199 1.09933990788 4.3273
12aa12aa12aa12aa- -7.55605706983 1.06614201958 4.3155
12ae -9.29595295374 2.45882064545 4.4633
12ae12ae -8.43661745149 1.18042983178 4.3933
12ae12ae- -8.42165119036 1.19240284068 4.3847
12ae12ae-12ae -8.0333447427 0.681100937978 4.3614
12ae12ae-12ae-12ae -7.82300074548 0.399463115043 4.0390
12ae12ae-12ae-12ae- -7.81102773658 0.43456580022 4.0586
12ae12ae-12ae12ae -7.806946029 0.429667751126 4.0652
12ae12ae-12ae12ae- -7.82789879457 0.399191001204 4.0506
12ae12ae12ae -8.02246018916 0.69225760536 4.4002
12ae12ae12ae-12ae -7.82653822538 0.400551570397 4.0737
12ae12ae12ae-12ae- -7.80232009375 0.433205231027 4.0878
12ae12ae12ae12ae -7.79823838617 0.430484092641 4.0897
12ae12ae12ae12ae- -7.81075562274 0.406265961007 4.0756
12af -9.13186830907 3.37720485068 6.5396
12af12af -8.17348336957 1.86098654208 5.2145
12af12af- -8.14219027814 1.76819572312 5.1059
12af12af-12af -7.66190935304 1.22043056605 4.4380
12af12af-12af-12af -7.32993046996 0.943962906051 4.0666
12af12af-12af-12af- -7.31305941197 0.952126321209 4.0668
12af12af-12af12af -7.42244917508 0.931989897153 4.1191
12af12af-12af12af- -7.44557885136 0.850355745578 4.0780
12af12af12af -7.75061846441 1.24981886062 4.5549
12af12af12af-12af -7.608030813 0.860423957605 4.1853
12af12af12af-12af- -7.58653381975 0.865049892861 4.1785
12af12af12af12af -8.04041970251 1.11240137214 4.6021
12af12af12af12af- -7.88504270067 0.926003392704 4.4006
12ai -9.17078058799 3.52441843735 7.0462
12ai12ai -8.23280418639 2.17663859484 5.4929
12ai12ai- -8.07552238768 2.06779305941 5.3180
12ai12ai-12ai -7.6257182125 1.4993472506 4.6268
12ai12ai-12ai-12ai -7.43632698085 1.23866219324 4.3407
12ai12ai-12ai-12ai- -7.47877673967 1.31920788946 4.4306
12ai12ai-12ai12ai -7.3993194988 1.23947853475 4.3207
12ai12ai-12ai12ai- -7.35088323553 1.15566747247 4.2211
12ai12ai12ai -7.85837554449 1.70288840186 4.9465
12ai12ai12ai-12ai -7.41891169518 1.22587284283 4.3233
12ai12ai12ai-12ai- -7.45102112813 1.29771089621 4.4095
12ai12ai12ai12ai -7.57020698943 1.40737277316 4.5651
12ai12ai12ai12ai- -7.50163430211 1.32900398765 4.4662
12al -8.87689764232 3.30944850487 6.6770
12al12al -7.77402025453 2.00493476269 5.0710
12al12al- -7.84803521863 2.05255468445 5.1470
12al12al-12al -7.44993267278 1.49880302293 4.5006
12al12al-12al-12al -7.26625583173 1.18777690542 4.1483
12al12al-12al-12al- -7.32911412845 1.20111048351 4.2265
12al12al-12al12al -7.11006248839 1.16900105056 4.0683
12al12al-12al12al- -7.15577761327 1.16328665995 4.0792
12al12al12al -7.22598298362 1.48084350958 4.3918
12al12al12al-12al -7.09400777191 1.19457975139 4.1064
12al12al12al-12al- -7.06026565592 1.26913894316 4.1252
12al12al12al12al -6.90624922329 1.21743731383 4.0181
12al12al12al12al- -6.94978743746 1.2144440616 4.0330
12ea -9.29595295374 2.45882064545 4.4633
12ea12ea -8.43634533765 1.18070194562 4.3934
12ea12ea- -8.4219233042 1.19240284068 4.3847
12ea12ea-12ea -8.03361685654 0.681100937978 4.3614
12ea12ea-12ea-12ea -7.82327285932 0.399463115043 4.0391
12ea12ea-12ea-12ea- -7.81075562274 0.406265961007 4.0756
12ea12ea-12ea12ea -7.82653822538 0.400551570397 4.0737
12ea12ea-12ea12ea- -7.82789879457 0.399191001204 4.0506
12ea12ea12ea -8.02246018916 0.69225760536 4.4002
12ea12ea12ea-12ea -7.80667391516 0.429667751126 4.0652
12ea12ea12ea-12ea- -7.80232009375 0.433205231027 4.0878
12ea12ea12ea12ea -7.79823838617 0.430484092641 4.0898
12ea12ea12ea12ea- -7.81483733032 0.435926369413 4.0607
12ee -9.4113292213 2.26235445399 4.4045
12ee12ee -8.74900413818 0.949677296661 4.2787
12ee12ee- -8.49267290224 0.655250123312 4.3183
12ee12ee-12ee -8.17538816645 0.322727012562 4.2027
12ee12ee-12ee-12ee- -8.19824572889 0.26721578949 4.2252
12ee12ee-12ee12ee -8.06327726495 0.139594399194 4.0359
12ee12ee-12ee12ee- -7.99116709772 0.101770575631 3.9565
12ee12ee12ee -8.49539404062 0.585044752958 4.2697
12ee12ee12ee-12ee -8.06327726495 0.139594399194 4.0359
12ee12ee12ee-12ee- -8.13212206611 0.165173100021 4.1230
12ee12ee12ee12ee -8.36260248739 0.404361164137 4.2658
12ee12ee12ee12ee- -8.19824572889 0.26721578949 4.2251
12ef -9.2540474226 2.41310552057 4.4303
12ef12ef -8.28232890501 1.12872820245 4.3558
12ef12ef- -8.34464297404 0.994848193866 4.3828
12ef12ef-12ef -7.82408920083 0.603548493981 4.0552
12ef12ef-12ef-12ef -7.54653308548 0.315652052758 3.7582
12ef12ef-12ef-12ef- -7.68993707841 0.334700021459 3.8989
12ef12ef-12ef12ef -7.58925495813 0.363271974511 3.7933
12ef12ef-12ef12ef- -7.6496642303 0.25769180514 3.7564
12ef12ef12ef -7.86653895965 0.631576219356 4.1445
12ef12ef12ef-12ef -7.63388162766 0.293066604156 3.7634
12ef12ef12ef-12ef- -7.69184187528 0.219867981577 3.8040
12ef12ef12ef12ef -7.64830366111 0.352115307129 3.8314
12ef12ef12ef12ef- -7.71796480378 0.239460177955 3.7863
12ei -9.18465839376 2.48766471234 4.4569
12ei12ei -8.50029208972 1.52519806527 4.4069
12ei12ei- -8.19117076908 1.29934357924 4.3827
12ei12ei-12ei -7.81238830577 0.84409712729 4.3037
12ei12ei-12ei-12ei -7.72667244662 0.720829558411 4.1838
12ei12ei-12ei-12ei- -7.85238904004 0.828042410814 4.3610
12ei12ei-12ei12ei -7.69347455831 0.671576953628 4.1427
12ei12ei-12ei12ei- -7.61047983754 0.591303371245 4.0181
12ei12ei12ei -8.20450434717 1.14260600822 4.3991
12ei12ei12ei-12ei -7.67796406951 0.648991505025 4.1003
12ei12ei12ei-12ei- -7.81157196426 0.773347529258 4.3055
12ei12ei12ei12ei -8.06980799707 0.968997379201 4.3979
12ei12ei12ei12ei- -7.8809609931 0.835933712133 4.3659
12el -9.09975887612 2.34834242699 4.4232
12el12el -8.45811444473 1.31648675107 4.3663
12el12el- -7.99552091914 1.40383529326 4.7970
12el12el-12el -7.93620010233 0.675114433529 4.2557
12el12el-12el-12el -7.74109448006 0.429123523448 3.9816
12el12el-12el-12el- -7.63469796918 0.771986960065 4.1352
12el12el-12el12el -7.80313643526 0.530077757563 4.0846
12el12el-12el12el- -7.66898431284 0.45579067963 3.9520
12el12el12el -8.08613482739 0.90178526107 4.3533
12el12el12el-12el -7.71796480378 0.488988567937 4.0158
12el12el12el-12el- -7.74408773229 0.587765891343 4.1190
12el12el12el12el -7.85374960924 0.702325817388 4.2815
12el12el12el12el- -7.72286285288 0.660964513923 4.1432
12fa -9.04234285618 3.33665988873 6.7714
12fa12fa -7.94626831436 1.98534256632 5.1751
12fa12fa- -8.14219027814 1.76819572312 5.1059
12fa12fa-12fa -7.55823398053 1.33254146755 4.4610
12fa12fa-12fa-12fa -7.38761860374 0.982875184969 4.1154
12fa12fa-12fa-12fa- -7.88531481451 0.926003392704 4.4007
12fa12fa-12fa12fa -7.23142526039 1.08301307757 4.1206
12fa12fa-12fa12fa- -7.44557885136 0.850355745578 4.0780
12fa12fa12fa -7.41319730457 1.44247545834 4.4968
12fa12fa12fa-12fa -7.28911339417 1.01716152863 4.0788
12fa12fa12fa-12fa- -7.58653381975 0.865049892861 4.1785
12fa12fa12fa12fa -7.11060671606 1.1692731644 4.1287
12fa12fa12fa12fa- -7.31333152581 0.952398435047 4.0669
12fe -9.28044246494 2.18099241626 4.4423
12fe12fe -8.1870890615 1.20764121564 4.7907
12fe12fe- -8.34464297404 0.994848193866 4.7367
12fe12fe-12fe -7.77265968534 0.687087442427 4.1438
12fe12fe-12fe-12fe -7.65075268565 0.432933117189 3.8661
12fe12fe-12fe-12fe- -7.71796480378 0.239460177955 3.7862
12fe12fe-12fe12fe -7.46190568168 0.469668485398 3.8381
12fe12fe-12fe12fe- -7.6496642303 0.257963918978 3.7566
12fe12fe12fe -7.69810049357 0.7306256566 4.2032
12fe12fe12fe-12fe -7.54816576851 0.369530592798 3.8050
12fe12fe12fe-12fe- -7.69184187528 0.219867981577 3.8040
12fe12fe12fe12fe -7.43088470408 0.474838648331 3.8760
12fe12fe12fe12fe- -7.68993707841 0.334700021459 3.8988
12ff -9.08642529803 3.42917859385 6.3962
12ff12ff -7.97946620266 1.9499677673 5.1491
12ff12ff- -8.19389190747 1.71377295541 5.1567
12ff12ff-12ff -7.5340158489 1.34451447645 4.4342
12ff12ff-12ff-12ff -7.26652794557 0.98831746174 4.0484
12ff12ff-12ff-12ff- -7.44748364823 0.753483219042 4.0377
12ff12ff-12ff12ff -7.22217338988 1.07512177625 4.0899
12ff12ff-12ff12ff- -7.44802787591 0.810627125144 4.0536
12ff12ff12ff -7.48694015483 1.338527972 4.4574
12ff12ff12ff-12ff -7.33455640522 0.945323475244 4.0731
12ff12ff12ff-12ff- -7.52476397839 0.698788337486 4.0549
12ff12ff12ff12ff -7.21591477159 1.0155288456 4.0836
12ff12ff12ff12ff- -7.44748364823 0.753483219042 4.0377
12fi -8.93893959751 3.48332924773 6.7547
12fi12fi -8.37974565922 2.12031103025 5.4843
12fi12fi- -7.95987400629 1.94044378295 5.1151
12fi12fi-12fi -7.36149567524 1.5183952193 4.4547
12fi12fi-12fi-12fi -7.40258486486 1.29934357924 4.3449
12fi12fi-12fi-12fi- -7.76748952241 1.20655276029 4.5182
12fi12fi-12fi12fi -7.13373639234 1.29961569308 4.1967
12fi12fi-12fi12fi- -7.22924834969 1.03348835895 4.0419
12fi12fi12fi -7.65429016555 1.73146035492 4.8382
12fi12fi12fi-12fi -7.1870707047 1.25199577133 4.1622
12fi12fi12fi-12fi- -7.53891389799 1.13280991003 4.3171
12fi12fi12fi12fi -7.46517104774 1.51921156082 4.5660
12fi12fi12fi12fi- -7.37020331807 1.26424089407 4.2937
12fl -8.93213675155 3.3837355828 6.7958
12fl12fl -7.66925642668 2.13636574673 5.0745
12fl12fl- -7.84340928337 1.96520614226 5.0646
12fl12fl-12fl -7.26407892102 1.55268156297 4.4096
12fl12fl-12fl-12fl -7.29373932943 1.04682193704 4.0843
12fl12fl-12fl-12fl- -7.44394616833 0.886274772271 4.0882
12fl12fl-12fl12fl -7.82626611154 1.39022960133 4.7327
12fl12fl-12fl12fl- -7.35061112169 0.95375900424 4.0465
12fl12fl12fl -7.69048130609 1.22151902141 4.4683
12fl12fl12fl-12fl -7.52041015697 0.851988428609 4.1316
12fl12fl12fl-12fl- -7.46789218612 0.939881198472 4.1550
12fl12fl12fl12fl -7.44394616833 0.955119573433 4.1471
12fl12fl12fl12fl- -7.40258486486 0.902057374909 4.0675
12ia -9.17078058799 3.52441843735 7.0462
12ia12ia -8.23253207255 2.176366481 5.4927
12ia12ia- -8.07552238768 2.06779305941 5.3180
12ia12ia-12ia -7.62544609866 1.4993472506 4.6268
12ia12ia-12ia-12ia -7.43632698085 1.23866219324 4.3407
12ia12ia-12ia-12ia- -7.50163430211 1.32873187381 4.4659
12ia12ia-12ia12ia -7.41891169518 1.22587284283 4.3232
12ia12ia-12ia12ia- -7.3527880324 1.15593958631 4.2228
12ia12ia12ia -7.85810343066 1.70288840186 4.9464
12ia12ia12ia-12ia -7.39904738496 1.23947853475 4.3206
12ia12ia12ia-12ia- -7.45102112813 1.29771089621 4.4095
12ia12ia12ia12ia -7.56911853408 1.40655643165 4.5639
12ia12ia12ia12ia- -7.47877673967 1.31920788946 4.4306
12ie -9.18465839376 2.48657625699 4.4582
12ie12ie -8.50029208972 1.52519806527 4.4069
12ie12ie- -8.19117076908 1.2990714654 4.3826
12ie12ie-12ie -7.81973537941 0.854981680834 4.3181
12ie12ie-12ie-12ie -7.72857724349 0.724094924474 4.1873
12ie12ie-12ie-12ie- -7.87796774087 0.834301029101 4.3621
12ie12ie-12ie12ie -7.67769195567 0.648719391186 4.0999
12ie12ie-12ie12ie- -7.62871146473 0.619875324296 4.0514
12ie12ie12ie -8.20477646101 1.14260600822 4.3992
12ie12ie12ie-12ie -7.69374667215 0.672121181305 4.1430
12ie12ie12ie-12ie- -7.8118440781 0.773619643097 4.3058
12ie12ie12ie12ie -8.07008011091 0.969269493039 4.3980
12ie12ie12ie12ie- -7.85238904004 0.828042410814 4.3611
12if -8.99962098352 3.54265006454 6.4843
12if12if -8.31988061473 2.22561908579 5.5176
12if12if- -7.95987400629 1.94044378295 5.1151
12if12if-12if -7.45727974642 1.43540049854 4.4315
12if12if-12if-12if -7.17128810207 1.17335487198 4.0927
12if12if-12if-12if- -7.37646193636 1.26560146326 4.2978
12if12if-12if12if -7.33809388512 1.20192682503 4.2002
12if12if-12if12if- -7.22924834969 1.03348835895 4.0419
12if12if12if -8.05756287434 1.69554132822 5.0118
12if12if12if-12if -7.40748291396 1.10423795698 4.2016
12if12if12if-12if- -7.53891389799 1.13280991003 4.3171
12if12if12if12if -7.98844595934 1.46370033775 4.8138
12if12if12if12if- -7.76748952241 1.20655276029 4.5182
12ii -9.01703626919 3.64278795714 7.0544
12ii12ii -8.30382589826 2.5029030873 5.7648
12ii12ii- -7.9190569305 2.24004111923 5.3334
12ii12ii-12ii -7.50217852979 1.7200315737 4.6933
12ii12ii-12ii-12ii -7.42870779337 1.55621904287 4.5611
12ii12ii-12ii-12ii- -7.60966349603 1.73663051785 4.7997
12ii12ii-12ii12ii -7.41102039386 1.55132099377 4.5268
12ii12ii-12ii12ii- -7.28448745892 1.43784952308 4.3735
12ii12ii12ii -7.96531628306 2.04411915545 5.2638
12ii12ii12ii-12ii -7.41102039386 1.55132099377 4.5268
12ii12ii12ii-12ii- -7.50734869272 1.62805709625 4.6619
12ii12ii12ii12ii -7.84422562489 1.88574890139 5.0770
12ii12ii12ii12ii- -7.60966349603 1.73663051785 4.7997
12il -9.13785481352 3.4027835515 6.9701
12il12il -8.25158004125 2.09065062185 5.4230
12il12il- -7.97592872276 2.04820086303 5.2388
12il12il-12il -7.55714552518 1.39186228436 4.4906
12il12il-12il-12il -7.34788998331 1.1502251957 4.2002
12il12il-12il-12il- -7.35088323553 1.28682634267 4.2970
12il12il-12il12il -7.37918307475 1.18396731168 4.2556
12il12il-12il12il- -7.32693721774 1.19349129603 4.2263
12il12il12il-12il -7.31061038742 1.16736836753 4.2054
12il12il12il-12il- -7.35006689402 1.18423942552 4.2404
12il12il12il12il -7.66272569455 1.40165838255 4.6047
12il12il12il12il- -7.47251812138 1.28900325338 4.4077
12la -9.06628887397 3.4387025782 6.8878
12la12la -8.04667832079 1.99541077834 5.1722
12la12la- -7.84803521863 2.05255468445 5.1470
12la12la-12la -7.46680373077 1.35131732241 4.3898
12la12la-12la-12la -7.14679785659 1.07484966241 4.0163
12la12la-12la-12la- -6.94978743746 1.2144440616 4.0330
12la12la-12la12la -7.2765961576 1.0811082807 4.1135
12la12la-12la12la- -7.15577761327 1.16328665995 4.0793
12la12la12la -7.84041603115 1.51676253627 4.7338
12la12la12la-12la -7.23550696797 1.12573495023 4.1106
12la12la12la-12la- -7.10135484555 1.19893357281 4.0973
12la12la12la12la -7.52013804313 0.916479408354 4.1689
12la12la12la12la- -7.22326184524 1.28873113954 4.1765
12le -9.20860441155 2.45120145797 4.4345
12le12le -8.25566174883 1.24736983607 4.3329
12le12le- -7.99552091914 1.4041074071 4.7972
12le12le-12le -7.84912367398 0.93062932796 4.3113
12le12le-12le-12le- -7.66190935304 0.563275645871 4.0360
12le12le-12le12le -7.78517692191 0.497424096933 4.0582
12le12le-12le12le- -7.65646707626 0.47102905459 3.9546
12le12le12le -7.99660937449 0.797565660892 4.3266
12le12le12le-12le -7.68993707841 0.501233690673 4.0180
12le12le12le-12le- -7.54353983325 0.71538728164 4.0557
12le12le12le12le -8.23117150335 0.873213308019 4.3750
12le12le12le12le- -7.63497008302 0.772531187743 4.1356
12lf -9.05458797891 3.5197925021 6.4417
12lf12lf -8.04695043463 1.99051272925 5.1745
12lf12lf- -7.84340928337 1.96520614226 5.0646
12lf12lf-12lf -7.59551357642 1.27947926903 4.4074
12lf12lf-12lf-12lf -7.38244844081 0.927363961897 4.0492
12lf12lf-12lf-12lf- -7.49129397624 0.999202015284 4.1794
12lf12lf-12lf12lf -7.26788851476 1.08600632979 4.0917
12lf12lf-12lf12lf- -7.34353616189 0.925459165027 4.0363
12lf12lf12lf -7.57592138004 1.37607968172 4.4920
12lf12lf12lf-12lf -7.33591697441 1.01933843934 4.0906
12lf12lf12lf-12lf- -7.58898284429 0.793211839475 4.1125
12lf12lf12lf12lf -7.33428429138 1.08709478515 4.1618
12lf12lf12lf12lf- -7.44149714378 0.902329488748 4.0961
12li -8.94710301267 3.60006608448 6.9518
12li12li -8.33321419282 2.53065869884 5.7108
12li12li- -7.97592872276 2.04820086303 5.2388
12li12li-12li -7.4923824316 1.42070635125 4.4693
12li12li-12li-12li -7.2956441263 1.17825292107 4.1889
12li12li-12li-12li- -7.43360584246 1.29226861944 4.3825
12li12li-12li12li -7.25999721345 1.11757153507 4.1331
12li12li-12li12li- -7.32693721774 1.19349129603 4.2263
12li12li12li -7.4923824316 1.42070635125 4.4693
12li12li12li-12li -7.25999721345 1.11757153507 4.1332
12li12li12li-12li- -7.35006689402 1.18423942552 4.2404
12li12li12li12li -7.25999721345 1.11757153507 4.1331
12li12li12li12li- -7.31605266419 1.18097405946 4.2060
12ll -8.87526495929 3.49094843521 6.8426
12ll12ll -8.4804277795 2.41256129289 5.7099
12ll12ll- -7.51333519717 2.29310331776 5.0683
12ll12ll-12ll -8.15334694552 1.73336515179 5.1270
12ll12ll-12ll-12ll -7.70952927479 1.23566894101 4.4914
12ll12ll-12ll-12ll- -7.72422342207 1.59839668785 4.7393
12ll12ll-12ll12ll -8.09212133184 1.55894018125 4.9605
12ll12ll-12ll12ll- -7.42598665498 1.04001909107 4.1840
12ll12ll12ll -8.1419181643 1.91758622051 5.2275
12ll12ll12ll-12ll -6.92039914289 1.4386658646 4.1192
12ll12ll12ll-12ll- -7.65374593788 1.60656010301 4.7198
12ll12ll12ll12ll -8.06055612656 1.73037189956 5.0393
12ll12ll12ll12ll- -7.74544830148 1.66234343992 4.8107
2 -10.745231258 3.44087948891 8.3496
22 -9.41976475029 2.07514013305 6.5623
22- -9.421941661 1.82942133681 5.9396
22-2 -8.73730324312 1.05144787229 4.9067
22-2- -8.72859560029 1.17716446572 5.1932
22-2-2 -8.53648323025 1.04355657097 4.9811
22-2-2- -8.30328167058 0.761102406522 4.7346
22-22 -8.62138274789 1.04872673391 4.9737
22-22- -8.75281373192 1.3540384608 5.1736
222 -8.72152064049 1.31158870198 5.5678
222- -8.8951292695 1.45580903643 5.5357
222-2 -8.59743673009 1.1453271466 5.0372
222-2- -8.3147104518 0.747224600754 4.6513
2222 -8.29811150765 0.840015419712 4.9566
2222- -8.30382589826 0.762190861876 4.7355
4aa -9.86331030719 2.46453503606 5.8891
4aa4aa -9.10302424218 1.57771603612 5.6880
4aa4aa- -9.10329635602 1.57744392228 5.6881
4aa4aa-4aa -8.75363007344 1.12219747032 5.4476
4aa4aa-4aa-4aa -8.5960761609 0.926003392704 5.2284
4aa4aa-4aa-4aa- -8.5960761609 0.925731278866 5.2281
4aa4aa-4aa4aa -8.63580478133 0.954575345756 5.2696
4aa4aa-4aa4aa- -8.63689323669 0.956480142626 5.2719
4aa4aa4aa -8.74655511363 1.14151755286 5.4654
4aa4aa4aa-4aa -8.5960761609 0.925731278866 5.2282
4aa4aa4aa-4aa- -8.5960761609 0.925731278866 5.2283
4aa4aa4aa4aa -8.63580478133 0.954847459594 5.2697
4aa4aa4aa4aa- -8.63689323669 0.956480142626 5.2719
4ae -9.3958187325 1.47512911897 4.4633
4ae4ae -9.15472587151 1.03022299288 4.4008
4ae4ae- -9.12016741401 1.0585228321 4.4038
4ae4ae-4ae -8.90574170921 0.758109154298 4.4004
4ae4ae-4ae-4ae -8.80859706883 0.595929306501 4.3988
4ae4ae-4ae-4ae- -8.81784893934 0.603276380143 4.3967
4ae4ae-4ae4ae -8.80642015812 0.603004266304 4.3984
4ae4ae-4ae4ae- -8.80043365367 0.604364835497 4.3979
4ae4ae4ae -8.9416607359 0.749129397624 4.3960
4ae4ae4ae-4ae -8.81376723177 0.606269632367 4.3956
4ae4ae4ae-4ae- -8.81948162238 0.598650444887 4.3957
4ae4ae4ae4ae -8.83227097279 0.601643697111 4.3917
4ae4ae4ae4ae- -8.82927772056 0.608990770753 4.3933
4af -9.1920054674 2.33827421496 5.6697
4af4af -8.79199812468 1.54315757862 5.3915
4af4af- -8.7604329194 1.57172953167 5.3802
4af4af-4af -8.6115866497 1.22233536292 5.1603
4af4af-4af-4af -8.52614290438 0.987501120225 5.0449
4af4af-4af-4af- -8.47035956747 0.988589575579 5.0215
4af4af-4af4af -8.53648323025 0.904778513295 5.0066
4af4af-4af4af- -8.4924007884 0.964643557784 5.0123
4af4af4af -8.50845550487 1.16981739208 5.1498
4af4af4af-4af -8.38355525296 1.03376047278 4.9933
4af4af4af-4af- -8.32396232231 1.05797860442 4.9750
4af4af4af4af -8.33049305444 0.950221524339 4.9702
4af4af4af4af- -8.30355378442 1.00410006438 4.9706
4ai -9.5375900424 2.48684837083 5.8070
4ai4ai -9.15118839161 1.83404727206 5.6439
4ai4ai- -9.19581506114 1.88493255988 5.6604
4ai4ai-4ai -8.91227244133 1.53444993578 5.5488
4ai4ai-4ai-4ai -8.85866601513 1.44002643379 5.5368
4ai4ai-4ai-4ai- -8.77539918052 1.34342602109 5.5031
4ai4ai-4ai4ai -8.74682722747 1.31349349885 5.4922
4ai4ai-4ai4ai- -8.76805210688 1.33063667068 5.5014
4ai4ai4ai -8.90193211547 1.51159237334 5.5474
4ai4ai4ai-4ai -8.77104535911 1.338527972 5.5046
4ai4ai4ai-4ai- -8.83199885895 1.41063813922 5.5272
4ai4ai4ai4ai -8.83390365582 1.41227082226 5.5336
4ai4ai4ai4ai- -8.7949913769 1.36138553444 5.5173
4al -9.05594854811 2.40984015451 5.6703
4ea -9.3958187325 1.47485700513 4.4632
4ea4ea -9.15472587151 1.03022299288 4.4007
4ea4ea- -9.12016741401 1.0585228321 4.4038
4ea4ea-4ea -8.90601382305 0.758381268136 4.4005
4ea4ea-4ea-4ea -8.80805284116 0.594840851147 4.3991
4ea4ea-4ea-4ea- -8.81812105318 0.586677435989 4.3939
4ea4ea-4ea4ea -8.8069643858 0.593752395792 4.3959
4ea4ea-4ea4ea- -8.80043365367 0.604364835497 4.3979
4ea4ea4ea -8.94138862206 0.749129397624 4.3960
4ea4ea4ea-4ea -8.80397113358 0.609262884592 4.3956
4ea4ea4ea-4ea- -8.82084219157 0.609807112269 4.3958
4ea4ea4ea4ea -8.83199885895 0.601371583273 4.3917
4ea4ea4ea4ea- -8.80723649964 0.593480281954 4.3975
4ee -9.17350172637 0.75185053601 4.4137
4ee4ee -9.05404375124 0.437559052445 4.3610
4ee4ee4ee -8.94846358186 0.258236032817 4.3542
4ee4ee4ee4ee -8.86710154413 0.143676106773 4.3551
4ef -8.91825894578 1.73853531472 4.4878
4ef4ef -8.71662259139 1.19512397906 4.4298
4ef4ef- -8.74410608909 1.39621610578 4.4359
4ef4ef-4ef -8.66247193751 0.95947339485 4.4397
4ef4ef-4ef-4ef -8.57349071229 0.674842319691 4.4203
4ef4ef-4ef-4ef- -8.53076883964 0.719468989219 4.4208
4ef4ef-4ef4ef- -8.59335502251 0.85579802235 4.4308
4ef4ef4ef -8.56587152481 0.877567129436 4.4307
4ef4ef4ef-4ef -8.52478233519 0.902873716425 4.4296
4ef4ef4ef-4ef- -8.47634607192 0.906411196326 4.4168
4ef4ef4ef4ef -8.44532509432 0.675114433529 4.4260
4ef4ef4ef4ef- -8.45702598938 0.808994442113 4.4279
4ei -9.16316140051 1.54506237549 4.4702
4ei4ei -9.06166293872 1.27893504135 4.4282
4ei4ei- -9.06166293872 1.27866292751 4.4282
4ei4ei-4ei -9.00996130939 1.15485113095 4.4217
4ei4ei-4ei-4ei -8.97866821795 1.08655055747 4.4262
4ei4ei-4ei-4ei- -8.97431439653 1.04491714017 4.4232
4ei4ei-4ei4ei -8.97894033179 1.06668624725 4.4275
4ei4ei-4ei4ei- -8.99118545452 1.12246958416 4.4225
4ei4ei4ei -9.00669594332 1.12328592568 4.4258
4ei4ei4ei-4ei -8.99118545452 1.12791186093 4.4226
4ei4ei4ei-4ei- -8.97866821795 1.07729868696 4.4264
4ei4ei4ei4ei -8.97431439653 1.045189254 4.4232
4ei4ei4ei4ei- -8.99798830049 1.13389836538 4.4281
4el -8.80424324741 1.76982840616 4.4840
4fa -9.1920054674 2.33827421496 5.6697
4fa4fa -8.79199812468 1.54342969245 5.3915
4fa4fa- -9.00778439868 1.47458489129 5.4210
4fa4fa-4fa -8.6115866497 1.22233536292 5.1603
4fa4fa-4fa-4fa -8.52614290438 0.987229006386 5.0449
4fa4fa-4fa-4fa- -8.77621552204 0.756748585105 5.0576
4fa4fa-4fa4fa -8.38355525296 1.03376047278 4.9933
4fa4fa-4fa4fa- -8.64505665184 0.860696071444 5.0346
4fa4fa4fa -8.50818339103 1.16981739208 5.1498
4fa4fa4fa-4fa -8.53648323025 0.904778513295 5.0066
4fa4fa4fa-4fa- -8.82029796389 0.74423134853 5.0941
4fa4fa4fa4fa -8.33049305444 0.950493638177 4.9704
4fa4fa4fa4fa- -8.57974933058 0.803552165341 5.0327
4fe -8.91825894578 1.73826320088 4.4877
4fe4fe -8.71689470523 1.1953960929 4.4299
4fe4fe- -8.79390292155 1.07212852402 4.4276
4fe4fe-4fe -8.65430852235 0.98260307113 4.4339
4fe4fe-4fe-4fe -8.56968111855 0.635113699257 4.4128
4fe4fe-4fe-4fe- -8.64750567639 0.482457835811 4.4140
4fe4fe-4fe4fe -8.53485054722 0.891989162881 4.4287
4fe4fe-4fe4fe- -8.70573803785 0.727360290537 4.4270
4fe4fe4fe -8.56587152481 0.877295015598 4.4306
4fe4fe4fe-4fe -8.65811811609 0.693346060714 4.4328
4fe4fe4fe-4fe- -8.70655437936 0.474566534492 4.4209
4fe4fe4fe4fe -8.44532509432 0.674842319691 4.4260
4fe4fe4fe4fe- -8.65213161165 0.551574750812 4.4323
4ff -8.68750641066 2.17691070868 5.3174
4ff4ff -8.37076590255 1.4506388735 4.9830
4ff4ff- -8.56587152481 1.37281431566 5.0865
4ff4ff-4ff -8.41893005198 1.07947559767 4.8708
4ff4ff-4ff-4ff -8.47117590899 0.876750787921 4.7548
4ff4ff-4ff-4ff- -8.62247120324 0.709400777191 4.7029
4ff4ff-4ff4ff -8.27743085591 0.904506399456 4.7501
4ff4ff-4ff4ff- -8.44668566351 0.772803301581 4.7934
4ff4ff4ff -8.16314304371 1.12165324265 4.7514
4ff4ff4ff-4ff -8.27743085591 0.89035647985 4.7498
4ff4ff4ff-4ff- -8.44396452513 0.776612895321 4.7401
4ff4ff4ff4ff -8.02572555522 0.9499494105 4.6101
4ff4ff4ff4ff- -8.22055906365 0.855525908511 4.6701
4fi -8.93404154842 2.35324047608 5.5535
4fi4fi -8.71716681907 1.82180214933 5.3782
4fi4fi- -8.87825821151 1.67404433497 5.3733
4fi4fi-4fi -8.67308437722 1.57553912541 5.2978
4fi4fi-4fi-4fi -8.61893372334 1.40138626871 5.2296
4fi4fi-4fi-4fi- -8.81376723177 1.15838861086 5.2781
4fi4fi-4fi4fi -8.52396599367 1.43893797844 5.2227
4fi4fi-4fi4fi- -8.7498204797 1.29063593641 5.2689
4fi4fi4fi -8.51689103387 1.46560513462 5.2101
4fi4fi4fi-4fi -8.66573730358 1.35512691615 5.2504
4fi4fi4fi-4fi- -8.82356332995 1.10151681859 5.2293
4fi4fi4fi4fi -8.3612419182 1.24383235617 5.0801
4fi4fi4fi4fi- -8.63199518759 1.2419275593 5.2706
4fl -8.59145022564 2.25963331561 5.3423
4ia -9.5375900424 2.48684837083 5.8070
4ia4ia -9.15118839161 1.83404727206 5.6438
4ia4ia- -9.19608717498 1.88493255988 5.6604
4ia4ia-4ia -8.91227244133 1.53444993578 5.5488
4ia4ia-4ia-4ia -8.85866601513 1.44002643379 5.5368
4ia4ia-4ia-4ia- -8.79553560458 1.36192976212 5.5174
4ia4ia-4ia4ia -8.77104535911 1.338527972 5.5047
4ia4ia-4ia4ia- -8.76805210688 1.33063667068 5.5014
4ia4ia4ia -8.90193211547 1.51186448718 5.5474
4ia4ia4ia-4ia -8.74682722747 1.31349349885 5.4922
4ia4ia4ia-4ia- -8.83172674511 1.41036602539 5.5271
4ia4ia4ia4ia -8.83390365582 1.41227082226 5.5336
4ia4ia4ia4ia- -8.77621552204 1.34424236261 5.5034
4ie -9.16288928667 1.54560660316 4.4693
4ie4ie -9.06166293872 1.27893504135 4.4282
4ie4ie- -9.06166293872 1.27893504135 4.4282
4ie4ie-4ie -9.00832862635 1.14015698367 4.4219
4ie4ie-4ie-4ie -8.97948455946 1.07212852402 4.4273
4ie4ie-4ie-4ie- -8.97866821795 1.08655055747 4.4262
4ie4ie-4ie4ie -8.97866821795 1.08274096373 4.4262
4ie4ie-4ie4ie- -8.98982488533 1.12383015336 4.4226
4ie4ie4ie -9.00669594332 1.12328592568 4.4258
4ie4ie4ie-4ie -8.99118545452 1.12791186093 4.4226
4ie4ie4ie-4ie- -8.97921244562 1.06668624725 4.4275
4ie4ie4ie4ie -8.97458651037 1.04546136784 4.4232
4ie4ie4ie4ie- -8.97322594118 1.03784218036 4.4234
4if -8.93431366226 2.35324047608 5.5535
4if4if -8.71716681907 1.82180214933 5.3782
4if4if- -8.72396966503 1.90017093484 5.4361
4if4if-4if -8.67308437722 1.57553912541 5.2977
4if4if-4if-4if -8.61893372334 1.40138626871 5.2296
4if4if-4if-4if- -8.55988502037 1.41444773296 5.2059
4if4if-4if4if -8.66573730358 1.35512691615 5.2504
4if4if-4if4if- -8.65240372548 1.4422033445 5.2823
4if4if4if -8.51825160306 1.46805415917 5.2115
4if4if4if-4if -8.52396599367 1.43893797844 5.2226
4if4if4if-4if- -8.48532582859 1.57662758076 5.2368
4if4if4if4if -8.4529442818 1.43186301863 5.1881
4if4if4if4if- -8.48342103172 1.48111562342 5.2172
4ii -9.24370709673 2.5029030873 5.7149
4ii4ii -9.21622359903 2.26888518612 5.6659
4ii4ii4ii -9.17731132011 2.176366481 5.6253
4ii4ii4ii4ii -9.20044099639 2.07214688082 5.6179
4il -8.81567202864 2.43813999372 5.5625
4la -9.05594854811 2.40984015451 5.6703
4la4la- -8.64560087952 1.6876500269 5.3941
4la4la-4la-4la- -8.16259881603 1.13525893458 4.9730
4le -8.80397113358 1.76928417848 4.4849
4le4le- -8.62192697556 1.41852944054 4.4459
4le4le-4le-4le- -8.30219321523 0.897703553492 4.4275
4lf -8.59145022564 2.25963331561 5.3423
4lf4lf- -8.29947207684 1.87949028311 5.1536
4lf4lf-4lf-4lf- -7.93184628091 1.08736689899 4.7094
4li -8.81567202864 2.43813999372 5.5625
4li4li- -8.61131453586 2.01146549482 5.4466
4li4li-4li-4li- -8.34654777092 1.61036969675 5.2305
4ll -8.47172013666 2.30262730211 5.3241
