1111 -9.50987755236 -3.38802938355 2.18760377306
1111- -9.62236960434 -3.42648789506 2.24696809059
1111-11 -8.68267557086 -4.65875310841 0.292764421706
1111-11- -8.95568139173 -4.72260796569 0.474296080252
1111-11-11 -8.26186892464 -2.04651271223 2.67634216359
1111-11-11- -8.45077597617 -4.64186837391 0.377298605577
1111-1111 -8.83422023794 -4.82892936644 0.390867685534
1111-1111- -8.7158880985 -4.64227077867 0.458590899059
111111 -8.89812679304 -4.76601885625 0.381715666281
111111- -8.95531077929 -4.71959382498 0.477445853783
111111-11 -8.83094397074 -4.82989941875 0.387021464932
111111-11- -8.96181952511 -5.09064416805 0.257631815135
11111111 -9.18336845052 -5.60224222579 -0.0549925065009
11111111- -8.42452884488 -4.66218617636 0.366291464347
12aa -7.92181187769 1.38147637881 6.16920910264
12aa12aa -6.532213288 0.243695214753 4.04796643906
12aa12aa- -6.53757461439 0.234817980106 4.04564883413
12aa12aa-12aa -6.0086731299 -0.209013066505 3.25771577009
12aa12aa-12aa-12aa -5.72328407247 -0.434091300561 2.83912670667
12aa12aa-12aa-12aa- -5.70640620336 -0.414097238304 2.84669129742
12aa12aa-12aa12aa -5.72395830954 -0.441432109336 2.87014083314
12aa12aa-12aa12aa- -5.73805251528 -0.456422911391 2.86510455133
12aa12aa12aa -5.98201208357 -0.17619288855 3.27380178807
12aa12aa12aa-12aa -5.72395312641 -0.44142957028 2.87015933935
12aa12aa12aa-12aa- -5.70982246061 -0.426511492064 2.8751241409
12aa12aa12aa12aa -5.6905481437 -0.394450878877 2.85458804882
12aa12aa12aa12aa- -5.70639853265 -0.414082726212 2.84672728856
12ae -7.64732665633 0.747021231349 5.50174130597
12ae12ae -6.50695367354 -0.259127840589 3.60699236337
12ae12ae- -6.4994578707 -0.261087204339 3.60268267359
12ae12ae-12ae -6.04337064513 -0.65122022376 2.89623529503
12ae12ae-12ae-12ae -5.80234356632 -0.861741526663 2.52794699597
12ae12ae-12ae-12ae- -5.79801193851 -0.851826924478 2.53814049208
12ae12ae-12ae12ae -5.80273032306 -0.866909455195 2.5639198918
12ae12ae-12ae12ae- -5.81031374013 -0.878827639804 2.5561972032
12ae12ae12ae -6.04804693843 -0.660116604299 2.95608168121
12ae12ae12ae-12ae -5.8182057641 -0.897081583351 2.58084560842
12ae12ae12ae-12ae- -5.81055792044 -0.885138160539 2.58910517918
12ae12ae12ae12ae -5.81503485768 -0.885433543629 2.59143869193
12ae12ae12ae12ae- -5.81975959017 -0.897651440208 2.58122313792
12af -7.24958001479 1.42512217505 5.54674491326
12af12af -5.99978418654 0.400514118004 3.71675576771
12af12af- -6.00236959325 0.358590442985 3.6807558099
12af12af-12af -5.45269493241 -0.0453313636781 2.94779912669
12af12af-12af-12af -5.12962690722 -0.250309482257 2.55284669419
12af12af-12af-12af- -5.12979175923 -0.235624072034 2.55721623315
12af12af-12af12af -5.18043989748 -0.277137773913 2.60375742296
12af12af-12af12af- -5.21050485641 -0.326609693073 2.59202310806
12af12af12af -5.48702636798 -0.0241773815391 2.99965358659
12af12af12af-12af -5.20163149587 -0.314829891537 2.60122385157
12af12af12af-12af- -5.20446457334 -0.314244185724 2.60194051344
12af12af12af12af -5.21429591038 -0.249680871517 2.61476984886
12af12af12af12af- -5.24806631772 -0.319784816967 2.59612602027
12ai -7.18655571348 1.5481380238 5.62190580777
12ai12ai -5.88285393026 0.555915588721 3.74765101607
12ai12ai- -5.87566885501 0.549582026941 3.73595428056
12ai12ai-12ai -5.34520892688 0.145509823102 2.99496022132
12ai12ai-12ai-12ai -5.05278482008 -0.0493668014816 2.60627811273
12ai12ai-12ai-12ai- -5.03382212559 -0.0119204652069 2.61611827861
12ai12ai-12ai12ai -5.04905910494 -0.0554207801857 2.63573420353
12ai12ai-12ai12ai- -5.06363082852 -0.0795856300659 2.62920416404
12ai12ai12ai -5.31374059844 0.19200157343 3.02827702505
12ai12ai12ai-12ai -5.03699991393 -0.0590160277125 2.63949658774
12ai12ai12ai-12ai- -5.02205502235 -0.0347093001891 2.64582922571
12ai12ai12ai12ai -4.99233297102 0.0188332729967 2.63696798933
12ai12ai12ai12ai- -5.00828999958 -0.0180174971166 2.62446913178
12al -7.00393791055 1.46412926243 5.37607483191
12al12al -5.71033384428 0.536543390379 3.60454438296
12al12al- -5.75916824216 0.56018456112 3.65628504292
12al12al-12al -5.14457286344 0.0923409377621 2.78608383539
12al12al-12al-12al -4.84581935578 -0.112714983179 2.40958202398
12al12al-12al-12al- -4.81548139903 -0.0256363107576 2.44408076808
12al12al-12al12al -4.86456422014 -0.137712487566 2.42533295373
12al12al-12al12al- -4.87583055024 -0.139068813258 2.4309936221
12al12al12al -5.12639012877 0.165791804284 2.88310137223
12al12al12al-12al -4.83063359261 -0.108499128953 2.48176812702
12al12al12al-12al- -4.80614810995 -0.0459375825855 2.50986804762
12al12al12al12al -4.79402620955 -0.0107025051258 2.49864468555
12al12al12al12al- -4.81479099731 -0.0259813497391 2.5053411866
12ea -7.64805783995 0.747507499196 5.50278060812
12ea12ea -6.50723786743 -0.259075165787 3.60724463962
12ea12ea- -6.49972746542 -0.261032565646 3.60298009079
12ea12ea-12ea -6.04352684155 -0.651230098567 2.89639159648
12ea12ea-12ea-12ea -5.80244122432 -0.861776410179 2.52804412087
12ea12ea-12ea-12ea- -5.81988129648 -0.897652042056 2.58128729777
12ea12ea-12ea12ea -5.81830931128 -0.897105989026 2.58092957234
12ea12ea-12ea12ea- -5.81040915117 -0.878870058981 2.55629436587
12ea12ea12ea -6.04821625339 -0.660100152433 2.95621236725
12ea12ea12ea-12ea -5.80281491364 -0.866939291744 2.56403562995
12ea12ea12ea-12ea- -5.8106497523 -0.885147747647 2.58921036287
12ea12ea12ea12ea -5.81514043713 -0.885415088674 2.59152338089
12ea12ea12ea12ea- -5.7980979378 -0.851827780041 2.53827517143
12ee -7.66717870152 0.569280104941 5.29174286552
12ee12ee -6.42990744883 -0.645344904982 3.10794426375
12ee12ee- -6.49331937979 -0.6720643626 3.26970353958
12ee12ee-12ee -5.97646425422 -1.02576119058 2.40883785022
12ee12ee-12ee-12ee- -5.81048331193 -1.24011109355 2.23210601475
12ee12ee-12ee12ee -5.76881158118 -1.23265785664 2.1714187638
12ee12ee-12ee12ee- -5.71488461897 -1.21496629105 2.07086315334
12ee12ee12ee -6.00497789538 -1.02986129617 2.56950635227
12ee12ee12ee-12ee -5.76879441439 -1.23267917327 2.17142789359
12ee12ee12ee-12ee- -5.82087849735 -1.24864562049 2.2847950383
12ee12ee12ee12ee -5.79723630538 -1.25611106542 2.25062694913
12ee12ee12ee12ee- -5.81043981368 -1.24013712409 2.23213624376
12ef -7.41053511481 0.709537150267 5.10992119131
12ef12ef -6.13916898951 -0.153818603868 3.33628056892
12ef12ef- -6.14561665067 -0.184303103501 3.34278006709
12ef12ef-12ef -5.64352621611 -0.531068526167 2.65907266146
12ef12ef-12ef-12ef -5.35648458355 -0.72497406593 2.28815691471
12ef12ef-12ef-12ef- -5.39414468971 -0.792919847018 2.33911834605
12ef12ef-12ef12ef -5.43101313717 -0.776425477179 2.38003981675
12ef12ef-12ef12ef- -5.44285103011 -0.788899629891 2.35279672746
12ef12ef12ef -5.69801548611 -0.560517801563 2.72702784873
12ef12ef12ef-12ef -5.4358196393 -0.775202116229 2.36630000146
12ef12ef12ef-12ef- -5.45958446726 -0.819338906561 2.38165801272
12ef12ef12ef12ef -5.48342686595 -0.796606526594 2.39774641013
12ef12ef12ef12ef- -5.49274336097 -0.791692403367 2.35789138817
12ei -7.31281185102 0.807038583413 5.1287523678
12ei12ei -5.95859164904 -0.00838249025567 3.2768810856
12ei12ei- -5.97592650488 0.022531618454 3.38014663221
12ei12ei-12ei -5.48650199559 -0.346832699447 2.64552889784
12ei12ei-12ei-12ei -5.19463882411 -0.555518308962 2.22192246398
12ei12ei-12ei-12ei- -5.24096362893 -0.572503244441 2.33643510528
12ei12ei-12ei12ei -5.24495609609 -0.572686592778 2.34755473595
12ei12ei-12ei12ei- -5.23701308862 -0.555756972267 2.31681707253
12ei12ei12ei -5.46413056654 -0.36655579485 2.67425499087
12ei12ei12ei-12ei -5.21539716578 -0.537509793981 2.33907010183
12ei12ei12ei-12ei- -5.22225613222 -0.553460986074 2.3702577701
12ei12ei12ei12ei -5.20329482406 -0.559717443071 2.33770613498
12ei12ei12ei12ei- -5.19423448907 -0.516054300046 2.31635843024
12el -7.20276746585 0.649179013207 4.84277764797
12el12el -5.9431427608 -0.079548896234 3.25655982953
12el12el- -5.91242425084 -0.011414941297 3.30634254837
12el12el-12el -5.41490049201 -0.426884695549 2.54032009374
12el12el-12el-12el -4.29468626671 -0.580332018091 0.846350824932
12el12el-12el-12el- -4.10339184927 -0.555981891568 0.806568353069
12el12el-12el12el -5.20265044778 -0.683921303102 2.23561944318
12el12el-12el12el- -4.44074615594 -0.616383371173 1.2236711573
12el12el12el -5.43754805242 -0.445787256334 2.63446872354
12el12el12el-12el -5.14298290859 -0.61885698818 2.27656282922
12el12el12el-12el- -4.02153349188 -0.569529934971 0.857429024894
12el12el12el12el -5.17161205094 -0.64418863619 2.30618698709
12el12el12el12el- -5.12938986765 -0.563422222945 2.28204773288
12fa -7.19841146654 1.40699219913 5.47055373369
12fa12fa -5.88767632046 0.456624901068 3.67914413775
12fa12fa- -6.00327063878 0.35856814213 3.68142161987
12fa12fa-12fa -5.41961103206 -0.00571297608385 2.95708462664
12fa12fa-12fa-12fa -5.18797363203 -0.248968783765 2.58710099421
12fa12fa-12fa-12fa- -5.24908780149 -0.319668119544 2.59708423829
12fa12fa-12fa12fa -5.08974855509 -0.214195325873 2.60215184815
12fa12fa-12fa12fa- -5.21142606415 -0.326519364781 2.5929681718
12fa12fa12fa -5.31712176667 0.0710795042658 2.95498347222
12fa12fa12fa-12fa -5.13063540778 -0.238352035356 2.59661559232
12fa12fa12fa-12fa- -5.20539718776 -0.314157165247 2.60288477042
12fa12fa12fa12fa -4.99995384124 -0.117648526799 2.57263909171
12fa12fa12fa12fa- -5.13067400063 -0.235520498542 2.55818187158
12fe -7.37055556382 0.608641986217 4.97419885377
12fe12fe -6.03908088843 -0.117977777447 3.30730442274
12fe12fe- -6.14634753516 -0.184348375213 3.34327317972
12fe12fe-12fe -5.61298821073 -0.49517297339 2.66734879206
12fe12fe-12fe-12fe -5.41691027789 -0.721882358669 2.32017718032
12fe12fe-12fe-12fe- -5.49377731006 -0.791467197389 2.3588993844
12fe12fe-12fe12fe -5.32397298586 -0.686045466143 2.36408935522
12fe12fe-12fe12fe- -5.44375839272 -0.788726832412 2.35375248192
12fe12fe12fe -5.53695246419 -0.490455124063 2.67896061571
12fe12fe12fe-12fe -5.3850956164 -0.747914034468 2.36849685493
12fe12fe12fe-12fe- -5.46050763486 -0.819195386314 2.3826133035
12fe12fe12fe12fe -5.2778916393 -0.694931057063 2.34921461356
12fe12fe12fe12fe- -5.3950028848 -0.792815912539 2.34010156381
12ff -7.22502525191 1.59342537032 5.73238352305
12ff12ff -5.6678083366 0.628568262367 3.6175744419
12ff12ff- -5.7744805541 0.497388916405 3.60234008765
12ff12ff-12ff -5.14090350453 0.180597157006 2.8330223
12ff12ff-12ff-12ff -4.86764575561 -0.0537974722446 2.42501977337
12ff12ff-12ff-12ff- -4.95864101616 -0.137943703998 2.44629049409
12ff12ff-12ff12ff -4.82320229752 -0.0144565975731 2.46793179194
12ff12ff-12ff12ff- -4.97356469158 -0.164229217552 2.45492642265
12ff12ff12ff -5.10693595553 0.22986949279 2.87717729757
12ff12ff12ff-12ff -4.89654194203 -0.0850332128412 2.4660088658
12ff12ff12ff-12ff- -4.99344725733 -0.18047101096 2.47594033025
12ff12ff12ff12ff -4.8030722316 0.021896339826 2.46934784241
12ff12ff12ff12ff- -4.95853446378 -0.137958477688 2.44629366679
12fi -7.08117836233 1.63266644509 5.61629598538
12fi12fi -5.50192175008 0.740490508879 3.5660449593
12fi12fi- -5.59160821566 0.657083127141 3.58168748644
12fi12fi-12fi -4.97344391385 0.328151403469 2.82202055689
12fi12fi-12fi-12fi -4.71605480508 0.0904268693819 2.4202528434
12fi12fi-12fi-12fi- -4.78117705027 0.0198937969668 2.4328290975
12fi12fi-12fi12fi -4.62502883375 0.143441077024 2.44868595835
12fi12fi-12fi12fi- -4.75524366966 0.0293673676541 2.44472446191
12fi12fi12fi -4.88612290481 0.398666105063 2.83824464208
12fi12fi12fi-12fi -4.66804856857 0.118723430945 2.45630448117
12fi12fi12fi-12fi- -4.74687109793 0.0375397331122 2.46249613118
12fi12fi12fi12fi -4.53514274686 0.239879684754 2.44013762005
12fi12fi12fi12fi- -4.6666267273 0.120309573016 2.42721164339
12fl -7.11719021085 1.66611502499 5.71828316555
12fl12fl -5.45412380212 0.80610638691 3.5905259656
12fl12fl- -5.53378750311 0.708308266217 3.57937639542
12fl12fl-12fl -4.92760016427 0.338053451179 2.76540358707
12fl12fl-12fl-12fl -4.74102125501 0.125742678063 2.45819339394
12fl12fl-12fl-12fl- -4.8099817096 0.127273911222 2.54138761378
12fl12fl-12fl12fl -4.58686646155 0.158504908968 2.38638096014
12fl12fl-12fl12fl- -4.72991851422 0.0283221247029 2.38595274311
12fl12fl12fl -4.82745965754 0.481137982688 2.85816668494
12fl12fl12fl-12fl -4.60668616884 0.160934613054 2.42548613346
12fl12fl12fl-12fl- -4.6853224219 0.15119721222 2.49605475711
12fl12fl12fl12fl -4.4671156132 0.332574828539 2.45204141574
12fl12fl12fl12fl- -4.58196795514 0.213076680124 2.42758043287
12ia -7.18753890183 1.54797847061 5.62241922199
12ia12ia -5.88353324844 0.555955491322 3.74819200796
12ia12ia- -5.87629890478 0.54961275196 3.73646819174
12ia12ia-12ia -5.34583098033 0.145596009417 2.99553448729
12ia12ia-12ia-12ia -5.05344186868 -0.0492286268378 2.60697047585
12ia12ia-12ia-12ia- -5.00894335949 -0.0179129446996 2.62510722607
12ia12ia-12ia12ia -5.0376380926 -0.0589067193286 2.64014629911
12ia12ia-12ia12ia- -5.06426717644 -0.0794642121196 2.62987775949
12ia12ia12ia -5.31440339923 0.192093721075 3.02887770093
12ia12ia12ia-12ia -5.04971278511 -0.0552928796205 2.63644193173
12ia12ia12ia-12ia- -5.0227076729 -0.0345968761427 2.64650946876
12ia12ia12ia12ia -4.99301444217 0.0189717112892 2.63767388051
12ia12ia12ia12ia- -5.03449992862 -0.0117516305074 2.61687159253
12ie -7.31345745983 0.806540646669 5.12900710475
12ie12ie -5.9591634911 -0.00835565538218 3.27740926515
12ie12ie- -5.97636415732 0.0225232462218 3.38044645698
12ie12ie-12ie -5.48706471777 -0.346708615414 2.64606470867
12ie12ie-12ie-12ie -5.1953043183 -0.555322135646 2.22264678686
12ie12ie-12ie-12ie- -5.19496581487 -0.515891805756 2.31707624971
12ie12ie-12ie12ie -5.21607793735 -0.537338025939 2.33976399314
12ie12ie-12ie12ie- -5.23765989452 -0.555558505808 2.3175223154
12ie12ie12ie -5.46481019035 -0.366454873753 2.6749325344
12ie12ie12ie-12ie -5.24563691294 -0.57250624489 2.34831057837
12ie12ie12ie-12ie- -5.22295608548 -0.553316606254 2.3709850499
12ie12ie12ie12ie -5.20407433053 -0.559576687212 2.33854008046
12ie12ie12ie12ie- -5.24167510952 -0.572324772349 2.33726023375
12if -7.10724732326 1.64999616683 5.67701815277
12if12if -5.58977430638 0.681237286807 3.57689416268
12if12if- -5.59130145595 0.657114367107 3.58148616461
12if12if-12if -5.00569707231 0.293018090819 2.81479256215
12if12if-12if-12if -4.67040982878 0.0996303781327 2.39829345815
12if12if-12if-12if- -4.66637472233 0.120290551292 2.42688251759
12if12if-12if12if -4.70305228468 0.0915327756298 2.4598268795
12if12if-12if12if- -4.75494568155 0.0293760319541 2.44443915112
12if12if12if -5.02951644313 0.297860995714 2.85817307436
12if12if12if-12if -4.74414017658 0.0394719100807 2.45209239786
12if12if12if-12if- -4.74656578643 0.0375239922237 2.46219466203
12if12if12if12if -4.7212572871 0.102980741404 2.46113050284
12if12if12if12if- -4.78081232634 0.0198600535649 2.43254446769
12ii -6.96792041041 1.73283066675 5.64392825766
12ii12ii -5.30053058911 0.795188177851 3.34141306578
12ii12ii- -5.3944091554 0.837104522898 3.57024199552
12ii12ii-12ii -4.81677811318 0.450594232671 2.77506907662
12ii12ii-12ii-12ii -4.45683353211 0.251875946433 2.3092834713
12ii12ii-12ii-12ii- -4.39049121623 0.293083715624 2.30849739835
12ii12ii-12ii12ii -4.45811115116 0.260499688644 2.37957184038
12ii12ii-12ii12ii- -4.50935026913 0.238143010365 2.39209218574
12ii12ii12ii -4.68418015035 0.471671785208 2.67541026205
12ii12ii12ii-12ii -4.45811166986 0.260528983883 2.3796206144
12ii12ii12ii-12ii- -4.40562273819 0.283371529411 2.36587563928
12ii12ii12ii12ii -4.32204278778 0.329096783875 2.29317514526
12ii12ii12ii12ii- -4.39050649048 0.293143647541 2.3085822869
12il -6.76544950115 1.73794541688 5.36161784117
12il12il -5.33760955749 0.887509584427 3.5424646097
12il12il- -5.32433956274 0.897497414249 3.55988384228
12il12il-12il -4.7584718267 0.479721443129 2.73924456472
12il12il-12il-12il -2.51253682065 0.622755797866 0.83607917154
12il12il-12il-12il- -2.04160533552 0.956799744349 0.642298167139
12il12il-12il12il -4.44253874491 0.297723918593 2.3804324383
12il12il-12il12il- -4.47627220746 0.286279631993 2.4003790107
12il12il12il -4.71798076615 0.581219938148 2.84433681227
12il12il12il-12il -4.42132225951 0.3264973241 2.41706028391
12il12il12il-12il- -2.32543040508 0.719369965514 0.869034161789
12il12il12il12il -4.35516853039 0.450697667252 2.45894670447
12il12il12il12il- -4.37971216225 0.41007456761 2.43115868723
12la -7.17578771748 1.49529037198 5.54416771174
12la12la -5.69564238134 0.512958314801 3.47126431227
12la12la- -5.75995900581 0.560180321334 3.65688657775
12la12la-12la -5.20231032494 0.0326247611304 2.73815565595
12la12la-12la-12la -4.92079258162 -0.16400144101 2.41172826228
12la12la-12la-12la- -4.81554813662 -0.025885166258 2.50611083477
12la12la-12la12la -4.88144523625 -0.174430466472 2.40865584646
12la12la-12la12la- -4.87660935438 -0.138965151037 2.43185048892
12la12la12la -5.12275181295 0.134165294397 2.78676587007
12la12la12la-12la -4.88137304049 -0.170846993379 2.41988168687
12la12la12la-12la- -4.80685070834 -0.0458909447859 2.51063290076
12la12la12la12la -4.80556154383 -0.053930919899 2.4206883708
12la12la12la12la- -4.81620195535 -0.0255740640381 2.444831587
12le -7.34292930936 0.757306785321 5.08907037481
12le12le -4.2347680426 -0.110279238551 0.842104337982
12le12le- -5.9130787707 -0.0115071117984 3.30675777996
12le12le-12le -4.54515841234 -0.453225672203 1.21832331488
12le12le-12le-12le -4.44441315337 -0.703630848853 1.08838314225
12le12le-12le-12le- -5.13029222562 -0.563309901483 2.28292660777
12le12le-12le12le -4.41384001322 -0.610796096114 0.806524866935
12le12le-12le12le- -4.44085085702 -0.616221879097 1.22422634268
12le12le12le -4.18015973071 -0.394553876654 0.798551733583
12le12le12le-12le -4.01009763245 -0.634461434858 0.854502860995
12le12le12le-12le- -4.02259471955 -0.5695341881 0.859215561803
12le12le12le12le -4.0998169316 -0.543700532113 0.789954268465
12le12le12le12le- -4.10438914417 -0.556054413356 0.808307292937
12lf -7.19713504756 1.67011915408 5.78586535489
12lf12lf -5.67961842332 0.746296520531 3.37198288541
12lf12lf- -5.53369852524 0.708306750483 3.57930935037
12lf12lf-12lf -5.01001970342 0.2439653329 2.73056936146
12lf12lf-12lf-12lf -4.67220726696 0.0847352237843 2.35058964074
12lf12lf-12lf-12lf- -4.58197191981 0.213017460568 2.42747734231
12lf12lf-12lf12lf -4.76355663956 0.0484736588089 2.43115137868
12lf12lf-12lf12lf- -4.72990720209 0.0282892434985 2.38595666863
12lf12lf12lf -5.12510815658 0.366968169944 2.99956806215
12lf12lf12lf-12lf -4.75167157537 0.053826869675 2.43344710273
12lf12lf12lf-12lf- -4.68522791112 0.151205428747 2.49596798111
12lf12lf12lf12lf -4.83462588879 0.167984560197 2.6089660815
12lf12lf12lf12lf- -4.80984551082 0.127348015921 2.54134277242
12li -7.05438409495 1.72430112986 5.69177109305
12li12li -2.44184343682 1.22289093173 0.90470776423
12li12li- -5.32459622182 0.897480868775 3.56006433585
12li12li-12li -4.82778959103 0.437683726024 2.75196058402
12li12li-12li-12li -4.49167614069 0.287786256957 2.36437678425
12li12li-12li-12li- -4.37992054631 0.41002643558 2.43131986489
12li12li-12li12li -2.60674638916 0.521949995687 0.808325456176
12li12li-12li12li- -4.47648056904 0.286310793697 2.40063350949
12li12li12li -2.04432599824 1.11701046499 0.643644430343
12li12li12li-12li -2.42516249166 0.605370763141 0.867731551069
12li12li12li-12li- -2.32594323569 0.718578912239 0.86890053424
12li12li12li12li -1.84049457814 1.12641267104 0.556660930576
12li12li12li12li- -2.04342017488 0.95564884175 0.642345614547
12ll -7.02220448298 1.71771020439 5.65552489367
12ll12ll -5.52063452597 0.857991721726 3.69063008174
12ll12ll- -5.27040107305 0.915947712197 3.53476868141
12ll12ll-12ll -4.82990650299 0.36676216511 2.67120801424
12ll12ll-12ll-12ll -4.59925436825 0.21051910784 2.38930452791
12ll12ll-12ll-12ll- -4.47464091427 0.410313398574 2.50450400642
12ll12ll-12ll12ll -4.58945507183 0.169132237965 2.36751983695
12ll12ll-12ll12ll- -4.4847143213 0.217586610961 2.32230022342
12ll12ll12ll -4.9249420838 0.527253078503 2.97055946483
12ll12ll12ll-12ll -4.51228559639 0.235549286867 2.38336718685
12ll12ll12ll-12ll- -4.4114506689 0.418276515641 2.49182450247
12ll12ll12ll12ll -4.59890801258 0.368799490494 2.58489862812
12ll12ll12ll12ll- -4.47478191424 0.410247702225 2.50452103911
2 -10.0340941178 1.19382391082 6.88413486287
22 -8.0364681947 -0.087862302842 5.41868989943
22- -7.99584898982 -0.107907209287 5.08358768728
22-2 -6.99426109733 -0.781595203775 3.73357708991
22-2- -7.01768642898 -0.759831533093 3.8764894559
22-2-2 -6.41993699766 -1.18465066 3.09408558122
22-2-2- -6.42556182914 -1.18181460715 3.18471393089
22-22 -6.41588212841 -1.19487035213 3.06093427945
22-22- -6.40077740119 -1.20773520364 2.98863013613
222 -7.03003160166 -0.757292868847 4.074922888
222- -7.0175169197 -0.759518271758 3.87641940534
222-2 -6.41563618773 -1.19450991066 3.06088866926
222-2- -6.43313075734 -1.17483961949 3.12616454876
2222 -6.42945584236 -1.18287852638 3.29797136805
2222- -6.42535187336 -1.18141971801 3.18460740023
4aa -9.04406798838 0.881541125677 6.12875384089
4aa4aa -7.34505040061 0.00463083062656 4.5548827497
4aa4aa- -7.34342093285 0.00622174806775 4.55255743414
4aa4aa-4aa -6.6812334562 -0.377687005961 3.75017738023
4aa4aa-4aa-4aa -6.34066153384 -0.580303412494 3.35167210285
4aa4aa-4aa-4aa- -6.34175875014 -0.581427959085 3.35183011423
4aa4aa-4aa4aa -6.34061976504 -0.580281357766 3.35136893644
4aa4aa-4aa4aa- -6.33952601102 -0.57915684115 3.35125124718
4aa4aa4aa -6.68373303239 -0.380233802192 3.75136425795
4aa4aa4aa-4aa -6.34033671911 -0.579993851853 3.35136571601
4aa4aa4aa-4aa- -6.34142986291 -0.581117330004 3.35148039668
4aa4aa4aa4aa -6.34256816658 -0.582265350479 3.35197368972
4aa4aa4aa4aa- -6.34146902384 -0.581142244464 3.35181033445
4ae -8.11731182622 0.178235980139 5.44650122739
4ae4ae -5.58890095613 -0.341619822912 1.92216370221
4ae4ae- -4.89464371813 -0.337762756506 1.2158419684
4ae4ae-4ae -4.71936338472 -0.583473334411 1.1316145232
4ae4ae-4ae-4ae -4.63459288118 -0.772291135523 1.11765266236
4ae4ae-4ae-4ae- -4.9278695857 -0.774691134754 1.12576366383
4ae4ae-4ae4ae -4.73286578806 -0.738538264891 1.10683775688
4ae4ae-4ae4ae- -4.61761710033 -0.73387445951 1.1103491293
4ae4ae4ae -5.31986602735 -0.657297407755 1.69951046146
4ae4ae4ae-4ae -4.65944815582 -0.79611813402 1.03746716837
4ae4ae4ae-4ae- -4.75203060688 -0.804651458662 1.03560416285
4ae4ae4ae4ae -5.20336475026 -0.832792648919 1.59525696205
4ae4ae4ae4ae- -4.67806456612 -0.833324970532 1.10873763412
4af -7.7914091889 0.936785689109 5.39065051481
4af4af -6.87259146866 0.140617839717 4.20500404794
4af4af- -6.86088315758 0.177096186019 4.22466477515
4af4af-4af -6.38050974964 -0.234867808789 3.56638660988
4af4af-4af-4af -6.12188608201 -0.47879333216 3.19657786824
4af4af-4af-4af- -6.08792453154 -0.455690280481 3.18968946709
4af4af-4af4af -6.12092406581 -0.461875800332 3.22286992238
4af4af-4af4af- -6.07732670459 -0.41818259342 3.2224211523
4af4af4af -6.28973765153 -0.200324774983 3.54650933774
4af4af4af-4af -5.99865750944 -0.36358723643 3.21372259246
4af4af4af-4af- -5.96393441857 -0.338894855906 3.20720472266
4af4af4af4af -5.96881372244 -0.382433209327 3.20254127265
4af4af4af4af- -5.92481050517 -0.338863031826 3.20000132496
4ai -7.72153802209 1.09898084904 5.44820352901
4ai4ai -4.56797621323 0.366725769721 1.75756809612
4ai4ai- -4.21849797103 0.398328000302 1.4672065977
4ai4ai-4ai -4.04769971079 0.126660873684 1.25920509151
4ai4ai-4ai-4ai -4.04467869608 -0.0113098124921 1.24799523601
4ai4ai-4ai-4ai- -4.07893373743 -0.0229516425039 1.24576942676
4ai4ai-4ai4ai -3.96795551259 -0.0159741376993 1.15756410731
4ai4ai-4ai4ai- -3.95214082455 -0.00471448461873 1.16471587314
4ai4ai4ai -4.3992243451 0.0961283674413 1.5482377402
4ai4ai4ai-4ai -3.99675091799 -0.0148230647251 1.23671563899
4ai4ai4ai-4ai- -4.06362941669 -0.0256743034052 1.24012098346
4ai4ai4ai4ai -4.32370321922 -0.036274279455 1.48078542171
4ai4ai4ai4ai- -4.11491505485 -0.0241096995673 1.3994090613
4al -7.62752928282 1.043317379 5.36670252626
4ea -8.10456188399 0.160642817479 5.41574759672
4ea4ea -6.4114098413 -0.359993771784 2.73833735219
4ea4ea- -5.59070021493 -0.364404347778 1.89856871912
4ea4ea-4ea -5.44558222395 -0.628616901708 1.8031537488
4ea4ea-4ea-4ea -5.37572966485 -0.816834067575 1.79164164474
4ea4ea-4ea-4ea- -5.41351859264 -0.864283750198 1.79544599047
4ea4ea-4ea4ea -5.39456600884 -0.83561540313 1.71449599033
4ea4ea-4ea4ea- -5.35775842137 -0.786239407342 1.77518344916
4ea4ea4ea -6.14918185478 -0.681663584201 2.50541434384
4ea4ea4ea-4ea -5.44544449779 -0.788073641709 1.77408667618
4ea4ea4ea-4ea- -5.461674109 -0.840854217288 1.71394528092
4ea4ea4ea4ea -6.0375751094 -0.8605791932 2.39483397344
4ea4ea4ea4ea- -5.6042233031 -0.81575835445 1.79646648065
4ee -7.63900818989 -0.301268307083 4.70841283716
4ee4ee -5.62611739575 -0.701735234457 1.79012569721
4ee4ee4ee -5.39321972711 -0.958514082233 1.56000241702
4ee4ee4ee4ee -5.29106440715 -1.10361890633 1.45907590033
4ef -7.2749667308 0.55014690131 4.90871871977
4ef4ef -6.29985361954 -0.118980943652 2.91576235012
4ef4ef- -3.26039683635 0.580639185281 0.709499998502
4ef4ef-4ef -2.84371008044 0.439705873474 0.729916277803
4ef4ef-4ef-4ef -3.03076003709 -0.0096289207535 0.706235712514
4ef4ef-4ef-4ef- -3.15894691766 -0.388527022439 0.603480464313
4ef4ef-4ef4ef- -2.57744666221 0.506561641295 0.707686897445
4ef4ef4ef -6.02428521121 -0.419603434029 2.67885792205
4ef4ef4ef-4ef -2.95986371693 0.106861074851 0.811117973944
4ef4ef4ef-4ef- -3.25925454518 -0.215556359569 0.73752769562
4ef4ef4ef4ef -5.90288713402 -0.57845547384 2.56709087132
4ef4ef4ef4ef- -3.31051005074 -0.141984449103 0.783835589543
4ei -7.23852475909 0.483026245509 4.93274286374
4ei4ei -4.70222700684 0.0379343146268 1.64699422812
4ei4ei- -3.62718752537 0.510689074696 1.51593321985
4ei4ei-4ei -3.007610802 0.400071299653 1.04939398951
4ei4ei-4ei-4ei -3.33339552146 0.151780926003 1.16632090751
4ei4ei-4ei-4ei- -3.37701116314 -0.0649687005457 0.978149788168
4ei4ei-4ei4ei -2.89553538768 0.173407536298 0.787788890371
4ei4ei-4ei4ei- -2.75090004377 0.340241698829 0.857212605875
4ei4ei4ei -4.52540375029 -0.178260528088 1.45708980075
4ei4ei4ei-4ei -3.07827316727 0.083936637324 1.00017275422
4ei4ei4ei-4ei- -3.47913241429 -0.0876362820063 1.00985921667
4ei4ei4ei4ei -4.43794261654 -0.290069792385 1.39990768929
4ei4ei4ei4ei- -3.64656124362 -0.108691170362 1.34019128671
4el -7.15457073923 0.634146029245 4.90565723575
4fa -7.77791917563 0.935369646874 5.3819052583
4fa4fa -6.86843397191 0.139820252865 4.19635422594
4fa4fa- -7.0318090457 -0.0047730975722 4.1694964199
4fa4fa-4fa -6.36055208025 -0.229229156885 3.55231078666
4fa4fa-4fa-4fa -6.10085530166 -0.467228213569 3.18768695584
4fa4fa-4fa-4fa- -6.26884732589 -0.646759588122 3.16738536213
4fa4fa-4fa4fa -5.98808162988 -0.366839771862 3.20134274759
4fa4fa-4fa4fa- -6.17689890434 -0.534906807776 3.2096565399
4fa4fa4fa -6.28600755156 -0.204523241379 3.5356248044
4fa4fa4fa-4fa -6.10001868781 -0.455611206924 3.20906348128
4fa4fa4fa-4fa- -6.26797768248 -0.637207912133 3.18511193691
4fa4fa4fa4fa -5.96605648929 -0.388350990898 3.19126738535
4fa4fa4fa4fa- -6.14958415538 -0.55540116275 3.19401071566
4fe -7.27441036804 0.580072874288 4.90676508699
4fe4fe -5.50086027686 -0.088282806352 2.12435183208
4fe4fe- -3.65797543944 0.386065133086 1.39832952078
4fe4fe-4fe -2.75218203783 0.423421509784 0.821953660376
4fe4fe-4fe-4fe -3.10281657485 0.0824530455939 0.966583679792
4fe4fe-4fe-4fe- -3.98460342961 -0.463501144442 1.25775570328
4fe4fe-4fe4fe -2.85982537847 0.101164893907 0.782271381992
4fe4fe-4fe4fe- -2.50145154385 0.297471014476 0.57932268996
4fe4fe4fe -5.22476392295 -0.384275923482 1.90219660982
4fe4fe4fe-4fe -2.74693470695 0.116863951326 0.615779371708
4fe4fe4fe-4fe- -3.84398721714 -0.399467517067 1.05245335611
4fe4fe4fe4fe -5.10651828664 -0.53874029446 1.79829786427
4fe4fe4fe4fe- -3.62959319692 -0.293117976265 1.00043709858
4ff -6.80457628275 0.857171163446 4.52807266713
4ff4ff -6.10139756233 0.184603896785 3.55048966383
4ff4ff- -3.98759996946 0.0056618809882 1.0746975939
4ff4ff-4ff -3.95582832537 -0.363205690802 0.907833706813
4ff4ff-4ff-4ff -4.09741968959 -0.666002506839 0.931637941052
4ff4ff-4ff-4ff- -4.18538551897 -0.775686737975 0.914124127897
4ff4ff-4ff4ff -3.93340692783 -0.500902509809 0.881242216456
4ff4ff-4ff4ff- -3.96079856033 -0.602672429701 0.830996657454
4ff4ff4ff -5.63697538909 -0.126455945351 3.01436808691
4ff4ff4ff-4ff -3.88667122807 -0.489486373426 0.789791223148
4ff4ff4ff-4ff- -4.05358803186 -0.593625252724 0.849198628867
4ff4ff4ff4ff -5.35649778081 -0.29466199478 2.70880344017
4ff4ff4ff4ff- -3.87821329054 -0.399974772951 0.895099743945
4fi -6.79353633225 1.02318468242 4.64450431169
4fi4fi -4.48940340664 0.422337086779 1.74680872301
4fi4fi- -2.48289045289 1.44845710567 0.976864173877
4fi4fi-4fi -1.13652670441 1.50687308252 0.067573491172
4fi4fi-4fi-4fi -1.67198057201 1.29635618253 0.589154219885
4fi4fi-4fi-4fi- -2.85601496954 0.711373968071 1.02021314396
4fi4fi-4fi4fi -1.39544232548 1.13049185731 0.214034070623
4fi4fi-4fi4fi- -0.899157802612 1.56430871413 0.165531086326
4fi4fi4fi -4.26775915436 0.166201473655 1.53423431356
4fi4fi4fi-4fi -1.46074354653 1.07033806207 0.185183253366
4fi4fi4fi-4fi- -2.8472395082 0.710132265367 1.03160810492
4fi4fi4fi4fi -4.15399451106 0.0345009393706 1.45381298502
4fi4fi4fi4fi- -2.6889942598 0.759341882667 0.983958180385
4fl -6.68359272726 0.962176077344 4.52698392686
4ia -7.70691286789 1.10015018041 5.44121977221
4ia4ia -5.29870309982 0.3539148395 2.45935654248
4ia4ia- -4.57967239791 0.396463092621 1.80202244944
4ia4ia-4ia -4.38152525751 0.118272172609 1.57156705147
4ia4ia-4ia-4ia -4.40961571364 -0.037689679991 1.56944779976
4ia4ia-4ia-4ia- -4.48669225091 -0.0715762204886 1.7382011546
4ia4ia-4ia4ia -4.3342946866 -0.0502380888041 1.53976221821
4ia4ia-4ia4ia- -4.27633884651 -0.0184741330259 1.47159305685
4ia4ia4ia -5.12168641748 0.062872218034 2.22204907421
4ia4ia4ia-4ia -4.31133324116 -0.0290290790979 1.46856516335
4ia4ia4ia-4ia- -4.43553393521 -0.0606266444628 1.5527176006
4ia4ia4ia4ia -5.03914309751 -0.0831959807021 2.13545613037
4ia4ia4ia4ia- -4.45816886269 -0.0488336336739 1.56745414266
4ie -7.23684609336 0.506750482339 4.95086878181
4ie4ie -5.10675057913 0.0504152744264 1.92945812586
4ie4ie- -3.64440421811 0.616632721734 1.55257326015
4ie4ie-4ie -2.82347185849 0.47123354159 0.896232862528
4ie4ie-4ie-4ie -3.30805463928 0.30104558057 1.29050889022
4ie4ie-4ie-4ie- -3.7007961913 -0.0360482303761 1.43631390283
4ie4ie-4ie4ie -2.89988082977 0.167358852855 0.848642700118
4ie4ie-4ie4ie- -2.45356975025 0.390642645481 0.604311416176
4ie4ie4ie -4.8503425199 -0.181474564078 1.74989915243
4ie4ie4ie-4ie -2.73796573078 0.25786401545 0.729346676483
4ie4ie4ie-4ie- -3.55299669373 0.00600670401172 1.162384803
4ie4ie4ie4ie -4.7151447422 -0.303634933431 1.66556481626
4ie4ie4ie4ie- -3.43143366122 -0.014313621951 1.13655115237
4if -6.79291745223 1.02600843665 4.64667627831
4if4if -5.1967142179 0.412498902834 2.43872412903
4if4if- -2.33861349307 1.10026620249 0.600475205519
4if4if-4if -1.17497953432 1.50946680729 0.145913023607
4if4if-4if-4if -1.68233273015 1.31553168516 0.60699257942
4if4if-4if-4if- -2.52244267304 0.494166804598 0.549579231574
4if4if-4if4if -1.48881799119 1.07637170259 0.244504259574
4if4if-4if4if- -0.897297695826 1.37650000205 0.0679072854955
4if4if4if -4.94511676085 0.143490497948 2.19440939213
4if4if4if-4if -1.41544758533 1.15750010312 0.249437440692
4if4if4if-4if- -2.54009376454 0.639867584103 0.630889097989
4if4if4if4if -4.80218275007 0.00280569715069 2.09190653632
4if4if4if4if- -2.4289126813 0.810378526728 0.650180297385
4ii -6.77405928032 1.19104668224 4.75713848156
4ii4ii -4.26856915065 0.650504483767 1.74484260168
4ii4ii4ii -4.05348640274 0.437797133915 1.56669630861
4ii4ii4ii4ii -3.93578659275 0.338326665328 1.49781071338
4il -6.67202050903 1.12979595145 4.64460009665
4la -7.60841396581 1.02935561105 5.34487490098
4la4la- -6.71322645481 0.291807366682 4.19371233531
4la4la-4la-4la- -5.7472799237 -0.226421154214 3.13960995322
4le -7.15388261374 0.651343853208 4.89316996733
4le4le- -3.08617636563 0.316147692765 0.106188149687
4le4le-4le-4le- -3.15697511857 0.0590894417948 0.16867038187
4lf -6.68558289777 0.94980525317 4.51852678849
4lf4lf- -5.64034740665 0.243021212672 3.14676971969
4lf4lf-4lf-4lf- -5.04750073896 -0.327463584339 2.43815213755
4li -6.6745414516 1.11508320758 4.6342607782
4li4li- -2.64597742632 0.515169297751 0.504079868184
4li4li-4li-4li- -2.5567752755 0.257300304355 0.526012876273
4ll -6.55882556083 1.05253099291 4.51025718371
