1111 -10.9081469342 -2.35211607526 1.86579430929
1111- -10.961117994 -2.44541432744 1.87112375698
1111-11 -9.95494324847 -3.2537034047 0.736179914762
1111-11- -10.5894359996 -3.30917535387 1.1109676268
1111-11-11 -8.02573180499 -3.09134107726 1.00552020469
1111-11-11- -8.69842167924 -3.79400353888 0.137088417339
1111-1111 -10.0153950387 -3.73626031994 0.348319702325
1111-1111- -9.78520979199 -3.63305928312 0.286792023567
111111 -10.6703170661 -3.2673207101 1.09758199074
111111- -10.5863691769 -3.30773427691 1.11045818206
111111-11 -10.017343135 -3.73556880602 0.349830032937
111111-11- -10.4260279926 -3.8311661672 0.674549288684
11111111 -10.8820418451 -3.78177136558 0.901789054813
11111111- -8.74431788215 -3.76359692485 0.263021845641
12aa -8.27287479381 0.608713047737 4.60368264796
12aa12aa -7.05169272253 -0.39391568449 3.14214494453
12aa12aa- -7.03876324296 -0.385620579631 3.14795744517
12aa12aa-12aa -6.54073701689 -0.803976607633 2.50962581352
12aa12aa-12aa-12aa -6.26096298033 -1.01578622346 2.14354967883
12aa12aa-12aa-12aa- -6.2429756781 -0.993415272023 2.15191803615
12aa12aa-12aa12aa -6.25876946046 -1.02233287565 2.17714375235
12aa12aa-12aa12aa- -6.27020168538 -1.03612892011 2.17214665383
12aa12aa12aa -6.52655391868 -0.77996745495 2.5213351304
12aa12aa12aa-12aa -6.25876585671 -1.02231877114 2.17716398644
12aa12aa12aa-12aa- -6.24700449449 -1.00849845911 2.1820899645
12aa12aa12aa12aa -6.2286658748 -0.972955361536 2.16097348071
12aa12aa12aa12aa- -6.24296997702 -0.993384486736 2.15195376065
12ae -7.95823538724 0.262313462421 4.01006335198
12ae12ae -6.92786180697 -0.708621039597 2.8434199021
12ae12ae- -6.89109133748 -0.689430532113 2.84172110999
12ae12ae-12ae -6.44859322663 -1.07645074287 2.24020679174
12ae12ae-12ae-12ae -6.20176301721 -1.27437398355 1.90369754842
12ae12ae-12ae-12ae- -6.19207630431 -1.2514745806 1.91867370637
12ae12ae-12ae12ae -6.19592522043 -1.27585862187 1.94776994791
12ae12ae-12ae12ae- -6.20421356732 -1.29316209995 1.93882418059
12ae12ae12ae -6.46290713604 -1.07783191941 2.29961972682
12ae12ae12ae-12ae -6.20408073946 -1.29882160645 1.96482773657
12ae12ae12ae-12ae- -6.1945187406 -1.28065412512 1.97420205323
12ae12ae12ae12ae -6.19995319362 -1.26664731415 1.97916586226
12ae12ae12ae12ae- -6.2006633514 -1.28402975423 1.96588658634
12af -8.06401071508 0.599019066368 4.42352883004
12af12af -6.90109319944 -0.390402867743 3.01691846557
12af12af- -6.88462331896 -0.398496672827 3.00700671441
12af12af-12af -6.36186789815 -0.781240912225 2.39419045084
12af12af-12af-12af -6.0442023125 -0.969151198026 2.04772399538
12af12af-12af-12af- -6.0415683238 -0.948001711735 2.0573030095
12af12af-12af12af -6.08475422319 -0.998872151656 2.08687918518
12af12af-12af12af- -6.10136873376 -1.03117676796 2.07839224161
12af12af12af -6.39837456725 -0.784107149213 2.42553697268
12af12af12af-12af -6.09972618538 -1.03126101348 2.08532575197
12af12af12af-12af- -6.09869454027 -1.02261406753 2.09017100706
12af12af12af12af -6.11146022811 -0.987201874934 2.08449199206
12af12af12af12af- -6.1312210883 -1.036240735 2.07121690862
12ai -7.91876059686 0.760374302138 4.42640230846
12ai12ai -6.6853338368 -0.153507338756 3.03514171359
12ai12ai- -6.65489587134 -0.14418458182 3.02548595077
12ai12ai-12ai -6.1486222091 -0.532716387127 2.40886152559
12ai12ai-12ai-12ai -5.86076086109 -0.721246172127 2.06691685589
12ai12ai-12ai-12ai- -5.84610883006 -0.680908826434 2.07967971649
12ai12ai-12ai12ai -5.85882511724 -0.726904037991 2.09749237541
12ai12ai-12ai12ai- -5.866910442 -0.749769946119 2.08868772447
12ai12ai12ai -6.13314275014 -0.493312499444 2.44399204876
12ai12ai12ai-12ai -5.84160743223 -0.72914505717 2.10084552251
12ai12ai12ai-12ai- -5.83250025801 -0.705985449334 2.10953832345
12ai12ai12ai12ai -5.80718344533 -0.651823184145 2.10311649786
12ai12ai12ai12ai- -5.81376195584 -0.68848446333 2.08718974747
12al -7.9524459246 0.654476250279 4.37973343073
12al12al -6.71920699944 -0.253671575011 2.9954994768
12al12al- -6.70314670686 -0.222231489184 3.01220657893
12al12al-12al -6.24992603941 -0.694867941517 2.35693358373
12al12al-12al-12al -5.93645395173 -0.891921130433 1.98628142768
12al12al-12al-12al- -5.84313062855 -0.790541774923 1.98558732723
12al12al-12al12al -5.93405497173 -0.896476634608 2.03121114348
12al12al-12al12al- -5.93127305175 -0.899658593482 2.02568906313
12al12al12al -6.15850919482 -0.600383634249 2.40160181846
12al12al12al-12al -5.91981292822 -0.875319634021 2.06278402514
12al12al12al-12al- -5.83419497947 -0.799311004306 2.05312915754
12al12al12al12al -5.82637150003 -0.765217098356 2.06063464192
12al12al12al12al- -5.82322689953 -0.777283552505 2.052072926
12ea -7.95875895253 0.262730903456 4.00994234625
12ea12ea -6.92812877245 -0.708501620707 2.84362922942
12ea12ea- -6.89131526296 -0.689310668288 2.8419473803
12ea12ea-12ea -6.44875314516 -1.07638559549 2.24035822904
12ea12ea-12ea-12ea -6.20189089909 -1.27432503556 1.90383558077
12ea12ea-12ea-12ea- -6.20079406849 -1.28398623329 1.96597429915
12ea12ea-12ea12ea -6.20419894146 -1.29878882019 1.96493462697
12ea12ea-12ea12ea- -6.20433217888 -1.293128153 1.93895148158
12ea12ea12ea -6.46309418674 -1.0777457043 2.29976041874
12ea12ea12ea-12ea -6.19604493921 -1.27579793522 1.94792164752
12ea12ea12ea-12ea- -6.19463807074 -1.28059335302 1.97433586435
12ea12ea12ea12ea -6.20008954343 -1.26656465933 1.97928462259
12ea12ea12ea12ea- -6.19221405947 -1.25136425357 1.91885482227
12ee -7.91724896321 0.0847929055992 3.9900765071
12ee12ee -6.8002580728 -0.971652337974 1.90798640957
12ee12ee- -6.76934017155 -0.939852604299 2.59315069052
12ee12ee-12ee -6.3046554169 -1.31638694345 1.82900891772
12ee12ee-12ee-12ee- -6.10586654674 -1.50354979611 1.68406434053
12ee12ee-12ee12ee -6.07885754143 -1.51170212204 1.62430901419
12ee12ee-12ee12ee- -6.05132555315 -1.51054906401 1.52856148449
12ee12ee12ee -6.357922075 -1.32925514412 1.88088342583
12ee12ee12ee-12ee -6.07885378034 -1.51168161929 1.624339034
12ee12ee12ee-12ee- -6.10511963528 -1.51302998434 1.73276724858
12ee12ee12ee12ee -6.11109225499 -1.51350716197 1.71792489644
12ee12ee12ee12ee- -6.10586566684 -1.50351391601 1.68412141023
12ef -7.93957524374 0.230826853922 4.00518130524
12ef12ef -6.82346766039 -0.702788558051 2.71349905803
12ef12ef- -6.79848653658 -0.717961620715 2.73779015457
12ef12ef-12ef -6.31558700229 -1.06241768724 2.13328222222
12ef12ef-12ef-12ef -6.02493096044 -1.24319516772 1.79453954764
12ef12ef-12ef-12ef- -6.05267011923 -1.2588130927 1.87141167789
12ef12ef-12ef12ef -6.08049584586 -1.28221932161 1.87388576464
12ef12ef-12ef12ef- -6.08438238026 -1.29650578101 1.84459867497
12ef12ef12ef -6.36408432268 -1.07430741332 2.19471006604
12ef12ef12ef-12ef -6.07392359819 -1.27968425869 1.85616084131
12ef12ef12ef-12ef- -6.08798497892 -1.29398142071 1.88541105192
12ef12ef12ef12ef -6.10840370865 -1.27257625362 1.89198164543
12ef12ef12ef12ef- -6.10492890681 -1.28960852051 1.83655143932
12ei -7.81323673849 0.351998020675 4.01256264997
12ei12ei -6.61825459474 -0.527460509657 2.66241588711
12ei12ei- -6.57276783403 -0.480487864624 2.74658186029
12ei12ei-12ei -6.11537122742 -0.856973814146 2.11601003778
12ei12ei-12ei-12ei -5.83536105545 -1.05804202482 1.73522351601
12ei12ei-12ei-12ei- -5.86943911416 -1.05291029735 1.84609109231
12ei12ei-12ei12ei -5.87275744559 -1.07104682704 1.85014674556
12ei12ei-12ei12ei- -5.86392246931 -1.06739158864 1.81679376745
12ei12ei12ei -6.12513488843 -0.86811702503 2.15588487559
12ei12ei12ei-12ei -5.83877404115 -1.04569126442 1.83647119253
12ei12ei12ei-12ei- -5.8451020762 -1.04816410118 1.86950349082
12ei12ei12ei12ei -5.84236007506 -1.03990386232 1.85545613274
12ei12ei12ei12ei- -5.81422845561 -1.0222414653 1.81090063155
12el -7.9491751287 0.212624930167 3.10094375187
12el12el -6.72215482393 -0.618531711326 2.72363518148
12el12el- -6.63223527389 -0.559556543922 2.73985023833
12el12el-12el -6.24260439252 -1.00484277381 2.10936574209
12el12el-12el-12el -5.03268003765 -0.601592324408 0.962728690552
12el12el-12el-12el- -4.61752093428 0.108187147241 0.924293131245
12el12el-12el12el -5.98548552204 -1.21749403095 1.83474406679
12el12el-12el12el- -5.19494011463 -1.23120577313 0.3044363518
12el12el12el -6.2161683093 -0.960252906822 2.19361944666
12el12el12el-12el -5.94981277198 -1.17720424343 1.84211413978
12el12el12el-12el- -4.85192758994 -0.519111213417 0.955120500816
12el12el12el12el -5.92634167424 -1.13334269409 1.88524805281
12el12el12el12el- -5.87376254688 -1.09940355551 1.8260845181
12fa -8.04059126745 0.596066923919 4.39978830272
12fa12fa -6.82402365078 -0.335781862777 3.01544578644
12fa12fa- -6.88481347359 -0.398365475874 3.00718731641
12fa12fa-12fa -6.33618204244 -0.751667844475 2.40209314422
12fa12fa-12fa-12fa -6.08333363016 -0.979129766181 2.05748624458
12fa12fa-12fa-12fa- -6.13136843367 -1.03609348894 2.07145456166
12fa12fa-12fa12fa -6.0203295 -0.95551282109 2.09122712216
12fa12fa-12fa12fa- -6.10146543331 -1.03106741574 2.07864192657
12fa12fa12fa -6.2790709591 -0.697339844044 2.42075118517
12fa12fa12fa-12fa -6.04411045856 -0.963076101052 2.08417841848
12fa12fa12fa-12fa- -6.09879442887 -1.02248306792 2.09043225017
12fa12fa12fa12fa -5.96000029265 -0.874162305717 2.07986200416
12fa12fa12fa12fa- -6.04164571659 -0.947841518434 2.05760223536
12fe -7.96655802493 0.182114397321 4.03265620949
12fe12fe -6.76374185303 -0.662554786588 2.73573179446
12fe12fe- -6.79846541921 -0.717961251388 2.73774138525
12fe12fe-12fe -6.29038872428 -1.03539334309 2.14205839451
12fe12fe-12fe-12fe -6.05718248398 -1.24807402452 1.80328028853
12fe12fe-12fe-12fe- -6.10502384872 -1.2895243564 1.83670211761
12fe12fe-12fe12fe -6.00327038683 -1.2211525853 1.86165961285
12fe12fe-12fe12fe- -6.08439299261 -1.29645816122 1.84473771419
12fe12fe12fe -6.2664996641 -1.01188015096 2.20203180654
12fe12fe12fe-12fe -6.04315244244 -1.25257399085 1.87341165637
12fe12fe12fe-12fe- -6.08802208776 -1.29394042681 1.88556941306
12fe12fe12fe12fe -5.98322174464 -1.19125429153 1.89325851208
12fe12fe12fe12fe- -6.05265906661 -1.25877920311 1.87161038888
12ff -7.99228147348 0.600265431765 4.37061441454
12ff12ff -6.73008662242 -0.320678689743 2.93470939693
12ff12ff- -6.78948661376 -0.41051278512 2.92020966141
12ff12ff-12ff -6.21167765819 -0.705067917855 2.31236040184
12ff12ff-12ff-12ff -5.93137671808 -0.894775028314 1.96492243253
12ff12ff-12ff-12ff- -5.99648448386 -0.954941004237 1.9807867163
12ff12ff-12ff12ff -5.91193486369 -0.882594314128 2.00603463096
12ff12ff-12ff12ff- -6.00577881688 -0.98075284412 1.99208025446
12ff12ff12ff -6.20366611852 -0.676530867994 2.34580556859
12ff12ff12ff-12ff -5.95392161937 -0.924806325902 1.99977833055
12ff12ff12ff-12ff- -6.02054841235 -0.989690567047 2.00630258362
12ff12ff12ff12ff -5.90207351687 -0.850623010157 2.00322274987
12ff12ff12ff12ff- -5.99642078451 -0.954961512975 1.98081408111
12fi -7.84185657289 0.758204227264 4.37207863258
12fi12fi -6.51633744963 -0.102210762442 2.93595157551
12fi12fi- -6.55112659365 -0.160391853437 2.92795763774
12fi12fi-12fi -5.9906641263 -0.476223948598 2.31680906528
12fi12fi-12fi-12fi -5.71902712142 -0.67319873673 1.9668578537
12fi12fi-12fi-12fi- -5.75566496225 -0.708482281771 1.980007979
12fi12fi-12fi12fi -5.6759851595 -0.646490423744 2.00462955793
12fi12fi-12fi12fi- -5.75613448873 -0.726307445365 1.99274536007
12fi12fi12fi -5.94492128044 -0.41419437887 2.34743151933
12fi12fi12fi-12fi -5.6890522719 -0.6538966258 2.00412089125
12fi12fi12fi-12fi- -5.73374848605 -0.697462921818 2.00951252526
12fi12fi12fi12fi -5.60704388811 -0.55225401317 2.00575965258
12fi12fi12fi12fi- -5.68215599456 -0.633675394753 1.9841537891
12fl -7.88114253831 0.703717727284 4.36752431373
12fl12fl -6.51772247693 -0.118570161884 2.93499049073
12fl12fl- -6.59702232136 -0.214958272167 2.92710199591
12fl12fl-12fl -6.06349379743 -0.57498917304 2.2839190684
12fl12fl-12fl-12fl -5.80547003745 -0.763373232066 1.74997910992
12fl12fl-12fl-12fl- -5.82418205145 -0.75736811379 1.73987872909
12fl12fl-12fl12fl -5.71915024565 -0.720756135624 1.96645266212
12fl12fl-12fl12fl- -5.811389318 -0.8072957616 1.95240534889
12fl12fl12fl -5.93013293587 -0.413275983038 2.34449266533
12fl12fl12fl-12fl -5.73317644773 -0.717769082309 1.98650682381
12fl12fl12fl-12fl- -5.76116910083 -0.722624081423 1.78850337783
12fl12fl12fl12fl -5.58043965308 -0.539645323736 2.00048458228
12fl12fl12fl12fl- -5.66957289388 -0.633891467197 1.97932723342
12ia -7.91923004645 0.760332142193 4.42661229256
12ia12ia -6.6856355407 -0.153434470496 3.03534780529
12ia12ia- -6.65513525268 -0.144121190412 3.02564787496
12ia12ia-12ia -6.1488465004 -0.532642010349 2.40904906904
12ia12ia-12ia-12ia -5.86098683048 -0.721166863194 2.06717435558
12ia12ia-12ia-12ia- -5.81397697501 -0.688426800919 2.08742627759
12ia12ia-12ia12ia -5.84181116655 -0.729090330919 2.10107485631
12ia12ia-12ia12ia- -5.86711581455 -0.74970956403 2.08892315113
12ia12ia12ia -6.13341782847 -0.493214794617 2.44423482397
12ia12ia12ia-12ia -5.85905282756 -0.726825660163 2.09776297104
12ia12ia12ia-12ia- -5.83272339306 -0.705915967498 2.10980025949
12ia12ia12ia12ia -5.80743875062 -0.651716213278 2.10341438363
12ia12ia12ia12ia- -5.84636287037 -0.680783047494 2.07999193594
12ie -7.81304348661 0.351541628971 4.01262890484
12ie12ie -6.61835594996 -0.527473951787 2.66253816799
12ie12ie- -6.57279233817 -0.480547742057 2.7465202637
12ie12ie-12ie -6.11547623358 -0.856962951175 2.11608718628
12ie12ie-12ie-12ie -5.8355028785 -1.05800900898 1.7354058724
12ie12ie-12ie-12ie- -5.81438773875 -1.02223503673 1.81107827906
12ie12ie-12ie12ie -5.83892348445 -1.04568275982 1.83663220455
12ie12ie-12ie12ie- -5.86405694061 -1.06736680122 1.81695502358
12ie12ie12ie -6.12531088265 -0.868074043898 2.15609967049
12ie12ie12ie-12ie -5.87291612642 -1.07100281161 1.85036509973
12ie12ie12ie-12ie- -5.84526357576 -1.04814446624 1.86970512257
12ie12ie12ie12ie -5.84257909052 -1.03985330668 1.85575621098
12ie12ie12ie12ie- -5.86962283904 -1.05283409107 1.84637414416
12if -7.84685699761 0.758572605417 4.37323960584
12if12if -6.55969996142 -0.142527423844 2.91985276607
12if12if- -6.55117263406 -0.160466900004 2.92793096531
12if12if-12if -6.01488326421 -0.50177892568 2.30935815354
12if12if-12if-12if -5.70118765543 -0.664749626962 1.96151441171
12if12if-12if-12if- -5.68229126418 -0.633754876886 1.98411546328
12if12if-12if12if -5.71276150961 -0.676475436778 2.0041260406
12if12if-12if12if- -5.75623806798 -0.726362693729 1.99272270824
12if12if12if -6.01794998353 -0.48067048378 2.33820382605
12if12if12if-12if -5.74220394606 -0.709193801772 1.99889855843
12if12if12if-12if- -5.73385545846 -0.69754254568 2.00949766747
12if12if12if12if -5.70305585661 -0.639865300312 2.00009989943
12if12if12if12if- -5.75575367065 -0.708568954515 1.98002232236
12ii -7.69203916099 0.909921288966 4.36714555496
12ii12ii -6.33009561863 0.0479468620554 2.86152631851
12ii12ii- -6.31217662897 0.0819128248104 2.93083348197
12ii12ii-12ii -5.79063984779 -0.284588575127 2.29706791514
12ii12ii-12ii-12ii -5.4826950137 -0.465488088918 1.92969446853
12ii12ii-12ii-12ii- -5.43396135073 -0.420148318111 1.94098912933
12ii12ii-12ii12ii -5.47353519103 -0.459777840244 1.9766511305
12ii12ii-12ii12ii- -5.5028419857 -0.48370682198 1.97304227035
12ii12ii12ii -5.74578561003 -0.253939413368 2.28454444891
12ii12ii12ii-12ii -5.47355023415 -0.459761823169 1.97667281433
12ii12ii12ii-12ii- -5.44207915531 -0.435303400502 1.97964889679
12ii12ii12ii12ii -5.39658356403 -0.382257794853 1.94909888752
12ii12ii12ii12ii- -5.43399280212 -0.42010672835 1.94102601456
12il -7.78729796318 0.814498197166 4.37220848462
12il12il -6.43049068428 -0.017608013488 2.9311745702
12il12il- -6.38043178789 0.0138640492609 2.93562187508
12il12il-12il -5.91655146024 -0.417336079116 2.28496504687
12il12il-12il-12il -4.54567524861 -0.448904635134 0.833559321905
12il12il-12il-12il- -4.26307096517 -0.238720240691 0.694279363598
12il12il-12il12il -5.59310869623 -0.579378695152 1.9688940903
12il12il-12il12il- -5.60055836902 -0.588042402793 1.95586787673
12il12il12il -5.84257259257 -0.311198758513 2.34369121745
12il12il12il-12il -5.5878486379 -0.563638635345 1.98896797132
12il12il12il-12il- -4.43279747287 -0.343080981019 0.838105091859
12il12il12il12il -5.49174802109 -0.434865621948 2.00287438521
12il12il12il12il- -5.50299520342 -0.460959785147 1.97912249081
12la -8.01612747891 0.662114143939 4.43454763802
12la12la -6.71885718066 -0.289466373189 2.86731421698
12la12la- -6.70327540219 -0.222091468081 3.0123709206
12la12la-12la -6.26107111896 -0.737381447036 2.31902491029
12la12la-12la-12la -5.92973825109 -0.908208367972 1.99197233395
12la12la-12la-12la- -5.82324669426 -0.777172431203 2.05226136153
12la12la-12la12la -5.94672718758 -0.943232858856 2.00914992675
12la12la-12la12la- -5.93133368338 -0.899566804983 2.02589521304
12la12la12la -6.17107211461 -0.651692169273 2.30195948337
12la12la12la-12la -5.93382208919 -0.928077912628 2.00821747765
12la12la12la-12la- -5.83424770059 -0.799262574918 2.05330536339
12la12la12la12la -5.85215748567 -0.831272109842 1.97822896238
12la12la12la12la- -5.84319785678 -0.790503037299 1.98573535987
12le -7.88629975092 0.289421586915 4.00089533624
12le12le -5.1411107001 0.323015175321 0.940112157514
12le12le- -6.63217286893 -0.559569193994 2.73979666287
12le12le-12le -5.31780124068 -1.07980208915 0.298901562092
12le12le-12le-12le -5.10014285316 -1.28411285145 0.340904477159
12le12le-12le-12le- -5.87372524176 -1.09939719492 1.82616595899
12le12le-12le12le -5.21012853983 -0.967361220085 0.326095490786
12le12le-12le12le- -5.19479399899 -1.23117407783 0.305078893588
12le12le12le -4.76908526458 0.325014125472 0.917608398332
12le12le12le-12le -4.83404634991 -0.679673095872 0.326654263799
12le12le12le-12le- -4.85104969503 -0.519292692645 0.953438486576
12le12le12le12le -4.48864133624 0.37256151011 0.918406959322
12le12le12le12le- -4.61672820572 0.108019954106 0.92278885717
12lf -7.94874533168 0.658435429201 4.37941791514
12lf12lf -6.42600110375 -0.234253575869 1.84920556156
12lf12lf- -6.59697216998 -0.21496204142 2.92708371806
12lf12lf-12lf -6.11667424507 -0.641611066443 2.2460311216
12lf12lf-12lf-12lf -5.76190929283 -0.75704076325 1.91932764389
12lf12lf-12lf-12lf- -5.66956277467 -0.633920560026 1.97924621239
12lf12lf-12lf12lf -5.81669381 -0.804969755297 1.80083185063
12lf12lf-12lf12lf- -5.81136333784 -0.80732081338 1.95235986712
12lf12lf12lf -6.11849289131 -0.576112667417 1.7868372707
12lf12lf12lf-12lf -5.84433949741 -0.829445801458 1.76809674351
12lf12lf12lf-12lf- -5.76120668893 -0.722635197558 1.79002756746
12lf12lf12lf12lf -5.81740557227 -0.742280527509 1.78286052748
12lf12lf12lf12lf- -5.82424780141 -0.757322757667 1.74132042563
12li -7.79507213479 0.820347598797 4.37978182842
12li12li -4.59353814161 0.0897494432568 0.864666887563
12li12li- -6.38034975574 0.013921508353 2.93563343897
12li12li-12li -5.92956950935 -0.445350927039 2.25026401892
12li12li-12li-12li -5.60035601548 -0.581571927947 1.92324336314
12li12li-12li-12li- -5.50282305962 -0.460976142818 1.97905913543
12li12li-12li12li -4.60493996828 -0.492925851121 0.828909131278
12li12li-12li12li- -5.60045642926 -0.588004759759 1.95585807445
12li12li12li -4.30539819053 -0.112243471626 0.696501876819
12li12li12li-12li -4.52668747395 -0.455411649247 0.838405880876
12li12li12li-12li- -4.43299485715 -0.343726892216 0.837214394482
12li12li12li12li -4.14972542519 -0.170442901328 0.645118799498
12li12li12li12li- -4.26427698496 -0.239713552968 0.693624877154
12ll -7.88694503985 0.701777915412 4.3649155832
12ll12ll -6.69160583734 -0.268031897566 2.87392941202
12ll12ll- -6.43641927066 -0.0637189746619 2.92470970778
12ll12ll-12ll -6.07818899447 -0.618474277951 2.23035119622
12ll12ll-12ll-12ll -5.84590770403 -0.822070124787 1.9093408733
12ll12ll-12ll-12ll- -5.77171060057 -0.704581546808 1.96196138799
12ll12ll-12ll12ll -5.83180661377 -0.840618808509 1.92502065303
12ll12ll-12ll12ll- -5.71487495134 -0.730818020865 1.92564722775
12ll12ll12ll -6.18419156032 -0.630243905601 2.3070179908
12ll12ll12ll-12ll -5.82632497747 -0.823422435404 1.95423481045
12ll12ll12ll-12ll- -5.75809449298 -0.715830484404 2.00224316003
12ll12ll12ll12ll -5.89466367805 -0.807309389788 1.97914533937
12ll12ll12ll12ll- -5.77203070215 -0.70457621931 1.96203987465
2 -9.95789505337 1.23592013492 6.54967548948
22 -8.22457496864 0.0221532109909 4.87313552745
22- -8.22947120751 0.0359913922327 4.57239683049
22-2 -7.37638160561 -0.605896917059 3.5176095451
22-2- -7.3731749091 -0.60713012131 3.64232089714
22-2-2 -6.85093750555 -1.01530636169 3.00107182201
22-2-2- -6.8379663318 -1.02524518462 3.08050591761
22-22 -6.84949470305 -1.0208436583 2.96742072946
22-22- -6.85195782795 -1.01875012476 2.90780728097
222 -7.35696014716 -0.622887582913 3.82308231979
222- -7.37343385582 -0.607234778487 3.64224348186
222-2 -6.84969724665 -1.02092152766 2.96738917577
222-2- -6.84952695767 -1.01883201922 3.02179741007
2222 -6.82353681915 -1.03806413978 3.18225952066
2222- -6.83828617008 -1.02538752326 3.08042367488
4aa -9.0227717421 0.690198031886 4.69040847284
4aa4aa -7.65173766905 -0.135719876426 3.84969295341
4aa4aa- -7.64871246943 -0.132535860724 3.84504321336
4aa4aa-4aa -7.09167497995 -0.494224657307 3.24495911349
4aa4aa-4aa-4aa -6.80418251443 -0.683811801439 2.93861980439
4aa4aa-4aa-4aa- -6.80608170352 -0.685788746011 2.939003935
4aa4aa-4aa4aa -6.8040579851 -0.683712887904 2.93803351624
4aa4aa-4aa4aa- -6.80216220635 -0.681753409239 2.93768387891
4aa4aa4aa -7.09615667693 -0.498885248896 3.24764824401
4aa4aa4aa-4aa -6.80363432533 -0.683271194366 2.93805751137
4aa4aa4aa-4aa- -6.80553002661 -0.68522703332 2.93840584069
4aa4aa4aa4aa -6.80754689119 -0.68731540078 2.93940332791
4aa4aa4aa4aa- -6.8056446142 -0.685339979142 2.93901332614
4ae -8.15165488526 0.194281800171 3.93553169396
4ae4ae -6.26217543107 -0.349580044136 0.882519709531
4ae4ae- -5.82081885111 -0.424083396567 0.484915993282
4ae4ae-4ae -5.4853619688 -0.602825544866 0.482866674336
4ae4ae-4ae-4ae -5.45907412903 -0.749535122401 0.476786069803
4ae4ae-4ae-4ae- -5.82749008197 -0.738204179225 0.468621295136
4ae4ae-4ae4ae -5.53074804973 -0.715809515938 0.490062648819
4ae4ae-4ae4ae- -5.31014946708 -0.736058777271 0.496383064266
4ae4ae4ae -6.05708955558 -0.647496595278 0.888848699666
4ae4ae4ae-4ae -5.39877835393 -0.795137662107 0.513651341747
4ae4ae4ae-4ae- -5.6894589289 -0.787722043322 0.489972050887
4ae4ae4ae4ae -5.9510719908 -0.812903864893 0.895169759742
4ae4ae4ae4ae- -5.56281478767 -0.82324394575 0.526569349407
4af -8.42015232858 0.725327523245 4.45897352846
4af4af -7.46937256812 -0.0691602019216 3.73755291021
4af4af- -7.41842786977 -0.0316744054526 3.7110031401
4af4af-4af -6.8888295216 -0.377883131728 3.12809284857
4af4af-4af-4af -6.63493332405 -0.58209822285 2.83350556454
4af4af-4af-4af- -6.62518656185 -0.577502402373 2.83261033458
4af4af-4af4af -6.63730465362 -0.581845884065 2.85476699201
4af4af-4af4af- -6.60199922798 -0.555035901121 2.8492346656
4af4af4af -6.91186875026 -0.402545601197 3.18049142137
4af4af4af-4af -6.57362946153 -0.535714808658 2.86441741215
4af4af4af-4af- -6.56575363442 -0.528653204452 2.86480963283
4af4af4af4af -6.60950962964 -0.575330308084 2.88876902447
4af4af4af4af- -6.57298696137 -0.549866431432 2.88130122826
4ai -8.33418209521 0.86249332195 4.46698197446
4ai4ai -7.20623625766 0.0925572051948 2.97900412259
4ai4ai- -6.77390435739 0.146073921447 2.6264642287
4ai4ai-4ai -6.59066977089 -0.14300369379 2.53764547401
4ai4ai-4ai-4ai -6.45528346438 -0.314365058138 2.51797979689
4ai4ai-4ai-4ai- -6.50438084911 -0.331546190824 2.52283819845
4ai4ai-4ai4ai -6.44347022035 -0.304417540462 2.48701330602
4ai4ai-4ai4ai- -6.40058808159 -0.287717250078 2.49584316088
4ai4ai4ai -6.8513195917 -0.216032580418 2.80088312578
4ai4ai4ai-4ai -6.4476945704 -0.328642061228 2.50415081761
4ai4ai4ai-4ai- -6.5032505216 -0.34515253595 2.49757685903
4ai4ai4ai4ai -6.55806478141 -0.373280277127 2.73679356902
4ai4ai4ai4ai- -6.51463133091 -0.355841735576 2.58977185432
4al -8.35425379791 0.805868976163 4.46489095068
4ea -8.14357703951 0.177842815731 3.9391885283
4ea4ea -6.97272884505 -0.357636413041 1.58904727478
4ea4ea- -6.38484772707 -0.38874948555 1.06898399083
4ea4ea-4ea -6.11369035743 -0.587072778304 1.05904835749
4ea4ea-4ea-4ea -6.10399305197 -0.7535683022 1.05220698378
4ea4ea-4ea-4ea- -6.19101807023 -0.836632069961 1.09595217969
4ea4ea-4ea4ea -6.05018519291 -0.80063541424 1.07763467599
4ea4ea-4ea4ea- -5.97543800301 -0.71897220018 1.06900685458
4ea4ea4ea -6.79391089665 -0.663373978365 1.58173431006
4ea4ea4ea-4ea -6.13242021164 -0.710438578033 1.0631732939
4ea4ea4ea-4ea- -6.27065334858 -0.800094245496 1.05939453031
4ea4ea4ea4ea -6.70457483791 -0.830441124915 1.58118700139
4ea4ea4ea4ea- -6.42492928361 -0.748387559665 1.04607653061
4ee -7.69472386146 -0.171534193105 3.8089280324
4ee4ee -6.25086259026 -0.567464087426 0.908458146301
4ee4ee4ee -6.08874917755 -0.795654673132 0.898095824527
4ee4ee4ee4ee -6.0064719385 -0.919558288177 0.894662842798
4ef -7.78686782438 0.273928031164 3.97344073116
4ef4ef -6.89549219945 -0.249017179493 1.69465893763
4ef4ef- -4.82113688614 -0.0200191739324 1.61811625615
4ef4ef-4ef -4.46227909587 -0.321576026735 1.42123525398
4ef4ef-4ef-4ef -4.69213804032 -0.463238751572 1.46107106591
4ef4ef-4ef-4ef- -4.60298411875 -0.494018536352 1.40239742316
4ef4ef-4ef4ef- -4.08588370706 -0.448358112744 1.31645315827
4ef4ef4ef -6.72559804284 -0.519467030518 1.68030587214
4ef4ef4ef-4ef -4.47843936758 -0.571524432561 1.37362312231
4ef4ef4ef-4ef- -4.67311432737 -0.405187014182 1.40712803572
4ef4ef4ef4ef -6.54364081453 -0.65810341229 1.67363692088
4ef4ef4ef4ef- -4.77374433643 -0.489094047383 1.54177652713
4ei -7.6916394078 0.374505461925 3.97692420148
4ei4ei -6.72305584441 -0.108870038054 1.66229595869
4ei4ei- -5.26615681852 0.012082582957 1.81804009712
4ei4ei-4ei -4.89535451549 -0.218663336342 1.69028366663
4ei4ei-4ei-4ei -5.12458786087 -0.389453275973 1.54739786635
4ei4ei-4ei-4ei- -5.06670732084 -0.383149854461 1.57719770594
4ei4ei-4ei4ei -4.7925817925 -0.316504420684 1.53863254653
4ei4ei-4ei4ei- -4.74819086685 -0.348489250454 1.61941223593
4ei4ei4ei -6.52292346917 -0.360048692847 1.65586988254
4ei4ei4ei-4ei -4.92480335448 -0.46632966722 1.6405922838
4ei4ei4ei-4ei- -5.15627868583 -0.439254819101 1.56526058173
4ei4ei4ei4ei -6.41150112374 -0.493295032275 1.65561625578
4ei4ei4ei4ei- -5.28373826797 -0.505365046534 1.64030332031
4el -7.72975938574 0.336041316857 3.97132319197
4fa -8.415103195 0.718527071538 4.45620616745
4fa4fa -7.47528160701 -0.0779099159342 3.72857187747
4fa4fa- -7.51511651164 -0.129420664865 3.61061231098
4fa4fa-4fa -6.88591303182 -0.379808055229 3.1262838423
4fa4fa-4fa-4fa -6.63488956265 -0.58512515107 2.8353205484
4fa4fa-4fa-4fa- -6.77103608481 -0.717836762199 2.82426438778
4fa4fa-4fa4fa -6.58146673253 -0.548407972663 2.86006209694
4fa4fa-4fa4fa- -6.65780600931 -0.617664213241 2.84995200498
4fa4fa4fa -6.92262385744 -0.413198129629 3.17525002738
4fa4fa4fa-4fa -6.63038405114 -0.579548115271 2.85274860654
4fa4fa4fa-4fa- -6.76745489443 -0.712913342557 2.83863212631
4fa4fa4fa4fa -6.62395737933 -0.586419692373 2.88449601968
4fa4fa4fa4fa- -6.70055889206 -0.656406027836 2.87187595206
4fe -7.79129862162 0.288429532661 3.97067119474
4fe4fe -6.20194045558 -0.235035304284 0.991068044173
4fe4fe- -5.18277300683 -0.230389005985 1.76895798663
4fe4fe-4fe -4.44792334991 -0.328152441486 1.35312026159
4fe4fe-4fe-4fe -4.66017718619 -0.451021115618 0.770002016531
4fe4fe-4fe-4fe- -5.37093380453 -0.814286494212 0.902601215436
4fe4fe-4fe4fe -4.48084131542 -0.58573490043 0.923610400009
4fe4fe-4fe4fe- -4.24784214037 -0.62735598081 1.16002511412
4fe4fe4fe -6.01745365621 -0.495132115389 0.99247450555
4fe4fe4fe-4fe -4.36629895873 -0.315865149316 0.856303652335
4fe4fe4fe-4fe- -5.1874855084 -0.665205450207 0.886970083054
4fe4fe4fe4fe -5.92959287792 -0.628816668469 0.995503379432
4fe4fe4fe4fe- -5.00223583665 -0.533254445014 0.892582664432
4ff -7.93953499319 0.664320015485 4.16858076889
4ff4ff -7.22360968362 -0.00651085493839 3.54519645496
4ff4ff- -4.862069721 -0.182231336395 0.555080805798
4ff4ff-4ff -4.76964714773 -0.519404448028 0.49581655976
4ff4ff-4ff-4ff -4.84977623651 -0.716267666681 0.547211940011
4ff4ff-4ff-4ff- -4.91056228003 -0.752159764806 0.549204147888
4ff4ff-4ff4ff -4.72842425328 -0.641954724803 0.491597642139
4ff4ff-4ff4ff- -4.79595053883 -0.759573617187 0.447816815873
4ff4ff4ff -6.7099766536 -0.299042199146 3.06437261884
4ff4ff4ff-4ff -4.66486201471 -0.625860977697 0.419778484909
4ff4ff4ff-4ff- -4.79390200455 -0.659528280418 0.478406992215
4ff4ff4ff4ff -6.41503696587 -0.444350919086 2.79334748367
4ff4ff4ff4ff- -4.69486791956 -0.5596316703 0.481968495075
4fi -7.84282970849 0.799711981454 4.17993552447
4fi4fi -7.04528142247 0.14387308453 2.94428761067
4fi4fi- -4.06727660079 0.32297099819 0.718020755555
4fi4fi-4fi -2.97326198245 0.144505321687 0.223619190674
4fi4fi-4fi-4fi -3.57699609635 0.13511995816 0.695635245811
4fi4fi-4fi-4fi- -4.2374825442 -0.178182970764 0.701621482044
4fi4fi-4fi4fi -2.99269530569 0.0451977383713 0.197071744467
4fi4fi-4fi4fi- None None None
4fi4fi4fi -6.61412633268 -0.135445103166 2.78389664312
4fi4fi4fi-4fi -3.23533634426 0.114360375796 0.560321451087
4fi4fi4fi-4fi- -4.2374714897 -0.181624556473 0.695234954036
4fi4fi4fi4fi -6.33296275886 -0.276045857047 2.71042196472
4fi4fi4fi4fi- -4.14747621672 -0.0696955124692 0.702731661343
4fl -7.87850256209 0.745668269864 4.18007080586
4ia -8.32664336756 0.861223980763 4.46503617447
4ia4ia -7.37931104886 0.0907363176275 3.61999859802
4ia4ia- -7.10607524211 0.156646984928 2.9496449738
4ia4ia-4ia -6.71123939188 -0.129394395199 2.84267909064
4ia4ia-4ia-4ia -6.4504579349 -0.308590104544 2.83597319541
4ia4ia-4ia-4ia- -6.51392950088 -0.366115900591 2.93290463482
4ia4ia-4ia4ia -6.45464257508 -0.331324625705 2.82420627781
4ia4ia-4ia4ia- -6.38991597065 -0.273135489307 2.79841911044
4ia4ia4ia -6.8374467649 -0.223106425923 3.22974626781
4ia4ia4ia-4ia -6.42318331762 -0.289247761204 2.7929807998
4ia4ia4ia-4ia- -6.48932758209 -0.347225296173 2.82371646481
4ia4ia4ia4ia -6.54423624882 -0.383095796245 2.95713882742
4ia4ia4ia4ia- -6.4809356879 -0.325537280715 2.83859854935
4ie -7.69455799439 0.390456181334 3.97378701259
4ie4ie -6.03861348937 -0.0965401185342 0.953990706276
4ie4ie- -5.21522608554 0.0917944805039 1.74092776599
4ie4ie-4ie -4.72272365797 -0.148777248699 1.60951606371
4ie4ie-4ie-4ie -5.01265341033 -0.291309130486 0.889372936496
4ie4ie-4ie-4ie- -5.29527440114 -0.44424283132 0.979334179878
4ie4ie-4ie4ie -4.77849128063 -0.395746332352 0.978492345354
4ie4ie-4ie4ie- -4.51887855501 -0.28339095593 1.48103959691
4ie4ie4ie -5.82180747645 -0.343723336974 0.960455756701
4ie4ie4ie-4ie -4.59497128303 -0.240527195302 0.840531418084
4ie4ie4ie-4ie- -5.11020019497 -0.362864371335 0.868448586512
4ie4ie4ie4ie -5.7106532212 -0.477398803696 0.96425183369
4ie4ie4ie4ie- -4.95630778052 -0.331804223155 0.889759230066
4if -7.84138435037 0.80533702919 4.18200869816
4if4if -7.10121760069 0.151813229606 3.4815676263
4if4if- -3.67915718079 0.0615922027069 0.1316744973
4if4if-4if -3.09978308739 0.332073579108 0.532836325994
4if4if-4if-4if -3.55828736639 0.179254888311 0.745291074672
4if4if-4if-4if- -3.92531093837 -0.114663891639 0.756220063192
4if4if-4if4if -3.2142804962 0.172559405548 0.54484887255
4if4if-4if4if- -2.81820552653 0.270379532143 0.279759907556
4if4if4if -6.60307332508 -0.130524474888 3.08596734471
4if4if4if-4if -3.1188294326 0.147318548272 0.536566020745
4if4if4if-4if- -3.9213089721 -0.0577715798751 0.76549237177
4if4if4if4if -6.31112407107 -0.273187479336 2.83877586961
4if4if4if4if- -3.64328969158 -0.217604516977 0.0291195829313
4ii -7.74686211451 0.938155651581 4.19228380777
4ii4ii -6.88731831523 0.300432582119 2.94046738399
4ii4ii4ii -6.49409062048 0.031930805017 2.79349904553
4ii4ii4ii4ii -6.22731853082 -0.102210206926 2.72719781268
4il -7.78113294942 0.883363776727 4.1918259523
4la -8.35073059377 0.794061904297 4.46072468195
4la4la- -7.32859231025 0.0576359536142 3.70774931141
4la4la-4la-4la- -6.47557265152 -0.466024073419 2.86477593063
4le -7.73820536327 0.345059991053 3.97026662082
4le4le- -4.53741853439 0.256566476961 1.42378029092
4le4le-4le-4le- -4.55121568221 -0.273106657958 0.988201936399
4lf -7.88296621864 0.739386625634 4.17926202516
4lf4lf- -5.66658149726 -0.0317832978772 1.64419810034
4lf4lf-4lf-4lf- -5.41400386777 -0.478354031514 1.55296615903
4li -7.7866423689 0.871305176823 4.18896753373
4li4li- -3.88213414369 0.312718110721 0.763176990659
4li4li-4li-4li- -3.78719320177 -0.0103727176519 0.758839767119
4ll -7.81823983278 0.817371394731 4.18741554411
