12dd -7.75061846441 -1.47839448503 5.7107
12dd12dd -7.40340120638 -3.05094035821 4.1022
12dd12dd- -7.45238169732 -3.10291410138 4.1283
12dd12dd-12dd -7.34788998331 -3.51407811149 3.5016
12dd12dd-12dd-12dd -7.3372775436 -3.72088462881 3.2008
12dd12dd-12dd-12dd- -7.43932023307 -3.81558024464 3.2359
12dd12dd-12dd12dd- -7.30380754146 -3.75408251712 3.1741
12dd12dd-4dd12dd -7.42789145185 -3.79027365765 3.2296
12dd12dd12dd -7.60258853622 -3.3576126543 3.8448
12dd12dd12dd-12dd -7.27686827144 -3.88306447661 3.0543
12dd12dd12dd-12dd- -7.33401217754 -3.91163642966 3.0964
12dd12dd12dd12dd -7.65592284859 -3.67843486999 3.5388
12dd12dd12dd12dd- -7.43932023307 -3.81558024464 3.2358
12dh -6.01045046666 -0.646814594316 4.7288
12dh12dh -5.59329995211 -1.44247545834 3.7732
12dh12dh- -5.52363880944 -1.48002716806 3.7360
12dh12dh-12dh -5.21043578122 -1.81772044175 3.0756
12dh12dh-12dh-12dh -5.10621618105 -2.01663565775 2.7245
12dh12dh-12dh-12dh- -5.24118464498 -2.10153517539 2.7942
12dh12dh-12dh12dh- -5.05260975484 -2.00411842118 2.7190
12dh12dh-4dh12dh -5.33996196839 -1.98044451722 2.9900
12dh12dh12dh -5.38322806873 -1.82316271852 3.2107
12dh12dh12dh-12dh -5.06458276374 -1.99867614441 2.7468
12dh12dh12dh-12dh- -5.1919320402 -2.06670460405 2.8093
12dh12dh12dh12dh -5.28689976987 -2.03677208181 2.8859
12dh12dh12dh12dh- -5.09369894447 -1.97092053287 2.7801
12hd -6.01045046666 -0.646814594316 4.7288
12hd12hd -5.59329995211 -1.44247545834 3.7732
12hd12hd- -5.52363880944 -1.47975505422 3.7360
12hd12hd-12hd -5.21043578122 -1.81772044175 3.0755
12hd12hd-12hd-12hd -5.10621618105 -2.01663565775 2.7246
12hd12hd-12hd-12hd- -5.09369894447 -1.97092053287 2.7801
12hd12hd-12hd12hd- -5.05260975484 -2.00411842118 2.7190
12hd12hd-4hd12hd -5.46105262656 -2.14969932482 2.9260
12hd12hd12hd -5.38322806873 -1.82316271852 3.2107
12hd12hd12hd-12hd -5.1693465916 -2.06398346567 2.7841
12hd12hd12hd-12hd- -5.19220415404 -2.06643249021 2.8094
12hd12hd12hd12hd -5.28689976987 -2.03677208181 2.8859
12hd12hd12hd12hd- -5.24091253115 -2.10153517539 2.7938
12hh -5.23873562044 1.18287885633 5.7489
12hh12hh -4.4373603658 0.322454898723 4.4295
12hh12hh- -4.50756573616 0.0405449619492 4.3562
12hh12hh-12hh -3.99272635356 -0.179050905789 3.5644
12hh12hh-12hh-12hh -3.85449252356 -0.356741242385 3.1799
12hh12hh-12hh-12hh- -3.85285984052 -0.307216523762 3.2406
12hh12hh-12hh12hh- -3.90428935602 -0.467763688527 3.1522
12hh12hh-4hh12hh -4.00551570397 -0.474838648331 3.1512
12hh12hh12hh -4.04442798289 0.00816341515755 3.7428
12hh12hh12hh-12hh -3.98701196295 -0.515111496441 3.1983
12hh12hh12hh-12hh- -3.89231634712 -0.330074086203 3.2763
12hh12hh12hh12hh -3.88252024893 -0.2538822114 3.3067
12hh12hh12hh12hh- -3.85285984052 -0.307216523762 3.2405
13aa -5.51601962195 1.42696496954 6.5553
13aa13aa -4.98213227065 0.659331830891 5.2723
13aa13aa- -4.70974631823 0.344768233487 4.8619
13aa13aa-13aa -4.61205745018 0.211160338742 4.4572
13aa13aa-13aa-13aa -4.50239557323 0.0242181316341 4.1040
13aa13aa-13aa-13aa- -4.62130932069 0.105580169371 4.2745
13aa13aa-13aa13aa- -4.45940158673 0.00625861828745 4.0681
13aa13aa-4aa13aa -4.72253566864 -0.626406056422 3.7202
13aa13aa13aa -4.73396444986 0.245990910081 4.5748
13aa13aa13aa-13aa -4.54157996598 0.0481641494295 4.1722
13aa13aa13aa-13aa- -4.58811143238 0.049796832461 4.2112
13aa13aa13aa13aa -4.76226428907 0.229664079766 4.4899
13aa13aa13aa13aa- -4.5614442762 0.0119730088977 4.1472
13ad13ad -6.16120153324 -0.881920950854 4.8490
13ad13ad- -5.95031330834 -1.24165544546 4.4029
13ad13ad-13ad -5.73343857898 -1.59676400482 3.7768
13ad13ad-13ad-13ad -5.69289361703 -1.76955629232 3.4934
13ad13ad-13ad-13ad- -5.72908475757 -1.93037557092 3.3380
13ad13ad-13ad13ad- -5.62731418194 -1.81200605114 3.4289
13ad13ad-4ad13ad -5.93643550257 -2.17963184707 3.3639
13ad13ad13ad -6.04500892416 -1.39893724417 4.2284
13ad13ad13ad-13ad -5.80201126631 -1.8258838569 3.5861
13ad13ad13ad-13ad- -5.87466566121 -1.81010125427 3.6574
13ad13ad13ad13ad -6.25834617361 -1.42587651418 4.2914
13ad13ad13ad13ad- -5.93589127489 -1.80901279891 3.7199
13ae13ae -5.20227236607 -0.100954234115 4.6890
13ae13ae- -5.04308577049 -0.429123523448 4.2869
13ae13ae-13ae -4.7603594922 -0.701237362033 3.6974
13ae13ae-13ae-13ae -4.69641274014 -0.839471192034 3.4409
13ae13ae-13ae-13ae- -4.8082515278 -0.788858018058 3.5921
13ae13ae-13ae13ae- -4.61396224705 -0.859879729928 3.3690
13ae13ae-4ae13ae -4.9296142998 -1.2800234967 3.2456
13ae13ae13ae -4.96444487114 -0.517832634827 4.0530
13ae13ae13ae-13ae -4.71437225348 -0.853076883964 3.4777
13ae13ae13ae-13ae- -4.7736930703 -0.850083631739 3.5373
13ae13ae13ae13ae -5.03328967231 -0.518376862504 4.0314
13ae13ae13ae13ae- -4.80716307244 -0.821239564849 3.5909
13af13af -4.79437372203 0.6269502841 4.9200
13af13af- -4.52144354193 0.427218726578 4.7276
13af13af-13af -3.89122789176 0.213609363289 3.8656
13af13af-13af-13af -4.09721806757 -0.00244902454726 3.7134
13af13af-13af-13af- -4.1657907549 -0.0517016293311 3.7267
13af13af-13af13af- -3.66673397493 -0.0138778057678 3.3769
13af13af-4af13af -4.17912433299 -0.431028320319 3.4569
13af13af13af -4.71410013965 0.270481155553 4.4458
13af13af13af-13af -4.15572254287 -0.141771309903 3.6848
13af13af13af-13af- -4.32062352905 -0.12299545504 3.8339
13af13af13af13af -4.6926031464 0.0653073212604 4.2054
13af13af13af13af- -4.45695256218 -0.130614642521 3.9198
13ah13ah -4.36144060484 0.840015419712 4.7613
13ah13ah- -4.29314003135 0.606541746206 4.6126
13ah13ah-13ah -3.94265740726 0.311026117503 3.9451
13ah13ah-13ah-13ah -3.85639732043 0.202180582069 3.6639
13ah13ah-13ah-13ah- -3.86973089852 0.272658066262 3.7449
13ah13ah-13ah13ah- -3.72986438548 0.152655863446 3.5417
13ah13ah-4ah13ah -4.03245497399 -0.247079365435 3.4215
13ah13ah13ah -4.18456660976 0.547220929394 4.2689
13ah13ah13ah-13ah -3.90537781137 0.124628138072 3.6681
13ah13ah13ah-13ah- -3.90864317743 0.159186595572 3.6948
13ah13ah13ah13ah -4.12089197153 0.397014090495 4.0170
13ah13ah13ah13ah- -4.08007489574 0.232385218152 3.8581
13ai13ai -4.85750413258 0.758653381975 5.2136
13ai13ai- -4.77450941181 0.682189393332 5.1033
13ai13ai-13ai -4.50593305313 0.363816202188 4.4669
13ai13ai-13ai-13ai -4.4373603658 0.233201559667 4.2023
13ai13ai-13ai-13ai- -4.49069467817 0.245718796242 4.2655
13ai13ai-13ai13ai- -4.33885515624 0.162451961635 4.0760
13ai13ai-4ai13ai -4.61559493008 -0.457967590338 3.7275
13ai13ai13ai -4.69586851246 0.490621250969 4.7136
13ai13ai13ai-13ai -4.42293833236 0.189935459332 4.1681
13ai13ai13ai-13ai- -4.4683813434 0.183132613368 4.1997
13ai13ai13ai13ai -4.62403045907 0.343407664294 4.4480
13ai13ai13ai13ai- -4.57151248823 0.31537993892 4.3814
13al13al -4.19653961866 0.467763688527 4.4408
13al13al- -4.30701783712 0.530621985241 4.6150
13al13al-13al -3.81639658615 0.177418222757 3.7536
13al13al-13al-13al -3.84442431153 -0.0533343123626 3.4656
13al13al-13al-13al- -4.00415513478 0.0155104887993 3.6621
13al13al-13al13al- -6.38651179159 2.11976680258 4.3525
13al13al13al -4.04007416147 0.194833508427 3.9178
13al13al13al-13al -3.84796179143 -0.0220412209254 3.5119
13al13al13al-13al- -3.9451064318 -0.00408170757877 3.6140
13al13al13al13al -3.96578708354 0.0805456962211 3.6687
13al13al13al13al- -3.86918667084 0.101498461792 3.6173
13da13da -6.16065730556 -0.882193064692 4.8481
13da13da- -5.95031330834 -1.24165544546 4.4029
13da13da-13da -5.73343857898 -1.59676400482 3.7768
13da13da-13da-13da -5.6186065391 -1.86778938805 3.3717
13da13da-13da-13da- -6.01289949121 -1.69336441751 3.8951
13da13da-13da13da- -5.62731418194 -1.81200605114 3.4289
13da13da-4da13da -5.87874736879 -2.30888592039 3.1759
13da13da13da -6.04473681033 -1.39893724417 4.2284
13da13da13da-13da -5.61887865294 -1.85064621622 3.3958
13da13da13da-13da- -5.87412143353 -1.81037336811 3.6567
13da13da13da13da -6.25834617361 -1.42587651418 4.2914
13da13da13da13da- -5.61642962839 -1.95432158872 3.2912
13dd -7.18734281854 -0.948316727468 5.6469
13dd13dd -6.93890288392 -2.5148760962 4.0859
13dd13dd- -6.93890288392 -2.5148760962 4.0860
13dd13dd-13dd -6.8344111699 -2.73610464697 3.6817
13dd13dd-13dd-13dd -6.91332418309 -2.92114205721 3.5323
13dd13dd-13dd-13dd- -7.05237435461 -3.13583987585 3.4939
13dd13dd-13dd13dd- -6.79304986643 -2.91651612195 3.4314
13dd13dd-4dd13dd -6.98679491951 -3.52577900654 3.0306
13dd13dd13dd -6.83468328374 -2.73610464697 3.6820
13dd13dd13dd-13dd -6.93046735492 -3.0261779989 3.4684
13dd13dd13dd-13dd- -7.09291931655 -3.14155426646 3.5389
13dd13dd13dd13dd -6.79304986643 -2.91651612195 3.4314
13dd13dd13dd13dd- -7.05237435461 -3.13611198969 3.4939
13de13de -6.19058982781 -1.16546357066 4.4952
13de13de- -6.03956664739 -1.71377295541 3.9672
13de13de-13de -5.8273178533 -1.98615890783 3.4142
13de13de-13de-13de -5.84010720371 -2.09718135397 3.2885
13de13de-13de-13de- -6.07793469863 -2.06371135183 3.5881
13de13de-13de13de- -5.72092134241 -2.16684249665 3.1114
13de13de-4de13de -5.96718436633 -2.66889252884 2.8696
13de13de13de -6.26133942584 -1.42016212357 4.2936
13de13de13de-13de -5.82405248723 -2.1502435525 3.2424
13de13de13de-13de- -5.99249095332 -2.15976753685 3.4209
13de13de13de13de -6.25780194594 -1.64982620334 4.0585
13de13de13de13de- -5.89888379284 -2.20657111709 3.2744
13df13df -5.86133208312 -0.958112825657 4.4620
13df13df- -5.47928425375 -1.04328445713 4.1303
13df13df-13df -5.17424464069 -1.27213219538 3.5614
13df13df-13df-13df -5.13533236177 -1.47349643594 3.2817
13df13df-13df-13df- -5.58295962625 -1.59322652491 3.5562
13df13df-13df13df- -5.04689536423 -1.52492595143 3.1722
13df13df-4df13df -5.39846644369 -1.83948954883 3.2268
13df13df13df -5.7927593958 -1.46533302078 3.9144
13df13df13df-13df -5.26213741056 -1.63975799131 3.2618
13df13df13df-13df- -5.54867328258 -1.72329693976 3.4496
13df13df13df13df -5.86759070141 -1.64737717879 3.7336
13df13df13df13df- -5.55357133168 -1.83704052429 3.3252
13dh13dh -5.21751074103 -0.690624922329 4.0376
13dh13dh- -5.2871718837 -0.890900707527 4.0262
13dh13dh-13dh -5.12199878368 -1.19485186523 3.5505
13dh13dh-13dh-13dh -4.99628219026 -1.3420654519 3.2257
13dh13dh-13dh-13dh- -5.06077317 -1.39893724417 3.2445
13dh13dh-13dh13dh- -5.04335788433 -1.33771163048 3.3114
13dh13dh-4dh13dh -5.24717114943 -1.69581344206 3.1348
13dh13dh13dh -5.16499277018 -1.03321624511 3.6516
13dh13dh13dh-13dh -5.10349504266 -1.38642000759 3.3078
13dh13dh13dh-13dh- -5.07954902486 -1.42043423741 3.2550
13dh13dh13dh13dh -5.17751000676 -1.23185934727 3.4410
13dh13dh13dh13dh- -5.02567048482 -1.38805269062 3.2091
13di13di -5.95766038198 -0.743687120853 4.7384
13di13di- -5.72527516383 -1.08981592353 4.3180
13di13di-13di -5.49071303497 -1.39757667497 3.7074
13di13di-13di-13di -5.47928425375 -1.53417782194 3.4806
13di13di-13di-13di- -5.75765671062 -1.46342822391 3.8558
13di13di-13di13di- -5.36418010002 -1.58996115885 3.3673
13di13di-4di13di -5.66568223318 -2.04003744787 3.1648
13di13di13di -5.94351046237 -1.0797477115 4.3493
13di13di13di-13di -5.5184686465 -1.59295441108 3.4958
13di13di13di-13di- -5.68745134026 -1.55050465226 3.6979
13di13di13di13di -5.99385152251 -1.26151975568 4.1756
13di13di13di13di- -5.58432019544 -1.65418002476 3.4756
13dl13dl -5.79357573731 -0.829947207684 4.4800
13dl13dl- -5.3992827852 -0.872669080342 4.2008
13dl13dl-13dl -4.99927544248 -1.17716446572 3.4685
13dl13dl-13dl-13dl -5.19247626788 -1.45091098733 3.3212
13dl13dl-13dl-13dl- -4.86593966158 -1.30669065288 3.1846
13dl13dl-13dl13dl- -4.86593966158 -1.30669065288 3.1846
13dl13dl13dl -5.7342549205 -1.11757153507 4.1092
13dl13dl13dl-13dl -4.99818698713 -1.42125057893 3.2081
13dl13dl13dl13dl -5.77479988245 -1.25417268204 3.9632
13dl13dl13dl13dl- -5.25506245075 -1.47893871271 3.3709
13ea13ea -5.20227236607 -0.100137892599 4.6894
13ea13ea- -5.04308577049 -0.429123523448 4.2869
13ea13ea-13ea -4.7603594922 -0.701237362033 3.6974
13ea13ea-13ea-13ea -4.70702517984 -0.825321272428 3.4606
13ea13ea-13ea-13ea- -4.87274250754 -0.722462241443 3.7357
13ea13ea-13ea13ea- -4.61396224705 -0.859879729928 3.3690
13ea13ea-4ea13ea -4.8724703937 -1.35158943625 3.1253
13ea13ea13ea -4.96444487114 -0.517832634827 4.0530
13ea13ea13ea-13ea -4.68335127588 -0.854981680834 3.4368
13ea13ea13ea-13ea- -4.7736930703 -0.850083631739 3.5374
13ea13ea13ea13ea -5.03301755847 -0.518648976343 4.0312
13ea13ea13ea13ea- -4.8082515278 -0.788858018058 3.5922
13ed13ed -6.19086194165 -1.16546357066 4.4954
13ed13ed- -6.03956664739 -1.71377295541 3.9671
13ed13ed-13ed -5.8273178533 -1.98615890783 3.4143
13ed13ed-13ed-13ed -5.84010720371 -2.09718135397 3.2885
13ed13ed-13ed-13ed- -5.89888379284 -2.20657111709 3.2743
13ed13ed-13ed13ed- -5.73588760353 -2.11976680258 3.1745
13ed13ed-4ed13ed -6.00310339302 -2.56793829473 3.0226
13ed13ed13ed -6.26215576735 -1.4196178959 4.2944
13ed13ed13ed-13ed -5.87439354737 -2.19133274212 3.2493
13ed13ed13ed-13ed- -5.99249095332 -2.15976753685 3.4208
13ed13ed13ed13ed -6.2575298321 -1.64982620334 4.0584
13ed13ed13ed13ed- -6.07766258479 -2.06371135183 3.5880
13ee -5.83738606532 0.185309524076 5.3196
13ee13ee -5.48527075819 -0.420415880614 4.5358
13ee13ee- -5.27356619178 -0.975800225165 3.9347
13ee13ee-13ee -5.03573869685 -1.07593811776 3.5385
13ee13ee-13ee-13ee -4.98186015681 -1.18505576704 3.3377
13ee13ee-13ee-13ee- -5.15165919209 -1.17199430279 3.5570
13ee13ee-13ee13ee- -4.9105663311 -1.17798080723 3.2933
13ee13ee-4ee13ee -5.12744106046 -1.78479466728 2.9216
13ee13ee13ee -5.4338412427 -0.588854346698 4.3030
13ee13ee13ee-13ee -5.01342536209 -1.1812461733 3.3933
13ee13ee13ee-13ee- -5.1073046364 -1.24709772223 3.4467
13ee13ee13ee13ee -5.35656091254 -0.753483219042 4.0596
13ee13ee13ee13ee- -5.15165919209 -1.17199430279 3.5570
13ef13ef -5.000091784 -0.214697818643 4.3372
13ef13ef- -4.73178753915 -0.289257010416 4.1318
13ef13ef-13ef -4.33096385492 -0.462593525594 3.5226
13ef13ef-13ef-13ef -4.23545189757 -0.610623453785 3.2355
13ef13ef-13ef-13ef- -4.50157923171 -0.606541746206 3.4960
13ef13ef-13ef13ef- -4.1657907549 -0.689264353136 3.1257
13ef13ef-4ef13ef -4.49913020716 -0.927908189575 3.2321
13ef13ef13ef -4.79110835596 -0.623140690359 3.7680
13ef13ef13ef-13ef -4.35627044191 -0.763551431069 3.2220
13ef13ef13ef-13ef- -4.55001549498 -0.818246312625 3.3535
13ef13ef13ef13ef -4.76852290736 -0.723278582959 3.5728
13ef13ef13ef13ef- -4.63437078494 -0.854981680834 3.3565
13eh13eh -4.55382508872 0.0389122789176 4.0765
13eh13eh- -4.88471551644 -0.2538822114 4.2930
13eh13eh-13eh -4.35844735261 -0.412796693133 3.5727
13eh13eh-13eh-13eh -4.21041742442 -0.481641494295 3.2974
13eh13eh-13eh-13eh- -4.19817230169 -0.448171492149 3.3185
13eh13eh-13eh13eh- -4.18075701602 -0.521642228567 3.2689
13eh13eh-4eh13eh -4.42348256004 -0.823688589397 3.2049
13eh13eh13eh -4.38538662263 -0.191840256202 3.6962
13eh13eh13eh-13eh -4.26511230598 -0.524363366953 3.3306
13eh13eh13eh-13eh- -4.22211831948 -0.492798161677 3.3198
13eh13eh13eh13eh -4.31327645541 -0.308577092955 3.4883
13eh13eh13eh13eh- -4.29041889297 -0.402184253428 3.4085
13ei13ei -5.13288333723 0.0348305713389 4.7043
13ei13ei- -4.89015779321 -0.321910671046 4.2396
13ei13ei-13ei -7.30190274459 1.57907660531 4.3904
13ei13ei-13ei-13ei -4.58539029399 -0.629127194808 3.5070
13ei13ei-13ei-13ei- -4.7497470525 -0.522186456244 3.8032
13ei13ei-13ei13ei- -7.04856476086 1.35621537151 4.1968
13ei13ei-4ei13ei -4.75001916634 -1.11947633194 3.1761
13ei13ei13ei -5.00689462996 -0.20190846823 4.3098
13ei13ei13ei-13ei -4.54865492579 -0.72491126599 3.4042
13ei13ei13ei-13ei- -4.68797721114 -0.65769914786 3.6234
13ei13ei13ei13ei -4.97206405862 -0.31157034518 4.1298
13ei13ei13ei13ei- -4.74784225563 -0.606541746206 3.6914
13el13el -4.94566901628 -0.339598070554 4.2719
13el13el- -4.67301095002 -0.136873260808 4.2152
13el13el-13el -4.62076509301 -0.576609223961 3.6649
13el13el-13el-13el -4.50729362232 -0.772531187743 3.3168
13el13el-13el-13el- -4.4683813434 -0.699332565163 3.3486
13el13el-13el13el- -4.39001255789 -0.65388955412 3.3402
13el13el13el -4.99437739339 -0.280277253742 4.2266
13el13el13el-13el -4.54457321821 -0.697427768293 3.4407
13el13el13el-13el- -4.4874293121 -0.648175163509 3.4354
13el13el13el13el -4.65287452596 -0.699604679002 3.5532
13el13el13el13el- -4.67518786073 -0.530894099079 3.7118
13fa13fa -4.26919401356 0.484906860358 4.5044
13fa13fa- -4.47083036795 0.423681246677 4.6733
13fa13fa-13fa -3.88551350115 0.17306440134 3.8214
13fa13fa-13fa-13fa- -4.49015045049 -0.131975211714 3.9416
13fa13fa-13fa13fa- -3.80932162635 -0.0593208168115 3.4573
13fa13fa-4fa13fa -4.15164083529 -0.627222397938 3.2418
13fa13fa13fa -4.13232075275 0.1692548076 3.9863
13fa13fa13fa-13fa -4.01585602984 -0.0307488637601 3.6726
13fa13fa13fa-13fa- -4.29803808045 -0.127893504135 3.8145
13fa13fa13fa13fa -3.95490252999 -0.078640899351 3.5428
13fa13fa13fa13fa- -4.1693282348 -0.0503410601382 3.7310
13fd13fd -5.69098882016 -0.808722328274 4.4237
13fd13fd- -5.47928425375 -1.04328445713 4.1303
13fd13fd-13fd -5.1919320402 -1.3540384608 3.5021
13fd13fd-13fd-13fd -5.29968912028 -1.62914555161 3.2770
13fd13fd-13fd-13fd- -5.58214328473 -1.78533889496 3.3940
13fd13fd-13fd13fd- -5.04934438878 -1.52438172375 3.1746
13fd13fd-4fd13fd -5.31002944615 -2.00928858411 2.9973
13fd13fd13fd -5.66758703005 -1.11974844578 4.0634
13fd13fd13fd-13fd -5.28254594845 -1.54560660316 3.3693
13fd13fd13fd-13fd- -5.54867328258 -1.72329693976 3.4495
13fd13fd13fd13fd -5.55710881158 -1.83704052429 3.3276
13fd13fd13fd13fd- -5.56935393432 -1.66288766759 3.4951
13fe13fe -5.00145235319 -0.0133335780907 4.4920
13fe13fe- -4.73178753915 -0.289257010416 4.1318
13fe13fe-13fe -4.36688288161 -0.549125726264 3.4805
13fe13fe-13fe-13fe -4.37695109364 -0.732530453471 3.2503
13fe13fe-13fe-13fe- -4.63437078494 -0.855253794672 3.3565
13fe13fe-13fe13fe- -4.1657907549 -0.689264353136 3.1257
13fe13fe-4fe13fe -4.44198630106 -1.14995308186 2.9799
13fe13fe13fe -4.85260608348 -0.21143245258 4.1373
13fe13fe13fe-13fe -4.30293612954 -0.69035280849 3.2572
13fe13fe13fe-13fe- -4.54185207982 -0.828586638491 3.3377
13fe13fe13fe13fe -4.7772305502 -0.334700021459 3.9245
13fe13fe13fe13fe- -4.46348329431 -0.64218865906 3.4290
13ff -5.04798381959 1.48465310332 5.4934
13ff13ff -4.48307549069 0.512118244217 4.6137
13ff13ff- -4.52443679415 0.374700755731 4.6989
13ff13ff-13ff -6.83250637303 2.43813999372 4.8321
13ff13ff-13ff-13ff -3.79054577149 -0.0217691070868 3.4601
13ff13ff-13ff-13ff- -3.93177285371 -0.137961716163 3.4883
13ff13ff-13ff13ff- -3.91707870643 -0.0707495980321 3.5651
13ff13ff-4ff13ff -4.05340773956 -0.443545556893 3.3432
13ff13ff13ff -4.13939571255 0.0617698413588 3.9198
13ff13ff13ff-13ff -4.1108237595 -0.0337421159845 3.7171
13ff13ff13ff-13ff- -4.38647507799 -0.18258838569 3.8100
13ff13ff13ff13ff -3.95925635141 -0.204357492777 3.4537
13ff13ff13ff13ff- -3.93150073987 -0.138233830001 3.4879
13fh13fh -4.39953654224 0.561370849001 4.6410
13fh13fh- -4.3837539396 0.420415880614 4.5734
13fh13fh-13fh -4.05531253643 0.279188798388 4.0335
13fh13fh-13fh-13fh -3.8068726018 0.0968725265362 3.5737
13fh13fh-13fh-13fh- -4.04007416147 -0.0704774841935 3.6210
13fh13fh-13fh13fh- -6.54216090726 2.03541151262 4.4107
13fh13fh-4fh13fh -3.98320236921 -0.404905391814 3.2842
13fh13fh13fh -4.13504189114 0.219867981577 4.0027
13fh13fh13fh-13fh -3.99708017497 -0.0247623593112 3.6157
13fh13fh13fh-13fh- -4.20851262755 -0.248984162305 3.5969
13fh13fh13fh13fh -4.00442724862 0.0168710579923 3.6396
13fh13fh13fh13fh- -3.92388155239 -0.0579602476186 3.5100
13fi13fi -4.71273957045 0.674025978175 4.9344
13fi13fi- -4.44906126086 0.542867107977 4.7714
13fi13fi-13fi -4.07735375736 0.205445948132 3.9964
13fi13fi-13fi-13fi -4.0953132707 0.0851716314771 3.7832
13fi13fi-13fi-13fi- -4.40933264043 0.0546948815556 4.0095
13fi13fi-13fi13fi- -3.86700976013 0.0386401650791 3.5774
13fi13fi-4fi13fi -4.12687847598 -0.481097266618 3.3167
13fi13fi13fi -4.28388816084 0.454974338114 4.3251
13fi13fi13fi-13fi -3.95789578222 0.0696611426777 3.6939
13fi13fi13fi-13fi- -7.11387208213 2.08194297901 4.7708
13fi13fi13fi13fi -4.1644301857 0.35184319329 4.0524
13fi13fi13fi13fi- -4.16606286874 0.131430984037 3.8850
13fl13fl -4.89777698069 0.992943396996 5.3015
13fl13fl- -4.34130418078 0.584228411442 4.7260
13fl13fl-13fl -3.96796399425 0.231840990474 3.9460
13fl13fl-13fl13fl- -3.75707576934 0.0614977275202 3.5217
13fl13fl13fl -3.93122862604 0.22694294138 3.9160
13fl13fl13fl-13fl -3.69938763556 0.0993215510835 3.5136
13fl13fl13fl13fl -4.74539323108 0.704230614258 4.8885
13fl13fl13fl13fl- -3.84741756375 -0.0182316271852 3.5142
13ha13ha -4.36144060484 0.840015419712 4.7613
13ha13ha- -4.29314003135 0.606541746206 4.6126
13ha13ha-13ha -3.94265740726 0.311026117503 3.9451
13ha13ha-13ha-13ha -3.85639732043 0.202180582069 3.6639
13ha13ha-13ha-13ha- -4.08007489574 0.232385218152 3.8581
13ha13ha-13ha13ha- -3.72986438548 0.152655863446 3.5417
13ha13ha-4ha13ha -4.09014310777 -0.378510349472 3.3393
13ha13ha13ha -4.18456660976 0.547220929394 4.2689
13ha13ha13ha-13ha -3.71625869355 0.185037410238 3.5587
13ha13ha13ha-13ha- -3.90864317743 0.159186595572 3.6948
13ha13ha13ha13ha -4.12089197153 0.397014090495 4.0172
13ha13ha13ha13ha- -3.87000301235 0.272930180101 3.7451
13hd13hd -5.21751074103 -0.690624922329 4.0376
13hd13hd- -5.2871718837 -0.891172821366 4.0262
13hd13hd-13hd -5.12199878368 -1.19512397906 3.5505
13hd13hd-13hd-13hd -4.99628219026 -1.3420654519 3.2257
13hd13hd-13hd-13hd- -5.02567048482 -1.38805269062 3.2091
13hd13hd-13hd13hd- -5.04335788433 -1.33771163048 3.3114
13hd13hd-4hd13hd -5.25914415833 -1.77880816283 3.1111
13hd13hd13hd -5.16499277018 -1.03321624511 3.6516
13hd13hd13hd-13hd -5.00580617461 -1.39077382901 3.2282
13hd13hd13hd-13hd- -5.07954902486 -1.42043423741 3.2549
13hd13hd13hd13hd -5.17751000676 -1.23185934727 3.4410
13hd13hd13hd13hd- -5.06050105616 -1.39893724417 3.2443
13he13he -4.55382508872 0.0389122789176 4.0765
13he13he- -4.59382582299 -0.150206838899 4.0698
13he13he-13he -4.35844735261 -0.412796693133 3.5727
13he13he-13he-13he -4.21041742442 -0.481641494295 3.2973
13he13he-13he-13he- -4.29041889297 -0.402456367267 3.4084
13he13he-13he13he- -4.18102912986 -0.521914342406 3.2688
13he13he-4he13he -4.6115132225 -0.947228272114 3.2598
13he13he13he -4.31436491076 -0.29034546577 3.5914
13he13he13he-13he -4.16769555177 -0.509124991992 3.2722
13he13he13he-13he- -4.22211831948 -0.492798161677 3.3197
13he13he13he13he -4.31354856925 -0.308577092955 3.4884
13he13he13he13he- -4.19790018785 -0.448171492149 3.3184
13hf13hf -4.31300434157 0.61524938904 4.6186
13hf13hf- -4.26837767204 0.51157401654 4.4969
13hf13hf-13hf -4.09313635999 0.293882945672 4.0684
13hf13hf-13hf-13hf -3.59761705993 0.169526921438 3.4343
13hf13hf-13hf-13hf- -3.92415366623 -0.0579602476186 3.5100
13hf13hf-13hf13hf- -6.64719684895 2.0106491533 4.4488
13hf13hf-4hf13hf -4.13776302952 -0.370346934314 3.4584
13hf13hf13hf -3.97476684021 0.25769180514 3.9109
13hf13hf13hf-13hf -4.0106858669 0.0876206560243 3.7120
13hf13hf13hf-13hf- -4.20824051372 -0.248984162305 3.5968
13hf13hf13hf13hf -3.77285837198 -0.0892533390559 3.3859
13hf13hf13hf13hf- -4.03980204763 -0.0707495980321 3.6204
13hh -4.61260167785 1.50642221041 5.6056
13hh13hh -3.96796399425 0.972806972941 4.5446
13hh13hh- -4.17232148702 0.854981680834 4.7727
13hh13hh-13hh -3.72768747477 0.661236627761 4.0649
13hh13hh-13hh-13hh -3.43951891971 0.547765157071 3.6014
13hh13hh-13hh-13hh- -3.46727453125 0.505859625929 3.5990
13hh13hh-13hh13hh- -3.47516583257 0.568173694965 3.6782
13hh13hh-4hh13hh -3.75272194792 -0.0146941472836 3.3310
13hh13hh13hh -3.69231267576 0.682189393332 3.9842
13hh13hh13hh-13hh -3.47298892186 0.525723936146 3.6291
13hh13hh13hh-13hh- -3.42618534162 0.475382876008 3.5648
13hh13hh13hh13hh -3.54782022747 0.509941333508 3.6451
13hh13hh13hh13hh- -3.46727453125 0.505859625929 3.5990
13hi13hi -4.3372224732 0.965732013138 4.8561
13hi13hi- -4.30021499116 0.688720125458 4.7427
13hi13hi-13hi -3.85639732043 0.417966856066 3.9573
13hi13hi-13hi-13hi -3.84877813294 0.358646039255 3.7774
13hi13hi-13hi-13hi- -6.95958353565 2.5458970738 4.9766
13hi13hi-13hi13hi- -3.6150323456 0.269392700199 3.5331
13hi13hi-4hi13hi -4.12388522375 -0.254698552915 3.4283
13hi13hi13hi -4.13803514336 0.683277848687 4.3500
13hi13hi13hi-13hi -3.70047609092 0.296876197896 3.6406
13hi13hi13hi-13hi- -3.89966342076 0.303679043861 3.8057
13hi13hi13hi13hi -4.08987099393 0.557017027583 4.1324
13hi13hi13hi13hi- -3.90673838056 0.420143766775 3.8972
13hl13hl -4.22075775029 0.609262884592 4.5349
13hl13hl- -4.23980571899 0.706135411128 4.6952
13hl13hl-13hl -3.88007122438 0.390483358369 3.9716
13hl13hl-13hl-13hl -4.11517758092 0.490621250969 4.1106
13hl13hl-13hl-13hl- -4.26484019214 0.539601741914 4.4286
13hl13hl-13hl13hl- -3.68115600838 0.237283267246 3.5760
13hl13hl13hl -3.91245277117 0.237011153407 3.8554
13hl13hl13hl-13hl -3.62591689914 0.167077896891 3.4824
13hl13hl13hl-13hl- -3.85803000346 0.229119852088 3.7640
13hl13hl13hl13hl -3.77258625814 -0.1346963501 3.3179
13hl13hl13hl13hl- -3.70891161991 0.0582323614572 3.4382
13ia13ia -4.85750413258 0.758653381975 5.2136
13ia13ia- -4.77450941181 0.682189393332 5.1033
13ia13ia-13ia -4.50593305313 0.363816202188 4.4669
13ia13ia-13ia-13ia -4.4373603658 0.233201559667 4.2023
13ia13ia-13ia-13ia- -4.57151248823 0.31537993892 4.3814
13ia13ia-13ia13ia- -4.33885515624 0.162451961635 4.0760
13ia13ia-4ia13ia -4.66267062415 -0.431028320319 3.7735
13ia13ia13ia -4.69586851246 0.490621250969 4.7136
13ia13ia13ia-13ia -4.38103280122 0.157009684863 4.1090
13ia13ia13ia-13ia- -4.4683813434 0.183132613368 4.1997
13ia13ia13ia13ia -4.62403045907 0.343407664294 4.4480
13ia13ia13ia13ia- -4.49069467817 0.245718796242 4.2655
13id13id -5.95738826814 -0.743687120853 4.7384
13id13id- -5.72500304999 -1.09008803737 4.3177
13id13id-13id -5.49071303497 -1.39730456113 3.7074
13id13id-13id-13id -5.47928425375 -1.53417782194 3.4807
13id13id-13id-13id- -5.58432019544 -1.65418002476 3.4756
13id13id-13id13id- -5.36418010002 -1.58996115885 3.3673
13id13id-4id13id -5.80500451853 -1.89500077191 3.4506
13id13id13id -5.94351046237 -1.0797477115 4.3493
13id13id13id-13id -5.52554360631 -1.6043831923 3.5174
13id13id13id-13id- -5.68745134026 -1.55050465226 3.6979
13id13id13id13id -5.99385152251 -1.26151975568 4.1757
13id13id13id13id- -5.75765671062 -1.46342822391 3.8558
13ie13ie -5.13288333723 0.0348305713389 4.7044
13ie13ie- -4.89015779321 -0.321910671046 4.2396
13ie13ie-13ie -4.5911046846 -0.572255402544 3.6178
13ie13ie-13ie-13ie -4.58539029399 -0.629127194808 3.5070
13ie13ie-13ie-13ie- -4.74784225563 -0.606541746206 3.6913
13ie13ie-13ie13ie- -4.42103353549 -0.732258339632 3.2705
13ie13ie-4ie13ie -4.82485047195 -1.0655977919 3.3084
13ie13ie13ie -5.00689462996 -0.20190846823 4.3100
13ie13ie13ie-13ie -4.53695403073 -0.693346060714 3.4351
13ie13ie13ie-13ie- -4.68824932498 -0.65769914786 3.6235
13ie13ie13ie13ie -4.97206405862 -0.31157034518 4.1300
13ie13ie13ie13ie- -4.7497470525 -0.522186456244 3.8033
13if13if -4.67627631608 0.755388015912 4.9576
13if13if- -7.78109521434 2.9570610839 5.7672
13if13if-13if -3.99626383346 0.253610097561 3.9717
13if13if-13if-13if -3.96469862818 0.123267568879 3.7005
13if13if-13if-13if- -4.1657907549 0.131703097875 3.8849
13if13if-13if13if- -3.86673764629 0.0389122789176 3.5775
13if13if-4if13if -4.20851262755 -0.466947347012 3.3644
13if13if13if -4.55817891014 0.404089050299 4.4539
13if13if13if-13if -4.01340700529 0.0149662611222 3.6932
13if13if13if-13if- -4.19871652937 0.00517016293311 3.8380
13if13if13if13if -4.5219877696 0.232385218152 4.2126
13if13if13if13if- -4.40933264043 0.0546948815556 4.0097
13ih13ih -4.3372224732 0.965732013138 4.8561
13ih13ih- -4.30021499116 0.688720125458 4.7427
13ih13ih-13ih -3.85639732043 0.417966856066 3.9574
13ih13ih-13ih-13ih -3.84877813294 0.358646039255 3.7774
13ih13ih-13ih-13ih- -3.90673838056 0.420143766775 3.8972
13ih13ih-13ih13ih- -3.6150323456 0.269392700199 3.5331
13ih13ih-4ih13ih -4.04306741369 -0.139322285355 3.4388
13ih13ih13ih -4.13803514336 0.683277848687 4.3500
13ih13ih13ih-13ih -3.8237436598 0.273474407778 3.7244
13ih13ih13ih-13ih- -3.89966342076 0.303679043861 3.8057
13ih13ih13ih13ih -4.08987099393 0.557017027583 4.1324
13ih13ih13ih13ih- -6.95931142181 2.54535284612 4.9762
13ii -5.2836344038 1.62805709625 6.5070
13ii13ii -4.79301315283 0.918384205224 5.2656
13ii13ii- -4.76852290736 0.918384205224 5.2521
13ii13ii-13ii -4.46946979876 0.564364101225 4.5797
13ii13ii-13ii-13ii -4.44824491935 0.481097266618 4.4128
13ii13ii-13ii-13ii- -4.40824418508 0.390211244531 4.3040
13ii13ii-13ii13ii- -4.3505560513 0.416334173035 4.2828
13ii13ii-4ii13ii -4.6185881823 -0.306672296085 3.7971
13ii13ii13ii -4.56307695923 0.58069093154 4.6672
13ii13ii13ii-13ii -4.37531841061 0.398918887365 4.2917
13ii13ii13ii-13ii- -4.39681540386 0.379054577149 4.2958
13ii13ii13ii13ii -4.50620516697 0.452253199728 4.4416
13ii13ii13ii13ii- -4.55981159317 0.563819873548 4.5716
13il13il -4.69913387852 0.641372317545 4.9741
13il13il- -4.44552378096 0.52109800089 4.7001
13il13il-13il -4.14701490003 0.11728106443 3.9611
13il13il-13il-13il -3.89612594086 -0.0185037410238 3.5397
13il13il-13il-13il- -4.04905391814 -0.0198643102167 3.6374
13il13il-13il13il- -3.87979911054 -0.0293882945672 3.5192
13il13il13il -4.4683813434 0.30776075144 4.3699
13il13il13il-13il -4.02918960793 -0.0508852878154 3.6346
13il13il13il-13il- -3.97150147415 -0.00789130131896 3.6220
13il13il13il13il -4.38974044405 0.142587651418 4.0787
13il13il13il13il- -4.16851189328 0.118097405946 3.8782
13la13la -4.44824491935 0.63075987784 4.7601
13la13la- -4.30701783712 0.530621985241 4.6150
13la13la-13la -3.86564919094 0.200820012876 3.8185
13la13la-13la-13la -3.72278942568 0.0495247186225 3.4474
13la13la-13la-13la- -3.86918667084 0.101226347954 3.6170
13la13la13la -4.08578928635 0.202724809746 3.9680
13la13la13la-13la -3.82836959505 -0.00054422767717 3.5262
13la13la13la-13la- -3.94483431797 -0.00789130131896 3.6119
13la13la13la13la -3.88333659045 -0.0410891896263 3.5076
13la13la13la13la- -3.7878246331 0.00408170757877 3.4631
13ld13ld- -5.3992827852 -0.872669080342 4.2008
13ld13ld-13ld -7.88776383906 0.973895428295 4.4341
13ld13ld-13ld-13ld -5.08390284628 -1.37172586031 3.2977
13ld13ld-13ld-13ld- -5.25506245075 -1.47866659887 3.3711
13ld13ld-13ld13ld- -4.87110982451 -1.3110444743 3.1854
13ld13ld13ld -5.05641934858 -1.15621170015 3.5384
13ld13ld13ld-13ld -7.63850756292 0.751034194494 4.1298
13ld13ld13ld13ld -5.25533456459 -1.47893871271 3.3710
13ld13ld13ld13ld- -5.20145602455 -1.42506017267 3.3509
13le13le -4.85668779106 -0.244086113211 4.2717
13le13le- -4.67301095002 -0.136873260808 4.2152
13le13le-13le -4.55545777175 -0.509941333508 3.6704
13le13le-13le-13le -4.438720935 -0.676202888884 3.3412
13le13le-13le-13le- -4.67518786073 -0.530894099079 3.7118
13le13le-13le13le- -4.39001255789 -0.65388955412 3.3402
13le13le13le -4.55545777175 -0.509941333508 3.6704
13le13le13le-13le -4.38892410254 -0.654978009474 3.3377
13le13le13le-13le- -4.4874293121 -0.647903049671 3.4354
13le13le13le13le -4.44987760238 -0.710489232545 3.3247
13le13le13le13le- -4.4683813434 -0.699332565163 3.3486
13lf13lf- -4.34130418078 0.584228411442 4.7260
13lf13lf-13lf -3.89558171318 0.329529858526 3.9671
13lf13lf-13lf-13lf -6.66107465472 2.03296248807 4.4400
13lf13lf-13lf-13lf- -4.20116555391 0.0878927698629 3.9497
13lf13lf-13lf13lf- -3.75707576934 0.0612256136816 3.5216
13lh13lh- -4.23980571899 0.706135411128 4.6952
13lh13lh-13lh -3.97639952324 0.320277988014 3.9941
13lh13lh-13lh-13lh -3.73748357296 0.146941472836 3.5259
13lh13lh-13lh-13lh- -3.70891161991 0.0582323614572 3.4382
13lh13lh-13lh13lh- -3.68115600838 0.237283267246 3.5761
13li13li -4.44552378096 0.52109800089 4.7001
13li13li- -4.44552378096 0.52109800089 4.7001
13li13li-13li -4.08769408322 0.160002937088 3.9462
13li13li-13li-13li -4.03599245389 0.0236739039569 3.6687
13li13li-13li-13li- -4.16851189328 0.118097405946 3.8783
13li13li-13li13li- -3.87979911054 -0.0293882945672 3.5192
13li13li13li -4.19953287088 0.204357492777 4.0785
13li13li13li-13li -3.87979911054 -0.0291161807286 3.5193
13li13li13li-13li- -3.97177358799 -0.00789130131896 3.6220
13li13li13li13li -4.1108237595 -0.0342863436617 3.7077
13li13li13li13li- -4.04905391814 -0.0198643102167 3.6374
13ll -4.88172226421 1.57445067005 5.7653
13ll13ll -4.9965543041 0.967364696169 5.1575
13ll13ll- -4.07055091139 0.794844522507 4.6575
13ll13ll-13ll -4.07572107432 0.192928711557 3.9806
13ll13ll-13ll-13ll -6.72447717911 1.93772264456 4.4151
13ll13ll-13ll-13ll- -4.11164010102 0.238915950278 3.9820
13ll13ll-13ll13ll- -3.78510349472 0.0457151248823 3.5088
13ll13ll13ll -4.47708898624 0.298508880928 4.4021
13ll13ll13ll-13ll -3.9189835033 -0.0805456962211 3.5169
13ll13ll13ll-13ll- -4.27626897336 0.377149780279 4.2583
13ll13ll13ll13ll -4.90457982665 0.575792882446 4.8811
13ll13ll13ll13ll- -4.06755765917 0.0242181316341 3.7361
3 -7.71333886853 1.43594472621 7.0253
4dd -7.80993928123 -2.40031617016 4.9955
4dd4dd -7.91034928766 -2.89066530729 4.5277
4dd4dd4dd -7.86762741501 -3.18917418822 4.1874
4dd4dd4dd4dd -7.86653895965 -3.34645598692 4.0410
4dh -5.99357940867 -0.703958500419 4.7850
4dh4dh -5.98215062745 -1.17689235188 4.1310
4dh4dh- -5.89425785759 -1.17444332733 4.0103
4dh4dh-4dh -5.84391679745 -1.4005699272 3.8645
4dh4dh-4dh-4dh -5.84065143139 -1.49961936444 3.8905
4dh4dh-4dh-4dh- -5.71547906564 -1.54098066791 3.7123
4dh4dh-4dh4dh -5.81235159217 -1.52193269921 3.8304
4dh4dh-4dh4dh- -5.78514020832 -1.5339057081 3.7959
4dh4dh4dh -5.90405395578 -1.3349904921 3.9808
4dh4dh4dh-4dh -5.79003825741 -1.53064034204 3.7976
4dh4dh4dh-4dh- -5.8414677729 -1.52873554517 3.8151
4dh4dh4dh4dh -5.78405175296 -1.55322579064 3.7680
4dh4dh4dh4dh- -5.71602329331 -1.50152416131 3.7695
4hd -5.99357940867 -0.704230614258 4.7851
4hd4hd -5.98160639977 -1.17716446572 4.1302
4hd4hd- -5.89398574375 -1.17444332733 4.0102
4hd4hd-4hd -5.84337256977 -1.40111415487 3.8635
4hd4hd-4hd-4hd -5.7342549205 -1.56547091338 3.7007
4hd4hd-4hd-4hd- -5.87330509202 -1.55921229509 3.8562
4hd4hd-4hd4hd -5.85861094473 -1.52601440678 3.8603
4hd4hd-4hd4hd- -5.78377963912 -1.52846343133 3.7986
4hd4hd4hd -5.90378184194 -1.33580683361 3.9797
4hd4hd4hd-4hd -5.77833736235 -1.55948440893 3.7608
4hd4hd4hd-4hd- -5.84173988674 -1.52873554517 3.8150
4hd4hd4hd4hd -5.78405175296 -1.55377001832 3.7677
4hd4hd4hd4hd- -5.71575117948 -1.54070855407 3.7128
4hh -4.63164964655 0.292794490317 4.3506
4hh4hh -4.56253273155 -0.102859030985 3.8510
4hh4hh4hh -4.50021866252 -0.332795224589 3.5854
4hh4hh4hh4hh -4.46702077421 -0.444361898409 3.4583
6aa -6.81699588423 -0.582867842249 4.8844
6aa6aa -6.45834984497 -1.33526260594 4.1399
6aa6aa- -6.47603724448 -1.3349904921 4.4206
6aa6aa-4aa6aa -5.95439501592 -1.6220705918 3.9461
6aa6aa-6aa -6.18161007113 -1.71731043531 4.1322
6aa6aa-6aa-6aa -6.01507640192 -1.92466118031 3.7492
6aa6aa-6aa-6aa- -6.00419184838 -1.92302849728 3.7088
6aa6aa-6aa6aa- -6.02786575233 -1.92112370041 3.7607
6aa6aa6aa -6.1524938904 -1.72084791521 3.8065
6aa6aa6aa-6aa -6.01670908495 -1.92221215576 3.7531
6aa6aa6aa-6aa- -6.00582453141 -1.92166792809 3.7445
6aa6aa6aa6aa -5.99194672564 -1.92438906647 3.6622
6aa6aa6aa6aa- -6.00228705151 -1.9260217495 3.7388
6ad6ad -7.36231201675 -2.47596381728 3.8773
6ad6ad- -7.41102039386 -2.47922918335 4.0458
6ad6ad-4ad6ad -7.09727313797 -2.77311212902 3.8820
6ad6ad-6ad -7.29972583388 -2.72494797959 4.0364
6ad6ad-6ad-6ad -7.19142452612 -2.98835417534 3.7657
6ad6ad-6ad-6ad- -7.09400777191 -3.17230313022 3.3878
6ad6ad-6ad6ad- -7.13591330305 -3.17039833335 3.6093
6ad6ad6ad -7.18053997258 -2.91488343892 3.5288
6ad6ad6ad-6ad -7.12611720486 -3.16903776416 3.6049
6ad6ad6ad-6ad- -7.17482558197 -2.95624474239 3.7327
6ad6ad6ad6ad -7.16339680075 -2.95189092097 3.6875
6ad6ad6ad6ad- -7.19251298148 -2.96740140977 3.7702
6ae6ae -6.42460772899 -1.53581050497 4.1684
6ae6ae- -6.40828089867 -1.51893944698 4.3064
6ae6ae-4ae6ae -6.05099542861 -1.82125792165 3.7918
6ae6ae-6ae -6.24991064462 -1.81336662033 3.9794
6ae6ae-6ae-6ae -6.13208535251 -2.00820012876 3.6907
6ae6ae-6ae-6ae- -6.16337844395 -1.99432232299 3.7335
6ae6ae-6ae6ae- -6.1524938904 -1.98670313551 3.7326
6ae6ae6ae -6.23331170046 -1.85010198854 3.8404
6ae6ae6ae-6ae -6.14433047525 -1.99949248592 3.7174
6ae6ae6ae-6ae- -6.12228925432 -2.00820012876 3.6690
6ae6ae6ae6ae -6.15820828102 -2.01364240553 3.7168
6ae6ae6ae6ae- -6.131269011 -2.00874435643 3.6914
6af6af -6.18732446174 -1.25471690972 4.2832
6af6af- -6.2039234059 -1.2919965056 4.3666
6af6af-4af6af -5.60853832707 -1.63513205606 3.5596
6af6af-6af -5.95766038198 -1.64139067434 3.8822
6af6af-6af-6af -5.69643109694 -1.84057800419 3.4735
6af6af-6af-6af- -5.67738312824 -1.87949028311 3.4271
6af6af-6af6af- -5.87929159647 -1.82180214933 3.6232
6af6af6af -6.07004339731 -1.58234197137 3.9263
6af6af6af-6af -5.95167387753 -1.84874141935 3.6624
6af6af6af-6af- -5.91004046023 -1.89962670716 3.5883
6af6af6af6af -5.99303518099 -1.78642735031 3.6838
6af6af6af6af- -6.03276380143 -1.83404727206 3.7025
6ah6ah -5.58187117089 -0.880016153984 4.1362
6ah6ah- -5.52391092327 -0.898792008846 4.0725
6ah6ah-4ah6ah -5.19710220313 -1.10968023375 3.5989
6ah6ah-6ah -5.39520107762 -1.18260674249 3.7092
6ah6ah-6ah-6ah -5.33397546394 -1.33254146755 3.5277
6ah6ah-6ah-6ah- -5.36037050628 -1.3145819542 3.5571
6ah6ah-6ah6ah- -5.30540351089 -1.34424236261 3.4844
6ah6ah6ah -5.44690270695 -1.14505503277 3.7826
6ah6ah6ah-6ah -5.31329481221 -1.32927610149 3.5111
6ah6ah6ah-6ah- -5.35656091254 -1.3159425234 3.5569
6ah6ah6ah6ah -5.345676359 -1.31839154794 3.5379
6ah6ah6ah6ah- -5.3266283903 -1.32356171088 3.5257
6ai6ai -6.34596682964 -1.00165103983 4.4390
6ai6ai- -6.39032138533 -1.00219526751 4.5806
6ai6ai-4ai6ai -5.95766038198 -1.23648528253 4.2408
6ai6ai-6ai -6.17970527426 -1.3004320346 4.3604
6ai6ai-6ai-6ai -6.04392046881 -1.4541763534 4.0926
6ai6ai-6ai-6ai- -6.02868209385 -1.44002643379 4.0444
6ai6ai-6ai6ai- -6.07412510489 -1.45172732885 4.1474
6ai6ai6ai -6.11956811594 -1.28818691186 4.1658
6ai6ai6ai-6ai -6.04201567194 -1.45961863017 4.0952
6ai6ai6ai-6ai- -6.05262811164 -1.44900619046 4.1019
6ai6ai6ai6ai -5.99385152251 -1.44519659672 3.9853
6ai6ai6ai6ai- -6.01779754031 -1.44356391369 4.0339
6al6al -5.7342549205 -1.19757300361 4.0511
6al6al- -5.86323687999 -1.16709625369 4.2287
6al6al6al -5.45833148817 -1.52655863446 3.5935
6al6al6al6al -5.37397619821 -1.59132172804 3.4122
6al6al6al6al- -5.33588026081 -1.67050685507 3.3274
6da6da -7.46299413703 -2.08629680043 4.5067
6da6da- -7.39659836042 -2.41147283754 4.3727
6da6da-4da6da -7.16775062217 -2.58480935272 4.1274
6da6da-6da -7.23795599252 -2.84331749937 4.0392
6da6da-6da-6da -7.27822884063 -2.78998318701 4.0402
6da6da-6da-6da- -7.05509549299 -3.04631442296 3.6312
6da6da-6da6da- -7.15931509317 -3.07706328672 3.7138
6da6da6da -7.3993194988 -2.35106356537 4.4091
6da6da6da-6da -7.26625583173 -2.81311286329 4.0154
6da6da6da-6da- -7.2730586777 -2.76984676296 4.0575
6da6da6da6da -7.37455713949 -2.49909349356 4.3200
6da6da6da6da- -7.306256566 -2.67161366723 4.1595
6dd -8.1764766218 -2.78045920266 4.3690
6dd6dd -8.17457182493 -3.27352947818 4.1886
6dd6dd6dd -8.15797288078 -3.56060957788 4.0457
6dd6dd6dd6dd -8.14572775804 -3.75598731399 3.9155
6de6de -7.19496200602 -2.50861747791 4.1909
6de6de6de -7.16557371146 -2.68277033461 4.0183
6de6de6de6de -7.16992753287 -2.75542472951 3.9603
6df6df -7.03414272742 -2.01690777159 4.3504
6df6df- -7.19305720915 -2.15677428462 4.5091
6df6df-4df6df -6.74107612326 -2.39432966571 3.8716
6df6df-6df -6.99795158689 -2.39052007197 4.1185
6df6df-6df-6df -7.04992533006 -2.60086406919 3.9584
6df6df-6df-6df- -6.78407010976 -2.58344878353 3.7686
6df6df-6df6df- -7.09047029201 -2.62372163164 3.9751
6df6df6df -7.02788410913 -2.36684616801 4.0587
6df6df6df-6df -7.08312321837 -2.67977708238 3.8911
6df6df6df-6df- -7.04829264703 -2.67025309803 3.8388
6df6df6df6df -7.00938036811 -2.52548853591 3.9563
6df6df6df6df- -7.09074240585 -2.72032204433 3.8571
6dh6dh -6.37698780724 -1.52601440678 4.1912
6dh6dh- -6.28664601283 -1.65064254486 3.9836
6dh6dh-4dh6dh -6.13589494625 -1.84792507783 3.7334
6dh6dh-6dh -6.29344885879 -1.86670093269 3.8372
6dh6dh-6dh-6dh -6.21127047954 -2.05309891212 3.6513
6dh6dh-6dh-6dh- -6.19031771397 -1.99595500602 3.6770
6dh6dh-6dh6dh- -6.2991632494 -2.02017313765 3.7386
6dh6dh6dh -6.22841365137 -1.87486434785 3.7636
6dh6dh6dh-6dh -6.2991632494 -2.01962890998 3.7389
6dh6dh6dh-6dh- -6.26596536109 -1.99731557521 3.6767
6dh6dh6dh6dh -6.19984169832 -2.01309817785 3.6437
6dh6dh6dh6dh- -6.21154259338 -2.05309891212 3.6514
6di6di -7.30734502136 -1.93418516466 4.5707
6di6di- -7.3076171352 -1.93418516466 4.5707
6di6di-4di6di -7.18652647703 -2.07160265315 4.4787
6di6di-6di -7.2681606286 -2.13282826683 4.5096
6di6di-6di-6di -7.23523485413 -2.31922624626 4.3769
6di6di-6di-6di- -7.24040501707 -2.32494063687 4.3765
6di6di-6di6di- -7.25673184738 -2.2814024227 4.4286
6di6di6di-6di -7.25591550587 -2.28058608118 4.4283
6di6di6di-6di- -7.21591477159 -2.3039878713 4.3582
6di6di6di6di -7.24040501707 -2.32494063687 4.3765
6di6di6di6di- -7.23523485413 -2.31922624626 4.3767
6dl6dl -6.68039473726 -1.83268670287 4.2964
6dl6dl- -6.72747043133 -1.81418296185 4.3229
6dl6dl6dl -6.61889700974 -2.07024208395 4.0405
6dl6dl6dl6dl -6.58705969062 -2.16303290291 3.9360
6dl6dl6dl6dl- -6.57290977102 -2.18289721313 3.8805
6ea6ea -6.42052602141 -1.27893504135 4.4916
6ea6ea- -9.36207661651 0.587221663666 4.3486
6ea6ea-4ea6ea -6.07875104015 -1.6530915694 3.9409
6ea6ea-6ea -6.20174649519 -1.94180435214 3.8831
6ea6ea-6ea-6ea -6.16990917607 -1.81282239265 3.8878
6ea6ea-6ea-6ea- -6.1990253568 -1.78152930122 3.9511
6ea6ea-6ea6ea- -6.08256063389 -2.11704566419 3.5878
6ea6ea6ea -6.2956257695 -1.49961936444 4.2687
6ea6ea6ea-6ea -6.14814006899 -1.83976166267 3.8490
6ea6ea6ea-6ea- -6.18052161578 -1.77690336596 3.9329
6ea6ea6ea6ea -6.23820974956 -1.60846489988 4.1254
6ea6ea6ea6ea- -6.17725624972 -1.71731043531 3.9695
6ed6ed -7.15060745033 -2.51378764085 4.0802
6ed6ed6ed -7.09237508888 -2.70943749079 3.8892
6ed6ed6ed6ed -7.06135411128 -2.84032424715 3.7869
6ee -6.50079960379 -1.60628798917 4.3878
6ee6ee -6.32528617791 -1.79105328557 4.0175
6ee6ee6ee -6.23195113127 -1.90207573171 3.8825
6ee6ee6ee6ee -6.17371876981 -1.97309744358 3.7799
6ef6ef -6.09045193521 -1.2764860168 4.1733
6ef6ef- -6.19956958448 -1.43186301863 4.1769
6ef6ef-4ef6ef -5.691260934 -1.59485920795 3.6011
6ef6ef-6ef -6.03929453355 -1.5578517259 3.9564
6ef6ef-6ef-6ef -5.86242053847 -1.69064327913 3.6866
6ef6ef-6ef-6ef- -5.75547979991 -1.75159677897 3.5626
6ef6ef-6ef6ef- -6.04582526568 -1.71050758934 3.8122
6ef6ef6ef -6.06187998216 -1.50397318586 3.9744
6ef6ef6ef-6ef -6.05779827458 -1.79486287931 3.7434
6ef6ef6ef-6ef- -5.97480355381 -1.86452402198 3.6259
6ef6ef6ef6ef -6.02922632153 -1.64438392657 3.8502
6ef6ef6ef6ef- -6.07167608035 -1.81499930336 3.7567
6eh6eh -5.53561181833 -0.961106077882 3.9519
6eh6eh- -5.53615604601 -0.96137819172 3.9520
6eh6eh-4eh6eh -5.30186603099 -1.08083616686 3.6655
6eh6eh-6eh -5.51520328044 -1.10314950162 3.8311
6eh6eh-6eh-6eh -5.50023701932 -1.12328592568 3.8060
6eh6eh-6eh-6eh- -5.50377449922 -1.11512251052 3.8220
6eh6eh-6eh6eh- -5.50268604386 -1.19566820674 3.7522
6eh6eh6eh -5.48717555506 -1.13525893458 3.7754
6eh6eh6eh-6eh -5.49180149032 -1.17716446572 3.7334
6eh6eh6eh-6eh- -5.46867181404 -1.21063446786 3.7068
6eh6eh6eh6eh -5.45506612211 -1.25444479588 3.6524
6eh6eh6eh6eh- -5.52173401257 -1.1431502359 3.7806
6ei6ei -6.37535512421 -1.1692731644 4.5085
6ei6ei- -6.37535512421 -1.1692731644 4.5085
6ei6ei-4ei6ei -6.16283421627 -1.21743731383 4.3894
6ei6ei-6ei -6.31685064891 -1.23185934727 4.4629
6ei6ei-6ei-6ei -6.28800658202 -1.29444553015 4.4288
6ei6ei-6ei-6ei- -6.24882218926 -1.39839301649 4.3133
6ei6ei-6ei6ei- -6.24855007543 -1.39839301649 4.3132
6ei6ei6ei -6.29480942798 -1.3039695145 4.4282
6ei6ei6ei-6ei -6.28800658202 -1.29417341631 4.4289
6ei6ei6ei-6ei- -6.261067312 -1.34941252554 4.3613
6ei6ei6ei6ei -6.24855007543 -1.39866513033 4.3129
6ei6ei6ei6ei- -6.27684991464 -1.34451447645 4.3864
6el6el -5.77697679316 -1.10695909536 4.0789
6el6el- -5.8879992393 -1.0952582003 4.2135
6el6el6el -5.62894686497 -1.32410593855 3.7929
6el6el6el6el -5.55765303926 -1.40954968387 3.6716
6el6el6el6el- -5.57125873119 -1.40193049639 3.6634
6fa6fa -5.84881484654 -1.46914261452 3.9425
6fa6fa- -5.94704794227 -1.22750552586 4.3055
6fa6fa-4fa6fa -5.79820167257 -1.45853017482 3.8834
6fa6fa-6fa -5.92908842893 -1.67785392871 3.8356
6fa6fa-6fa-6fa -5.85316866796 -1.6890105961 3.7174
6fa6fa-6fa-6fa- -5.6961589831 -1.45526480875 3.7881
6fa6fa-6fa6fa- -5.69779166613 -1.75540637271 3.5276
6fa6fa6fa -5.62649784042 -1.91241605757 3.3572
6fa6fa6fa-6fa -5.68663499875 -1.89908247948 3.4023
6fa6fa6fa-6fa- -5.52554360631 -1.69227596216 3.4454
6fa6fa6fa6fa -5.4958831979 -2.16684249665 3.0005
6fa6fa6fa6fa- -5.44744693463 -1.95595427175 3.1410
6fd6fd -6.67331977746 -2.50181463195 3.7166
6fd6fd- -6.89046662065 -1.97962817571 4.3634
6fd6fd-4fd6fd -6.88992239297 -2.38181242913 3.9929
6fd6fd-6fd -6.93645385937 -2.53637308945 3.8627
6fd6fd-6fd-6fd -6.92339239512 -2.61120439506 3.7924
6fd6fd-6fd-6fd- -6.8104651521 -2.42725544018 3.8607
6fd6fd-6fd6fd- -6.79604311866 -2.63977634811 3.6659
6fd6fd6fd -6.52882732917 -3.03325295871 3.1239
6fd6fd6fd-6fd -6.82107759181 -2.89175376264 3.4799
6fd6fd6fd-6fd- -6.66951018372 -2.73937001303 3.4713
6fd6fd6fd6fd -6.43549228253 -3.34836078379 2.7649
6fd6fd6fd6fd- -6.54651472868 -3.08168922197 3.0685
6fe6fe -5.73670394505 -1.76601881242 3.5285
6fe6fe- -5.97181030158 -1.22614495666 4.1989
6fe6fe-4fe6fe -5.90269338658 -1.49635399838 3.8853
6fe6fe-6fe -5.96446322794 -1.66043864305 3.7895
6fe6fe-6fe-6fe -5.93072111196 -1.75132466513 3.6740
6fe6fe-6fe-6fe- -5.78813346054 -1.54370180629 3.7244
6fe6fe-6fe6fe- -5.8118073645 -1.71676620763 3.6138
6fe6fe6fe -5.53670027369 -2.2144624184 2.9602
6fe6fe6fe-6fe -5.80527663237 -1.98153297258 3.3653
6fe6fe6fe-6fe- -5.65289288276 -1.839217435 3.3521
6fe6fe6fe6fe -5.41071156642 -2.47351479274 2.6250
6fe6fe6fe6fe- -5.51874076034 -2.20357786486 2.9219
6ff -5.8308553332 -0.616065730556 4.7176
6ff6ff -5.57098661735 -1.53254513891 3.5771
6ff6ff- -5.64309678457 -1.2490025191 3.9105
6ff6ff-4ff6ff -5.46703913101 -1.50751066576 3.4921
6ff6ff-6ff -5.63003532032 -1.64900986182 3.5037
6ff6ff-6ff-6ff -5.4888082381 -1.73227669643 3.3152
6ff6ff-6ff-6ff- -5.32173034121 -1.59050538653 3.2939
6ff6ff-6ff6ff- -5.47547466001 -1.73390937946 3.2767
6ff6ff6ff -5.43302490119 -1.98071663106 3.0624
6ff6ff6ff-6ff -5.49152937648 -1.91813044819 3.1449
6ff6ff6ff-6ff- -5.34159465142 -1.77799182131 3.1398
6ff6ff6ff6ff -5.33261489475 -2.24521128216 2.7451
6ff6ff6ff6ff- -5.31438326756 -2.02860866665 2.8952
6fh6fh -5.02376568795 -1.24873040527 3.2975
6fh6fh- -5.12444780823 -0.841920216582 3.7475
6fh6fh-4fh6fh -5.05097707181 -1.12872820245 3.4288
6fh6fh-6fh -5.07764422799 -1.30533008369 3.2931
6fh6fh-6fh-6fh -8.21511678688 0.400279456558 4.3321
6fh6fh-6fh-6fh- -4.96471698498 -1.12138112881 3.3357
6fh6fh-6fh6fh- -4.92852584445 -1.32709919078 3.1251
6fh6fh6fh -4.81804762598 -1.66071075688 2.7747
6fh6fh6fh-6fh -4.95328820376 -1.51948367466 2.9882
6fh6fh6fh-6fh- -4.79519006354 -1.3145819542 3.0188
6fh6fh6fh6fh -4.6877050973 -1.91377662677 2.4558
6fh6fh6fh6fh- -4.68552818659 -1.66397612295 2.6362
6fi6fi -5.70024069068 -1.33226935371 3.8403
6fi6fi- -5.8950741991 -0.865594120539 4.4848
6fi6fi-4fi6fi -8.91118398598 0.993759738512 5.0966
6fi6fi-6fi -5.96310265875 -1.24002276243 4.1672
6fi6fi-6fi-6fi -5.86840704292 -1.27485333377 4.0474
6fi6fi-6fi-6fi- -5.71629540715 -1.05825071826 4.0959
6fi6fi-6fi6fi- -5.78133061458 -1.27594178912 3.9657
6fi6fi6fi -5.4697602694 -1.75649482807 3.2900
6fi6fi6fi-6fi -5.66568223318 -1.54696717236 3.6283
6fi6fi6fi-6fi- -5.48935246577 -1.38478732456 3.6155
6fi6fi6fi6fi -5.33696871617 -2.00139728279 2.9641
6fi6fi6fi6fi- -5.34458790365 -1.76955629232 3.1643
6fl6fl -5.11655650691 -1.39431130891 3.3498
6fl6fl- -5.51411482508 -0.920561115933 4.0681
6fl6fl6fl -4.85940892945 -1.80520320517 2.7606
6fl6fl6fl6fl -4.69750119549 -2.04575183848 2.3946
6fl6fl6fl6fl- -4.91519226636 -1.81853678326 2.7615
6ha6ha -5.24172887266 -0.907771765519 3.7718
6ha6ha- -5.4352018119 -0.87103639731 4.0279
6ha6ha-4ha6ha -5.02294934644 -1.1812461733 3.3438
6ha6ha-6ha -5.27111716723 -1.15349056176 3.6344
6ha6ha-6ha-6ha -5.07329040658 -1.35458268848 3.2549
6ha6ha-6ha-6ha- -4.98186015681 -1.38669212143 3.1581
6ha6ha-6ha6ha- -5.17669366524 -1.30723488056 3.4030
6ha6ha6ha -5.05886837313 -1.22097479373 3.3618
6ha6ha6ha-6ha -5.11465171004 -1.31839154794 3.3284
6ha6ha6ha-6ha- -5.03383389998 -1.35186155009 3.2351
6ha6ha6ha6ha -4.95736991134 -1.39676033346 3.1245
6ha6ha6ha6ha- -5.02131666341 -1.36329033131 3.1989
6hd6hd -6.06487323438 -1.82016946629 3.6532
6hd6hd- -6.12963632796 -1.62125425029 3.8517
6hd6hd-4hd6hd -5.95738826814 -2.09990249236 3.3348
6hd6hd-6hd -6.04255989962 -1.93717841689 3.5484
6hd6hd-6hd-6hd -5.97344298462 -2.24711607903 3.2569
6hd6hd-6hd-6hd- -5.88337330404 -2.29065429321 3.1309
6hd6hd-6hd6hd- -5.97453143997 -2.115685095 3.4055
6hd6hd6hd -5.96664013865 -2.21881623982 3.2405
6hd6hd6hd-6hd -5.99004192877 -2.29228697624 3.2795
6hd6hd6hd-6hd- -5.88772712546 -2.32983868596 3.1363
6hd6hd6hd6hd -5.89316940223 -2.43950056291 3.0225
6hd6hd6hd6hd- -5.9987495716 -2.40575844693 3.1536
6he6he -5.26649123197 -1.16002129389 3.5350
6he6he- -5.37941847499 -0.974167542134 3.7827
6he6he-4he6he -5.1538361028 -1.31186081582 3.3231
6he6he-6he -5.25642301994 -1.18070194562 3.5450
6he6he-6he-6he -5.15927837957 -1.46506090694 3.2260
6he6he-6he-6he- -5.04063674595 -1.50478952737 3.0811
6he6he-6he6he- -5.19084358485 -1.32791553229 3.4273
6he6he6he -5.12145455601 -1.47757814352 3.1543
6he6he6he-6he -5.18648976343 -1.50179627515 3.2734
6he6he6he-6he- -5.07873268335 -1.53064034204 3.1330
6he6he6he6he -5.03165698927 -1.64764929263 2.9586
6he6he6he6he- -5.15873415189 -1.60846489988 3.1062
6hf6hf -5.09124991992 -1.03512104198 3.5145
6hf6hf- -5.21043578122 -1.01008656883 3.6872
6hf6hf-4hf6hf -4.87573575976 -1.32737130462 3.0385
6hf6hf-6hf -5.09778065205 -1.25063520214 3.3238
6hf6hf-6hf-6hf -4.86022527097 -1.49526554302 2.9445
6hf6hf-6hf-6hf- -4.64797647687 -1.57581123925 2.6821
6hf6hf-6hf6hf- -5.01451381744 -1.36437878666 3.1442
6hf6hf6hf -5.03764349372 -1.34451447645 3.1916
6hf6hf6hf-6hf -5.03165698927 -1.43812163692 3.1103
6hf6hf6hf-6hf- -4.91437592484 -1.52193269921 2.9401
6hf6hf6hf6hf -5.00308503622 -1.52410960991 3.0011
6hf6hf6hf6hf- -4.98947934429 -1.46315611007 3.0370
6hh -4.97043137559 -0.218235298545 4.2229
6hh6hh -4.68688875579 -0.773619643097 3.3560
6hh6hh6hh -4.55817891014 -1.03593738349 3.0300
6hh6hh6hh6hh -4.4683813434 -1.19267495452 2.8359
6hi6hi -5.18213594201 -0.783415741286 3.7640
6hi6hi- -5.42894319361 -0.582051500733 4.2215
6hi6hi-4hi6hi -5.01369747593 -0.821239564849 3.6049
6hi6hi-6hi -5.35111863577 -0.737428502565 4.0261
6hi6hi-6hi-6hi -5.13369967874 -0.98069827426 3.5843
6hi6hi-6hi-6hi- -5.00444560542 -1.08029193918 3.4028
6hi6hi-6hi6hi- -5.3026823725 -0.814980946562 3.9314
6hi6hi6hi -5.05070495797 -1.05607380755 3.4528
6hi6hi6hi-6hi -5.20934732587 -0.994576080028 3.6446
6hi6hi6hi-6hi- -5.06730390213 -1.04001909107 3.5489
6hi6hi6hi6hi -4.97668999388 -1.20274316655 3.2932
6hi6hi6hi6hi- -5.07138560971 -1.12655129174 3.4125
6hl6hl -4.72498469319 -0.897431439653 3.3084
6hl6hl- -5.02567048482 -0.69987679284 3.7497
6hl6hl6hl -4.5184502897 -1.18396731168 2.9045
6hl6hl6hl6hl -4.39980865608 -1.346963501 2.6771
6hl6hl6hl6hl- -7.53945812567 0.534431578981 3.8960
6ia6ia -6.35603504167 -0.995936649221 4.5013
6ia6ia- -6.33181691003 -1.02423648843 4.5444
6ia6ia-4ia6ia -5.9380681856 -1.27186008155 4.1924
6ia6ia-6ia -6.11548640836 -1.31050024662 4.2947
6ia6ia-6ia-6ia -8.90519748153 0.482185721972 4.6966
6ia6ia-6ia-6ia- -6.02732152466 -1.44737350743 4.0963
6ia6ia-6ia6ia- -6.01235526353 -1.45091098733 4.0882
6ia6ia6ia -6.14487470292 -1.27621390296 4.2935
6ia6ia6ia-6ia -6.00283127918 -1.44628505208 4.0845
6ia6ia6ia-6ia- -6.00691298676 -1.46506090694 4.0688
6ia6ia6ia6ia -6.01834176798 -1.44900619046 4.0894
6ia6ia6ia6ia- -6.00827355595 -1.44138700298 4.0916
6id6id -7.20829558411 -2.01173760866 4.3296
6id6id- -7.2300646912 -1.97092053287 4.4324
6id6id-4id6id -7.0262514261 -2.32140315697 4.2172
6id6id-6id -7.1525122472 -2.22017680901 4.2854
6id6id-6id-6id -7.06598004653 -2.49610024134 4.0665
6id6id-6id-6id- -7.04366671177 -2.50371942882 4.0218
6id6id-6id6id- -7.09754525181 -2.38807104742 4.1946
6id6id6id -7.09618468262 -2.36194811892 4.1198
6id6id6id-6id -7.08693281211 -2.47705227264 4.1198
6id6id6id-6id- -7.05183012693 -2.51106650246 4.0360
6id6id6id6id -7.03495906894 -2.55514894431 3.9807
6id6id6id6id- -7.05591183451 -2.54780187067 4.0212
6ie6ie -6.26161153968 -1.26260821103 4.3615
6ie6ie- -6.3146737382 -1.2122671509 4.5038
6ie6ie-4ie6ie -6.0488185179 -1.39485553659 4.1613
6ie6ie-6ie -6.22814153753 -1.31920788946 4.3974
6ie6ie-6ie-6ie -6.10977201775 -1.58587945127 4.0388
6ie6ie-6ie-6ie- -6.05126754245 -1.60683221684 3.9584
6ie6ie-6ie6ie- -6.14378624757 -1.38288252769 4.3075
6ie6ie6ie -6.11711909139 -1.54424603397 4.0681
6ie6ie6ie-6ie -6.16882072072 -1.56737571025 4.1363
6ie6ie6ie-6ie- -6.07875104015 -1.59513132178 4.0157
6ie6ie6ie6ie -6.03085900456 -1.69662978358 3.8657
6ie6ie6ie6ie- -6.1179354329 -1.65363579708 3.9882
6if6if -6.01698119879 -1.0465498232 4.3162
6if6if- -6.0988874642 -1.00301160902 4.4553
6if6if-4if6if -5.6186065391 -1.27866292751 3.8357
6if6if-6if -5.90187704507 -1.19512397906 4.1581
6if6if-6if-6if -5.67248507914 -1.45499269491 3.7569
6if6if-6if-6if- -5.58731344766 -1.52302115456 3.6291
6if6if-6if6if- -5.88745501162 -1.32682707694 4.0257
6if6if6if -5.94786428379 -1.36492301434 3.9979
6if6if6if-6if -5.91439428164 -1.43784952308 3.9561
6if6if6if-6if- -5.846365822 -1.52927977285 3.8346
6if6if6if6if -5.90922411871 -1.53662684649 3.8183
6if6if6if6if- -5.976164123 -1.50723855192 3.8999
6ih6ih -5.44744693463 -0.731714111955 4.1133
6ih6ih- -5.49261783184 -0.579058248509 4.2932
6ih6ih-4ih6ih -5.20635407365 -0.751578422172 3.8955
6ih6ih-6ih -5.43220855967 -0.707768094159 4.1291
6ih6ih-6ih-6ih -5.37125505983 -0.908588107035 3.8887
6ih6ih-6ih-6ih- -5.32989375636 -0.981514615776 3.7854
6ih6ih-6ih6ih- -5.40635774501 -0.769810049357 4.0581
6ih6ih6ih -5.34785326971 -0.972534859102 3.8205
6ih6ih6ih-6ih -5.38350018256 -0.907771765519 3.9266
6ih6ih6ih-6ih- -5.35084652193 -0.956480142626 3.8446
6ih6ih6ih6ih -5.27274985026 -1.11049657527 3.6370
6ih6ih6ih6ih- -5.3266283903 -1.04627770936 3.7389
6ii -6.5565829407 -0.46531466398 4.8125
6ii6ii -6.31059203062 -0.710761346384 4.6622
6ii6ii6ii6ii -6.02895420769 -1.09253706192 4.3289
6il6il- -5.75575191375 -0.78831379038 4.3932
6il6il6il6il -8.29430191391 0.600827355595 4.5577
6la6la6la6la -5.6066335302 -1.24573715304 3.8686
6ld6ld -6.72366083759 -1.84901353318 4.3235
6ld6ld6ld -6.65862563017 -2.15677428462 3.9774
6ld6ld6ld6ld -6.64066611683 -2.29473600079 3.8202
6le6le -5.84908696038 -1.17444332733 4.1365
6le6le6le -5.72554727767 -1.40084204104 3.8146
6le6le6le6le -5.65289288276 -1.51104814566 3.6408
6lf6lf -5.49669953942 -1.02940665137 3.8669
6lf6lf6lf -5.39302416691 -1.29390130247 3.5708
6lf6lf6lf6lf -5.33234278091 -1.44628505208 3.4056
6lh6lh -5.0656712191 -0.736612161049 3.7516
6lh6lh6lh -4.93505657658 -0.960289736366 3.4453
6lh6lh6lh6lh -4.88471551644 -1.03702583885 3.3222
6li6li -5.73507126202 -0.795932977861 4.4031
6li6li6li -5.69071670633 -0.820423223334 4.2736
6li6li6li6li -5.53642815985 -1.0310393344 3.9814
6ll -5.56119051916 -0.471573282268 4.6055
6ll6ll -5.25016440166 -0.868859486602 3.8783
6ll6ll6ll -5.05669146242 -1.09199283424 3.5019
6ll6ll6ll6ll -4.95165552073 -1.18532788088 3.3051
