12dd -9.22683603874 -0.0718380533864 6.2667
12dd12dd -8.7484599105 -1.84792507783 4.3973
12dd12dd- -8.78982121397 -1.899898821 4.4270
12dd12dd-12dd -8.63199518759 -2.35732218366 3.8799
12dd12dd-12dd-12dd -8.60151843767 -2.5804555313 3.6562
12dd12dd-12dd-12dd- -8.71444568068 -2.67732805784 3.7143
12dd12dd-12dd12dd- -8.55961290653 -2.62508220083 3.6110
12dd12dd-4dd12dd -8.7103639731 -2.69447122967 3.7852
12dd12dd12dd -8.93594634529 -2.16112810604 4.2830
12dd12dd12dd-12dd -8.52478233519 -2.77338424286 3.4865
12dd12dd12dd-12dd- -8.58519160735 -2.7997792852 3.5342
12dd12dd12dd12dd -8.96805577824 -2.50834536408 4.0338
12dd12dd12dd12dd- -8.71444568068 -2.67732805784 3.7142
12dh -7.5185053601 0.710761346384 5.3134
12dh12dh -6.96747483697 -0.217691070868 4.1920
12dh12dh- -6.88148686397 -0.270753269392 4.1721
12dh12dh-12dh -6.48175163509 -0.68463841788 3.4503
12dh12dh-12dh-12dh -6.33644284529 -0.924370709673 3.1218
12dh12dh-12dh-12dh- -6.49073139177 -0.988861689418 3.2737
12dh12dh-12dh12dh- -6.27712202848 -0.912397700775 3.1110
12dh12dh-4dh12dh -6.60066538255 -0.883553633885 3.4647
12dh12dh12dh -6.68883026626 -0.660420286246 3.6869
12dh12dh12dh-12dh -6.29970747708 -0.897703553492 3.1908
12dh12dh12dh-12dh- -6.44447203921 -0.956208028787 3.3076
12dh12dh12dh12dh -6.55984830677 -0.905594854811 3.4105
12dh12dh12dh12dh- -6.34052455287 -0.863961437507 3.2613
12hd -7.5185053601 0.710761346384 5.3134
12hd12hd -6.96747483697 -0.217691070868 4.1920
12hd12hd- -6.88148686397 -0.270753269392 4.1721
12hd12hd-12hd -6.48175163509 -0.68463841788 3.4503
12hd12hd-12hd-12hd -6.33644284529 -0.924370709673 3.1218
12hd12hd-12hd-12hd- -6.34052455287 -0.863961437507 3.2613
12hd12hd-12hd12hd- -6.27712202848 -0.912125586937 3.1110
12hd12hd-4hd12hd -6.73155213891 -1.05552957987 3.3696
12hd12hd12hd -6.68883026626 -0.660420286246 3.6868
12hd12hd12hd-12hd -6.40746455716 -0.963555102429 3.2104
12hd12hd12hd-12hd- -6.44474415305 -0.955935914949 3.3078
12hd12hd12hd12hd -6.55984830677 -0.905594854811 3.4105
12hd12hd12hd12hd- -6.49045927793 -0.989133803256 3.2733
12hh -6.77264132854 2.56331235947 6.2703
12hh12hh -5.83194378855 1.57771603612 4.7779
12hh12hh- -5.87684257192 1.27240430922 4.6367
12hh12hh-12hh -5.30921310463 0.955935914949 3.9019
12hh12hh-12hh-12hh -5.12907374349 0.75566012975 3.5805
12hh12hh-12hh-12hh- -5.12662471894 0.818790540302 3.6444
12hh12hh-12hh12hh- -5.17261195766 0.640828089867 3.5416
12hh12hh-4hh12hh -5.28309017613 0.624229145714 3.5689
12hh12hh12hh -5.36935026296 1.19566820674 4.1447
12hh12hh12hh-12hh -5.27465464713 0.583956297603 3.6044
12hh12hh12hh-12hh- -5.17832634827 0.783143627447 3.6772
12hh12hh12hh12hh -5.17342829918 0.888995910657 3.7564
12hh12hh12hh12hh- -5.1263526051 0.818790540302 3.6443
13aa -7.01754378327 2.85012034534 6.8953
13aa13aa -6.38297431169 1.98234931409 5.6110
13aa13aa- -6.06868282812 1.61717254271 5.0848
13aa13aa-13aa -5.93942875479 1.46778204533 4.8477
13aa13aa-13aa-13aa -5.80609297389 1.25879861729 4.5685
13aa13aa-13aa-13aa- -5.94269412086 1.35567114383 4.7458
13aa13aa-13aa13aa- -5.75466345839 1.23430837182 4.5129
13aa13aa-4aa13aa -6.01997445101 0.532798895949 4.2691
13aa13aa13aa -6.0812000647 1.51676253627 4.9935
13aa13aa13aa-13aa -5.84827061887 1.28546577348 4.6203
13aa13aa13aa-13aa- -5.90187704507 1.29036382257 4.6631
13aa13aa13aa13aa -6.1037855133 1.5007078198 4.9748
13aa13aa13aa13aa- -5.87221663666 1.24981886062 4.6098
13ad13ad -7.53456007658 0.413885148488 5.2245
13ad13ad- -7.27741249911 0.0054422767717 4.6968
13ad13ad-13ad -6.99386987931 -0.390483358369 4.1580
13ad13ad-13ad-13ad -6.93563751785 -0.571711174867 3.9799
13ad13ad-13ad-13ad- -6.98761126102 -0.718924761541 3.9778
13ad13ad-13ad13ad- -6.85209856941 -0.629671422485 3.8718
13ad13ad-4ad13ad -7.19468989219 -1.04981518926 3.9004
13ad13ad13ad -7.36394469978 -0.155377001832 4.6630
13ad13ad13ad-13ad -7.04965321622 -0.638106951482 4.0150
13ad13ad13ad-13ad- -7.13781809992 -0.614977275202 4.1110
13ad13ad13ad13ad -7.59007129965 -0.164628872344 4.8187
13ad13ad13ad13ad- -7.20475810421 -0.608990770753 4.1816
13ae13ae -6.55277334696 1.18532788088 5.0697
13ae13ae- -6.35168122025 0.812531922015 4.6127
13ae13ae-13ae -6.0001101408 0.500961576835 4.0845
13ae13ae-13ae-13ae -5.91874810306 0.350482624097 3.9139
13ae13ae-13ae-13ae- -6.05426079468 0.415245717681 4.0808
13ae13ae-13ae13ae- -5.81616118591 0.319733760337 3.8064
13ae13ae-4ae13ae -6.1680043792 -0.153472204962 3.8162
13ae13ae13ae -6.25671349058 0.715659395478 4.4902
13ae13ae13ae-13ae -5.93507493338 0.329529858526 3.9084
13ae13ae13ae-13ae- -6.00963412515 0.336332704491 3.9803
13ae13ae13ae13ae -6.32474195023 0.722734355282 4.5458
13ae13ae13ae13ae- -6.0501790871 0.3730680727 4.0597
13af13af -6.22324348844 1.92438906647 5.3422
13af13af- -5.88854346698 1.68084718094 5.0049
13af13af-13af -5.18730610494 1.39676033346 4.2542
13af13af-13af-13af -5.39356839459 1.17689235188 4.1817
13af13af-13af-13af- -5.47057661091 1.13036088548 4.2046
13af13af-13af13af- -4.92172299849 1.13253779619 3.8678
13af13af-4af13af -5.45125652837 0.672393295143 3.8916
13af13af13af -6.10841144855 1.52927977285 4.9462
13af13af13af-13af -5.44200465786 1.02831819601 4.1329
13af13af13af-13af- -5.63221223103 1.05933917361 4.2744
13af13af13af13af -6.06977128348 1.30451374218 4.7424
13af13af13af13af- -5.78405175296 1.0655977919 4.3911
13ah13ah -5.76935760568 2.12656964854 5.1775
13ah13ah- -5.6616005256 1.86588459118 4.9525
13ah13ah-13ah -5.23737505124 1.52030001617 4.3643
13ah13ah-13ah-13ah -5.13506024794 1.39458342275 4.1480
13ah13ah-13ah-13ah- -5.17206772998 1.468326273 4.2358
13ah13ah-13ah13ah- -4.98594186439 1.33771163048 4.0451
13ah13ah-4ah13ah -5.30975733231 0.879744040145 3.8894
13ah13ah13ah -5.54867328258 1.78751580566 4.7377
13ah13ah13ah-13ah -5.18159171433 1.30832333592 4.1318
13ah13ah13ah-13ah- -5.20499350445 1.3420654519 4.1635
13ah13ah13ah13ah -5.46540644798 1.61744465655 4.5283
13ah13ah13ah13ah- -5.39520107762 1.43893797844 4.3599
13ai13ai -6.24664527856 2.07595647456 5.5581
13ai13ai- -6.15086120737 1.98507045248 5.4100
13ai13ai-13ai -5.82895053633 1.62071002261 4.8669
13ai13ai-13ai-13ai -5.74214622182 1.47540123281 4.6732
13ai13ai-13ai-13ai- -5.80228338015 1.49172806312 4.7329
13ai13ai-13ai13ai- -5.62840263729 1.38968537365 4.5287
13ai13ai-4ai13ai -5.91793176154 0.715931509317 4.3225
13ai13ai13ai -6.04473681033 1.77254954454 5.1479
13ai13ai13ai-13ai -5.7222819116 1.42614862802 4.6235
13ai13ai13ai-13ai- -5.77316719942 1.42179480661 4.6598
13ai13ai13ai13ai -5.95330656056 1.60846489988 4.9315
13ai13ai13ai13ai- -5.89262517456 1.57499489773 4.8590
13al13al -5.54323100581 1.7031605157 4.7888
13al13al- -5.66323320863 1.77853604899 4.9098
13al13al-13al -5.08961723689 1.35485480231 4.1391
13al13al-13al-13al -5.10050179044 1.10668698152 3.9289
13al13al-13al-13al- -5.27792001319 1.19594032058 4.1150
13al13al-13al13al- -6.38651179159 2.11976680258 4.3525
13al13al13al -5.35030229426 1.399209358 4.3415
13al13al13al-13al -5.10077390427 1.1417896667 3.9506
13al13al13al-13al- -5.20526561829 1.16981739208 4.0343
13al13al13al13al -5.25778358914 1.26723414629 4.1633
13al13al13al13al- -5.14213520774 1.27866292751 4.0723
13da13da -7.5340158489 0.41334092081 5.2235
13da13da- -7.27741249911 0.0054422767717 4.6968
13da13da-13da -6.99386987931 -0.390483358369 4.1580
13da13da-13da-13da -6.84039767435 -0.691985491521 3.8165
13da13da-13da-13da- -7.29809315085 -0.478376128232 4.3471
13da13da-13da13da- -6.85209856941 -0.629671422485 3.8718
13da13da-4da13da -7.12802200173 -1.18315097017 3.7769
13da13da13da -7.36394469978 -0.155104887993 4.6630
13da13da13da-13da -6.84339092657 -0.674842319691 3.8393
13da13da13da-13da- -7.13727387224 -0.61524938904 4.1103
13da13da13da13da -7.59007129965 -0.164628872344 4.8188
13da13da13da13da- -6.83658808061 -0.782871513609 3.7708
13dd -8.6412470581 0.40953132707 6.1378
13dd13dd -8.24804256135 -1.30832333592 4.4195
13dd13dd- -8.24831467519 -1.30832333592 4.4197
13dd13dd-13dd -8.09021653497 -1.54723928619 4.0832
13dd13dd-13dd-13dd -8.1645036129 -1.73799108704 4.0235
13dd13dd-13dd-13dd- -8.3266834607 -1.95867541013 4.0487
13dd13dd-13dd13dd- -8.01973905077 -1.74343336381 3.8843
13dd13dd-4dd13dd -8.24450508145 -2.43269771695 3.6921
13dd13dd13dd -8.09048864881 -1.54696717236 4.0836
13dd13dd13dd-13dd -8.17865353251 -1.85581637915 3.9345
13dd13dd13dd-13dd- -8.36777265032 -1.97364167126 4.0299
13dd13dd13dd13dd -8.01973905077 -1.74343336381 3.8843
13dd13dd13dd13dd- -8.3266834607 -1.95867541013 4.0487
13de13de -7.55251958992 0.103947486339 4.9450
13de13de- -7.33537274673 -0.510213447347 4.3332
13de13de-13de -7.05863297289 -0.814164605046 3.8293
13de13de-13de-13de -7.06543581886 -0.92681973422 3.8120
13de13de-13de-13de- -7.34435250341 -0.881104609338 4.0792
13de13de-13de13de- -6.91849434602 -1.01770575631 3.5593
13de13de-4de13de -7.20122062431 -1.58696790663 3.5351
13de13de13de -7.60286065006 -0.16354041699 4.8053
13de13de13de-13de -7.04312248409 -0.993215510835 3.7076
13de13de13de-13de- -7.24230981394 -0.995664535382 3.9091
13de13de13de13de -7.57673772156 -0.413068806972 4.5937
13de13de13de13de- -7.1418998075 -1.03974697723 3.8387
13df13df -7.2491126599 0.296604084058 4.8469
13df13df- -6.82325450252 0.181499930336 4.4924
13df13df-13df -6.44637683608 -0.0903417944102 3.9858
13df13df-13df-13df -6.3802531733 -0.317556849629 3.7445
13df13df-13df-13df- -6.86026198456 -0.413885148488 4.0232
13df13df-13df13df- -6.27712202848 -0.377694007956 3.6436
13df13df-4df13df -6.64855741815 -0.757020698943 3.6733
13df13df13df -7.12121915577 -0.265855220297 4.3405
13df13df13df-13df -6.51113992966 -0.493342389354 3.7341
13df13df13df-13df- -6.81427474584 -0.566541011934 3.9007
13df13df13df13df -7.18326111096 -0.453613768921 4.2304
13df13df13df13df- -6.82407084403 -0.693618174553 3.7790
13dh13dh -6.60148172407 0.557289141422 4.4964
13dh13dh- -6.6412103445 0.335516362975 4.4445
13dh13dh-13dh -6.41072992322 0.000816341515755 4.0612
13dh13dh-13dh-13dh -6.24065877411 -0.17687399508 3.6942
13dh13dh-13dh-13dh- -6.34732739883 -0.230480421281 3.8079
13dh13dh-13dh13dh- -6.29344885879 -0.159458709411 3.8368
13dh13dh-4dh13dh -6.52093602785 -0.591847598922 3.6443
13dh13dh13dh -6.50352074218 0.173336515179 4.1431
13dh13dh13dh-13dh -6.36664748137 -0.218507412384 3.8239
13dh13dh13dh-13dh- -6.35957252157 -0.26531099262 3.7721
13dh13dh13dh13dh -6.49726212389 -0.0429939864964 3.9646
13dh13dh13dh13dh- -6.2850133298 -0.232385218152 3.6810
13di13di -7.32503242087 0.542594994138 5.1265
13di13di- -7.04121768722 0.146397245159 4.6102
13di13di-13di -6.7413482371 -0.200547899037 4.0783
13di13di-13di-13di -6.72284449608 -0.338237501361 3.9856
13di13di-13di-13di- -7.03495906894 -0.25769180514 4.2975
13di13di-13di13di- -6.57780782011 -0.417694742228 3.7910
13di13di-4di13di -6.9190385737 -0.893349732074 3.8319
13di13di13di -7.27632404376 0.177418222757 4.8174
13di13di13di-13di -6.76121254732 -0.407354416362 3.9489
13di13di13di-13di- -6.95495760039 -0.354836445515 4.1474
13di13di13di13di -7.31578055036 -0.0133335780907 4.6941
13di13di13di13di- -6.84230247122 -0.457967590338 4.0068
13dl13dl -7.17074387439 0.440552304669 4.8831
13dl13dl- -6.73699441569 0.357285470062 4.5450
13dl13dl-13dl -6.25807405978 -0.00272113838585 3.8733
13dl13dl-13dl-13dl -6.4338595995 -0.287624327384 3.7750
13dl13dl-13dl-13dl- -6.08147217853 -0.156193343348 3.6018
13dl13dl-13dl13dl- -6.08147217853 -0.156465457186 3.6018
13dl13dl13dl -7.07713671392 0.122179113525 4.5780
13dl13dl13dl-13dl -6.23276747279 -0.275923432325 3.6527
13dl13dl13dl13dl -7.10951826071 -0.0225854486025 4.4765
13dl13dl13dl13dl- -6.51386106805 -0.320005874176 3.8178
13ea13ea -6.5530454608 1.18587210855 5.0702
13ea13ea- -6.35168122025 0.812531922015 4.6128
13ea13ea-13ea -6.0001101408 0.500961576835 4.0846
13ea13ea-13ea-13ea -5.93180956731 0.36735368209 3.9393
13ea13ea-13ea-13ea- -6.12963632796 0.485451088035 4.2068
13ea13ea-13ea13ea- -5.81616118591 0.319733760337 3.8063
13ea13ea-4ea13ea -6.10215283027 -0.227759282896 3.7333
13ea13ea13ea -6.25671349058 0.715659395478 4.4903
13ea13ea13ea-13ea -5.90160493123 0.329257744688 3.8816
13ea13ea13ea-13ea- -6.00963412515 0.336332704491 3.9803
13ea13ea13ea13ea -6.32446983639 0.722462241443 4.5456
13ea13ea13ea13ea- -6.05426079468 0.415245717681 4.0810
13ed13ed -7.55279170376 0.103947486339 4.9453
13ed13ed- -7.33510063289 -0.510485561185 4.3331
13ed13ed-13ed -7.05890508673 -0.814164605046 3.8294
13ed13ed-13ed-13ed -7.06543581886 -0.92681973422 3.8120
13ed13ed-13ed-13ed- -7.1418998075 -1.03974697723 3.8387
13ed13ed-13ed13ed- -6.93400483482 -0.965732013138 3.6205
13ed13ed-4ed13ed -7.23877233404 -1.48274830645 3.6393
13ed13ed13ed -7.60367699158 -0.162996189312 4.8061
13ed13ed13ed-13ed -7.09591256878 -1.03620949733 3.7064
13ed13ed13ed-13ed- -7.24230981394 -0.995664535382 3.9091
13ed13ed13ed13ed -7.57673772156 -0.41334092081 4.5935
13ed13ed13ed13ed- -7.34435250341 -0.881376723177 4.0791
13ee -7.26924908396 1.52574229295 5.7426
13ee13ee -6.83577173909 0.851716314771 4.9637
13ee13ee- -6.55331757464 0.22694294138 4.2970
13ee13ee-13ee -6.24991064462 0.109389763111 3.9291
13ee13ee-13ee-13ee -6.18188218497 -0.0103403258662 3.8026
13ee13ee-13ee-13ee- -6.39521943442 0.0130614642521 4.0351
13ee13ee-13ee13ee- -6.08773079682 -0.00789130131896 3.7269
13ee13ee-4ee13ee -6.34025243903 -0.69987679284 3.5620
13ee13ee13ee -6.75767506742 0.670760612112 4.7927
13ee13ee13ee-13ee -6.21834543934 -0.00734707364179 3.8233
13ee13ee13ee-13ee- -6.33916398367 -0.0767361024809 3.9107
13ee13ee13ee13ee -6.65508815027 0.48653954339 4.5726
13ee13ee13ee13ee- -6.39521943442 0.0127893504135 4.0351
13ef13ef -6.36909650592 1.03022299288 4.7167
13ef13ef- -6.0607915268 0.932262010992 4.4930
13ef13ef-13ef -5.58323174009 0.717019964671 3.9497
13ef13ef-13ef-13ef -5.46431799262 0.550486295457 3.7432
13ef13ef-13ef-13ef- -5.77806524851 0.572527516383 4.0364
13ef13ef-13ef13ef- -5.37506465357 0.45960027337 3.6124
13ef13ef-4ef13ef -5.72854052989 0.163268303151 3.6682
13ef13ef13ef -6.09507787046 0.564908328902 4.1801
13ef13ef13ef-13ef -5.58568076463 0.383680512405 3.6947
13ef13ef13ef-13ef- -5.8104467953 0.335516362975 3.8429
13ef13ef13ef13ef -6.05807038842 0.460144501047 4.0662
13ef13ef13ef13ef- -5.89534631294 0.303406930022 3.8262
13eh13eh -5.9309932258 1.28737057035 4.5439
13eh13eh- -6.18922925861 0.984235754162 4.6082
13eh13eh-13eh -5.61642962839 0.782055172093 4.0349
13eh13eh-13eh-13eh -5.44635847928 0.693890288392 3.7928
13eh13eh-13eh-13eh- -5.46867181404 0.72681606286 3.8586
13eh13eh-13eh13eh- -5.39846644369 0.65579435099 3.7755
13eh13eh-4eh13eh -5.6686754854 0.284903188998 3.6868
13eh13eh13eh -5.71194158574 1.02015478085 4.1902
13eh13eh13eh-13eh -5.50186970235 0.648175163509 3.8181
13eh13eh13eh-13eh- -5.48254961981 0.671304839789 3.8155
13eh13eh13eh13eh -5.61806231142 0.887091113787 4.0129
13eh13eh13eh13eh- -5.561462633 0.784232082802 3.9150
13ei13ei -6.48474488732 1.31893577562 5.1071
13ei13ei- -6.1884129171 0.910492903905 4.5497
13ei13ei-13ei -7.30190274459 1.57907660531 4.3904
13ei13ei-13ei-13ei -5.80935833995 0.565180442741 3.9890
13ei13ei-13ei-13ei- -6.00555241757 0.68463841788 4.2513
13ei13ei-13ei13ei- -7.04856476086 1.35621537151 4.1968
13ei13ei-4ei13ei -5.98759290422 0.0263950423427 3.8467
13ei13ei13ei -6.32093235649 1.05471323836 4.7904
13ei13ei13ei-13ei -5.76119419052 0.454430110437 3.8280
13ei13ei13ei-13ei- -5.92582306286 0.530894099079 4.0500
13ei13ei13ei13ei -6.27086341019 0.935527377055 4.6540
13ei13ei13ei13ei- -5.99902168544 0.601371583273 4.1640
13el13el -6.25861828745 0.893893959751 4.5916
13el13el- -5.99221883948 1.09036015121 4.5417
13el13el-13el -5.86133208312 0.617154185911 4.0456
13el13el-13el-13el -5.71765597635 0.391571813724 3.7481
13el13el-13el-13el- -5.68745134026 0.46531466398 3.7872
13el13el-13el13el- -5.59547686282 0.514023041087 3.7714
13el13el13el -6.31793910426 0.966548354654 4.6953
13el13el13el-13el -5.76582012578 0.478920355909 3.8654
13el13el13el-13el- -5.71547906564 0.52490759463 3.8688
13el13el13el13el -5.89589054062 0.480280925102 3.9962
13el13el13el13el- -5.94269412086 0.66531833534 4.1548
13fa13fa -5.63493336942 1.72329693976 4.8833
13fa13fa- -5.84418891129 1.67322799346 4.9701
13fa13fa-13fa -5.1799590313 1.35186155009 4.2213
13fa13fa-13fa-13fa- -5.81997077965 1.06750258877 4.4174
13fa13fa-13fa13fa- -5.06648756061 1.09607454182 3.9338
13fa13fa-4fa13fa -5.41288847713 0.466131005496 3.7960
13fa13fa13fa -5.46159685424 1.37227008798 4.4181
13fa13fa13fa-13fa -5.29615164038 1.13961275599 4.1069
13fa13fa13fa-13fa- -5.60608930253 1.05090364461 4.2474
13fa13fa13fa13fa -5.24798749095 1.08546210212 4.0216
13fa13fa13fa13fa- -5.47438620465 1.13199356851 4.2084
13fd13fd -7.0847559014 0.45960027337 4.8660
13fd13fd- -6.82325450252 0.181499930336 4.4924
13fd13fd-13fd -6.46270366639 -0.178234564273 3.9366
13fd13fd-13fd-13fd -6.54869163938 -0.479464583587 3.7159
13fd13fd-13fd-13fd- -6.85971775689 -0.630487764001 3.8603
13fd13fd-13fd13fd- -6.27984316686 -0.37687766644 3.6455
13fd13fd-4fd13fd -6.55358968848 -0.940969653827 3.5602
13fd13fd13fd -7.02788410913 0.114287812206 4.5649
13fd13fd13fd-13fd -6.52583407694 -0.383408398566 3.8103
13fd13fd13fd-13fd- -6.81427474584 -0.566541011934 3.9007
13fd13fd13fd13fd -6.82706409626 -0.692801833037 3.7810
13fd13fd13fd13fd- -6.83985344667 -0.492253934 3.9516
13fe13fe -6.39249829604 1.25934284497 4.9647
13fe13fe- -6.0607915268 0.932262010992 4.4930
13fe13fe-13fe -5.61833442526 0.625589714907 3.9132
13fe13fe-13fe-13fe -5.6066335302 0.419871652937 3.6991
13fe13fe-13fe-13fe- -5.89534631294 0.303406930022 3.8262
13fe13fe-13fe13fe- -5.37506465357 0.459328159531 3.6124
13fe13fe-4fe13fe -5.66976394076 -0.0770082163195 3.5533
13fe13fe13fe -6.20446763357 1.03076722056 4.6449
13fe13fe13fe-13fe -5.53778872904 0.466403119335 3.7513
13fe13fe13fe-13fe- -5.80037858328 0.3229991264 3.8257
13fe13fe13fe13fe -6.10868356239 0.890900707527 4.4646
13fe13fe13fe13fe- -5.73507126202 0.533071009788 3.9751
13ff -6.57862416163 2.87515481849 6.0224
13ff13ff -5.88174062101 1.75486214503 5.0733
13ff13ff- -5.907047208 1.60057359856 4.9840
13ff13ff-13ff -6.83250637303 2.43813999372 4.8321
13ff13ff-13ff-13ff -5.0621337392 1.11185714446 3.9327
13ff13ff-13ff-13ff- -5.2229530178 0.98831746174 3.9514
13ff13ff-13ff13ff- -5.18431285272 1.05906705977 3.9609
13ff13ff-4ff13ff -5.31438326756 0.624773373391 3.7439
13ff13ff13ff -5.47465831849 1.22451227363 4.3237
13ff13ff13ff-13ff -5.43057587664 1.10695909536 4.1865
13ff13ff13ff-13ff- -5.73996931111 0.958929167173 4.3225
13ff13ff13ff13ff -5.25914415833 0.912941928452 3.9125
13ff13ff13ff13ff- -5.22268090396 0.988045347902 3.9507
13fh13fh -5.79466419267 1.81826466942 5.0647
13fh13fh- -5.7568403691 1.65037043102 4.8907
13fh13fh-13fh -5.36989449063 1.4696868422 4.4059
13fh13fh-13fh-13fh -5.08090959406 1.24927463294 3.9922
13fh13fh-13fh-13fh- -5.34241099294 1.07865925615 4.0711
13fh13fh-13fh13fh- -6.54216090726 2.03541151262 4.4107
13fh13fh-4fh13fh -5.24962017398 0.675658661206 3.7530
13fh13fh13fh -5.47547466001 1.42152269277 4.5147
13fh13fh13fh-13fh -5.29533529886 1.1276397471 4.0752
13fh13fh13fh-13fh- -5.5269041755 0.89035647985 4.0800
13fh13fh13fh13fh -5.31873708898 1.19077015765 4.2270
13fh13fh13fh13fh- -5.22240879012 1.09961202172 4.0849
13fi13fi -6.12664307574 1.95785906862 5.3285
13fi13fi- -5.80201126631 1.79459076547 5.0139
13fi13fi-13fi -5.35955416477 1.399209358 4.3363
13fi13fi-13fi-13fi -5.38975880085 1.269411057 4.2410
13fi13fi-13fi-13fi- -5.72772418837 1.25934284497 4.4845
13fi13fi-13fi13fi- -5.10893731943 1.20247105271 3.9887
13fi13fi-4fi13fi -5.37969058882 0.627766625615 3.8574
13fi13fi13fi -5.62949109264 1.68792214074 4.7842
13fi13fi13fi-13fi -5.22567415618 1.23811796556 4.1008
13fi13fi13fi-13fi- -7.11387208213 2.08194297901 4.7708
13fi13fi13fi13fi -5.492345718 1.56819205176 4.5762
13fi13fi13fi13fi- -5.46894392788 1.32138480017 4.3389
13fl13fl -6.36365422915 2.30099461907 5.8303
13fl13fl- -5.71221369957 1.81418296185 4.9861
13fl13fl-13fl -5.26404220743 1.4005699272 4.2817
13fl13fl-13fl13fl- -5.00961576835 1.19920568664 3.9166
13fl13fl13fl -5.23111643296 1.38995748749 4.2444
13fl13fl13fl-13fl -4.95192763457 1.23566894101 3.9015
13fl13fl13fl13fl -6.19820901529 1.97799549267 5.5667
13fl13fl13fl13fl- -5.11247479933 1.11457828284 3.9165
13ha13ha -5.76935760568 2.12656964854 5.1775
13ha13ha- -5.6616005256 1.86588459118 4.9525
13ha13ha-13ha -5.23737505124 1.52030001617 4.3643
13ha13ha-13ha-13ha -5.13506024794 1.39458342275 4.1480
13ha13ha-13ha-13ha- -5.39520107762 1.43893797844 4.3599
13ha13ha-13ha13ha- -4.98594186439 1.33771163048 4.0451
13ha13ha-4ha13ha -5.38268384105 0.747224600754 3.9409
13ha13ha13ha -5.54867328258 1.78751580566 4.7377
13ha13ha13ha-13ha -4.99111202732 1.36737203889 4.0672
13ha13ha13ha-13ha- -5.20499350445 1.3420654519 4.1635
13ha13ha13ha13ha -5.46567856182 1.61744465655 4.5285
13ha13ha13ha13ha- -5.17233984382 1.46859838684 4.2361
13hd13hd -6.60148172407 0.557289141422 4.4964
13hd13hd- -6.6412103445 0.335516362975 4.4445
13hd13hd-13hd -6.41072992322 0.000816341515755 4.0612
13hd13hd-13hd-13hd -6.24065877411 -0.17687399508 3.6942
13hd13hd-13hd-13hd- -6.28528544363 -0.232385218152 3.6810
13hd13hd-13hd13hd- -6.29344885879 -0.159458709411 3.8368
13hd13hd-4hd13hd -6.53916765503 -0.681100937978 3.7005
13hd13hd13hd -6.50352074218 0.173336515179 4.1431
13hd13hd13hd-13hd -6.27630568696 -0.221500664608 3.7870
13hd13hd13hd-13hd- -6.35957252157 -0.26531099262 3.7721
13hd13hd13hd13hd -6.49726212389 -0.0429939864964 3.9646
13hd13hd13hd13hd- -6.34705528499 -0.230480421281 3.8077
13he13he -5.9309932258 1.28737057035 4.5439
13he13he- -5.93180956731 1.07457754857 4.4814
13he13he-13he -5.61642962839 0.782055172093 4.0348
13he13he-13he-13he -5.44635847928 0.693890288392 3.7927
13he13he-13he-13he- -5.561462633 0.783959968963 3.9148
13he13he-13he13he- -5.39873855752 0.655522237151 3.7755
13he13he-4he13he -5.84799850503 0.168438466084 3.7701
13he13he13he -5.62268824668 0.89797566733 4.0542
13he13he13he-13he -5.40554140349 0.664501993824 3.7978
13he13he13he-13he- -5.48227750597 0.671304839789 3.8155
13he13he13he13he -5.61833442526 0.887091113787 4.0131
13he13he13he13he- -5.4683997002 0.72681606286 3.8585
13hf13hf -5.69670321078 1.85717694834 4.9372
13hf13hf- -5.63629393861 1.74343336381 4.8778
13hf13hf-13hf -5.41506538784 1.48655790019 4.4470
13hf13hf-13hf-13hf -4.86076949864 1.3265549631 3.9624
13hf13hf-13hf-13hf- -5.22240879012 1.09961202172 4.0849
13hf13hf-13hf13hf- -6.64719684895 2.0106491533 4.4488
13hf13hf-4hf13hf -5.41397693249 0.718924761541 3.8747
13hf13hf13hf -5.29179781896 1.43458415702 4.3081
13hf13hf13hf-13hf -5.32173034121 1.24764194991 4.1882
13hf13hf13hf-13hf- -5.52663206166 0.890084366011 4.0799
13hf13hf13hf13hf -5.04580690888 1.02940665137 3.7895
13hf13hf13hf13hf- -5.34186676526 1.07838714231 4.0706
13hh -6.11385372533 2.87978075374 6.0244
13hh13hh -5.34975806658 2.2348709563 4.9559
13hh13hh- -5.52826474469 2.11758989187 5.0314
13hh13hh-13hh -5.00934365451 1.87459223401 4.4162
13hh13hh-13hh-13hh -4.69532428478 1.73173246875 4.0602
13hh13hh-13hh-13hh- -4.73641347441 1.67948661175 4.0527
13hh13hh-13hh13hh- -4.71301168429 1.75649482807 4.0839
13hh13hh-4hh13hh -5.02512625715 1.10559852617 3.8025
13hh13hh13hh -5.01777918351 1.88765369826 4.4350
13hh13hh13hh-13hh -4.7377740436 1.70343262954 4.0814
13hh13hh13hh-13hh- -4.69205891872 1.63730896677 3.9979
13hh13hh13hh13hh -4.84362632681 1.68247986397 4.1341
13hh13hh13hh13hh- -4.73641347441 1.67948661175 4.0526
13hi13hi -5.74214622182 2.2503814451 5.2705
13hi13hi- -5.64309678457 1.94969565346 4.9859
13hi13hi-13hi -5.12471992207 1.62506384403 4.3109
13hi13hi-13hi-13hi -5.12009398681 1.56057286428 4.2535
13hi13hi-13hi-13hi- -6.95958353565 2.5458970738 4.9766
13hi13hi-13hi13hi- -4.84090518843 1.45009464582 3.9668
13hi13hi-4hi13hi -5.4028202651 0.892533390559 4.0060
13hi13hi13hi -5.49806010861 1.92275638344 4.8161
13hi13hi13hi-13hi -4.96036316356 1.47948294039 4.0858
13hi13hi13hi-13hi- -5.1919320402 1.4922722908 4.2515
13hi13hi13hi13hi -5.43302490119 1.78016873202 4.6405
13hi13hi13hi13hi- -5.21261269193 1.62533595787 4.3810
13hl13hl -5.59384417979 1.84901353318 4.8586
13hl13hl- -5.60772198556 1.94670240124 4.9823
13hl13hl-13hl -5.17179561614 1.57989294682 4.3311
13hl13hl-13hl-13hl -5.45152864221 1.70941913399 4.6254
13hl13hl-13hl-13hl- -5.61343637617 1.77173320303 4.7985
13hl13hl-13hl13hl- -4.92580470606 1.40247472407 3.9903
13hl13hl13hl -5.21723862719 1.40927757003 4.2357
13hl13hl13hl-13hl -4.8795453535 1.31430984037 3.9077
13hl13hl13hl-13hl- -5.14921016754 1.40111415487 4.1551
13hl13hl13hl13hl -5.04254154282 0.984507868 3.7395
13hl13hl13hl13hl- -4.97696210772 1.19267495452 3.8608
13ia13ia -6.24664527856 2.07568436073 5.5581
13ia13ia- -6.15086120737 1.98507045248 5.4100
13ia13ia-13ia -5.82895053633 1.62071002261 4.8669
13ia13ia-13ia-13ia -5.74214622182 1.47540123281 4.6732
13ia13ia-13ia-13ia- -5.89262517456 1.57499489773 4.8590
13ia13ia-13ia13ia- -5.62840263729 1.38968537365 4.5287
13ia13ia-4ia13ia -5.97861314755 0.748585169947 4.4099
13ia13ia13ia -6.04473681033 1.77254954454 5.1479
13ia13ia13ia-13ia -5.6757504452 1.38642000759 4.5598
13ia13ia13ia-13ia- -5.77316719942 1.42179480661 4.6598
13ia13ia13ia13ia -5.95330656056 1.60846489988 4.9315
13ia13ia13ia13ia- -5.80228338015 1.49172806312 4.7329
13id13id -7.32503242087 0.542594994138 5.1265
13id13id- -7.04121768722 0.14612513132 4.6098
13id13id-13id -6.7413482371 -0.200547899037 4.0783
13id13id-13id-13id -6.72284449608 -0.338237501361 3.9857
13id13id-13id-13id- -6.84230247122 -0.457967590338 4.0068
13id13id-13id13id- -6.57780782011 -0.417694742228 3.7910
13id13id-4id13id -7.08012996614 -0.744775576207 4.0501
13id13id13id -7.27632404376 0.177418222757 4.8174
13id13id13id-13id -6.76012409196 -0.428307181933 3.9244
13id13id13id-13id- -6.95468548655 -0.354836445515 4.1473
13id13id13id13id -7.31605266419 -0.0133335780907 4.6942
13id13id13id13id- -7.03495906894 -0.25769180514 4.2975
13ie13ie -6.48501700116 1.31893577562 5.1073
13ie13ie- -6.1884129171 0.910492903905 4.5497
13ie13ie-13ie -5.82378037339 0.623957031875 4.0007
13ie13ie-13ie-13ie -5.80935833995 0.565180442741 3.9890
13ie13ie-13ie-13ie- -5.99902168544 0.601099469434 4.1639
13ie13ie-13ie13ie- -5.61479694536 0.439463849315 3.6955
13ie13ie-4ie13ie -6.07194819418 0.0791851270282 3.9353
13ie13ie13ie -6.32093235649 1.05471323836 4.7905
13ie13ie13ie-13ie -5.74922118162 0.484362632681 3.8446
13ie13ie13ie-13ie- -5.9260951767 0.530894099079 4.0501
13ie13ie13ie13ie -6.27113552403 0.935799490894 4.6543
13ie13ie13ie13ie- -6.00555241757 0.68463841788 4.2513
13if13if -6.09562209814 2.0416701309 5.3649
13if13if- -7.78109521434 2.9570610839 5.7672
13if13if-13if -5.28526708683 1.4422033445 4.3219
13if13if-13if-13if -5.24717114943 1.29635032702 4.1607
13if13if-13if-13if- -5.4683997002 1.32138480017 4.3386
13if13if-13if13if- -5.10893731943 1.20247105271 3.9887
13if13if-4if13if -5.48989669345 0.642732886738 3.8647
13if13if13if -5.93697973025 1.64873774799 4.9344
13if13if13if-13if -5.28390651764 1.18070194562 4.1020
13if13if13if-13if- -5.49669953942 1.18097405946 4.2561
13if13if13if13if -5.88418964556 1.45961863017 4.7408
13if13if13if13if- -5.72772418837 1.25961495881 4.4846
13ih13ih -5.74214622182 2.2503814451 5.2705
13ih13ih- -5.64309678457 1.94969565346 4.9859
13ih13ih-13ih -5.12471992207 1.62533595787 4.3109
13ih13ih-13ih-13ih -5.12009398681 1.56057286428 4.2535
13ih13ih-13ih-13ih- -5.21261269193 1.62533595787 4.3810
13ih13ih-13ih13ih- -4.84090518843 1.45009464582 3.9668
13ih13ih-4ih13ih -5.33479180546 1.01389616257 3.9876
13ih13ih13ih -5.49806010861 1.92275638344 4.8161
13ih13ih13ih-13ih -5.07710000032 1.46070708552 4.1295
13ih13ih13ih-13ih- -5.1919320402 1.4922722908 4.2515
13ih13ih13ih13ih -5.43302490119 1.78016873202 4.6405
13ih13ih13ih13ih- -6.95931142181 2.54535284612 4.9762
13ii -6.7652942549 3.04413751225 6.8658
13ii13ii -6.18161007113 2.23704786701 5.6325
13ii13ii- -6.1538544596 2.23650363933 5.6059
13ii13ii-13ii -5.79956224176 1.83132613368 5.0035
13ii13ii-13ii-13ii -5.76718069497 1.74016799775 4.8990
13ii13ii-13ii-13ii- -5.72037711473 1.63812530828 4.7938
13ii13ii-13ii13ii- -5.65751881802 1.66315978143 4.7673
13ii13ii-4ii13ii -5.94704794227 0.893349732074 4.5001
13ii13ii13ii -5.90514241113 1.85445580996 5.1089
13ii13ii13ii-13ii -5.68336963268 1.64492815425 4.7706
13ii13ii13ii-13ii- -5.70595508129 1.62397538867 4.7693
13ii13ii13ii13ii -5.83031110552 1.71077970318 4.9259
13ii13ii13ii13ii- -5.89208094688 1.83731263813 5.0539
13il13il -6.07847892631 1.92847077405 5.3126
13il13il- -5.80418817702 1.77091686151 4.9827
13il13il-13il -5.41941920926 1.31485406804 4.2940
13il13il-13il-13il -5.13451602026 1.14505503277 3.9489
13il13il-13il-13il- -5.31030155998 1.15566747247 4.0883
13il13il-13il13il- -5.11519593772 1.131177227 3.9197
13il13il13il -5.79303150963 1.54723928619 4.7808
13il13il13il-13il -5.27628733016 1.12110901497 4.0298
13il13il13il-13il- -5.22485781467 1.16002129389 4.0254
13il13il13il13il -5.68990036481 1.36029707909 4.5370
13il13il13il13il- -5.4577872605 1.31376561269 4.3246
13la13la -5.82840630865 1.90534109777 5.1095
13la13la- -5.66323320863 1.77853604899 4.9098
13la13la-13la -5.14213520774 1.38424309688 4.1883
13la13la-13la-13la -4.97342462782 1.21199503706 3.9110
13la13la-13la-13la- -5.14213520774 1.27839081367 4.0721
13la13la13la -5.39765010217 1.41063813922 4.3740
13la13la13la-13la -5.07029715435 1.16546357066 3.9400
13la13la13la-13la- -5.20444927678 1.16546357066 4.0300
13la13la13la13la -5.15465244431 1.12736763326 3.9612
13la13la13la13la- -5.04607902272 1.1692731644 3.9269
13ld13ld- -6.73699441569 0.357285470062 4.5450
13ld13ld-13ld -7.88776383906 0.973895428295 4.4341
13ld13ld-13ld-13ld -6.32365349487 -0.210888224903 3.7409
13ld13ld-13ld-13ld- -6.51386106805 -0.319733760337 3.8180
13ld13ld-13ld13ld- -6.08691445531 -0.160547164765 3.6033
13ld13ld13ld -6.31630642123 0.0247623593112 3.9269
13ld13ld13ld-13ld -7.63850756292 0.751034194494 4.1298
13ld13ld13ld13ld -6.51413318188 -0.320005874176 3.8179
13ld13ld13ld13ld- -6.44120667314 -0.25769180514 3.7990
13le13le -6.18242641265 0.985052095677 4.6086
13le13le- -5.99221883948 1.09036015121 4.5417
13le13le-13le -5.80418817702 0.680828824139 4.0610
13le13le-13le-13le -5.65833515953 0.493342389354 3.7987
13le13le-13le-13le- -5.94296623469 0.66531833534 4.1548
13le13le-13le13le- -5.59547686282 0.514023041087 3.7714
13le13le13le -5.80418817702 0.680828824139 4.0609
13le13le13le-13le -5.59520474898 0.512390358055 3.7701
13le13le13le-13le- -5.7152069518 0.525179708469 3.8688
13le13le13le13le -5.66595434702 0.451436858212 3.7608
13le13le13le13le- -5.68745134026 0.46531466398 3.7872
13lf13lf- -5.71221369957 1.81418296185 4.9861
13lf13lf-13lf -5.19165992636 1.50179627515 4.3004
13lf13lf-13lf-13lf -6.66107465472 2.03296248807 4.4400
13lf13lf-13lf-13lf- -5.5220061264 1.25335634052 4.3550
13lf13lf-13lf13lf- -5.00961576835 1.19893357281 3.9165
13lh13lh- -5.60772198556 1.94670240124 4.9823
13lh13lh-13lh -5.26050472752 1.51512985324 4.3393
13lh13lh-13lh-13lh -4.991656255 1.30560219753 3.9563
13lh13lh-13lh-13lh- -4.97696210772 1.19267495452 3.8608
13lh13lh-13lh13lh- -4.92580470606 1.40247472407 3.9903
13li13li -5.80391606318 1.77091686151 4.9827
13li13li- -5.80418817702 1.77091686151 4.9827
13li13li-13li -5.36880603528 1.35213366393 4.2906
13li13li-13li-13li -5.2991448926 1.20328739422 4.1222
13li13li-13li-13li- -5.4577872605 1.31376561269 4.3247
13li13li-13li13li- -5.11519593772 1.131177227 3.9197
13li13li13li -5.5029581577 1.40927757003 4.4496
13li13li13li-13li -5.11519593772 1.131177227 3.9197
13li13li13li-13li- -5.22485781467 1.16029340773 4.0254
13li13li13li13li -5.38322806873 1.14260600822 4.1424
13li13li13li13li- -5.31030155998 1.15566747247 4.0883
13ll -6.38569545007 2.94862555491 6.3191
13ll13ll -6.45889407265 2.29228697624 5.7673
13ll13ll- -5.42540571371 2.02180582069 4.9008
13ll13ll-13ll -5.35873782325 1.37934504779 4.3156
13ll13ll-13ll-13ll -6.72447717911 1.93772264456 4.4151
13ll13ll-13ll-13ll- -5.41642595703 1.42179480661 4.3693
13ll13ll-13ll13ll- -5.02811950937 1.19213072684 3.9013
13ll13ll13ll -5.82323614572 1.52084424385 4.7827
13ll13ll13ll-13ll -5.16172740412 1.06940738564 3.9108
13ll13ll13ll-13ll- -5.61425271768 1.58098140218 4.6441
13ll13ll13ll13ll -6.32474195023 1.8498298747 5.3754
13ll13ll13ll13ll- -5.35247920497 1.1847836532 4.1389
3 -9.39853987088 2.97366002806 6.8905
4dd -9.20806018387 -1.17471544117 5.2016
4dd4dd -9.28180303413 -1.7080585648 4.9224
4dd4dd4dd -9.20942075307 -2.03758842332 4.6735
4dd4dd4dd4dd -9.19635928882 -2.20983648315 4.5806
4dh -7.36448892746 0.547493043233 5.0155
4dh4dh -7.35033900786 0.0446266695279 4.6736
4dh4dh- -7.25836453041 0.0514295154925 4.6225
4dh4dh-4dh -7.21047249482 -0.189663345494 4.5462
4dh4dh-4dh-4dh -7.21537054392 -0.289257010416 4.5313
4dh4dh-4dh-4dh- -7.08094630766 -0.337693273684 4.4656
4dh4dh-4dh4dh -7.18108420026 -0.317556849629 4.4885
4dh4dh-4dh4dh- -7.15305647488 -0.330890427719 4.4978
4dh4dh4dh -7.27877306831 -0.120274316655 4.6674
4dh4dh4dh-4dh -7.15904297933 -0.327625061656 4.4963
4dh4dh4dh-4dh- -7.20883981179 -0.332795224589 4.4479
4dh4dh4dh4dh -7.15169590569 -0.353475876322 4.4379
4dh4dh4dh4dh- -7.0812184215 -0.291706034963 4.4900
4hd -7.3647610413 0.547220929394 5.0155
4hd4hd -7.35006689402 0.0443545556893 4.6729
4hd4hd- -7.25836453041 0.0514295154925 4.6224
4hd4hd-4hd -7.20992826715 -0.190479687009 4.5450
4hd4hd-4hd-4hd -7.09917793484 -0.36735368209 4.4752
4hd4hd-4hd-4hd- -7.24992900142 -0.360550836125 4.5228
4hd4hd-4hd4hd -7.22924834969 -0.326536606302 4.5072
4hd4hd-4hd4hd- -7.15169590569 -0.325720264786 4.4970
4hd4hd4hd -7.27850095447 -0.12109065817 4.6671
4hd4hd4hd-4hd -7.1454372874 -0.360550836125 4.4609
4hd4hd4hd-4hd- -7.20883981179 -0.333067338428 4.4478
4hd4hd4hd4hd -7.15169590569 -0.35374799016 4.4376
4hd4hd4hd4hd- -7.0812184215 -0.337421159845 4.4661
4hh -6.02460038627 1.58370254056 4.5943
4hh4hh -5.93861241328 1.12383015336 4.3074
4hh4hh4hh -5.86024362776 0.852804770125 4.0804
4hh4hh4hh4hh -5.81833809662 0.72110167225 3.9859
6aa -8.5220611968 0.778245578353 5.1450
6aa6aa -7.79524513394 -0.0919744774417 4.6749
6aa6aa- -7.81565367184 -0.0889812252173 4.9683
6aa6aa-4aa6aa -7.22543875595 -0.449259947504 4.4232
6aa6aa-6aa -7.46435470622 -0.532254668272 4.5142
6aa6aa-6aa-6aa -7.26625583173 -0.77307541542 4.1979
6aa6aa-6aa-6aa- -7.25455493667 -0.771986960065 4.1909
6aa6aa-6aa6aa- -7.28122209286 -0.767905252487 4.2133
6aa6aa6aa -7.43061259024 -0.539057514237 4.4225
6aa6aa6aa-6aa -7.26788851476 -0.770354277034 4.2008
6aa6aa6aa-6aa- -7.25645973354 -0.770626390872 4.1932
6aa6aa6aa6aa -7.23986078939 -0.774435984613 4.1760
6aa6aa6aa6aa- -7.25101745677 -0.775796553806 4.1827
6ad6ad -8.69077177672 -1.25662170659 4.4373
6ad6ad- -8.74328974757 -1.26151975568 4.6291
6ad6ad-4ad6ad -8.39770517257 -1.60329473694 4.4419
6ad6ad-6ad -8.62083852021 -1.5352662773 4.6375
6ad6ad-6ad-6ad -8.48206046253 -1.82996556448 4.3246
6ad6ad-6ad-6ad- -8.34763622627 -2.04575183848 4.0893
6ad6ad-6ad6ad- -8.39335135115 -2.04384704161 4.1207
6ad6ad6ad -8.45729810322 -1.75540637271 4.1703
6ad6ad6ad-6ad -8.38056200074 -2.04194224474 4.1077
6ad6ad6ad-6ad- -8.47825086879 -1.79486287931 4.3311
6ad6ad6ad6ad -8.47172013666 -1.78942060253 4.2919
6ad6ad6ad6ad- -8.48532582859 -1.80629166053 4.3353
6ae6ae -7.77402025453 -0.303134816184 4.7084
6ae6ae- -7.76150301796 -0.286807985868 4.8455
6ae6ae-4ae6ae -7.34271982038 -0.649807846541 4.3932
6ae6ae-6ae -7.56422048498 -0.623684918037 4.5386
6ae6ae-6ae-6ae -7.41755112599 -0.846546151838 4.2694
6ae6ae-6ae-6ae- -7.44802787591 -0.829947207684 4.3242
6ae6ae-6ae6ae- -7.44449039601 -0.822055906365 4.3319
6ae6ae6ae -7.54190715022 -0.664501993824 4.4111
6ae6ae6ae-6ae -7.43360584246 -0.835661598294 4.3110
6ae6ae6ae-6ae- -7.41020405234 -0.846818265676 4.2589
6ae6ae6ae6ae -7.43850389156 -0.850899973255 4.3013
6ae6ae6ae6ae- -7.41646267063 -0.846546151838 4.2751
6af6af -7.57483292469 -0.0152383749608 4.7022
6af6af- -7.58326845368 -0.0546948815556 4.7470
6af6af-4af6af -6.91849434602 -0.491165478646 4.1345
6af6af-6af -7.28666436963 -0.472389623783 4.3308
6af6af-6af-6af -6.99142085476 -0.709945004868 4.0177
6af6af-6af-6af- -6.97318922758 -0.74994573914 4.0120
6af6af-6af6af- -7.18598224935 -0.677291344238 4.1256
6af6af6af -7.42571454114 -0.391299699885 4.3981
6af6af6af-6af -7.26435103486 -0.704502728096 4.1555
6af6af6af-6af- -7.22380607291 -0.760013951168 4.1123
6af6af6af6af -7.3266651039 -0.625861828745 4.1924
6af6af6af6af- -7.35741396766 -0.676475002722 4.1989
6ah6ah -6.95250857584 0.358373925416 4.5486
6ah6ah- -6.89618101126 0.334155793782 4.4983
6ah6ah-4ah6ah -6.52801098765 0.0557833369099 4.1490
6ah6ah-6ah -6.73182425275 -0.00190479687009 4.1910
6ah6ah-6ah-6ah -6.64882953198 -0.179050905789 4.0446
6ah6ah-6ah-6ah- -6.67903416807 -0.156737571025 4.0746
6ah6ah-6ah6ah- -6.61998546509 -0.193200825395 4.0079
6ah6ah6ah -6.78624702047 0.0443545556893 4.2536
6ah6ah6ah-6ah -6.62760465257 -0.175785539726 4.0267
6ah6ah6ah-6ah- -6.67032652523 -0.159186595572 4.0578
6ah6ah6ah6ah -6.66297945159 -0.160002937088 4.0529
6ah6ah6ah6ah- -6.64175457218 -0.167077896891 4.0395
6ai6ai -7.73973391087 0.264494651105 4.9008
6ai6ai- -7.7617751318 0.263678309589 5.0199
6ai6ai-4ai6ai -7.27088176699 -0.0323815467916 4.7628
6ai6ai-6ai -7.50381121282 -0.0838110622842 4.8359
6ai6ai-6ai-6ai -7.34680152795 -0.262317740396 4.6076
6ai6ai-6ai-6ai- -7.34435250341 -0.245990910081 4.5921
6ai6ai-6ai6ai- -7.37618982252 -0.258780260494 4.6495
6ai6ai6ai -7.46272202319 -0.0699332565163 4.6893
6ai6ai6ai-6ai -7.34299193421 -0.268576358683 4.5997
6ai6ai6ai-6ai- -7.35578128463 -0.256059122108 4.6133
6ai6ai6ai6ai -7.31224307045 -0.25197741453 4.5320
6ai6ai6ai6ai- -7.32557664854 -0.25007261766 4.5577
6al6al -7.07223866482 0.0141499196064 4.5503
6al6al- -7.21727534079 0.0500689462996 4.6369
6al6al6al -6.74025978175 -0.380415146342 4.0831
6al6al6al6al -6.64801319047 -0.456334907307 3.9749
6al6al6al6al- -6.58515489375 -0.555384344552 3.8423
6da6da -8.84179495714 -0.834845256779 4.9138
6da6da- -8.72968405564 -1.19512397906 4.8919
6da6da-4da6da -8.47416916121 -1.40574009013 4.6594
6da6da-6da -8.5220611968 -1.684112547 4.4601
6da6da-6da-6da -8.57920510291 -1.61880522574 4.5806
6da6da-6da-6da- -8.31688736251 -1.92466118031 4.1454
6da6da-6da6da- -8.41865793814 -1.94860719811 4.1972
6da6da6da -8.75798389486 -1.12900031629 4.9010
6da6da6da-6da -8.5615177034 -1.64683295112 4.5251
6da6da6da-6da- -8.57920510291 -1.59866880169 4.5715
6da6da6da6da -8.72152064049 -1.29254073328 4.8838
6da6da6da6da- -8.62002217869 -1.48710212787 4.6917
6dd -9.58520996415 -1.54098066791 4.7730
6dd6dd -9.55092362049 -2.07296322234 4.6612
6dd6dd6dd -9.51609304915 -2.39079218581 4.6067
6dd6dd6dd6dd -9.49432394207 -2.60549000445 4.5431
6de6de -8.55444274359 -1.31703097875 4.7056
6de6de6de -8.51063241558 -1.51594619476 4.6338
6de6de6de6de -8.51416989548 -1.59649189098 4.6179
6df6df -8.41974639349 -0.754027446719 4.8204
6df6df- -8.56260615875 -0.927091848059 4.9818
6df6df-4df6df -8.08069255062 -1.2228795906 4.4816
6df6df-6df -8.35253427536 -1.20002202816 4.6252
6df6df-6df-6df -8.36886110568 -1.43594472621 4.4619
6df6df-6df-6df- -8.12450287863 -1.41744098519 4.4083
6df6df-6df6df- -8.41702525511 -1.45580903643 4.4799
6df6df6df -8.40831761227 -1.14342234973 4.6247
6df6df6df-6df -8.43607322381 -1.51050391798 4.5141
6df6df6df-6df- -8.40124265247 -1.49526554302 4.4191
6df6df6df6df -8.39389557883 -1.30886756359 4.5730
6df6df6df6df- -8.47035956747 -1.53444993578 4.5066
6dh6dh -7.73674065865 -0.254426439077 4.6414
6dh6dh- -7.64286138433 -0.421504335968 4.4339
6dh6dh-4dh6dh -7.48666804099 -0.657427034021 4.2943
6dh6dh-6dh -7.64231715666 -0.662869310793 4.3520
6dh6dh-6dh-6dh -7.56966276176 -0.856614363865 4.2477
6dh6dh-6dh-6dh- -7.54816576851 -0.794572408668 4.2555
6dh6dh-6dh6dh- -7.65265748252 -0.831579890715 4.2874
6dh6dh6dh -7.57891463227 -0.67103272595 4.2960
6dh6dh6dh-6dh -7.65238536868 -0.831035663038 4.2877
6dh6dh6dh-6dh- -7.60558178845 -0.81144346666 4.1843
6dh6dh6dh6dh -7.54816576851 -0.824777044751 4.1987
6dh6dh6dh6dh- -7.56993487559 -0.856614363865 4.2478
6di6di -8.67852665399 -0.675658661206 4.9610
6di6di- -8.67852665399 -0.675658661206 4.9610
6di6di-4di6di -8.53920436863 -0.851988428609 4.8985
6di6di-6di -8.61757315415 -0.910492903905 4.9402
6di6di-6di-6di -8.57104168775 -1.11865999042 4.9078
6di6di-6di-6di- -8.57621185068 -1.12328592568 4.9095
6di6di-6di6di- -8.59281079483 -1.0775708008 4.9337
6di6di6di-6di -8.59226656716 -1.07675445928 4.9390
6di6di6di-6di- -8.55498697127 -1.10070047708 4.8749
6di6di6di6di -8.57621185068 -1.12328592568 4.9095
6di6di6di6di- -8.57104168775 -1.11865999042 4.9077
6dl6dl -8.03715433644 -0.591575485084 4.7710
6dl6dl- -8.08858385194 -0.576337110123 4.7158
6dl6dl6dl -7.96150668932 -0.863689323669 4.5784
6dl6dl6dl6dl -7.92341075192 -0.968725265362 4.5049
6dl6dl6dl6dl- -7.89973684796 -0.998113559929 4.4234
6ea6ea -7.79279610939 -0.0340142298231 4.9254
6ea6ea- -9.36207661651 0.587221663666 4.3486
6ea6ea-4ea6ea -7.3873464899 -0.469668485398 4.5458
6ea6ea-6ea -7.47523925977 -0.785592651995 4.3360
6ea6ea-6ea-6ea -7.46734795845 -0.635113699257 4.4732
6ea6ea-6ea-6ea- -7.50979771727 -0.598922558725 4.5485
6ea6ea-6ea6ea- -7.32856990077 -0.990494372449 4.0879
6ea6ea6ea -7.63714699372 -0.282182050613 4.8229
6ea6ea6ea-6ea -7.43632698085 -0.670216384435 4.3885
6ea6ea6ea-6ea- -7.48476324412 -0.598650444887 4.4902
6ea6ea6ea6ea -7.56612528185 -0.406538074846 4.7228
6ea6ea6ea6ea- -7.48449113028 -0.530621985241 4.5410
6ed6ed -8.51634680619 -1.3230174832 4.6656
6ed6ed6ed -8.44641354968 -1.54070855407 4.5957
6ed6ed6ed6ed -8.41158297834 -1.68356831932 4.5729
6ee -7.86626684581 -0.389667016854 4.8100
6ee6ee -7.66707951597 -0.604909063174 4.7090
6ee6ee6ee -7.55714552518 -0.735251591856 4.5896
6ee6ee6ee6ee -7.4888449517 -0.816885743432 4.4949
6ef6ef -7.46108934016 -0.00244902454726 4.7030
6ef6ef- -7.55632918366 -0.207350745002 4.6368
6ef6ef-4ef6ef -7.02380240155 -0.422592791322 4.3021
6ef6ef-6ef -7.37945518858 -0.361639291479 4.5067
6ef6ef-6ef-6ef -7.1884312739 -0.514295154925 4.3215
6ef6ef-6ef-6ef- -7.08584435675 -0.580146703863 4.2634
6ef6ef-6ef6ef- -7.36067933372 -0.533615237465 4.3746
6ef6ef6ef -7.43170104559 -0.257963918978 4.5604
6ef6ef6ef-6ef -7.39387722203 -0.619603210458 4.3451
6ef6ef6ef-6ef- -7.31197095662 -0.693890288392 4.2897
6ef6ef6ef6ef -7.39251665284 -0.416878400712 4.4544
6ef6ef6ef6ef- -7.43415007014 -0.618242641265 4.3744
6eh6eh -6.87985418094 0.271025383231 4.4276
6eh6eh- -6.88067052246 0.270753269392 4.4278
6eh6eh-4eh6eh -6.62787676641 0.111838787658 4.2668
6eh6eh-6eh -6.84856108951 0.107484966241 4.3455
6eh6eh-6eh-6eh -6.83876499132 0.0957840711819 4.3063
6eh6eh-6eh-6eh- -6.84556783728 0.106396510887 4.3166
6eh6eh-6eh6eh- -6.82896889313 -0.000272113838585 4.2838
6eh6eh6eh -6.8189006811 0.0726543949022 4.3026
6eh6eh6eh-6eh -6.8189006811 0.0236739039569 4.2561
6eh6eh6eh-6eh- -6.79549889098 -0.0190479687009 4.2508
6eh6eh6eh6eh -6.77563458076 -0.0669400042919 4.1993
6eh6eh6eh6eh- -6.85291491092 0.0783687855125 4.2940
6ei6ei -7.7413665939 0.0876206560243 4.9392
6ei6ei- -7.7413665939 0.0876206560243 4.9392
6ei6ei-4ei6ei -7.5029948713 0.00054422767717 4.8943
6ei6ei-6ei -7.66680740213 0.00489804909453 4.9222
6ei6ei-6ei-6ei -7.63007203392 -0.0685726873234 4.9206
6ei6ei-6ei-6ei- -7.57973097378 -0.186125865592 4.8721
6ei6ei-6ei6ei- -7.57973097378 -0.186125865592 4.8720
6ei6ei6ei -7.63714699372 -0.0770082163195 4.9176
6ei6ei6ei-6ei -7.63007203392 -0.0683005734848 4.9206
6ei6ei6ei-6ei- -7.59415300723 -0.131430984037 4.8947
6ei6ei6ei6ei -7.57945885994 -0.186397979431 4.8717
6ei6ei6ei6ei- -7.61646634199 -0.12490025191 4.9236
6el6el -7.12094704193 0.141771309903 4.6332
6el6el- -7.23169737423 0.148846269706 4.6583
6el6el6el -6.95114800665 -0.117553178269 4.3890
6el6el6el6el -6.87033019659 -0.217963184707 4.2969
6el6el6el6el- -6.87822149791 -0.214153590966 4.2606
6fa6fa -7.1799957449 -0.269936927876 4.2829
6fa6fa- -7.29482778478 -0.0054422767717 4.6434
6fa6fa-4fa6fa -7.11278362677 -0.285175302837 4.3483
6fa6fa-6fa -7.24666363535 -0.509941333508 4.2736
6fa6fa-6fa-6fa -7.16013143468 -0.527900846855 4.2124
6fa6fa-6fa-6fa- -7.00203329447 -0.281365709097 4.2671
6fa6fa-6fa6fa- -6.98162475657 -0.614977275202 4.0183
6fa6fa6fa -6.90189540187 -0.785048424317 3.7873
6fa6fa6fa-6fa -6.95223646201 -0.772803301581 3.8286
6fa6fa6fa-6fa- -6.78842393118 -0.556744913745 3.8568
6fa6fa6fa6fa -6.74298092013 -1.0762102316 3.5183
6fa6fa6fa6fa- -6.68502067252 -0.851716314771 3.5866
6fd6fd -7.97783351963 -1.31866366178 4.1134
6fd6fd- -8.25021947206 -0.735523705695 4.7931
6fd6fd-4fd6fd -8.2455935368 -1.18206251481 4.5448
6fd6fd-6fd -8.28668272643 -1.34424236261 4.4436
6fd6fd-6fd-6fd -8.26736264389 -1.42778131106 4.3764
6fd6fd-6fd-6fd- -8.13647588753 -1.23648528253 4.4015
6fd6fd-6fd6fd- -8.12586344782 -1.46587724846 4.2723
6fd6fd6fd -7.79116342636 -1.91840256202 3.6569
6fd6fd6fd-6fd -8.13184995227 -1.73962377007 3.9760
6fd6fd6fd-6fd- -7.95769709558 -1.58506310976 3.9539
6fd6fd6fd6fd -7.6793246387 -2.26752461693 3.4242
6fd6fd6fd6fd- -7.80776237052 -1.96711093913 3.6187
6fe6fe -7.02842833681 -0.586133208312 3.9927
6fe6fe- -7.3195901441 0.020952765571 4.6884
6fe6fe-4fe6fe -7.22815989433 -0.297692539412 4.4390
6fe6fe-6fe -7.30326331378 -0.463137753272 4.4019
6fe6fe-6fe-6fe -7.25101745677 -0.56926215032 4.2579
6fe6fe-6fe-6fe- -7.09509622726 -0.349394168743 4.2806
6fe6fe-6fe6fe- -7.12829411557 -0.537424831205 4.2364
6fe6fe6fe -6.78624702047 -1.10233316011 3.5498
6fe6fe6fe-6fe -7.08802126746 -0.823960703235 3.8753
6fe6fe6fe-6fe- -6.92937889956 -0.677291344238 3.8660
6fe6fe6fe6fe -6.64039400299 -1.39431130891 3.3259
6fe6fe6fe6fe- -6.76828750712 -1.08546210212 3.5249
6ff -7.2610856688 0.693346060714 4.8959
6ff6ff -6.92312028128 -0.350482624097 4.0102
6ff6ff- -7.01863223862 -0.0408170757877 4.3484
6ff6ff-4ff6ff -6.80828824139 -0.368170023605 4.0197
6ff6ff-6ff -6.99196508244 -0.498512552288 4.0797
6ff6ff-6ff-6ff -6.8344111699 -0.60763020156 3.8884
6ff6ff-6ff-6ff- -6.64284302753 -0.463954094787 3.8313
6ff6ff-6ff6ff- -6.80747189988 -0.606541746206 3.8670
6ff6ff6ff -6.74352514781 -0.868043145086 3.5873
6ff6ff6ff-6ff -6.80257385078 -0.809810783629 3.6304
6ff6ff6ff-6ff- -6.64338725521 -0.665862563017 3.6206
6ff6ff6ff6ff -6.61998546509 -1.17117796127 3.3520
6ff6ff6ff6ff- -6.59658367498 -0.936343718571 3.4237
6fh6fh -6.36909650592 -0.0669400042919 3.8146
6fh6fh- -6.50188805915 0.374156528054 4.2142
6fh6fh-4fh6fh -6.40093382503 0.0236739039569 3.9773
6fh6fh-6fh -6.44419992537 -0.147485700513 3.9579
6fh6fh-6fh-6fh -8.21511678688 0.400279456558 4.3321
6fh6fh-6fh-6fh- -6.30787089224 0.043266100335 3.8725
6fh6fh-6fh6fh- -6.27113552403 -0.190751800848 3.7630
6fh6fh6fh -6.12446616503 -0.547493043233 3.4069
6fh6fh6fh-6fh -6.27358454858 -0.397014090495 3.5208
6fh6fh6fh-6fh- -6.10922779007 -0.18258838569 3.5383
6fh6fh6fh6fh -5.97317087078 -0.837838509003 3.1877
6fh6fh6fh6fh- -5.97480355381 -0.566541011934 3.2781
6fi6fi -7.04040134571 -0.119457975139 4.2821
6fi6fi- -7.26680005941 0.388306447661 4.8674
6fi6fi-4fi6fi -8.91118398598 0.993759738512 5.0966
6fi6fi-6fi -7.32394396551 -0.025578700827 4.6594
6fi6fi-6fi-6fi -7.21727534079 -0.0669400042919 4.5558
6fi6fi-6fi-6fi- -7.06353102199 0.163268303151 4.5816
6fi6fi-6fi6fi- -7.1228518388 -0.0775524439967 4.5143
6fi6fi6fi -6.76502214106 -0.609262884592 3.8392
6fi6fi6fi-6fi -6.97427768293 -0.376333438763 4.0838
6fi6fi6fi-6fi- -6.79304986643 -0.208439200356 4.0772
6fi6fi6fi6fi -6.60937302539 -0.887363227625 3.5897
6fi6fi6fi6fi- -6.615087416 -0.639467520675 3.7115
6fl6fl -6.41998179373 -0.239732291793 3.7723
6fl6fl- -6.89699735277 0.309937662148 4.5264
6fl6fl6fl -6.10705087936 -0.730081428923 3.3037
6fl6fl6fl6fl -5.915482737 -1.01226347954 3.0504
6fl6fl6fl6fl- -6.16501112698 -0.744775576207 3.2974
6ha6ha -6.59086928437 0.318917418822 4.2093
6ha6ha- -6.79658734634 0.363271974511 4.4557
6ha6ha-4ha6ha -6.33889186984 -0.0174152856694 3.9118
6ha6ha-6ha -6.59222985356 0.0291161807286 4.1155
6ha6ha-6ha-6ha -6.36147731844 -0.20762285884 3.7594
6ha6ha-6ha-6ha- -6.26841438564 -0.247623593112 3.6889
6ha6ha-6ha6ha- -6.47658147216 -0.150751066576 3.9275
6ha6ha6ha -6.36583113986 -0.0508852878154 3.8541
6ha6ha6ha-6ha -6.40664821564 -0.16354041699 3.8312
6ha6ha6ha-6ha- -6.33236113771 -0.20190846823 3.7795
6ha6ha6ha6ha -6.24147511562 -0.256603349786 3.6580
6ha6ha6ha6ha- -6.30215650163 -0.217418957029 3.6989
6hd6hd -7.38680226223 -0.594296623469 4.1242
6hd6hd- -7.47632771512 -0.377694007956 4.3733
6hd6hd-4hd6hd -7.27850095447 -0.909676562389 3.9584
6hd6hd-6hd -7.38435323768 -0.724367038313 4.1918
6hd6hd-6hd-6hd -7.29373932943 -1.07321697938 3.8689
6hd6hd-6hd-6hd- -7.18407745248 -1.12573495023 3.7651
6hd6hd-6hd6hd- -7.31414786732 -0.916751522193 4.0993
6hd6hd6hd -7.27060965315 -1.04137966026 3.8322
6hd6hd6hd-6hd -7.32693721774 -1.10614275385 3.9708
6hd6hd6hd-6hd- -7.19822737209 -1.15512324479 3.8434
6hd6hd6hd6hd -7.19006395693 -1.28410520428 3.6931
6hd6hd6hd6hd- -7.31714111955 -1.24247178698 3.7840
6he6he -6.5756309094 0.0680284596462 4.0559
6he6he- -6.71685799163 0.269664814038 4.3585
6he6he-4he6he -6.45562870659 -0.118641633623 3.9583
6he6he-6he -6.58733180446 0.0364632543704 4.2037
6he6he-6he-6he -6.46025464184 -0.287896441223 3.8283
6he6he-6he-6he- -6.32419772255 -0.338237501361 3.7168
6he6he-6he6he- -6.51821488946 -0.125716593426 4.1113
6he6he6he -6.40909724019 -0.297420425573 3.7663
6he6he6he-6he -6.50814667744 -0.315107825081 3.8999
6he6he6he-6he- -6.37453878269 -0.349666282582 3.8303
6he6he6he6he -6.30950357527 -0.489532795614 3.6239
6he6he6he6he- -6.45045854366 -0.442729215378 3.7093
6hf6hf -6.45236334053 0.173608629017 3.9749
6hf6hf- -6.58597123527 0.20000367136 4.1810
6hf6hf-4hf6hf -6.22106657773 -0.193472939234 3.6826
6hf6hf-6hf -6.468418057 -0.0887091113787 3.9905
6hf6hf-6hf-6hf -6.2074608858 -0.377149780279 3.5917
6hf6hf-6hf-6hf- -5.96146997572 -0.470212713075 3.3993
6hf6hf-6hf6hf- -6.35249756176 -0.227215055218 3.7666
6hf6hf6hf -6.37208975814 -0.183948954883 3.6926
6hf6hf6hf-6hf -6.3647426845 -0.307216523762 3.6566
6hf6hf6hf-6hf- -6.24419625401 -0.404089050299 3.5519
6hf6hf6hf6hf -6.32229292568 -0.391027586047 3.5328
6hf6hf6hf6hf- -6.3040612985 -0.329801972365 3.5568
6hh -6.37154553047 1.08655055747 4.4858
6hh6hh -6.04392046881 0.438647507799 3.8814
6hh6hh6hh -5.89126460536 0.128981959489 3.5994
6hh6hh6hh6hh -5.78758923286 -0.0538785400398 3.4403
6hi6hi -6.54216090726 0.460416614886 4.2853
6hi6hi- -6.80447864765 0.679740368785 4.6826
6hi6hi-4hi6hi -6.36528691218 0.388306447661 4.2007
6hi6hi-6hi -6.71223205637 0.494702958547 4.5328
6hi6hi-6hi-6hi -6.46651326013 0.215786273998 4.1120
6hi6hi-6hi-6hi- -6.33481016226 0.105580169371 3.9831
6hi6hi-6hi6hi- -6.65862563017 0.405177505653 4.4589
6hi6hi6hi -6.38596756391 0.143676106773 4.0277
6hi6hi6hi-6hi -6.54433781797 0.209799769549 4.1521
6hi6hi6hi-6hi- -6.41345106161 0.163268303151 4.1217
6hi6hi6hi6hi -6.29970747708 -0.0242181316341 3.8986
6hi6hi6hi6hi- -6.39277040988 0.0604092721659 3.9746
6hl6hl -6.05698193306 0.299597336282 3.8159
6hl6hl- -6.399301142 0.532526782111 4.2993
6hl6hl6hl -5.81507273056 -0.0424497588192 3.4894
6hl6hl6hl6hl -5.68010426662 -0.232929445829 3.3252
6hl6hl6hl6hl- -7.53945812567 0.534431578981 3.8960
6ia6ia -7.73592431713 0.274018635455 4.9629
6ia6ia- -7.70109374579 0.239188064116 4.9991
6ia6ia-4ia6ia -7.25237802597 -0.0666678904533 4.7186
6ia6ia-6ia -7.43659909469 -0.0949677296661 4.7656
6ia6ia-6ia-6ia -8.90519748153 0.482185721972 4.6966
6ia6ia-6ia-6ia- -7.33754965744 -0.249800503821 4.6231
6ia6ia-6ia6ia- -7.31414786732 -0.25769180514 4.5950
6ia6ia6ia -7.47959308118 -0.0514295154925 4.8144
6ia6ia6ia-6ia -7.30326331378 -0.251705300691 4.5892
6ia6ia6ia-6ia- -7.30979404591 -0.271841724746 4.5781
6ia6ia6ia6ia -7.3266651039 -0.250616845337 4.6149
6ia6ia6ia6ia- -7.31224307045 -0.243541885533 4.6071
6id6id -8.58628006271 -0.765728341778 4.8290
6id6id- -8.62355965859 -0.71348248477 4.9159
6id6id-4id6id -8.38954175741 -1.11430616901 4.8116
6id6id-6id -8.5304967258 -0.994303966189 4.8253
6id6id-6id-6id -8.41947427966 -1.29988780692 4.6718
6id6id-6id-6id- -8.3909023266 -1.30859544975 4.6270
6id6id-6id6id- -8.46546151838 -1.17825292107 4.7760
6id6id6id -8.44831834655 -1.15267422025 4.6885
6id6id6id-6id -8.44859046038 -1.27566967529 4.7286
6id6id6id-6id- -8.3958003757 -1.31567040956 4.6455
6id6id6id6id -8.37920143155 -1.36301821747 4.6012
6id6id6id6id- -8.40614070157 -1.35431057464 4.6394
6ie6ie -7.61211252057 -0.0214969932482 4.8783
6ie6ie- -7.68558325699 0.0473478079138 5.0178
6ie6ie-4ie6ie -7.38217632697 -0.183132613368 4.7705
6ie6ie-6ie -7.5925203242 -0.0707495980321 4.9340
6ie6ie-6ie-6ie -7.43714332236 -0.385313195436 4.6323
6ie6ie-6ie-6ie- -7.36938697656 -0.40953132707 4.5622
6ie6ie-6ie6ie- -7.49292665927 -0.14612513132 4.8911
6ie6ie6ie -7.4423134853 -0.33660481833 4.6361
6ie6ie6ie-6ie -7.51605633555 -0.359190266932 4.7345
6ie6ie6ie-6ie- -7.40693868628 -0.391571813724 4.6562
6ie6ie6ie6ie -7.34299193421 -0.507492308961 4.4842
6ie6ie6ie6ie- -7.44721153439 -0.456607021145 4.5849
6if6if -7.4063944586 0.210616111065 4.7478
6if6if- -7.48775649634 0.256331235947 4.8588
6if6if-4if6if -6.96992386151 -0.0908860220874 4.4400
6if6if-6if -7.27822884063 0.0228575624411 4.6749
6if6if-6if-6if -7.01645532791 -0.277284001518 4.3355
6if6if-6if-6if- -6.91468475228 -0.352931648645 4.2399
6if6if-6if6if- -7.24339826929 -0.126532934942 4.5588
6if6if6if -7.30979404591 -0.152927977285 4.4754
6if6if6if-6if -7.27877306831 -0.245718796242 4.4742
6if6if6if-6if- -7.19414566451 -0.34612880268 4.3888
6if6if6if6if -7.25673184738 -0.348305713389 4.3286
6if6if6if6if- -7.33183526683 -0.313203028211 4.4027
6ih6ih -6.81672377039 0.51919320402 4.5339
6ih6ih- -6.8760445872 0.685454759395 4.6980
6ih6ih-4ih6ih -6.56420212818 0.455518565791 4.3982
6ih6ih-6ih -6.80257385078 0.527356619178 4.5770
6ih6ih-6ih-6ih -6.72121181305 0.297148311735 4.3635
6ih6ih-6ih-6ih- -6.67032652523 0.219323753899 4.2766
6ih6ih-6ih6ih- -6.77073653167 0.452797427405 4.5229
6ih6ih6ih -6.69236774616 0.235378470376 4.2981
6ih6ih6ih-6ih -6.74080400943 0.301502133152 4.4074
6ih6ih6ih-6ih- -6.69644945374 0.245718796242 4.3367
6ih6ih6ih6ih -6.60148172407 0.072110167225 4.1527
6ih6ih6ih6ih- -6.66542847614 0.144492448289 4.2378
6ii -7.96640473841 0.871852738826 5.0908
6ii6ii -7.74191082158 0.590759143568 5.0458
6ii6ii6ii6ii -7.39904738496 0.146669358997 4.8589
6il6il- -7.13155948163 0.465042550142 4.8329
6il6il6il6il -8.29430191391 0.600827355595 4.5577
6la6la6la6la -6.92230393976 -0.0522458570083 4.3771
6ld6ld -8.07606661536 -0.601371583273 4.7831
6ld6ld6ld -7.98762961782 -0.948588841307 4.4982
6ld6ld6ld6ld -7.9606903478 -1.10396584314 4.3694
6le6le -7.18217265561 0.0712938257092 4.6265
6le6le6le -7.03305427207 -0.194017166911 4.3493
6le6le6le6le -6.94679418523 -0.323815467916 4.2099
6lf6lf -6.8844801162 0.213065135612 4.3991
6lf6lf6lf -6.76012409196 -0.0908860220874 4.1424
6lf6lf6lf6lf -6.68883026626 -0.264766764943 3.9984
6lh6lh -6.43222691647 0.498512552288 4.2256
6lh6lh6lh -6.27249609322 0.22884773825 3.9480
6lh6lh6lh6lh -6.21480795944 0.137961716163 3.8571
6li6li -7.09455199959 0.459328159531 4.8130
6li6li6li -7.05264646844 0.43075620648 4.7377
6li6li6li6li -6.85998987073 0.174697084372 4.4709
6ll -6.96012776332 0.836205825971 4.8113
6ll6ll -6.59767213033 0.35565278703 4.3188
6ll6ll6ll -6.36637536753 0.0816341515755 3.9824
6ll6ll6ll6ll -6.24392414017 -0.0345584575003 3.8225
