12dd -9.30954412367 0.239702242358 5.47827423349
12dd12dd -8.65017371533 -1.10574445806 3.91854101964
12dd12dd- -8.6839226161 -1.17338149706 3.89420690946
12dd12dd-12dd -8.46730361637 -1.53515760478 3.4402600852
12dd12dd-12dd-12dd -8.40524463329 -1.71355843974 3.25866760214
12dd12dd-12dd-12dd- -8.5145858359 -1.82159131662 3.30237930771
12dd12dd-12dd12dd- -8.36725162643 -1.7489797491 3.22236318719
12dd12dd-4dd12dd -8.56587085147 -1.71416299994 3.51550029084
12dd12dd12dd -8.69817844954 -1.34409271961 3.76612762064
12dd12dd12dd-12dd -8.37229663531 -1.9138669058 3.12169830768
12dd12dd12dd-12dd- -8.43486109639 -1.95915416839 3.14561432392
12dd12dd12dd12dd -8.69868512696 -1.6524894274 3.54635069889
12dd12dd12dd12dd- -8.51448267791 -1.82160076044 3.30232920371
12dh -8.1526903866 0.805144260531 4.93547908266
12dh12dh -7.38437852721 0.0160610612622 3.72423442183
12dh12dh- -7.33260907206 -0.0802222771953 3.65782996799
12dh12dh-12dh -6.90870350405 -0.42620623445 3.02272682908
12dh12dh-12dh-12dh -6.75458702637 -0.629117161341 2.74729628498
12dh12dh-12dh-12dh- -6.87916718177 -0.713097562267 2.84972527623
12dh12dh-12dh12dh- -6.69754771359 -0.624645680066 2.71976272248
12dh12dh-4dh12dh -7.0369776605 -0.476917353445 3.17830783105
12dh12dh12dh -7.07847291187 -0.382693822042 3.24542132316
12dh12dh12dh-12dh -6.74258785338 -0.602491096291 2.80372341127
12dh12dh12dh-12dh- -6.86249932294 -0.658218784066 2.89239786987
12dh12dh12dh12dh -6.95237131005 -0.608310064872 2.9989138583
12dh12dh12dh12dh- -6.79467734077 -0.579978919667 2.8616224819
12hd -8.15269195931 0.805144411504 4.93548081802
12hd12hd -7.38438456866 0.0160633467489 3.72424301459
12hd12hd- -7.33255835232 -0.0801899013544 3.65781013723
12hd12hd-12hd -6.90864388997 -0.426191311707 3.02268290201
12hd12hd-12hd-12hd -6.75459333862 -0.629110685452 2.74730622881
12hd12hd-12hd-12hd- -6.79467975533 -0.579978311114 2.86162369803
12hd12hd-12hd12hd- -6.69751181514 -0.624625030774 2.71974427194
12hd12hd-4hd12hd -7.16413745453 -0.636077753188 3.1424046982
12hd12hd12hd -7.07845569169 -0.382715575401 3.24539778581
12hd12hd12hd-12hd -6.80515718095 -0.6776453453 2.79204182651
12hd12hd12hd-12hd- -6.8626377223 -0.658090508386 2.89254574166
12hd12hd12hd12hd -6.95235350011 -0.608335359052 2.99888399255
12hd12hd12hd12hd- -6.87890579358 -0.713344628718 2.84938195809
12hh -7.60742862239 1.93715171677 5.39657597756
12hh12hh -6.5841601746 1.26888493205 4.08529781861
12hh12hh- -6.57291797095 1.02256374635 3.941387949
12hh12hh-12hh -6.05366419703 0.779254841063 3.35261183573
12hh12hh-12hh-12hh -5.90287842107 0.609721071835 3.11156059876
12hh12hh-12hh-12hh- -5.92170194664 0.653792572514 3.16873150284
12hh12hh-12hh12hh- -5.89654430815 0.557724914074 3.07701563764
12hh12hh-4hh12hh -6.10162187884 0.617236081693 3.33323960879
12hh12hh12hh -6.15791507135 0.993020278053 3.58382758741
12hh12hh12hh-12hh -5.95862751801 0.562156598365 3.14467205103
12hh12hh12hh-12hh- -5.92836131565 0.65733356272 3.19352762191
12hh12hh12hh12hh -5.99431238169 0.752275039496 3.30710066538
12hh12hh12hh12hh- -5.92158736685 0.653852551614 3.16867807495
13aa -7.7564937139 2.23643017269 5.82292631638
13aa13aa -6.98701463904 1.66097018422 4.78712963568
13aa13aa- -6.71088318053 1.34889631552 4.37031243404
13aa13aa-13aa -6.50338450249 1.2826653663 4.15544172356
13aa13aa-13aa-13aa -6.36721983915 1.15150071296 3.9587755321
13aa13aa-13aa-13aa- -6.48201747644 1.21393693682 4.07995491794
13aa13aa-13aa13aa- -6.30898938542 1.11643477973 3.89565723868
13aa13aa-4aa13aa -6.55048201637 0.789120728454 3.97035053668
13aa13aa13aa -6.64963722081 1.34772609958 4.30372066071
13aa13aa13aa-13aa -6.38660699806 1.14778337948 3.9656753049
13aa13aa13aa-13aa- -6.44020615036 1.16055855337 4.00901203449
13aa13aa13aa13aa -6.61411611045 1.3116614609 4.23196689671
13aa13aa13aa13aa- -6.43031170917 1.15084103978 4.00033096231
13ad13ad -7.87615358093 0.478254089641 4.5537916653
13ad13ad- -7.63560237834 0.153584420058 4.12337414235
13ad13ad-13ad -7.31357732677 -0.188066536932 3.64213063959
13ad13ad-13ad-13ad -7.24310146496 -0.313554072256 3.5080800646
13ad13ad-13ad-13ad- -7.31583330392 -0.390321600102 3.52463290172
13ad13ad-13ad13ad- -7.1571772439 -0.394938140673 3.39648188027
13ad13ad-4ad13ad -7.48059604238 -0.508281230617 3.66175980851
13ad13ad13ad -7.65806822094 0.0369682242259 4.08170886123
13ad13ad13ad-13ad -7.32406040894 -0.384472467218 3.51607341564
13ad13ad13ad-13ad- -7.40897121636 -0.361539671115 3.59820370988
13ad13ad13ad13ad -7.79527168531 -0.0133145522287 4.1377007341
13ad13ad13ad13ad- -7.48151184362 -0.345168547281 3.68067762698
13ae13ae -7.02041474025 1.14917822435 4.41873654718
13ae13ae- -6.82266867237 0.860547457497 4.05499372151
13ae13ae-13ae -6.44896276842 0.560979857579 3.56899567051
13ae13ae-13ae-13ae -6.36591797739 0.454017315803 3.44341494562
13ae13ae-13ae-13ae- -6.48538314251 0.506589845304 3.56927778775
13ae13ae-13ae13ae- -6.26055148287 0.390127179553 3.32346530559
13ae13ae-4ae13ae -6.59168836936 0.265710902668 3.57612740566
13ae13ae13ae -6.70074880096 0.781044976795 3.93321469496
13ae13ae13ae-13ae -6.36431702235 0.423093631846 3.41898950312
13ae13ae13ae-13ae- -6.44156367893 0.444945131944 3.49075566251
13ae13ae13ae13ae -6.7118844229 0.743021078365 3.90945586191
13ae13ae13ae13ae- -6.48794921575 0.490453240068 3.57656581644
13af13af -6.74489943426 1.66371262094 4.56265129285
13af13af- -6.4649665782 1.37135687656 4.17654074142
13af13af-13af -5.8826844857 1.11601662651 3.58259273511
13af13af-13af-13af -5.94839519605 1.02895458698 3.55816582568
13af13af-13af-13af- -6.02779983806 1.00026828652 3.59906018335
13af13af-13af13af- -5.65470496389 0.909127181522 3.2968574451
13af13af-4af13af -6.03667010946 0.772315024139 3.49863961439
13af13af13af -6.51233129308 1.43244388128 4.20783030995
13af13af13af-13af -5.93418749003 0.96810821556 3.50189820741
13af13af13af-13af- -6.08705818781 1.02843287063 3.63637309735
13af13af13af13af -6.41154405488 1.29176062376 4.02318328966
13af13af13af13af- -6.1919028551 1.08252297884 3.74270125675
13ah13ah -6.64179125132 1.65979347657 4.50051131012
13ah13ah- -6.5275385675 1.38600311597 4.25327270163
13ah13ah-13ah -6.11281246853 1.06792979938 3.72874799723
13ah13ah-13ah-13ah -6.00884774296 1.00777029221 3.59510387567
13ah13ah-13ah-13ah- -6.06075220868 1.07177705336 3.68466606756
13ah13ah-13ah13ah- -5.89356898769 0.894050627289 3.45957242078
13ah13ah-4ah13ah -6.14694087857 0.801151524094 3.59450341524
13ah13ah13ah -6.36123196251 1.41270410869 4.10726630325
13ah13ah13ah-13ah -6.00296594576 0.959759667672 3.55433076045
13ah13ah13ah-13ah- -6.0472690872 1.03428494508 3.63294823285
13ah13ah13ah13ah -6.25372016166 1.2812096236 3.92572832072
13ah13ah13ah13ah- -6.17236842241 1.12317585342 3.76601112256
13ai13ai -6.81119784269 1.75286743006 4.70935805325
13ai13ai- -6.72520382 1.674605966 4.58900108319
13ai13ai-13ai -6.36661696197 1.42727226494 4.14444442486
13ai13ai-13ai-13ai -6.25511007632 1.32222627524 3.98169319698
13ai13ai-13ai-13ai- -6.30683401823 1.33558846438 4.02851944569
13ai13ai-13ai13ai- -6.16175535538 1.26487035787 3.88314112832
13ai13ai-4ai13ai -6.42141794647 0.994178701656 3.99311255704
13ai13ai13ai -6.53479719579 1.54374078643 4.34059982791
13ai13ai13ai-13ai -6.22284946997 1.29673321521 3.94054813453
13ai13ai13ai-13ai- -6.2696973215 1.30168725297 3.97550262334
13ai13ai13ai13ai -6.41245797722 1.4221190969 4.15388438576
13ai13ai13ai13ai- -6.35692614874 1.40084987298 4.09812666676
13al13al -6.21100939563 1.44089568703 4.04374394807
13al13al- -6.267155647 1.48861031565 4.1135689822
13al13al-13al -5.77308533574 1.14627896152 3.52371704356
13al13al-13al-13al -5.71950491278 0.994578256629 3.38234680575
13al13al-13al-13al- -5.82250853729 1.06395613422 3.49736789735
13al13al-13al13al- -5.52287176039 1.01892042532 3.27326475888
13al13al13al -5.98677661989 1.2871140434 3.76194458847
13al13al13al-13al -5.70090309303 1.02782809158 3.37748699793
13al13al13al-13al- -5.76205184239 1.07965157348 3.44790074409
13al13al13al13al -5.86924749574 1.18286968114 3.6088035738
13al13al13al13al- -5.74517193102 1.18952325465 3.51554747111
13da13da -7.87572735679 0.47766415533 4.5529638435
13da13da- -7.63560307338 0.153583952613 4.12337433887
13da13da-13da -7.31357975393 -0.188066757415 3.64213288225
13da13da-13da-13da -7.16303625239 -0.427147687153 3.37233840732
13da13da-13da-13da- -7.54627451894 -0.249975017686 3.78647303272
13da13da-13da13da- -7.15717717074 -0.394938037877 3.39648189044
13da13da-4da13da -7.40290882766 -0.582602404151 3.59786885662
13da13da13da -7.65792269473 0.0370201261383 4.08164155571
13da13da13da-13da -7.16430628348 -0.434230599717 3.37673617942
13da13da13da-13da- -7.40853792362 -0.361881701202 3.59768054088
13da13da13da13da -7.7953134188 -0.0132859878253 4.13775239031
13da13da13da13da- -7.17684902468 -0.495237956161 3.34871441178
13dd -9.00675878156 0.666392356904 5.47802028267
13dd13dd -8.38650685141 -0.81514723054 3.95118742902
13dd13dd- -8.38662355798 -0.815049919458 3.95137230072
13dd13dd-13dd -8.18119913061 -1.08685900407 3.60144429522
13dd13dd-13dd-13dd -8.21828469679 -1.23548454985 3.54693408784
13dd13dd-13dd-13dd- -8.37391270028 -1.39777918102 3.58442492092
13dd13dd-13dd13dd- -8.08938451729 -1.27581348842 3.41827532178
13dd13dd-4dd13dd -8.31024171686 -1.56891755396 3.56251232492
13dd13dd13dd -8.18151718266 -1.08666416928 3.60185405019
13dd13dd13dd-13dd -8.22944529984 -1.34793932953 3.46577725327
13dd13dd13dd-13dd- -8.39636856313 -1.42295961627 3.55009578239
13dd13dd13dd13dd -8.08937649288 -1.27582040994 3.41826350038
13dd13dd13dd13dd- -8.37393490304 -1.39778892021 3.5844441687
13de13de -7.849577153 0.302213256905 4.36115704906
13de13de- -7.61361315156 -0.153749012962 3.86908646112
13de13de-13de -7.31680466925 -0.476276035537 3.40694875485
13de13de-13de-13de -7.3123656404 -0.552108393845 3.37840189268
13de13de-13de-13de- -7.54715850521 -0.531435314769 3.5712588678
13de13de-13de13de- -7.17851437715 -0.681026993401 3.17120360166
13de13de-4de13de -7.43640892665 -0.851215936103 3.4356528757
13de13de13de -7.80974542927 0.0302450213056 4.14945950362
13de13de13de-13de -7.28959555661 -0.652655016792 3.27974633897
13de13de13de-13de- -7.46093242411 -0.631693297918 3.43382512675
13de13de13de13de -7.76561547258 -0.221324454489 3.93959368976
13de13de13de13de- -7.39155271691 -0.640379355405 3.40262773678
13df13df -7.50578698541 0.422694204595 4.16935003532
13df13df- -7.2433112638 0.222503781433 3.85751555787
13df13df-13df -6.87394259884 -0.0404004735895 3.39607388641
13df13df-13df-13df -6.79006556521 -0.210060567857 3.21145088008
13df13df-13df-13df- -7.11509537787 -0.265367300103 3.41509937339
13df13df-13df13df- -6.72090995531 -0.282068515724 3.12285745585
13df13df-4df13df -6.98591530342 -0.40137160398 3.30434543151
13df13df13df -7.2991090086 -0.00389569542657 3.72317122527
13df13df13df-13df -6.85358440592 -0.28029761432 3.21205250722
13df13df13df-13df- -7.05409091852 -0.336578724823 3.32176012811
13df13df13df13df -7.3041322214 -0.169844651538 3.60438413623
13df13df13df13df- -7.05475172886 -0.3598917878 3.27439532888
13dh13dh -7.30861851938 0.462568517378 4.04176890962
13dh13dh- -7.35473876845 0.244761506859 3.98000615856
13dh13dh-13dh -7.08787525134 -0.0902178799686 3.55425567206
13dh13dh-13dh-13dh -6.90236037587 -0.238249455089 3.25696503273
13dh13dh-13dh-13dh- -7.02457625603 -0.275175204181 3.39012910351
13dh13dh-13dh13dh- -6.95876882993 -0.277299144078 3.32759883551
13dh13dh-4dh13dh -7.10850678803 -0.363720471542 3.41980829176
13dh13dh13dh -7.14894137854 0.11884057216 3.69121099495
13dh13dh13dh-13dh -6.99174527231 -0.2692785778 3.33590444885
13dh13dh13dh-13dh- -7.01448631715 -0.293064778191 3.34027962888
13dh13dh13dh13dh -7.12359187164 -0.0793807346464 3.52595088479
13dh13dh13dh13dh- -6.92418690356 -0.242778069264 3.24965652082
13di13di -7.68269815701 0.583256131105 4.45768786283
13di13di- -7.42515994877 0.26871731448 4.0333378005
13di13di-13di -7.1075776504 -0.0535380442775 3.56016453397
13di13di-13di-13di -7.07564211048 -0.128644327109 3.49298836006
13di13di-13di-13di- -7.32864461103 -0.11064373303 3.70514665826
13di13di-13di13di- -6.94636513933 -0.250899904163 3.31156022404
13di13di-4di13di -7.23255140205 -0.301797639129 3.62194094932
13di13di13di -7.54835744433 0.27782616679 4.1385824618
13di13di13di-13di -7.09105724524 -0.185148920889 3.46242218567
13di13di13di-13di- -7.24618134467 -0.145746448248 3.59916274868
13di13di13di13di -7.54825875373 0.107840111143 4.00969240128
13di13di13di13di- -7.16914636893 -0.17989788146 3.52538936443
13dl13dl -7.46468224302 0.49901856953 4.19374447689
13dl13dl- -7.14672883097 0.368518991139 3.87779966474
13dl13dl-13dl -6.74134367407 0.0278630776615 3.33035678696
13dl13dl-13dl-13dl -6.80593438851 -0.157491428809 3.24835212271
13dl13dl-13dl-13dl- -6.54849267242 -0.102638630644 3.09979992703
13dl13dl-13dl13dl- -6.54855529267 -0.10268966355 3.09982720232
13dl13dl13dl -7.31029368723 0.229140753978 3.89703666939
13dl13dl13dl-13dl -6.67904838189 -0.148575081822 3.16341635026
13dl13dl13dl13dl -7.30844509947 0.093445737278 3.7916871601
13dl13dl13dl13dl- -6.85996824985 -0.10764564947 3.31570158152
13ea13ea -7.02049345837 1.14950468824 4.41900173706
13ea13ea- -6.82269259143 0.860593699797 4.05504261265
13ea13ea-13ea -6.44896895687 0.561042490819 3.56903796393
13ea13ea-13ea-13ea -6.37552992636 0.464633091961 3.45858461161
13ea13ea-13ea-13ea- -6.54568814874 0.565926593373 3.66715656184
13ea13ea-13ea13ea- -6.26055621341 0.390122121732 3.32346538025
13ea13ea-4ea13ea -6.53369019209 0.227516614987 3.54752308075
13ea13ea13ea -6.70080234804 0.781080483721 3.93327738246
13ea13ea13ea-13ea -6.34457788187 0.412224298995 3.39612041626
13ea13ea13ea-13ea- -6.44158789435 0.444972650403 3.49079115189
13ea13ea13ea13ea -6.7117428952 0.742852863715 3.90923900239
13ea13ea13ea13ea- -6.48541983425 0.506715656832 3.56940012469
13ed13ed -7.84986022315 0.302176790448 4.36145821612
13ed13ed- -7.61353597701 -0.153778772922 3.86897732676
13ed13ed-13ed -7.31683682139 -0.476269881888 3.40697488952
13ed13ed-13ed-13ed -7.31239101229 -0.552106588584 3.37842235606
13ed13ed-13ed-13ed- -7.39156560167 -0.640414716866 3.4026032746
13ed13ed-13ed13ed- -7.191827607 -0.645960475621 3.21282417215
13ed13ed-4ed13ed -7.4890850939 -0.804119506578 3.4785701533
13ed13ed13ed -7.81030866076 0.0306837679279 4.15015896223
13ed13ed13ed-13ed -7.32682315855 -0.676812310615 3.2831962114
13ed13ed13ed-13ed- -7.46090270711 -0.631712660752 3.43378651232
13ed13ed13ed13ed -7.76559674994 -0.221431623012 3.9394964138
13ed13ed13ed13ed- -7.54709533931 -0.5314859694 3.5711940479
13ee -7.81769802283 1.55873239134 5.14599330718
13ee13ee -7.2361264413 0.944859328095 4.38132493357
13ee13ee- -6.93897701354 0.487080104196 3.8439253262
13ee13ee-13ee -6.61905455775 0.274893407022 3.45775772449
13ee13ee-13ee-13ee -6.55161675377 0.172342345524 3.34382881701
13ee13ee-13ee-13ee- -6.7431565013 0.229821618832 3.53974376746
13ee13ee-13ee13ee- -6.45692868642 0.130907220771 3.25976503166
13ee13ee-4ee13ee -6.71158864265 -0.101567100251 3.43316717687
13ee13ee13ee -7.08815519718 0.738450221045 4.13981346379
13ee13ee13ee-13ee -6.57226210971 0.155413987424 3.34436013177
13ee13ee13ee-13ee- -6.68593604527 0.153023724102 3.43244101277
13ee13ee13ee13ee -6.97933798816 0.542709314869 3.92528385677
13ee13ee13ee13ee- -6.74316042739 0.229809791427 3.539740366
13ef13ef -6.78690734591 1.06062464947 4.11348344333
13ef13ef- -6.579326454 0.898132408213 3.88419969896
13ef13ef-13ef -6.12407207042 0.659231581727 3.38086751549
13ef13ef-13ef-13ef -6.0089269616 0.544001509015 3.22806251412
13ef13ef-13ef-13ef- -6.25468994346 0.573445861192 3.45649031845
13ef13ef-13ef13ef- -5.93651464573 0.444129655942 3.11174679822
13ef13ef-4ef13ef -6.20728489967 0.363349546922 3.30253531963
13ef13ef13ef -6.47058917323 0.698400437039 3.64039731613
13ef13ef13ef-13ef -6.05346535463 0.461647255412 3.19146348671
13ef13ef13ef-13ef- -6.23171336679 0.456606268229 3.32233598924
13ef13ef13ef13ef -6.39930391939 0.596566151813 3.51942880194
13ef13ef13ef13ef- -6.27293266277 0.4738584345 3.33523803905
13eh13eh -6.71665665305 1.14592080069 4.12792528655
13eh13eh- -6.78937791597 0.879091064308 4.03377047227
13eh13eh-13eh -6.33265373823 0.607525365928 3.51577017154
13eh13eh-13eh-13eh -6.18891201684 0.533942917538 3.34832942712
13eh13eh-13eh-13eh- -6.24898619375 0.569480998107 3.44887226515
13eh13eh-13eh13eh- -6.13858759947 0.445990190781 3.27092597966
13eh13eh-4eh13eh -6.35688332438 0.366211692981 3.42211390726
13eh13eh13eh -6.45041966063 0.891830500321 3.76648626474
13eh13eh13eh-13eh -6.19675923017 0.49693751792 3.32644402459
13eh13eh13eh-13eh- -6.22711238837 0.537943202828 3.38290841896
13eh13eh13eh13eh -6.34777398559 0.758997645813 3.59602731155
13eh13eh13eh13eh- -6.27132852051 0.643213729744 3.45802701352
13ei13ei -6.95635073092 1.27892976868 4.45293781196
13ei13ei- -6.6790373562 0.951760225735 3.99922752816
13ei13ei-13ei -6.30534043035 0.673103655858 3.51743988063
13ei13ei-13ei-13ei -6.2686611938 0.626846885338 3.47816665291
13ei13ei-13ei-13ei- -6.43998084798 0.71027322577 3.67492323372
13ei13ei-13ei13ei- -6.08634053929 0.481417346823 3.23129008326
13ei13ei-4ei13ei -6.44064272289 0.474437872294 3.61344488792
13ei13ei13ei -6.72191431014 1.05093021077 4.12063448451
13ei13ei13ei-13ei -6.20971165233 0.552367495467 3.3643509909
13ei13ei13ei-13ei- -6.34681575616 0.625884032968 3.52407760187
13ei13ei13ei13ei -6.6450082915 0.93736805325 3.97844755951
13ei13ei13ei13ei- -6.40957269831 0.707959875832 3.62857467022
13el13el -6.6553606598 0.928790736196 3.95943810181
13el13el- -6.47938172064 1.03340020384 3.89261752646
13el13el-13el -6.23819694659 0.655993614568 3.45869521494
13el13el-13el-13el -6.09520565041 0.497040826848 3.23638387894
13el13el-13el-13el- -6.06778291909 0.550769299195 3.25914371313
13el13el-13el13el- -5.97754592726 0.544289626104 3.20989258864
13el13el13el -6.62146255664 1.00584350908 3.99155943346
13el13el13el-13el -6.11507675275 0.573792668702 3.30703129678
13el13el13el-13el- -6.0706327678 0.610982520101 3.30708160726
13el13el13el13el -6.22829660614 0.598364356147 3.41851421735
13el13el13el13el- -6.27954813099 0.762760048391 3.55537658164
13fa13fa -6.3243618937 1.3859948549 4.09310707127
13fa13fa- -6.45210757753 1.37134640149 4.16951492459
13fa13fa-13fa -5.88944253268 1.08043244376 3.56466554224
13fa13fa-13fa-13fa- -6.21442621712 1.08670644039 3.76059705161
13fa13fa-13fa13fa- -5.72836026342 0.896063824971 3.33464176499
13fa13fa-4fa13fa -6.00587383584 0.639183101915 3.47694926101
13fa13fa13fa -6.11541399952 1.19281822078 3.79396017184
13fa13fa13fa-13fa -5.88556016872 0.951421006253 3.46770121317
13fa13fa13fa-13fa- -6.07086193079 1.01010432101 3.61396808696
13fa13fa13fa13fa -5.91713958981 0.991092382286 3.50676513966
13fa13fa13fa13fa- -6.03034433975 1.00116904748 3.60141788269
13fd13fd -7.44911603716 0.487300269548 4.18772387896
13fd13fd- -7.24331108311 0.222505107945 3.85751605628
13fd13fd-13fd -6.89279498181 -0.0983416162087 3.37129127588
13fd13fd-13fd-13fd -6.878777626 -0.285375490103 3.19808605569
13fd13fd-13fd-13fd- -7.08065508103 -0.307489105867 3.33772980085
13fd13fd-13fd13fd- -6.72238419789 -0.281427782386 3.12413303187
13fd13fd-4fd13fd -6.95576982453 -0.534567391192 3.26882874489
13fd13fd13fd -7.32372283437 0.20327646946 3.89437066249
13fd13fd13fd-13fd -6.88318402604 -0.290563879705 3.22995309038
13fd13fd13fd-13fd- -7.05417087549 -0.336687795534 3.32177676189
13fd13fd13fd13fd -7.05596273307 -0.358948547224 3.2757140932
13fd13fd13fd13fd- -7.09602512712 -0.308731270571 3.37355727858
13fe13fe -6.86676939873 1.21692683778 4.31818389528
13fe13fe- -6.5793558193 0.898112920726 3.8842117946
13fe13fe-13fe -6.15606245572 0.604612448414 3.36791704232
13fe13fe-13fe-13fe -6.08573296384 0.466128856947 3.20272164118
13fe13fe-13fe-13fe- -6.27291446981 0.473868581015 3.33522779787
13fe13fe-13fe13fe- -5.93648162935 0.444090276801 3.11169157439
13fe13fe-4fe13fe -6.19104403844 0.222230043306 3.27369004453
13fe13fe13fe -6.62640153773 1.02325737909 4.00490941565
13fe13fe13fe-13fe -6.0602824927 0.464536598158 3.21833789192
13fe13fe13fe-13fe- -6.22305398776 0.4439103212 3.30862510319
13fe13fe13fe13fe -6.52069911931 0.884112110524 3.83215093863
13fe13fe13fe13fe- -6.23677687745 0.55160704683 3.43389921482
13ff -7.34563759588 2.17584320057 5.30508528857
13ff13ff -6.43148250274 1.45320284103 4.17396447726
13ff13ff- -6.44800550965 1.32215780557 4.12118392259
13ff13ff-13ff -5.80510457307 1.1495878691 3.51237519704
13ff13ff-13ff-13ff -5.68852717963 0.948011250328 3.29145056262
13ff13ff-13ff-13ff- -5.78086663112 0.889091889395 3.30851091971
13ff13ff-13ff13ff- -5.7285993359 0.864202698725 3.26305618815
13ff13ff-4ff13ff -5.86571625564 0.70788552185 3.31806161947
13ff13ff13ff -6.02411541275 1.09755906515 3.62005571261
13ff13ff13ff-13ff -5.92885926054 1.02186086804 3.50218983082
13ff13ff13ff-13ff- -6.15169097597 1.03218783329 3.66444829581
13ff13ff13ff13ff -5.81799486103 0.892180906835 3.32706938456
13ff13ff13ff13ff- -5.78061015189 0.888785905564 3.30803377636
13fh13fh -6.55070245817 1.45138012802 4.28901700475
13fh13fh- -6.49596065885 1.27431956196 4.12225827754
13fh13fh-13fh -6.09417905778 1.0908265871 3.68087000402
13fh13fh-13fh-13fh -5.87211868134 0.945463550315 3.40317677117
13fh13fh-13fh-13fh- -6.03353682777 0.922798161278 3.49732396418
13fh13fh-13fh13fh- -5.75512173293 0.816698713732 3.27102008496
13fh13fh-4fh13fh -5.99228679865 0.630429349939 3.38132985874
13fh13fh13fh -6.20628731192 1.15103375691 3.8255229419
13fh13fh13fh-13fh -6.00054619433 0.910677529236 3.48696260142
13fh13fh13fh-13fh- -6.14909780485 0.860292052558 3.54976268385
13fh13fh13fh13fh -6.04966789282 0.980524942116 3.5957446535
13fh13fh13fh13fh- -5.96808066695 0.879356835283 3.4745825145
13fi13fi -6.65027076277 1.70617110962 4.51318454425
13fi13fi- -6.37136510277 1.4649386941 4.16192024934
13fi13fi-13fi -5.92942704311 1.1583009596 3.6177663367
13fi13fi-13fi-13fi -5.92932321862 1.16392073107 3.61542017188
13fi13fi-13fi-13fi- -6.12255235808 1.19832059153 3.76441775936
13fi13fi-13fi13fi- -5.69437631886 0.996895282278 3.34303443077
13fi13fi-4fi13fi -5.94737631509 0.815820981299 3.51060461864
13fi13fi13fi -6.18650946733 1.45720895151 4.01564595036
13fi13fi13fi-13fi -5.78088088528 1.06503472676 3.44483650708
13fi13fi13fi-13fi- -5.94641292715 1.14185106038 3.60005675107
13fi13fi13fi13fi -6.04028912643 1.36598568492 3.84028873429
13fi13fi13fi13fi- -5.97428657928 1.18157358396 3.66075572257
13fl13fl -6.83019746082 1.94541830697 4.76635817569
13fl13fl- -6.25737610733 1.4658009422 4.08687429604
13fl13fl-13fl -5.80401616553 1.16584114569 3.52683443265
13fl13fl-13fl13fl- -5.56041572694 1.01120901954 3.24385045399
13fl13fl13fl -5.78432095326 1.19150384739 3.52591252591
13fl13fl13fl-13fl -5.52284057558 1.04829352991 3.24396002873
13fl13fl13fl13fl -6.61307497482 1.75039079906 4.48225613078
13fl13fl13fl13fl- -5.6414841886 0.998656925258 3.27906883977
13ha13ha -6.64179503707 1.65979489497 4.50051530555
13ha13ha- -6.52751853151 1.38600615679 4.25326452576
13ha13ha-13ha -6.11280067438 1.06792817888 3.72873766672
13ha13ha-13ha-13ha -6.00884826478 1.0077715039 3.59510511005
13ha13ha-13ha-13ha- -6.17235229235 1.12316779313 3.7659945312
13ha13ha-13ha13ha- -5.89358493786 0.894056838203 3.45958400595
13ha13ha-4ha13ha -6.20882690939 0.744936886947 3.67152212901
13ha13ha13ha -6.36123163196 1.41270166878 4.10726468391
13ha13ha13ha-13ha -5.92445325993 0.944193517239 3.51769463633
13ha13ha13ha-13ha- -6.04726441032 1.03428223023 3.63294350665
13ha13ha13ha13ha -6.25388445086 1.28136586414 3.92595458574
13ha13ha13ha13ha- -6.06088413541 1.07190612824 3.68486800835
13hd13hd -7.3085879583 0.462558818517 4.04174348906
13hd13hd- -7.35473819842 0.244748580227 3.97999853632
13hd13hd-13hd -7.08786290788 -0.0902472686207 3.55422230317
13hd13hd-13hd-13hd -6.9023419702 -0.238279301965 3.25692138209
13hd13hd-13hd-13hd- -6.92419118143 -0.242767615788 3.24966505261
13hd13hd-13hd13hd- -6.9587665457 -0.277300381176 3.32759720092
13hd13hd-4hd13hd -7.18275580239 -0.450202004126 3.45439040255
13hd13hd13hd -7.14893372713 0.118869222612 3.69121487519
13hd13hd13hd-13hd -6.97645212962 -0.309881211942 3.33561842642
13hd13hd13hd-13hd- -7.0144708382 -0.293078122508 3.34025845871
13hd13hd13hd13hd -7.12360703088 -0.0793765568855 3.52596584406
13hd13hd13hd13hd- -7.02447268474 -0.2752928269 3.38998451867
13he13he -6.7166703351 1.14593292876 4.12794521078
13he13he- -6.68840836859 0.915653206513 3.99179231199
13he13he-13he -6.33254178112 0.607467200654 3.5156274999
13he13he-13he-13he -6.18889262254 0.533861334471 3.34826498554
13he13he-13he-13he- -6.27125097339 0.643110588673 3.45788190565
13he13he-13he13he- -6.13867787719 0.445865269117 3.27098133461
13he13he-4he13he -6.46765598467 0.305818687621 3.4817128545
13he13he13he -6.3869052496 0.798387484218 3.65674128426
13he13he13he-13he -6.17545325383 0.466041889904 3.32226925306
13he13he13he-13he- -6.2270438478 0.537933893271 3.38285474242
13he13he13he13he -6.34791885643 0.759013203221 3.59616126866
13he13he13he13he- -6.24893315882 0.569413453204 3.44878548212
13hf13hf -6.44853532359 1.41737549202 4.15940747183
13hf13hf- -6.42404391881 1.30588703797 4.09182349804
13hf13hf-13hf -6.12381489232 1.14049060018 3.73442295975
13hf13hf-13hf-13hf -5.74819323754 0.957094813277 3.36935779734
13hf13hf-13hf-13hf- -5.96807252703 0.879362736883 3.47456469611
13hf13hf-13hf13hf- -5.80568596318 0.802843975166 3.2907109251
13hf13hf-4hf13hf -6.10998904868 0.686950501627 3.47950621743
13hf13hf13hf -6.05941120404 1.09421710703 3.65087137313
13hf13hf13hf-13hf -6.03355353651 1.00638713607 3.57652736111
13hf13hf13hf-13hf- -6.14906828016 0.860179888826 3.54966955658
13hf13hf13hf13hf -5.85197073294 0.816251586152 3.29198952592
13hf13hf13hf13hf- -6.03320657896 0.922515577898 3.49690316313
13hh -7.35449769284 2.1728531175 5.39684171768
13hh13hh -6.41211975873 1.58880074698 4.25819011103
13hh13hh- -6.48105104956 1.40897415309 4.21499456534
13hh13hh-13hh -6.04635840254 1.11656516933 3.68333398327
13hh13hh-13hh-13hh -5.82528190754 1.04972447608 3.46417235775
13hh13hh-13hh-13hh- -5.86463481513 1.03696500898 3.48746017281
13hh13hh-13hh13hh- -5.81565714772 0.956339439014 3.40334130116
13hh13hh-4hh13hh -6.06071886818 0.812495263429 3.52561283577
13hh13hh13hh -6.07857639318 1.28998985299 3.80821474048
13hh13hh13hh-13hh -5.83128202703 0.999934447935 3.4449391002
13hh13hh13hh-13hh- -5.84077185942 1.01611902419 3.45704619916
13hh13hh13hh13hh -5.91976144758 1.10763967897 3.56204435605
13hh13hh13hh13hh- -5.86460015646 1.03695871829 3.4874415837
13hi13hi -6.58868583987 1.76567474195 4.53192570249
13hi13hi- -6.43172124647 1.46363991853 4.22043240766
13hi13hi-13hi -5.96896809256 1.16501902772 3.66261428224
13hi13hi-13hi-13hi -5.94238246437 1.15510666108 3.63034959043
13hi13hi-13hi-13hi- -6.09528077811 1.24066891318 3.78857993739
13hi13hi-13hi13hi- -5.73218749817 0.997992622122 3.38092792824
13hi13hi-4hi13hi -6.14248525894 0.924172813567 3.70128114911
13hi13hi13hi -6.28258273531 1.53466344701 4.1281003316
13hi13hi13hi-13hi -5.82343844529 1.07765273968 3.49788097198
13hi13hi13hi-13hi- -5.97615780239 1.18006366268 3.65962172433
13hi13hi13hi13hi -6.18352021559 1.42380191269 3.96837731613
13hi13hi13hi13hi- -6.02782129467 1.24816496124 3.75801331898
13hl13hl -6.32638515648 1.47767585873 4.11176684917
13hl13hl- -6.3468822523 1.47746826527 4.17359370537
13hl13hl-13hl -5.9037758453 1.16861076975 3.61265741345
13hl13hl-13hl-13hl -6.13551286548 1.35408161464 3.85866690167
13hl13hl-13hl-13hl- -6.26240899939 1.36463641417 3.97840661893
13hl13hl-13hl13hl- -5.67149614267 1.00319551357 3.326426051
13hl13hl13hl -5.92802400015 1.15365138965 3.60619655868
13hl13hl13hl-13hl -5.66941730287 0.980087309336 3.31467555773
13hl13hl13hl-13hl- -5.86106770378 1.12115369608 3.52332915962
13hl13hl13hl13hl -5.77183310341 0.881821719731 3.28252812113
13hl13hl13hl13hl- -5.73882348173 0.969362948811 3.33543339245
13ia13ia -6.81119713705 1.75286650553 4.70935684737
13ia13ia- -6.72519416416 1.6746002232 4.58898936299
13ia13ia-13ia -6.36661673119 1.42727204859 4.14444409015
13ia13ia-13ia-13ia -6.25511063143 1.32222701321 3.98169409113
13ia13ia-13ia-13ia- -6.35692566543 1.40084880444 4.09812560498
13ia13ia-13ia13ia- -6.16175534849 1.264870386 3.88314114448
13ia13ia-4ia13ia -6.46258134539 1.00546494832 4.0854009549
13ia13ia13ia -6.53479740667 1.5437408887 4.34060008424
13ia13ia13ia-13ia -6.20359586642 1.26822774814 3.91191121606
13ia13ia13ia-13ia- -6.26969806055 1.30168798925 3.97550369142
13ia13ia13ia13ia -6.41245926199 1.4221202627 4.15388609884
13ia13ia13ia13ia- -6.30683402398 1.33558915578 4.02851981803
13id13id -7.68267902113 0.583260584006 4.45767242458
13id13id- -7.42499719603 0.268463997753 4.03296731939
13id13id-13id -7.10758401298 -0.0535226845641 3.5601845041
13id13id-13id-13id -7.07570441791 -0.128607349312 3.4930689661
13id13id-13id-13id- -7.16919128024 -0.179917719104 3.52541037346
13id13id-13id13id- -6.94637959262 -0.250882172456 3.311581576
13id13id-4id13id -7.37695510455 -0.241012849208 3.74476329002
13id13id13id -7.54835914944 0.277831275569 4.13858826073
13id13id13id-13id -7.09458044339 -0.25198930088 3.41397682601
13id13id13id-13id- -7.24613646601 -0.145802757472 3.59908097887
13id13id13id13id -7.54826111931 0.107961391626 4.00974859969
13id13id13id13id- -7.32864156763 -0.110647097768 3.70514277199
13ie13ie -6.95661717681 1.27892463548 4.45318325992
13ie13ie- -6.67905014601 0.951772199408 3.99924626531
13ie13ie-13ie -6.30512803909 0.672900113939 3.5171398419
13ie13ie-13ie-13ie -6.26868702818 0.626883005782 3.47821435242
13ie13ie-13ie-13ie- -6.40953449268 0.707859897902 3.62846585729
13ie13ie-13ie13ie- -6.10373578611 0.498006394934 3.25590629718
13ie13ie-4ie13ie -6.48933843928 0.479325022197 3.63555005014
13ie13ie13ie -6.72196975804 1.05101214114 4.12072365492
13ie13ie13ie-13ie -6.21427866494 0.540767889423 3.36479794576
13ie13ie13ie-13ie- -6.34689078565 0.625968369698 3.52418654506
13ie13ie13ie13ie -6.64511048919 0.937587143543 3.97866424726
13ie13ie13ie13ie- -6.43995432634 0.710311858479 3.674921794
13if13if -6.62999532004 1.74046558116 4.52908989037
13if13if- -6.62322842635 1.66893945474 4.45149259419
13if13if-13if -5.88648780427 1.18533831593 3.61084996264
13if13if-13if-13if -5.8186191892 1.13601394864 3.52188469421
13if13if-13if-13if- -5.9739419043 1.18159512856 3.6604745275
13if13if-13if13if- -5.6943177371 0.996954415005 3.34301841963
13if13if-4if13if -6.0143057005 0.865292531522 3.54301349114
13if13if13if -6.35839069718 1.50610675348 4.14958252116
13if13if13if-13if -5.80124449955 1.06994304186 3.456019183
13if13if13if-13if- -5.95507710098 1.13508251264 3.6023267913
13if13if13if13if -6.25137525546 1.38099851303 3.97487743642
13if13if13if13if- -6.12259207058 1.1983661239 3.76448829809
13ih13ih -6.58868583174 1.76567472712 4.5319256869
13ih13ih- -6.43172143219 1.46363985038 4.22043249618
13ih13ih-13ih -5.96896609398 1.16504076249 3.66262793673
13ih13ih-13ih-13ih -5.94238743872 1.15510893667 3.6303544054
13ih13ih-13ih-13ih- -6.0278197686 1.2481647977 3.75801210111
13ih13ih-13ih13ih- -5.73218783831 0.997991694389 3.38092794882
13ih13ih-4ih13ih -6.11694173346 1.00163074339 3.71168579539
13ih13ih13ih -6.28258295497 1.53466359087 4.12810061635
13ih13ih13ih-13ih -5.87407346352 1.07475323717 3.51657890572
13ih13ih13ih-13ih- -5.97615778044 1.18006367477 3.65962171516
13ih13ih13ih13ih -6.18351724855 1.42380100381 3.96837453727
13ih13ih13ih13ih- -6.09504905162 1.2405296235 3.78830515792
13ii -7.49187302297 2.36290055745 5.70555174198
13ii13ii -6.72957398446 1.89219584246 4.74196578964
13ii13ii- -6.70769725941 1.87739143476 4.71222641061
13ii13ii-13ii -6.31708680662 1.61623271775 4.23310312762
13ii13ii-13ii-13ii -6.2344062984 1.56125371685 4.12355678218
13ii13ii-13ii-13ii- -6.20474248661 1.51741489962 4.08007763695
13ii13ii-13ii13ii- -6.1603964871 1.51362354775 4.05306271434
13ii13ii-4ii13ii -6.4054091146 1.21576811115 4.16860375748
13ii13ii13ii -6.39751074936 1.66847672023 4.3269773087
13ii13ii13ii-13ii -6.17414736472 1.51117821812 4.05648932505
13ii13ii13ii-13ii- -6.18544033422 1.50585188556 4.05677594464
13ii13ii13ii13ii -6.27742160209 1.56244925815 4.15373360255
13ii13ii13ii13ii- -6.31908922015 1.60487951544 4.20077040261
13il13il -6.5295081357 1.72358103167 4.43376119769
13il13il- -6.32972791835 1.53525870631 4.18914777213
13il13il-13il -5.90366898486 1.18350536457 3.61744756066
13il13il-13il-13il -5.63335172356 1.05237817266 3.34129148935
13il13il-13il-13il- -5.77607786231 1.12092199155 3.48321400157
13il13il-13il13il- -5.61790515823 1.04375230397 3.32498741424
13il13il13il -6.1785463707 1.46020273359 4.00557666702
13il13il13il-13il -5.73404671341 1.08500309888 3.42086110107
13il13il13il-13il- -5.69492656897 1.12172005411 3.421896305
13il13il13il13il -6.03923657813 1.3267327222 3.80203562159
13il13il13il13il- -5.89546049854 1.26518855212 3.66215060888
13la13la -6.398741398 1.63878855309 4.30772530366
13la13la- -6.26715573597 1.48861037656 4.11356902374
13la13la-13la -5.7785497979 1.1882375281 3.55199296165
13la13la-13la-13la -5.62341727918 1.08566384479 3.37661865131
13la13la-13la-13la- -5.74510967454 1.18929529302 3.51533281054
13la13la13la -5.98996210809 1.31010813417 3.77586147628
13la13la13la-13la -5.66204501458 1.02116438084 3.35112196354
13la13la13la-13la- -5.7612509555 1.07677643857 3.44599989896
13la13la13la13la -5.7733767166 1.11011559377 3.48224646188
13la13la13la13la- -5.68852154522 1.05937813193 3.40767973016
13ld13ld- -7.14672817943 0.368521729057 3.87780023803
13ld13ld-13ld -6.7483334539 0.0687532414033 3.36081310812
13ld13ld-13ld-13ld -6.72035520812 -0.0913663249825 3.23187366878
13ld13ld-13ld-13ld- -6.86004589633 -0.107457607169 3.31587239181
13ld13ld-13ld13ld- -6.55203428769 -0.104734380011 3.10180656711
13ld13ld13ld -6.75257923258 0.0686015134671 3.36395726171
13ld13ld13ld-13ld -6.55205376045 -0.104648643324 3.10188343774
13ld13ld13ld13ld -6.86006840649 -0.107643316628 3.31575777834
13ld13ld13ld13ld- -6.79155815011 -0.119889145774 3.26245006307
13le13le -6.60078139621 0.989374440924 3.97015873247
13le13le- -6.47937184903 1.0334274771 3.89262956601
13le13le-13le -6.19039965224 0.704977952493 3.46492313044
13le13le-13le-13le -6.04115119743 0.572924131498 3.26173300514
13le13le-13le-13le- -6.27958604969 0.762765322355 3.55541222532
13le13le-13le13le- -5.97756882056 0.544283688818 3.2099025689
13le13le13le -6.19039625051 0.704971230072 3.4649153252
13le13le13le-13le -5.97967626502 0.544103791371 3.21164681624
13le13le13le-13le- -6.07056112085 0.611003515891 3.30703105823
13le13le13le13le -6.05134171001 0.542578997847 3.24153063379
13le13le13le13le- -6.06781786811 0.550826216224 3.25920222582
13lf13lf- -6.257369719 1.46580171472 4.08686956249
13lf13lf-13lf -5.74592324969 1.22488877318 3.5271642752
13lf13lf-13lf-13lf -5.59252736251 1.04302461853 3.27660520074
13lf13lf-13lf-13lf- -5.93018273087 1.14086423771 3.59042539127
13lf13lf-13lf13lf- -5.56037945319 1.01106547305 3.24373069627
13lh13lh- -6.34688071169 1.47746858245 4.17359232005
13lh13lh-13lh -5.94221111146 1.13332754517 3.61338491876
13lh13lh-13lh-13lh -5.73944411151 0.998763968234 3.357883073
13lh13lh-13lh-13lh- -5.73882133646 0.969362850383 3.33543161942
13lh13lh-13lh13lh- -5.67154795987 1.00319630853 3.3264765612
13li13li -6.32970962809 1.53524839444 4.1891304588
13li13li- -6.32972786597 1.53525867961 4.1891477135
13li13li-13li -5.86835544133 1.22139888468 3.62308678901
13li13li-13li-13li -5.77196909795 1.13945753444 3.49587563844
13li13li-13li-13li- -5.89547519674 1.2652136381 3.66217734664
13li13li-13li13li- -5.61790014005 1.04374907142 3.32498184903
13li13li13li -5.97373825352 1.32847697022 3.77181026442
13li13li13li-13li -5.61796297479 1.04378696054 3.32504857846
13li13li13li-13li- -5.69491440051 1.12173715222 3.42189279031
13li13li13li13li -5.8174341784 1.16429753908 3.53966001968
13li13li13li13li- -5.77607662913 1.12092165789 3.4832129112
13ll -7.14039931227 2.27221129973 5.21601332199
13ll13ll -6.85858456925 1.95124505798 4.68101515582
13ll13ll- -6.01582976538 1.63144114015 4.00251646462
13ll13ll-13ll -5.79976617628 1.21630591366 3.56127434771
13ll13ll-13ll-13ll -5.61671992798 1.00648749288 3.27180714077
13ll13ll-13ll-13ll- -5.82089762403 1.29506094033 3.61603089248
13ll13ll-13ll13ll- -5.49893288716 1.10184595741 3.26225113023
13ll13ll13ll -6.15303173665 1.38318849218 3.91330014841
13ll13ll13ll-13ll -5.61019798024 1.03021131773 3.28465295189
13ll13ll13ll-13ll- -5.95439951396 1.43689647038 3.80097716774
13ll13ll13ll13ll -6.52735040434 1.74466900233 4.37827236765
13ll13ll13ll13ll- -5.75922086474 1.15303782807 3.47658065294
3 -10.9917297164 3.02721306371 5.82129030376
4dd -9.70415864587 -0.462145945462 5.15445479564
4dd4dd -9.48146508312 -0.89954621437 4.80862398545
4dd4dd4dd -9.25537332825 -1.17021453093 4.51373937302
4dd4dd4dd4dd -9.17476428147 -1.30756902374 4.42244648869
4dh -8.15993376524 0.650629577119 4.85583170127
4dh4dh -8.07544277163 0.322770000701 4.63233352424
4dh4dh- -7.9664727476 0.361099946932 4.56944488552
4dh4dh-4dh -7.87934361392 0.223009253874 4.45059594941
4dh4dh-4dh-4dh -7.91599432946 0.130697368006 4.43238594592
4dh4dh-4dh-4dh- -7.79564249566 0.115419208486 4.39876075338
4dh4dh-4dh4dh -7.87167554467 0.133686737066 4.41314494569
4dh4dh-4dh4dh- -7.82194052433 0.134277893312 4.40136621018
4dh4dh4dh -8.01039858875 0.19171626187 4.54285700661
4dh4dh4dh-4dh -7.83305276464 0.108413521227 4.40049649551
4dh4dh4dh-4dh- -7.87472372848 0.0709871988362 4.38038312864
4dh4dh4dh4dh -7.84736430643 0.0689988025208 4.38036036844
4dh4dh4dh4dh- -7.76521376985 0.110699513403 4.36308687793
4hd -8.16017563777 0.650570131003 4.85593453594
4hd4hd -8.07498794827 0.32260353099 4.63186731531
4hd4hd- -7.96644932425 0.361058491932 4.56940610622
4hd4hd-4hd -7.87849283277 0.222511924119 4.44982120712
4hd4hd-4hd-4hd -7.81720747625 0.0681300290643 4.41900350239
4hd4hd-4hd-4hd- -7.95454651317 0.05770866656 4.43658882179
4hd4hd-4hd4hd -7.90087983546 0.109212946672 4.42163743905
4hd4hd-4hd4hd- -7.81877178937 0.135343508672 4.39817233249
4hd4hd4hd -8.01015459838 0.191301057158 4.54295348617
4hd4hd4hd-4hd -7.80488732318 0.0769080775443 4.37241552934
4hd4hd4hd-4hd- -7.87473886197 0.0709329841951 4.38035064812
4hd4hd4hd4hd -7.84731266709 0.0688084359675 4.38017166169
4hd4hd4hd4hd- -7.7959343964 0.115778303648 4.39891944685
4hh -7.19375603148 1.58351688435 4.56950987005
4hh4hh -7.03096358799 1.24414753711 4.34939216788
4hh4hh4hh -6.88870962537 1.01845127593 4.16380645609
4hh4hh4hh4hh -6.81118367513 0.90758358756 4.07647787212
6aa -9.09118429964 1.07309596433 5.57642919891
6aa6aa -8.16303560686 0.465111112518 4.88220857995
6aa6aa- -8.1761097409 0.476320662774 4.90441740868
6aa6aa-4aa6aa -7.59323396555 0.212519959098 4.39241642227
6aa6aa-6aa -7.78679009731 0.138850464837 4.44772373129
6aa6aa-6aa-6aa -7.58436146696 -0.0473349066164 4.18597085727
6aa6aa-6aa-6aa- -7.57615459056 -0.0485228917265 4.17835156155
6aa6aa-6aa6aa- -7.59306048358 -0.040266328133 4.20301511577
6aa6aa6aa -7.76345882036 0.125998999963 4.40974061889
6aa6aa6aa-6aa -7.58279597475 -0.0435551369695 4.18868254887
6aa6aa6aa-6aa- -7.57576684132 -0.0454438107014 4.18158847871
6aa6aa6aa6aa -7.56225221123 -0.0515697661314 4.1606389468
6aa6aa6aa6aa- -7.57048618297 -0.0505808927514 4.167934049
6ad6ad -8.88325675749 -0.427702566085 4.8103105679
6ad6ad- -8.91178275076 -0.426799013744 4.85258334503
6ad6ad-4ad6ad -8.53710917953 -0.693141175069 4.4493716518
6ad6ad-6ad -8.71500033357 -0.608294194141 4.60186114896
6ad6ad-6ad-6ad -8.57021168551 -0.850202370373 4.33670547452
6ad6ad-6ad-6ad- -8.4749562603 -1.07218257203 4.11743579979
6ad6ad-6ad6ad- -8.50073164566 -1.06302987783 4.14724608344
6ad6ad6ad -8.5966935849 -0.839744379957 4.3457293449
6ad6ad6ad-6ad -8.48569032889 -1.06425423962 4.1325293838
6ad6ad6ad-6ad- -8.57870841188 -0.821466837488 4.37038121888
6ad6ad6ad6ad -8.58325838039 -0.815402890579 4.37396242701
6ad6ad6ad6ad- -8.57772246936 -0.827437801595 4.36056214456
6ae6ae -8.08574945948 0.378132341103 4.71878262161
6ae6ae- -8.02727556768 0.389275245109 4.70421790905
6ae6ae-4ae6ae -7.61459669605 0.0853677759236 4.29716748225
6ae6ae-6ae -7.76980821711 0.119863081762 4.39283984433
6ae6ae-6ae-6ae -7.64013551345 -0.068461470936 4.18636046163
6ae6ae-6ae-6ae- -7.67042085885 -0.0447142269459 4.21650989852
6ae6ae-6ae6ae- -7.63373542816 -0.0345667100999 4.21646445185
6ae6ae6ae -7.81254293501 0.0759444508133 4.37876889218
6ae6ae6ae-6ae -7.64323935293 -0.0479150466125 4.21205838045
6ae6ae6ae-6ae- -7.64572628964 -0.0678635465868 4.19159241066
6ae6ae6ae6ae -7.68230861587 -0.0623158388572 4.21112300685
6ae6ae6ae6ae- -7.65799508856 -0.0650394768888 4.20712902356
6af6af -7.79533258151 0.601328445817 4.55501816162
6af6af- -7.75539804359 0.588356416532 4.53406603723
6af6af-4af6af -7.19801812779 0.263328499183 4.04707311251
6af6af-6af -7.42476559109 0.282630525222 4.15904811858
6af6af-6af-6af -7.20685695831 0.101136531828 3.91474808509
6af6af-6af-6af- -7.22562514615 0.072745037234 3.90805716617
6af6af-6af6af- -7.29460680519 0.13842906553 3.99658834096
6af6af6af -7.56116071535 0.358828462763 4.27709773091
6af6af6af-6af -7.34764452714 0.14297107474 4.02430257356
6af6af6af-6af- -7.35331633852 0.0984100210039 3.99906455013
6af6af6af6af -7.41882648825 0.199945840655 4.10006943168
6af6af6af6af- -7.42794600525 0.169335098751 4.08256331621
6ah6ah -7.6042007489 0.707793986652 4.49197763758
6ah6ah- -7.53691053816 0.702809225516 4.46631407607
6ah6ah-4ah6ah -7.1842087828 0.473909122066 4.14345601631
6ah6ah-6ah -7.30309909653 0.454317660484 4.17977341433
6ah6ah-6ah-6ah -7.20991866941 0.309942054726 4.03312313104
6ah6ah-6ah-6ah- -7.2333036032 0.331843643425 4.05992827626
6ah6ah-6ah6ah- -7.16507657492 0.308909042002 4.00977133848
6ah6ah6ah -7.38562058189 0.472110089714 4.22803356829
6ah6ah6ah-6ah -7.19136808165 0.306515298575 4.02553554623
6ah6ah6ah-6ah- -7.22067746748 0.324764641815 4.04797319957
6ah6ah6ah6ah -7.24618307498 0.312291039868 4.05356172109
6ah6ah6ah6ah- -7.22788814445 0.304542923861 4.04134830114
6ai6ai -8.07223623008 0.741499017373 4.90229320675
6ai6ai- -8.06231213008 0.756639919341 4.93437456723
6ai6ai-4ai6ai -7.56521517556 0.558986425792 4.55578298345
6ai6ai-6ai -7.74404000824 0.524452758773 4.61989364426
6ai6ai-6ai-6ai -7.58671651421 0.393732133104 4.43464823765
6ai6ai-6ai-6ai- -7.59265480498 0.405676581779 4.44098075436
6ai6ai-6ai6ai- -7.59188519863 0.41032946422 4.45828264982
6ai6ai6ai -7.74827069764 0.512954411028 4.59020714745
6ai6ai6ai-6ai -7.57681189219 0.386966484177 4.43254272696
6ai6ai6ai-6ai- -7.58779241963 0.398996092399 4.44092995002
6ai6ai6ai6ai -7.57801889866 0.387160677466 4.41800919115
6ai6ai6ai6ai- -7.58188781765 0.389983331977 4.42626051402
6al6al -7.45726882079 0.571465289125 4.3434792979
6al6al- -7.51527722921 0.608585127156 4.4168095844
6al6al6al -7.11085557684 0.271992239728 3.95560799839
6al6al6al6al -7.00588029457 0.243159495271 3.87504707187
6al6al6al6al- -6.91054764626 0.149134540087 3.75928210062
6da6da -9.01783525178 -0.0814746997407 5.05474922348
6da6da- -8.88409080726 -0.39991967655 4.80111898849
6da6da-4da6da -8.56626664278 -0.513304607989 4.58967516468
6da6da-6da -8.61003868036 -0.774624489997 4.42006746858
6da6da-6da-6da -8.6099667616 -0.666173313784 4.51537479174
6da6da-6da-6da- -8.4198960436 -0.973968276887 4.15595777757
6da6da-6da6da- -8.47906806549 -0.982501208807 4.2042502595
6da6da6da -8.82910180239 -0.268529997967 4.85871691936
6da6da6da-6da -8.58848321133 -0.699218915184 4.45691468582
6da6da6da-6da- -8.60154330007 -0.647234961915 4.49825629353
6da6da6da6da -8.74121631372 -0.384981008463 4.77346673831
6da6da6da6da- -8.65202647901 -0.561967606614 4.58901548681
6dd -9.88649015374 -0.693523085542 5.23150774736
6dd6dd -9.61683865995 -1.09045172609 4.94251317836
6dd6dd6dd -9.48225290225 -1.32583253628 4.70855515025
6dd6dd6dd6dd -9.4171471765 -1.47802432467 4.63046199669
6de6de -8.75411994818 -0.445450332483 4.72469171789
6de6de6de -8.63226884817 -0.598699461033 4.57707199485
6de6de6de6de -8.60357967329 -0.668067774587 4.56270882346
6df6df -8.4885611172 0.046822850325 4.63124668893
6df6df- -8.55436909982 -0.151576126804 4.64428332809
6df6df-4df6df -8.15979111053 -0.331695095397 4.29341857563
6df6df-6df -8.32082500475 -0.332367191572 4.3597881606
6df6df-6df-6df -8.24438993439 -0.501128102726 4.22855471979
6df6df-6df-6df- -8.21189278916 -0.44083579915 4.23258003783
6df6df-6df6df- -8.28564795166 -0.517622799637 4.23229180191
6df6df6df -8.38558590741 -0.194232361945 4.45072673108
6df6df6df-6df -8.3292654544 -0.497042152527 4.28367088837
6df6df6df-6df- -8.29875051524 -0.449146172815 4.24708179788
6df6df6df6df -8.34622804911 -0.295698903192 4.38961029665
6df6df6df6df- -8.38712994953 -0.47945962581 4.33210110036
6dh6dh -8.20314131798 0.174783560203 4.53603004242
6dh6dh- -8.05710404851 0.0578908932525 4.3732866737
6dh6dh-4dh6dh -7.8781256583 -0.113585507545 4.20818114327
6dh6dh-6dh -7.9616347853 -0.0775361452958 4.23593365149
6dh6dh-6dh-6dh -7.93389361411 -0.229467316435 4.16679345031
6dh6dh-6dh-6dh- -7.9060453628 -0.169032223502 4.15836855867
6dh6dh-6dh6dh- -7.93792277259 -0.194700737746 4.15774269958
6dh6dh6dh -7.91725892547 -0.111658220487 4.18265100796
6dh6dh6dh-6dh -7.93796200111 -0.194329060212 4.15796435626
6dh6dh6dh-6dh- -7.9517899271 -0.208892484053 4.13465705039
6dh6dh6dh6dh -7.85018377798 -0.236680128957 4.06663473592
6dh6dh6dh6dh- -7.93396937654 -0.229464910925 4.16685574647
6di6di -8.80326292596 -0.00494124272179 4.92004738997
6di6di- -8.80339764565 -0.00491558493419 4.92014924055
6di6di-4di6di -8.57409444242 -0.0992733558265 4.78787685292
6di6di-6di -8.64699657665 -0.12999652853 4.76064787099
6di6di-6di-6di -8.5571599369 -0.284448983281 4.6600685925
6di6di-6di-6di- -8.56481629812 -0.299744162607 4.66075145666
6di6di-6di6di- -8.57760183922 -0.236291854898 4.68731499241
6di6di6di-6di -8.57696495144 -0.234297484785 4.68786160315
6di6di6di-6di- -8.55666728199 -0.282131808003 4.64464779393
6di6di6di6di -8.56483232419 -0.299720473464 4.66079010448
6di6di6di6di- -8.5570180453 -0.284593259801 4.65990221274
6dl6dl -8.24916293156 0.128525983978 4.53779726795
6dl6dl- -8.19224974618 0.080407279905 4.46519080726
6dl6dl6dl -8.1192723572 -0.0669265526861 4.36417744255
6dl6dl6dl6dl -8.05881507091 -0.145808104219 4.29218158294
6dl6dl6dl6dl- -7.98739039348 -0.176454299319 4.2171631719
6ea6ea -8.15312867066 0.616298872958 4.8628222545
6ea6ea- -8.01363589385 0.402028610113 4.65953874328
6ea6ea-4ea6ea -7.65912817722 0.240928677797 4.43619546642
6ea6ea-6ea -7.72289432712 -0.0501025667652 4.26797116124
6ea6ea-6ea-6ea -7.68050467938 0.110679351955 4.34717798165
6ea6ea-6ea-6ea- -7.73052330339 0.153351785351 4.41982522717
6ea6ea-6ea6ea- -7.56410127606 -0.217957652347 4.06315546683
6ea6ea6ea -7.91024748023 0.409066330636 4.64052890389
6ea6ea6ea-6ea -7.62700454985 0.074539223561 4.26643766761
6ea6ea6ea-6ea- -7.68425639364 0.149317372115 4.35210113857
6ea6ea6ea6ea -7.80205014667 0.314127001295 4.54386950531
6ea6ea6ea6ea- -7.70054181548 0.198674112151 4.39153878485
6ed6ed -8.77334217366 -0.449331231729 4.75762078906
6ed6ed6ed -8.63660346042 -0.621980225136 4.56711600913
6ed6ed6ed6ed -8.58317650768 -0.720155251047 4.54339386364
6ee -8.2735647312 0.344590818075 4.80027794867
6ee6ee -7.99098163634 0.1877577682 4.59985713221
6ee6ee6ee -7.82528616923 0.0845122082601 4.44349620301
6ee6ee6ee6ee -7.73524654618 0.0139228893131 4.36802576471
6ef6ef -7.70417532263 0.631418569393 4.47745757754
6ef6ef- -7.69110027622 0.460753541529 4.4037275635
6ef6ef-4ef6ef -7.29090717045 0.302920063851 4.11823284137
6ef6ef-6ef -7.47451483456 0.350081738965 4.21911463538
6ef6ef-6ef-6ef -7.34860286806 0.26174994052 4.09636635494
6ef6ef-6ef-6ef- -7.34815334776 0.227255363351 4.07521656514
6ef6ef-6ef6ef- -7.40499087791 0.21260933191 4.10707400795
6ef6ef6ef -7.59380917547 0.496690446824 4.32650826503
6ef6ef6ef-6ef -7.42288763135 0.209035215801 4.09415195006
6ef6ef6ef-6ef- -7.43428975269 0.165711654266 4.08311229231
6ef6ef6ef6ef -7.51282760074 0.391345355365 4.22656798949
6ef6ef6ef6ef- -7.52624517279 0.244606952499 4.16408560208
6eh6eh -7.42711126756 0.674578782603 4.33988991996
6eh6eh- -7.42779009819 0.67442622351 4.34017133981
6eh6eh-4eh6eh -7.20171469265 0.508973452307 4.14585496586
6eh6eh-6eh -7.29843013719 0.555500479107 4.19241618446
6eh6eh-6eh-6eh -7.30613890961 0.544068243114 4.16412286544
6eh6eh-6eh-6eh- -7.31792339992 0.554181335188 4.17433130013
6eh6eh-6eh6eh- -7.24300429943 0.47469367003 4.11368676712
6eh6eh6eh -7.27463232721 0.516307168529 4.15712550315
6eh6eh6eh-6eh -7.26397232797 0.494755960668 4.11898475348
6eh6eh6eh-6eh- -7.21457602213 0.440293702485 4.08161307947
6eh6eh6eh6eh -7.19023174905 0.393019960958 4.04046661504
6eh6eh6eh6eh- -7.33280365286 0.538444826807 4.16491740859
6ei6ei -8.00395187012 0.682560755458 4.78880131975
6ei6ei- -8.00395124855 0.682560497111 4.78880108981
6ei6ei-4ei6ei -7.70376495304 0.617502227239 4.59941794297
6ei6ei-6ei -7.83556519008 0.634738788508 4.64193923807
6ei6ei-6ei-6ei -7.76641741305 0.597871763518 4.5886171245
6ei6ei-6ei-6ei- -7.70921241398 0.484314059777 4.535736749
6ei6ei-6ei6ei- -7.70904051173 0.484201611301 4.53558278771
6ei6ei6ei -7.80411055834 0.571708573038 4.61348232923
6ei6ei6ei-6ei -7.76652579276 0.597937849658 4.58867084388
6ei6ei6ei-6ei- -7.72986797924 0.541187936815 4.55163208362
6ei6ei6ei6ei -7.70896219745 0.483910647497 4.53537317397
6ei6ei6ei6ei- -7.74587734254 0.555278520426 4.57479171328
6el6el -7.47104039886 0.700514587166 4.38178717542
6el6el- -7.4737693607 0.696931589985 4.38234141178
6el6el6el -7.26326722292 0.525649937761 4.17019314651
6el6el6el6el -7.16407766778 0.454015306724 4.0829709729
6el6el6el6el- -7.11968077101 0.466665082978 4.05282502592
6fa6fa -7.55891603131 0.405178622389 4.23882333038
6fa6fa- -7.62627947433 0.574139353509 4.50177200172
6fa6fa-4fa6fa -7.32014497688 0.459034594634 4.2322416014
6fa6fa-6fa -7.41230872805 0.286399019151 4.17058068724
6fa6fa-6fa-6fa -7.317871611 0.284100806512 4.1094739582
6fa6fa-6fa-6fa- -7.26603308126 0.398616765922 4.15536166358
6fa6fa-6fa6fa- -7.1960387328 0.175454330001 3.96568545117
6fa6fa6fa -7.22312602039 0.0428587617817 3.79456249681
6fa6fa6fa-6fa -7.14222932628 0.0673493008392 3.81326780246
6fa6fa6fa-6fa- -7.08829571003 0.175662661364 3.84125528035
6fa6fa6fa6fa -7.05007825397 -0.150537624731 3.56383639179
6fa6fa6fa6fa- -7.00483791615 -0.0250403686495 3.62646791408
6fd6fd -8.22476570045 -0.444131074743 4.12541480599
6fd6fd- -8.41196707359 -0.0183064430682 4.61049473293
6fd6fd-4fd6fd -8.28242057922 -0.274265939188 4.3809110287
6fd6fd-6fd -8.31669520023 -0.396000148965 4.30691025943
6fd6fd-6fd-6fd -8.25838529926 -0.43169344667 4.24461206398
6fd6fd-6fd-6fd- -8.19612732687 -0.36983446463 4.26209338209
6fd6fd-6fd6fd- -8.17469087054 -0.511891739188 4.15664056433
6fd6fd6fd -8.00264705799 -0.886146185486 3.70987264384
6fd6fd6fd-6fd -8.15265817657 -0.710247825317 3.94356386618
6fd6fd6fd-6fd- -8.06099133742 -0.656365948305 3.92411371027
6fd6fd6fd6fd -7.89568993506 -1.13268628464 3.50514651569
6fd6fd6fd6fd- -7.94626009327 -0.906625792477 3.66425544129
6fe6fe -7.39576304852 0.149334226857 3.96959625137
6fe6fe- -7.61730442724 0.608261253216 4.4810719599
6fe6fe-4fe6fe -7.38893333835 0.434336939843 4.2386047929
6fe6fe-6fe -7.47405653047 0.296926727961 4.19832262514
6fe6fe-6fe-6fe -7.37045990296 0.232075750107 4.07923515518
6fe6fe-6fe-6fe- -7.29363724798 0.34891821734 4.09859679512
6fe6fe-6fe6fe- -7.32784336112 0.222103661376 4.06481484689
6fe6fe6fe -7.12985355854 -0.230139618046 3.56691466015
6fe6fe6fe-6fe -7.2577642034 0.0173629315373 3.82089659771
6fe6fe6fe-6fe- -7.19260579471 0.0990607998537 3.8237664291
6fe6fe6fe6fe -6.98851589164 -0.432288767754 3.36642288206
6fe6fe6fe6fe- -7.05876983332 -0.187467881811 3.54082673335
6ff -7.70320877899 1.11422965669 4.65728989809
6ff6ff -7.19459323113 0.429004896664 3.947645654
6ff6ff- -7.25099682996 0.619648551755 4.165194355
6ff6ff-4ff6ff -6.93631030723 0.437217718886 3.87006359086
6ff6ff-6ff -7.09964799706 0.353355825019 3.92892831387
6ff6ff-6ff-6ff -6.92959727948 0.267933488357 3.74389835508
6ff6ff-6ff-6ff- -6.832032829 0.311193287494 3.70472945044
6ff6ff-6ff6ff- -6.91734015753 0.268015240125 3.75551758599
6ff6ff6ff -6.93287514106 0.0801274598553 3.56713969845
6ff6ff6ff-6ff -6.86869432888 0.11712076753 3.57470742216
6ff6ff6ff-6ff- -6.79190576371 0.174417978975 3.56115156346
6ff6ff6ff6ff -6.78099823315 -0.125193465858 3.35326683737
6ff6ff6ff6ff- -6.75066508742 0.0111638188444 3.41642653762
6fh6fh -7.05743655867 0.504068612913 3.90990501508
6fh6fh- -7.15685366826 0.782878000246 4.20601126783
6fh6fh-4fh6fh -6.91254026834 0.545293115628 3.93680082926
6fh6fh-6fh -7.04789231515 0.458280887944 3.96985167032
6fh6fh-6fh-6fh -6.93825976665 0.375528131827 3.83102101909
6fh6fh-6fh-6fh- -6.8614778003 0.536246634978 3.86106451142
6fh6fh-6fh6fh- -6.85916615004 0.387522361457 3.7978845417
6fh6fh6fh -6.80067072559 0.160078802947 3.53849146342
6fh6fh6fh-6fh -6.81188939483 0.247186704644 3.61552091324
6fh6fh6fh-6fh- -6.73252740492 0.367322158413 3.63350045759
6fh6fh6fh6fh -6.65570088881 -0.0404780627583 3.33493857062
6fh6fh6fh6fh- -6.6407161735 0.134137829145 3.4279258145
6fi6fi -7.37774907772 0.555106344174 4.19542960138
6fi6fi- -7.55816050957 0.891742654135 4.58933759275
6fi6fi-4fi6fi -7.32256250817 0.870068583032 4.40956399254
6fi6fi-6fi -7.43798270519 0.71773226026 4.39099017421
6fi6fi-6fi-6fi -7.32263971882 0.684234080009 4.29194692511
6fi6fi-6fi-6fi- -7.25910076158 0.784008235043 4.31352302497
6fi6fi-6fi6fi- -7.28000571374 0.67232958523 4.27242720597
6fi6fi6fi -7.06368184938 0.222868357906 3.80019402633
6fi6fi6fi-6fi -7.13496460681 0.412115986215 3.97398573965
6fi6fi6fi-6fi- -7.0583886837 0.485769990579 3.97430063006
6fi6fi6fi6fi -6.88128468708 0.0368456424825 3.56074218276
6fi6fi6fi6fi- -6.90022688924 0.189336522299 3.68122330684
6fl6fl -6.86253423893 0.451341743831 3.74317537945
6fl6fl- -7.15752858396 0.874058499643 4.27013077198
6fl6fl6fl -6.53875089582 0.109342098184 3.34049303737
6fl6fl6fl6fl -6.35411381338 -0.0733754618004 3.1293797536
6fl6fl6fl6fl- -6.45774139434 0.130132957533 3.2994503513
6ha6ha -7.3786642615 0.693730694826 4.30291654755
6ha6ha- -7.49847574486 0.742979887353 4.47673191899
6ha6ha-4ha6ha -7.05818090998 0.465294793828 4.01967456389
6ha6ha-6ha -7.23164499295 0.494413858102 4.15796377193
6ha6ha-6ha-6ha -7.00597791569 0.303894387033 3.84715983052
6ha6ha-6ha-6ha- -6.97054213214 0.264030072169 3.79199176486
6ha6ha-6ha6ha- -7.09452975788 0.362866138132 3.98848448686
6ha6ha6ha -7.09000982855 0.412110345903 3.94856589189
6ha6ha6ha-6ha -7.03148423787 0.343527058241 3.90560500035
6ha6ha6ha-6ha- -7.0067898285 0.313180365492 3.86709474291
6ha6ha6ha6ha -6.94040815219 0.257580856036 3.76241113696
6ha6ha6ha6ha- -6.95657712123 0.290286708094 3.79308451189
6hd6hd -7.99740740822 -0.026191935476 4.23708748727
6hd6hd- -8.0404614584 0.120674959435 4.39792448229
6hd6hd-4hd6hd -7.82237580214 -0.269336691367 4.02982264303
6hd6hd-6hd -7.91867087141 -0.108879193902 4.18076277177
6hd6hd-6hd-6hd -7.79577743962 -0.395513303979 3.90574038092
6hd6hd-6hd-6hd- -7.76321542482 -0.441186998523 3.86412457259
6hd6hd-6hd6hd- -7.85159880611 -0.243578893839 4.07531988567
6hd6hd6hd -7.84774397271 -0.365062719742 3.95420398639
6hd6hd6hd-6hd -7.85485782335 -0.389807330001 3.98829130178
6hd6hd6hd-6hd- -7.78633301571 -0.446671743136 3.90525028363
6hd6hd6hd6hd -7.76625266511 -0.550313063271 3.81419595535
6hd6hd6hd6hd- -7.81466081221 -0.510771365212 3.85991243571
6he6he -7.26345827734 0.524156786747 4.10991151478
6he6he- -7.39177233078 0.687576337527 4.34674679244
6he6he-4he6he -7.09004633033 0.397952398961 3.97728826426
6he6he-6he -7.22673483732 0.528825116964 4.14016844246
6he6he-6he-6he -7.04119864772 0.260295469244 3.82029126983
6he6he-6he-6he- -6.98795771825 0.200340756607 3.75438871184
6he6he-6he6he- -7.15344684958 0.416176442735 4.03802674775
6he6he6he -7.06990281282 0.244409605735 3.82575323698
6he6he6he-6he -7.10626494282 0.269743876518 3.87394404897
6he6he6he-6he- -7.04301387477 0.218455351542 3.83147580825
6he6he6he6he -6.96349633145 0.0959672910361 3.68181531733
6he6he6he6he- -7.01911734064 0.144018212176 3.73598813694
6hf6hf -7.0915541623 0.67013636907 4.03057066889
6hf6hf- -7.21163713247 0.670742974769 4.1620270203
6hf6hf-4hf6hf -6.8271818072 0.419128804875 3.77811650546
6hf6hf-6hf -7.05094859095 0.494576480234 3.98274006759
6hf6hf-6hf-6hf -6.79206011494 0.278272500341 3.6393197755
6hf6hf-6hf-6hf- -6.68846453178 0.201651450929 3.52735939639
6hf6hf-6hf6hf- -6.89903071912 0.347752606318 3.79646812683
6hf6hf6hf -6.90070750264 0.427487677288 3.75945170781
6hf6hf6hf-6hf -6.8658660773 0.331569119208 3.71341028736
6hf6hf6hf-6hf- -6.8095250621 0.252664910667 3.63107669006
6hf6hf6hf6hf -6.79321376272 0.284278532892 3.60712061624
6hf6hf6hf6hf- -6.80156744948 0.293421471585 3.62491783236
6hh -7.42595298577 1.20127199187 4.54627229576
6hh6hh -7.02533754224 0.735736965052 4.0403496596
6hh6hh6hh -6.82922489157 0.495562293574 3.76745042984
6hh6hh6hh6hh -6.71462363691 0.349334842555 3.61019632839
6hi6hi -7.27627625882 0.832495913156 4.30919051424
6hi6hi- -7.47318703311 1.00660788819 4.55577488057
6hi6hi-4hi6hi -7.06661298779 0.817592909534 4.18756367518
6hi6hi-6hi -7.31056259758 0.905931119047 4.38784302248
6hi6hi-6hi-6hi -7.05866280507 0.681473654422 4.07582127907
6hi6hi-6hi-6hi- -6.98059055014 0.587459326121 3.97818484457
6hi6hi-6hi6hi- -7.24013864839 0.860050652093 4.30576797658
6hi6hi6hi -7.05079116408 0.607585935489 4.03916625946
6hi6hi6hi-6hi -7.12164400319 0.677418243382 4.11794437311
6hi6hi6hi-6hi- -7.07470094932 0.647120844922 4.08643207868
6hi6hi6hi6hi -6.93319366888 0.487762690573 3.90281845801
6hi6hi6hi6hi- -6.98676072052 0.553903793851 3.96534159246
6hl6hl -6.8320479601 0.732332784806 3.90058196353
6hl6hl- -7.03978400917 0.94817142344 4.2022508813
6hl6hl6hl -6.56532067595 0.48030377393 3.58688020566
6hl6hl6hl6hl -6.42345434605 0.344459636523 3.43129040646
6hl6hl6hl6hl- -6.50971645083 0.428995687832 3.5205747213
6ia6ia -8.06578823391 0.791345696339 4.93640979305
6ia6ia- -8.02376528311 0.76907941912 4.92102001249
6ia6ia-4ia6ia -7.56381405485 0.573702080813 4.55992761356
6ia6ia-6ia -7.70281946395 0.537832784896 4.60170252376
6ia6ia-6ia-6ia -7.5535345109 0.416117757935 4.42552460819
6ia6ia-6ia-6ia- -7.58433718075 0.431930973606 4.46155421367
6ia6ia-6ia6ia- -7.55444561025 0.432738435125 4.4434612756
6ia6ia6ia -7.74601822033 0.573757154802 4.6314375181
6ia6ia6ia-6ia -7.54101574465 0.438908663 4.42867857473
6ia6ia6ia-6ia- -7.55085186471 0.419263658157 4.42517453353
6ia6ia6ia6ia -7.57063025382 0.435180939959 4.44691791024
6ia6ia6ia6ia- -7.55347681373 0.443124003973 4.43541174136
6id6id -8.77266751655 0.019978898385 4.94057523584
6id6id- -8.8008276788 0.0345275302712 4.98843885064
6id6id-4id6id -8.52673138131 -0.27309032988 4.68522451399
6id6id-6id -8.63847546442 -0.160169058102 4.76223917149
6id6id-6id-6id -8.50553074716 -0.393508233454 4.55844394754
6id6id-6id-6id- -8.49337168058 -0.403830053818 4.55574913668
6id6id-6id6id- -8.55671708494 -0.291325941305 4.6558889487
6id6id6id -8.57017724081 -0.269472432704 4.66495216281
6id6id6id-6id -8.53272352473 -0.346363689736 4.60341896175
6id6id6id-6id- -8.49740563098 -0.393651462903 4.56007567728
6id6id6id6id -8.48053094459 -0.426063936662 4.53465511803
6id6id6id6id- -8.48911670117 -0.413113901728 4.53515543111
6ie6ie -7.90770995089 0.626404139909 4.70784847591
6ie6ie- -7.99259894339 0.726047277772 4.82177273372
6ie6ie-4ie6ie -7.63674263668 0.505007261328 4.52418862592
6ie6ie-6ie -7.84214460918 0.652140140127 4.66730348285
6ie6ie-6ie-6ie -7.62458725928 0.351152829105 4.39673852701
6ie6ie-6ie-6ie- -7.59256051413 0.31688978599 4.36243492638
6ie6ie-6ie6ie- -7.72153419751 0.591614754458 4.58590923344
6ie6ie6ie -7.68672069017 0.382068115163 4.4460965635
6ie6ie6ie-6ie -7.69675052345 0.409493621983 4.47173038964
6ie6ie6ie-6ie- -7.63790679347 0.366467500662 4.43073023622
6ie6ie6ie6ie -7.56983540279 0.254164041987 4.31131757591
6ie6ie6ie6ie- -7.63442813214 0.315547690369 4.37606537967
6if6if -7.60006942182 0.821663278953 4.50987371319
6if6if- -7.64232159044 0.858235214993 4.55556254907
6if6if-4if6if -7.19474365025 0.6529957395 4.21643279947
6if6if-6if -7.4102656121 0.74926032265 4.3623709197
6if6if-6if-6if -7.17398645604 0.519206765995 4.09738445585
6if6if-6if-6if- -7.13842873294 0.441830903578 4.03468573584
6if6if-6if6if- -7.32170245326 0.657715913762 4.26442047839
6if6if6if -7.39546632036 0.592795841993 4.25831284724
6if6if6if-6if -7.33209443167 0.582415519061 4.21151861168
6if6if6if-6if- -7.30068812391 0.491402084293 4.149774449
6if6if6if6if -7.28073105321 0.470136378103 4.12158237946
6if6if6if6if- -7.34535463418 0.511919422386 4.17011333065
6ih6ih -7.42066051116 0.881349537046 4.43150907138
6ih6ih- -7.49243267253 1.00462848902 4.53120634094
6ih6ih-4ih6ih -7.16187959097 0.84109887168 4.26288183216
6ih6ih-6ih -7.3471579546 0.914090291243 4.38086550971
6ih6ih-6ih-6ih -7.20789673777 0.744387368046 4.20630068088
6ih6ih-6ih-6ih- -7.17269961276 0.680591587639 4.15644913216
6ih6ih-6ih6ih- -7.29645039947 0.874706531409 4.3115920294
6ih6ih6ih -7.22655229326 0.673853825834 4.19968141695
6ih6ih6ih-6ih -7.24748776847 0.736759344569 4.23736539898
6ih6ih6ih-6ih- -7.20956124757 0.695754139416 4.19372744073
6ih6ih6ih6ih -7.11138815835 0.549473235078 4.06426024301
6ih6ih6ih6ih- -7.15485419644 0.60782059524 4.11921434673
6ii -8.36888027075 1.22150284489 5.19238591399
6ii6ii -8.02122367427 1.05016750633 4.93717580598
6ii6ii6ii6ii -7.57897674566 0.761954351879 4.56958844087
6il6il- -7.397613993 0.97148381235 4.49402461587
6il6il6il6il -6.9220837998 0.548956122618 3.97414661463
6la6la6la6la -7.1922222422 0.599474130277 4.22216591584
6ld6ld -8.30283220198 0.122486865444 4.61837581117
6ld6ld6ld -8.13790434399 -0.14141114832 4.35720235151
6ld6ld6ld6ld -8.07946329936 -0.2298117108 4.25596032635
6le6le -7.49184104385 0.67648344964 4.41084304376
6le6le6le -7.28282801661 0.473922927409 4.16099533819
6le6le6le6le -7.17350071128 0.373065262908 4.0393492329
6lf6lf -7.21017852267 0.86248348376 4.2595918431
6lf6lf6lf -6.9974567731 0.68102290552 4.01944091724
6lf6lf6lf6lf -6.87935048453 0.576218666422 3.88547354897
6lh6lh -7.08371667876 0.904627401369 4.20064431532
6lh6lh6lh -6.85553054701 0.698637677123 3.9338277043
6lh6lh6lh6lh -6.76894220867 0.639669770191 3.84660060592
6li6li -7.42322827427 0.957253034906 4.5377829285
6li6li6li -7.29569366011 0.974951736256 4.43140695798
6li6li6li6li -7.06202231063 0.786134760169 4.20841208055
6ll -7.42618855738 1.20746636182 4.53620655957
6ll6ll -6.96808243978 0.903705709612 4.11558265197
6ll6ll6ll -6.6811301038 0.711276711042 3.82237338634
6ll6ll6ll6ll -6.54260526256 0.640960331055 3.6937040124
