12dd -4.78564550884 2.03940900153 6.01116507247
12dd12dd -0.742814371798 4.07893765947 4.03013646629
12dd12dd- -0.599136233325 4.20373613717 3.96362912197
12dd12dd-12dd 6.113646867 10.4534526238 3.5596927107
12dd12dd-12dd-12dd 14.6479231141 17.2102641574 1.92743932341
12dd12dd-12dd-12dd- 13.6414989557 15.2323207673 0.969619146039
12dd12dd-12dd12dd- 14.2171218805 16.3115582384 1.4495792164
12dd12dd-4dd12dd 13.2378506093 15.7365902269 1.91278970021
12dd12dd12dd 5.52628444013 9.57290650347 3.31054826307
12dd12dd12dd-12dd 12.9475641279 15.273576563 1.70708005889
12dd12dd12dd-12dd- 12.2867469698 15.26616223 2.32241914151
12dd12dd12dd12dd 12.6127287994 14.8499147063 1.58695909151
12dd12dd12dd12dd- 13.6409082479 15.232153932 0.970050851054
12dh -7.65828290719 -0.947767018512 4.71149838135
12dh12dh -8.11325619978 -3.16064465875 3.9992791716
12dh12dh- -7.71844032409 -3.00230820144 3.66282500736
12dh12dh-12dh -9.53773245612 -5.61153833763 3.05338396613
12dh12dh-12dh-12dh -32.9858460843 -31.0448745076 1.19363540901
12dh12dh-12dh-12dh- -31.3176761925 -29.9590039879 0.682031040929
12dh12dh-12dh12dh- -32.8652986527 -30.7002079067 1.51567840576
12dh12dh-4dh12dh -13.7717492263 -10.5833117631 2.40744539155
12dh12dh12dh -9.97771402674 -5.68961385074 3.44793145571
12dh12dh12dh-12dh 100.0 100.0 100.0
12dh12dh12dh-12dh- -15.0580493391 -11.4246327179 2.58871137963
12dh12dh12dh12dh -15.5802015864 -11.8956650217 2.66428489086
12dh12dh12dh12dh- -16.7444199637 -13.6207177329 2.0668468792
12hd -7.65828407078 -0.94776713307 4.71150148225
12hd12hd -8.11326582899 -3.1606484865 3.99928701986
12hd12hd- -7.7183982567 -3.00223769208 3.66272503753
12hd12hd-12hd -9.53766364812 -5.61149634751 3.05334861705
12hd12hd-12hd-12hd -32.9858224386 -31.0448523883 1.19363150684
12hd12hd-12hd-12hd- -16.7444076951 -13.6206910378 2.06686231238
12hd12hd-12hd12hd- -32.8654771777 -30.7003795457 1.51565867384
12hd12hd-4hd12hd -13.4217418939 -10.0267885837 2.58692764796
12hd12hd12hd -9.97769434744 -5.68963242076 3.44789160953
12hd12hd12hd-12hd -31.357233272 -29.9004853342 0.761477821598
12hd12hd12hd-12hd- -15.0577506867 -11.4241624025 2.58888312976
12hd12hd12hd12hd -15.5801417335 -11.8956257504 2.66427275687
12hd12hd12hd12hd- -31.3188647686 -29.9595810747 0.68258630802
12hh -10.0367877113 -3.10737574222 5.68282553161
12hh12hh -12.6136930553 -7.62021699105 4.12927223346
12hh12hh- -12.1955146047 -7.38179228802 4.05693397799
12hh12hh-12hh -16.2012060191 -12.402335165 2.78924126601
12hh12hh-12hh-12hh -40.7105176375 -39.3063089758 0.0244164831802
12hh12hh-12hh-12hh- -37.8221835527 -36.3486190844 0.203300202733
12hh12hh-12hh12hh- -40.1236980693 -38.252232423 0.570739474882
12hh12hh-4hh12hh -39.782995709 -39.1542945628 0.123720650287
12hh12hh12hh -16.0521207468 -11.7082762136 3.39433115949
12hh12hh12hh-12hh -37.9952421078 -36.6839390661 0.421314931014
12hh12hh12hh-12hh- -37.0752888678 -34.7390411821 0.75786745115
12hh12hh12hh12hh -34.0487375686 -32.407250275 0.3798706907
12hh12hh12hh12hh- -37.8223562099 -36.3485119293 0.203626202377
13aa -7.84914440384 -3.91801572351 1.75309388142
13aa13aa -8.17261050801 -4.66420428598 1.63228115424
13aa13aa- -7.98137606113 -4.57988381847 1.47003656772
13aa13aa-13aa -8.96954605701 -5.6586838617 1.57364338445
13aa13aa-13aa-13aa -10.1013649672 -6.61734475663 1.89525994485
13aa13aa-13aa-13aa- -10.1627076629 -6.60043976598 1.91613687093
13aa13aa-13aa13aa- -10.0843756523 -6.63865573376 1.80540279997
13aa13aa-4aa13aa -8.15970948375 -4.82909302834 1.71121142871
13aa13aa13aa -8.97656856357 -5.52396507003 1.7476517267
13aa13aa13aa-13aa -10.1087656302 -6.63950477268 1.82535761031
13aa13aa13aa-13aa- -10.1023006587 -6.58620923323 1.8974328444
13aa13aa13aa13aa -10.2305915467 -6.62867586745 1.92191953784
13aa13aa13aa13aa- -10.0842107605 -6.59722198265 1.90298057
13ad13ad -7.09532375107 -3.39623969953 1.68593744691
13ad13ad- -6.88300805765 -3.13254448568 1.69066460016
13ad13ad-13ad -7.97193214235 -4.06444874464 2.03504353595
13ad13ad-13ad-13ad -31.5741356457 -30.3261473933 0.576797872758
13ad13ad-13ad-13ad- -32.3122427689 -29.7442494851 1.88559238714
13ad13ad-13ad13ad- -34.1347869982 -31.7934418215 1.7298748883
13ad13ad-4ad13ad -4.63559998637 -1.99821304143 1.02865010875
13ad13ad13ad -8.14463289571 -4.39879593076 1.92265383342
13ad13ad13ad-13ad -32.7407685915 -30.9141825701 1.28760483026
13ad13ad13ad-13ad- -31.9894023303 -30.8377964748 0.610309880634
13ad13ad13ad13ad -28.3603863754 -27.0993076469 0.530329992018
13ad13ad13ad13ad- -32.0871761375 -30.0599791871 1.46390970442
13ae13ae -7.93469543642 -4.28656392706 1.75938601509
13ae13ae- -7.67213308239 -3.90943038466 1.84931388199
13ae13ae-13ae -8.38910185535 -4.5706959401 2.08429785514
13ae13ae-13ae-13ae -9.60108862906 -5.82064333067 2.22579204401
13ae13ae-13ae-13ae- -9.80787910943 -5.95445944506 2.11829790174
13ae13ae-13ae13ae- -9.40565520302 -5.36555686358 2.42214498173
13ae13ae-4ae13ae -7.72787852016 -4.11829745225 1.96252175056
13ae13ae13ae -8.70536976322 -5.17418439506 1.87985355028
13ae13ae13ae-13ae -9.53116903449 -5.89408608801 2.19690723479
13ae13ae13ae-13ae- -9.64437340581 -6.03091985074 2.19290006231
13ae13ae13ae13ae -10.0158331703 -6.24031063194 2.04482718491
13ae13ae13ae13ae- -9.70860868701 -6.18589627014 2.09346342515
13af13af -7.76241891852 -4.3744346706 1.38729112981
13af13af- -7.36549542109 -4.07463213311 1.41334172604
13af13af-13af -8.02448894183 -4.7328511742 1.62846060226
13af13af-13af-13af -9.72891673391 -6.23416063898 1.80535960004
13af13af-13af-13af- -9.95690054526 -6.55866303821 1.67831482741
13af13af-13af13af- -9.26237827826 -5.7530200935 1.95467878703
13af13af-4af13af -7.41431060369 -4.26604364322 1.70081281341
13af13af13af -8.99037300552 -5.51871193774 1.5633303777
13af13af13af-13af -9.7625843864 -6.34717808137 1.85317596679
13af13af13af-13af- -10.0195602605 -6.58238465578 1.76552805496
13af13af13af13af -10.4298537967 -6.94166810661 1.72246834197
13af13af13af13af- -10.1232708671 -6.69347407211 1.7764550821
13ah13ah -13.1815723386 -8.18894598165 3.00761151931
13ah13ah- -12.9524015236 -8.24029904087 2.63711855904
13ah13ah-13ah -19.4246251114 -14.7946365996 3.34688937687
13ah13ah-13ah-13ah -43.2531898559 -40.1508039854 2.03511608061
13ah13ah-13ah-13ah- -43.1670798157 -39.5334415817 2.49348184029
13ah13ah-13ah13ah- -43.5389040104 -39.9772710951 2.40219194745
13ah13ah-4ah13ah -19.3230668444 -16.1086581395 1.94290677673
13ah13ah13ah -19.774711556 -15.1487413791 2.62232642836
13ah13ah13ah-13ah -42.5496744165 -39.3601961532 2.07636786224
13ah13ah13ah-13ah- -42.4646208622 -38.6631015403 2.71710855877
13ah13ah13ah13ah -42.3759921582 -38.8467112922 2.5866654603
13ah13ah13ah13ah- -42.407007756 -39.3622434406 2.03449085694
13ai13ai -8.02090712717 -4.16762867008 1.89352919024
13ai13ai- -7.97448070601 -4.24351044798 1.74547612452
13ai13ai-13ai -8.71863036201 -5.04864075471 1.84073023836
13ai13ai-13ai-13ai -9.79202472261 -5.86809226942 2.16464738316
13ai13ai-13ai-13ai- -9.7992789004 -5.86544688974 2.18197495913
13ai13ai-13ai13ai- -9.67825194053 -5.89719955278 2.04146651864
13ai13ai-4ai13ai -7.91231328822 -4.24817921637 1.92395878244
13ai13ai13ai -8.84701819754 -4.98615467988 2.01248265697
13ai13ai13ai-13ai -9.72219985451 -5.89540630602 2.07334523587
13ai13ai13ai-13ai- -9.73041848395 -5.86740590599 2.15441329555
13ai13ai13ai13ai -9.86905180919 -5.8873292613 2.18856258745
13ai13ai13ai13ai- -9.86180536406 -5.90798149816 2.15777462914
13al13al -7.23090549578 -3.81473691208 1.32221666919
13al13al- -7.180096824 -4.12980526026 1.09941295243
13al13al-13al -7.83947350685 -4.85898984448 1.19296332613
13al13al-13al-13al -9.01578865179 -5.76615271982 1.50866439864
13al13al-13al-13al- -9.24089373819 -5.7789692344 1.70440621202
13al13al-13al13al- -8.78134040697 -5.67121497476 1.41505674874
13al13al13al -8.19875455804 -5.01638540329 1.4413213431
13al13al13al-13al -9.04824276156 -5.7859510661 1.58239996608
13al13al13al-13al- -9.14072525785 -5.87244954636 1.71026597892
13al13al13al13al -9.42311959095 -6.07027370952 1.59273860295
13al13al13al13al- -9.19980153273 -5.94255949007 1.53252638289
13da13da -7.09435007706 -3.39607721702 1.68518855628
13da13da- -6.88300398481 -3.1325390515 1.69066569141
13da13da-13da -7.97193122678 -4.06444742311 2.03504370661
13da13da-13da-13da -31.0134484136 -29.881355642 0.454017196843
13da13da-13da-13da- -32.211904678 -30.274957554 1.3671729715
13da13da-13da13da- -34.1347878257 -31.7934426185 1.72987476413
13da13da-4da13da -4.45162232684 -1.58891475166 1.29028729903
13da13da13da -8.14450338083 -4.39871222578 1.92236047733
13da13da13da-13da -33.3178836099 -31.6777638871 1.09803667085
13da13da13da-13da- -31.9901555792 -30.838369167 0.610463123581
13da13da13da13da -28.3604612472 -27.0993758286 0.530339744785
13da13da13da13da- -30.7271954324 -28.6802818503 1.34823071962
13dd -6.20762162521 -2.09325639422 1.7396671143
13dd13dd -2.17959594303 0.796277223275 0.873098693157
13dd13dd- -2.17940074226 0.796445364112 0.873044147627
13dd13dd-13dd 17.9949749817 20.8215971829 1.37102993438
13dd13dd-13dd-13dd 28.402596884 30.9338772311 1.68201893535
13dd13dd-13dd-13dd- 28.5779758979 29.7522454129 0.618552984042
13dd13dd-13dd13dd- 28.6401737539 30.6532341524 1.43758647203
13dd13dd-4dd13dd 24.0243647643 25.3275740824 0.713464942308
13dd13dd13dd 17.9948384415 20.8211792146 1.37064834585
13dd13dd13dd-13dd 28.7014923927 29.8570673019 0.580365591421
13dd13dd13dd-13dd- 27.9726597784 29.2727589178 0.720279527764
13dd13dd13dd13dd 28.6401526988 30.6532209662 1.43759083585
13dd13dd13dd13dd- 28.5780043313 29.7525324357 0.618791712886
13de13de -6.87284799757 -3.11456877759 1.7524817395
13de13de- -6.44623616716 -2.43294030489 2.02444136091
13de13de-13de -7.17624893276 -3.13533188351 2.19807507701
13de13de-13de-13de -34.0010004597 -32.6200012188 0.877975998992
13de13de-13de-13de- -33.3267642875 -31.1925416439 1.59014509999
13de13de-13de13de- -34.0951974193 -31.693966214 1.40033217181
13de13de-4de13de -3.17617473081 -0.491448002268 1.19840758114
13de13de13de -8.02169593704 -4.11543488365 1.99381256168
13de13de13de-13de -34.0790544307 -31.5358619709 1.65262197407
13de13de13de-13de- -33.1408736926 -30.4296848513 1.89808765066
13de13de13de13de -33.4629375526 -31.0660749062 1.82124400524
13de13de13de13de- -34.1349151023 -33.2936719882 0.375101813167
13df13df -6.67978405436 -3.10249859053 1.50941425962
13df13df- -6.41742095075 -2.82455735805 1.57611760544
13df13df-13df -7.66580228938 -3.89884684663 1.94662962059
13df13df-13df-13df -34.6253013651 -33.3097394926 0.780052909814
13df13df-13df-13df- -34.0674696247 -32.4476344107 1.05228202447
13df13df-13df13df- -34.2997457255 -32.9790340275 0.771435724479
13df13df-4df13df -4.48236356952 -1.44912705911 1.20584258188
13df13df13df -8.84405332633 -5.0635426954 1.99242668898
13df13df13df-13df -34.3553755228 -32.3668335224 1.40807675439
13df13df13df-13df- -34.4116998337 -31.9237657006 1.52546099439
13df13df13df13df -34.2129800516 -31.9787023873 1.58770825767
13df13df13df13df- -34.5414532237 -33.5177803045 0.354089750458
13dh13dh -19.7713828209 -14.144303701 3.21107930089
13dh13dh- -18.0666627572 -12.530453797 3.65994715524
13dh13dh-13dh -51.9885725361 -49.0373451511 1.66347765306
13dh13dh-13dh-13dh -76.6473130135 -74.6434471154 1.36591359693
13dh13dh-13dh-13dh- -74.850889734 -73.9063891867 0.272614128085
13dh13dh-13dh13dh- -75.9849566498 -74.2204357991 1.16664688468
13dh13dh-4dh13dh -64.7169784609 -63.3814397608 0.801217968928
13dh13dh13dh -51.4861637984 -48.4232532941 2.41516245877
13dh13dh13dh-13dh -74.4643147962 -73.0865721215 0.897642445206
13dh13dh13dh-13dh- -74.5816648123 -72.6563170023 1.3600158058
13dh13dh13dh13dh -74.2916713608 -72.6018438906 1.12778534797
13dh13dh13dh13dh- -74.803756284 -73.3655122442 0.891816281898
13di13di -6.78512073392 -2.85884343976 1.8539106093
13di13di- -6.46451524568 -2.4927483063 1.87116937337
13di13di-13di -6.76643714971 -2.94426578861 1.94154568357
13di13di-13di-13di -30.5130551174 -29.1931552182 0.631352244062
13di13di-13di-13di- -27.6411579314 -26.6813753998 0.22483472266
13di13di-13di13di- -33.25763566 -31.0012370143 1.54476317899
13di13di-4di13di -3.19542273828 -0.793678528713 1.10972306518
13di13di13di -7.41673633727 -3.49205913336 1.97121747875
13di13di13di-13di -32.6143745853 -31.0266585425 1.03896095793
13di13di13di-13di- -31.2819356565 -30.1617219899 0.578994404544
13di13di13di13di -27.3426357326 -25.903957691 0.689300811802
13di13di13di13di- -30.6803188969 -28.2844922088 1.68823949078
13dl13dl -6.33853412706 -2.80025480628 1.48283983935
13dl13dl- -5.99574264903 -2.59659901806 1.3178407514
13dl13dl-13dl -6.29465213939 -3.01026341384 1.35876190018
13dl13dl-13dl-13dl -34.5602435006 -32.8525694869 1.17823181173
13dl13dl-13dl-13dl- -33.4656660303 -32.1427706076 0.782141523074
13dl13dl-13dl13dl- -33.465637997 -32.142616771 0.782267764896
13dl13dl13dl -7.16023834879 -3.59223046022 1.63241739939
13dl13dl13dl-13dl -33.7896963561 -31.619403924 1.62719554092
13dl13dl13dl13dl -33.8602220391 -30.9124771594 2.01297464683
13dl13dl13dl13dl- -33.4258741129 -32.3205536865 0.444639571549
13ea13ea -7.93500191601 -4.28724920063 1.75887466297
13ea13ea- -7.6722020209 -3.90950659511 1.84930475255
13ea13ea-13ea -8.3890350995 -4.57061631026 2.08432352916
13ea13ea-13ea-13ea -9.60733759556 -5.73800470111 2.26634393551
13ea13ea-13ea-13ea- -9.78816196096 -6.04220861972 2.10577587063
13ea13ea-13ea13ea- -9.40560821848 -5.36543807935 2.42221709546
13ea13ea-4ea13ea -7.698709957 -3.84147892309 2.2577848736
13ea13ea13ea -8.70539608936 -5.1741563543 1.87983346266
13ea13ea13ea-13ea -9.56028681167 -5.66880595975 2.25817246704
13ea13ea13ea-13ea- -9.64441389088 -6.03097212288 2.19289059794
13ea13ea13ea13ea -10.0155787437 -6.24007817754 2.04484968011
13ea13ea13ea13ea- -9.80810446537 -5.95447481192 2.11855124571
13ed13ed -6.8735189733 -3.1144542107 1.75330514381
13ed13ed- -6.44603760381 -2.43260343707 2.02470337176
13ed13ed-13ed -7.17554477377 -3.13460770879 2.198049203
13ed13ed-13ed-13ed -34.0009492878 -32.619988995 0.877936718164
13ed13ed-13ed-13ed- -34.1345579948 -33.2935819331 0.374907388206
13ed13ed-13ed13ed- -34.1797107577 -31.7920926207 1.37476241334
13ed13ed-4ed13ed -3.63562512859 -0.652860388316 1.40948313795
13ed13ed13ed -8.02265354458 -4.11579521664 1.99433154441
13ed13ed13ed-13ed -33.1451141592 -31.1539486931 1.44516436151
13ed13ed13ed-13ed- -33.1409202455 -30.4296910984 1.89807801738
13ed13ed13ed13ed -33.4627247307 -31.0662119309 1.82102846573
13ed13ed13ed13ed- -33.3266080117 -31.1923296922 1.59019897228
13ee -7.5786874914 -3.33950777316 2.02433558819
13ee13ee -8.04664872049 -4.08100412964 2.00378807449
13ee13ee- -7.4639022429 -3.32385255654 2.27590078208
13ee13ee-13ee -8.35691187671 -4.35257426888 2.42275275545
13ee13ee-13ee-13ee -9.51448029292 -5.50304148288 2.77293931124
13ee13ee-13ee-13ee- -9.86434133868 -5.75330668945 2.41700303996
13ee13ee-13ee13ee- -9.42803666097 -5.61530520638 2.75494220914
13ee13ee-4ee13ee -7.5704255991 -3.88734871673 2.47163516251
13ee13ee13ee -9.07843791882 -5.03654112512 2.16043571781
13ee13ee13ee-13ee -9.63523021165 -5.82872887254 2.55131019191
13ee13ee13ee-13ee- -9.77413810335 -5.9492971473 2.55536639731
13ee13ee13ee13ee -10.3158187918 -6.10460969935 2.40029903484
13ee13ee13ee13ee- -9.86436519393 -5.7532923348 2.41705072543
13ef13ef -7.69289153248 -3.93451163579 1.77795452074
13ef13ef- -7.21805415207 -3.56078194881 1.7121842031
13ef13ef-13ef -8.06238701793 -4.33130312582 1.93529303236
13ef13ef-13ef-13ef -9.67970395897 -5.8980732878 2.17156574754
13ef13ef-13ef-13ef- -10.1512837771 -6.13279009268 2.03775189175
13ef13ef-13ef13ef- -9.38577834444 -5.59186801918 2.18011558866
13ef13ef-4ef13ef -7.35328729706 -3.83732885773 2.13983427437
13ef13ef13ef -8.81825130608 -5.20830531557 1.98321009026
13ef13ef13ef-13ef -9.63369807846 -5.97319759449 2.20815236799
13ef13ef13ef-13ef- -10.0392190013 -6.33561176479 2.05552009653
13ef13ef13ef13ef -10.2650315388 -6.3540023977 2.12359253984
13ef13ef13ef13ef- -10.1240120866 -6.21325646632 2.2309270129
13eh13eh -12.8034095945 -7.87423278746 3.16352306838
13eh13eh- -12.4973001903 -7.66113202316 2.86715834994
13eh13eh-13eh -19.4171210049 -16.2204556833 2.52773490835
13eh13eh-13eh-13eh -43.5454733362 -42.1891540815 0.767755654195
13eh13eh-13eh-13eh- -40.2037708532 -39.1847333894 0.142015009383
13eh13eh-13eh13eh- 100.0 100.0 100.0
13eh13eh-4eh13eh -20.3760392802 -18.1011009717 1.10455685543
13eh13eh13eh -20.5665127305 -17.8057588258 1.19959833794
13eh13eh13eh-13eh 100.0 100.0 100.0
13eh13eh13eh-13eh- -41.7473873 -40.1315106959 0.639446845435
13eh13eh13eh13eh -40.6420807811 -39.8547506125 0.33928947596
13eh13eh13eh13eh- -42.6888380023 -40.3802744645 1.81525766119
13ei13ei -7.86329863624 -3.84658459279 2.04027218144
13ei13ei- -7.4677512591 -3.38399975334 2.12459729826
13ei13ei-13ei -8.12069319078 -4.08209286758 2.25441551199
13ei13ei-13ei-13ei -9.20553988388 -5.11494419807 2.4842077817
13ei13ei-13ei-13ei- -9.46666480433 -5.40275270462 2.35623375961
13ei13ei-13ei13ei- -8.90607712151 -4.99110774614 2.56487067131
13ei13ei-4ei13ei -7.51289173571 -3.57921819171 2.31544466293
13ei13ei13ei -8.71009809195 -4.6618747494 2.15548501152
13ei13ei13ei-13ei -9.19784773093 -5.18927622535 2.45189074301
13ei13ei13ei-13ei- -9.36579624811 -5.48411643822 2.45405244863
13ei13ei13ei13ei -9.79004386561 -5.62364986761 2.32706946169
13ei13ei13ei13ei- -9.54734409768 -5.37072338648 2.35089228398
13el13el -7.30465604778 -3.53366289008 1.82660097262
13el13el- -7.05186737282 -3.51637786916 1.54933542664
13el13el-13el -7.9519288254 -4.19727411185 1.98137658531
13el13el-13el-13el -9.07670765153 -5.25710803046 2.2710950485
13el13el-13el-13el- -9.13779405903 -5.24735515692 2.15137406932
13el13el-13el13el- -8.84982877539 -5.09074909123 2.1288736865
13el13el13el -8.59754643358 -4.71343208762 1.99463809175
13el13el13el-13el -9.07901765384 -5.31585315294 2.23918946324
13el13el13el-13el- -9.04652606823 -5.35172625545 2.13815521282
13el13el13el13el -9.32569164261 -5.49280042508 2.26519601999
13el13el13el13el- -9.42523228061 -5.51939584099 2.17036418016
13fa13fa -7.45816630537 -3.96536443395 1.39471120452
13fa13fa- -7.41417654245 -4.15432781766 1.36304597974
13fa13fa-13fa -8.03724580678 -4.74137768613 1.63595940439
13fa13fa-13fa-13fa- -10.1627387672 -6.72175512473 1.77044471194
13fa13fa-13fa13fa- -9.41513342914 -5.88004982985 1.93076899976
13fa13fa-4fa13fa -7.49713559655 -3.94024564416 1.85179268908
13fa13fa13fa -8.60459667197 -5.39436026529 1.53856925941
13fa13fa13fa-13fa -9.74455672059 -6.16229849171 1.7343343387
13fa13fa13fa-13fa- -9.96656429215 -6.49027985495 1.7223994918
13fa13fa13fa13fa -9.98774641178 -6.91443727716 1.68774198695
13fa13fa13fa13fa- -9.95443925822 -6.55830597824 1.66476110296
13fd13fd -6.85899248013 -3.28214982747 1.46289377905
13fd13fd- -6.4174193504 -2.82455463314 1.57611943839
13fd13fd-13fd -8.11147581112 -4.25164244929 2.03384143403
13fd13fd-13fd-13fd -34.9163291725 -33.7546527716 0.81981237247
13fd13fd-13fd-13fd- -34.4346747941 -33.2144817358 0.55000882681
13fd13fd-13fd13fd- -34.3002020646 -32.9851622836 0.765413417344
13fd13fd-4fd13fd -4.46284934299 -1.28699935132 1.38665794853
13fd13fd13fd -9.60104726741 -5.49813783191 2.02458772825
13fd13fd13fd-13fd -34.2345246807 -32.507082594 1.1565791335
13fd13fd13fd-13fd- -34.4106929625 -31.9228294396 1.52564025895
13fd13fd13fd13fd -34.5443359787 -33.5072054936 0.364214781434
13fd13fd13fd13fd- -34.0484871443 -32.3713379042 1.10936352512
13fe13fe -7.79653953634 -4.04706055463 1.67972743935
13fe13fe- -7.21816816191 -3.56092346036 1.71212888946
13fe13fe-13fe -8.11234784477 -4.38549214157 1.91800653517
13fe13fe-13fe-13fe -9.7084364602 -5.91835186163 2.18818433015
13fe13fe-13fe-13fe- -10.1240233531 -6.21380882795 2.23079206366
13fe13fe-13fe13fe- -9.38573490513 -5.59187564765 2.18015932581
13fe13fe-4fe13fe -7.3313558315 -3.77699783253 2.00836027109
13fe13fe13fe -9.07131900429 -5.16184964606 1.88672207597
13fe13fe13fe-13fe -9.71326858901 -5.93253146718 2.03082351316
13fe13fe13fe-13fe- -10.0287372318 -6.21627929587 2.06181137866
13fe13fe13fe13fe -10.4227693221 -6.57224690171 2.0688903384
13fe13fe13fe13fe- -10.1017136141 -6.42106497359 2.00870804352
13ff -7.11060107397 -3.02887938642 1.64183502995
13ff13ff -7.58534945692 -3.71347369539 1.99187163876
13ff13ff- -7.4807643728 -3.84935035965 1.62690193973
13ff13ff-13ff -8.30404581531 -4.69456154004 1.78423933683
13ff13ff-13ff-13ff -10.2506457348 -6.28045415278 2.32310559922
13ff13ff-13ff-13ff- -10.3945663423 -6.7002624753 2.34133418231
13ff13ff-13ff13ff- -10.2004116344 -6.18865822552 2.24058616128
13ff13ff-4ff13ff -7.41812409789 -4.01143862623 1.98238780436
13ff13ff13ff -8.82125739468 -5.17775533767 2.30920140796
13ff13ff13ff-13ff -10.3900086991 -6.5121081666 2.3130545103
13ff13ff13ff-13ff- -10.7563196821 -6.69545506036 2.37041000082
13ff13ff13ff13ff -10.4956271087 -7.04799396252 2.22993727881
13ff13ff13ff13ff- -10.3940109998 -6.70145662055 2.34032751994
13fh13fh -12.2949127551 -7.8280581269 2.6974861977
13fh13fh- -12.1925811374 -7.77084464703 2.42968851818
13fh13fh-13fh -17.0926515063 -15.2556779889 1.06412283106
13fh13fh-13fh-13fh -40.1171825305 -38.8674901689 0.27391371772
13fh13fh-13fh-13fh- -40.1558168145 -38.9849937431 0.593643785025
13fh13fh-13fh13fh- -40.6881645009 -39.3144200988 0.399980970302
13fh13fh-4fh13fh -17.5788791433 -16.4530013333 0.451343431972
13fh13fh13fh -16.5906680822 -14.4912418945 1.34201393329
13fh13fh13fh-13fh -39.9225441505 -38.6710036492 0.227761217982
13fh13fh13fh-13fh- -39.6426113881 -38.5425776578 0.104903892378
13fh13fh13fh13fh -38.9869560941 -37.9333854911 0.655302323639
13fh13fh13fh13fh- -39.0997637588 -38.1132735072 0.240453782976
13fi13fi -7.58613926267 -3.77401199174 1.7010276938
13fi13fi- -7.18452625343 -3.55161931684 1.65049922723
13fi13fi-13fi -8.0513516106 -4.35412137755 1.83688717728
13fi13fi-13fi-13fi -9.65160397931 -5.75979833856 2.01058180329
13fi13fi-13fi-13fi- -9.65911895694 -5.7750841807 2.08040722204
13fi13fi-13fi13fi- -9.11086174005 -5.3110454973 2.06080915834
13fi13fi-4fi13fi -7.32037877343 -3.59190898885 1.97388629161
13fi13fi13fi -8.57508910321 -4.66448836775 1.91458782272
13fi13fi13fi-13fi -9.38173660604 -5.51462840085 2.03235290889
13fi13fi13fi-13fi- -9.56250358223 -5.75912448946 2.02532324952
13fi13fi13fi13fi -9.86217734557 -5.86233579356 2.0729996186
13fi13fi13fi13fi- -9.62377230409 -5.65800302929 2.01958604493
13fl13fl -7.83656438464 -3.78797507675 1.9219283942
13fl13fl- -7.1195161194 -3.63157487805 1.49385573205
13fl13fl-13fl -7.99529463758 -4.46839036985 1.67255829957
13fl13fl-13fl13fl- -9.16614463144 -5.45933079469 1.93008185538
13fl13fl13fl -8.03066034313 -4.49118266449 1.87215113304
13fl13fl13fl-13fl -9.1989723669 -5.52612044935 2.07177412623
13fl13fl13fl13fl -10.2615803911 -6.07737256675 2.23838092639
13fl13fl13fl13fl- -9.34914295065 -5.66729348022 2.03758212547
13ha13ha -13.181575245 -8.18894634734 3.00761563774
13ha13ha- -12.9523825518 -8.24030828465 2.63707621198
13ha13ha-13ha -19.4246076273 -14.7946442535 3.34685967475
13ha13ha-13ha-13ha -43.2531899931 -40.1508052097 2.03511511795
13ha13ha-13ha-13ha- -42.4069999639 -39.3622264119 2.03449783293
13ha13ha-13ha13ha- -43.5389488358 -39.9772835168 2.40223215881
13ha13ha-4ha13ha -18.479388757 -16.0476089038 1.33056081793
13ha13ha13ha -19.7747131363 -15.1487404678 2.62233271001
13ha13ha13ha-13ha -43.4769784233 -39.3088464754 3.05675872772
13ha13ha13ha-13ha- -42.4646195187 -38.6631031264 2.71710598103
13ha13ha13ha13ha -42.3760780625 -38.8467568789 2.58667995045
13ha13ha13ha13ha- -43.1670283391 -39.5333598585 2.49353463969
13hd13hd -19.7714161461 -14.1443785941 3.21108154706
13hd13hd- -18.0666365646 -12.5304259737 3.65991693778
13hd13hd-13hd -51.9887306555 -49.0374249372 1.66354578735
13hd13hd-13hd-13hd -76.6475811445 -74.6435013198 1.36611000704
13hd13hd-13hd-13hd- -74.8037974405 -73.3655444285 0.89182599672
13hd13hd-13hd13hd- -75.9849486971 -74.2204510062 1.16662420092
13hd13hd-4hd13hd -64.2426327527 -63.6026585226 0.117981597122
13hd13hd13hd -51.4862954296 -48.4234119719 2.41512227411
13hd13hd13hd-13hd -74.8234169539 -73.8868274505 0.286616976664
13hd13hd13hd-13hd- -74.5816520448 -72.6562820995 1.36003436434
13hd13hd13hd13hd -74.2916746853 -72.6018421135 1.12779462875
13hd13hd13hd13hd- -74.8512377823 -73.906738804 0.272601869727
13he13he -12.8033317684 -7.87429279843 3.16349581657
13he13he- -12.6734137344 -7.80553544636 2.84182829268
13he13he-13he -19.4161997916 -16.2192606259 2.52794776487
13he13he-13he-13he -43.5456830124 -42.1893067486 0.768073029509
13he13he-13he-13he- -42.689376627 -40.380425979 1.81564165914
13he13he-13he13he- 100.0 100.0 100.0
13he13he-4he13he -17.4539012349 -15.8143587822 0.865627069798
13he13he13he -20.6583575756 -17.8394537135 0.989062328928
13he13he13he-13he -42.4284957639 -41.1816151984 0.447765426803
13he13he13he-13he- -41.7473700845 -40.1316196951 0.639098976769
13he13he13he13he -40.6421216752 -39.8546411449 0.339409017374
13he13he13he13he- -40.2037514521 -39.1844476314 0.142223877136
13hf13hf -12.2802095767 -8.10763993376 2.7086401533
13hf13hf- -12.0548433248 -7.68178713476 2.38837691918
13hf13hf-13hf -17.0890063312 -15.3163192183 0.913479452939
13hf13hf-13hf-13hf -39.124195365 -38.1174789158 0.147565488837
13hf13hf-13hf-13hf- -39.0997385258 -38.1130532912 0.240289904183
13hf13hf-13hf13hf- -40.598132572 -39.2766740449 0.339084766691
13hf13hf-4hf13hf -29.6525159705 -28.3987902721 0.240483477679
13hf13hf13hf -17.5893559116 -16.2182281965 0.578131399266
13hf13hf13hf-13hf -40.0300102195 -38.5138161585 0.584917285206
13hf13hf13hf-13hf- -39.6427049927 -38.5425896283 0.104828414244
13hf13hf13hf13hf -40.0269493292 -38.4426324791 0.687604434867
13hf13hf13hf13hf- -40.1562128211 -38.9852197612 0.594062025165
13hh -12.5077644302 -6.57720556322 3.51942413446
13hh13hh -27.0784676766 -22.7363489438 1.69339589865
13hh13hh- -20.9353007272 -15.9230812952 2.45207536434
13hh13hh-13hh -53.0835739758 -50.9181375438 1.25106661414
13hh13hh-13hh-13hh -74.4902929628 -72.4903496471 1.40393673209
13hh13hh-13hh-13hh- -73.8156283165 -72.2767260614 0.927632175966
13hh13hh-13hh13hh- -74.5399506641 -72.2125789323 1.80815269079
13hh13hh-4hh13hh -64.1248164813 -62.8796053549 0.633628551242
13hh13hh13hh -51.8734273251 -50.4793902349 0.538893522987
13hh13hh13hh-13hh -73.9855737045 -72.1915287263 1.21230689943
13hh13hh13hh-13hh- -73.5189675215 -71.3708082508 1.62955691445
13hh13hh13hh13hh -73.04872006 -71.2781208213 1.1943190307
13hh13hh13hh13hh- -73.8156496059 -72.2766219589 0.927743720421
13hi13hi -12.9278031774 -7.44803778957 3.41869280874
13hi13hi- -12.5356973832 -7.49960410749 2.9070857455
13hi13hi-13hi -18.215347818 -13.4393847003 3.66463630963
13hi13hi-13hi-13hi -39.4736881367 -37.2650484771 0.859652477738
13hi13hi-13hi-13hi- -38.5902289173 -37.500367276 0.238866014325
13hi13hi-13hi13hi- -39.5342758775 -36.7504375222 1.07712204652
13hi13hi-4hi13hi -17.2090078731 -14.1732419713 2.09006206328
13hi13hi13hi -19.0616826132 -14.0292490769 3.21795865465
13hi13hi13hi-13hi -39.6772616446 -36.77947764 1.17720378641
13hi13hi13hi-13hi- -38.6839858095 -35.9594850895 1.56313818766
13hi13hi13hi13hi -38.7150788473 -37.5476650082 0.210011532281
13hi13hi13hi13hi- -39.6090415503 -37.2241925068 1.03203743516
13hl13hl -12.2989924135 -7.65397077399 3.10706060873
13hl13hl- -12.0866352561 -7.76773936665 2.29544027157
13hl13hl-13hl -17.7989221942 -14.6230761399 2.39529858684
13hl13hl-13hl-13hl -38.510907313 -36.4618161563 0.798096979736
13hl13hl-13hl-13hl- -38.0823393926 -36.3626152304 0.768545458526
13hl13hl-13hl13hl- -38.1096188937 -36.0604642171 0.835254254567
13hl13hl13hl -17.5140999146 -13.5095749544 3.11317007588
13hl13hl13hl-13hl -38.1359527468 -35.8294232578 1.252834872
13hl13hl13hl-13hl- -37.1245658627 -35.5041149692 0.735447931354
13hl13hl13hl13hl 100.0 100.0 100.0
13hl13hl13hl13hl- -38.9527850864 -36.129092487 1.46112686129
13ia13ia -8.02090556674 -4.1676282935 1.89352871475
13ia13ia- -7.97447828839 -4.24351458025 1.74546476422
13ia13ia-13ia -8.7186299687 -5.04864083989 1.84072994068
13ia13ia-13ia-13ia -9.79202561024 -5.8680931259 2.16464734203
13ia13ia-13ia-13ia- -9.86180519411 -5.90797993007 2.15777642486
13ia13ia-13ia13ia- -9.67825212325 -5.89719968834 2.04146652301
13ia13ia-4ia13ia -7.92026563193 -4.29151419298 1.88931808088
13ia13ia13ia -8.84701818305 -4.98615433748 2.01248309336
13ia13ia13ia-13ia -9.68743534913 -5.84912197843 2.11299648461
13ia13ia13ia-13ia- -9.73041927474 -5.86740638046 2.15441346763
13ia13ia13ia13ia -9.86905387669 -5.88733027658 2.18856349176
13ia13ia13ia13ia- -9.79927896936 -5.86544763322 2.18197452074
13id13id -6.78508688913 -2.8588322018 1.85389119883
13id13id- -6.46369031801 -2.49188594709 1.87125213689
13id13id-13id -6.76648446908 -2.94428180764 1.9415324557
13id13id-13id-13id -30.5128111774 -29.1930210985 0.631238880183
13id13id-13id-13id- -30.6802309619 -28.284422937 1.68822080812
13id13id-13id13id- -33.2574260508 -31.0010433472 1.5446940354
13id13id-4id13id -3.54479653069 -0.914593880798 0.893449381942
13id13id13id -7.41675285212 -3.4920772068 1.97121311026
13id13id13id-13id -31.9653857438 -30.1304490517 1.29424001254
13id13id13id-13id- -31.2819022037 -30.1616667981 0.57901735975
13id13id13id13id -27.3437037583 -25.9057310408 0.688680306262
13id13id13id13id- -27.6411743447 -26.6813725723 0.224854948083
13ie13ie -7.86354858742 -3.84653362156 2.04052640137
13ie13ie- -7.46778422055 -3.38401691995 2.12460934508
13ie13ie-13ie -8.12011013297 -4.08087487566 2.25467655667
13ie13ie-13ie-13ie -9.20558853531 -5.11497014756 2.48421072847
13ie13ie-13ie-13ie- -9.54736053372 -5.37072686461 2.35080662769
13ie13ie-13ie13ie- -8.97356342052 -5.02405593671 2.54011593237
13ie13ie-4ie13ie -7.46606714451 -3.48452618699 2.20395405228
13ie13ie13ie -8.71006527298 -4.6619464101 2.15536674755
13ie13ie13ie-13ie -9.11793404804 -5.31269206027 2.42737288165
13ie13ie13ie-13ie- -9.36588366145 -5.48456549143 2.45394668952
13ie13ie13ie13ie -9.79017200674 -5.62390619652 2.32704607853
13ie13ie13ie13ie- -9.46660150967 -5.402618126 2.35624790057
13if13if -7.57466722017 -3.73822008665 1.73826645177
13if13if- -7.60954824462 -3.9160732114 1.5739675185
13if13if-13if -8.02373625594 -4.30286753006 1.87529760783
13if13if-13if-13if -9.29904582554 -5.36354029719 2.10858878628
13if13if-13if-13if- -9.62348728528 -5.65743997513 2.01913538845
13if13if-13if13if- -9.1109208377 -5.31071477354 2.06083672366
13if13if-4if13if -7.25469185636 -3.71298265705 1.90235391209
13if13if13if -8.68913002146 -4.73247079538 1.93283883258
13if13if13if-13if -9.36111690641 -5.58312179835 2.11816199899
13if13if13if-13if- -9.59173635459 -5.79780493722 2.05208807086
13if13if13if13if -9.96266384412 -5.96860764286 2.13421477672
13if13if13if13if- -9.65918503683 -5.77516638663 2.08031308566
13ih13ih -12.9278031648 -7.44803778674 3.41869281069
13ih13ih- -12.5356970592 -7.49960404482 2.90708596328
13ih13ih-13ih -18.2149708638 -13.4389548896 3.66477778772
13ih13ih-13ih-13ih -39.473763619 -37.2651335702 0.859646804106
13ih13ih-13ih-13ih- -39.6090358457 -37.2241901535 1.03203499171
13ih13ih-13ih13ih- -39.5342743906 -36.7504343541 1.07712317177
13ih13ih-4ih13ih -18.5120644832 -14.8443124412 2.39038538276
13ih13ih13ih -19.0616825571 -14.0292496364 3.21795809583
13ih13ih13ih-13ih -38.5805934347 -36.062899017 1.04019180701
13ih13ih13ih-13ih- -38.6839858401 -35.9594850693 1.56313822331
13ih13ih13ih13ih -38.7150756379 -37.5476563953 0.210021475254
13ih13ih13ih13ih- -38.5898002019 -37.4998211352 0.238702117177
13ii -7.68379567712 -3.11087890745 2.23546355544
13ii13ii -7.9246314109 -3.6846033154 2.17280437038
13ii13ii- -7.90287300421 -3.75890811777 2.06544072609
13ii13ii-13ii -8.52089904467 -4.46676870776 2.1286425905
13ii13ii-13ii-13ii -9.50848145597 -5.20314779855 2.42279524086
13ii13ii-13ii-13ii- -9.43987387995 -5.23543990801 2.40588509977
13ii13ii-13ii13ii- -9.39042051419 -5.23445798228 2.31301110633
13ii13ii-4ii13ii -7.71666607249 -3.74479587917 2.11218587144
13ii13ii13ii -8.57844032766 -4.37818641946 2.29452996177
13ii13ii13ii-13ii -9.40772552688 -5.21726565291 2.35511875579
13ii13ii13ii-13ii- -9.42599808671 -5.18903249048 2.41194683431
13ii13ii13ii13ii -9.51370809584 -5.20161590248 2.43868961741
13ii13ii13ii13ii- -9.59698065774 -5.23889608652 2.43386113611
13il13il -7.51116145004 -3.62467758923 1.86207911131
13il13il- -7.2939973567 -3.57238313365 1.66775137147
13il13il-13il -7.91234297405 -4.17077012552 1.86543028691
13il13il-13il-13il -8.64011393106 -4.85155220328 1.9938760921
13il13il-13il-13il- -8.84962618994 -4.96483357834 2.04412392643
13il13il-13il13il- -8.61461409946 -4.81790193795 1.98396957818
13il13il13il -8.28621518097 -4.3079470999 2.06673893185
13il13il13il-13il -8.82087897902 -4.98012856344 2.09605886387
13il13il13il-13il- -8.77209900278 -5.02191366619 1.98649130238
13il13il13il13il -9.310410047 -5.15698558712 2.2777605433
13il13il13il13il- -9.05332242012 -5.14100911067 2.06884183807
13la13la -7.40585536679 -4.0826715721 1.41224256679
13la13la- -7.18009594422 -4.1298039964 1.09941376771
13la13la-13la -7.84022603806 -4.83646361021 1.21539768989
13la13la-13la-13la -8.96719385397 -5.76814658131 1.4781425311
13la13la-13la-13la- -9.19947190337 -5.94236059029 1.53275374929
13la13la13la -8.20462252391 -4.99880204964 1.55602681345
13la13la13la-13la -8.97970970079 -5.64491445492 1.66607399275
13la13la13la-13la- -9.14803018295 -5.72547721106 1.74094603751
13la13la13la13la -9.31113165548 -6.19642653317 1.70622705355
13la13la13la13la- -9.13062294267 -5.92922290941 1.6589961387
13ld13ld- -5.99575775623 -2.59660650653 1.31784230203
13ld13ld-13ld -6.0970874471 -2.84540927074 1.32939903883
13ld13ld-13ld-13ld -33.2751482476 -32.6758721073 0.0671550735779
13ld13ld-13ld-13ld- -33.4249697437 -32.320309781 0.444081607092
13ld13ld-13ld13ld- -33.4654010992 -32.1457810164 0.779024492379
13ld13ld13ld -6.09816199256 -2.8439335084 1.33261160359
13ld13ld13ld-13ld -33.4653188507 -32.1459859732 0.778734937821
13ld13ld13ld13ld -33.4257509213 -32.3205293907 0.44455362372
13ld13ld13ld13ld- -34.2806130025 -32.6274310225 1.1262503537
13le13le -7.26702194519 -3.54265968918 1.73938417393
13le13le- -7.05192115855 -3.51644264935 1.54930507644
13le13le-13le -7.94663761341 -4.22243234361 1.90821917706
13le13le-13le-13le -9.03396647729 -5.28643690833 2.11792124365
13le13le-13le-13le- -9.42532165005 -5.5194169065 2.17032455337
13le13le-13le13le- -8.84984980299 -5.09083838038 2.12890154778
13le13le13le -7.94662935732 -4.22242767006 1.90821723249
13le13le13le-13le -8.83216020707 -5.05293198854 2.12624108813
13le13le13le-13le- -9.04688415581 -5.35226706633 2.13817981263
13le13le13le13le -9.07134962915 -5.27933028412 2.15105171897
13le13le13le13le- -9.13734374576 -5.24693220886 2.15133728658
13lf13lf- -7.11948652918 -3.63154276543 1.49386759016
13lf13lf-13lf -7.92237014661 -4.43400860712 1.64063977426
13lf13lf-13lf-13lf -9.27944660193 -5.5916497133 2.0176523152
13lf13lf-13lf-13lf- -9.93944106658 -5.79443166619 2.21774959638
13lf13lf-13lf13lf- -9.16628560394 -5.45951072954 1.92993372317
13lh13lh- -12.0866310837 -7.76773340174 2.29543877298
13lh13lh-13lh -17.2430639496 -13.9395628035 2.51930778696
13lh13lh-13lh-13lh -38.9607453902 -36.8265212203 0.765208157129
13lh13lh-13lh-13lh- -38.952785252 -36.1290934063 1.46112724887
13lh13lh-13lh13lh- -38.1099578729 -36.0607254928 0.835183809507
13li13li -7.29397588466 -3.57236422984 1.66775684903
13li13li- -7.29399725674 -3.5723830316 1.667751398
13li13li-13li -7.88004022625 -4.18168559882 1.79095077767
13li13li-13li-13li -8.83569273705 -4.92720023581 2.04132902981
13li13li-13li-13li- -9.05335050374 -5.14102977429 2.0688203299
13li13li-13li13li- -8.61460264486 -4.81788287188 1.98397694877
13li13li13li -8.01126710451 -4.30582582319 1.85397953012
13li13li13li-13li -8.61474068484 -4.81812957453 1.98387591174
13li13li13li-13li- -8.77220213839 -5.02177899818 1.98641113807
13li13li13li13li -8.9490318053 -5.17601853193 2.08832361258
13li13li13li13li- -8.84962042924 -4.96481670202 2.04412473344
13ll -6.95344153965 -3.0215915052 1.63621003891
13ll13ll -7.7464580293 -3.66599900875 1.96674284068
13ll13ll- -6.69625780708 -3.60207224957 1.09281530976
13ll13ll-13ll -7.65560876527 -4.25448904663 1.53588109472
13ll13ll-13ll-13ll -8.67749969355 -4.93025549204 1.96973837834
13ll13ll-13ll-13ll- -9.20249570387 -5.24069987457 2.08818897105
13ll13ll-13ll13ll- -8.46628670907 -5.00003883853 1.72457970618
13ll13ll13ll -8.11060511604 -4.38907694452 1.79900747258
13ll13ll13ll-13ll -8.68444136285 -5.04035784793 1.88731212925
13ll13ll13ll-13ll- -9.38143496141 -5.3387944902 2.14669073133
13ll13ll13ll13ll -9.87280814311 -5.44241049533 2.39799434617
13ll13ll13ll13ll- -9.11112158505 -5.36913352875 2.09768204546
3 -10.3407322307 0.712504000492 10.227861002
4dd -6.16173226335 0.947711612527 6.18323908479
4dd4dd -1.1541432966 4.474609447 4.68224703915
4dd4dd4dd 5.71558292599 9.93859528413 3.39799381256
4dd4dd4dd4dd 12.6722840842 14.9824554239 1.65593403426
4dh -8.36526031619 -1.67141205959 4.67853200743
4dh4dh -8.41339605871 -2.65853695724 4.36022963716
4dh4dh- -8.31723969339 -2.5351865542 4.44124220741
4dh4dh-4dh -8.94673504939 -3.56935411355 4.35338045042
4dh4dh-4dh-4dh -10.5423669493 -5.61190369683 3.98814985091
4dh4dh-4dh-4dh- -10.4235036533 -5.72962547298 3.80279630178
4dh4dh-4dh4dh -10.5974935172 -5.61492687447 4.10859105548
4dh4dh-4dh4dh- -10.5364095214 -5.70294865569 4.01293375189
4dh4dh4dh -9.01393466418 -3.70139231747 4.17014553367
4dh4dh4dh-4dh -10.4113676865 -5.67293434646 3.85494374108
4dh4dh4dh-4dh- -10.4511040042 -5.47907219528 4.15936816002
4dh4dh4dh4dh -10.4954800555 -5.60150101137 4.06412751304
4dh4dh4dh4dh- -10.5552011668 -5.75892984396 3.96601433063
4hd -8.36546132783 -1.67150110327 4.67918235702
4hd4hd -8.41251408095 -2.65892217819 4.35853028444
4hd4hd- -8.31721272877 -2.53525954973 4.44116987309
4hd4hd-4hd -8.94673889316 -3.57036373487 4.35287402056
4hd4hd-4hd-4hd -10.3454899477 -5.64222022019 3.81002112494
4hd4hd-4hd-4hd- -10.457943358 -5.5510159137 3.97777067625
4hd4hd-4hd4hd -10.5163056738 -5.50237594853 4.15478857487
4hd4hd-4hd4hd- -10.5262177501 -5.69157438936 4.01785969049
4hd4hd4hd -9.0137131542 -3.70183408134 4.16995155681
4hd4hd4hd-4hd -10.4405383457 -5.66178172068 3.98122506144
4hd4hd4hd-4hd- -10.450947202 -5.47881122149 4.15949825299
4hd4hd4hd4hd -10.4955042793 -5.6017381859 4.06407402042
4hd4hd4hd4hd- -10.4240064308 -5.7299038975 3.80292442403
4hh -10.5110622381 -3.79710718993 5.43949171079
4hh4hh -13.2221586887 -7.48583237079 4.65870530791
4hh4hh4hh -16.3177661934 -12.2431686527 2.82866795666
4hh4hh4hh4hh -41.8525738809 -40.1089388645 1.07082637477
6aa -7.22491595996 0.357803225086 6.40368681255
6aa6aa -5.51604344585 0.298795028282 4.97394558353
6aa6aa- -5.51606717113 0.305958286472 4.97613693905
6aa6aa-4aa6aa -4.59912429248 0.391312472067 4.31603083163
6aa6aa-6aa -4.40166319796 0.661200297883 4.27147224844
6aa6aa-6aa-6aa -3.4782860923 1.15734961174 3.87421036601
6aa6aa-6aa-6aa- -3.46483720722 1.15959973309 3.86228807574
6aa6aa-6aa6aa- -3.47940052918 1.16167122844 3.88556180207
6aa6aa6aa -4.38853236114 0.655849744961 4.24955289651
6aa6aa6aa-6aa -3.47372727779 1.16059197116 3.87859085913
6aa6aa6aa-6aa- -3.47002536244 1.15511447054 3.86888387374
6aa6aa6aa6aa -3.44732190781 1.16368518582 3.84809679957
6aa6aa6aa6aa- -3.4630797367 1.15942658474 3.86020354522
6ad6ad -2.04170846053 3.70429474857 4.6979050079
6ad6ad- -2.10748079875 3.63159614505 4.702190437
6ad6ad-4ad6ad 4.98285442924 8.48158631724 2.68689993128
6ad6ad-6ad 3.49725259569 7.40919559112 3.01766114
6ad6ad-6ad-6ad 9.79798743728 11.2335832574 0.787963587163
6ad6ad-6ad-6ad- 9.51954904741 11.1113877761 0.956110356199
6ad6ad-6ad6ad- 9.49283807811 11.1786084568 1.04448499932
6ad6ad6ad 3.41252763724 7.30992849543 3.05587396802
6ad6ad6ad-6ad 9.49452518573 11.1588356461 1.01109082749
6ad6ad6ad-6ad- 9.80760952574 11.3257167293 0.86401615596
6ad6ad6ad6ad 9.96706520484 11.332738293 0.734255957029
6ad6ad6ad6ad- 9.89518521658 11.3254002421 0.792157950013
6ae6ae -5.17239578933 0.271634471088 4.91868691795
6ae6ae- -4.86967501291 0.376097495755 4.67263902449
6ae6ae-4ae6ae -3.95140998732 0.559364580982 3.9661648417
6ae6ae-6ae -3.66724487663 1.02555329075 4.12138395636
6ae6ae-6ae-6ae -2.8421987944 1.60118906437 3.84860710972
6ae6ae-6ae-6ae- -2.87163070345 1.61168749543 3.87751518847
6ae6ae-6ae6ae- -2.67291513212 1.61582114763 3.71497459252
6ae6ae6ae -4.05126456394 0.896608549304 4.35909497621
6ae6ae6ae-6ae -2.79737924 1.55560161855 3.79677896076
6ae6ae6ae-6ae- -2.8523518315 1.53479900693 3.82610632872
6ae6ae6ae6ae -3.05879826049 1.5310780236 3.99731411742
6ae6ae6ae6ae- -3.00228490717 1.52493050074 3.95369195287
6af6af -4.9159715276 0.235508148905 4.23292295696
6af6af- -4.59534311218 0.246044340486 3.99411730434
6af6af-4af6af -4.1406260263 -0.111765660048 3.33248337014
6af6af-6af -3.81210911581 0.36923057725 3.38459529721
6af6af-6af-6af -3.39407927161 0.574814438749 3.18851488857
6af6af-6af-6af- -3.48198016068 0.498682141763 3.19298215644
6af6af-6af6af- -3.22834550725 0.697094254941 3.1644021126
6af6af6af -4.24594772138 0.469333871495 3.85767339118
6af6af6af-6af -3.33374981042 0.70228685489 3.27234280129
6af6af6af-6af- -3.48000885251 0.610048968839 3.30485548692
6af6af6af6af -3.68079618854 0.722146664013 3.59200268806
6af6af6af6af- -3.61317215218 0.724350720175 3.55581287111
6ah6ah -9.36577402607 -3.44573368445 4.86077581691
6ah6ah- -9.36156044052 -3.41463958451 4.90134905879
6ah6ah-4ah6ah -12.1196630028 -7.384748627 3.9397982603
6ah6ah-6ah -10.9192448859 -5.71209772289 4.33758408652
6ah6ah-6ah-6ah -13.6425034096 -9.60210864064 3.17958464604
6ah6ah-6ah-6ah- -13.5365657125 -9.45966813582 3.23096972527
6ah6ah-6ah6ah- -13.7332744588 -9.69528840192 3.17108619082
6ah6ah6ah -10.8709147641 -5.67957798922 4.36090164045
6ah6ah6ah-6ah -13.7049807227 -9.60633380807 3.25507820733
6ah6ah6ah-6ah- -13.6254223491 -9.48697211972 3.30385080148
6ah6ah6ah6ah -13.5259531024 -9.40350467733 3.2994281776
6ah6ah6ah6ah- -13.6134437495 -9.51191887627 3.26783271599
6ai6ai -5.41974429327 0.831303704446 5.2831370201
6ai6ai- -5.44596331754 0.830416562776 5.40121406039
6ai6ai-4ai6ai -4.39275598922 1.08488875369 4.79555521246
6ai6ai-6ai -4.23276744084 1.43254828339 4.84763057067
6ai6ai-6ai-6ai -3.14359557435 2.07143668911 4.43853372501
6ai6ai-6ai-6ai- -3.12656844598 2.08213093052 4.41897666401
6ai6ai-6ai6ai- -3.19060756454 2.09565438166 4.5007621381
6ai6ai6ai -4.16006220626 1.41160866268 4.67753716482
6ai6ai6ai-6ai -3.15006015866 2.03723448648 4.35500722994
6ai6ai6ai-6ai- -3.14591507605 2.04611064192 4.35842236116
6ai6ai6ai6ai -3.07292597005 2.03247846529 4.27341165597
6ai6ai6ai6ai- -3.09291628721 2.04267971315 4.29951664698
6al6al -4.71884669996 0.247527431387 4.09904251952
6al6al- -4.71372856078 0.310688006219 4.14526917971
6al6al6al -3.77768403571 0.550548157433 3.51986805045
6al6al6al6al -2.90218010803 1.27548990191 3.39286353075
6al6al6al6al- -2.86937131822 1.08637699471 3.18840421712
6da6da -2.14495749414 3.70573959565 4.74903993226
6da6da- -2.34421339269 3.34993801523 4.61429530893
6da6da-4da6da 5.30618875938 7.83910329093 1.82145927605
6da6da-6da 2.81292931892 7.20329894809 3.46999418169
6da6da-6da-6da 9.34185564272 11.5700245222 1.46039696032
6da6da-6da-6da- 9.36240220794 11.6289193978 1.59189296065
6da6da-6da6da- 8.95063618137 11.3459474168 1.66318334397
6da6da6da 3.56392198098 7.70843954906 3.24992220435
6da6da6da-6da 9.37963561826 11.5709013379 1.44829336135
6da6da6da-6da- 9.63389793207 11.6936416471 1.33808037501
6da6da6da6da 9.89717710279 11.8556963682 1.2562846156
6da6da6da6da- 9.55548498822 11.6201206419 1.32146008398
6dd -4.61660984436 2.22729380568 5.58850137991
6dd6dd 6.08841822242 10.7622431401 3.74300531767
6dd6dd6dd 19.6137161324 20.9716206802 0.695034490336
6dd6dd6dd6dd 28.7780669475 29.539908552 0.226432760947
6de6de -1.56235255512 3.33114585661 4.17627190254
6de6de6de 4.40423727669 7.40799497467 2.45009849431
6de6de6de6de 10.7388032589 11.2821495289 0.071712434863
6df6df -1.88760956798 3.27488497392 4.00689652978
6df6df- -1.5218602158 3.44519960908 3.82354703278
6df6df-4df6df 5.95863029436 7.84101463527 1.16968669776
6df6df-6df 4.40226060186 7.68505815514 2.36588747695
6df6df-6df-6df 9.8996546261 11.4978688802 0.891557929735
6df6df-6df-6df- 10.1380898201 11.4022456274 0.575558357119
6df6df-6df6df- 10.6473070886 11.780844827 0.428696791081
6df6df6df 3.19288893374 6.87607209551 2.70129247217
6df6df6df-6df 10.1553561308 11.918777781 1.0275677623
6df6df6df-6df- 9.93810302589 11.209721129 0.544660738225
6df6df6df6df 9.6054663628 11.0987587878 0.761832410514
6df6df6df6df- 9.40818868515 11.1486143461 1.00528487219
6dh6dh -7.10219791074 -1.43946160765 3.95575166593
6dh6dh- -7.03133901568 -1.44449346748 4.00479346015
6dh6dh-4dh6dh -62.2557583902 -61.4949299851 0.182962542831
6dh6dh-6dh 100.0 100.0 100.0
6dh6dh-6dh-6dh 21.9917287101 23.374686133 0.834420461028
6dh6dh-6dh-6dh- 21.9951494103 23.4700823297 0.933563519723
6dh6dh-6dh6dh- 21.9612642927 23.3750972515 0.849432679637
6dh6dh6dh -5.09968026625 -0.389976992129 3.26737717207
6dh6dh6dh-6dh 21.9617684137 23.3755648096 0.849410944588
6dh6dh6dh-6dh- 21.90705116 23.6535928472 1.12538466489
6dh6dh6dh6dh 21.9037216124 23.4202470533 0.943084319529
6dh6dh6dh6dh- 21.9912914386 23.3744052349 0.83458938675
6di6di -1.85721512693 3.91190227559 4.62610590192
6di6di- -1.85749236769 3.91180677023 4.62633788191
6di6di-4di6di 6.33738373247 8.36239629137 1.33268502443
6di6di-6di 3.92822498205 8.08452766127 3.16445606244
6di6di-6di-6di 10.1634856269 12.2129768605 1.3082281386
6di6di-6di-6di- 10.1995112276 12.2176148072 1.27320548763
6di6di-6di6di- 10.1250949312 12.1823999864 1.30132440548
6di6di6di-6di 10.1318347293 12.1890314532 1.30027828392
6di6di6di-6di- 10.2982186301 12.2513872588 1.21507745339
6di6di6di6di 10.1994577189 12.2175837922 1.27324382213
6di6di6di6di- 10.1632709637 12.2129690816 1.30842430478
6dl6dl -1.42841529439 3.78668696222 4.1069836649
6dl6dl- -0.662646613049 4.22681924835 3.78118916931
6dl6dl6dl 4.26013235988 7.81974851562 2.63699625574
6dl6dl6dl6dl 10.8020917 12.1520582147 0.659413738326
6dl6dl6dl6dl- 10.9966640375 12.6046120793 0.915429987112
6ea6ea -5.26318714066 0.272327181334 4.76043843971
6ea6ea- -4.8835565115 0.318195059427 4.39392923182
6ea6ea-4ea6ea -4.1064938294 0.565639304132 4.08644545573
6ea6ea-6ea -4.21776555758 0.549970764421 4.11773497443
6ea6ea-6ea-6ea -2.95647354036 1.45146861384 3.72255852317
6ea6ea-6ea-6ea- -3.100626431 1.45179035714 3.80126859688
6ea6ea-6ea6ea- -3.2970785051 1.12718387736 3.78413383982
6ea6ea6ea -4.1023443746 0.863364640975 4.20314198634
6ea6ea6ea-6ea -2.85552181212 1.34898918745 3.53303066134
6ea6ea6ea-6ea- -2.93430444956 1.35131162208 3.58243678933
6ea6ea6ea6ea -3.1141996428 1.37126800779 3.78575929316
6ea6ea6ea6ea- -2.96329533195 1.34540014522 3.66544309221
6ed6ed -1.46773870193 3.2001822375 3.79828466783
6ed6ed6ed 4.42868554032 6.84270327176 1.6890948823
6ed6ed6ed6ed 10.9217178774 12.3187961678 0.953388473911
6ee -6.35475774281 -0.681846065647 5.00292708084
6ee6ee -4.80380612548 -0.0728693220525 4.12152771858
6ee6ee6ee -3.58930901131 0.621751370112 3.57565752969
6ee6ee6ee6ee -2.5373344563 1.23403909782 3.15456939717
6ef6ef -4.63842760209 0.266404311792 4.06280193474
6ef6ef- -4.71088209091 0.180431266858 3.99463692919
6ef6ef-4ef6ef -4.19312065014 0.11104568251 3.65530437807
6ef6ef-6ef -3.68567745711 0.676523967029 3.59742149384
6ef6ef-6ef-6ef -3.14155459498 1.03102982155 3.43437936895
6ef6ef-6ef-6ef- -3.29227753717 0.960143516271 3.48712763461
6ef6ef-6ef6ef- -3.03373805091 1.04796000794 3.34622846442
6ef6ef6ef -3.82429073175 0.69826557972 3.70389603478
6ef6ef6ef-6ef -3.15757030162 1.04241844735 3.51783217462
6ef6ef6ef-6ef- -3.38509691463 0.959065223031 3.61306934601
6ef6ef6ef6ef -3.16464457762 1.03217730411 3.4776956391
6ef6ef6ef6ef- -3.33098156357 0.997674780539 3.56160189998
6eh6eh -8.46036360031 -3.4144392592 4.27746529487
6eh6eh- -8.45918450738 -3.4144156848 4.2767090782
6eh6eh-4eh6eh -11.140244065 -7.21264790084 3.27687103973
6eh6eh-6eh -9.83477800837 -5.32212269725 3.85255676877
6eh6eh-6eh-6eh -12.3202933319 -8.97642156072 2.71156363753
6eh6eh-6eh-6eh- -12.3086480052 -8.94852716207 2.72890320669
6eh6eh-6eh6eh- -12.3711390667 -8.94626236406 2.77646319449
6eh6eh6eh -9.7875394606 -5.33048043231 3.80048733827
6eh6eh6eh-6eh -12.4802254764 -9.0385041471 2.74615268888
6eh6eh6eh-6eh- -12.3203232039 -8.9622740441 2.69907144821
6eh6eh6eh6eh -12.3716312439 -9.07682561116 2.63693099187
6eh6eh6eh6eh- -12.4554361034 -9.13923415753 2.63217371027
6ei6ei -4.77042163745 0.494302272201 4.45745795272
6ei6ei- -4.77042461559 0.494301108804 4.45745984152
6ei6ei-4ei6ei -3.68436981639 0.83290903872 3.9238098992
6ei6ei-6ei -3.4374828557 1.21051653257 3.88256126748
6ei6ei-6ei-6ei -2.35403541825 1.80831701636 3.47397557764
6ei6ei-6ei-6ei- -2.3497167632 1.79678323448 3.46360503763
6ei6ei-6ei6ei- -2.34948192526 1.79673698181 3.46334805529
6ei6ei6ei -3.42545016658 1.20403364833 3.86488993025
6ei6ei6ei-6ei -2.35410635461 1.80836564459 3.47406469488
6ei6ei6ei-6ei- -2.36526815027 1.8133944619 3.50061573717
6ei6ei6ei6ei -2.34970645311 1.79671671278 3.46368349375
6ei6ei6ei6ei- -2.33740887409 1.80706057177 3.46487392672
6el6el -4.51847188778 0.491668491209 4.22961197285
6el6el- -4.29887357752 0.632920806514 4.05292178068
6el6el6el -3.50713678157 1.07150502505 3.83197430608
6el6el6el6el -2.55797843796 1.6104009395 3.49322760847
6el6el6el6el- -2.40609145967 1.64575508287 3.39887078373
6fa6fa -4.26649001504 0.624300572994 4.04529366595
6fa6fa- -4.40479962921 0.631066548601 4.05373526208
6fa6fa-4fa6fa -3.57822649441 0.862715819942 3.73691844433
6fa6fa-6fa -3.1485047402 1.19174043944 3.55654098469
6fa6fa-6fa-6fa -2.28148905351 1.77347218763 3.33996109854
6fa6fa-6fa-6fa- -2.41093882809 1.86750216355 3.52547981733
6fa6fa-6fa6fa- -2.36702674973 1.63077004663 3.26151164676
6fa6fa6fa -3.20857175769 0.991770817571 3.4130523352
6fa6fa6fa-6fa -2.30435341668 1.58789852073 3.15773951894
6fa6fa6fa-6fa- -2.38066392914 1.65509796046 3.27753543753
6fa6fa6fa6fa -2.31698212537 1.47195541319 3.04350047861
6fa6fa6fa6fa- -2.38267578473 1.47186201309 3.10827108109
6fd6fd -1.12897123295 3.80524814613 4.0115218788
6fd6fd- -0.121517164462 4.55878088392 3.76309193703
6fd6fd-4fd6fd 6.09410050053 9.23308637983 2.39985257487
6fd6fd-6fd 5.16140024962 8.30133728526 2.36573053301
6fd6fd-6fd-6fd 11.1811693881 12.1805912975 0.386297758614
6fd6fd-6fd-6fd- 10.7826494693 12.150162991 0.740281243281
6fd6fd-6fd6fd- 11.817724591 12.7947101151 0.37868208781
6fd6fd6fd 3.82722829841 7.37264784642 2.75583330842
6fd6fd6fd-6fd 11.4748704569 12.5248537247 0.430140438571
6fd6fd6fd-6fd- 11.0590572656 12.1698864784 0.49207811414
6fd6fd6fd6fd 9.64002005034 11.1424339332 0.867575202631
6fd6fd6fd6fd- 10.9778291549 11.9660404787 0.386023617159
6fe6fe -4.1313410543 0.487482082366 3.89918160341
6fe6fe- -3.84020571584 0.953560787237 3.9986121943
6fe6fe-4fe6fe -3.22943605805 0.972553486531 3.65623041179
6fe6fe-6fe -2.98844069852 1.55768328549 3.83219502283
6fe6fe-6fe-6fe -1.96107718975 2.18871485985 3.5289918069
6fe6fe-6fe-6fe- -1.81635423426 2.28941911722 3.48901350655
6fe6fe-6fe6fe- -1.97712555022 2.15535160324 3.50956142026
6fe6fe6fe -3.07992220373 0.984327276475 3.34457361234
6fe6fe6fe-6fe -1.99933678952 1.96224924795 3.27004515431
6fe6fe6fe-6fe- -1.90695155364 2.03939182817 3.26274981966
6fe6fe6fe6fe -2.14664259379 1.57043557266 3.02467269855
6fe6fe6fe6fe- -1.93055621884 1.83477087826 3.07465631808
6ff -4.89643017897 0.477214871099 4.34340970982
6ff6ff -3.82737866802 0.389202358553 3.34407725142
6ff6ff- -4.04236038084 0.544448557229 3.72610207709
6ff6ff-4ff6ff -3.58921530848 0.258722253146 3.16082433529
6ff6ff-6ff -3.29438675723 0.852298234396 3.34387382033
6ff6ff-6ff-6ff -2.51481582083 1.21534410089 2.96053796405
6ff6ff-6ff-6ff- -2.38753647258 1.24280375446 2.86751255915
6ff6ff-6ff6ff- -2.76510869611 1.13971432147 3.14567125601
6ff6ff6ff -3.1337963915 0.513673040307 2.83675722948
6ff6ff6ff-6ff -2.66069343398 0.980353395189 2.87134727559
6ff6ff6ff-6ff- -2.54835184226 1.0171337264 2.80722619429
6ff6ff6ff6ff -2.57691056855 0.722065338255 2.53083412478
6ff6ff6ff6ff- -2.62006802795 0.806468368562 2.65206272217
6fh6fh -8.03470441677 -3.20314310786 3.72257950531
6fh6fh- -7.772062114 -2.57694198415 4.25650701315
6fh6fh-4fh6fh -10.2913736953 -7.11035349075 2.52262496513
6fh6fh-6fh -9.23560449627 -5.04312380986 3.38052731922
6fh6fh-6fh-6fh -11.1495479657 -8.55391445704 1.9058092855
6fh6fh-6fh-6fh- -10.7802205278 -7.77065537827 2.29644353932
6fh6fh-6fh6fh- -11.1127342142 -8.40320066132 1.97239758755
6fh6fh6fh -9.48082431722 -5.64416207917 2.9231751975
6fh6fh6fh-6fh -11.4165068114 -8.88156816065 1.81330522766
6fh6fh6fh-6fh- -11.0502584445 -8.12466406642 2.17096373745
6fh6fh6fh6fh -11.9364186991 -9.89537336099 1.26819190991
6fh6fh6fh6fh- -11.4837717965 -8.95512018238 1.73926922071
6fi6fi -4.13119272509 0.903871551308 4.15023838631
6fi6fi- -3.86662340995 1.23897725871 4.19217068515
6fi6fi-4fi6fi -3.17976898298 1.55656282873 4.05276792106
6fi6fi-6fi -2.71120686923 1.9859042542 3.86390529156
6fi6fi-6fi-6fi -1.84054128708 2.52246319434 3.6623409819
6fi6fi-6fi-6fi- -1.96855205257 2.57380652269 3.77020947884
6fi6fi-6fi6fi- -1.81343916734 2.52053895962 3.57816673159
6fi6fi6fi -3.02519059607 1.36171446091 3.5940974022
6fi6fi6fi-6fi -1.74643528103 2.22418670505 3.2396521676
6fi6fi6fi-6fi- -1.85149535391 2.25218539101 3.33960010012
6fi6fi6fi6fi -1.95613914661 1.9548342523 3.16324685761
6fi6fi6fi6fi- -1.891733256 2.02857489354 3.18456481799
6fl6fl -3.59996447974 0.561238447355 3.29594600993
6fl6fl- -3.68084372079 1.07992037364 3.89417027781
6fl6fl6fl -2.62785831524 0.897076568821 2.72392585207
6fl6fl6fl6fl -1.76559431949 1.3730105261 2.38488014347
6fl6fl6fl6fl- -1.66528946293 1.6732092426 2.57350759535
6ha6ha -8.59129465605 -2.8416475935 4.4737486865
6ha6ha- -8.77252798187 -2.86755374618 4.89128354914
6ha6ha-4ha6ha -11.0598124663 -6.42626163765 3.90420530636
6ha6ha-6ha -9.86818668286 -4.55865307758 4.48007105908
6ha6ha-6ha-6ha -11.4659312908 -6.78893152398 3.87883948656
6ha6ha-6ha-6ha- -11.2684760738 -6.7813088378 3.68967076432
6ha6ha-6ha6ha- -11.6653031679 -6.89457153836 3.97288981286
6ha6ha6ha -9.54646727859 -4.50010385503 4.20838502625
6ha6ha6ha-6ha -11.5235218361 -6.74630463838 3.97547536194
6ha6ha6ha-6ha- -11.3108394302 -6.69637330677 3.81308632637
6ha6ha6ha6ha -11.1609423432 -6.65687002661 3.72118279432
6ha6ha6ha6ha- -11.3088397306 -6.64190769556 3.87530842364
6hd6hd -5.87923273703 -0.513642824907 3.47408166355
6hd6hd- -5.69156231388 -0.2443393329 3.52493297851
6hd6hd-4hd6hd 15.5761123564 16.2997147739 0.0881545419352
6hd6hd-6hd 0.061789543504 2.13685839408 0.647191918666
6hd6hd-6hd-6hd 19.5267563348 21.6895963477 1.21194708606
6hd6hd-6hd-6hd- 19.1183820379 20.7318839798 0.556340313002
6hd6hd-6hd6hd- 20.1902003909 22.2641624875 1.35990993532
6hd6hd6hd -1.759894524 1.26071676936 1.56048147524
6hd6hd6hd-6hd 19.6154402629 22.101922301 1.73132900023
6hd6hd6hd-6hd- 19.6088774442 21.2465763183 0.834674962626
6hd6hd6hd6hd 18.8871571647 20.8078144172 0.491055386405
6hd6hd6hd6hd- 19.02247101 21.680893804 1.46127954197
6he6he -8.08219233125 -2.94723943591 4.12275485538
6he6he- -7.95865953772 -2.77981039588 4.34921607538
6he6he-4he6he -10.0100351847 -6.18300189012 3.21325894966
6he6he-6he -8.7851548034 -4.0318910084 4.07529271898
6he6he-6he-6he -10.2963341913 -6.25695993314 3.40191515912
6he6he-6he-6he- -10.6060275265 -6.58173456626 3.31170783824
6he6he-6he6he- -10.2340013938 -6.05555325239 3.56041267246
6he6he6he -9.09440017609 -4.53312784616 3.80847492994
6he6he6he-6he -10.3331878222 -6.24696131444 3.4712520872
6he6he6he-6he- -10.5572647581 -6.42222865499 3.4604955057
6he6he6he6he -10.6715320788 -6.76882896732 3.21264646607
6he6he6he6he- -10.4813185322 -6.53053260356 3.31702336231
6hf6hf -7.84268877912 -3.41202411834 3.62061476221
6hf6hf- -8.20333252461 -3.70604782889 3.72038415217
6hf6hf-4hf6hf -10.1998413714 -8.17494366681 1.42127159876
6hf6hf-6hf -9.28978487129 -5.79829888562 2.79231581431
6hf6hf-6hf-6hf -11.2222581811 -9.4242858881 1.16492253602
6hf6hf-6hf-6hf- -11.2969830237 -10.0837297732 0.574653119382
6hf6hf-6hf6hf- -11.5790308212 -9.81670985888 1.0965951566
6hf6hf6hf -9.21377888138 -5.89654876129 2.61805549703
6hf6hf6hf-6hf -11.3907869468 -9.58520246271 1.14909340947
6hf6hf6hf-6hf- -11.4547547318 -10.1148141148 0.668376656157
6hf6hf6hf6hf -11.2014177397 -9.62610642491 0.939540386833
6hf6hf6hf6hf- -11.6783217238 -9.91563258145 1.08033924727
6hh -10.3442463 -3.53442251795 5.40861373685
6hh6hh -14.6111803049 -9.27300280147 4.0172098276
6hh6hh6hh -48.8355800522 -47.2862807828 0.292467219041
6hh6hh6hh6hh -69.8410702489 -68.5153198105 0.685635885352
6hi6hi -8.47054095712 -2.53846063702 4.65269442808
6hi6hi- -8.64511457989 -2.42633776084 4.79602466028
6hi6hi-4hi6hi -10.6293384286 -5.59699136731 4.31097987013
6hi6hi-6hi -9.51710545282 -3.67258877518 4.82623428703
6hi6hi-6hi-6hi -10.761290213 -5.62408602299 4.39624490168
6hi6hi-6hi-6hi- -10.6618581309 -5.74245605953 4.18616639334
6hi6hi-6hi6hi- -10.7527428046 -5.4161076238 4.59750707386
6hi6hi6hi -9.31396062998 -3.98821669543 4.54817705709
6hi6hi6hi-6hi -10.7899996647 -5.59012441139 4.49770616724
6hi6hi6hi-6hi- -10.6871099135 -5.66308913369 4.31752866744
6hi6hi6hi6hi -10.6994932441 -5.88639697926 4.10627454647
6hi6hi6hi6hi- -10.780782524 -5.76643605267 4.30130025848
6hl6hl -7.88240810161 -3.01630858675 3.89142736378
6hl6hl- -7.60465827884 -2.68264996315 3.90860357692
6hl6hl6hl -9.13396269586 -4.96608455006 3.39021907862
6hl6hl6hl6hl -10.8814162247 -7.65084352016 2.53280942539
6hl6hl6hl6hl- -10.5060749677 -7.21573184953 2.63621604872
6ia6ia -5.26095071452 0.97466015105 5.26951297418
6ia6ia- -5.27637077778 0.91851917599 5.29583923152
6ia6ia-4ia6ia -4.21125511771 1.21831732449 4.75241519324
6ia6ia-6ia -4.01545384445 1.56231774598 4.75972396045
6ia6ia-6ia-6ia -2.89254854512 2.22371098734 4.34006073122
6ia6ia-6ia-6ia- -2.86102876531 2.24602561508 4.332642161
6ia6ia-6ia6ia- -2.92695285189 2.24610043093 4.38485132272
6ia6ia6ia -3.94637788931 1.6035289913 4.66256111313
6ia6ia6ia-6ia -2.90081417956 2.21732694685 4.29653167634
6ia6ia6ia-6ia- -2.87945948475 2.2043112732 4.26893052983
6ia6ia6ia6ia -2.8297132642 2.21758996576 4.23550154098
6ia6ia6ia6ia- -2.85755796673 2.21877256032 4.25996108774
6id6id -1.37294275118 4.23386207496 4.59762116674
6id6id- -1.41429226348 4.20677555783 4.55864340101
6id6id-4id6id 5.96040575858 9.25195394034 2.44555514399
6id6id-6id 4.50533749418 8.11135074013 2.69404865556
6id6id-6id-6id 10.9843979844 11.9295003585 0.319456840381
6id6id-6id-6id- 11.0101634106 11.9253462963 0.293447669417
6id6id-6id6id- 10.8068576999 11.8958238375 0.433272683138
6id6id6id 4.57211020449 8.05233756913 2.65722482543
6id6id6id-6id 10.8700686589 11.9909706769 0.478083884802
6id6id6id-6id- 10.8319147543 11.9479745212 0.474571093991
6id6id6id6id 11.3443067955 12.3102680561 0.374330246525
6id6id6id6id- 11.3010287404 12.2882772809 0.391923641223
6ie6ie -4.78024434785 0.534834181811 4.72552364778
6ie6ie- -4.59614124689 0.60696908194 4.53760682759
6ie6ie-4ie6ie -3.45490632938 0.902094354631 3.85587081063
6ie6ie-6ie -3.25662850542 1.39856489332 4.00004832774
6ie6ie-6ie-6ie -2.15899040664 2.07718862459 3.59128661665
6ie6ie-6ie-6ie- -2.1631893105 2.06540325406 3.58510621894
6ie6ie-6ie6ie- -2.07563737556 2.08105699202 3.55555413497
6ie6ie6ie -3.48753567933 1.34302950547 4.20586769471
6ie6ie6ie-6ie -2.23918393851 2.06130955418 3.70214126152
6ie6ie6ie-6ie- -2.20204270871 2.05055696555 3.67211942128
6ie6ie6ie6ie -2.33642350414 2.02824610944 3.74048679619
6ie6ie6ie6ie- -2.33939573419 2.04181278268 3.75100490984
6if6if -4.57520670032 0.725862776014 4.33352259883
6if6if- -4.35735693379 0.796844159831 4.27519482721
6if6if-4if6if -3.66388200841 0.715496093966 3.68990746812
6if6if-6if -3.31466434941 1.34102232191 3.8350405791
6if6if-6if-6if -2.68207974847 1.68938218439 3.58168203074
6if6if-6if-6if- -2.75798739396 1.55134996197 3.52191795345
6if6if-6if6if- -2.59191548714 1.78979795152 3.58159861351
6if6if6if -3.71908790893 1.13175861012 3.96189707773
6if6if6if-6if -2.69873010665 1.70495398508 3.6676235089
6if6if6if-6if- -2.7949221138 1.61470578855 3.6150396981
6if6if6if6if -2.96636253956 1.58065316428 3.71877973974
6if6if6if6if- -2.95936049346 1.64167099032 3.77119727967
6ih6ih -8.93120854846 -2.96857187185 4.78678789755
6ih6ih- -8.99406613817 -2.76485452378 4.84049168102
6ih6ih-4ih6ih -11.1891384338 -6.18985502006 4.2728171559
6ih6ih-6ih -10.093075475 -4.40007202457 4.82949097896
6ih6ih-6ih-6ih -11.8539556456 -7.19085906292 3.92122617968
6ih6ih-6ih-6ih- -11.8552147703 -7.28878731416 3.85174422269
6ih6ih-6ih6ih- -11.8536804444 -7.04616894918 4.11541356902
6ih6ih6ih -10.0380382001 -4.70992172963 4.49407367947
6ih6ih6ih-6ih -11.8809451219 -7.10290874458 4.04422506781
6ih6ih6ih-6ih- -11.8820196464 -7.1998576856 3.97877216211
6ih6ih6ih6ih -11.8896675607 -7.37873233758 3.77489697605
6ih6ih6ih6ih- -11.8795467354 -7.28356972469 3.83605005776
6ii -6.82132110577 0.502980741861 6.19654805663
6ii6ii -5.21132393053 1.24782362464 5.47917316052
6ii6ii6ii6ii -2.52270048442 2.59864668551 4.32663127982
6il6il- -4.24857677816 1.10832276375 4.44950740597
6il6il6il6il -2.21920010486 2.24684735667 3.67888223938
6la6la6la6la -1.65213790778 2.72272285866 3.6426926502
6ld6ld -0.457203990109 4.74534860406 4.21738418687
6ld6ld6ld 5.32502352142 8.59244345206 2.45190209638
6ld6ld6ld6ld 12.3893848347 13.3238140975 0.319194050227
6le6le -3.79566695862 1.20659490101 4.37010899887
6le6le6le -2.40170674525 2.08775391696 3.81353719835
6le6le6le6le -1.17911593232 2.77243002447 3.33318130579
6lf6lf -3.65084742959 1.05599137684 3.81109073448
6lf6lf6lf -2.59105750949 1.59874804745 3.35568963453
6lf6lf6lf6lf -1.68866581001 2.13103089571 3.05144791118
6lh6lh -7.80110765649 -2.35130281116 4.43913810794
6lh6lh6lh -8.66273356845 -3.85702111291 3.96851172307
6lh6lh6lh6lh -10.0277388898 -5.95733052632 3.33222067288
6li6li -3.97581305012 1.51185651713 4.63814986153
6li6li6li -2.64935816685 2.44928698767 4.26295691255
6li6li6li6li -1.25814814187 3.06189353214 3.59400143507
6ll -4.92095152681 0.680246303905 4.58395509892
6ll6ll -3.47934643478 1.26128627854 3.86741424096
6ll6ll6ll -2.1438410412 1.96812557823 3.30892731174
6ll6ll6ll6ll -0.985122996019 2.74042135456 2.98808195984
Repulse
Repulse
Repulse
Repulse
Repulse
Repulse
Using multi
