12dd -10.55640048 1.3788441453 7.05940429912
12dd12dd -9.69280400778 -0.162624745758 5.17657301687
12dd12dd- -9.71831514665 -0.238836280946 5.16558857643
12dd12dd-12dd -9.43372645177 -0.555381880766 4.70659430038
12dd12dd-12dd-12dd -9.35236868437 -0.738811110444 4.5067369095
12dd12dd-12dd-12dd- -9.45996859797 -0.852335916003 4.54692928291
12dd12dd-12dd12dd- -9.30446966641 -0.761625562415 4.47786868832
12dd12dd-4dd12dd -9.52546663285 -1.07905534732 4.57609403625
12dd12dd12dd -9.71396168834 -0.314408774065 5.07276344819
12dd12dd12dd-12dd -9.29353917518 -0.957168795843 4.34511474777
12dd12dd12dd-12dd- -9.3583427509 -1.00771407327 4.36986987236
12dd12dd12dd12dd -9.67483370047 -0.612102030262 4.83326079199
12dd12dd12dd12dd- -9.45988724579 -0.852353104499 4.54692565823
12dh -8.7625113468 1.85233773464 6.13151748264
12dh12dh -8.11034097091 0.905252237781 4.76396698124
12dh12dh- -8.0559738266 0.794032861731 4.69970515388
12dh12dh-12dh -7.63489443674 0.388163518743 3.99949109882
12dh12dh-12dh-12dh -7.50561522881 0.139968951141 3.71175362387
12dh12dh-12dh-12dh- -7.6198225917 0.0627427601952 3.81869881069
12dh12dh-12dh12dh- -7.43910338366 0.151496850515 3.67666787645
12dh12dh-4dh12dh -7.86140808845 0.111580828573 4.03090152051
12dh12dh12dh -7.81271297841 0.446813947417 4.2667715884
12dh12dh12dh-12dh -7.4622574064 0.187387471755 3.77019417219
12dh12dh12dh-12dh- -7.58520083069 0.132885091853 3.86757655245
12dh12dh12dh12dh -7.69250037626 0.191508005889 4.00488085431
12dh12dh12dh12dh- -7.51982631115 0.216265278371 3.85952049014
12hd -8.76251321633 1.85233760617 6.13151961834
12hd12hd -8.11035147123 0.90525541173 4.76397756332
12hd12hd- -8.05588772708 0.794087647931 4.69967713923
12hd12hd-12hd -7.63481097441 0.388199112455 3.99944136151
12hd12hd-12hd-12hd -7.50561950151 0.139981546432 3.71176806528
12hd12hd-12hd-12hd- -7.51982784559 0.216266616906 3.85952106227
12hd12hd-12hd12hd- -7.43908644331 0.151542447637 3.67667849305
12hd12hd-4hd12hd -7.94107502597 -0.0379987599127 4.01263394688
12hd12hd12hd -7.8126866729 0.446789226352 4.26674204003
12hd12hd12hd-12hd -7.54727529065 0.0968174563381 3.75158370005
12hd12hd12hd-12hd- -7.58533807772 0.133017427434 3.86770437248
12hd12hd12hd12hd -7.69249624974 0.191470965243 4.00485115395
12hd12hd12hd12hd- -7.61953703804 0.0624941417537 3.81836084127
12hh -8.27708050222 2.88796487423 6.33910692618
12hh12hh -7.60727304076 1.95585450609 5.10492773811
12hh12hh- -7.62483862617 1.56380065377 4.92080027892
12hh12hh-12hh -7.12461894169 1.20082281473 4.2537112649
12hh12hh-12hh-12hh -7.07865588374 0.944578543593 4.02394293337
12hh12hh-12hh-12hh- -7.11161369981 0.999449050591 4.10919743812
12hh12hh-12hh12hh- -7.03600516535 0.868009226171 3.94155051157
12hh12hh-4hh12hh -7.08771555713 0.855365392153 3.97499117132
12hh12hh12hh -7.2719026803 1.52059095042 4.57102347912
12hh12hh12hh-12hh -7.14542701747 0.854235863194 4.05304541946
12hh12hh12hh-12hh- -7.09861985312 1.03677413623 4.13374863439
12hh12hh12hh12hh -7.20988367054 1.12833644424 4.29555871992
12hh12hh12hh12hh- -7.11145952486 0.999530310061 4.10911613625
13aa -8.75354864058 3.55419475317 7.13834937438
13aa13aa -7.93027602927 2.8064862227 5.99843204987
13aa13aa- -7.59893735244 2.43659183888 5.55560364596
13aa13aa-13aa -7.41192913769 2.37599166924 5.37183591552
13aa13aa-13aa-13aa -7.29474593648 2.1840679418 5.13203223928
13aa13aa-13aa-13aa- -7.44190917418 2.23063215174 5.24830022127
13aa13aa-13aa13aa- -7.22259369197 2.17115007659 5.09621650307
13aa13aa-4aa13aa -7.50915447423 1.40697929725 4.9060766368
13aa13aa13aa -7.6030324899 2.37766388672 5.44589776245
13aa13aa13aa-13aa -7.32610003311 2.1758495864 5.15076224222
13aa13aa13aa-13aa- -7.39802696698 2.15863029548 5.16797422906
13aa13aa13aa13aa -7.61010251197 2.32383132936 5.39561744096
13aa13aa13aa13aa- -7.38496695869 2.14082132718 5.14324816535
13ad13ad -8.83230555387 1.58794183215 5.74462125475
13ad13ad- -8.56155909164 1.15162861285 5.27389804161
13ad13ad-13ad -8.22446236194 0.821526598316 4.83721597388
13ad13ad-13ad-13ad -8.17621652437 0.64383268327 4.67181617954
13ad13ad-13ad-13ad- -8.2897041542 0.455889293312 4.65141985597
13ad13ad-13ad13ad- -8.07447209154 0.607062999147 4.60085279128
13ad13ad-4ad13ad -8.42023645243 0.0619664513782 4.5984465746
13ad13ad13ad -8.59221014763 1.06140763409 5.22117312711
13ad13ad13ad-13ad -8.25188472428 0.579292427777 4.68632828387
13ad13ad13ad-13ad- -8.34835330966 0.572416356758 4.7493251912
13ad13ad13ad13ad -8.77023924162 1.04956656271 5.3290299319
13ad13ad13ad13ad- -8.40964471789 0.60210752585 4.81229802804
13ae13ae -8.10536302673 2.0332610702 4.49157895491
13ae13ae- -7.89041541674 1.64004489023 4.43075352119
13ae13ae-13ae -7.51724204945 1.35986994646 4.4218881783
13ae13ae-13ae-13ae -7.45439293753 1.19392984884 4.41417853258
13ae13ae-13ae-13ae- -7.59372983046 1.20777827384 4.40447574502
13ae13ae-13ae13ae- -7.34017696379 1.18099954169 4.40328754574
13ae13ae-4ae13ae -7.69304862789 0.658119240774 4.24785167171
13ae13ae13ae -7.79996899568 1.55108651091 4.47499798295
13ae13ae13ae-13ae -7.46827817565 1.15911979794 4.40805512664
13ae13ae13ae-13ae- -7.55682015591 1.11629614768 4.41419981207
13ae13ae13ae13ae -7.85802293342 1.51977370411 4.4901647671
13ae13ae13ae13ae- -7.6049460746 1.18674152638 4.42703033567
13af13af -7.76364791925 2.56050418026 5.68446784907
13af13af- -7.56123325638 2.18493325233 5.32413159262
13af13af-13af -6.87531753957 1.89999556869 4.68493468608
13af13af-13af-13af -7.06058827298 1.70782905269 4.64682584345
13af13af-13af-13af- -7.1554861735 1.62204428185 4.64778854067
13af13af-13af13af- -6.66659049078 1.63432563379 4.37920912753
13af13af-4af13af -7.14822235859 1.16426784055 4.38176645392
13af13af13af -7.6056454504 2.21170630582 5.30089039104
13af13af13af-13af -7.10089711034 1.62477865391 4.61420722397
13af13af13af-13af- -7.22778370247 1.65439420591 4.69394935204
13af13af13af13af -7.56814239923 1.98259187994 5.09434275759
13af13af13af13af- -7.33374581218 1.74613739221 4.81632343571
13ah13ah -7.31099689283 2.63685189976 5.43761255022
13ah13ah- -7.35925520746 2.30991569982 5.31799065379
13ah13ah-13ah -7.04626104122 1.91517054426 4.83089183851
13ah13ah-13ah-13ah -6.9356682733 1.78865040142 4.61926313257
13ah13ah-13ah-13ah- -6.90261534062 1.84138722056 4.66641786557
13ah13ah-13ah13ah- -6.87727613889 1.68861645624 4.56395672084
13ah13ah-4ah13ah -7.03866876374 1.31476359024 4.39173863414
13ah13ah13ah -7.12454638836 2.28771664185 5.05571499999
13ah13ah13ah-13ah -6.98990539716 1.71971451701 4.61139993428
13ah13ah13ah-13ah- -6.93286254534 1.77701507443 4.61326621688
13ah13ah13ah13ah -7.08777140092 2.07988666601 4.86808987848
13ah13ah13ah13ah- -7.09857941439 1.8912774588 4.76280677029
13ai13ai -7.73881532654 2.82359346953 5.83883603412
13ai13ai- -7.64614355228 2.75677984092 5.76101208336
13ai13ai-13ai -7.29596811321 2.44558253244 5.30717601043
13ai13ai-13ai-13ai -7.21071394472 2.27628381262 5.10024569811
13ai13ai-13ai-13ai- -7.27921190822 2.2654228181 5.13419214904
13ai13ai-13ai13ai- -7.10395165623 2.23364813133 5.03122779673
13ai13ai-4ai13ai -7.40863950278 1.57828429541 4.9215262758
13ai13ai13ai -7.49467767023 2.53241291951 5.45319435849
13ai13ai13ai-13ai -7.18220742532 2.24045780023 5.06756291918
13ai13ai13ai-13ai- -7.24306877757 2.21504248994 5.07397551296
13ai13ai13ai13ai -7.40870994405 2.35011194885 5.24950032644
13ai13ai13ai13ai- -7.33809884627 2.34473692065 5.20705555986
13al13al -7.01228279257 2.38747371361 5.12744474293
13al13al- -7.11367744872 2.44651448232 5.20868353709
13al13al-13al -6.61505664296 2.019882509 4.58815297227
13al13al-13al-13al -6.70696460918 1.74106327997 4.44463601427
13al13al-13al-13al- -6.85594273176 1.792872391 4.56513328964
13al13al-13al13al- -6.41490841244 1.83666623111 4.32980489528
13al13al13al -6.84410989802 2.0946583954 4.72353732175
13al13al13al-13al -6.69436694509 1.80237673904 4.43852078585
13al13al13al-13al- -6.79131380089 1.81627999078 4.48899220897
13al13al13al13al -6.77613882223 1.92563090256 4.5708932262
13al13al13al13al- -6.65305531578 1.98179975739 4.52265365811
13da13da -8.8317886062 1.58724769679 5.74370120317
13da13da- -8.56155956652 1.15162816343 5.27389817519
13da13da-13da -8.22446535717 0.821526100314 4.8372183676
13da13da-13da-13da -8.07715229917 0.51800378284 4.5356213075
13da13da-13da-13da- -8.48822160067 0.710268581906 4.93882795128
13da13da-13da13da- -8.07447199895 0.607063122583 4.60085279727
13da13da-4da13da -8.36514659938 -0.0338049189964 4.53997583886
13da13da13da -8.59201421725 1.06156127082 5.22122007045
13da13da13da-13da -8.08831578007 0.528329274488 4.55628426464
13da13da13da-13da- -8.34781659968 0.572104772831 4.74877105576
13da13da13da13da -8.77028969542 1.04960031318 5.32908362416
13da13da13da13da- -8.10130762756 0.3860512008 4.48820134143
13dd -10.0636500305 1.66023662064 6.6559130789
13dd13dd -9.26017959774 0.14925923405 5.04739587096
13dd13dd- -9.26025685899 0.149381070588 5.04758545677
13dd13dd-13dd -9.01935402809 -0.00502499646348 4.78714056963
13dd13dd-13dd-13dd -9.04968636583 -0.209439436927 4.70251028152
13dd13dd-13dd-13dd- -9.20883084371 -0.443716299743 4.70679860243
13dd13dd-13dd13dd- -8.91885983479 -0.170493434302 4.62729564832
13dd13dd-4dd13dd -9.16887094967 -0.989802699466 4.48179803065
13dd13dd13dd -9.01977958407 -0.00477715187858 4.78765917544
13dd13dd13dd-13dd -9.06098361336 -0.291008614679 4.64431189507
13dd13dd13dd-13dd- -9.22083870538 -0.450892741138 4.65720151435
13dd13dd13dd13dd -8.91884983784 -0.170496170624 4.6272843349
13dd13dd13dd13dd- -9.20886888854 -0.443748311809 4.70680748467
13de13de -8.92417942991 1.24004775259 4.4647565384
13de13de- -8.66091917283 0.606100406376 4.4302400682
13de13de-13de -8.35162504552 0.367394222597 4.34603665565
13de13de-13de-13de -8.35947210436 0.261739810641 4.29290360852
13de13de-13de-13de- -8.59931716774 0.208681279383 4.41218993164
13de13de-13de13de- -8.21655644829 0.166788949367 4.30212516884
13de13de-4de13de -8.51197061998 -0.463752299337 4.1908767068
13de13de13de -8.88612362571 0.980694587758 4.47527841313
13de13de13de-13de -8.34628207175 0.156304671207 4.34154036196
13de13de13de-13de- -8.51622275412 0.0890052792286 4.37384455187
13de13de13de13de -8.84334667653 0.716037810896 4.45526657488
13de13de13de13de- -8.46741847057 0.0434795017768 4.36453044781
13df13df -8.59695776135 1.28639332252 5.34777999489
13df13df- -8.20033290768 1.1174121388 4.99807136348
13df13df-13df -7.84306312431 0.817193474096 4.55373245627
13df13df-13df-13df -7.78357327989 0.567339601285 4.32894615467
13df13df-13df-13df- -8.21468269584 0.477406021222 4.54280254032
13df13df-13df13df- -7.69088313946 0.541793406089 4.26323388829
13df13df-4df13df -8.04833782048 0.0427108282568 4.21308101634
13df13df13df -8.44009813804 0.718595026976 4.83134739176
13df13df13df-13df -7.88648958409 0.465373347369 4.34376721927
13df13df13df-13df- -8.15536797847 0.369558710035 4.44336541491
13df13df13df13df -8.47773140328 0.536945147007 4.74748219269
13df13df13df13df- -8.15211268864 0.308792725211 4.3677309609
13dh13dh -7.85504479831 1.47430465133 4.96492370321
13dh13dh- -8.04606230161 1.17104994589 5.00431243368
13dh13dh-13dh -7.90333693776 0.796737530635 4.65898022421
13dh13dh-13dh-13dh -7.70277236817 0.569751615336 4.2552840458
13dh13dh-13dh-13dh- -7.69806443603 0.539991592683 4.3502370052
13dh13dh-13dh13dh- -7.85535519839 0.57416673069 4.45493672029
13dh13dh-4dh13dh -7.92814496257 0.166932797909 4.2033927014
13dh13dh13dh -7.75748227036 1.06527824927 4.62435505956
13dh13dh13dh-13dh -7.84905571407 0.554331098569 4.40122640799
13dh13dh13dh-13dh- -7.75332095893 0.507774018956 4.31361976246
13dh13dh13dh13dh -7.76974221181 0.824795654954 4.45847444941
13dh13dh13dh13dh- -7.69162790443 0.552465283171 4.18153506336
13di13di -8.62856692476 1.65140338524 5.61713371634
13di13di- -8.34229463263 1.2578469491 5.16888490696
13di13di-13di -8.01610007632 0.92967449128 4.72618798551
13di13di-13di-13di -8.01254542564 0.798342290363 4.63582921769
13di13di-13di-13di- -8.26952377652 0.816787949669 4.82668964844
13di13di-13di13di- -7.86426724584 0.711080513378 4.48097935544
13di13di-4di13di -8.21154775093 0.272656859762 4.60129511533
13di13di13di -8.4944016637 1.30472483506 5.29236542694
13di13di13di-13di -8.02885332809 0.75335789802 4.62262099302
13di13di13di-13di- -8.19407109648 0.763228798451 4.72543895728
13di13di13di13di -8.51776105671 1.10869309751 5.15747581333
13di13di13di13di- -8.12992662721 0.673498521463 4.63626668426
13dl13dl -8.54312196959 1.43456257043 5.37434344667
13dl13dl- -8.00542267389 1.32826564337 4.99319064383
13dl13dl-13dl -7.57723272912 0.943717763776 4.44051957648
13dl13dl-13dl-13dl -7.83974653914 0.645425085969 4.4004384529
13dl13dl-13dl-13dl- -7.42255720264 0.773173591371 4.20669047691
13dl13dl-13dl13dl- -7.42263524268 0.773111688021 4.20672358194
13dl13dl13dl -8.38263726284 1.12068527345 5.07563322583
13dl13dl13dl-13dl -7.56564153116 0.678688572412 4.25155844475
13dl13dl13dl13dl -8.40050146372 0.956648790848 4.96783101387
13dl13dl13dl13dl- -7.85816202654 0.646912347635 4.40959445012
13ea13ea -8.10549194385 2.0338333025 4.4919668925
13ea13ea- -7.89044583204 1.64009973622 4.43077477832
13ea13ea-13ea -7.51724910733 1.35994525644 4.4218779182
13ea13ea-13ea-13ea -7.46542134226 1.20846405175 4.40924426939
13ea13ea-13ea-13ea- -7.668537895 1.27826297501 4.42088629118
13ea13ea-13ea13ea- -7.34017660045 1.18098796669 4.40326601901
13ea13ea-4ea13ea -7.62929716048 0.587445310422 4.22393819176
13ea13ea13ea -7.80002669704 1.55113004153 4.47501299733
13ea13ea13ea-13ea -7.44011155142 1.16228920778 4.40809432665
13ea13ea13ea-13ea- -7.55684760741 1.11632028357 4.41417964078
13ea13ea13ea13ea -7.85786886937 1.5195852939 4.49013631673
13ea13ea13ea13ea- -7.59379497796 1.20797818227 4.40479036975
13ed13ed -8.92459935006 1.23981378029 4.46487236117
13ed13ed- -8.66086238811 0.606037336293 4.43026956521
13ed13ed-13ed -8.35165243882 0.367415709369 4.34603761664
13ed13ed-13ed-13ed -8.3595064904 0.261726635923 4.29291787228
13ed13ed-13ed-13ed- -8.46744383184 0.0434292342352 4.36446461199
13ed13ed-13ed13ed- -8.23143384458 0.218925785447 4.3020656891
13ed13ed-4ed13ed -8.52004681614 -0.42903542769 4.13477791378
13ed13ed13ed -8.88674405829 0.981183405482 4.47514860103
13ed13ed13ed-13ed -8.36892677692 0.123605908543 4.34973059334
13ed13ed13ed-13ed- -8.51619569009 0.0889782175558 4.37381762297
13ed13ed13ed13ed -8.84332190247 0.715890433407 4.45547400726
13ed13ed13ed13ed- -8.59923040743 0.208640724223 4.41210585346
13ee -8.95199485475 2.32154485725 4.49832848514
13ee13ee -8.46979709332 1.69663590443 4.45381555908
13ee13ee- -8.1414313892 1.05355122109 4.41220911501
13ee13ee-13ee -7.81608792358 0.960678402853 4.33484326489
13ee13ee-13ee-13ee -7.76544955108 0.782279490856 4.31952092999
13ee13ee-13ee-13ee- -7.98486643078 0.746439865316 4.38189620901
13ee13ee-13ee13ee- -7.66299765983 0.823175930998 4.28858969085
13ee13ee-4ee13ee -7.92251932002 0.0992570598626 4.11855824382
13ee13ee13ee -8.341642464 1.47064728572 4.45616835139
13ee13ee13ee-13ee -7.79832787528 0.780061521265 4.3109280187
13ee13ee13ee-13ee- -7.92804713177 0.645647199905 4.3671897092
13ee13ee13ee13ee -8.25263228312 1.23809680033 4.42392265722
13ee13ee13ee13ee- -7.98487518967 0.74642913155 4.38185297602
13ef13ef -8.04267844922 1.70271559591 4.28363021616
13ef13ef- -7.75578957266 1.54677763177 4.38737787533
13ef13ef-13ef -7.32528212835 1.27910655642 4.39097116844
13ef13ef-13ef-13ef -7.23613511202 1.07315393993 4.26573044566
13ef13ef-13ef-13ef- -7.49915191457 1.07481980889 4.39451155141
13ef13ef-13ef13ef- -7.14897474093 1.02592829961 4.18536145449
13ef13ef-4ef13ef -7.45551395736 0.615338302855 4.15148794814
13ef13ef13ef -7.77999526992 1.17381405902 4.25852007707
13ef13ef13ef-13ef -7.31487445274 0.982603052957 4.23860028288
13ef13ef13ef-13ef- -7.5044736797 0.925345760193 4.29812852312
13ef13ef13ef13ef -7.75307405144 1.05198188221 4.27552837261
13ef13ef13ef13ef- -7.56864686231 0.95073493265 4.28123886751
13eh13eh -7.48247061871 1.92829282735 4.37605312252
13eh13eh- -7.98252223029 1.515564603 4.41975779105
13eh13eh-13eh -7.43247971441 1.26355273509 4.39057541635
13eh13eh-13eh-13eh -7.24104532261 1.13566322193 4.30732476029
13eh13eh-13eh-13eh- -7.20157966853 1.13451582001 4.35490751882
13eh13eh-13eh13eh- -7.29406515068 1.07077070281 4.31810753935
13eh13eh-4eh13eh -7.41202831928 0.695152847935 4.16543850871
13eh13eh13eh -7.31227318645 1.59663359468 4.37297653652
13eh13eh13eh-13eh -7.31097297811 1.09229745594 4.32003875022
13eh13eh13eh-13eh- -7.23599391541 1.09994087319 4.30851719388
13eh13eh13eh13eh -7.26549391691 1.40767065671 4.37852005001
13eh13eh13eh13eh- -7.27320055889 1.26487454813 4.36508887124
13ei13ei -8.08408315303 2.12968872877 4.45588370858
13ei13ei- -7.77247886662 1.72063751372 4.40770992292
13ei13ei-13ei -7.39781196593 1.44363715066 4.3802191016
13ei13ei-13ei-13ei -7.38468016111 1.3359065945 4.39417847876
13ei13ei-13ei-13ei- -7.589157294 1.3895126564 4.40100207533
13ei13ei-13ei13ei- -7.18861453754 1.22632544645 4.28927222899
13ei13ei-4ei13ei -7.5723491247 0.866941765002 4.23120801525
13ei13ei13ei -7.86944412875 1.83727573759 4.4463970503
13ei13ei13ei-13ei -7.3347507275 1.26140235022 4.35968804864
13ei13ei13ei-13ei- -7.49150350084 1.27044074138 4.39660733895
13ei13ei13ei13ei -7.82683517359 1.67946785784 4.45051108574
13ei13ei13ei13ei- -7.55487479512 1.38614667866 4.39058353645
13el13el -7.96732172052 1.52932477977 4.39542355689
13el13el- -7.55985745341 1.76198280553 4.39395106983
13el13el-13el -7.57531961086 1.23697617308 4.35449932972
13el13el-13el-13el -7.47304051974 0.976829584896 4.30306318852
13el13el-13el-13el- -7.40894713207 1.0644355477 4.32981526864
13el13el-13el13el- -7.3099040996 1.1147370878 4.32261075077
13el13el13el -7.96547003826 1.63861845939 4.39701557785
13el13el13el-13el -7.48463903148 1.08291336407 4.357354086
13el13el13el-13el- -7.39471863312 1.14483176688 4.37220710834
13el13el13el13el -7.60619986245 1.06014428196 4.37212711865
13el13el13el13el- -7.61901921663 1.27820105306 4.4038172286
13fa13fa -7.27923836464 2.23753086961 5.2047865223
13fa13fa- -7.50466559184 2.1833638758 5.30051801145
13fa13fa-13fa -6.87010673411 1.86132861983 4.65880988755
13fa13fa-13fa-13fa- -7.37298441059 1.74380933274 4.8400364245
13fa13fa-13fa13fa- -6.81649798622 1.59355418458 4.44463226798
13fa13fa-4fa13fa -7.14547812083 0.982344791527 4.37900397545
13fa13fa13fa -7.15126905524 1.87258901565 4.78268625261
13fa13fa13fa-13fa -7.00770443221 1.61832828701 4.56433937402
13fa13fa13fa-13fa- -7.20522198764 1.6492042616 4.67398682915
13fa13fa13fa13fa -7.00084170344 1.54785132958 4.45041322568
13fa13fa13fa13fa- -7.1592978504 1.62424257689 4.65204037516
13fd13fd -8.42090240239 1.45567147082 5.36932849275
13fd13fd- -8.2003323778 1.11741338515 4.9980716739
13fd13fd-13fd -7.84834594753 0.758732848187 4.52081228362
13fd13fd-13fd-13fd -7.92268018507 0.450254459225 4.31544133527
13fd13fd-13fd-13fd- -8.1771747284 0.387608971278 4.45761829174
13fd13fd-13fd13fd- -7.6938111094 0.541672306023 4.26479670234
13fd13fd-4fd13fd -7.951952885 -0.09449024654 4.19078476099
13fd13fd13fd -8.30493504369 1.11687849859 5.04866973539
13fd13fd13fd-13fd -7.92165594837 0.499206219711 4.36416519756
13fd13fd13fd-13fd- -8.15546968275 0.369331033859 4.44327942407
13fd13fd13fd13fd -8.15624331703 0.308872490172 4.36956663191
13fd13fd13fd13fd- -8.20362203926 0.409644102172 4.47672800014
13fe13fe -8.05233738364 1.93716985689 4.46781883954
13fe13fe- -7.75583595491 1.54675698618 4.38736320715
13fe13fe-13fe -7.34560034218 1.21640813879 4.39256859874
13fe13fe-13fe-13fe -7.33989184864 0.977743010635 4.23296855706
13fe13fe-13fe-13fe- -7.56865476781 0.950716913143 4.28135522042
13fe13fe-13fe13fe- -7.14894504019 1.02587702194 4.18529716164
13fe13fe-4fe13fe -7.41446736076 0.450314762051 4.13968367401
13fe13fe13fe -7.85651983004 1.66659005648 4.46847298113
13fe13fe13fe-13fe -7.29301552083 1.00391606916 4.26340844457
13fe13fe13fe-13fe- -7.49440839758 0.910092736925 4.28574968832
13fe13fe13fe13fe -7.79434186486 1.46619576099 4.46392229652
13fe13fe13fe13fe- -7.47759839817 1.03922523156 4.39955068546
13ff -8.06070151139 3.08202758198 6.25639823374
13ff13ff -7.78362074828 2.0111093862 5.25836251541
13ff13ff- -7.82922966918 1.79416768939 5.20518262347
13ff13ff-13ff -7.18660656807 1.63389580847 4.62935794939
13ff13ff-13ff-13ff -7.1211390165 1.23911771142 4.33482901834
13ff13ff-13ff-13ff- -7.24986326538 1.14430069001 4.31057707031
13ff13ff-13ff13ff- -7.24643094211 1.16024292713 4.36294098156
13ff13ff-4ff13ff -7.25494746144 0.782014452847 4.11995706407
13ff13ff13ff -7.43948838298 1.41909367127 4.5840863608
13ff13ff13ff-13ff -7.38502125002 1.34590818137 4.53428015699
13ff13ff13ff-13ff- -7.6616310577 1.31657704453 4.69045506505
13ff13ff13ff13ff -7.29907205728 1.06500056955 4.24031793896
13ff13ff13ff13ff- -7.24954690649 1.14375305395 4.3096914555
13fh13fh -7.76919308416 2.08318438822 5.35801686308
13fh13fh- -7.74266987896 1.83797191355 5.18389786293
13fh13fh-13fh -7.3989332742 1.61572783737 4.76295939473
13fh13fh-13fh-13fh -7.23000802484 1.33751789572 4.41869577459
13fh13fh-13fh-13fh- -7.43423618651 1.2463877867 4.47753820698
13fh13fh-13fh13fh- -7.08299172512 1.20969712581 4.3286606582
13fh13fh-4fh13fh -7.27822553514 0.777552473098 4.15774453234
13fh13fh13fh -7.50070323354 1.63003748959 4.86634586605
13fh13fh13fh-13fh -7.37322788606 1.2860191097 4.50443359556
13fh13fh13fh-13fh- -7.55297815199 1.16563927106 4.53198020026
13fh13fh13fh13fh -7.41277638082 1.35352212644 4.62259343161
13fh13fh13fh13fh- -7.3213559773 1.2139268437 4.50069517781
13fi13fi -7.77151748286 2.53920703717 5.62376817658
13fi13fi- -7.55851756416 2.22704359304 5.29857603353
13fi13fi-13fi -7.14611713297 1.82750416789 4.74904737678
13fi13fi-13fi-13fi -7.15047389529 1.74875971002 4.68301641648
13fi13fi-13fi-13fi- -7.39419259638 1.78818973423 4.84254902686
13fi13fi-13fi13fi- -6.9483600695 1.6037003409 4.46519011923
13fi13fi-4fi13fi -7.1816998425 1.11104850189 4.39700471379
13fi13fi13fi -7.37145754593 2.13906947621 5.07294328384
13fi13fi13fi-13fi -7.02113588301 1.64753436719 4.53759422654
13fi13fi13fi-13fi- -7.17317442794 1.70470635379 4.64359973566
13fi13fi13fi13fi -7.26605561431 1.98272082136 4.88610889074
13fi13fi13fi13fi- -7.20964516678 1.75452882082 4.72318629452
13fl13fl -8.12161037825 2.63963151857 5.86698193793
13fl13fl- -7.55061416168 2.07539514656 5.19083124625
13fl13fl-13fl -7.17133563596 1.6492535491 4.64430487414
13fl13fl-13fl13fl- -6.99260983194 1.41040063436 4.35688137571
13fl13fl13fl -7.12769909709 1.622162243 4.56613357752
13fl13fl13fl-13fl -6.95305530411 1.42378798433 4.3215775734
13fl13fl13fl13fl -8.09110972081 2.30320780043 5.44769708271
13fl13fl13fl13fl- -7.06714751593 1.34747554005 4.33342715358
13ha13ha -7.3110012458 2.6368531918 5.43761650876
13ha13ha- -7.35918537784 2.3099210656 5.31796256925
13ha13ha-13ha -7.04624595939 1.91517241931 4.83088200218
13ha13ha-13ha-13ha -6.93566869284 1.78865196167 4.61926454883
13ha13ha-13ha-13ha- -7.09855579989 1.89127130472 4.7627873893
13ha13ha-13ha13ha- -6.87730851068 1.68862130418 4.56397090289
13ha13ha-4ha13ha -7.14731832816 1.22576294919 4.47878152903
13ha13ha13ha -7.12454665895 2.28771464644 5.05571521053
13ha13ha13ha-13ha -6.80609269025 1.72681672658 4.55778755344
13ha13ha13ha-13ha- -6.93285595111 1.77701261837 4.61326150626
13ha13ha13ha13ha -7.08796022243 2.08001345771 4.86828829801
13ha13ha13ha13ha- -6.90272341031 1.8415589575 4.66664340479
13hd13hd -7.85499447706 1.47427708053 4.96487011958
13hd13hd- -8.04604934201 1.17103964315 5.00430242893
13hd13hd-13hd -7.9033795231 0.796699648342 4.65895244222
13hd13hd-13hd-13hd -7.70275820456 0.569723684269 4.25524728508
13hd13hd-13hd-13hd- -7.69163223406 0.552480721139 4.18155007333
13hd13hd-13hd13hd- -7.85535004467 0.574166441602 4.45493401225
13hd13hd-4hd13hd -8.00204412788 0.073765499886 4.25640871597
13hd13hd13hd -7.75748732736 1.06534036663 4.62439865739
13hd13hd13hd-13hd -7.72240334305 0.530580684696 4.36141095073
13hd13hd13hd-13hd- -7.75330721639 0.507760131202 4.31359847704
13hd13hd13hd13hd -7.76975721996 0.824797444227 4.4584879532
13hd13hd13hd13hd- -7.69793639437 0.539837371146 4.35006144253
13he13he -7.48249066919 1.92830601914 4.3760805386
13he13he- -7.64168023541 1.61274119976 4.38443666607
13he13he-13he -7.43244455388 1.2634913288 4.39060368822
13he13he-13he-13he -7.24105199523 1.13556272408 4.30727395434
13he13he-13he-13he- -7.27317052778 1.26473683948 4.3650393992
13he13he-13he13he- -7.29432327207 1.07057168066 4.31831013281
13he13he-4he13he -7.6252501597 0.623987349911 4.23910226084
13he13he13he -7.25853085244 1.42765976199 4.36379303294
13he13he13he-13he -7.22729108686 1.06370197711 4.30628681467
13he13he13he-13he- -7.23591137209 1.0999462371 4.30846351122
13he13he13he13he -7.26571940599 1.40757964081 4.37849844391
13he13he13he13he- -7.20151436309 1.13443479649 4.35486321984
13hf13hf -7.68510415378 2.02950859485 5.18612077748
13hf13hf- -7.62552937297 1.91516091868 5.14863453616
13hf13hf-13hf -7.4180396701 1.65818923536 4.80022479307
13hf13hf-13hf-13hf -7.04930935973 1.35271688079 4.40854079804
13hf13hf-13hf-13hf- -7.3213569693 1.21392236854 4.50066350635
13hf13hf-13hf13hf- -7.18280875614 1.1848449884 4.36165593542
13hf13hf-4hf13hf -7.40812913449 0.83097280405 4.2473196916
13hf13hf13hf -7.36396654517 1.54897683772 4.65794953469
13hf13hf13hf-13hf -7.4028829415 1.40532482841 4.60354447038
13hf13hf13hf-13hf- -7.55298304383 1.16545690668 4.53187683096
13hf13hf13hf13hf -7.23429119658 1.04611719981 4.17607052132
13hf13hf13hf13hf- -7.43386490822 1.24595584707 4.47695019526
13hh -7.75773842287 3.19785469044 6.21817412644
13hh13hh -7.27555872168 2.37491960299 5.14504815275
13hh13hh- -7.5950951447 2.15556079641 5.25255656755
13hh13hh-13hh -7.21855175607 1.76259246935 4.74813888303
13hh13hh-13hh-13hh -6.95017392979 1.60923766033 4.447026278
13hh13hh-13hh-13hh- -6.96988094018 1.54578459742 4.42999543111
13hh13hh-13hh13hh- -7.04211315269 1.52689491241 4.46277953094
13hh13hh-4hh13hh -7.12076667636 1.1162725293 4.20821625079
13hh13hh13hh -7.06341847448 1.91957793016 4.70478833968
13hh13hh13hh-13hh -6.96913360176 1.55578376043 4.44790587092
13hh13hh13hh-13hh- -6.94592882831 1.51053096873 4.39112603725
13hh13hh13hh13hh -6.99708452657 1.62497094148 4.4591465688
13hh13hh13hh13hh- -6.96983064878 1.54572935869 4.42993930351
13hi13hi -7.38729305287 2.67762089992 5.48020703233
13hi13hi- -7.45712986098 2.33225884317 5.30648602341
13hi13hi-13hi -7.01327083389 1.95656903931 4.75364028388
13hi13hi-13hi-13hi -7.00232464436 1.86793408681 4.66192152806
13hi13hi-13hi-13hi- -7.15710717645 1.93764165646 4.79960245632
13hi13hi-13hi13hi- -6.80955718671 1.73230715645 4.4669212828
13hi13hi-4hi13hi -7.20843213942 1.35862908365 4.51322700059
13hi13hi13hi -7.18388435486 2.33410067269 5.0810672127
13hi13hi13hi-13hi -6.86030003516 1.79251758756 4.54501573346
13hi13hi13hi-13hi- -7.01032549142 1.84795916412 4.64349033639
13hi13hi13hi13hi -7.16296875263 2.1475282944 4.91997163924
13hi13hi13hi13hi- -7.03221447075 1.94825575198 4.75155608747
13hl13hl -7.32867089925 2.10940458883 5.01714589687
13hl13hl- -7.45862625637 2.17701823976 5.23718591265
13hl13hl-13hl -7.15188466242 1.73700684885 4.70837263756
13hl13hl-13hl-13hl -7.42581528711 1.8569642365 4.87609721287
13hl13hl-13hl-13hl- -7.58578842679 1.8608779732 5.01010522555
13hl13hl-13hl13hl- -7.00846353617 1.48288684541 4.42306217476
13hl13hl13hl -7.04574789817 1.62978467107 4.51514056125
13hl13hl13hl-13hl -6.92481958264 1.41661120559 4.33926526933
13hl13hl13hl-13hl- -7.09788900435 1.52985271432 4.48207998963
13hl13hl13hl13hl -6.98869689707 1.12685315488 4.07939380512
13hl13hl13hl13hl- -6.96587381799 1.31730419882 4.23436490663
13ia13ia -7.73881438727 2.82359190582 5.83883407354
13ia13ia- -7.64613291166 2.75677225379 5.76099992697
13ia13ia-13ia -7.29596783439 2.44558233272 5.30717562944
13ia13ia-13ia-13ia -7.21071463284 2.2762847007 5.10024670499
13ia13ia-13ia-13ia- -7.33809830209 2.34473514201 5.20705415511
13ia13ia-13ia13ia- -7.10395164317 2.23364817148 5.03122782707
13ia13ia-4ia13ia -7.44225713821 1.59118532681 5.01860192421
13ia13ia13ia -7.49467796608 2.53241300315 5.45319453414
13ia13ia13ia-13ia -7.16075643529 2.20946124019 5.03624324706
13ia13ia13ia-13ia- -7.24306962988 2.2150433509 5.07397665939
13ia13ia13ia13ia -7.40871141747 2.35011331363 5.24950200576
13ia13ia13ia13ia- -7.27921186498 2.26542354963 5.13419247176
13id13id -8.62854686174 1.65141193179 5.61713126213
13id13id- -8.3421430913 1.25743812481 5.16842586593
13id13id-13id -8.01610778128 0.929697401006 4.72621445508
13id13id-13id-13id -8.01261723961 0.798375902555 4.63591897521
13id13id-13id-13id- -8.12997771094 0.673475609053 4.63628187025
13id13id-13id13id- -7.86430320034 0.711045501735 4.48096175423
13id13id-4id13id -8.31909110236 0.36855375464 4.74458072423
13id13id13id -8.49440470966 1.30472932239 5.29237352487
13id13id13id-13id -8.02101491068 0.677928397298 4.55037244531
13id13id13id-13id- -8.19402034981 0.763146384425 4.72533720924
13id13id13id13id -8.51769908356 1.10880077481 5.15750172838
13id13id13id13id- -8.26952123889 0.816786971615 4.8266898449
13ie13ie -8.0844059203 2.12952955932 4.45586743746
13ie13ie- -7.77249805444 1.7206505621 4.4077257456
13ie13ie-13ie -7.3975649576 1.44342310653 4.38029444044
13ie13ie-13ie-13ie -7.3847154025 1.33595634004 4.39420625146
13ie13ie-13ie-13ie- -7.55484333722 1.38601770459 4.3905367509
13ie13ie-13ie13ie- -7.20800736432 1.2442352913 4.30616919123
13ie13ie-4ie13ie -7.61958570473 0.910214568126 4.25486551759
13ie13ie13ie -7.86948545908 1.83742325155 4.44637268705
13ie13ie13ie-13ie -7.34065856672 1.24130925813 4.36173848258
13ie13ie13ie-13ie- -7.4915837449 1.27050975952 4.39667567285
13ie13ie13ie13ie -7.82691444232 1.67983103357 4.45057563312
13ie13ie13ie13ie- -7.58911759638 1.38956392053 4.40113410523
13if13if -7.74876253651 2.57619501466 5.64259809721
13if13if- -7.76510714999 2.49153582189 5.60252641504
13if13if-13if -7.08089934753 1.85980796934 4.73907053563
13if13if-13if-13if -7.02155528596 1.74272786768 4.59935372583
13if13if-13if-13if- -7.20919600139 1.75470275174 4.7229254582
13if13if-13if13if- -6.94826048729 1.60380166937 4.46517728464
13if13if-4if13if -7.22081303358 1.16227374152 4.39835987459
13if13if13if -7.5492304963 2.21494947234 5.23069647467
13if13if13if-13if -7.04597775737 1.65732114088 4.54750505906
13if13if13if-13if- -7.19217995223 1.68860094971 4.6484560828
13if13if13if13if -7.50980151425 2.00408148993 5.03696273978
13if13if13if13if- -7.39427375701 1.78824994183 4.84265814838
13ih13ih -7.38729304548 2.67762088871 5.48020702041
13ih13ih- -7.45713021042 2.33225865351 5.30648606344
13ih13ih-13ih -7.01328622339 1.95660977794 4.75367574659
13ih13ih-13ih-13ih -7.0023375215 1.86793400338 4.66192832245
13ih13ih-13ih-13ih- -7.03221137434 1.94825502523 4.75155339355
13ih13ih-13ih13ih- -6.80955724138 1.73230596206 4.46692119515
13ih13ih-4ih13ih -7.10892229114 1.45475035735 4.5192294535
13ih13ih13ih -7.18388457177 2.33410074886 5.08106743533
13ih13ih13ih-13ih -6.97045569766 1.7758477747 4.57142505626
13ih13ih13ih-13ih- -7.01032546767 1.84795919427 4.64349034109
13ih13ih13ih13ih -7.16296475613 2.14753107365 4.91997147258
13ih13ih13ih13ih- -7.15680117255 1.9374572439 4.79924001006
13ii -8.51082404176 3.56507590086 6.79397614322
13ii13ii -7.71195204367 2.92325013725 5.84754445921
13ii13ii- -7.69247534116 2.92778227376 5.86106694185
13ii13ii-13ii -7.30388362013 2.58137876504 5.36574607361
13ii13ii-13ii-13ii -7.25544874579 2.46399194727 5.21538236234
13ii13ii-13ii-13ii- -7.22553817343 2.37859807544 5.14107565855
13ii13ii-13ii13ii- -7.16896726313 2.42174698208 5.17153933124
13ii13ii-4ii13ii -7.43798147893 1.73668092375 5.07435789809
13ii13ii13ii -7.3964188825 2.58207324757 5.37973221324
13ii13ii13ii-13ii -7.1897767789 2.40076987983 5.15642792935
13ii13ii13ii-13ii- -7.20697769552 2.37409611104 5.13589538578
13ii13ii13ii13ii -7.3142009386 2.41563515696 5.19644198822
13ii13ii13ii13ii- -7.3611506021 2.50946224704 5.28303867245
13il13il -7.70807791204 2.55166569486 5.57852719523
13il13il- -7.43551492954 2.34669214649 5.33221810191
13il13il-13il -7.12881153751 1.87675584713 4.76962055801
13il13il-13il-13il -6.86022276534 1.69904170644 4.47980717902
13il13il-13il-13il- -7.0132163317 1.73999416483 4.59200801777
13il13il-13il13il- -6.84203435081 1.68686072347 4.45738513151
13il13il13il -7.41797381172 2.153353029 5.11276122236
13il13il13il-13il -7.00136673709 1.67389295739 4.52053779522
13il13il13il-13il- -6.92683510422 1.72833211728 4.51791123422
13il13il13il13il -7.34653211054 1.92453613833 4.89612956437
13il13il13il13il- -7.14787504113 1.86323987637 4.74668844183
13la13la -7.24411205511 2.6025872894 5.3717021318
13la13la- -7.1136774977 2.44651440717 5.20868341744
13la13la-13la -6.6453993772 2.05970443591 4.62794774505
13la13la-13la-13la -6.51752710922 1.87780089633 4.40271793988
13la13la-13la-13la- -6.65297549828 1.9814160481 4.52224199553
13la13la13la -6.86920624264 2.1080287852 4.73829333091
13la13la13la-13la -6.67568708369 1.79167268421 4.42616360908
13la13la13la-13la- -6.78883201008 1.81474310756 4.49000163161
13la13la13la13la -6.69315683246 1.79900723192 4.40240001277
13la13la13la13la- -6.59657325697 1.79555736167 4.38845994414
13ld13ld- -8.00542306697 1.32826782792 4.99319161757
13ld13ld-13ld -7.60949095491 0.983695010977 4.48446964027
13ld13ld-13ld-13ld -7.67015926979 0.728599274755 4.34855160822
13ld13ld-13ld-13ld- -7.85810150668 0.64727388197 4.40979315462
13ld13ld-13ld13ld- -7.42805067621 0.768901917847 4.20898927959
13ld13ld13ld -7.61861700875 0.983078286566 4.49037759493
13ld13ld13ld-13ld -7.42810010114 0.768986245966 4.20908839948
13ld13ld13ld13ld -7.85829147592 0.64695156298 4.40969072122
13ld13ld13ld13ld- -7.84165281131 0.68384647532 4.42250543899
13le13le -7.80412487076 1.63997375604 4.41240423109
13le13le- -7.55985629851 1.76202335117 4.39402716342
13le13le-13le -7.4708599845 1.31493986614 4.39582774992
13le13le-13le-13le -7.36495532219 1.09329573469 4.31964410803
13le13le-13le-13le- -7.61906051499 1.27820925756 4.40380941044
13le13le-13le13le- -7.30995768175 1.11469533601 4.32261225104
13le13le13le -7.47085539589 1.31493109407 4.39581920345
13le13le13le-13le -7.30578807757 1.11469192803 4.31986421444
13le13le13le-13le- -7.39469182792 1.14485661139 4.37222623226
13le13le13le13le -7.38630868632 1.05001590147 4.31459275584
13le13le13le13le- -7.4089784774 1.06449000778 4.329836684
13lf13lf- -7.55061156316 2.07539573039 5.19082623743
13lf13lf-13lf -7.11062610078 1.72801497543 4.65622049526
13lf13lf-13lf-13lf -7.00907268273 1.409186213 4.33913307088
13lf13lf-13lf-13lf- -7.37831978209 1.49432793482 4.654395782
13lf13lf-13lf13lf- -6.99256089131 1.41023690393 4.35675850273
13lh13lh- -7.4586269603 2.17701979176 5.23718562334
13lh13lh-13lh -7.23536979179 1.67814711757 4.71215464121
13lh13lh-13lh-13lh -7.00552608433 1.43594772455 4.36944685271
13lh13lh-13lh-13lh- -6.96587036541 1.31730441392 4.23436239008
13lh13lh-13lh13lh- -7.00852113554 1.48282886361 4.42310160241
13li13li -7.43549514464 2.34667860222 5.33219677166
13li13li- -7.43551485288 2.34669210411 5.33221803058
13li13li-13li -7.04468011049 1.93250360254 4.76725399059
13li13li-13li-13li -7.01087570396 1.76776312397 4.61336263645
13li13li-13li-13li- -7.14789566252 1.86326615147 4.7467144915
13li13li-13li13li- -6.84202872148 1.68685741916 4.45737930962
13li13li13li -7.14742276993 2.00262724243 4.85391643196
13li13li13li-13li -6.84210134062 1.68689080038 4.45744381205
13li13li13li-13li- -6.92683038322 1.72837904297 4.51793450111
13li13li13li13li -7.06854860288 1.73812204774 4.61467803186
13li13li13li13li- -7.01321508685 1.73999408162 4.59200796345
13ll -7.58659100869 3.34263014853 6.0120534947
13ll13ll -7.97298126878 2.74197160776 5.8425167574
13ll13ll- -7.09298193929 2.40702095836 5.08572236189
13ll13ll-13ll -7.20117370367 1.72845125838 4.71534754016
13ll13ll-13ll-13ll -7.1140430961 1.36422555332 4.39225960293
13ll13ll-13ll-13ll- -7.29015475194 1.70146733434 4.72198185357
13ll13ll-13ll13ll- -6.90323061313 1.53011793652 4.38440526225
13ll13ll13ll -7.49414902236 1.91219953973 4.98774058286
13ll13ll13ll-13ll -7.01618275281 1.42759959746 4.36869298427
13ll13ll13ll-13ll- -7.41136818473 1.80938018024 4.86375414796
13ll13ll13ll13ll -7.92657628161 2.27939072534 5.40025537257
13ll13ll13ll13ll- -7.26092237755 1.47231920951 4.54689798704
3 -12.961965173 3.82294597085 4.93143165674
4dd -10.8716203005 0.146924338393 6.07526075948
4dd4dd -10.5232689827 -0.352078779779 5.64877446681
4dd4dd4dd -10.2180025807 -0.65982029632 5.27194827774
4dd4dd4dd4dd -10.1116075479 -0.813700204843 5.13589632225
4dh -8.71796405569 1.37649596069 5.49731277481
4dh4dh -8.69361698113 0.926391250214 5.16389007971
4dh4dh- -8.51143100043 1.01642210181 5.1017373502
4dh4dh-4dh -8.45960282664 0.810282980401 4.94712669206
4dh4dh-4dh-4dh -8.61762986731 0.650398320003 4.93836998851
4dh4dh-4dh-4dh- -8.40061317972 0.631362556285 4.86656520737
4dh4dh-4dh4dh -8.54474371395 0.657216193033 4.88949427906
4dh4dh-4dh4dh- -8.42588287536 0.679090189206 4.86082555351
4dh4dh4dh -8.66041805649 0.760636557451 5.0882453766
4dh4dh4dh-4dh -8.46075960611 0.624825052152 4.87555366899
4dh4dh4dh-4dh- -8.58053372195 0.588651518271 4.88264466202
4dh4dh4dh4dh -8.52982480619 0.58010196858 4.86802483392
4dh4dh4dh4dh- -8.35262326039 0.690378674898 4.84226798857
4hd -8.71829523993 1.37635643492 5.49745600737
4hd4hd -8.69271171198 0.926238212747 5.16305032965
4hd4hd- -8.5114091707 1.01635805115 5.10169187094
4hd4hd-4hd -8.45854666586 0.809686996647 4.94602774078
4hd4hd-4hd-4hd -8.42566705522 0.599891552715 4.89390067199
4hd4hd-4hd-4hd- -8.67009954355 0.585286358681 4.9639702043
4hd4hd-4hd4hd -8.59178272207 0.63247079575 4.91012438062
4hd4hd-4hd4hd- -8.42050466006 0.6788973257 4.85515102009
4hd4hd4hd -8.65984827965 0.760036965722 5.0882403236
4hd4hd4hd-4hd -8.41084793076 0.604004407592 4.843986544
4hd4hd4hd-4hd- -8.58058119187 0.58857104126 4.88259351195
4hd4hd4hd4hd -8.52981556673 0.579815256098 4.86781511122
4hd4hd4hd4hd- -8.4009031089 0.631972441162 4.86686701641
4hh -7.52113708483 2.1910465343 5.02941025942
4hh4hh -7.5263280889 1.64157040643 4.72811240871
4hh4hh4hh -7.50632444611 1.28638048802 4.49007607935
4hh4hh4hh4hh -7.51077964481 1.09625333964 4.38400685568
6aa -10.3744465158 2.00017877864 6.89534237246
6aa6aa -9.33484925817 0.972947013898 5.93279931095
6aa6aa- -9.34732243622 0.974452257386 5.94026762193
6aa6aa-4aa6aa -8.70547850184 0.575855829826 5.22205031375
6aa6aa-6aa -8.91452918575 0.507469387399 5.33452917848
6aa6aa-6aa-6aa -8.69975395385 0.255862600481 5.02261475005
6aa6aa-6aa-6aa- -8.69203734167 0.258135681751 5.01919236424
6aa6aa-6aa6aa- -8.70651841659 0.256163307044 5.02730656138
6aa6aa6aa -8.89434816873 0.507864913786 5.32098951213
6aa6aa6aa-6aa -8.69881091067 0.256947098946 5.02158048298
6aa6aa6aa-6aa- -8.69217321267 0.257895766001 5.01800658392
6aa6aa6aa6aa -8.68074614174 0.259324684293 5.01019511995
6aa6aa6aa6aa- -8.68862891707 0.256947992955 5.01368492549
6ad6ad -10.0329159029 -0.0158038244381 5.73516391711
6ad6ad- -10.0549723493 -0.0212107333128 5.72983307497
6ad6ad-4ad6ad -9.58385764971 -0.311695800501 5.21773385974
6ad6ad-6ad -9.78978380659 -0.222903171379 5.41781197136
6ad6ad-6ad-6ad -9.63669839279 -0.503792536243 5.14740076155
6ad6ad-6ad-6ad- -9.54154973263 -0.779679915311 4.90679114869
6ad6ad-6ad6ad- -9.56052512768 -0.773590385761 4.91684332746
6ad6ad6ad -9.69052658168 -0.500246536565 5.18858517742
6ad6ad6ad-6ad -9.55015816509 -0.775420930151 4.90950648453
6ad6ad6ad-6ad- -9.65002489337 -0.475523197409 5.17927406325
6ad6ad6ad6ad -9.66782400498 -0.470113555303 5.21040662366
6ad6ad6ad6ad- -9.65241040318 -0.485694242581 5.18508664819
6ae6ae -9.37892932665 0.67439496457 4.24320974978
6ae6ae- -9.28355221057 0.69075546301 4.24580856174
6ae6ae-4ae6ae -8.81597199941 0.307360641681 4.22241334495
6ae6ae-6ae -8.99536094563 0.365600525668 4.24593799308
6ae6ae-6ae-6ae -8.86834185658 0.133969418895 4.24028904652
6ae6ae-6ae-6ae- -8.90624504337 0.156140542896 4.23770161179
6ae6ae-6ae6ae- -8.85132058889 0.164031584307 4.24440460605
6ae6ae6ae -9.07174271196 0.31673082381 4.23197756771
6ae6ae6ae-6ae -8.86813381207 0.146733770195 4.24072264769
6ae6ae6ae-6ae- -8.87959577733 0.129642029024 4.24181424608
6ae6ae6ae6ae -8.92995266049 0.133915559383 4.23656947161
6ae6ae6ae6ae- -8.89541091574 0.132646436397 4.23620646847
6af6af -9.07772307587 1.02204889925 5.61764913371
6af6af- -8.98560522335 0.990824454465 5.53348540917
6af6af-4af6af -8.41595123987 0.444672596205 4.84482625495
6af6af-6af -8.66228618195 0.523645872672 5.03964895674
6af6af-6af-6af -8.44707485877 0.250709715196 4.75803349552
6af6af-6af-6af- -8.46533613761 0.219831415111 4.75540830729
6af6af-6af6af- -8.55587809263 0.294924921285 4.83356908852
6af6af6af -8.87715358267 0.638051026182 5.24652906149
6af6af6af-6af -8.62424448432 0.301068852394 4.8777615134
6af6af6af-6af- -8.63054954555 0.249910476659 4.85737562993
6af6af6af6af -8.76375987527 0.386119868346 5.01580634551
6af6af6af6af- -8.74826467123 0.344126041459 4.97979053456
6ah6ah -8.38394577031 1.29599347199 5.30091957315
6ah6ah- -8.260570347 1.27404182479 5.20755828212
6ah6ah-4ah6ah -8.01991339112 0.860938047809 4.77924942583
6ah6ah-6ah -8.09512751682 0.891887291584 4.85541136889
6ah6ah-6ah-6ah -8.07802847635 0.672077742535 4.72207942643
6ah6ah-6ah-6ah- -8.11076815431 0.702484390836 4.75197331315
6ah6ah-6ah6ah- -7.99519786646 0.666687113487 4.65452659014
6ah6ah6ah -8.25571782687 0.932499410671 5.00321828828
6ah6ah6ah-6ah -8.05129650734 0.668484707531 4.71327823799
6ah6ah6ah-6ah- -8.1025471038 0.689854938064 4.74498841227
6ah6ah6ah6ah -8.16868900088 0.687990780383 4.80312662706
6ah6ah6ah6ah- -8.12647940167 0.675161562358 4.77960857191
6ai6ai -9.20345810972 1.35067534964 6.00390335815
6ai6ai- -9.16167197502 1.33497558887 5.97809418356
6ai6ai-4ai6ai -8.64726043308 0.994493279649 5.39471514835
6ai6ai-6ai -8.82692053989 0.984282389228 5.52719783387
6ai6ai-6ai-6ai -8.68811086614 0.800491966702 5.32272367068
6ai6ai-6ai-6ai- -8.70277850816 0.825243994456 5.34448534214
6ai6ai-6ai6ai- -8.67591536878 0.806094101617 5.31012610707
6ai6ai6ai -8.87305646365 1.01087264343 5.58156597067
6ai6ai6ai-6ai -8.67604933081 0.792600553768 5.31288426482
6ai6ai6ai-6ai- -8.69448335737 0.811592945076 5.33229201105
6ai6ai6ai6ai -8.70562896037 0.822641571673 5.35503390902
6ai6ai6ai6ai- -8.70125971209 0.817590580898 5.35151933766
6al6al -8.53257340204 1.04201973123 5.33197698153
6al6al- -8.62188465989 1.08214857347 5.39873618462
6al6al6al -8.19011599939 0.588109011254 4.82484919072
6al6al6al6al -8.12016670113 0.51545275225 4.72902957249
6al6al6al6al- -8.01703744337 0.377183359611 4.57295708486
6da6da -10.19447424 0.385354486891 6.17020174011
6da6da- -10.0371057717 0.0492119329047 5.77055121258
6da6da-4da6da -9.61702984699 -0.130495845015 5.36020385254
6da6da-6da -9.6998100282 -0.428765460308 5.23690035448
6da6da-6da-6da -9.68230670724 -0.304419690865 5.32192249883
6da6da-6da-6da- -9.44564119747 -0.644149188567 4.9386316635
6da6da-6da6da- -9.5415581291 -0.691995911627 4.96433187065
6da6da6da -9.96333812581 0.140220318979 5.8330785161
6da6da6da-6da -9.65125230179 -0.333442457656 5.24938229488
6da6da6da-6da- -9.67808163119 -0.273853947116 5.31315758059
6da6da6da6da -9.86023164298 -0.00100962607174 5.6721297151
6da6da6da6da- -9.73414063553 -0.166429660012 5.43625705063
6dd -11.1043456215 -0.0291885300252 6.42466011868
6dd6dd -10.7110556821 -0.57794951891 5.88771448897
6dd6dd6dd -10.4953084498 -0.871515785804 5.52767177543
6dd6dd6dd6dd -10.3920535378 -1.05478029791 5.34661778263
6de6de -9.99835644649 -0.100040638781 4.2317017082
6de6de6de -9.82410980017 -0.324408849122 4.2344830577
6de6de6de6de -9.78173477219 -0.411751480538 4.23909745181
6df6df -9.71580010419 0.470583505611 5.70021202168
6df6df- -9.87176993307 0.216354988324 5.70312430909
6df6df-4df6df -9.33626593076 -0.106987396609 5.10351956446
6df6df-6df -9.55329068914 -0.0730244690443 5.25837507823
6df6df-6df-6df -9.54115374802 -0.298950741095 5.11613776128
6df6df-6df-6df- -9.40747478642 -0.220065828771 5.10776252179
6df6df-6df6df- -9.56902301622 -0.331128152801 5.07931099603
6df6df6df -9.63628889442 0.146756976029 5.43971048701
6df6df6df-6df -9.59765404283 -0.288428106644 5.16966825222
6df6df6df-6df- -9.53719151587 -0.190020046395 5.12486036748
6df6df6df6df -9.62698417645 0.0136039685667 5.35516450939
6df6df6df6df- -9.69261583504 -0.230430083956 5.27225060995
6dh6dh -8.8737861714 0.801668048349 5.31159348666
6dh6dh- -8.66755769506 0.694708807968 5.05320177332
6dh6dh-4dh6dh -8.56479027958 0.396090143998 4.81853717618
6dh6dh-6dh -8.61922253668 0.457291619269 4.87295784238
6dh6dh-6dh-6dh -8.61703093746 0.26646989898 4.81691075502
6dh6dh-6dh-6dh- -8.57809142814 0.334316559991 4.80547638702
6dh6dh-6dh6dh- -8.6270711722 0.289625250063 4.78168209092
6dh6dh6dh -8.56379768153 0.451453800861 4.82075209218
6dh6dh6dh-6dh -8.62697727841 0.290064008739 4.78193287748
6dh6dh6dh-6dh- -8.69658456905 0.27684822381 4.80931501934
6dh6dh6dh6dh -8.52248980487 0.293752081723 4.69580305735
6dh6dh6dh6dh- -8.61714695264 0.266561607458 4.81707672353
6di6di -9.90148116542 0.596817372627 5.96674737112
6di6di- -9.90164157991 0.596841902508 5.96688516931
6di6di-4di6di -9.64036521412 0.36808826738 5.61846283855
6di6di-6di -9.71937433715 0.332232319457 5.67096824819
6di6di-6di-6di -9.63070076387 0.12966958981 5.48098040717
6di6di-6di-6di- -9.64202791699 0.118914320457 5.48705008814
6di6di-6di6di- -9.6446312001 0.177961849407 5.52040088983
6di6di6di-6di -9.64322997224 0.180511593458 5.52157157268
6di6di6di-6di- -9.63467728398 0.154923238212 5.51055419547
6di6di6di6di -9.64205159821 0.118938316146 5.4870861575
6di6di6di6di- -9.63056610617 0.129492389541 5.48080803367
6dl6dl -9.3214772381 0.625040530431 5.55849866066
6dl6dl- -9.2150334226 0.577539182919 5.38122341482
6dl6dl6dl -9.20067776173 0.365828133408 5.31048940974
6dl6dl6dl6dl -9.153487674 0.25516926844 5.21110838869
6dl6dl6dl6dl- -9.05967433597 0.200455316554 5.09321001415
6ea6ea -9.46225499416 0.889212885201 4.36350831159
6ea6ea- -9.28593885275 0.721474718716 4.29255753048
6ea6ea-4ea6ea -8.86246911381 0.468529285263 4.28660637409
6ea6ea-6ea -8.97912811473 0.134891476407 4.22684590775
6ea6ea-6ea-6ea -8.92657361231 0.315610714167 4.28762653671
6ea6ea-6ea-6ea- -8.98463761993 0.360253754457 4.28202568282
6ea6ea-6ea6ea- -8.80662901505 -0.0934720821544 4.2326708032
6ea6ea6ea -9.19264873564 0.652770651426 4.34973803864
6ea6ea6ea-6ea -8.86730103167 0.277597289534 4.29235223483
6ea6ea6ea-6ea- -8.93124515043 0.359995353346 4.29644773379
6ea6ea6ea6ea -9.07872042205 0.530766060756 4.35423182035
6ea6ea6ea6ea- -8.95650696376 0.422863999725 4.30150301218
6ed6ed -10.0137376838 -0.116015531477 4.30958449515
6ed6ed6ed -9.83073191504 -0.356834962224 4.30674001854
6ed6ed6ed6ed -9.75940269026 -0.484382279586 4.29134562268
6ee -9.63595750738 0.695581694176 4.48185634435
6ee6ee -9.33751954151 0.361261289609 4.2378843903
6ee6ee6ee -9.14388496935 0.17045909246 4.24079961498
6ee6ee6ee6ee -9.04230213943 0.0632952296596 4.23123612012
6ef6ef -9.02561127861 0.937742832382 4.40114541372
6ef6ef- -9.11545248514 0.681618858202 4.13005233632
6ef6ef-4ef6ef -8.59629155966 0.384827584609 4.10344316185
6ef6ef-6ef -8.87239305496 0.475391476162 4.14860492787
6ef6ef-6ef-6ef -8.72008160102 0.328477788125 4.11865171858
6ef6ef-6ef-6ef- -8.69990072232 0.288708402265 4.12885467923
6ef6ef-6ef6ef- -8.84394317941 0.262531483234 4.13056627667
6ef6ef6ef -8.95423677624 0.716471111737 4.40385241496
6ef6ef6ef-6ef -8.8487454458 0.273987813248 4.11574380691
6ef6ef6ef-6ef- -8.83849620954 0.227800364315 4.10660955558
6ef6ef6ef6ef -8.90310641272 0.546200959741 4.38507813628
6ef6ef6ef6ef- -8.95762729123 0.352378393818 4.13282796254
6eh6eh -8.25582785128 1.11352164493 4.35504148779
6eh6eh- -8.25676183013 1.11326144734 4.35488612438
6eh6eh-4eh6eh -8.12404158326 0.810170323326 4.33171776151
6eh6eh-6eh -8.19055444667 0.891755737479 4.35651100494
6eh6eh-6eh-6eh -8.22203589862 0.842986840663 4.35512608479
6eh6eh-6eh-6eh- -8.23318456488 0.856361786049 4.35224363463
6eh6eh-6eh6eh- -8.19156608924 0.760556994102 4.34499930822
6eh6eh6eh -8.16919471177 0.863974991274 4.3724583109
6eh6eh6eh-6eh -8.21818244663 0.784868321084 4.33822046033
6eh6eh6eh-6eh- -8.15266605173 0.730594332043 4.35330900207
6eh6eh6eh6eh -8.13858064615 0.686042033423 4.35153870845
6eh6eh6eh6eh- -8.28743704308 0.85881044792 4.37424016452
6ei6ei -9.21825582958 1.13205476717 4.37029847528
6ei6ei- -9.21825540522 1.13205317074 4.37029802214
6ei6ei-4ei6ei -8.87835617986 0.915467674012 4.29579291205
6ei6ei-6ei -9.04213745902 0.968587777677 4.35720764406
6ei6ei-6ei-6ei -8.97877538172 0.884687806365 4.35612782651
6ei6ei-6ei-6ei- -8.92964506447 0.739113231568 4.36045971783
6ei6ei-6ei6ei- -8.92944416931 0.73897213118 4.3603554613
6ei6ei6ei -9.01540238887 0.870899420833 4.3570145421
6ei6ei6ei-6ei -8.97888318429 0.88488673588 4.35612844437
6ei6ei6ei-6ei- -8.94903729244 0.804453787608 4.35713404326
6ei6ei6ei6ei -8.9293995702 0.738673336642 4.36029067956
6ei6ei6ei6ei- -8.96193620872 0.81708736412 4.35800795729
6el6el -8.64732320194 1.08062637643 4.36275836419
6el6el- -8.62270000606 1.07030799885 4.29422913986
6el6el6el -8.45789874285 0.817120975633 4.359908756
6el6el6el6el -8.38208774165 0.69524465289 4.37500099273
6el6el6el6el- -8.33038161187 0.692808883378 4.29104113022
6fa6fa -8.84805634266 0.741087747676 5.25736510845
6fa6fa- -8.9006069532 0.911158637971 5.47781950265
6fa6fa-4fa6fa -8.61340029839 0.648357327335 5.05957169575
6fa6fa-6fa -8.70196599635 0.468883845316 5.02223382853
6fa6fa-6fa-6fa -8.63948243634 0.441636360338 4.9655896079
6fa6fa-6fa-6fa- -8.58385305788 0.607712693336 5.04985433095
6fa6fa-6fa6fa- -8.50362248786 0.278796901971 4.77486913155
6fa6fa6fa -8.54108117895 0.223805128119 4.71900027983
6fa6fa6fa-6fa -8.47748653832 0.156083837802 4.66046448937
6fa6fa6fa-6fa- -8.41441021111 0.309310667064 4.717333761
6fa6fa6fa6fa -8.39927379074 -0.060958147217 4.44257477723
6fa6fa6fa6fa- -8.35066003552 0.066203303481 4.50077300456
6fd6fd -9.4537778894 -0.13365351091 5.09256719536
6fd6fd- -9.61565947445 0.325813729719 5.50757463681
6fd6fd-4fd6fd -9.49137565539 -0.0142272370063 5.17303741765
6fd6fd-6fd -9.55459693319 -0.154650806016 5.13919313943
6fd6fd-6fd-6fd -9.50538589507 -0.217536919604 5.07765363399
6fd6fd-6fd-6fd- -9.42585652625 -0.116473449972 5.11083746919
6fd6fd-6fd6fd- -9.41707032165 -0.308405828986 4.96688148764
6fd6fd6fd -9.25958968259 -0.680066189748 4.61761605326
6fd6fd6fd-6fd -9.41348816187 -0.503827369516 4.81309698836
6fd6fd6fd-6fd- -9.30291482444 -0.427834151443 4.7955489301
6fd6fd6fd6fd -9.18115247216 -0.994033173022 4.37979635328
6fd6fd6fd6fd- -9.2040291806 -0.724889657029 4.53432666026
6fe6fe -8.71554958844 0.320611300303 4.1595355426
6fe6fe- -8.93935831644 0.827539031018 4.28813527449
6fe6fe-4fe6fe -8.75000526376 0.535577184643 4.28892085402
6fe6fe-6fe -8.87842589519 0.38395016718 4.20090091577
6fe6fe-6fe-6fe -8.77606401142 0.288437811498 4.21897363822
6fe6fe-6fe-6fe- -8.65224514093 0.451694445815 4.27638153183
6fe6fe-6fe6fe- -8.73695365207 0.25845026018 4.18028357717
6fe6fe6fe -8.49171639695 -0.182337647187 4.17116121324
6fe6fe6fe-6fe -8.6893436589 0.0496737228829 4.17681671682
6fe6fe6fe-6fe- -8.57496110866 0.168548790579 4.2015569423
6fe6fe6fe6fe -8.38625773382 -0.464069671408 4.170193546
6fe6fe6fe6fe- -8.45517451892 -0.170910530841 4.20071616959
6ff -8.8399274777 1.67963395223 5.72301471665
6ff6ff -8.48941896264 0.573503426179 4.82831159277
6ff6ff- -8.60961596897 0.805693279352 5.10976847761
6ff6ff-4ff6ff -8.35230063912 0.388498426191 4.62376307179
6ff6ff-6ff -8.53925882929 0.353638963471 4.79291348288
6ff6ff-6ff-6ff -8.37505904529 0.198716871247 4.54951901024
6ff6ff-6ff-6ff- -8.21819087864 0.275740575362 4.49894509535
6ff6ff-6ff6ff- -8.41118754663 0.175419800052 4.59004045311
6ff6ff6ff -8.32077572634 0.0201577396728 4.36389141554
6ff6ff6ff-6ff -8.36342338428 -0.0179036007147 4.37770078973
6ff6ff6ff-6ff- -8.23806959231 0.071663197677 4.355618293
6ff6ff6ff6ff -8.24257996246 -0.311342927417 4.11543614018
6ff6ff6ff6ff- -8.23310972214 -0.150228615885 4.19211876092
6fh6fh -7.94503692342 0.799044047163 4.6220876582
6fh6fh- -8.0399116738 1.15227131625 4.92049723775
6fh6fh-4fh6fh -7.9719131168 0.656030325639 4.5574341582
6fh6fh-6fh -8.08197310147 0.6263589224 4.67973606752
6fh6fh-6fh-6fh -8.03103662217 0.473684033655 4.50616952031
6fh6fh-6fh-6fh- -7.89066464165 0.707492990339 4.51513765928
6fh6fh-6fh6fh- -7.96430306609 0.463589945862 4.47928811836
6fh6fh6fh -7.80308333869 0.265058620182 4.19079693569
6fh6fh6fh-6fh -7.92688050238 0.294337098415 4.2703625776
6fh6fh6fh-6fh- -7.79174166655 0.467944444795 4.28027856308
6fh6fh6fh6fh -7.73156646376 -0.0522164215509 3.9581402948
6fh6fh6fh6fh- -7.72200423539 0.158501904136 4.06007789409
6fi6fi -8.55801002058 0.905573263101 5.13250914353
6fi6fi- -8.74033558453 1.30414928955 5.54979417004
6fi6fi-4fi6fi -8.56507860847 1.14211895189 5.17949830581
6fi6fi-6fi -8.6766339761 0.993132987417 5.26096985931
6fi6fi-6fi-6fi -8.59393612049 0.92212189044 5.14660810314
6fi6fi-6fi-6fi- -8.51043406349 1.07310708987 5.18735583109
6fi6fi-6fi6fi- -8.53846992397 0.88053723793 5.10168040922
6fi6fi6fi -8.29203776546 0.410716413016 4.65462688816
6fi6fi6fi-6fi -8.4181441998 0.579157067843 4.81990691272
6fi6fi6fi-6fi- -8.31863088714 0.678993339651 4.82569618305
6fi6fi6fi6fi -8.14640231354 0.133151125354 4.36958376068
6fi6fi6fi6fi- -8.16970875749 0.312560373679 4.50668690731
6fl6fl -7.95339952154 0.701034098614 4.6022445812
6fl6fl- -8.21748923996 1.22823591906 5.15528985037
6fl6fl6fl -7.69048050528 0.169907278327 4.09422568028
6fl6fl6fl6fl -7.55640159157 -0.125259190941 3.82955118428
6fl6fl6fl6fl- -7.72558434577 0.111425337992 4.06238730139
6ha6ha -8.10908408322 1.24440824144 5.02769468519
6ha6ha- -8.24885298319 1.24193755206 5.15820719364
6ha6ha-4ha6ha -7.89532078848 0.814741407443 4.63407892118
6ha6ha-6ha -8.06320117658 0.860791188241 4.78809309655
6ha6ha-6ha-6ha -7.88726962137 0.61656088298 4.4955058331
6ha6ha-6ha-6ha- -7.84644724247 0.596348267 4.47222808602
6ha6ha-6ha6ha- -7.97608937777 0.652406708618 4.60085317456
6ha6ha6ha -7.92355677176 0.833935304105 4.65719098909
6ha6ha6ha-6ha -7.92151713328 0.650288947451 4.54450216215
6ha6ha6ha-6ha- -7.88639113881 0.638869821603 4.52858638556
6ha6ha6ha6ha -7.83621562329 0.602957979434 4.46065786559
6ha6ha6ha6ha- -7.85183404093 0.620251643492 4.46563254898
6hd6hd -8.67258181237 0.486687910346 4.91890539601
6hd6hd- -8.6328608855 0.641194277499 5.00097233277
6hd6hd-4hd6hd -8.53506965661 0.179077635884 4.65369681812
6hd6hd-6hd -8.56864088349 0.358185664014 4.78519600066
6hd6hd-6hd-6hd -8.54715187939 0.0260892694271 4.56408399945
6hd6hd-6hd-6hd- -8.54593200708 -0.0278014242444 4.54091843886
6hd6hd-6hd6hd- -8.5415448724 0.185175241159 4.68106515202
6hd6hd6hd -8.60121289727 0.0778128920607 4.63845864088
6hd6hd6hd-6hd -8.57214455639 0.0324479302024 4.6327312937
6hd6hd6hd-6hd- -8.54694556431 -0.0353816474258 4.5636627264
6hd6hd6hd6hd -8.56649278556 -0.154482884229 4.49910952382
6hd6hd6hd6hd- -8.59470887509 -0.106615867107 4.53563079508
6he6he -8.09761717743 0.895218117643 4.22038414348
6he6he- -8.2053984362 1.03068409425 4.27828621577
6he6he-4he6he -8.01548005988 0.655898006202 4.21689325149
6he6he-6he -8.09943694942 0.81575504423 4.28610942584
6he6he-6he-6he -8.00197317082 0.497302903402 4.22494006439
6he6he-6he-6he- -7.9374658409 0.433588015665 4.19147718357
6he6he-6he6he- -8.07246051354 0.654114522874 4.26871066025
6he6he6he -7.9865280412 0.528873182035 4.21569644305
6he6he6he-6he -8.06018796837 0.507669722274 4.21891528359
6he6he6he-6he- -7.98950787769 0.452566538237 4.207120864
6he6he6he6he -7.93029910192 0.32323558076 4.18195564451
6he6he6he6he- -8.00741311712 0.374500558549 4.19973586473
6hf6hf -7.92682529249 0.999601831731 4.67661596335
6hf6hf- -8.22335957039 0.95487049356 4.95022751071
6hf6hf-4hf6hf -7.85633127426 0.494457916842 4.36373582271
6hf6hf-6hf -8.09327698136 0.637808337262 4.70055242916
6hf6hf-6hf-6hf -7.85377079496 0.332004120722 4.26750737013
6hf6hf-6hf-6hf- -7.6614440207 0.246717587613 4.13579000999
6hf6hf-6hf6hf- -8.06835303938 0.383599872486 4.47772285863
6hf6hf6hf -7.87129253659 0.589028048896 4.36438562662
6hf6hf6hf-6hf -7.98109743577 0.361956411293 4.35061732651
6hf6hf6hf-6hf- -7.85270607297 0.274966120755 4.24880432625
6hf6hf6hf6hf -7.85013379426 0.33922079992 4.19007289685
6hf6hf6hf6hf- -7.90796261398 0.327891013534 4.22816903153
6hh -7.76305691169 2.00115889562 5.22951769792
6hh6hh -7.57574776258 1.19765225178 4.5938419287
6hh6hh6hh -7.51464481674 0.803820020297 4.28753171649
6hh6hh6hh6hh -7.48477319374 0.560007898202 4.11295634229
6hi6hi -7.95859818002 1.38905943413 5.00210223563
6hi6hi- -8.16305653972 1.55641358485 5.27351221159
6hi6hi-4hi6hi -7.89450424305 1.19534683213 4.78093175195
6hi6hi-6hi -8.10366987649 1.33840745296 5.06087759907
6hi6hi-6hi-6hi -7.92881080765 1.03199382951 4.72523811518
6hi6hi-6hi-6hi- -7.82123307819 0.942145644317 4.62849671952
6hi6hi-6hi6hi- -8.09076109666 1.22617372463 4.96030416904
6hi6hi6hi -7.84567920197 1.03403617255 4.70815587618
6hi6hi6hi-6hi -8.00508345146 1.04437906685 4.77643561332
6hi6hi6hi-6hi- -7.91174074521 1.00991041572 4.73949162904
6hi6hi6hi6hi -7.79920086124 0.836464990986 4.5576082362
6hi6hi6hi6hi- -7.87341477412 0.907644897434 4.62178528259
6hl6hl -7.52823407064 1.17211480468 4.56251464196
6hl6hl- -7.73172447168 1.42669271989 4.9012607412
6hl6hl6hl -7.36173470212 0.76014786093 4.19431381665
6hl6hl6hl6hl -7.29466313496 0.528152123552 4.01884046774
6hl6hl6hl6hl- -7.43673275824 0.613219638494 4.13683644895
6ia6ia -9.2315235693 1.37365171879 6.04230134429
6ia6ia- -9.15912358437 1.31132737069 5.96428043378
6ia6ia-4ia6ia -8.66867871108 0.984510452714 5.39485193776
6ia6ia-6ia -8.8251670209 0.960788224641 5.50855949146
6ia6ia-6ia-6ia -8.69010881512 0.788245139804 5.30685492105
6ia6ia-6ia-6ia- -8.73924129884 0.821609789726 5.36938554284
6ia6ia-6ia6ia- -8.67912658722 0.792122754217 5.29725133114
6ia6ia6ia -8.90786936084 1.04234012724 5.61476890891
6ia6ia6ia-6ia -8.6739149925 0.804650158516 5.29304407639
6ia6ia6ia-6ia- -8.69584903858 0.792448603857 5.30641075564
6ia6ia6ia6ia -8.73659027856 0.834139597945 5.37018668304
6ia6ia6ia6ia- -8.70272267272 0.830495697531 5.33506413425
6id6id -9.891791713 0.449169752428 5.91851756822
6id6id- -9.91308186888 0.509160264849 5.92969920631
6id6id-4id6id -9.58151574207 0.149893534714 5.4657054947
6id6id-6id -9.73109674062 0.256243240081 5.63122995419
6id6id-6id-6id -9.59925421914 -0.0151437197689 5.39123099173
6id6id-6id-6id- -9.58996690381 -0.0236953745075 5.39553084372
6id6id-6id6id- -9.65081255519 0.0963779497742 5.48201895363
6id6id6id -9.66873752577 0.118397316585 5.54271737895
6id6id6id-6id -9.62967575544 0.0164711828421 5.42502327308
6id6id6id-6id- -9.59764621908 -0.0301283926924 5.385430844
6id6id6id6id -9.57896937642 -0.0655051529881 5.37327928267
6id6id6id6id- -9.58498598908 -0.056396975163 5.3632793301
6ie6ie -9.14617859568 0.93218002944 4.26094066207
6ie6ie- -9.21633410367 1.06566878811 4.30330956166
6ie6ie-4ie6ie -8.82605543533 0.770265012004 4.25210278113
6ie6ie-6ie -9.06654001924 0.924670279371 4.30053629398
6ie6ie-6ie-6ie -8.85792519209 0.58237162037 4.26028752755
6ie6ie-6ie-6ie- -8.82057151016 0.552942559727 4.26075065651
6ie6ie-6ie6ie- -8.94977519822 0.830483649688 4.27067102321
6ie6ie6ie -8.91739290161 0.642207011664 4.26252242447
6ie6ie6ie-6ie -8.94171803719 0.626146967536 4.26717705923
6ie6ie6ie-6ie- -8.87469800119 0.586444210022 4.26315388051
6ie6ie6ie6ie -8.80313084543 0.475278396707 4.25366224625
6ie6ie6ie6ie- -8.87562409749 0.534680779872 4.26003507157
6if6if -8.80210422857 1.25418979948 5.50779747278
6if6if- -8.83123141544 1.29535338394 5.55162885587
6if6if-4if6if -8.38962843524 0.880283870755 4.99000904394
6if6if-6if -8.62677642125 1.05430735262 5.26372140842
6if6if-6if-6if -8.41531097015 0.717244737393 4.93895547523
6if6if-6if-6if- -8.36704721365 0.634916600431 4.87329387502
6if6if-6if6if- -8.57077964795 0.878443035724 5.11745290301
6if6if6if -8.65574984438 0.868054014103 5.15813374463
6if6if6if-6if -8.6006127523 0.783299434031 5.06337053434
6if6if6if-6if- -8.56094996704 0.680250796696 4.99469371275
6if6if6if6if -8.58451237245 0.653500741639 4.97353163175
6if6if6if6if- -8.6405582202 0.704992928553 5.02572468477
6ih6ih -8.15583141004 1.45988764076 5.20899963522
6ih6ih- -8.2066123454 1.59670079642 5.32409398408
6ih6ih-4ih6ih -7.98991679787 1.23716642857 4.87755826397
6ih6ih-6ih -8.16169791197 1.39082479755 5.1223264843
6ih6ih-6ih-6ih -8.08724738675 1.12548020598 4.90928906494
6ih6ih-6ih-6ih- -8.05838997559 1.05510558407 4.85588751904
6ih6ih-6ih6ih- -8.17193709994 1.28793880967 5.03585224333
6ih6ih6ih -8.06251498165 1.11288935649 4.92140837519
6ih6ih6ih-6ih -8.12949889897 1.14038727782 4.9556732943
6ih6ih6ih-6ih- -8.09604946228 1.076011703 4.89925668387
6ih6ih6ih6ih -8.00924282076 0.902866347729 4.75900680773
6ih6ih6ih6ih- -8.04614253253 0.977711064013 4.82118157237
6ii -9.37179008037 2.1298173259 6.36390644183
6ii6ii -9.0932245235 1.75275595345 6.02182967248
6ii6ii6ii6ii -8.70113129389 1.24662496979 5.4928848382
6il6il- -8.43086474395 1.50857732446 5.48013579177
6il6il6il6il -8.03103255488 0.858898047908 4.81042829735
6la6la6la6la -8.3972838458 0.94256816797 5.11972272468
6ld6ld -9.39315415812 0.546283132106 5.54622301292
6ld6ld6ld -9.24051152853 0.223933329822 5.220388989
6ld6ld6ld6ld -9.19356762779 0.0794621359567 5.08260582458
6le6le -8.68617107884 0.980749918336 4.27951312613
6le6le6le -8.50257575881 0.704002261075 4.27319303509
6le6le6le6le -8.41647738829 0.551350361398 4.27894310641
6lf6lf -8.35794860877 1.20958773026 5.15053962565
6lf6lf6lf -8.22628698058 0.871459388542 4.82695691288
6lf6lf6lf6lf -8.16839517179 0.671456160656 4.65416222224
6lh6lh -7.8446869886 1.37398019022 4.91372458262
6lh6lh6lh -7.72137282201 1.01882161968 4.58779097034
6lh6lh6lh6lh -7.70358919223 0.886362991422 4.48670680851
6li6li -8.47842068603 1.44956607624 5.4602772142
6li6li6li -8.39083902331 1.45095304296 5.33562944239
6li6li6li6li -8.18405642776 1.09745348072 5.00701080468
6ll -8.32565811335 1.96533075553 5.60097647732
6ll6ll -7.96866957989 1.33743145516 4.99996616661
6ll6ll6ll -7.73175283229 0.992845539425 4.60808677493
6ll6ll6ll6ll -7.64777669245 0.830359322013 4.4452304653
Using multi
