12dd -9.11519257346 -0.37707557023 4.61171866094
12dd12dd -8.46455557407 -1.49550584754 3.33431458135
12dd12dd- -8.46495536973 -1.52311445236 3.32342264787
12dd12dd-12dd -8.23423578988 -1.8602716134 2.88446130757
12dd12dd-12dd-12dd -8.15353895461 -2.00708905947 2.71187893273
12dd12dd-12dd-12dd- -8.24735516544 -2.06517728797 2.76391538208
12dd12dd-12dd12dd- -8.11849902494 -2.04626099799 2.6784870614
12dd12dd-4dd12dd -8.31011253908 -1.90249641048 2.99744792469
12dd12dd12dd -8.47450316484 -1.69094600903 3.17575749459
12dd12dd12dd-12dd -8.10900867985 -2.16222749493 2.60814158572
12dd12dd12dd-12dd- -8.15653052177 -2.18491451787 2.63782155373
12dd12dd12dd12dd -8.43481816449 -1.92873024723 2.98151511167
12dd12dd12dd12dd- -8.24725906023 -2.06517317086 2.76387071172
12dh -8.2978169664 0.128911398579 4.32522144424
12dh12dh -7.52428343433 -0.581676351062 3.23325984949
12dh12dh- -7.43494688363 -0.64761874167 3.17452438708
12dh12dh-12dh -7.02314562794 -0.953865682233 2.59922899973
12dh12dh-12dh-12dh -6.85915674918 -1.12256575748 2.34814329143
12dh12dh-12dh-12dh- -6.97255749053 -1.16826763691 2.4514734353
12dh12dh-12dh12dh- -6.80705877369 -1.12815456224 2.32391823118
12dh12dh-4dh12dh -7.11683150611 -0.914117929657 2.76206991862
12dh12dh12dh -7.19813367414 -0.912644797213 2.80389212733
12dh12dh12dh-12dh -6.83898947985 -1.10597167136 2.40046078444
12dh12dh12dh-12dh- -6.94619269513 -1.13832929078 2.48391807223
12dh12dh12dh12dh -7.0436816037 -1.08604416976 2.58222734911
12dh12dh12dh12dh- -6.87668000833 -1.07761750741 2.44863277693
12hd -8.29781825041 0.128911633241 4.32522293413
12hd12hd -7.52428826198 -0.581674300987 3.23326592374
12hd12hd- -7.43490888018 -0.647590820778 3.1745119105
12hd12hd-12hd -7.02309729259 -0.95385391223 2.59919457375
12hd12hd-12hd-12hd -6.85916238253 -1.12255950049 2.3481519612
12hd12hd-12hd-12hd- -6.87668216828 -1.07761665719 2.44863376061
12hd12hd-12hd12hd- -6.80702241083 -1.128143922 2.32389428353
12hd12hd-4hd12hd -7.21967088071 -1.05410916673 2.73450629829
12hd12hd12hd -7.19811826449 -0.912662917333 2.80387369591
12hd12hd12hd-12hd -6.90314636222 -1.15839940853 2.39424774354
12hd12hd12hd-12hd- -6.94632418067 -1.13819469383 2.4840585415
12hd12hd12hd12hd -7.0436648498 -1.08607006211 2.58219934332
12hd12hd12hd12hd- -6.97229333669 -1.16847821739 2.45116371421
12hh -7.82600800989 1.0171382684 4.59198509167
12hh12hh -6.89938635372 0.435531822318 3.5144625385
12hh12hh- -6.8354964006 0.256908703886 3.39196289632
12hh12hh-12hh -6.35851619221 0.0438211573301 2.87687578831
12hh12hh-12hh-12hh -6.19815807898 -0.092546804112 2.66005558393
12hh12hh-12hh-12hh- -6.22010119785 -0.0540937978306 2.70962755755
12hh12hh-12hh12hh- -6.19384096882 -0.130193012774 2.63852639079
12hh12hh-4hh12hh -6.39379575646 -0.0150705527741 2.919838131
12hh12hh12hh -6.48814659736 0.201441340699 3.07040477233
12hh12hh12hh-12hh -6.2457090561 -0.123043622955 2.69562433882
12hh12hh12hh-12hh- -6.21071979796 -0.0486339934043 2.7286655973
12hh12hh12hh12hh -6.30148286775 0.0177214231134 2.82777565135
12hh12hh12hh12hh- -6.22001581948 -0.0540593736779 2.70957445613
13aa -7.92777064137 1.36104771303 4.99630447232
13aa13aa -7.22902202054 0.85331274775 4.13968498671
13aa13aa- -6.97831634112 0.575442940618 3.7872410941
13aa13aa-13aa -6.78569040588 0.510855919066 3.58749353876
13aa13aa-13aa-13aa -6.65588210573 0.401379644693 3.41601956355
13aa13aa-13aa-13aa- -6.75853222285 0.461077626844 3.52057242322
13aa13aa-13aa13aa- -6.60351538622 0.365085444476 3.3589325516
13aa13aa-4aa13aa -6.82281371713 0.141640605239 3.48457528313
13aa13aa13aa -6.91593849304 0.581284454106 3.72348597556
13aa13aa13aa-13aa -6.67213315066 0.397506927134 3.42081197506
13aa13aa13aa-13aa- -6.71944356952 0.414172563145 3.46161097106
13aa13aa13aa13aa -6.87686929415 0.552371777882 3.65076024532
13aa13aa13aa13aa- -6.71092236962 0.407006909318 3.45567503797
13ad13ad -7.86919193476 -0.0548485424042 3.94551555522
13ad13ad- -7.64743805914 -0.333424546488 3.58388972251
13ad13ad-13ad -7.33200194058 -0.640999105677 3.14385548117
13ad13ad-13ad-13ad -7.25644645458 -0.737602502213 3.02317965357
13ad13ad-13ad-13ad- -7.32518342888 -0.766173253811 3.06364235891
13ad13ad-13ad13ad- -7.17413732002 -0.818993896804 2.92067426983
13ad13ad-4ad13ad -7.47879317161 -0.86492824184 3.20392687652
13ad13ad13ad -7.64622546817 -0.432221215132 3.52853615644
13ad13ad13ad-13ad -7.32224485517 -0.800781892627 3.03051860579
13ad13ad13ad-13ad- -7.40063444874 -0.77067646584 3.10763115163
13ad13ad13ad13ad -7.7526545058 -0.457326153423 3.56651589194
13ad13ad13ad13ad- -7.4645705262 -0.760922221597 3.1762451847
13ae13ae -7.20250343325 0.45968459699 3.83621170197
13ae13ae- -7.01731002289 0.208778391189 3.52800380677
13ae13ae-13ae -6.66691308441 -0.0685994545297 3.08771809069
13ae13ae-13ae-13ae -6.58634504994 -0.156734858788 2.97501215747
13ae13ae-13ae-13ae- -6.69520326142 -0.0992962878317 3.08842648158
13ae13ae-13ae13ae- -6.48672822573 -0.22229345776 2.86551033791
13ae13ae-4ae13ae -6.79279293257 -0.273201343164 3.13315329337
13ae13ae13ae -6.90212524854 0.138381954383 3.41239003977
13ae13ae13ae-13ae -6.58132680629 -0.185137051609 2.95496604092
13ae13ae13ae-13ae- -6.65278407219 -0.155267865806 3.02462347536
13ae13ae13ae13ae -6.90309494415 0.111893468991 3.38276731976
13ae13ae13ae13ae- -6.69645214463 -0.116743742188 3.09765912531
13af13af -7.25138356322 0.737796601439 4.04485209837
13af13af- -6.96156804579 0.486112659695 3.69871186338
13af13af-13af -6.4436543769 0.231612892987 3.16793685387
13af13af-13af-13af -6.49615128108 0.15728902207 3.13909099248
13af13af-13af-13af- -6.57811661754 0.13794088474 3.18659228055
13af13af-13af13af- -6.23612645862 0.0456381029073 2.91502687988
13af13af-4af13af -6.56952451905 -0.0232620888867 3.14232068422
13af13af13af -7.04268351274 0.519352048898 3.72575288083
13af13af13af-13af -6.47694074265 0.0998065036605 3.08692261569
13af13af13af-13af- -6.63517572205 0.151398811193 3.21267171919
13af13af13af13af -6.95295827893 0.387200311352 3.55760269149
13af13af13af13af- -6.73359957471 0.204075940926 3.30973267093
13ah13ah -6.92796828565 0.897049744555 3.93117317908
13ah13ah- -6.80151654981 0.64326275998 3.69922922878
13ah13ah-13ah -6.40698073207 0.364988231012 3.234371659
13ah13ah-13ah-13ah -6.30772671901 0.325602825277 3.12249639494
13ah13ah-13ah-13ah- -6.37010490068 0.385757381618 3.20967360315
13ah13ah-13ah13ah- -6.1961638973 0.216496111062 2.99467300297
13ah13ah-4ah13ah -6.4459963999 0.180272874171 3.17423681584
13ah13ah13ah -6.65629148793 0.692155550706 3.58721350613
13ah13ah13ah-13ah -6.29123344362 0.285813682704 3.08289987986
13ah13ah13ah-13ah- -6.34661508088 0.357322653716 3.16323442206
13ah13ah13ah13ah -6.54425769577 0.588845491949 3.4262767775
13ah13ah13ah13ah- -6.45210012284 0.441941373205 3.27602997196
13ai13ai -7.10284628467 0.922645201308 4.08549304364
13ai13ai- -7.02505172791 0.845643922269 3.97704728588
13ai13ai-13ai -6.69629997897 0.625192978601 3.58827547525
13ai13ai-13ai-13ai -6.59057043358 0.539102573539 3.44642394251
13ai13ai-13ai-13ai- -6.63567721455 0.556064178735 3.48936946958
13ai13ai-13ai13ai- -6.50600303483 0.482124206754 3.35868744441
13ai13ai-4ai13ai -6.74047524377 0.307352873712 3.51113590924
13ai13ai13ai -6.84802052434 0.741544737109 3.76400023294
13ai13ai13ai-13ai -6.56086001962 0.515660895941 3.41113142799
13ai13ai13ai-13ai- -6.60201370893 0.525356970982 3.44510067841
13ai13ai13ai13ai -6.73134709001 0.639837510382 3.5993510008
13ai13ai13ai13ai- -6.68264626256 0.614429315844 3.5483646688
13al13al -6.75150798282 0.575757103953 3.61499378262
13al13al- -6.77668456919 0.605983215797 3.65018449318
13al13al-13al -6.33334355175 0.300288635854 3.13613137302
13al13al-13al-13al -6.24892094308 0.179684903326 2.99287756065
13al13al-13al-13al- -6.34554645307 0.240269939344 3.09682132789
13al13al-13al13al- -6.08707971163 0.18396078597 2.90185782827
13al13al13al -6.54398627477 0.440636344552 3.36513839153
13al13al13al-13al -6.23039237308 0.203212555958 2.99025017169
13al13al13al-13al- -6.28407779157 0.24894628294 3.05204116916
13al13al13al13al -6.43354744546 0.345995213889 3.22238100074
13al13al13al13al- -6.29966482289 0.34203466947 3.12199310414
13da13da -7.86879292132 -0.0553520890634 3.94482143407
13da13da- -7.64743857304 -0.333424811123 3.58388990695
13da13da-13da -7.33200401272 -0.64099918187 3.14385749981
13da13da-13da-13da -7.17995279003 -0.84102036359 2.90398148712
13da13da-13da-13da- -7.52688028329 -0.676828113254 3.26782232883
13da13da-13da13da- -7.17413725224 -0.818993819849 2.92067427177
13da13da-4da13da -7.41613922806 -0.903042936519 3.16901481865
13da13da13da -7.64610365556 -0.432201964299 3.52846477482
13da13da13da-13da -7.18159021495 -0.847998129846 2.90920894209
13da13da13da-13da- -7.40023155986 -0.770999091108 3.10716141042
13da13da13da13da -7.75269164583 -0.457297717982 3.56656122305
13da13da13da13da- -7.19366558853 -0.888129755274 2.89040532026
13dd -8.81381882115 0.130945084655 4.75863569175
13dd13dd -8.19902212891 -1.07743074144 3.43509543235
13dd13dd- -8.19913022367 -1.07733731217 3.43526187461
13dd13dd-13dd -7.97854567093 -1.34138084485 3.08867482106
13dd13dd-13dd-13dd -7.99329043873 -1.45140585464 3.03777359633
13dd13dd-13dd-13dd- -8.12980529717 -1.5581739385 3.08751825369
13dd13dd-13dd13dd- -7.87226620263 -1.50483985745 2.91526170394
13dd13dd-4dd13dd -8.09048358879 -1.65828279416 3.11890785793
13dd13dd13dd -7.97883102269 -1.34118053103 3.08905109367
13dd13dd13dd-13dd -7.99513383333 -1.55025678733 2.96728143253
13dd13dd13dd-13dd- -8.1445533095 -1.5769426852 3.06213489293
13dd13dd13dd13dd -7.87225916715 -1.5048471648 2.91525108331
13dd13dd13dd13dd- -8.12982712009 -1.55817367929 3.08754156733
13de13de -7.83148198461 -0.183500544529 3.79075233264
13de13de- -7.60073875715 -0.565201594171 3.37421803993
13de13de-13de -7.30402445845 -0.867613765133 2.94081621732
13de13de-13de-13de -7.28867070206 -0.923376334943 2.9062617706
13de13de-13de-13de- -7.50203504489 -0.885686458306 3.08876236899
13de13de-13de13de- -7.16040767694 -1.04570557815 2.72636518206
13de13de-4de13de -7.41038778517 -1.10326146984 3.02014523259
13de13de13de -7.76953285568 -0.405599094489 3.59452021435
13de13de13de-13de -7.26145385521 -1.00851756639 2.82638655757
13de13de13de-13de- -7.41822618271 -0.967624210486 2.9738892687
13de13de13de13de -7.70842547647 -0.61213808871 3.40696721345
13de13de13de13de- -7.3598231191 -0.967731502465 2.94830203919
13df13df -7.76230596797 -0.211101948663 3.71910697307
13df13df- -7.53838997819 -0.390449013629 3.45518616641
13df13df-13df -7.16049505811 -0.635829119511 3.01706953143
13df13df-13df-13df -7.07461724417 -0.779091335021 2.85816463176
13df13df-13df-13df- -7.35881360106 -0.816210050201 3.0316864846
13df13df-13df13df- -7.0088807194 -0.848270411526 2.7758781024
13df13df-4df13df -7.25011887512 -0.902827943646 2.98391230664
13df13df13df -7.54978113074 -0.586301367184 3.31585473766
13df13df13df-13df -7.1289930222 -0.845403223991 2.85073834167
13df13df13df-13df- -7.30371607065 -0.88381701261 2.94631452527
13df13df13df13df -7.53727562754 -0.729330045195 3.19945220336
13df13df13df13df- -7.32333314681 -0.909709588685 2.91450784577
13dh13dh -7.4187383687 -0.037366740418 3.57146108757
13dh13dh- -7.42040123539 -0.235389277002 3.48653325313
13dh13dh-13dh -7.12974768867 -0.526049585353 3.08329191335
13dh13dh-13dh-13dh -6.95501663203 -0.637759393766 2.84031985976
13dh13dh-13dh-13dh- -7.09053735978 -0.661194069125 2.973409843
13dh13dh-13dh13dh- -6.98125553288 -0.68284689502 2.87325818269
13dh13dh-4dh13dh -7.15773615269 -0.699409333624 3.03506804727
13dh13dh13dh -7.23802902048 -0.320970166631 3.25332781937
13dh13dh13dh-13dh -7.02138826881 -0.661428828678 2.8963606881
13dh13dh13dh-13dh- -7.06470991717 -0.673478991877 2.92309422834
13dh13dh13dh13dh -7.18981655787 -0.475094510727 3.10559017434
13dh13dh13dh13dh- -6.98451775804 -0.624196401557 2.85221499531
13di13di -7.73133138812 0.0317110924328 3.88412074112
13di13di- -7.49323511467 -0.253756839267 3.51267407585
13di13di-13di -7.18320451729 -0.542066561325 3.08244381764
13di13di-13di-13di -7.14415257456 -0.590672332479 3.02491295646
13di13di-13di-13di- -7.36894774792 -0.568298307786 3.21334858679
13di13di-13di13di- -7.02142946058 -0.710792373502 2.8591241753
13di13di-4di13di -7.29738888005 -0.681377629245 3.18445433374
13di13di13di -7.58675289749 -0.221687637736 3.60008640721
13di13di13di-13di -7.15263479708 -0.639638041168 2.99648195525
13di13di13di-13di- -7.29239486366 -0.593784652211 3.12460034485
13di13di13di13di -7.56780276753 -0.353513236895 3.48359996147
13di13di13di13di- -7.22582099879 -0.610791057494 3.06869733067
13dl13dl -7.67389046131 -0.080330316822 3.75791147883
13dl13dl- -7.41349780067 -0.23340829459 3.46582984303
13dl13dl-13dl -7.03250211097 -0.529735305599 2.98360537526
13dl13dl-13dl-13dl -7.02259426666 -0.672322341072 2.88257391183
13dl13dl-13dl-13dl- -6.82153422464 -0.644523227322 2.76526041948
13dl13dl-13dl13dl- -6.82158348888 -0.644561445317 2.76528462841
13dl13dl13dl -7.50834178977 -0.309162712759 3.48197455428
13dl13dl13dl-13dl -6.94565618093 -0.669264993873 2.82823975749
13dl13dl13dl13dl -7.48606053321 -0.416762642997 3.38354329077
13dl13dl13dl13dl- -7.08520184525 -0.619427852925 2.9513161283
13ea13ea -7.20257552552 0.459943871025 3.8364160095
13ea13ea- -7.01733367837 0.208817680102 3.52804511848
13ea13ea-13ea -6.66692128718 -0.0685446687627 3.08775334287
13ea13ea-13ea-13ea -6.59541075922 -0.147657189847 2.98787986825
13ea13ea-13ea-13ea- -6.75086719453 -0.0505410963825 3.17451311886
13ea13ea-13ea13ea- -6.48673117953 -0.222294263601 2.86551194029
13ea13ea-4ea13ea -6.74909093531 -0.296990988177 3.11840921513
13ea13ea13ea -6.90217328269 0.1384165163 3.4124440964
13ea13ea13ea-13ea -6.56356060469 -0.194464422043 2.93395749579
13ea13ea13ea-13ea- -6.65280703156 -0.155243233387 3.02465438402
13ea13ea13ea13ea -6.90296237768 0.111750407223 3.3825907801
13ea13ea13ea13ea- -6.69524026769 -0.0991991103421 3.08852167565
13ed13ed -7.83171966869 -0.183480824408 3.7910396041
13ed13ed- -7.60066654455 -0.565218855314 3.3741249984
13ed13ed-13ed -7.30405122219 -0.86760569207 2.94083864853
13ed13ed-13ed-13ed -7.2886931065 -0.923369730688 2.90628262772
13ed13ed-13ed-13ed- -7.35983273713 -0.967757150513 2.94828597988
13ed13ed-13ed13ed- -7.17230308052 -1.01739892276 2.75907869255
13ed13ed-4ed13ed -7.4561281571 -1.08589506979 3.04236456691
13ed13ed13ed -7.77005214143 -0.405167031992 3.59516417935
13ed13ed13ed-13ed -7.29319788107 -1.02998618226 2.830092117
13ed13ed13ed-13ed- -7.41819860342 -0.967645458184 2.97385316105
13ed13ed13ed13ed -7.70840513355 -0.612228077024 3.40689587723
13ed13ed13ed13ed- -7.50197923001 -0.885738040313 3.08870294964
13ee -7.89174875077 0.834964871332 4.30815765656
13ee13ee -7.35745345792 0.31218277754 3.80139714144
13ee13ee- -7.07537399326 -0.074553827857 3.3488061395
13ee13ee-13ee -6.77298465316 -0.290768360724 2.98135480943
13ee13ee-13ee-13ee -6.70550918001 -0.372176351508 2.88081297357
13ee13ee-13ee-13ee- -6.88209206749 -0.298070430019 3.06553242949
13ee13ee-13ee13ee- -6.61574737512 -0.422720032544 2.79771605911
13ee13ee-4ee13ee -6.85815198832 -0.543972998369 3.00852465976
13ee13ee13ee -7.21335771517 0.139186321724 3.58439878422
13ee13ee13ee-13ee -6.72146159862 -0.387907833301 2.88135324398
13ee13ee13ee-13ee- -6.82662095499 -0.364745531329 2.97642720475
13ee13ee13ee13ee -7.10349980225 -0.0264950189915 3.39403735084
13ee13ee13ee13ee- -6.88209407804 -0.298080875044 3.06552921084
13ef13ef -7.15936573002 0.279930412182 3.64062697929
13ef13ef- -6.9822929237 0.133648687161 3.44408041008
13ef13ef-13ef -6.5546512813 -0.0967823019624 2.98318201445
13ef13ef-13ef-13ef -6.45159968103 -0.19644125048 2.85328425911
13ef13ef-13ef-13ef- -6.68853174173 -0.161778369469 3.06834005495
13ef13ef-13ef13ef- -6.38007490843 -0.290276847899 2.74615781596
13ef13ef-4ef13ef -6.63258876551 -0.323628342741 2.96068158501
13ef13ef13ef -6.87020125616 -0.0454316340177 3.22311119476
13ef13ef13ef-13ef -6.49285048751 -0.278631833685 2.81506318248
13ef13ef13ef-13ef- -6.66618395243 -0.274714641877 2.94239964485
13ef13ef13ef13ef -6.804217869 -0.142372298781 3.10743386625
13ef13ef13ef13ef- -6.6992838785 -0.261192685589 2.94644805477
13eh13eh -6.94199646662 0.493155093801 3.62185876034
13eh13eh- -6.95459673234 0.257212934837 3.50869865487
13eh13eh-13eh -6.53772851076 0.00707279434914 3.04586748349
13eh13eh-13eh-13eh -6.40971344187 -0.0461764603863 2.90962967271
13eh13eh-13eh-13eh- -6.48174345828 -0.00593239409444 3.01097698278
13eh13eh-13eh13eh- -6.34766136528 -0.134006207648 2.82498801113
13eh13eh-4eh13eh -6.57331155387 -0.154178121236 3.0232671816
13eh13eh13eh -6.68377251236 0.27859638596 3.30021443101
13eh13eh13eh-13eh -6.40358229509 -0.0775706303763 2.88350000296
13eh13eh13eh-13eh- -6.44896228402 -0.0331368741128 2.94966708955
13eh13eh13eh13eh -6.57738226206 0.172926689224 3.14890726652
13eh13eh13eh13eh- -6.48973128716 0.0614922601396 3.01320348918
13ei13ei -7.16260544673 0.567946297775 3.86878512368
13ei13ei- -6.90920336679 0.269741693828 3.47758827603
13ei13ei-13ei -6.56373255901 0.012280803361 3.04540652076
13ei13ei-13ei-13ei -6.52603425494 -0.0190114449281 3.01062769423
13ei13ei-13ei-13ei- -6.68167883913 0.0640065360249 3.18761888767
13ei13ei-13ei13ei- -6.35760095309 -0.159142048493 2.79112234135
13ei13ei-4ei13ei -6.692082807 -0.101753445906 3.17054894749
13ei13ei13ei -6.94420864732 0.371985024639 3.57911541768
13ei13ei13ei-13ei -6.46815793018 -0.0869404840729 2.91084323852
13ei13ei13ei-13ei- -6.59387729117 -0.00995059647733 3.05865589293
13ei13ei13ei13ei -6.86737749954 0.279594587811 3.45253967609
13ei13ei13ei13ei- -6.65169451142 0.0641414533566 3.14563221146
13el13el -6.95943406218 0.215463597164 3.4802755374
13el13el- -6.85878876427 0.276838101352 3.44424295385
13el13el-13el -6.56720504007 -0.0358484765437 3.02603634895
13el13el-13el-13el -6.42903830761 -0.17023865819 2.83119836466
13el13el-13el-13el- -6.41080499051 -0.130578463399 2.84745839153
13el13el-13el13el- -6.32777319386 -0.142967379846 2.80064378666
13el13el13el -6.9373249638 0.291153615833 3.51795425804
13el13el13el-13el -6.45173686649 -0.10377879825 2.89579244157
13el13el13el-13el- -6.41931971094 -0.0790733467479 2.89347090909
13el13el13el13el -6.5583300024 -0.0786971022006 3.00007558658
13el13el13el13el- -6.61177166685 0.0713518533851 3.11667490427
13fa13fa -6.86100598073 0.49370760239 3.63928840716
13fa13fa- -6.95976753838 0.485318286183 3.69757948559
13fa13fa-13fa -6.45619889673 0.203292729064 3.15863721598
13fa13fa-13fa-13fa- -6.75109022868 0.208779942527 3.32408177949
13fa13fa-13fa13fa- -6.29092731636 0.0408299316027 2.94473107062
13fa13fa-4fa13fa -6.53476298828 -0.124201390803 3.12028087519
13fa13fa13fa -6.67326693966 0.319239386261 3.37608421636
13fa13fa13fa-13fa -6.43743177311 0.0887574086515 3.06055366442
13fa13fa13fa-13fa- -6.61896279167 0.133786156231 3.19199269272
13fa13fa13fa13fa -6.49164424608 0.134848739721 3.11933686182
13fa13fa13fa13fa- -6.58005993875 0.138567197439 3.18834403286
13fd13fd -7.75356227321 -0.137690183397 3.78019152266
13fd13fd- -7.53839017703 -0.390447710511 3.4551870146
13fd13fd-13fd -7.18644239617 -0.68351916272 3.00387308456
13fd13fd-13fd-13fd -7.15262682251 -0.844233428475 2.84287087266
13fd13fd-13fd-13fd- -7.34459791369 -0.862920761672 2.96635395392
13fd13fd-13fd13fd- -7.00994263104 -0.847566480636 2.77685914661
13fd13fd-4fd13fd -7.22557627231 -1.02935884376 2.93862973082
13fd13fd13fd -7.61609466819 -0.388750486574 3.50723875759
13fd13fd13fd-13fd -7.14437113997 -0.847091741523 2.86583326676
13fd13fd13fd-13fd- -7.30380899165 -0.883882408837 2.94637050815
13fd13fd13fd13fd -7.32379230176 -0.908683177892 2.91542497858
13fd13fd13fd13fd- -7.34063322893 -0.850755459561 2.99983079066
13fe13fe -7.25516960011 0.435768924671 3.84398969889
13fe13fe- -6.9823106335 0.133632346993 3.44408560445
13fe13fe-13fe -6.58813023868 -0.141406228999 2.97840645259
13fe13fe-13fe-13fe -6.517857985 -0.265413260225 2.82786782556
13fe13fe-13fe-13fe- -6.69926292213 -0.26118553146 2.94643707112
13fe13fe-13fe13fe- -6.38003976531 -0.290311302992 2.74610718772
13fe13fe-4fe13fe -6.61066164802 -0.441953675574 2.92777787671
13fe13fe13fe -7.03602586424 0.255696848621 3.5628293015
13fe13fe13fe-13fe -6.50033362729 -0.267108060242 2.84706137849
13fe13fe13fe-13fe- -6.65844538992 -0.286105858064 2.93018287159
13fe13fe13fe13fe -6.93707326592 0.127624357638 3.40572401484
13fe13fe13fe13fe- -6.67072937437 -0.179452376012 3.05111591561
13ff -7.89809463349 1.13850272954 4.79979062442
13ff13ff -7.05897465231 0.453619874966 3.71532936718
13ff13ff- -7.05426989234 0.343405827918 3.65849406971
13ff13ff-13ff -6.49947361194 0.162620873207 3.13366242699
13ff13ff-13ff-13ff -6.39541064287 -0.0274612582271 2.92784025526
13ff13ff-13ff-13ff- -6.48629005275 -0.0900514073874 2.9460000966
13ff13ff-13ff13ff- -6.41640331789 -0.0922364529454 2.90314371305
13ff13ff-4ff13ff -6.55714138162 -0.193923498118 3.01784539435
13ff13ff13ff -6.70377043108 0.11467214337 3.22671618139
13ff13ff13ff-13ff -6.62901520081 0.0304512313174 3.11524265522
13ff13ff13ff-13ff- -6.8305172121 0.0372439370159 3.2510719594
13ff13ff13ff13ff -6.52864997007 -0.0844679759182 2.96775184476
13ff13ff13ff13ff- -6.48608254893 -0.0903018637454 2.9456315315
13fh13fh -6.99499847809 0.610820239553 3.7939059344
13fh13fh- -6.92683329647 0.448449814515 3.6429288761
13fh13fh-13fh -6.56312616223 0.271251170354 3.24596343428
13fh13fh-13fh-13fh -6.35698629762 0.144788488358 3.00044502557
13fh13fh-13fh-13fh- -6.51080000289 0.121313722956 3.08221805626
13fh13fh-13fh13fh- -6.24227377938 0.0326915416573 2.88228542688
13fh13fh-4fh13fh -6.45618814635 -0.0848199731389 3.03286985669
13fh13fh13fh -6.66861995283 0.348076378165 3.38274395276
13fh13fh13fh-13fh -6.46542908401 0.12611445491 3.07860128812
13fh13fh13fh-13fh- -6.60937887933 0.0812505669198 3.13654118317
13fh13fh13fh13fh -6.51837013816 0.201084931006 3.17678732598
13fh13fh13fh13fh- -6.43644964948 0.105455332708 3.06895598991
13fi13fi -7.15291335297 0.772331893994 3.98963011314
13fi13fi- -6.86472326464 0.554991877987 3.66503628665
13fi13fi-13fi -6.46268331331 0.271796974622 3.18074984815
13fi13fi-13fi-13fi -6.48472791084 0.265295692085 3.17979435121
13fi13fi-13fi-13fi- -6.65343068915 0.30268200672 3.30785674745
13fi13fi-13fi13fi- -6.24652354123 0.124796412146 2.93634670501
13fi13fi-4fi13fi -6.47147881567 0.0243024666384 3.13602239793
13fi13fi13fi -6.72416923596 0.548476345592 3.5461809629
13fi13fi13fi-13fi -6.33853139174 0.180797420946 3.02771043577
13fi13fi13fi-13fi- -6.50374694734 0.23972102747 3.16515609606
13fi13fi13fi13fi -6.59613727298 0.464103990793 3.3917310341
13fi13fi13fi13fi- -6.5272120965 0.286593699384 3.22401984151
13fl13fl -7.37415909702 0.933898155312 4.26881760342
13fl13fl- -6.84810887277 0.500510335122 3.62392565061
13fl13fl-13fl -6.42792372789 0.229971436366 3.1293653698
13fl13fl-13fl13fl- -6.20115726489 0.092515694342 2.87777038488
13fl13fl13fl -6.42648006058 0.245985442882 3.13813049045
13fl13fl13fl-13fl -6.17842295826 0.118711635571 2.88183612257
13fl13fl13fl13fl -7.2022592166 0.746976011315 3.96304853514
13fl13fl13fl13fl- -6.28206692687 0.0813319209639 2.91024123376
13ha13ha -6.92797158721 0.897051206344 3.93117668015
13ha13ha- -6.80150311588 0.643265304151 3.69922511221
13ha13ha-13ha -6.40697042604 0.364985503271 3.23436190719
13ha13ha-13ha-13ha -6.30772721437 0.325603853984 3.12249740844
13ha13ha-13ha-13ha- -6.45208654806 0.441933940662 3.27601641994
13ha13ha-13ha13ha- -6.19617689438 0.2165017116 2.99468229658
13ha13ha-4ha13ha -6.4932721152 0.14737547171 3.24235298599
13ha13ha13ha -6.65629104684 0.692153482457 3.58721219208
13ha13ha13ha-13ha -6.23874942414 0.26405855068 3.05503373016
13ha13ha13ha-13ha- -6.34661108394 0.357320072126 3.1632304157
13ha13ha13ha13ha -6.54440604326 0.588994701995 3.42647546774
13ha13ha13ha13ha- -6.37022810225 0.385869951894 3.20984363785
13hd13hd -7.41871300599 -0.0373725730987 3.57144076931
13hd13hd- -7.42040127464 -0.23540020248 3.4865278084
13hd13hd-13hd -7.12972974403 -0.526077332142 3.08325913812
13hd13hd-13hd-13hd -6.95499801987 -0.637785144644 2.84028296768
13hd13hd-13hd-13hd- -6.98452081753 -0.624188161383 2.8522205026
13hd13hd-13hd13hd- -6.98125374388 -0.682848161269 2.87325688653
13hd13hd-4hd13hd -7.21336688134 -0.786565192968 3.04912289335
13hd13hd13hd -7.23802283196 -0.320944879131 3.25332892732
13hd13hd13hd-13hd -7.02443504446 -0.703855513076 2.90281519813
13hd13hd13hd-13hd- -7.06469524642 -0.673491886161 2.92307523972
13hd13hd13hd13hd -7.18982967407 -0.475089652281 3.10560355774
13hd13hd13hd13hd- -7.090447571 -0.661292719571 2.97329755199
13he13he -6.94200844138 0.493167657095 3.62187281022
13he13he- -6.88423709046 0.281258253744 3.47814508563
13he13he-13he -6.53762251597 0.00701081811662 3.04573532262
13he13he-13he-13he -6.40969333548 -0.0462547478651 2.90957062064
13he13he-13he-13he- -6.48965495111 0.0614004769121 3.01307855318
13he13he-13he13he- -6.3477271572 -0.134118859426 2.82501891683
13he13he-4he13he -6.65131796994 -0.199597889871 3.06527292345
13he13he13he -6.62102434058 0.199792057673 3.20982709682
13he13he13he-13he -6.39443655547 -0.110537665464 2.8814091688
13he13he13he-13he- -6.44890387882 -0.0331508064474 2.94961984765
13he13he13he13he -6.57750417437 0.17295777311 3.14902334102
13he13he13he13he- -6.48169524622 -0.00599275220145 3.01090387532
13hf13hf -6.89632657147 0.568637057471 3.66896468859
13hf13hf- -6.87834598406 0.466618287102 3.61977942745
13hf13hf-13hf -6.59547033205 0.311851103634 3.29106497712
13hf13hf-13hf-13hf -6.24828188353 0.156562367184 2.96973025705
13hf13hf-13hf-13hf- -6.43645168878 0.105457509018 3.06894230297
13hf13hf-13hf13hf- -6.27926794136 0.0235982128932 2.89650208461
13hf13hf-4hf13hf -6.58024842697 -0.040124339978 3.13577560111
13hf13hf13hf -6.53718801742 0.275381066187 3.21995167431
13hf13hf13hf-13hf -6.5180240841 0.189596863434 3.14858619929
13hf13hf13hf-13hf- -6.60934074476 0.0811562291425 3.1364596001
13hf13hf13hf13hf -6.34215706309 0.0342332458211 2.91057352019
13hf13hf13hf13hf- -6.51050366797 0.121064761123 3.08185863676
13hh -7.57425302084 1.36681892103 4.71928428388
13hh13hh -6.68246796958 0.869053809386 3.7187163729
13hh13hh- -6.71440593927 0.697281430403 3.65807420627
13hh13hh-13hh -6.30412036692 0.444063965897 3.19192550417
13hh13hh-13hh-13hh -6.10372108591 0.403531243098 3.00913835594
13hh13hh-13hh-13hh- -6.13993043972 0.402604984507 3.03666440179
13hh13hh-13hh13hh- -6.08117502201 0.310602532698 2.94485920022
13hh13hh-4hh13hh -6.32651017331 0.249604169916 3.13300291567
13hh13hh13hh -6.3556555755 0.62332265244 3.32534143887
13hh13hh13hh-13hh -6.1038471127 0.358092336706 2.99042103987
13hh13hh13hh-13hh- -6.11872054321 0.383847045849 3.01133512328
13hh13hh13hh13hh -6.19138713377 0.478359434804 3.10914460756
13hh13hh13hh13hh- -6.13990241766 0.402603835904 3.03665487772
13hi13hi -6.88538596113 0.974869988655 3.94505219916
13hi13hi- -6.72418942454 0.690237793807 3.65901795507
13hi13hi-13hi -6.29780555242 0.426436559833 3.17256321744
13hi13hi-13hi-13hi -6.26650829457 0.435821799133 3.14692308323
13hi13hi-13hi-13hi- -6.39966322707 0.528182589287 3.28950372105
13hi13hi-13hi13hi- -6.07491231327 0.28292610803 2.9252016098
13hi13hi-4hi13hi -6.44946488974 0.29311813356 3.2642979984
13hi13hi13hi -6.5962847544 0.785609536207 3.59794927197
13hi13hi13hi-13hi -6.16386561301 0.358190139113 3.03183139017
13hi13hi13hi-13hi- -6.29859338341 0.465558310865 3.17951699922
13hi13hi13hi13hi -6.49411691922 0.702580761173 3.4576850206
13hi13hi13hi13hi- -6.35400871495 0.521144722011 3.26418906595
13hl13hl -6.70953733113 0.683872666815 3.62971502222
13hl13hl- -6.73657778942 0.652752609782 3.65351902963
13hl13hl-13hl -6.31487115316 0.383868925303 3.1584527092
13hl13hl-13hl-13hl -6.51662877249 0.563084948248 3.35966760466
13hl13hl-13hl-13hl- -6.63649841703 0.579546110809 3.47985056619
13hl13hl-13hl13hl- -6.09203029619 0.243552516257 2.90592257762
13hl13hl13hl -6.33345584743 0.402274204941 3.17605547467
13hl13hl13hl-13hl -6.09617490227 0.226169543152 2.90201582541
13hl13hl13hl-13hl- -6.27631685082 0.359579745196 3.09006111237
13hl13hl13hl13hl -6.17856104896 0.190039802392 2.90590408815
13hl13hl13hl13hl- -6.15905373013 0.238576281428 2.93534665318
13ia13ia -7.10284569138 0.922644389832 4.08549210389
13ia13ia- -7.0250429993 0.845638285985 3.97703679571
13ia13ia-13ia -6.69629978683 0.625192766735 3.58827518896
13ia13ia-13ia-13ia -6.5905709293 0.539103237641 3.44642469463
13ia13ia-13ia-13ia- -6.68264580789 0.614428390773 3.54836381053
13ia13ia-13ia13ia- -6.50600302903 0.482124226622 3.35868745381
13ia13ia-4ia13ia -6.77986007756 0.322754079942 3.59127156339
13ia13ia13ia -6.84802071401 0.74154484442 3.7640004629
13ia13ia13ia-13ia -6.54237718374 0.489748157975 3.386479539
13ia13ia13ia-13ia- -6.60201436981 0.525357642353 3.44510159088
13ia13ia13ia13ia -6.73134824851 0.639838567326 3.59935246645
13ia13ia13ia13ia- -6.63567725204 0.556064784628 3.48936980003
13id13id -7.73131452263 0.0317129538678 3.88410735502
13id13id- -7.4930860523 -0.253971896018 3.51236406455
13id13id-13id -7.1832109437 -0.542055440642 3.0824595888
13id13id-13id-13id -7.14420905053 -0.590636017334 3.02498470654
13id13id-13id-13id- -7.22585880522 -0.610806957766 3.06871414223
13id13id-13id13id- -7.02144231301 -0.710767241891 2.85914500944
13id13id-4id13id -7.41823368459 -0.64989636926 3.27176992672
13id13id13id -7.58675489519 -0.221683496654 3.60009103153
13id13id13id-13id -7.15270468888 -0.70290725086 2.95402031329
13id13id13id-13id- -7.29235453359 -0.593832788894 3.12453207194
13id13id13id13id -7.56782158857 -0.353429902543 3.48363174538
13id13id13id13id- -7.36894463646 -0.568300821862 3.21334616661
13ie13ie -7.162828544 0.567997816753 3.86902897464
13ie13ie- -6.90921505771 0.269752134052 3.47760438285
13ie13ie-13ie -6.56354012207 0.0120964383482 3.04514808106
13ie13ie-13ie-13ie -6.52605712636 -0.0189798680235 3.01066646864
13ie13ie-13ie-13ie- -6.65165577486 0.064059806644 3.14554708876
13ie13ie-13ie13ie- -6.37359739076 -0.143982150708 2.81250915978
13ie13ie-4ie13ie -6.72640121557 -0.103200082113 3.17896948569
13ie13ie13ie -6.94426307942 0.37206525094 3.57920434225
13ie13ie13ie-13ie -6.47380076127 -0.0981628137097 2.91272422956
13ie13ie13ie-13ie- -6.5939478978 -0.00987004555583 3.05875466018
13ie13ie13ie13ie -6.86747897369 0.279780130313 3.45272135457
13ie13ie13ie13ie- -6.68166458548 0.0640295137872 3.18761925137
13if13if -7.12966061075 0.799507334116 3.99563140095
13if13if- -7.12103078029 0.737208333547 3.94721851518
13if13if-13if -6.42602800172 0.291172150455 3.17155751161
13if13if-13if-13if -6.38020542113 0.242930386383 3.0975100754
13if13if-13if-13if- -6.52692209274 0.28657661875 3.22377524227
13if13if-13if13if- -6.24648423453 0.124839029507 2.93634035759
13if13if-4if13if -6.55557683304 0.0615861142478 3.1804480482
13if13if13if -6.88938940431 0.581182846425 3.65892027409
13if13if13if-13if -6.35549512889 0.17959117487 3.03386914739
13if13if13if-13if- -6.51025787037 0.235911381714 3.16771515905
13if13if13if13if -6.79614583602 0.466164153071 3.50199771428
13if13if13if13if- -6.65344565774 0.302727406459 3.30790096702
13ih13ih -6.88538595397 0.974869975631 3.94505218621
13ih13ih- -6.72418957868 0.690237755567 3.65901803923
13ih13ih-13ih -6.29780368606 0.426450839503 3.17257057423
13ih13ih-13ih-13ih -6.26651168517 0.435824652383 3.14692713538
13ih13ih-13ih-13ih- -6.35400753955 0.521144589097 3.26418819033
13ih13ih-13ih13ih- -6.07491257894 0.282925396544 2.92520170188
13ih13ih-4ih13ih -6.43808246268 0.355385146303 3.2729074003
13ih13ih13ih -6.59628495209 0.78560967966 3.5979495121
13ih13ih13ih-13ih -6.19725777764 0.364181186997 3.04677152311
13ih13ih13ih-13ih- -6.2985933633 0.465558319734 3.17951698895
13ih13ih13ih13ih -6.4941144492 0.70257973818 3.45768280318
13ih13ih13ih13ih- -6.39947237312 0.528061474923 3.28929512769
13ii -7.72926932785 1.45002553967 4.90719417033
13ii13ii -7.04855182549 1.0309082162 4.11009061215
13ii13ii- -7.02939790149 1.01322626383 4.08296082921
13ii13ii-13ii -6.6753441008 0.77990505496 3.66694010088
13ii13ii-13ii-13ii -6.59719332748 0.73938624923 3.57230277368
13ii13ii-13ii-13ii- -6.56927741112 0.701480070031 3.53907827378
13ii13ii-13ii13ii- -6.53011077954 0.691481270703 3.50847738894
13ii13ii-4ii13ii -6.7527814793 0.506771849347 3.6715451379
13ii13ii13ii -6.74708900058 0.833946642401 3.75379075677
13ii13ii13ii-13ii -6.54224152564 0.691065635216 3.51357772714
13ii13ii13ii-13ii- -6.55218915388 0.688170713513 3.51607817721
13ii13ii13ii13ii -6.63446436806 0.74688591631 3.60245369428
13ii13ii13ii13ii- -6.67301218341 0.787519859655 3.64224983262
13il13il -6.95986213617 0.837360937838 3.91499226895
13il13il- -6.77327813858 0.65671989899 3.67148483416
13il13il-13il -6.36466749424 0.351308512844 3.16401770409
13il13il-13il-13il -6.12276950489 0.228787701073 2.92050434292
13il13il-13il-13il- -6.25554799187 0.29453930135 3.04606598936
13il13il-13il13il- -6.10829018092 0.218780455252 2.90366945862
13il13il13il -6.62890890706 0.606840506912 3.51441157425
13il13il13il-13il -6.21131132769 0.263185941769 2.99261205228
13il13il13il-13il- -6.18450463846 0.287693780244 2.99208649517
13il13il13il13il -6.49464181491 0.49689753047 3.33312941828
13il13il13il13il- -6.36507151702 0.423766595002 3.19943945547
13la13la -6.91767095408 0.749068697416 3.8398132952
13la13la- -6.77668463687 0.605983329652 3.65018454899
13la13la-13la -6.32566530251 0.334334567537 3.15205250321
13la13la-13la-13la -6.18345396632 0.249476807833 2.99993462547
13la13la-13la-13la- -6.29961067852 0.341842608904 3.1218183831
13la13la13la -6.54065466869 0.457438311926 3.37280481928
13la13la13la-13la -6.1914432912 0.191909308713 2.9645676467
13la13la13la-13la- -6.28293685598 0.246417799086 3.04992690718
13la13la13la13la -6.33877261194 0.281362115413 3.11120960963
13la13la13la13la- -6.25501178363 0.230166023446 3.03969496937
13ld13ld- -7.41349749048 -0.23340583978 3.46583044827
13ld13ld-13ld -7.02279404814 -0.496590975489 2.9998934164
13ld13ld-13ld-13ld -6.96264490001 -0.619500875358 2.87594018272
13ld13ld-13ld-13ld- -7.08532730539 -0.619279371886 2.95148558706
13ld13ld-13ld13ld- -6.82391158442 -0.645705298129 2.76663845457
13ld13ld13ld -7.02537046427 -0.496492677782 3.00199032667
13ld13ld13ld-13ld -6.82393406796 -0.64562326633 2.76671028468
13ld13ld13ld13ld -7.08528717232 -0.619420264263 2.95136708696
13ld13ld13ld13ld- -7.00012114686 -0.640678360174 2.88830321667
13le13le -6.92438049817 0.252531852857 3.48481864774
13le13le- -6.85878027641 0.27685660265 3.44424981178
13le13le-13le -6.53335610061 -0.00191001452622 3.0286837711
13le13le-13le-13le -6.39368026701 -0.108542052641 2.85936161267
13le13le-13le-13le- -6.61180289819 0.0713574535742 3.11670217021
13le13le-13le13le- -6.32779445292 -0.142970165316 2.80065326892
13le13le13le -6.53335271849 -0.00191555683547 3.02867707608
13le13le13le-13le -6.32956455407 -0.143064717305 2.80195260876
13le13le13le-13le- -6.41924293547 -0.0790460177251 2.89342427751
13le13le13le13le -6.39710953843 -0.137156862891 2.8336849829
13le13le13le13le- -6.41085230048 -0.130512078941 2.84752711652
13lf13lf- -6.84810333429 0.500511405389 3.62392261765
13lf13lf-13lf -6.3825423159 0.27623306344 3.13011250695
13lf13lf-13lf-13lf -6.24245081201 0.115764059345 2.90762259122
13lf13lf-13lf-13lf- -6.55677376775 0.198517962252 3.18225573671
13lf13lf-13lf13lf- -6.20111234272 0.0923830300766 2.87765627427
13lh13lh- -6.73657701662 0.652752627166 3.65351826508
13lh13lh-13lh -6.3443668778 0.356436727023 3.15834638642
13lh13lh-13lh-13lh -6.146721123 0.25472862492 2.93578505699
13lh13lh-13lh-13lh- -6.15905193173 0.238576141918 2.9353452136
13lh13lh-13lh13lh- -6.09208822069 0.243547653139 2.9059757643
13li13li -6.77326192537 0.656709179227 3.67146753287
13li13li- -6.77327809649 0.656719872031 3.67148478826
13li13li-13li -6.34315714142 0.375564929998 3.16725248614
13li13li-13li-13li -6.25179260721 0.312871658978 3.05774154431
13li13li-13li-13li- -6.36508532841 0.42378600759 3.19945890603
13li13li-13li13li- -6.10828561461 0.21877738873 2.90366435462
13li13li13li -6.44903710937 0.470353323653 3.30411556213
13li13li13li-13li -6.1083440937 0.218813462197 2.90372642527
13li13li13li-13li- -6.18450552786 0.287694451069 2.99208377472
13li13li13li13li -6.30304840451 0.332072816829 3.10790336474
13li13li13li13li- -6.25554676801 0.294538985764 3.04606483038
13ll -7.73454575734 1.27479027031 4.76150858878
13ll13ll -7.37371727053 0.995217804431 4.29755964472
13ll13ll- -6.64895161676 0.66223844768 3.57880811623
13ll13ll-13ll -6.35117440837 0.336511515165 3.14850967518
13ll13ll-13ll-13ll -6.17345003257 0.162155466121 2.89530988604
13ll13ll-13ll-13ll- -6.39384898558 0.396803487594 3.19825063122
13ll13ll-13ll13ll- -6.08003981358 0.227037488035 2.88067862391
13ll13ll13ll -6.70186605347 0.474410628673 3.46724283148
13ll13ll13ll-13ll -6.1829678825 0.168898062857 2.90833659063
13ll13ll13ll-13ll- -6.52572341454 0.512563361514 3.35387571883
13ll13ll13ll13ll -7.06658981598 0.806713164339 3.87369016871
13ll13ll13ll13ll- -6.32843322749 0.274442912791 3.07592796124
3 -10.6239197755 2.38736408025 4.76941422909
4dd -9.35203073082 -0.735875383807 4.49265068842
4dd4dd -9.18683818659 -1.08078250766 4.2453710333
4dd4dd4dd -8.98296803694 -1.29452593001 4.02202430521
4dd4dd4dd4dd -8.90164488166 -1.39898095312 3.95924803771
4dh -8.22258294892 0.147244622786 4.28285730918
4dh4dh -8.11147114054 -0.10792171831 4.11405775021
4dh4dh- -8.03835817497 -0.0658259675338 4.08481391538
4dh4dh-4dh -7.9395205816 -0.169032119512 3.97423927811
4dh4dh-4dh-4dh -7.93946231756 -0.23120077256 3.95811241162
4dh4dh-4dh-4dh- -7.85966249064 -0.250219704494 3.93721635977
4dh4dh-4dh4dh -7.90412736863 -0.232762415977 3.95523374006
4dh4dh-4dh4dh- -7.87725146368 -0.231748733206 3.95474662496
4dh4dh4dh -8.04186771926 -0.193316935655 4.03114365879
4dh4dh4dh-4dh -7.88281579693 -0.250970692347 3.94025624981
4dh4dh4dh-4dh- -7.90137779294 -0.283539586863 3.93216544681
4dh4dh4dh4dh -7.8847479003 -0.28630551524 3.92898762626
4dh4dh4dh4dh- -7.8376121583 -0.238493225662 3.9338513195
4hd -8.2227737386 0.147202300986 4.28293058201
4hd4hd -8.11116445782 -0.10806671368 4.11385343349
4hd4hd- -8.03833926676 -0.0658614266785 4.08478887732
4hd4hd-4hd -7.93883070179 -0.169498181171 3.97375584289
4hd4hd-4hd-4hd -7.87917617311 -0.284371410278 3.95516862684
4hd4hd-4hd-4hd- -7.96722333891 -0.289581538163 3.96359618293
4hd4hd-4hd4hd -7.92444836799 -0.250045341827 3.96550208932
4hd4hd-4hd4hd- -7.87491661788 -0.229099439726 3.95280395586
4hd4hd4hd -8.04173043186 -0.193659372806 4.03121585859
4hd4hd4hd-4hd -7.86340909182 -0.28061030984 3.92961946909
4hd4hd4hd-4hd- -7.90137947203 -0.283584634093 3.93213847242
4hd4hd4hd4hd -7.88468871521 -0.286476971937 3.92886522887
4hd4hd4hd4hd- -7.85988845501 -0.249893743381 3.93727447707
4hh -7.50827700801 0.925307800825 4.10359559207
4hh4hh -7.32589166982 0.659347268379 3.93089014662
4hh4hh4hh -7.16945245222 0.484787567354 3.78559696091
4hh4hh4hh4hh -7.0806037047 0.405591998316 3.71782393236
6aa -9.04058593869 0.487386210113 4.3067667108
6aa6aa -8.18223188413 -0.0333125712172 4.07956138213
6aa6aa- -8.19191987776 -0.0231570826562 4.10306864396
6aa6aa-4aa6aa -7.67716392868 -0.263942578798 3.89853821104
6aa6aa-6aa -7.82544838716 -0.310209512279 3.94179938388
6aa6aa-6aa-6aa -7.63432732308 -0.465256839571 3.72059340143
6aa6aa-6aa-6aa- -7.62883482705 -0.467053062973 3.71459006182
6aa6aa-6aa6aa- -7.64052458524 -0.459217919164 3.73457983503
6aa6aa6aa -7.80837669404 -0.321688527748 3.9105371836
6aa6aa6aa-6aa -7.63257491036 -0.461888984071 3.72282575344
6aa6aa6aa-6aa- -7.62771964892 -0.464069483411 3.7171402688
6aa6aa6aa6aa -7.61811474022 -0.469704720243 3.70020137786
6aa6aa6aa6aa- -7.62357627613 -0.467992309415 3.70594133516
6ad6ad -8.68392843714 -0.706674097839 3.95168086384
6ad6ad- -8.71037239584 -0.705886320186 3.96765137691
6ad6ad-4ad6ad -8.37902251784 -0.929038842377 3.94188797936
6ad6ad-6ad -8.51764718031 -0.850158582645 4.06043948366
6ad6ad-6ad-6ad -8.37351825105 -1.04678672589 3.83765497129
6ad6ad-6ad-6ad- -8.28264007432 -1.24116655139 3.6580905104
6ad6ad-6ad6ad- -8.30540687748 -1.23313930396 3.68572159059
6ad6ad6ad -8.40577832286 -1.0524383327 3.84786132783
6ad6ad6ad-6ad -8.29126118204 -1.23496234069 3.67117775963
6ad6ad6ad-6ad- -8.38327811512 -1.02223160575 3.86533195548
6ad6ad6ad6ad -8.38647471159 -1.01661529613 3.86362424843
6ad6ad6ad6ad- -8.3804093073 -1.02768820798 3.85483968619
6ae6ae -8.07715576162 -0.075158641098 4.07882375075
6ae6ae- -8.03522451614 -0.0639091414607 4.0638190795
6ae6ae-4ae6ae -7.67250364669 -0.335033754612 3.81980952477
6ae6ae-6ae -7.79465492934 -0.291513832667 3.89509718984
6ae6ae-6ae-6ae -7.6643629725 -0.447274522048 3.72080725783
6ae6ae-6ae-6ae- -7.68883571134 -0.429488872704 3.74401794617
6ae6ae-6ae6ae- -7.66381671658 -0.418995801345 3.75124047642
6ae6ae6ae -7.82107353255 -0.330980780239 3.86794782202
6ae6ae6ae-6ae -7.66967131045 -0.430658357184 3.74411971636
6ae6ae6ae-6ae- -7.66881882115 -0.448153200226 3.72482368135
6ae6ae6ae6ae -7.69584029547 -0.444853112974 3.73512173358
6ae6ae6ae6ae- -7.67811315285 -0.445629754422 3.73357241945
6af6af -8.16172198164 -0.00361091809133 4.1313321148
6af6af- -8.14494127926 -0.0197548382676 4.15472433774
6af6af-4af6af -7.59783543192 -0.334963934367 3.73628522057
6af6af-6af -7.79289993929 -0.294763206358 3.83541492742
6af6af-6af-6af -7.57324679025 -0.451470741371 3.6165335525
6af6af-6af-6af- -7.59169278344 -0.47458695195 3.6125158381
6af6af-6af6af- -7.65951072886 -0.418576912073 3.69263244099
6af6af6af -7.91868409224 -0.218746823141 3.92329592586
6af6af6af-6af -7.70960334167 -0.413821224065 3.717362302
6af6af6af-6af- -7.71468168122 -0.451361844265 3.69539094894
6af6af6af6af -7.77441733369 -0.358635369777 3.7731472837
6af6af6af6af- -7.78340697104 -0.38611866758 3.76323073381
6ah6ah -7.74572101805 0.220625671409 4.00229718602
6ah6ah- -7.69189474846 0.211116405345 3.9909604738
6ah6ah-4ah6ah -7.3504642448 0.0151675069522 3.73033173832
6ah6ah-6ah -7.45269010738 0.00629212128475 3.75945591242
6ah6ah-6ah-6ah -7.34621516203 -0.10593576264 3.63366591306
6ah6ah-6ah-6ah- -7.3668437902 -0.084255235461 3.65559696458
6ah6ah-6ah6ah- -7.31037894502 -0.11005151957 3.61800202589
6ah6ah6ah -7.5199089924 0.0311809352405 3.79103351354
6ah6ah6ah-6ah -7.33065032072 -0.10773018445 3.62893598326
6ah6ah6ah-6ah- -7.35436757209 -0.0901874372922 3.64679953155
6ah6ah6ah6ah -7.37529931915 -0.0965666918048 3.64736147424
6ah6ah6ah6ah- -7.36065021765 -0.105232195085 3.63838560846
6ai6ai -8.14700452135 0.205193833306 4.18041340416
6ai6ai- -8.13817299945 0.214993018266 4.18954730347
6ai6ai-4ai6ai -7.69641863856 0.0370014308762 4.04746837638
6ai6ai-6ai -7.8369870726 0.0170082864299 4.09075491944
6ai6ai-6ai-6ai -7.68569378159 -0.0890844789558 3.9382476723
6ai6ai-6ai-6ai- -7.69291620264 -0.0778962755712 3.94175496428
6ai6ai-6ai6ai- -7.69010810296 -0.076615213143 3.95988993646
6ai6ai6ai -7.84210428346 0.0133185919516 4.05032577794
6ai6ai6ai-6ai -7.67602686755 -0.0930833550046 3.93852392601
6ai6ai6ai-6ai- -7.68609692957 -0.0824253035258 3.94494870562
6ai6ai6ai6ai -7.68036463511 -0.089073364716 3.92132619474
6ai6ai6ai6ai- -7.68247546934 -0.0871476175443 3.92907478407
6al6al -7.84579158181 -0.00746070895987 3.90956367052
6al6al- -7.87112809607 0.0228513992688 3.92907081622
6al6al6al -7.4874234498 -0.269928226693 3.66749749631
6al6al6al6al -7.37421984156 -0.282950828633 3.59587330192
6al6al6al6al- -7.27869249504 -0.374064216811 3.48781096435
6da6da -8.81564841382 -0.401243835575 4.16167585496
6da6da- -8.68906907509 -0.687202619787 3.96318904742
6da6da-4da6da -8.40269279031 -0.787231146987 4.03949151988
6da6da-6da -8.41801961582 -1.00469738506 3.90362810585
6da6da-6da-6da -8.41167673061 -0.898535532835 3.97326229562
6da6da-6da-6da- -8.23946187866 -1.17454719479 3.67717432726
6da6da-6da6da- -8.28333967171 -1.17580079256 3.71950878345
6da6da6da -8.63094257521 -0.555004406974 4.13859790959
6da6da6da-6da -8.38916834511 -0.928153543895 3.92618413003
6da6da6da-6da- -8.40419679614 -0.877993402953 3.9606107467
6da6da6da6da -8.54094051924 -0.644141564858 4.13894087588
6da6da6da6da- -8.45384921973 -0.808197937922 4.02793046919
6dd -9.48221284471 -0.89577417508 4.20450604733
6dd6dd -9.22784598384 -1.19301179406 4.12260015419
6dd6dd6dd -9.08946668173 -1.37256732737 4.08019871297
6dd6dd6dd6dd -9.01710057668 -1.48991222963 4.06883794285
6de6de -8.55816296798 -0.68887160834 4.07324846432
6de6de6de -8.43410986599 -0.807613498151 3.994574125
6de6de6de6de -8.3987736247 -0.8548035786 3.98245469763
6df6df -8.65790043331 -0.429843426744 4.11081076715
6df6df- -8.67446140901 -0.56967429958 4.13993038535
6df6df-4df6df -8.29696105005 -0.744095927244 3.90142562458
6df6df-6df -8.4334448794 -0.719343400938 3.96459490855
6df6df-6df-6df -8.32107322472 -0.85879513174 3.84937410933
6df6df-6df-6df- -8.31419458326 -0.819128985401 3.84747018302
6df6df-6df6df- -8.36044580352 -0.863575575108 3.86804300138
6df6df6df -8.53661246922 -0.604673953113 4.02603434694
6df6df6df-6df -8.42346727963 -0.851345311408 3.90348901859
6df6df6df-6df- -8.42170652191 -0.82128737739 3.87656697533
6df6df6df6df -8.49521976055 -0.67726584049 3.98197302731
6df6df6df6df- -8.50284632383 -0.828112312909 3.93716790506
6dh6dh -8.17471852107 -0.184621234915 4.00149054238
6dh6dh- -8.06014418635 -0.272374743836 3.89990581819
6dh6dh-4dh6dh -7.86800745351 -0.405283714066 3.76765149752
6dh6dh-6dh -7.94171839403 -0.372835453815 3.78982606112
6dh6dh-6dh-6dh -7.90219275277 -0.475880245119 3.72376698362
6dh6dh-6dh-6dh- -7.87937883158 -0.42675617551 3.71916215469
6dh6dh-6dh6dh- -7.89832546808 -0.45770557372 3.72749023129
6dh6dh6dh -7.90769818808 -0.396917723016 3.75077290163
6dh6dh6dh-6dh -7.89840174562 -0.45737329865 3.72765683382
6dh6dh6dh-6dh- -7.89795162918 -0.461249833073 3.70299312258
6dh6dh6dh6dh -7.82965104788 -0.487515460727 3.66297932109
6dh6dh6dh6dh- -7.90224830682 -0.475874024871 3.72379441891
6di6di -8.66075873488 -0.349629187554 4.16968656769
6di6di- -8.66087172171 -0.349611083545 4.16968881289
6di6di-4di6di -8.44655189293 -0.42166145591 4.12792117989
6di6di-6di -8.49771414429 -0.446325957205 4.12480582555
6di6di-6di-6di -8.40057366289 -0.569064954028 4.07481185848
6di6di-6di-6di- -8.40869518649 -0.579866099266 4.08011182125
6di6di-6di6di- -8.4183868198 -0.534499770752 4.09752190629
6di6di6di-6di -8.41820452132 -0.532868422554 4.09785279276
6di6di6di-6di- -8.40349620609 -0.563025747627 4.06531594309
6di6di6di6di -8.40871072218 -0.579845507216 4.08014144807
6di6di6di6di- -8.40044595737 -0.569203504867 4.07476327632
6dl6dl -8.42838606638 -0.302055453827 4.10557506256
6dl6dl- -8.39680353588 -0.34011023067 4.07733974877
6dl6dl6dl -8.26113537363 -0.447161481329 3.98049464717
6dl6dl6dl6dl -8.18230414535 -0.496453439815 3.92466916266
6dl6dl6dl6dl- -8.11348106707 -0.522522980061 3.86996478914
6ea6ea -8.14768836569 0.135894577787 4.16461421166
6ea6ea- -8.02509339934 -0.0526404660147 4.05192657353
6ea6ea-4ea6ea -7.71465995388 -0.204055306884 3.92375570021
6ea6ea-6ea -7.73519620291 -0.445174155168 3.78718657262
6ea6ea-6ea-6ea -7.70694338512 -0.292528584725 3.85306284273
6ea6ea-6ea-6ea- -7.75000383842 -0.252318160228 3.91331030278
6ea6ea-6ea6ea- -7.58164009715 -0.586063418136 3.61380616484
6ea6ea6ea -7.92236499896 -0.0381201771111 4.06668054322
6ea6ea6ea-6ea -7.65705501202 -0.327513644354 3.7867419128
6ea6ea6ea-6ea- -7.70886763473 -0.258565268293 3.854914614
6ea6ea6ea6ea -7.81877332277 -0.110690109348 4.00297888932
6ea6ea6ea6ea- -7.72820017399 -0.217887337145 3.88301615572
6ed6ed -8.57636086285 -0.689084276597 4.11923088342
6ed6ed6ed -8.44242572499 -0.819040023927 4.00381930049
6ed6ed6ed6ed -8.38089706135 -0.890821217442 3.9746711475
6ee -8.22062304734 -0.0795338477747 4.17735000708
6ee6ee -7.96895011608 -0.194224656276 4.02959411154
6ee6ee6ee -7.81636454541 -0.276206743107 3.90519599159
6ee6ee6ee6ee -7.73126405629 -0.331641005163 3.85864532566
6ef6ef -8.0209052404 0.0665247805924 4.05284590367
6ef6ef- -7.97650229311 -0.0885360488196 3.99975795311
6ef6ef-4ef6ef -7.63309589154 -0.254170253861 3.77576509145
6ef6ef-6ef -7.76773481287 -0.186412600656 3.85816535147
6ef6ef-6ef-6ef -7.64324966557 -0.264870438811 3.74725394269
6ef6ef-6ef-6ef- -7.64744398948 -0.298127218348 3.72763114618
6ef6ef-6ef6ef- -7.6747050283 -0.294170883321 3.76092744854
6ef6ef6ef -7.91142723052 -0.038972842937 3.9301967508
6ef6ef6ef-6ef -7.70736062195 -0.301169733693 3.75214810167
6ef6ef6ef-6ef- -7.72570093231 -0.339407861021 3.74323613246
6ef6ef6ef6ef -7.83153763945 -0.126130589136 3.85817955924
6ef6ef6ef6ef- -7.8133318395 -0.256010785331 3.80271202565
6eh6eh -7.55412243001 0.213711693375 3.86679455245
6eh6eh- -7.5546584897 0.213603307998 3.86694314874
6eh6eh-4eh6eh -7.33921417941 0.0816744787283 3.71963654569
6eh6eh-6eh -7.41773519932 0.12697382697 3.74805505896
6eh6eh-6eh-6eh -7.41556404716 0.13962459675 3.72166090402
6eh6eh-6eh-6eh- -7.42532201918 0.146485508709 3.72816241761
6eh6eh-6eh6eh- -7.34862943338 0.0651608756495 3.68355893605
6eh6eh6eh -7.3966051016 0.0952276068458 3.72570175747
6eh6eh6eh-6eh -7.36887986474 0.0908847980176 3.68763502732
6eh6eh6eh-6eh- -7.3263058725 0.0409315268017 3.66510852396
6eh6eh6eh6eh -7.30357148241 -0.000718403519065 3.63455487583
6eh6eh6eh6eh- -7.43557383196 0.138130132168 3.72060578889
6ei6ei -8.04832077704 0.187254937639 4.17109569113
6ei6ei- -8.04832011682 0.187254721833 4.17109552493
6ei6ei-4ei6ei -7.78909301756 0.129076049879 4.0418299149
6ei6ei-6ei -7.88967031915 0.159536184793 4.06321697082
6ei6ei-6ei-6ei -7.81888994366 0.134871175087 4.02708424553
6ei6ei-6ei-6ei- -7.76555909615 0.0383316565617 3.99956771047
6ei6ei-6ei6ei- -7.76540460212 0.0382233022701 3.99944616729
6ei6ei6ei -7.85954157034 0.103854161176 4.04752302239
6ei6ei6ei-6ei -7.81899515351 0.134938731124 4.02712449064
6ei6ei6ei-6ei- -7.78493108797 0.0807052914481 4.00530916228
6ei6ei6ei6ei -7.76531364541 0.0379390143737 3.99929191112
6ei6ei6ei6ei- -7.79994707466 0.100380550415 4.02290599502
6el6el -7.79506073614 0.149161967703 3.98677264948
6el6el- -7.79035138639 0.143846432727 3.99078775898
6el6el6el -7.57747172741 0.0115525633628 3.82818261346
6el6el6el6el -7.47061756553 -0.0399568188741 3.7591866781
6el6el6el6el- -7.42448457113 -0.0336378875668 3.73127245055
6fa6fa -7.93215225292 -0.22873611591 3.87082303381
6fa6fa- -7.95937440916 -0.04558938942 4.09940502809
6fa6fa-4fa6fa -7.67615511586 -0.157160664038 3.87762988676
6fa6fa-6fa -7.75945887607 -0.299689871147 3.83263604364
6fa6fa-6fa-6fa -7.66113679735 -0.294187314462 3.77630344976
6fa6fa-6fa-6fa- -7.599462867 -0.174689364239 3.81174598119
6fa6fa-6fa6fa- -7.55010001023 -0.395745513133 3.65159074516
6fa6fa6fa -7.60465119858 -0.564918944269 3.48162858616
6fa6fa6fa-6fa -7.49047379607 -0.494074665882 3.50478189387
6fa6fa6fa-6fa- -7.42722693662 -0.389295427609 3.52344896778
6fa6fa6fa6fa -7.4337135604 -0.745547310927 3.27613184762
6fa6fa6fa6fa- -7.36468643508 -0.604723598164 3.32930564982
6fd6fd -8.36149334256 -0.866511805202 3.75991713044
6fd6fd- -8.53781711335 -0.446672233017 4.18963758474
6fd6fd-4fd6fd -8.40239751919 -0.66444534156 4.00080874384
6fd6fd-6fd -8.43056105501 -0.766999596915 3.95255905065
6fd6fd-6fd-6fd -8.36651956753 -0.789415478707 3.88493225452
6fd6fd-6fd-6fd- -8.29413442286 -0.718551370284 3.89588179003
6fd6fd-6fd6fd- -8.2849098207 -0.848912102354 3.82801479549
6fd6fd6fd -8.12381597563 -1.26805235895 3.38592536438
6fd6fd6fd-6fd -8.23150893792 -1.03832498947 3.60365657275
6fd6fd6fd-6fd- -8.13757302109 -0.981522849453 3.58717814978
6fd6fd6fd6fd -8.00207116972 -1.49000047741 3.20064448565
6fd6fd6fd6fd- -8.03282038234 -1.24895427075 3.34426740053
6fe6fe -7.7042278373 -0.411792956862 3.62818669864
6fe6fe- -7.88551268014 0.0397504536625 4.05550655781
6fe6fe-4fe6fe -7.68750643088 -0.129205941137 3.86962720273
6fe6fe-6fe -7.74989778101 -0.235549793783 3.83309200486
6fe6fe-6fe-6fe -7.65297738758 -0.289722678935 3.73376618353
6fe6fe-6fe-6fe- -7.58797402905 -0.178092194765 3.75391056638
6fe6fe-6fe6fe- -7.60115701251 -0.285204402619 3.72444904586
6fe6fe6fe -7.44601307757 -0.766655490279 3.27262736495
6fe6fe6fe-6fe -7.52351096282 -0.479504341854 3.4961370534
6fe6fe6fe-6fe- -7.45575479206 -0.398101421516 3.49652415879
6fe6fe6fe6fe -7.30434934714 -0.955674671983 3.09402414846
6fe6fe6fe6fe- -7.34355247352 -0.696522152856 3.24654390342
6ff -8.38523229778 0.368019375164 4.33563884322
6ff6ff -7.86550889614 -0.277079222188 3.7554719117
6ff6ff- -7.89055575044 -0.0832830644995 3.94679027636
6ff6ff-4ff6ff -7.59204559675 -0.279665476544 3.68709164253
6ff6ff-6ff -7.72006373413 -0.334498653948 3.72428646053
6ff6ff-6ff-6ff -7.5667835462 -0.406942804824 3.57470433413
6ff6ff-6ff-6ff- -7.4873766536 -0.354795344923 3.55595483627
6ff6ff-6ff6ff- -7.54098493897 -0.402833113015 3.57471943788
6ff6ff6ff -7.60290765169 -0.607462149222 3.41827365631
6ff6ff6ff-6ff -7.50083538081 -0.539619474519 3.4250557906
6ff6ff6ff-6ff- -7.43376210794 -0.477982838801 3.42040017379
6ff6ff6ff6ff -7.44945725346 -0.80322763637 3.22360244612
6ff6ff6ff6ff- -7.39892078807 -0.650060491647 3.28383884975
6fh6fh -7.50394425903 -0.0826301763045 3.62963903893
6fh6fh- -7.55010548251 0.191181816041 3.85778258129
6fh6fh-4fh6fh -7.32364771006 -0.029783537447 3.64928303646
6fh6fh-6fh -7.44628625458 -0.100315939048 3.67633113498
6fh6fh-6fh-6fh -7.33494589093 -0.160543495578 3.56443293831
6fh6fh-6fh-6fh- -7.25353431205 0.00993498143997 3.59020535903
6fh6fh-6fh6fh- -7.24393551018 -0.139496232444 3.5305636465
6fh6fh6fh -7.24701833711 -0.39447524305 3.31066906297
6fh6fh6fh-6fh -7.2124494449 -0.276594197032 3.37086472667
6fh6fh6fh-6fh- -7.12513984892 -0.150551420839 3.38718611435
6fh6fh6fh6fh -7.09802890031 -0.576079910003 3.13158336455
6fh6fh6fh6fh- -7.05506817201 -0.393269479014 3.20969048342
6fi6fi -7.8059096111 -0.0908432648924 3.84983900731
6fi6fi- -7.94608426458 0.241376527878 4.17153257227
6fi6fi-4fi6fi -7.73199393109 0.222990688634 4.03231307379
6fi6fi-6fi -7.82699432236 0.0845216678718 4.00636526602
6fi6fi-6fi-6fi -7.71615704991 0.0598539682346 3.93066059757
6fi6fi-6fi-6fi- -7.65333827591 0.163982821599 3.94949888585
6fi6fi-6fi6fi- -7.67096201409 0.0527264651922 3.90966787829
6fi6fi6fi -7.50122121442 -0.401255271914 3.50927117553
6fi6fi6fi-6fi -7.52409234587 -0.184539728724 3.65640672613
6fi6fi6fi-6fi- -7.44549005828 -0.110135373001 3.65620118504
6fi6fi6fi6fi -7.32443855846 -0.574992066123 3.29880364056
6fi6fi6fi6fi- -7.31376739931 -0.413243468773 3.40029230267
6fl6fl -7.56464825703 -0.253016587097 3.58348887012
6fl6fl- -7.79239847926 0.181555997125 4.02175645239
6fl6fl6fl -7.23576344009 -0.579015439366 3.21702877592
6fl6fl6fl6fl -7.04973198798 -0.753565026071 3.0252077209
6fl6fl6fl6fl- -7.09753643305 -0.534136827044 3.16768566538
6ha6ha -7.53687672561 0.201817510768 3.84328903762
6ha6ha- -7.64348724567 0.244418787079 3.99786648333
6ha6ha-4ha6ha -7.23861291814 0.00468423438276 3.62423241331
6ha6ha-6ha -7.3784468918 0.0422561020836 3.74150486532
6ha6ha-6ha-6ha -7.15949445713 -0.110049827417 3.47539844696
6ha6ha-6ha-6ha- -7.12957425167 -0.147454700114 3.42571741851
6ha6ha-6ha6ha- -7.23812979108 -0.0601018277728 3.59963744237
6ha6ha6ha -7.25278967133 -0.0282485985456 3.55658122733
6ha6ha6ha-6ha -7.18149820092 -0.0741647620969 3.52767425228
6ha6ha6ha-6ha- -7.16078472059 -0.101453311898 3.49221954246
6ha6ha6ha6ha -7.10122908461 -0.150250534026 3.40144464488
6ha6ha6ha6ha- -7.11486888934 -0.120109852317 3.42957889774
6hd6hd -7.95834743048 -0.335506014183 3.78701710626
6hd6hd- -8.01801111328 -0.201137554711 3.9409654211
6hd6hd-4hd6hd -7.80158376826 -0.516920007381 3.63990545743
6hd6hd-6hd -7.88625588411 -0.371723914721 3.76765361857
6hd6hd-6hd-6hd -7.74346375396 -0.60508271777 3.5260278107
6hd6hd-6hd-6hd- -7.70943780466 -0.651328601747 3.48449252632
6hd6hd-6hd6hd- -7.81167242318 -0.468936407854 3.6795171764
6hd6hd6hd -7.79593705847 -0.603718826024 3.55662760783
6hd6hd6hd-6hd -7.80370151782 -0.594016616988 3.59611042608
6hd6hd6hd-6hd- -7.73683537273 -0.648594296803 3.52470475982
6hd6hd6hd6hd -7.70605898676 -0.743920304975 3.44004944056
6hd6hd6hd6hd- -7.75017182835 -0.705214966288 3.4812499575
6he6he -7.39311434461 0.0837339055094 3.68922974988
6he6he- -7.50763515265 0.233013182441 3.88211957768
6he6he-4he6he -7.23555372534 -0.0140703447209 3.58872962212
6he6he-6he -7.34578668618 0.113097278379 3.71843960984
6he6he-6he-6he -7.16038172089 -0.110334936681 3.45329971664
6he6he-6he-6he- -7.11868542096 -0.171300782776 3.39630688592
6he6he-6he6he- -7.26675293154 0.0285893833051 3.63373200198
6he6he6he -7.20067815245 -0.143130231627 3.45633181974
6he6he6he-6he -7.21458319548 -0.0993045895048 3.49470785342
6he6he6he-6he- -7.16808488105 -0.146865380985 3.4609479528
6he6he6he6he -7.09273912356 -0.258368446584 3.33638488479
6he6he6he6he- -7.13507442623 -0.212039190447 3.38128651099
6hf6hf -7.53368005725 0.102874578918 3.74610600858
6hf6hf- -7.62157821859 0.095115600169 3.8559633961
6hf6hf-4hf6hf -7.26832927537 -0.142932896881 3.52418020884
6hf6hf-6hf -7.44546921857 -0.058327475172 3.69151363231
6hf6hf-6hf-6hf -7.20068411765 -0.238729431988 3.39612498008
6hf6hf-6hf-6hf- -7.13391544885 -0.309254548196 3.31257445086
6hf6hf-6hf6hf- -7.28234223417 -0.168876163187 3.53288915449
6hf6hf6hf -7.33887853821 -0.0996832140439 3.52297568488
6hf6hf6hf-6hf -7.26021791416 -0.181647696001 3.47085288967
6hf6hf6hf-6hf- -7.22804880633 -0.256295143624 3.40329091546
6hf6hf6hf6hf -7.2275498242 -0.216191524513 3.39507242044
6hf6hf6hf6hf- -7.21039671852 -0.201100890579 3.40535994477
6hh -7.64746360629 0.649553316661 4.05227307941
6hh6hh -7.24748135031 0.286879130765 3.66698188619
6hh6hh6hh -7.03938746545 0.104808865074 3.44576118668
6hh6hh6hh6hh -6.91550880145 -0.00279285930619 3.31674992751
6hi6hi -7.48369946937 0.324699891254 3.86833616251
6hi6hi- -7.65424384584 0.475937243247 4.04948064141
6hi6hi-4hi6hi -7.28910654388 0.315214566285 3.77049811859
6hi6hi-6hi -7.48559130654 0.40489196419 3.91386455978
6hi6hi-6hi-6hi -7.24530918244 0.22283573834 3.67273736574
6hi6hi-6hi-6hi- -7.18389815739 0.135727498868 3.59741996917
6hi6hi-6hi6hi- -7.40692670778 0.378338666652 3.84641943686
6hi6hi6hi -7.25887612914 0.146572789579 3.65206570755
6hi6hi6hi-6hi -7.29524053842 0.230194984992 3.71048713467
6hi6hi6hi-6hi- -7.2649124173 0.198342492652 3.68222202979
6hi6hi6hi6hi -7.1375871323 0.0571293182836 3.54060964757
6hi6hi6hi6hi- -7.17906152813 0.119400642377 3.59096927511
6hl6hl -7.29383880556 0.184377988482 3.64654901848
6hl6hl- -7.4724990558 0.373972708356 3.88534845195
6hl6hl6hl -7.01640165373 -0.022679000054 3.38124574143
6hl6hl6hl6hl -6.86573962346 -0.129628825955 3.24589940048
6hl6hl6hl6hl- -6.92857748919 -0.0520745541502 3.31763513362
6ia6ia -8.1313410707 0.253944294862 4.17283815329
6ia6ia- -8.09548977848 0.229092530237 4.18857827069
6ia6ia-4ia6ia -7.6851461465 0.0531177797707 4.0486484136
6ia6ia-6ia -7.79099172554 0.0342869878279 4.06482641482
6ia6ia-6ia-6ia -7.64654235845 -0.060229294894 3.93318153781
6ia6ia-6ia-6ia- -7.67387536672 -0.0415129055014 3.96463480863
6ia6ia-6ia6ia- -7.64673469503 -0.0494675230249 3.94450187371
6ia6ia6ia -7.83016288526 0.0747639328925 4.09039667639
6ia6ia6ia-6ia -7.63605443154 -0.0438601342407 3.93219927782
6ia6ia6ia-6ia- -7.6427066196 -0.0572783130871 3.93146892869
6ia6ia6ia6ia -7.66277994521 -0.0376257314491 3.95024619717
6ia6ia6ia6ia- -7.64890465862 -0.0349662967584 3.93880977512
6id6id -8.62011011883 -0.324122111671 4.15980018791
6id6id- -8.64637417204 -0.300352698054 4.16218147461
6id6id-4id6id -8.39745187004 -0.557285156198 4.09819268305
6id6id-6id -8.48199515803 -0.452747719291 4.1139445393
6id6id-6id-6id -8.34902409936 -0.639334543963 4.0278805706
6id6id-6id-6id- -8.34166212178 -0.648837336123 4.02835533317
6id6id-6id6id- -8.39579375138 -0.551969938689 4.07522718889
6id6id6id -8.42174383586 -0.552842231618 4.09838585302
6id6id6id-6id -8.37177002395 -0.599582175064 4.04976629372
6id6id6id-6id- -8.34314215573 -0.642253949328 4.02831060991
6id6id6id6id -8.33024887067 -0.669426129233 4.00972862502
6id6id6id6id- -8.33417428827 -0.65779461991 4.0071013589
6ie6ie -7.94902117338 0.14351982558 4.11653880762
6ie6ie- -8.03016497308 0.229058425641 4.15895176228
6ie6ie-4ie6ie -7.72055165411 0.0387325166909 4.00151288901
6ie6ie-6ie -7.88907656138 0.180580573024 4.08252490014
6ie6ie-6ie-6ie -7.67816737361 -0.0697777114387 3.90213099829
6ie6ie-6ie-6ie- -7.6544164207 -0.101930068355 3.8784921139
6ie6ie-6ie6ie- -7.77839956115 0.137969627222 4.02715724586
6ie6ie6ie -7.74255382362 -0.0568862876658 3.94109945902
6ie6ie6ie-6ie -7.73745710119 -0.0164937270292 3.95403578355
6ie6ie6ie-6ie- -7.69508977107 -0.0585488710822 3.92627813568
6ie6ie6ie6ie -7.63101271055 -0.15711903831 3.83761109582
6ie6ie6ie6ie- -7.68304266196 -0.0988329704429 3.88563811012
6if6if -8.0209613836 0.19831450017 4.11843404557
6if6if- -8.05841357277 0.22541457132 4.13308727729
6if6if-4if6if -7.63214014989 0.0163579819244 3.88390369234
6if6if-6if -7.81282884287 0.122633209482 3.98155866761
6if6if-6if-6if -7.57863658546 -0.0711591008498 3.78263580528
6if6if-6if-6if- -7.54641604022 -0.13449313797 3.73608317478
6if6if-6if6if- -7.71286876035 0.0456128048208 3.90175715774
6if6if6if -7.80655657077 0.000294887884909 3.92361723713
6if6if6if-6if -7.72809603973 -0.0167384952098 3.86845839673
6if6if6if-6if- -7.70254747665 -0.0938163959529 3.82696260511
6if6if6if6if -7.68925461338 -0.10446267721 3.81099897787
6if6if6if6if- -7.74717323711 -0.068647260686 3.8459975448
6ih6ih -7.61094329356 0.377696890595 3.96036211371
6ih6ih- -7.67392208341 0.480963959519 4.02534648787
6ih6ih-4ih6ih -7.36510823167 0.344800563886 3.82055432053
6ih6ih-6ih -7.51792621163 0.418199804383 3.9036107922
6ih6ih-6ih-6ih -7.37596600102 0.288854656272 3.77445028067
6ih6ih-6ih-6ih- -7.3467039049 0.232994006541 3.74017256106
6ih6ih-6ih6ih- -7.45442547231 0.395892529831 3.84727663617
6ih6ih6ih -7.40997870229 0.217894330806 3.78217496855
6ih6ih6ih-6ih -7.40954806543 0.288868730049 3.80108619697
6ih6ih6ih-6ih- -7.37641831273 0.248529276272 3.76687107768
6ih6ih6ih6ih -7.2886609593 0.123938982212 3.67422411283
6ih6ih6ih6ih- -7.32678020307 0.177389642417 3.7163243535
6ii -8.46428773642 0.601977741261 4.23534959566
6ii6ii -8.13886065468 0.485087262899 4.18498157938
6ii6ii6ii6ii -7.71778815175 0.263030568019 4.05438886093
6il6il- -7.82454375991 0.350172917157 4.11471580873
6il6il6il6il -7.33151389473 0.00437201574477 3.70127067188
6la6la6la6la -7.5478081377 0.0291060090393 3.89050622721
6ld6ld -8.45068065062 -0.304922297021 4.18988452602
6ld6ld6ld -8.260351549 -0.506884239182 3.99019238551
6ld6ld6ld6ld -8.18317890708 -0.575393756808 3.90080233602
6le6le -7.79388466223 0.121351513116 4.02113413485
6le6le6le -7.58357416592 -0.0422830479393 3.82454997797
6le6le6le6le -7.46982886794 -0.119304917633 3.72532289546
6lf6lf -7.88299729043 0.160259358146 4.03447405643
6lf6lf6lf -7.66091638534 0.00262779722792 3.83629809782
6lf6lf6lf6lf -7.53723427858 -0.0858434617604 3.72398007987
6lh6lh -7.51658920321 0.32823227232 3.8854501523
6lh6lh6lh -7.27940926114 0.165923390187 3.674231559
6lh6lh6lh6lh -7.18109921922 0.130447031831 3.6005195395
6li6li -7.83126016649 0.322112420734 4.14602940712
6li6li6li -7.71564929105 0.353981680911 4.05474882729
6li6li6li6li -7.4731526063 0.175592432474 3.87580527893
6ll -8.15492713324 0.478205246598 4.26334524286
6ll6ll -7.65272246619 0.239189244603 3.9424472749
6ll6ll6ll -7.34844789044 0.0774728080796 3.69602296886
6ll6ll6ll6ll -7.19687192127 0.0244398576509 3.57856542703
