12dd -10.930812896 1.21417194777 5.0669
12dd12dd -10.3561084689 -0.880288267822 4.7887
12dd12dd- -10.3898505848 -0.926003392704 4.8611
12dd12dd-12dd -10.2050852884 -1.44601293824 4.3615
12dd12dd-12dd-12dd -10.1686220341 -1.69526921438 4.1784
12dd12dd-12dd-12dd- -10.2916174891 -1.7891484887 4.2416
12dd12dd-12dd12dd- -10.119913657 -1.74996409594 4.1230
12dd12dd-4dd12dd -10.2869915539 -1.96493402842 4.2890
12dd12dd12dd -10.554751571 -1.21662097231 4.7828
12dd12dd12dd-12dd -10.079368695 -1.91622565131 3.9985
12dd12dd12dd-12dd- -10.1392337395 -1.93527362002 4.0489
12dd12dd12dd12dd -10.5754322228 -1.59866880169 4.5596
12dd12dd12dd12dd- -10.2913453753 -1.7891484887 4.2415
12dh -9.30248368586 1.90398052858 5.1244
12dh12dh -8.59770884393 0.742598665498 4.5697
12dh12dh- -8.48124412101 0.675114433529 4.5460
12dh12dh-12dh -7.98245945489 0.138778057678 3.7203
12dh12dh-12dh-12dh -7.79823838617 -0.168982693761 3.3715
12dh12dh-12dh-12dh- -7.98626904863 -0.192928711557 3.5729
12dh12dh-12dh12dh- -7.72694456046 -0.158370254056 3.3293
12dh12dh-4dh12dh -8.12259808176 -0.196466191458 3.8065
12dh12dh12dh -8.26164825328 0.206262289647 4.0540
12dh12dh12dh-12dh -7.7794625313 -0.125988707265 3.4667
12dh12dh12dh-12dh- -7.95279904648 -0.162724075474 3.6285
12dh12dh12dh12dh -8.10763182064 -0.0889812252173 3.7706
12dh12dh12dh12dh- -7.84885156014 -0.0824504930912 3.5854
12hd -9.30248368586 1.90398052858 5.1244
12hd12hd -8.59770884393 0.742598665498 4.5697
12hd12hd- -8.48124412101 0.675386547368 4.5460
12hd12hd-12hd -7.98245945489 0.138778057678 3.7203
12hd12hd-12hd-12hd -7.79823838617 -0.168982693761 3.3715
12hd12hd-12hd-12hd- -7.84885156014 -0.0824504930912 3.5854
12hd12hd-12hd12hd- -7.72667244662 -0.158370254056 3.3293
12hd12hd-4hd12hd -8.26545784702 -0.339325956715 3.7199
12hd12hd12hd -8.26164825328 0.206262289647 4.0540
12hd12hd12hd-12hd -7.87769562703 -0.188847003978 3.4622
12hd12hd12hd-12hd- -7.95307116032 -0.162724075474 3.6286
12hd12hd12hd12hd -8.10763182064 -0.0889812252173 3.7706
12hd12hd12hd12hd- -7.98599693479 -0.193200825395 3.5724
12hh -8.56233404491 3.69067999273 6.5305
12hh12hh -7.52938991364 2.51106650246 5.1748
12hh12hh- -7.56694162337 2.19459810819 5.0224
12hh12hh-12hh -6.96176044636 1.72737864734 4.2959
12hh12hh-12hh-12hh -6.76012409196 1.48900692474 3.9978
12hh12hh-12hh-12hh- -6.74570205852 1.5684641656 4.0532
12hh12hh-12hh12hh- -6.80856035523 1.36546724202 3.9568
12hh12hh-4hh12hh -6.91931068754 1.27022739851 3.9652
12hh12hh12hh -7.01972069397 2.0226221622 4.5627
12hh12hh12hh-12hh -6.92148759825 1.29825512389 4.0219
12hh12hh12hh-12hh- -6.83495539758 1.5113202595 4.1038
12hh12hh12hh12hh -6.80475076149 1.65962230153 4.2091
12hh12hh12hh12hh- -6.74570205852 1.5684641656 4.0531
13aa -8.6602950268 4.19817230169 7.3348
13aa13aa -7.96586051073 3.14400329101 6.0910
13aa13aa- -7.599595284 2.73556041929 5.5090
13aa13aa-13aa -7.47061332451 2.53800577248 5.3531
13aa13aa-13aa-13aa -7.33319583602 2.28657258563 5.1029
13aa13aa-13aa-13aa- -7.48639592715 2.39650657642 5.2753
13aa13aa-13aa13aa- -7.2716981085 2.25854486025 5.0416
13aa13aa-4aa13aa -7.54163503638 1.3336299229 4.7426
13aa13aa13aa -7.63823544908 2.58970740181 5.5045
13aa13aa13aa-13aa -7.37836673323 2.31623299403 5.1472
13aa13aa13aa-13aa- -7.44040868843 2.31977047394 5.1889
13aa13aa13aa13aa -7.668712199 2.55732585502 5.5063
13aa13aa13aa13aa- -7.40829925547 2.2765043736 5.1414
13ad13ad -9.13921538271 1.51268082869 5.1424
13ad13ad- -8.82873349289 1.05988340129 5.0976
13ad13ad-13ad -8.50627859416 0.605181177013 4.6630
13ad13ad-13ad-13ad -8.44967891574 0.40000734272 4.5262
13ad13ad-13ad-13ad- -8.51879583074 0.266671561813 4.5627
13ad13ad-13ad13ad- -8.34654777092 0.333883679944 4.4070
13ad13ad-4ad13ad -8.72097641281 -0.278100343034 4.3827
13ad13ad13ad -8.94030016671 0.866954689732 5.1134
13ad13ad13ad-13ad -8.5650551833 0.327080833979 4.5440
13ad13ad13ad-13ad- -8.66981901115 0.357013356223 4.6522
13ad13ad13ad13ad -9.18737953214 0.862328754476 5.1310
13ad13ad13ad13ad- -8.74301763373 0.367897909767 4.7149
13ae13ae -8.11987694337 2.25146990045 4.4398
13ae13ae- -7.87143700875 1.83676841045 4.4233
13ae13ae-13ae -7.47986519502 1.48329253413 4.4057
13ae13ae-13ae-13ae -7.39959161264 1.31267715733 4.4072
13ae13ae-13ae-13ae- -7.55714552518 1.38968537365 4.3989
13ae13ae-13ae13ae- -7.27741249911 1.27866292751 4.3418
13ae13ae-4ae13ae -7.66272569455 0.602460038627 4.3111
13ae13ae13ae -7.79197976788 1.71540563844 4.4261
13ae13ae13ae-13ae -7.41401364608 1.28410520428 4.4042
13ae13ae13ae-13ae- -7.50408332666 1.29145227792 4.4120
13ae13ae13ae13ae -7.87007643955 1.72112002905 4.4396
13ae13ae13ae13ae- -7.55061479305 1.33390203674 4.4246
13af13af -7.96341148619 2.97774173563 5.8661
13af13af- -7.51415153868 2.72766911798 5.4561
13af13af-13af -6.79005661421 2.35623372831 4.7642
13af13af-13af-13af -7.01536687256 2.09201119104 4.7192
13af13af-13af-13af- -7.10815769152 2.04194224474 4.7454
13af13af-13af13af- -6.51059570198 2.04547972464 4.4109
13af13af-4af13af -7.03876866268 1.38342675537 4.3452
13af13af13af -7.8415044865 2.48766471234 5.4859
13af13af13af-13af -7.05155801309 1.9224842696 4.6563
13af13af13af-13af- -7.28911339417 1.95241679185 4.8027
13af13af13af13af -7.80313643526 2.21636721527 5.2917
13af13af13af13af- -7.4564634049 1.95813118246 4.9143
13ah13ah -7.45319803884 3.17692906548 5.6855
13ah13ah- -7.2695211978 2.91978148802 5.4180
13ah13ah-13ah -6.79114506956 2.50507999801 4.8685
13ah13ah-13ah-13ah -6.70869457647 2.33691364577 4.6887
13ah13ah-13ah-13ah- -6.77645092228 2.41174495138 4.7744
13ah13ah-13ah13ah- -6.51794277562 2.28929372401 4.5808
13ah13ah-4ah13ah -6.87631670104 1.60656010301 4.3512
13ah13ah13ah -7.2145542024 2.74562863132 5.2592
13ah13ah13ah-13ah -6.74787896923 2.22589119962 4.6552
13ah13ah13ah-13ah- -6.80910458291 2.25174201429 4.6964
13ah13ah13ah13ah -7.12747777405 2.53201926803 5.0623
13ah13ah13ah13ah- -7.01618321407 2.35786641134 4.8869
13ai13ai -7.83715066508 3.19978662792 6.0349
13ai13ai- -7.72367919439 3.09828816613 5.8727
13ai13ai-13ai -7.37591770868 2.66072911368 5.3742
13ai13ai-13ai-13ai -7.28748071114 2.48303877709 5.2029
13ai13ai-13ai-13ai- -7.35578128463 2.50181463195 5.2596
13ai13ai-13ai13ai- -7.16013143468 2.38562202287 5.0594
13ai13ai-4ai13ai -7.45945665713 1.49118383545 4.8186
13ai13ai13ai -7.62245284644 2.82644644138 5.6569
13ai13ai13ai-13ai -7.2646231487 2.42453430179 5.1504
13ai13ai13ai-13ai- -7.32339973784 2.41854779734 5.1859
13ai13ai13ai13ai -7.52476397839 2.62998024992 5.4559
13ai13ai13ai13ai- -7.45564706339 2.59270065404 5.3850
13al13al -7.15360070256 2.74998245274 5.2580
13al13al- -7.27033753931 2.84195693018 5.3790
13al13al-13al -6.64692473511 2.33528096274 4.6500
13al13al-13al-13al -6.64719684895 2.04629606616 4.4638
13al13al-13al-13al- -6.84066978819 2.14997143866 4.6480
13al13al-13al13al- -6.38651179159 2.11976680258 4.3525
13al13al13al -6.960671991 2.36739039569 4.8658
13al13al13al-13al -6.64692473511 2.07595647456 4.4768
13al13al13al-13al- -6.75957986429 2.10643322449 4.5565
13al13al13al13al -6.86760905821 2.20248940951 4.7107
13al13al13al13al- -6.71903490234 2.21282973537 4.6062
13da13da -9.13867115504 1.51213660102 5.1408
13da13da- -8.82873349289 1.05988340129 5.0976
13da13da-13da -8.50627859416 0.605181177013 4.6630
13da13da-13da-13da -8.33539110353 0.262045626557 4.3521
13da13da-13da-13da- -8.84723723391 0.518104748666 4.8672
13da13da-13da13da- -8.34654777092 0.333883679944 4.4070
13da13da-4da13da -8.64424031033 -0.426674498901 4.2932
13da13da13da -8.94002805287 0.86722680357 5.1134
13da13da13da-13da -8.3386564696 0.283814733644 4.3741
13da13da13da-13da- -8.66927478348 0.356469128546 4.6515
13da13da13da13da -9.18737953214 0.862328754476 5.1310
13da13da13da13da- -8.33049305444 0.168710579923 4.3133
13dd -10.3239990359 1.58206985753 5.0888
13dd13dd -9.81677884079 -0.316468394274 4.9093
13dd13dd- -9.81677884079 -0.316468394274 4.9095
13dd13dd-13dd -9.62983663368 -0.576609223961 4.6147
13dd13dd-13dd-13dd -9.71283135445 -0.777973464514 4.5823
13dd13dd-13dd-13dd- -9.89650819549 -1.00382795054 4.6217
13dd13dd-13dd13dd- -9.54629768524 -0.789130131896 4.4485
13dd13dd-4dd13dd -9.79310493683 -1.71540563844 4.2345
13dd13dd13dd -9.63010874752 -0.576337110123 4.6152
13dd13dd13dd-13dd -9.72371590799 -0.910220790067 4.4992
13dd13dd13dd-13dd- -9.93705315744 -1.02967876521 4.6003
13dd13dd13dd13dd -9.54629768524 -0.789130131896 4.4485
13dd13dd13dd13dd- -9.89650819549 -1.00382795054 4.6217
13de13de -9.15554221303 1.12845608861 4.3577
13de13de- -8.87526495929 0.459056045693 4.8253
13de13de-13de -8.56641575249 0.1191858613 4.3625
13de13de-13de-13de -8.57920510291 -0.000272113838585 4.3161
13de13de-13de-13de- -8.88478894364 0.0726543949022 4.3329
13de13de-13de13de- -8.41321566137 -0.108029193918 4.1208
13de13de-4de13de -8.71662259139 -0.893349732074 4.0863
13de13de13de -9.20561115933 0.845729810322 4.3583
13de13de13de-13de -8.55281006056 -0.0756476471266 4.2646
13de13de13de-13de- -8.77349438365 -0.0685726873234 4.3360
13de13de13de13de -9.16615465273 0.578241906993 4.3485
13de13de13de13de- -8.66845844196 -0.112927243013 4.3150
13df13df -8.94710301267 1.30451374218 5.1251
13df13df- -8.48723062546 1.17662023804 4.9132
13df13df-13df -8.05946767121 0.846274037999 4.5066
13df13df-13df-13df -7.98626904863 0.570350605674 4.2822
13df13df-13df-13df- -8.49022387769 0.483818405004 4.5631
13df13df-13df13df- -7.8725254641 0.51538361028 4.1812
13df13df-4df13df -8.24341662609 -0.0974167542134 4.1257
13df13df13df -8.78655584791 0.648447277348 4.8610
13df13df13df-13df -8.12695190318 0.383408398566 4.2753
13df13df13df-13df- -8.4387943622 0.311026117503 4.4334
13df13df13df13df -8.85540064907 0.438919621637 4.7874
13df13df13df13df- -8.4613798108 0.152655863446 4.3131
13dh13dh -8.26709053005 1.57145741783 5.0044
13dh13dh- -8.2717164653 1.32954821533 4.9736
13dh13dh-13dh -7.99470457762 0.953486890402 4.6056
13dh13dh-13dh-13dh -7.79932684152 0.720285330734 4.2203
13dh13dh-13dh-13dh- -7.94735676971 0.69416240223 4.3696
13dh13dh-13dh13dh- -7.85429383691 0.76926582168 4.3983
13dh13dh-4dh13dh -8.1024616577 0.0878927698629 4.1175
13dh13dh13dh -8.14491141652 1.1156667382 4.6771
13dh13dh13dh-13dh -7.94762888355 0.678107685754 4.3785
13dh13dh13dh-13dh- -7.95633652638 0.623957031875 4.3332
13dh13dh13dh13dh -8.1334826353 0.863689323669 4.5115
13dh13dh13dh13dh- -7.85619863378 0.626133942584 4.1670
13di13di -8.92805504397 1.61091392442 5.1235
13di13di- -8.58655217655 1.1692731644 5.0608
13di13di-13di -8.24831467519 0.768721594002 4.5742
13di13di-13di-13di -8.23824646316 0.611167681462 4.5310
13di13di-13di-13di- -8.57593973684 0.723822810636 4.8082
13di13di-13di13di- -8.0643657203 0.520825887052 4.3159
13di13di-4di13di -8.4338963131 -0.154560660316 4.3640
13di13di13di -8.86846211332 1.19457975139 5.1121
13di13di13di-13di -8.27851931127 0.534975806658 4.4850
13di13di13di-13di- -8.4924007884 0.598922558725 4.6797
13di13di13di13di -8.90655805072 0.983963640323 5.1089
13di13di13di13di- -8.37430338245 0.487900112583 4.5595
13dl13dl -8.83934593259 1.4838367618 5.0969
13dl13dl- -8.36804476416 1.36682781121 5.0294
13dl13dl-13dl -7.84558619408 0.938248515441 4.3926
13dl13dl-13dl-13dl -8.00558913117 0.619331096619 4.3190
13dl13dl-13dl-13dl- -7.63224894463 0.755115902073 4.1276
13dl13dl-13dl13dl- -7.63252105847 0.755115902073 4.1276
13dl13dl13dl -8.74056860919 1.10396584314 5.0801
13dl13dl13dl-13dl -7.81728635487 0.616609958233 4.1897
13dl13dl13dl13dl -8.77730397739 0.936887946248 5.0390
13dl13dl13dl13dl- -8.10844816215 0.572527516383 4.3574
13ea13ea -8.12014905721 2.25228624197 4.4402
13ea13ea- -7.87143700875 1.83676841045 4.4233
13ea13ea-13ea -7.47986519502 1.48356464796 4.4057
13ea13ea-13ea-13ea -7.41374153225 1.33281358139 4.4061
13ea13ea-13ea-13ea- -7.63986813211 1.46233976856 4.4218
13ea13ea-13ea13ea- -7.27741249911 1.27866292751 4.3418
13ea13ea-4ea13ea -7.58544536439 0.519737431697 4.2449
13ea13ea13ea -7.79225188172 1.71540563844 4.4261
13ea13ea13ea-13ea -7.37918307475 1.28900325338 4.3967
13ea13ea13ea-13ea- -7.50408332666 1.29145227792 4.4119
13ea13ea13ea13ea -7.86980432571 1.72112002905 4.4396
13ea13ea13ea13ea- -7.55714552518 1.38968537365 4.3993
13ed13ed -9.15608644071 1.12818397477 4.3578
13ed13ed- -8.87526495929 0.459056045693 4.8252
13ed13ed-13ed -8.56641575249 0.1191858613 4.3626
13ed13ed-13ed-13ed -8.57920510291 -0.000272113838585 4.3161
13ed13ed-13ed-13ed- -8.66845844196 -0.112927243013 4.3151
13ed13ed-13ed13ed- -8.42790980865 -0.0478920355909 4.1787
13ed13ed-4ed13ed -8.75553487031 -0.782055172093 4.1552
13ed13ed13ed -9.20642750084 0.846274037999 4.3582
13ed13ed13ed-13ed -8.60532803141 -0.120002202816 4.2648
13ed13ed13ed-13ed- -8.77349438365 -0.0685726873234 4.3360
13ed13ed13ed13ed -9.16615465273 0.577969793154 4.3485
13ed13ed13ed13ed- -8.8845168298 0.0726543949022 4.3328
13ee -8.89485715566 2.60195252455 4.4176
13ee13ee -8.41539257208 1.85853751753 4.3676
13ee13ee- -8.0643657203 1.1763481242 4.7775
13ee13ee-13ee -7.72558399126 1.05444112452 4.3642
13ee13ee-13ee-13ee -7.65728341778 0.924098595834 4.3136
13ee13ee-13ee-13ee- -7.90218587251 0.952670548886 4.3328
13ee13ee-13ee13ee- -7.54544463012 0.93062932796 4.2719
13ee13ee-4ee13ee -7.8224565178 -0.0119730088977 4.0862
13ee13ee13ee -8.33239785131 1.66941839972 4.3612
13ee13ee13ee-13ee -7.69701203821 0.926003392704 4.3488
13ee13ee13ee-13ee- -7.84068814499 0.846274037999 4.3385
13ee13ee13ee13ee -8.21348410385 1.4732243221 4.3485
13ee13ee13ee13ee- -7.90218587251 0.952670548886 4.3327
13ef13ef -8.02572555522 2.00275785198 4.4399
13ef13ef- -7.68150154941 1.9034363009 4.3164
13ef13ef-13ef -7.15414493024 1.6460166096 4.3050
13ef13ef-13ef-13ef -7.03359849974 1.44791773511 4.2886
13ef13ef-13ef-13ef- -7.39251665284 1.49063960777 4.3162
13ef13ef-13ef13ef- -6.92747410269 1.35512691615 4.1572
13ef13ef-4ef13ef -7.28639225579 0.839471192034 4.1219
13ef13ef13ef -7.71905325914 1.45036675966 4.4412
13ef13ef13ef-13ef -7.16366891459 1.25145154365 4.2355
13ef13ef13ef-13ef- -7.42000015053 1.20355950806 4.3151
13ef13ef13ef13ef -7.6877601677 1.32737130462 4.4437
13ef13ef13ef13ef- -7.50489966817 1.16002129389 4.3088
13eh13eh -7.57728194924 2.2729668937 4.4227
13eh13eh- -7.74517618764 1.95785906862 4.3967
13eh13eh-13eh -7.15278436104 1.72112002905 4.3686
13eh13eh-13eh-13eh -6.98543435031 1.60764855836 4.3248
13eh13eh-13eh-13eh- -7.03659175197 1.64547238192 4.3383
13eh13eh-13eh13eh- -6.9119636139 1.57744392228 4.3294
13eh13eh-4eh13eh -7.20856769795 0.976344452843 4.1499
13eh13eh13eh -7.3302025838 1.9464302874 4.4117
13eh13eh13eh-13eh -7.04230614258 1.54288546478 4.3611
13eh13eh13eh-13eh- -7.04611573632 1.56247766115 4.3344
13eh13eh13eh13eh -7.22734355282 1.78343409809 4.4063
13eh13eh13eh13eh- -7.13945078295 1.67948661175 4.3477
13ei13ei -8.05429750827 2.3575942975 4.4350
13ei13ei- -7.70027740428 1.90534109777 4.4025
13ei13ei-13ei -7.30190274459 1.57907660531 4.3904
13ei13ei-13ei-13ei -7.29156241872 1.51404139789 4.3881
13ei13ei-13ei-13ei- -7.51251885565 1.65173100021 4.4045
13ei13ei-13ei13ei- -7.04856476086 1.35621537151 4.1968
13ei13ei-4ei13ei -7.47279023522 0.756204357427 4.3529
13ei13ei13ei -7.87796774087 2.05146622909 4.4264
13ei13ei13ei-13ei -7.23877233404 1.3850594384 4.3519
13ei13ei13ei-13ei- -7.42517031347 1.46778204533 4.3985
13ei13ei13ei13ei -7.82327285932 1.91704199283 4.4314
13ei13ei13ei13ei- -7.50898137575 1.55322579064 4.3966
13el13el -7.81429310264 1.88765369826 4.3829
13el13el- -7.57537715237 2.08085452366 4.3670
13el13el-13el -7.3718360011 1.57499489773 4.3789
13el13el-13el-13el -7.2194522515 1.30587431137 4.2790
13el13el-13el-13el- -7.19659468906 1.38206618617 4.3188
13el13el-13el13el- -7.08693281211 1.45009464582 4.3054
13el13el13el -7.92014538585 1.94588605972 4.4028
13el13el13el-13el -7.27986152366 1.40274683791 4.3735
13el13el13el-13el- -7.23523485413 1.44791773511 4.3738
13el13el13el13el -7.43142893175 1.399209358 4.3850
13el13el13el13el- -7.49700836685 1.59921302936 4.3793
13fa13fa -7.28475957276 2.75215936345 5.3492
13fa13fa- -7.48476324412 2.72059415817 5.4332
13fa13fa-13fa -6.78597490663 2.3075253512 4.7339
13fa13fa-13fa-13fa- -7.49183820392 1.96438980074 4.9400
13fa13fa-13fa13fa- -6.6447478244 2.01636354391 4.4730
13fa13fa-4fa13fa -6.98897183021 1.16655202601 4.2857
13fa13fa13fa -7.11550476516 2.31323974181 4.9393
13fa13fa13fa-13fa -6.90107906035 2.06180655496 4.6354
13fa13fa13fa-13fa- -7.25999721345 1.93962744143 4.7727
13fa13fa13fa13fa -6.88910605145 1.96302923155 4.5560
13fa13fa13fa13fa- -7.11223939909 2.04384704161 4.7490
13fd13fd -8.81022975186 1.50043570596 5.0516
13fd13fd- -8.48723062546 1.17662023804 4.9132
13fd13fd-13fd -8.07905986759 0.753483219042 4.4621
13fd13fd-13fd-13fd -8.15661231158 0.387762219983 4.2484
13fd13fd-13fd-13fd- -8.5030132281 0.234290015022 4.4076
13fd13fd-13fd13fd- -7.87497448865 0.516199951796 4.1833
13fd13fd-4fd13fd -8.15851710845 -0.268032131006 4.0695
13fd13fd13fd -8.74764356899 1.08138039454 5.0384
13fd13fd13fd-13fd -8.12559133398 0.514839382603 4.3393
13fd13fd13fd-13fd- -8.4387943622 0.310754003664 4.4334
13fd13fd13fd13fd -8.46382883535 0.153472204962 4.3149
13fd13fd13fd13fd- -8.46301249383 0.391027586047 4.4860
13fe13fe -8.08722328274 2.28303510573 4.4040
13fe13fe- -7.68150154941 1.9034363009 4.3163
13fe13fe-13fe -7.1919687538 1.54859985539 4.3074
13fe13fe-13fe-13fe -7.17700249268 1.2919965056 4.2296
13fe13fe-13fe-13fe- -7.50489966817 1.16002129389 4.3088
13fe13fe-13fe13fe- -6.92720198886 1.35512691615 4.1572
13fe13fe-4fe13fe -7.23414639878 0.596745648017 4.0620
13fe13fe13fe -7.88858018058 1.98779159086 4.4035
13fe13fe13fe-13fe -7.11387208213 1.36573935586 4.2928
13fe13fe13fe-13fe- -7.40802714164 1.18886536078 4.3079
13fe13fe13fe13fe -7.78599326343 1.82397906003 4.3965
13fe13fe13fe13fe- -7.34788998331 1.44465236905 4.3208
13ff -8.46029135544 3.8068726018 6.1400
13ff13ff -7.62190861876 2.71324708453 5.5572
13ff13ff- -7.59388089339 2.57174788847 5.4264
13ff13ff-13ff -6.83250637303 2.43813999372 4.8321
13ff13ff-13ff-13ff -6.73182425275 1.93228036779 4.4770
13ff13ff-13ff-13ff- -6.92230393976 1.77445434141 4.4786
13ff13ff-13ff13ff- -6.81781222574 1.899898821 4.4801
13ff13ff-4ff13ff -6.95795085262 1.25281211284 4.1882
13ff13ff13ff -7.19468989219 2.04956143222 4.8190
13ff13ff13ff-13ff -7.15958720701 1.88656524291 4.7093
13ff13ff13ff-13ff- -7.50136218827 1.71567775228 4.8432
13ff13ff13ff13ff -6.97482191061 1.66125498456 4.4276
13ff13ff13ff13ff- -6.92175971208 1.77391011374 4.4778
13fh13fh -7.51877747394 2.8033167651 5.5678
13fh13fh- -7.43415007014 2.62589854234 5.3399
13fh13fh-13fh -7.03006101984 2.36031543589 4.8978
13fh13fh-13fh-13fh -6.72420506527 2.05854118889 4.4851
13fh13fh-13fh-13fh- -7.02135337701 1.85581637915 4.5587
13fh13fh-13fh13fh- -6.54216090726 2.03541151262 4.4107
13fh13fh-4fh13fh -6.87114653811 1.31703097875 4.2121
13fh13fh13fh -7.17781883419 2.30997437575 5.0405
13fh13fh13fh-13fh -6.96720272313 1.94126012446 4.5941
13fh13fh13fh-13fh- -7.22679932514 1.66261555375 4.5941
13fh13fh13fh13fh -7.0178158971 2.02860866665 4.7698
13fh13fh13fh13fh- -6.90053483267 1.94479760437 4.6321
13fi13fi -7.83660643741 2.97855807715 5.8171
13fi13fi- -7.40176852335 2.823725303 5.4428
13fi13fi-13fi -6.91849434602 2.35187990689 4.8183
13fi13fi-13fi-13fi -7.00502654669 2.16738672433 4.7677
13fi13fi-13fi-13fi- -7.36666583817 2.15759062614 4.9860
13fi13fi-13fi13fi- -6.64855741815 2.11731777803 4.5054
13fi13fi-4fi13fi -6.93210003795 1.32437805239 4.3416
13fi13fi13fi -7.28612014195 2.6375994374 5.3030
13fi13fi13fi-13fi -6.80175750927 2.1467060726 4.6129
13fi13fi13fi-13fi- -7.11387208213 2.08194297901 4.7708
13fi13fi13fi13fi -7.15142379185 2.48086186638 5.1139
13fi13fi13fi13fi- -7.09019817817 2.22670754114 4.8545
13fl13fl -8.16205458835 3.33094549812 6.3572
13fl13fl- -7.37809461939 2.80304465126 5.4316
13fl13fl-13fl -6.88148686397 2.30915803423 4.7707
13fl13fl-13fl13fl- -6.6031144071 2.06942574244 4.4363
13fl13fl13fl -6.86325523679 2.27868128431 4.7295
13fl13fl13fl-13fl -6.55386180232 2.0917390772 4.4172
13fl13fl13fl13fl -8.02164384764 2.8808692091 6.0708
13fl13fl13fl13fl- -6.72855888669 1.95731484094 4.4326
13ha13ha -7.45319803884 3.17692906548 5.6855
13ha13ha- -7.2695211978 2.91978148802 5.4180
13ha13ha-13ha -6.79114506956 2.50507999801 4.8684
13ha13ha-13ha-13ha -6.70869457647 2.33691364577 4.6887
13ha13ha-13ha-13ha- -7.01618321407 2.35786641134 4.8869
13ha13ha-13ha13ha- -6.51794277562 2.28929372401 4.5808
13ha13ha-4ha13ha -6.95958353565 1.45880228865 4.4224
13ha13ha13ha -7.2145542024 2.74562863132 5.2592
13ha13ha13ha-13ha -6.55685505454 2.31323974181 4.6083
13ha13ha13ha-13ha- -6.80910458291 2.25174201429 4.6964
13ha13ha13ha13ha -7.12747777405 2.53201926803 5.0626
13ha13ha13ha13ha- -6.77672303612 2.41201706522 4.7746
13hd13hd -8.26709053005 1.57145741783 5.0043
13hd13hd- -8.2717164653 1.32954821533 4.9736
13hd13hd-13hd -7.99497669146 0.953486890402 4.6055
13hd13hd-13hd-13hd -7.79932684152 0.720013216896 4.2202
13hd13hd-13hd-13hd- -7.85619863378 0.626133942584 4.1670
13hd13hd-13hd13hd- -7.85429383691 0.76926582168 4.3983
13hd13hd-4hd13hd -8.13021726924 0.0106124397048 4.1846
13hd13hd13hd -8.14491141652 1.1156667382 4.6771
13hd13hd13hd-13hd -7.85864765833 0.703686386581 4.3585
13hd13hd13hd-13hd- -7.95633652638 0.623957031875 4.3332
13hd13hd13hd13hd -8.13375474914 0.863689323669 4.5115
13hd13hd13hd13hd- -7.94735676971 0.69416240223 4.3694
13he13he -7.57728194924 2.2729668937 4.4227
13he13he- -7.52177072616 2.04765663535 4.3505
13he13he-13he -7.15278436104 1.72112002905 4.3686
13he13he-13he-13he -6.98516223647 1.60737644452 4.3248
13he13he-13he-13he- -7.13945078295 1.67921449791 4.3477
13he13he-13he13he- -6.9119636139 1.57717180844 4.3294
13he13he-4he13he -7.38435323768 0.863689323669 4.2392
13he13he13he -7.21673111311 1.79812824537 4.3996
13he13he13he-13he -6.93835865624 1.58424676824 4.3455
13he13he13he-13he- -7.04611573632 1.56247766115 4.3345
13he13he13he13he -7.22761566665 1.78343409809 4.4064
13he13he13he13he- -7.03659175197 1.64547238192 4.3383
13hf13hf -7.40013584032 2.81583400168 5.3866
13hf13hf- -7.32203916864 2.7186893613 5.3285
13hf13hf-13hf -7.08883760898 2.36521348498 4.9424
13hf13hf-13hf-13hf -6.49726212389 2.18888371758 4.5126
13hf13hf-13hf-13hf- -6.90080694651 1.94479760437 4.6320
13hf13hf-13hf13hf- -6.64719684895 2.0106491533 4.4488
13hf13hf-4hf13hf -7.05917720057 1.35322211928 4.3155
13hf13hf13hf -6.96393735707 2.28085819502 4.7852
13hf13hf13hf-13hf -7.0072034574 2.05908541657 4.7043
13hf13hf13hf-13hf- -7.22679932514 1.66261555375 4.5940
13hf13hf13hf13hf -6.69672156757 1.78452255344 4.2656
13hf13hf13hf13hf- -7.02080914933 1.85527215147 4.5581
13hh -7.90735603544 4.0452443244 6.4871
13hh13hh -7.03359849974 3.21801825511 5.4527
13hh13hh- -7.15196801953 3.13529564818 5.4751
13hh13hh-13hh -6.5925019674 2.82508587219 4.9131
13hh13hh-13hh-13hh -6.29508154182 2.61664667183 4.5993
13hh13hh-13hh-13hh- -6.3492321957 2.54208748006 4.5733
13hh13hh-13hh13hh- -6.27603357312 2.67433480561 4.6123
13hh13hh-4hh13hh -6.63549595389 1.76846783696 4.2478
13hh13hh13hh -6.67631302968 2.7687583076 4.9341
13hh13hh13hh-13hh -6.34188512206 2.58916317414 4.6116
13hh13hh13hh-13hh- -6.29698633869 2.49256276144 4.5216
13hh13hh13hh13hh -6.49181984712 2.50698479488 4.6457
13hh13hh13hh13hh- -6.3492321957 2.54208748006 4.5733
13hi13hi -7.41510210144 3.28386980404 5.7636
13hi13hi- -7.2145542024 2.98944263069 5.4124
13hi13hi-13hi -6.6531833534 2.59161219868 4.7963
13hi13hi-13hi-13hi -6.68474855868 2.49773292437 4.7807
13hi13hi-13hi-13hi- -6.95958353565 2.5458970738 4.9766
13hi13hi-13hi13hi- -6.34732739883 2.38235665681 4.4888
13hi13hi-4hi13hi -6.96203256019 1.59703611865 4.4840
13hi13hi13hi -7.15196801953 2.86481449262 5.3228
13hi13hi13hi-13hi -6.50733033592 2.40684690228 4.6042
13hi13hi13hi-13hi- -6.78570279279 2.39324121035 4.7666
13hi13hi13hi13hi -7.08611647059 2.68440301764 5.1595
13hi13hi13hi13hi- -6.81345840433 2.55895853805 4.8996
13hl13hl -7.24829631839 2.83379351502 5.3212
13hl13hl- -7.2336021711 2.95678897006 5.4282
13hl13hl-13hl -6.74189246478 2.52576064975 4.8208
13hl13hl-13hl-13hl -7.09264720272 2.64549073872 5.1026
13hl13hl-13hl-13hl- -7.26979331163 2.71487976756 5.2609
13hl13hl-13hl13hl- -6.46787382932 2.31732144939 4.5101
13hl13hl13hl -6.83413905606 2.2920148624 4.7210
13hl13hl13hl-13hl -6.43658073789 2.20602688941 4.4247
13hl13hl13hl-13hl- -6.75849140893 2.28412356108 4.6532
13hl13hl13hl13hl -6.64910164582 1.78044084586 4.2325
13hl13hl13hl13hl- -6.56311367283 2.04058167555 4.3696
13ia13ia -7.83715066508 3.19978662792 6.0349
13ia13ia- -7.72367919439 3.09828816613 5.8727
13ia13ia-13ia -7.37591770868 2.66072911368 5.3742
13ia13ia-13ia-13ia -7.28748071114 2.48303877709 5.2029
13ia13ia-13ia-13ia- -7.45564706339 2.59270065404 5.3850
13ia13ia-13ia13ia- -7.16013143468 2.38562202287 5.0594
13ia13ia-4ia13ia -7.53129471051 1.53417782194 4.9097
13ia13ia13ia -7.62245284644 2.82644644138 5.6569
13ia13ia13ia-13ia -7.21400997472 2.38072397378 5.0870
13ia13ia13ia-13ia- -7.32339973784 2.41854779734 5.1859
13ia13ia13ia13ia -7.52476397839 2.62998024992 5.4559
13ia13ia13ia13ia- -7.35578128463 2.50181463195 5.2596
13id13id -8.92805504397 1.61091392442 5.1235
13id13id- -8.58628006271 1.16872893672 5.0603
13id13id-13id -8.24831467519 0.768993707841 4.5743
13id13id-13id-13id -8.238518577 0.6114397953 4.5311
13id13id-13id-13id- -8.37430338245 0.487900112583 4.5595
13id13id-13id13id- -8.0643657203 0.520825887052 4.3159
13id13id-4id13id -8.62056640637 0.017687399508 4.5392
13id13id13id -8.86846211332 1.19457975139 5.1121
13id13id13id-13id -8.26491361934 0.514839382603 4.4395
13id13id13id-13id- -8.4924007884 0.598650444887 4.6796
13id13id13id13id -8.90655805072 0.984235754162 5.1088
13id13id13id13id- -8.57593973684 0.723822810636 4.8082
13ie13ie -8.05456962211 2.3575942975 4.4350
13ie13ie- -7.70027740428 1.90534109777 4.4025
13ie13ie-13ie -7.30163063075 1.57907660531 4.3903
13ie13ie-13ie-13ie -7.29156241872 1.51404139789 4.3882
13ie13ie-13ie-13ie- -7.50898137575 1.55322579064 4.3966
13ie13ie-13ie13ie- -7.07387134785 1.36982106344 4.2266
13ie13ie-4ie13ie -7.57020698943 0.825049158589 4.3932
13ie13ie13ie -7.87796774087 2.05146622909 4.4264
13ie13ie13ie-13ie -7.22271761756 1.41934578206 4.3596
13ie13ie13ie-13ie- -7.42544242731 1.46805415917 4.3986
13ie13ie13ie13ie -7.82354497315 1.91731410667 4.4314
13ie13ie13ie13ie- -7.51251885565 1.65173100021 4.4045
13if13if -7.80966716739 3.06971621308 5.8596
13if13if- -7.78109521434 2.9570610839 5.7672
13if13if-13if -6.85101011405 2.39269698268 4.8075
13if13if-13if-13if -6.84420726809 2.19432599435 4.6850
13if13if-13if-13if- -7.08965395049 2.22697965498 4.8541
13if13if-13if13if- -6.64855741815 2.11758989187 4.5054
13if13if-4if13if -7.0763203724 1.33526260594 4.3342
13if13if13if -7.63932390443 2.58099975898 5.4476
13if13if13if-13if -6.8654321475 2.06588826254 4.6077
13if13if13if-13if- -7.12421240799 2.05772484738 4.7641
13if13if13if13if -7.58490113672 2.35106356537 5.2650
13if13if13if13if- -7.36666583817 2.15786273998 4.9861
13ih13ih -7.41510210144 3.28386980404 5.7636
13ih13ih- -7.2145542024 2.98944263069 5.4124
13ih13ih-13ih -6.6531833534 2.59161219868 4.7963
13ih13ih-13ih-13ih -6.68474855868 2.49773292437 4.7807
13ih13ih-13ih-13ih- -6.81345840433 2.55895853805 4.8996
13ih13ih-13ih13ih- -6.34732739883 2.38235665681 4.4888
13ih13ih-4ih13ih -6.91305206925 1.7390795424 4.4692
13ih13ih13ih -7.15196801953 2.86481449262 5.3228
13ih13ih13ih-13ih -6.61916912358 2.37337690014 4.6331
13ih13ih13ih-13ih- -6.78570279279 2.39324121035 4.7666
13ih13ih13ih13ih -7.08611647059 2.68440301764 5.1595
13ih13ih13ih13ih- -6.95931142181 2.54535284612 4.9762
13ii -8.41375988905 4.35246084817 7.3110
13ii13ii -7.78381635272 3.33992525479 6.1113
13ii13ii- -7.74953000906 3.34291850702 6.0837
13ii13ii-13ii -7.36666583817 2.85556262211 5.5154
13ii13ii-13ii-13ii -7.34108713734 2.73746521616 5.4258
13ii13ii-13ii-13ii- -7.29129030488 2.62181683477 5.3249
13ii13ii-13ii13ii- -7.2194522515 2.64930033246 5.3043
13ii13ii-4ii13ii -7.52231495384 1.66016652921 5.0322
13ii13ii13ii -7.49074974857 2.87597116 5.6166
13ii13ii13ii-13ii -7.24856843222 2.62753122538 5.3025
13ii13ii13ii-13ii- -7.27387501921 2.60331309374 5.2955
13ii13ii13ii13ii -7.41346941841 2.70045773412 5.4478
13ii13ii13ii13ii- -7.47850462583 2.84658286544 5.5705
13il13il -7.69102553376 2.98998685837 5.7840
13il13il- -7.38544169303 2.815289774 5.4250
13il13il-13il -6.93346060714 2.29364754543 4.7707
13il13il-13il-13il -6.6341353847 2.08357566204 4.4601
13il13il-13il-13il- -6.83604385293 2.08684102811 4.6075
13il13il-13il13il- -6.61318261913 2.06752094557 4.4299
13il13il13il -7.37210811494 2.53229138187 5.2761
13il13il13il-13il -6.79114506956 2.05282679828 4.5336
13il13il13il-13il- -6.74597417236 2.08901793882 4.5319
13il13il13il13il -7.25918087193 2.30834169272 5.0486
13il13il13il13il- -7.01264573417 2.25854486025 4.8347
13la13la -7.4768719428 2.97937441867 5.6136
13la13la- -7.27033753931 2.84195693018 5.3790
13la13la-13la -6.69508888454 2.3695673064 4.6953
13la13la-13la-13la -6.5220244832 2.15840696766 4.4538
13la13la-13la-13la- -6.71903490234 2.21255762153 4.6059
13la13la13la -7.00529866053 2.38099608762 4.8937
13la13la13la-13la -6.60175383791 2.11731777803 4.4665
13la13la13la-13la- -6.75821929509 2.10235151691 4.5527
13la13la13la13la -6.74162035094 2.04003744787 4.4941
13la13la13la13la- -6.61182204994 2.11024281823 4.4718
13ld13ld- -8.36804476416 1.36682781121 5.0294
13ld13ld-13ld -7.88776383906 0.973895428295 4.4341
13ld13ld-13ld-13ld -7.8951109127 0.696883540616 4.2828
13ld13ld-13ld-13ld- -8.10844816215 0.572799630221 4.3576
13ld13ld-13ld13ld- -7.63850756292 0.751034194494 4.1297
13ld13ld13ld -7.89402245735 0.973895428295 4.4388
13ld13ld13ld-13ld -7.63850756292 0.751034194494 4.1298
13ld13ld13ld13ld -8.10872027599 0.572527516383 4.3575
13ld13ld13ld13ld- -8.00395644814 0.654433781797 4.3390
13le13le -7.7533396028 1.97962817571 4.3796
13le13le- -7.57537715237 2.08085452366 4.3670
13le13le-13le -7.32203916864 1.64003010515 4.3747
13le13le-13le-13le -7.17101598823 1.41580830216 4.3373
13le13le-13le-13le- -7.49700836685 1.59921302936 4.3793
13le13le-13le13le- -7.08693281211 1.45009464582 4.3054
13le13le13le -7.32203916864 1.64003010515 4.3747
13le13le13le-13le -7.08856549514 1.44791773511 4.3047
13le13le13le-13le- -7.23523485413 1.44791773511 4.3738
13le13le13le13le -7.17237655742 1.36628358353 4.2926
13le13le13le13le- -7.19659468906 1.38206618617 4.3188
13lf13lf- -7.37809461939 2.80304465126 5.4316
13lf13lf-13lf -6.81019303826 2.41419397593 4.7921
13lf13lf-13lf-13lf -6.66107465472 2.03296248807 4.4400
13lf13lf-13lf-13lf- -7.20339753502 2.11160338742 4.8582
13lf13lf-13lf13lf- -6.6031144071 2.0691536286 4.4361
13lh13lh- -7.2336021711 2.95678897006 5.4282
13lh13lh-13lh -6.82515929939 2.46507926374 4.8253
13lh13lh-13lh-13lh -6.56256944515 2.19106062829 4.4810
13lh13lh-13lh-13lh- -6.56311367283 2.04058167555 4.3696
13lh13lh-13lh13lh- -6.46787382932 2.31732144939 4.5102
13li13li -7.38544169303 2.815289774 5.4250
13li13li- -7.38544169303 2.815289774 5.4250
13li13li-13li -6.89373198671 2.32548486455 4.7718
13li13li-13li-13li -6.82407084403 2.14316859269 4.6394
13li13li-13li-13li- -7.01264573417 2.25854486025 4.8347
13li13li-13li13li- -6.61318261913 2.06752094557 4.4299
13li13li13li -7.05944931441 2.37773072155 4.9344
13li13li13li-13li -6.61345473297 2.06752094557 4.4299
13li13li13li-13li- -6.74597417236 2.08901793882 4.5319
13li13li13li13li -6.93128369643 2.0607180996 4.6551
13li13li13li13li- -6.83604385293 2.08684102811 4.6075
13ll -8.26518573318 4.16497441338 6.7392
13ll13ll -8.24532142296 3.33720411641 6.3201
13ll13ll- -7.07577614472 3.02345686052 5.3623
13ll13ll-13ll -6.91577320764 2.34181169486 4.8045
13ll13ll-13ll-13ll -6.72447717911 1.93772264456 4.4151
13ll13ll-13ll-13ll- -7.02815622297 2.32929445829 4.8669
13ll13ll-13ll13ll- -6.5685559496 2.10752167984 4.4224
13ll13ll13ll -7.4768719428 2.47215422354 5.2596
13ll13ll13ll-13ll -6.72121181305 1.96819939448 4.4345
13ll13ll13ll-13ll- -7.27877306831 2.49909349356 5.1366
13ll13ll13ll13ll -8.12749613085 2.76331603083 5.8897
13ll13ll13ll13ll- -6.94352881917 2.07105842547 4.6440
3 -11.345514386 4.40878841275 4.7822
4dd -10.9305407821 -0.286263758191 5.1662
4dd4dd -10.9650992396 -0.899336236523 5.0830
4dd4dd4dd -10.8619680948 -1.29226861944 5.0283
4dd4dd4dd4dd -10.8401989877 -1.49825879525 4.9743
4dh -9.00261423574 1.45444846724 5.2344
4dh4dh -8.99200179604 0.84600192416 5.0707
4dh4dh- -8.87580918696 0.867498917409 5.0302
4dh4dh-4dh -8.83689690805 0.567629467288 4.9120
4dh4dh-4dh-4dh -8.86383617806 0.451164744374 4.8844
4dh4dh-4dh-4dh- -8.69430925663 0.389667016854 4.8432
4dh4dh-4dh4dh -8.82193064692 0.415245717681 4.8545
4dh4dh-4dh4dh- -8.78138568497 0.399191001204 4.8624
4dh4dh4dh -8.92805504397 0.643549228253 5.0104
4dh4dh4dh-4dh -8.79036544165 0.401095798074 4.8585
4dh4dh4dh-4dh- -8.84533243704 0.391027586047 4.8195
4dh4dh4dh4dh -8.78628373407 0.374428641893 4.8098
4dh4dh4dh4dh- -8.69077177672 0.451164744374 4.8504
4hd -9.00288634958 1.4541763534 5.2345
4hd4hd -8.99145756836 0.845729810322 5.0699
4hd4hd- -8.87580918696 0.867498917409 5.0301
4hd4hd-4hd -8.83608056653 0.566813125772 4.9109
4hd4hd-4hd-4hd -8.71471779452 0.354836445515 4.8700
4hd4hd-4hd-4hd- -8.90329268466 0.363544088349 4.8823
4hd4hd-4hd4hd -8.87390439009 0.399735228881 4.8764
4hd4hd-4hd4hd- -8.77975300194 0.405177505653 4.8586
4hd4hd4hd -8.92751081629 0.642460772899 5.0104
4hd4hd4hd-4hd -8.77077324527 0.364632543704 4.8277
4hd4hd4hd-4hd- -8.84533243704 0.391027586047 4.8194
4hd4hd4hd4hd -8.78628373407 0.374156528054 4.8095
4hd4hd4hd4hd- -8.69458137047 0.390211244531 4.8434
4hh -7.7498021229 2.5042636565 4.9413
4hh4hh -7.65565073475 1.90180361787 4.6864
4hh4hh4hh -7.57129544479 1.54451814781 4.4762
4hh4hh4hh4hh -7.52938991364 1.3695489496 4.3896
6aa -10.258147487 1.90833435 4.7416
6aa6aa -9.38493417896 0.792123384121 4.6375
6aa6aa- -9.40806385523 0.799198343924 4.7232
6aa6aa-4aa6aa -8.78356259568 0.301230019313 4.7266
6aa6aa-6aa -9.02247854596 0.2538822114 4.7859
6aa6aa-6aa-6aa -8.80805284116 -0.0421776449807 4.6062
6aa6aa-6aa-6aa- -8.7949913769 -0.0408170757877 4.5586
6aa6aa-6aa6aa- -8.82465178531 -0.0359190266932 4.6243
6aa6aa6aa -8.9846547224 0.244358227049 4.5528
6aa6aa6aa-6aa -8.80995763803 -0.0402728481106 4.6029
6aa6aa6aa-6aa- -8.79689617377 -0.0402728481106 4.6010
6aa6aa6aa6aa -8.77812031891 -0.0448987833665 4.5135
6aa6aa6aa6aa- -8.79090966932 -0.046531466398 4.5422
6ad6ad -10.3068558641 -0.416878400712 4.6153
6ad6ad- -10.3601901764 -0.427490840417 4.7120
6ad6ad-4ad6ad -10.0042652756 -0.874029649535 4.7012
6ad6ad-6ad -10.2322966723 -0.766816797132 4.7328
6ad6ad-6ad-6ad -10.0769196705 -1.11131291678 4.6484
6ad6ad-6ad-6ad- -9.91610039187 -1.35458268848 4.4883
6ad6ad-6ad6ad- -9.9642645413 -1.3540384608 4.5618
6ad6ad6ad -10.0385516192 -1.01090291034 4.5189
6ad6ad6ad-6ad -9.95038673553 -1.35104520857 4.5461
6ad6ad6ad-6ad- -10.0810013781 -1.07321697938 4.6644
6ad6ad6ad6ad -10.0782802397 -1.0655977919 4.6103
6ad6ad6ad6ad- -10.0826340611 -1.08437364676 4.6328
6ae6ae -9.38302938208 0.535520034335 4.3533
6ae6ae- -9.37296117006 0.547765157071 4.3446
6ae6ae-4ae6ae -8.92070797033 0.0805456962211 4.3489
6ae6ae-6ae -9.15173261929 0.140682854548 4.3504
6ae6ae-6ae-6ae -8.98928065765 -0.12490025191 4.3461
6ae6ae-6ae-6ae- -9.01594781383 -0.105035941694 4.3458
6ae6ae-6ae6ae- -9.01839683838 -0.0982330957292 4.3483
6ae6ae6ae -9.1264260323 0.0987773234063 4.3479
6ae6ae6ae-6ae -9.00560748797 -0.112383015336 4.3482
6ae6ae6ae-6ae- -8.98383838088 -0.124356024233 4.3469
6ae6ae6ae6ae -9.00397480494 -0.126805048781 4.3471
6ae6ae6ae6ae- -8.98764797462 -0.123539682718 4.3462
6af6af -9.32207588224 0.836750053649 4.6195
6af6af- -9.32779027285 0.789946473412 4.6721
6af6af-4af6af -8.60369534838 0.190207573171 4.5283
6af6af-6af -8.97785187643 0.254698552915 4.5956
6af6af-6af-6af -8.65866234377 -0.0446266695279 4.4296
6af6af-6af-6af- -8.64451242417 -0.0862600868314 4.4408
6af6af-6af6af- -8.87091113787 -0.00299325222443 4.5405
6af6af6af -9.15309318848 0.359734494609 4.5440
6af6af6af-6af -8.95172894793 -0.0312930914373 4.5501
6af6af6af-6af- -8.91472146588 -0.0917023636031 4.4942
6af6af6af6af -9.04261497002 0.0658515489375 4.4732
6af6af6af6af- -9.06628887397 0.00979609818906 4.5171
6ah6ah -8.61403567424 1.21743731383 4.6325
6ah6ah- -8.55389851592 1.18641633623 4.6866
6ah6ah-4ah6ah -8.16776897896 0.767088910971 4.5662
6ah6ah-6ah -8.37131013023 0.748857283786 4.5855
6ah6ah-6ah-6ah -8.27851931127 0.517832634827 4.4510
6ah6ah-6ah-6ah- -8.31525467948 0.545588246363 4.4656
6ah6ah-6ah6ah- -8.24749833367 0.502322146028 4.4268
6ah6ah6ah -8.43335208542 0.804368506857 4.5363
6ah6ah6ah-6ah -8.25729443186 0.520009545536 4.4298
6ah6ah6ah-6ah- -8.30192110139 0.539329628075 4.4540
6ah6ah6ah6ah -8.30328167058 0.541778652623 4.4150
6ah6ah6ah6ah- -8.2766145144 0.531982554434 4.4156
6ai6ai -9.37840344683 1.17253853046 4.6675
6ai6ai- -9.3909206834 1.16818470905 4.7082
6ai6ai-4ai6ai -8.87580918696 0.74232655166 4.6994
6ai6ai-6ai -9.10710594976 0.724639152152 4.7017
6ai6ai-6ai-6ai -8.94220496358 0.498240438449 4.6673
6ai6ai-6ai-6ai- -8.94683089883 0.518376862504 4.6345
6ai6ai-6ai6ai- -8.96887211976 0.502050032189 4.7018
6ai6ai6ai -9.08043879358 0.742598665498 4.6269
6ai6ai6ai-6ai -8.93676268681 0.490077023291 4.6432
6ai6ai6ai-6ai- -8.95064049257 0.504226942898 4.6463
6ai6ai6ai6ai -8.92043585649 0.512118244217 4.6033
6ai6ai6ai6ai- -8.92805504397 0.512662471894 4.6159
6al6al -8.75199739041 0.851716314771 4.5150
6al6al- -8.89404081415 0.896887211976 4.6011
6al6al6al -8.368316878 0.35184319329 4.4541
6al6al6al6al -8.27035589611 0.241637088663 4.4162
6al6al6al6al- -8.18436792312 0.125988707265 4.2937
6da6da -10.5114854707 0.0285719530514 4.6095
6da6da- -10.3637276563 -0.364904657542 5.3283
6da6da-4da6da -10.0951512977 -0.66722313221 4.6125
6da6da-6da -10.1280770721 -0.948588841307 4.9002
6da6da-6da-6da -10.2020920362 -0.893893959751 4.6474
6da6da-6da-6da- -9.90303892762 -1.23893430708 4.2923
6da6da-6da6da- -10.0121565769 -1.26505723558 4.6531
6da6da6da -10.4219600178 -0.334155793782 4.5965
6da6da6da-6da -10.1816834983 -0.929812986445 4.6224
6da6da6da-6da- -10.2069900853 -0.874301763373 4.6112
6da6da6da6da -10.3835919666 -0.533887351304 4.5981
6da6da6da6da- -10.2554263486 -0.751034194494 4.5913
6dd -11.3180308883 -0.621508007328 4.6352
6dd6dd -11.2494582009 -1.24845829143 4.6110
6dd6dd6dd -11.2023825069 -1.63948587747 4.6068
6dd6dd6dd6dd -11.1743547815 -1.8963613411 4.6069
6de6de -10.2113439067 -0.515927837957 4.2830
6de6de6de -10.1607307328 -0.774708098451 4.2729
6de6de6de6de -10.1680778064 -0.875662332566 4.2722
6df6df -10.2023641501 0.0857158591542 4.5937
6df6df- -10.3193731007 -0.116464722914 4.6774
6df6df-4df6df -9.81623461311 -0.534431578981 4.6082
6df6df-6df -10.1038589405 -0.478648242071 4.6685
6df6df-6df-6df -10.0782802397 -0.760286065006 4.6015
6df6df-6df-6df- -9.86657567325 -0.742054437821 4.5598
6df6df-6df6df- -10.1373289426 -0.780150375223 4.6710
6df6df6df -10.1933843934 -0.388306447661 4.5677
6df6df6df-6df -10.1903911412 -0.839743305873 4.5843
6df6df6df-6df- -10.1563769113 -0.816341515755 4.5435
6df6df6df6df -10.1909353688 -0.579874590024 4.5640
6df6df6df6df- -10.2586917147 -0.845185582645 4.5624
6dh6dh -9.3732332839 0.622596462682 4.6441
6dh6dh- -9.27255116362 0.414429376165 4.6724
6dh6dh-4dh6dh -9.11200399885 0.0650352074218 4.5962
6dh6dh-6dh -9.26874156988 0.0960561850205 4.6537
6dh6dh-6dh-6dh -9.20343424862 -0.126805048781 4.5736
6dh6dh-6dh-6dh- -9.17785554779 -0.0582323614572 4.6094
6dh6dh-6dh6dh- -9.28996644929 -0.111022446143 4.6477
6dh6dh6dh -9.19744774417 0.0903417944102 4.6102
6dh6dh6dh-6dh -9.28969433545 -0.110478218465 4.6480
6dh6dh6dh-6dh- -9.24098595834 -0.0914302497645 4.5207
6dh6dh6dh6dh -9.16016814828 -0.0982330957292 4.5412
6dh6dh6dh6dh- -9.20370636246 -0.126805048781 4.5735
6di6di -10.354203672 0.218779526222 4.6414
6di6di- -10.354203672 0.218779526222 4.6415
6di6di-4di6di -10.2107996791 -0.0748313056109 4.5744
6di6di-6di -10.2812771633 -0.125444479588 4.6324
6di6di-6di-6di -10.2306639893 -0.376061324924 4.6334
6di6di-6di-6di- -10.2380110629 -0.379326690987 4.6371
6di6di-6di6di- -10.2499840718 -0.332250996912 4.6342
6di6di6di-6di -10.2494398441 -0.331434655396 4.6424
6di6di6di-6di- -10.2214121188 -0.35565278703 4.6311
6di6di6di6di -10.2380110629 -0.379326690987 4.6371
6di6di6di6di- -10.2303918754 -0.376333438763 4.6335
6dl6dl -9.77160794358 0.246807251597 4.5955
6dl6dl- -9.83228932959 0.264494651105 4.6713
6dl6dl6dl -9.68235460453 -0.0982330957292 4.5972
6dl6dl6dl6dl -9.64017695955 -0.234834242699 4.6052
6dl6dl6dl6dl- -9.60752329892 -0.271297497069 4.5943
6ea6ea -9.42874450697 0.813076149692 4.2834
6ea6ea- -9.36207661651 0.587221663666 4.3486
6ea6ea-4ea6ea -8.98492683624 0.272385952423 4.3303
6ea6ea-6ea -9.05105049901 -0.0541506538784 4.3341
6ea6ea-6ea-6ea -9.06193505255 0.097688868052 4.2773
6ea6ea-6ea-6ea- -9.11118765734 0.139594399194 4.2497
6ea6ea-6ea6ea- -8.8915917896 -0.306672296085 4.5517
6ea6ea6ea -9.25704067482 0.502050032189 4.2658
6ea6ea6ea-6ea -9.02710448122 0.049796832461 4.2789
6ea6ea6ea-6ea- -9.08506472883 0.129798301005 4.2709
6ea6ea6ea6ea -9.18248148305 0.345040347326 4.2685
6ea6ea6ea6ea- -9.0869695257 0.20762285884 4.2624
6ed6ed -10.1724316278 -0.516744179473 4.1903
6ed6ed6ed -10.0956955253 -0.788858018058 4.1765
6ed6ed6ed6ed -10.0578717018 -0.962194533236 4.1619
6ee -9.50466426793 0.464498322464 4.3584
6ee6ee -9.28343571716 0.180411474982 4.2504
6ee6ee6ee -9.16424985586 0.00163268303151 4.2415
6ee6ee6ee6ee -9.09132334712 -0.106124397048 4.2363
6ef6ef -9.19227758124 0.861784526798 4.3385
6ef6ef- -9.26738100069 0.595657192662 4.4419
6ef6ef-4ef6ef -8.72043218513 0.273746521616 4.3559
6ef6ef-6ef -9.0798945659 0.370891161991 4.3868
6ef6ef-6ef-6ef -8.88206780525 0.180955702659 4.3412
6ef6ef-6ef-6ef- -8.78192991265 0.106668624725 4.3124
6ef6ef-6ef6ef- -9.04696879143 0.159186595572 4.3806
6ef6ef6ef -9.17105270183 0.534159465142 4.3429
6ef6ef6ef-6ef -9.09649351006 0.0683005734848 4.3329
6ef6ef6ef-6ef- -9.0178526107 -0.0125172365749 4.3225
6ef6ef6ef6ef -9.13159619523 0.336876932168 4.3281
6ef6ef6ef6ef- -9.17023636031 0.0998657787607 4.3356
6eh6eh -8.50328534194 1.09797933869 4.4189
6eh6eh- -8.50410168346 1.09770722485 4.4188
6eh6eh-4eh6eh -8.24613776448 0.835117370617 4.4033
6eh6eh-6eh -8.46872688444 0.866410462054 4.4172
6eh6eh-6eh-6eh -8.46872688444 0.854709566995 4.3958
6eh6eh-6eh-6eh- -8.47825086879 0.869675828117 4.4195
6eh6eh-6eh6eh- -8.4494068019 0.72300646912 4.4197
6eh6eh6eh -8.43525688229 0.831307776877 4.4175
6eh6eh6eh-6eh -8.44178761442 0.756748585105 4.3801
6eh6eh6eh-6eh- -8.41267143369 0.70178158971 4.4171
6eh6eh6eh6eh -8.38546004983 0.650896301895 4.4142
6eh6eh6eh6eh- -8.47852298263 0.843280785775 4.3852
6ei6ei -9.38466206512 0.978249249713 4.3765
6ei6ei- -9.38466206512 0.978249249713 4.3765
6ei6ei-4ei6ei -9.13921538271 0.764095658746 4.3636
6ei6ei-6ei -9.30466059657 0.80001468544 4.3664
6ei6ei-6ei-6ei -9.26602043149 0.702597931226 4.3689
6ei6ei-6ei-6ei- -9.21132554994 0.566268898095 4.3719
6ei6ei-6ei6ei- -9.21132554994 0.566268898095 4.3719
6ei6ei6ei -9.27091848059 0.707223866482 4.3739
6ei6ei6ei-6ei -9.26602043149 0.702870045065 4.3689
6ei6ei6ei-6ei- -9.22629181106 0.624773373391 4.3705
6ei6ei6ei6ei -9.2110534361 0.565996784257 4.3719
6ei6ei6ei6ei- -9.25350319492 0.634841585419 4.3687
6el6el -8.80152210903 0.987501120225 4.3435
6el6el- -8.91853105962 0.997297218414 4.4037
6el6el6el -8.61321933273 0.653073212604 4.3243
6el6el6el6el -8.52505444903 0.520281659374 4.3284
6el6el6el6el- -8.53076883964 0.522458570083 4.3161
6fa6fa -8.85621699058 0.523819139276 4.6509
6fa6fa- -8.99036911301 0.814708832723 5.0360
6fa6fa-4fa6fa -8.79880097064 0.411708237779 4.7668
6fa6fa-6fa -8.93159252387 0.201092126714 4.6947
6fa6fa-6fa-6fa -8.84669300623 0.155921229509 4.6421
6fa6fa-6fa-6fa- -8.68315258924 0.421232222129 4.6922
6fa6fa-6fa6fa- -8.64287974113 0.0448987833665 4.4538
6fa6fa6fa -8.52668713206 -0.109933990788 4.1493
6fa6fa6fa-6fa -8.59553193322 -0.125988707265 4.2253
6fa6fa6fa-6fa- -8.42518867027 0.104219600178 4.2457
6fa6fa6fa6fa -8.34600354324 -0.462049297917 3.8905
6fa6fa6fa6fa- -8.2921250032 -0.224493916833 3.9648
6fd6fd -9.63854427652 -0.562731418194 4.5070
6fd6fd- -9.98167982697 0.0889812252173 5.0663
6fd6fd-4fd6fd -9.97923080242 -0.472389623783 4.9802
6fd6fd-6fd -10.0121565769 -0.623412804198 4.8981
6fd6fd-6fd-6fd -9.99338072203 -0.734979478018 4.8283
6fd6fd-6fd-6fd- -9.84943250142 -0.533071009788 4.8523
6fd6fd-6fd6fd- -9.83555469565 -0.783687855125 4.7342
6fd6fd6fd -9.41078499362 -1.26723414629 4.0492
6fd6fd6fd-6fd -9.81514615776 -1.0726727517 4.3839
6fd6fd6fd-6fd- -9.62357801539 -0.912397700775 4.3607
6fd6fd6fd6fd -9.283707831 -1.66914628588 3.8300
6fd6fd6fd6fd- -9.44153385738 -1.33771163048 4.0233
6fe6fe -8.65757388842 0.165989441537 4.3561
6fe6fe- -9.00778439868 0.849539404062 4.3810
6fe6fe-4fe6fe -8.90955130295 0.41334092081 4.3794
6fe6fe-6fe -8.98792008846 0.266127334136 4.3791
6fe6fe-6fe-6fe -8.92723870246 0.125988707265 4.3786
6fe6fe-6fe-6fe- -8.76832422072 0.364360429865 4.3806
6fe6fe-6fe6fe- -8.80043365367 0.155104887993 4.3823
6fe6fe6fe -8.37892931771 -0.450348402858 3.9743
6fe6fe6fe-6fe -8.72886771413 -0.145308789804 4.3061
6fe6fe6fe-6fe- -8.56423884178 0.0122451227363 4.2961
6fe6fe6fe6fe -8.21865426678 -0.792395497959 3.7606
6fe6fe6fe6fe- -8.37430338245 -0.445450353764 3.9625
6ff -9.16833156344 1.68030295326 5.1323
6ff6ff -8.75798389486 0.400279456558 4.4912
6ff6ff- -8.86383617806 0.737428502565 4.8160
6ff6ff-4ff6ff -8.61648469879 0.261773512719 4.5006
6ff6ff-6ff -8.82356332995 0.164356758505 4.5707
6ff6ff-6ff-6ff -8.65022681478 0.00489804909453 4.3705
6ff6ff-6ff-6ff- -8.44668566351 0.154560660316 4.3217
6ff6ff-6ff6ff- -8.62138274789 0.00870764283472 4.3724
6ff6ff6ff -8.54491875924 -0.237555381085 4.0663
6ff6ff6ff-6ff -8.60614437293 -0.213337249451 4.1149
6ff6ff6ff-6ff- -8.43906647603 -0.0614977275202 4.1054
6ff6ff6ff6ff -8.40341956318 -0.606541746206 3.8311
6ff6ff6ff6ff- -8.38192256993 -0.352115307129 3.9096
6fh6fh -8.13511531833 0.693073946876 4.2992
6fh6fh- -8.28232890501 1.17172218895 4.6645
6fh6fh-4fh6fh -8.1680410928 0.669400042919 4.4322
6fh6fh-6fh -8.22817825113 0.531982554434 4.4572
6fh6fh-6fh-6fh -8.21511678688 0.400279456558 4.3321
6fh6fh-6fh-6fh- -8.07824352607 0.7115776879 4.3355
6fh6fh-6fh6fh- -8.04041970251 0.442457101539 4.2699
6fh6fh6fh -7.86708318733 0.0952398435047 3.8941
6fh6fh6fh-6fh -8.03007937664 0.229664079766 4.0027
6fh6fh6fh-6fh- -7.86436204894 0.464226208626 4.0196
6fh6fh6fh6fh -7.70381488418 -0.25769180514 3.6790
6fh6fh6fh6fh- -7.71333886853 0.0402728481106 3.7743
6fi6fi -8.75363007344 0.693073946876 4.7146
6fi6fi- -9.00451903261 1.24927463294 5.1385
6fi6fi-4fi6fi -8.91118398598 0.993759738512 5.0966
6fi6fi-6fi -9.06329562175 0.74042175479 5.0563
6fi6fi-6fi-6fi -8.95499431399 0.672393295143 4.9667
6fi6fi-6fi-6fi- -8.79934519832 0.924370709673 4.9848
6fi6fi-6fi6fi- -8.84941414462 0.652801098765 4.9354
6fi6fi6fi -8.44069915907 0.0914302497645 4.2728
6fi6fi6fi-6fi -8.6758055156 0.332250996912 4.5144
6fi6fi6fi-6fi- -8.48668639779 0.51157401654 4.5082
6fi6fi6fi6fi -8.2646415055 -0.244086113211 4.0158
6fi6fi6fi6fi- -8.2766145144 0.025578700827 4.1475
6fl6fl -8.16423149906 0.504499056736 4.2309
6fl6fl- -8.72016007129 1.13879641448 4.9526
6fl6fl6fl -7.80014318304 -0.107484966241 3.7548
6fl6fl6fl6fl -7.58571747823 -0.451164744374 3.5122
6fl6fl6fl6fl- -7.85429383691 -0.138778057678 3.7468
6ha6ha -8.169401662 1.16165397692 4.5645
6ha6ha- -8.42872615017 1.20192682503 4.8363
6ha6ha-4ha6ha -7.93973758223 0.683005734848 4.3106
6ha6ha-6ha -8.20423223334 0.768721594002 4.5105
6ha6ha-6ha-6ha -7.92994148404 0.477287672878 4.1289
6ha6ha-6ha-6ha- -7.8104835089 0.43456580022 4.0483
6ha6ha-6ha6ha- -8.08014832294 0.537424831205 4.3309
6ha6ha6ha -7.91524733676 0.69225760536 4.2068
6ha6ha6ha-6ha -7.98899018701 0.530077757563 4.2084
6ha6ha6ha-6ha- -7.89456668503 0.49034913713 4.1532
6ha6ha6ha6ha -7.7794625313 0.433477344866 4.0155
6ha6ha6ha6ha- -7.85511017843 0.474022306815 4.0589
6hd6hd -8.93785114216 0.23075253512 4.4951
6hd6hd- -9.04588033608 0.464770436303 4.7640
6hd6hd-4hd6hd -8.84070650179 -0.178506678112 4.3353
6hd6hd-6hd -8.9536337448 0.0481641494295 4.5708
6hd6hd-6hd-6hd -8.84723723391 -0.355108559353 4.2314
6hd6hd-6hd-6hd- -8.72315332352 -0.414429376165 4.1451
6hd6hd-6hd6hd- -8.88206780525 -0.176057653564 4.4768
6hd6hd6hd -8.81159032106 -0.301502133152 4.2135
6hd6hd6hd-6hd -8.89540138334 -0.379326690987 4.3367
6hd6hd6hd-6hd- -8.74247340606 -0.437559052445 4.2220
6hd6hd6hd6hd -8.72696291726 -0.585588980635 4.0811
6hd6hd6hd6hd- -8.87308804858 -0.53851328656 4.1559
6he6he -8.11851637418 0.887635341464 4.3919
6he6he- -8.29430191391 1.09553031414 4.4207
6he6he-4he6he -8.02436498603 0.60763020156 4.3639
6he6he-6he -8.15824499461 0.804912734534 4.4176
6he6he-6he-6he -8.00314010662 0.426130271224 4.2151
6he6he-6he-6he- -7.85565440611 0.369802706637 4.1251
6he6he-6he6he- -8.0869511689 0.610895567623 4.4122
6he6he6he -7.94028180991 0.441096532346 4.1754
6he6he6he-6he -8.0692637694 0.40953132707 4.2769
6he6he6he-6he- -7.9190569305 0.370346934314 4.2283
6he6he6he6he -7.83497375438 0.209255541872 4.0371
6he6he6he6he- -7.99089498388 0.261229285042 4.1061
6hf6hf -8.18763328918 0.966548354654 4.4149
6hf6hf- -8.368316878 0.982875184969 4.6388
6hf6hf-4hf6hf -7.96613262457 0.443545556893 4.1798
6hf6hf-6hf -8.24396085377 0.595929306501 4.4768
6hf6hf-6hf-6hf -7.94436351749 0.242725544018 4.0435
6hf6hf-6hf-6hf- -7.66245358071 0.139866513033 3.8709
6hf6hf-6hf6hf- -8.11770003267 0.408170757877 4.2673
6hf6hf6hf -8.09620303942 0.509941333508 4.1346
6hf6hf6hf-6hf -8.10844816215 0.322454898723 4.1189
6hf6hf6hf-6hf- -7.97130278751 0.213337249451 4.0220
6hf6hf6hf6hf -8.04123604402 0.247895706951 3.9777
6hf6hf6hf6hf- -8.03280051503 0.30776075144 4.0120
6hh -8.10844816215 2.07187476699 4.8609
6hh6hh -7.7427271631 1.23757373788 4.3235
6hh6hh6hh -7.57755406307 0.833212573747 4.0420
6hh6hh6hh6hh -7.46707584461 0.599194672564 3.8857
6hi6hi -8.17103434503 1.32002423098 4.6912
6hi6hi- -8.46382883535 1.55567481519 5.0312
6hi6hi-4hi6hi -8.031167832 1.13770795912 4.6130
6hi6hi-6hi -8.36777265032 1.29444553015 4.8907
6hi6hi-6hi-6hi -8.10055686083 0.953214776563 4.5023
6hi6hi-6hi-6hi- -7.95552018487 0.832940459908 4.3830
6hi6hi-6hi6hi- -8.31525467948 1.1728106443 4.8181
6hi6hi6hi -8.00286799278 0.912941928452 4.4325
6hi6hi6hi-6hi -8.17756507715 0.967908923847 4.5427
6hi6hi6hi-6hi- -8.0502158007 0.918384205224 4.5137
6hi6hi6hi6hi -7.91307042605 0.700965248195 4.3057
6hi6hi6hi6hi- -8.01266409097 0.795660864022 4.3773
6hl6hl -7.73102626804 1.10178893243 4.2714
6hl6hl- -8.13593165985 1.37145374647 4.7200
6hl6hl6hl -7.46054511248 0.663141424631 3.9387
6hl6hl6hl6hl -7.31360363965 0.423409132838 3.7757
6hl6hl6hl6hl- -7.53945812567 0.534431578981 3.8960
6ia6ia -9.37051214551 1.18451153936 4.6705
6ia6ia- -9.33187198043 1.13852430064 4.7153
6ia6ia-4ia6ia -8.85921024281 0.703414272742 4.7071
6ia6ia-6ia -9.0417986285 0.706407524966 4.7071
6ia6ia-6ia-6ia -8.90519748153 0.482185721972 4.6966
6ia6ia-6ia-6ia- -8.93839536984 0.512662471894 4.6794
6ia6ia-6ia6ia- -8.91145609982 0.496607755417 4.7084
6ia6ia6ia -9.0918675748 0.763823544908 4.6624
6ia6ia6ia-6ia -8.89921097708 0.503954829059 4.6711
6ia6ia6ia-6ia- -8.90601382305 0.483546291165 4.6668
6ia6ia6ia6ia -8.9261502471 0.513206699571 4.6564
6ia6ia6ia6ia- -8.91036764446 0.518104748666 4.6604
6id6id -10.249711958 0.0764639886424 4.6931
6id6id- -10.2962434244 0.147757814352 4.7317
6id6id-4id6id -10.0510688558 -0.361639291479 4.6887
6id6id-6id -10.1955613041 -0.205173834293 4.7092
6id6id-6id-6id -10.0684841415 -0.559193938292 4.6721
6id6id-6id-6id- -10.0388237331 -0.566813125772 4.6735
6id6id-6id6id- -10.1256280476 -0.422592791322 4.7010
6id6id6id -10.0967839807 -0.381503601696 4.6914
6id6id6id-6id -10.1033147128 -0.531438326756 4.6942
6id6id6id-6id- -10.0404564161 -0.575792882446 4.6693
6id6id6id6id -10.0246738135 -0.626678170261 4.6911
6id6id6id6id- -10.0529736527 -0.618514755104 4.6904
6ie6ie -9.2371763646 0.798926230085 4.3631
6ie6ie- -9.32779027285 0.904234285618 4.3745
6ie6ie-4ie6ie -9.00941708171 0.568173694965 4.3595
6ie6ie-6ie -9.2336388847 0.734707364179 4.3767
6ie6ie-6ie-6ie -9.04968992982 0.357829697739 4.3607
6ie6ie-6ie-6ie- -8.97785187643 0.332250996912 4.3669
6ie6ie-6ie6ie- -9.12370489391 0.633208902387 4.3659
6ie6ie6ie -9.05213895437 0.428307181933 4.3661
6ie6ie6ie-6ie -9.14220863494 0.389939130692 4.3649
6ie6ie6ie-6ie- -9.02139009061 0.355380673192 4.3660
6ie6ie6ie6ie -8.94601455732 0.223949689155 4.3632
6ie6ie6ie6ie- -9.06220716639 0.281365709097 4.3627
6if6if -9.17785554779 1.08219673605 4.6841
6if6if- -9.25431953643 1.12655129174 4.6847
6if6if-4if6if -8.70737072088 0.631304105517 4.5792
6if6if-6if -9.0382611486 0.800286799278 4.6333
6if6if-6if-6if -8.74274551989 0.431844661834 4.5590
6if6if-6if-6if- -8.6292740492 0.346945144196 4.5536
6if6if-6if6if- -8.98928065765 0.608718656914 4.6276
6if6if6if -9.06139082488 0.620147438135 4.6119
6if6if6if-6if -9.02955350576 0.477831900555 4.6273
6if6if6if-6if- -8.93349732074 0.366265226735 4.5696
6if6if6if6if -9.00179789423 0.372523845023 4.5780
6if6if6if6if- -9.08506472883 0.412796693133 4.6120
6ih6ih -8.49621038214 1.39485553659 4.6434
6ih6ih- -8.56423884178 1.5768996946 4.6815
6ih6ih-4ih6ih -8.24123971538 1.20709698796 4.6360
6ih6ih-6ih -8.48478160092 1.33880008584 4.6789
6ih6ih-6ih-6ih -8.39416769267 1.04872673391 4.6437
6ih6ih-6ih-6ih- -8.34001703879 0.965187785461 4.6232
6ih6ih-6ih6ih- -8.45321639564 1.23022666424 4.6741
6ih6ih6ih -8.36042557668 1.01444039024 4.6152
6ih6ih6ih-6ih -8.4183858243 1.06777470261 4.6336
6ih6ih6ih-6ih- -8.36777265032 0.999746242961 4.6316
6ih6ih6ih6ih -8.26436939166 0.798382002408 4.5413
6ih6ih6ih6ih- -8.33403053434 0.882465178531 4.5989
6ii -9.64697980551 1.93255248163 4.7220
6ii6ii -9.43010507616 1.55703538438 4.6924
6ii6ii6ii6ii -9.06737732933 0.960289736366 4.6746
6il6il- -8.86438040574 1.35812016838 4.6362
6il6il6il6il -8.29430191391 0.600827355595 4.5577
6la6la6la6la -8.59525981938 0.68654321475 4.8164
6ld6ld -9.79283282299 0.232929445829 5.1043
6ld6ld6ld -9.68398728756 -0.191840256202 4.9618
6ld6ld6ld6ld -9.65351053764 -0.386129536952 4.8299
6le6le -8.85159105533 0.901241033393 4.4121
6le6le6le -8.68478527228 0.563547759709 4.4076
6le6le6le6le -8.58981754261 0.397830432011 4.4066
6lf6lf -8.73213308019 1.04246811562 4.8913
6lf6lf6lf -8.59199445332 0.648447277348 4.6365
6lf6lf6lf6lf -8.51335355397 0.426130271224 4.4926
6lh6lh -8.19171499676 1.32709919078 4.6847
6lh6lh6lh -8.01293620481 0.96137819172 4.4157
6lh6lh6lh6lh -7.95633652638 0.831852004554 4.3247
6li6li -8.80914129651 1.33254146755 5.2134
6li6li6li -8.78628373407 1.26179186952 5.1274
6li6li6li6li -8.55879656501 0.928996644929 4.8973
6ll -8.80016153984 1.83948954883 5.2194
6ll6ll -8.37076590255 1.18641633623 4.7957
6ll6ll6ll -8.10218954387 0.818246312625 4.4736
6ll6ll6ll6ll -7.96640473841 0.656882806344 4.3153
