12dd -7.70980138863 -1.62234270564 5.5240
12dd12dd -7.33510063289 -3.25203248493 3.8835
12dd12dd- -7.38299266849 -3.30291777274 3.9088
12dd12dd-12dd -7.21292151937 -3.79163422684 3.1604
12dd12dd-12dd-12dd -7.26162989648 -3.95326984696 2.9403
12dd12dd-12dd-12dd- -7.21047249482 -4.11762660547 2.7757
12dd12dd-12dd12dd- -7.13781809992 -4.07544896049 2.7694
12dd12dd-4dd12dd -7.35333226008 -3.9845629384 2.9993
12dd12dd12dd -7.25972509961 -3.80170243887 3.2423
12dd12dd12dd-12dd -7.18625436319 -4.09749018141 2.8061
12dd12dd12dd-12dd- -7.237139651 -4.12524579295 2.8428
12dd12dd12dd12dd -7.27605192992 -4.16034847812 2.8494
12dd12dd12dd12dd- -7.21020038098 -4.11735449163 2.7756
12dh -6.00174282383 -0.792939725636 4.5804
12dh12dh -5.50186970235 -1.64656083728 3.5407
12dh12dh- -5.48309384749 -1.65281945556 3.5565
12dh12dh-12dh -5.16880236392 -2.00820012876 2.8816
12dh12dh-12dh-12dh -5.06485487758 -2.21799989831 2.5237
12dh12dh-12dh-12dh- -5.12961797116 -2.32875023061 2.4980
12dh12dh-12dh12dh- -5.01015999603 -2.20330575102 2.5138
12dh12dh-4dh12dh -5.29778432341 -2.18670680687 2.8038
12dh12dh12dh -5.2539739954 -2.05636427819 2.9081
12dh12dh12dh-12dh -4.99682641793 -2.21337396305 2.5067
12dh12dh12dh-12dh- -5.08880089538 -2.29990616372 2.5207
12dh12dh12dh12dh -5.11818918994 -2.30017827756 2.5123
12dh12dh12dh12dh- -5.01396958977 -2.18752314838 2.5231
12hd -6.00174282383 -0.792939725636 4.5804
12hd12hd -5.50159758851 -1.64628872344 3.5407
12hd12hd- -5.48309384749 -1.65281945556 3.5565
12hd12hd-12hd -5.16880236392 -2.00792801492 2.8816
12hd12hd-12hd-12hd -5.06512699142 -2.21799989831 2.5239
12hd12hd-12hd-12hd- -5.01396958977 -2.18752314838 2.5231
12hd12hd-12hd12hd- -5.01015999603 -2.20330575102 2.5138
12hd12hd-4hd12hd -5.39465684995 -2.35432893144 2.7153
12hd12hd12hd -5.2539739954 -2.05636427819 2.9081
12hd12hd12hd-12hd -5.09560374134 -2.28276299189 2.5336
12hd12hd12hd-12hd- -5.08880089538 -2.29990616372 2.5207
12hd12hd12hd12hd -5.11818918994 -2.30017827756 2.5123
12hd12hd12hd12hd- -5.12961797116 -2.32875023061 2.4980
12hh -5.17832634827 1.06314876735 5.5992
12hh12hh -4.35463775887 0.0995936649221 4.2766
12hh12hh- -4.45640833451 -0.154016432639 4.1835
12hh12hh-12hh -3.877350086 -0.359462380771 3.3294
12hh12hh-12hh-12hh -3.83571666869 -0.675930775045 2.9241
12hh12hh-12hh-12hh- -3.70346934314 -0.534159465142 2.9497
12hh12hh-12hh12hh- -3.80306300806 -0.730353542762 2.8692
12hh12hh-4hh12hh -3.9725899295 -0.682461507171 2.9707
12hh12hh12hh -3.95190927777 -0.244902454726 3.5307
12hh12hh12hh-12hh -3.70455779849 -0.555928572229 2.9221
12hh12hh12hh-12hh- -3.58428348184 -0.403000594944 2.9630
12hh12hh12hh12hh -3.70510202617 -0.432388889511 3.0589
12hh12hh12hh12hh- -3.70374145698 -0.534431578981 2.9499
13aa -5.50377449922 1.34669138716 6.5473
13aa13aa -4.62511891443 0.199731557521 4.7069
13aa13aa- -4.66784078709 0.219323753899 4.7320
13aa13aa-13aa -4.32035141521 -0.191296028525 3.9184
13aa13aa-13aa-13aa -4.11844294698 -0.466131005496 3.4200
13aa13aa-13aa-13aa- -4.36579442626 -0.301774246991 3.7208
13aa13aa-13aa13aa- -4.145382217 -0.409259213232 3.4770
13aa13aa-4aa13aa -4.42538735691 -0.909676562389 3.2953
13aa13aa13aa -4.27980645326 -0.283542619805 3.8535
13aa13aa13aa-13aa -4.13694668801 -0.449259947504 3.4487
13aa13aa13aa-13aa- -4.12959961436 -0.488988567937 3.4206
13aa13aa13aa13aa -4.47409573401 -0.19809887449 3.8940
13aa13aa13aa13aa- -4.11817083314 -0.51728840715 3.3900
13ad13ad -5.85806671706 -1.33335780907 4.2982
13ad13ad- -5.92146924145 -1.40301895174 4.2492
13ad13ad-13ad -5.69860800765 -1.77608702444 3.6039
13ad13ad-13ad-13ad -5.57751734947 -2.05255468445 3.1870
13ad13ad-13ad-13ad- -5.57996637402 -2.13418883602 3.1133
13ad13ad-13ad13ad- -5.59384417979 -2.00085305511 3.2456
13ad13ad-4ad13ad -5.80881411227 -2.42480641563 3.0887
13ad13ad13ad -5.6926215032 -1.87785760007 3.6028
13ad13ad13ad-13ad -5.65697459034 -2.10480054145 3.2384
13ad13ad13ad-13ad- -5.65588613499 -2.14888298331 3.2066
13ad13ad13ad13ad -5.94133355166 -1.92085158657 3.6235
13ad13ad13ad13ad- -5.77915370387 -2.1812645301 3.2705
13ae13ae -4.94104308102 -0.501233690673 4.2095
13ae13ae- -5.00226869471 -0.566268898095 4.1465
13ae13ae-13ae -4.70947420439 -0.860968185283 3.5295
13ae13ae-13ae-13ae -4.58783931854 -1.07484966241 3.1622
13ae13ae-13ae-13ae- -4.63681980949 -1.0585228321 3.2213
13ae13ae-13ae13ae- -4.56035582084 -1.03294413127 3.1836
13ae13ae-4ae13ae -4.82430624427 -1.45444846724 3.0353
13ae13ae13ae -4.78702664839 -0.92491493735 3.5787
13ae13ae13ae-13ae -4.57613842348 -1.09961202172 3.1706
13ae13ae13ae-13ae- -4.64552745232 -1.11893210426 3.2055
13ae13ae13ae13ae -4.75709412614 -0.952942662724 3.4434
13ae13ae13ae13ae- -4.64906493222 -1.17743657956 3.1585
13af13af -4.65205818445 0.280005139904 4.6213
13af13af- -4.2659286475 0.365993112897 4.4798
13af13af-13af -3.86156748336 0.0372795958861 3.7087
13af13af-13af-13af -3.85884634497 -0.475382876008 3.1468
13af13af-13af-13af- -3.71625869355 -0.347761485712 3.1300
13af13af-13af13af- -3.62510055763 -0.206534403486 3.1938
13af13af-4af13af -4.22592791322 -0.78450419664 3.2370
13af13af13af -4.48634085675 -0.116736836753 4.0190
13af13af13af-13af -3.88605772883 -0.366265226735 3.2735
13af13af13af-13af- -4.16878400712 -0.581507273056 3.3189
13af13af13af13af -4.43001329216 -0.34041441207 3.6873
13af13af13af13af- -4.20960108291 -0.431844661834 3.4614
13ah13ah -4.18048490218 0.514839382603 4.4005
13ah13ah- -4.17449839773 0.478104014394 4.4041
13ah13ah-13ah -3.84687333607 0.157009684863 3.7411
13ah13ah-13ah-13ah -3.66918299948 -0.0604092721659 3.3086
13ah13ah-13ah-13ah- -3.66183592584 -0.0503410601382 3.3068
13ah13ah-13ah13ah- -3.65530519371 -0.0152383749608 3.3406
13ah13ah-4ah13ah -3.96279383131 -0.402184253428 3.2610
13ah13ah13ah -3.93122862604 0.177690336596 3.8037
13ah13ah13ah-13ah -3.74945658186 -0.0908860220874 3.3536
13ah13ah13ah-13ah- -3.7116327583 -0.118097405946 3.3039
13ah13ah13ah13ah -3.80170243887 -0.014422033445 3.4471
13ah13ah13ah13ah- -3.79326690987 -0.0620419551974 3.3999
13ai13ai -4.71137900126 0.45388588276 4.8695
13ai13ai- -4.64389476929 0.430484092641 4.8111
13ai13ai-13ai -4.28905832378 0.0293882945672 4.0246
13ai13ai-13ai-13ai -4.15653888438 -0.195105622265 3.6119
13ai13ai-13ai-13ai- -4.2349076699 -0.168710579923 3.7020
13ai13ai-13ai13ai- -4.1037487997 -0.184765296399 3.5942
13ai13ai-4ai13ai -4.42946906449 -0.663685652309 3.4285
13ai13ai13ai -4.4719188233 0.113199356851 4.2306
13ai13ai13ai-13ai -4.16551864106 -0.19619407762 3.6363
13ai13ai13ai-13ai- -4.21286644897 -0.223949689155 3.6538
13ai13ai13ai13ai -4.36062426332 -0.0745591917723 3.8784
13ai13ai13ai13ai- -4.27191515194 -0.131430984037 3.7596
13al13al -4.17395417005 0.326536606302 4.3769
13al13al- -4.28416027468 0.391299699885 4.4932
13al13al-13al -3.78211024249 0.011156667382 3.6028
13al13al-13al-13al -3.74864024035 -0.284358961321 3.2055
13al13al-13al-13al- -3.8449685392 -0.274018635455 3.2980
13al13al-13al13al- -3.57992966042 -0.163812530828 3.1864
13al13al13al -3.78564772239 -0.115104153721 3.5467
13al13al13al-13al -3.68931942353 -0.247895706951 3.2110
13al13al13al-13al- -3.81830138302 -0.315652052758 3.2580
13al13al13al13al -3.70782316456 -0.397558318173 3.0684
13al13al13al13al- -3.60686893044 -0.310209775987 3.1212
13da13da -5.85806671706 -1.33335780907 4.2982
13da13da- -5.92146924145 -1.40301895174 4.2492
13da13da-13da -5.69860800765 -1.77608702444 3.6039
13da13da-13da-13da -5.57751734947 -2.05255468445 3.1870
13da13da-13da-13da- -5.81752175511 -2.07677281608 3.3921
13da13da-13da13da- -5.59384417979 -2.00085305511 3.2456
13da13da-4da13da -5.76636435345 -2.52494430823 2.9587
13da13da13da -5.6926215032 -1.87785760007 3.6028
13da13da13da-13da -5.58513653696 -2.03731630949 3.2157
13da13da13da-13da- -5.65588613499 -2.14888298331 3.2066
13da13da13da13da -5.94106143782 -1.92112370041 3.6231
13da13da13da13da- -5.57996637402 -2.13418883602 3.1133
13dd -7.16366891459 -1.11104080294 5.4796
13dd13dd -7.19822737209 -2.07051419779 4.5912
13dd13dd- -6.90543288177 -2.71107017382 3.8952
13dd13dd-13dd -6.76311734419 -3.031076048 3.3643
13dd13dd-13dd-13dd -6.87631670104 -3.12713223302 3.3130
13dd13dd-13dd-13dd- -6.96039987716 -3.39706916089 3.1659
13dd13dd-13dd13dd- -6.7759066946 -3.12794857453 3.2321
13dd13dd-4dd13dd -6.85128222789 -3.80714471564 2.7251
13dd13dd13dd -6.79441043563 -2.95678897006 3.4605
13dd13dd13dd-13dd -6.8760445872 -3.25067191574 3.2264
13dd13dd13dd-13dd- -7.00693134356 -3.36169436188 3.2669
13dd13dd13dd13dd -6.77563458076 -3.12822068837 3.2318
13dd13dd13dd13dd- -6.96094410484 -3.39652493322 3.1668
13de13de -6.09779900885 -1.42832553873 4.2138
13de13de- -5.99929379928 -1.89173540584 3.7867
13de13de-13de -5.78514020832 -2.16874729352 3.2272
13de13de-13de-13de -5.77507199629 -2.3039878713 3.0513
13de13de-13de-13de- -5.99330729483 -2.2884773825 3.2989
13de13de-13de13de- -5.6806484943 -2.35596161447 2.9187
13de13de-4de13de -5.84065143139 -2.91569978044 2.5849
13de13de13de -6.12501039271 -1.72057580137 3.9255
13de13de13de-13de -5.75901727981 -2.34888665466 3.0174
13de13de13de-13de- -5.90269338658 -2.38045185994 3.1481
13de13de13de13de -6.18732446174 -1.89554499958 3.7769
13de13de13de13de- -5.81126313682 -2.43705153837 2.9838
13df13df -5.7032339429 -1.25825438962 4.0925
13df13df- -5.47248140778 -1.21961422454 3.9810
13df13df-13df -5.34322733445 -1.6340436007 3.3905
13df13df-13df-13df -5.07002504051 -1.71431718308 3.0225
13df13df-13df-13df- -5.34322733445 -1.83840109348 3.1431
13df13df-13df13df- -5.03791560756 -1.76601881242 2.9624
13df13df-4df13df -5.35084652193 -2.00411842118 3.0629
13df13df13df -5.5875855615 -1.87921816927 3.3893
13df13df13df-13df -5.28608342835 -1.94071589679 3.0302
13df13df13df-13df- -5.38186749953 -2.02833655281 3.0302
13df13df13df13df -5.63738239396 -2.00792801492 3.2521
13df13df13df13df- -5.41016733875 -2.11405241197 2.9614
13dh13dh -5.12118244217 -0.952398435047 3.7694
13dh13dh- -5.26621911813 -1.05253632765 3.8758
13dh13dh-13dh -5.09805276589 -1.38451521072 3.3684
13dh13dh-13dh-13dh -4.92689316142 -1.55975652277 2.9826
13dh13dh-13dh-13dh- -4.94077096719 -1.68873848226 2.8888
13dh13dh-13dh13dh- -5.01587438664 -1.55458635984 3.1001
13dh13dh-4dh13dh -5.14512845996 -1.86506824966 2.9060
13dh13dh13dh -5.01505804512 -1.33662317513 3.3054
13dh13dh13dh-13dh -4.95573722831 -1.58696790663 3.0175
13dh13dh13dh-13dh- -4.96580544034 -1.65962230153 2.9567
13dh13dh13dh13dh -4.99709853177 -1.56819205176 3.0366
13dh13dh13dh13dh- -4.90811730656 -1.61826099806 2.9244
13di13di -5.90051647588 -0.974167542134 4.5119
13di13di- -5.7032339429 -1.26070341416 4.1583
13di13di-13di -5.4613247404 -1.59023327269 3.5267
13di13di-13di-13di -5.42839896593 -1.77826393515 3.2406
13di13di-13di-13di- -5.6926215032 -1.72438539511 3.5643
13di13di-13di13di- -5.34349944829 -1.78370621192 3.1896
13di13di-4di13di -5.62649784042 -2.21419030457 3.0090
13di13di13di -5.86296476615 -1.33907219968 4.0678
13di13di13di-13di -5.44173254402 -1.81608775872 3.2519
13di13di13di-13di- -5.59819800121 -1.83323093055 3.3905
13di13di13di13di -5.8950741991 -1.54859985539 3.8446
13di13di13di13di- -5.50595140993 -1.90479687009 3.1901
13dl13dl -5.68881190946 -1.02505282995 4.2325
13dl13dl- -5.38186749953 -1.03620949733 4.0532
13dl13dl-13dl -4.96634966801 -1.35866439605 3.2921
13dl13dl-13dl-13dl -5.05641934858 -1.61962156726 3.0632
13dl13dl-13dl-13dl- -4.83682348085 -1.51268082869 2.9921
13dl13dl-13dl13dl- -4.83682348085 -1.51240871485 2.9922
13dl13dl13dl -5.61071523778 -1.34750772867 3.8186
13dl13dl13dl-13dl -4.95628145599 -1.62914555161 2.9986
13dl13dl13dl13dl -5.63574971093 -1.52873554517 3.6212
13dl13dl13dl13dl- -5.16199951796 -1.71486141076 3.0843
13ea13ea -4.94104308102 -0.501233690673 4.2095
13ea13ea- -5.00226869471 -0.566268898095 4.1465
13ea13ea-13ea -4.70947420439 -0.860968185283 3.5294
13ea13ea-13ea-13ea -4.54892703962 -1.10451007082 3.1178
13ea13ea-13ea-13ea- -4.68307916205 -1.06723047493 3.2808
13ea13ea-13ea13ea- -4.56035582084 -1.03294413127 3.1836
13ea13ea-4ea13ea -4.78838721758 -1.51023180415 2.9619
13ea13ea13ea -4.78702664839 -0.925187051189 3.5785
13ea13ea13ea-13ea -4.55219240569 -1.07212852402 3.1535
13ea13ea13ea-13ea- -4.64579956616 -1.11893210426 3.2055
13ea13ea13ea13ea -4.75709412614 -0.952670548886 3.4436
13ea13ea13ea13ea- -4.63681980949 -1.0585228321 3.2213
13ed13ed -6.09779900885 -1.42805342489 4.2143
13ed13ed- -5.99929379928 -1.89173540584 3.7867
13ed13ed-13ed -5.78514020832 -2.16874729352 3.2272
13ed13ed-13ed-13ed -5.77561622396 -2.3039878713 3.0515
13ed13ed-13ed-13ed- -5.81126313682 -2.43650731069 2.9843
13ed13ed-13ed13ed- -5.6806484943 -2.35596161447 2.9186
13ed13ed-4ed13ed -5.93126533964 -2.75760164022 2.8075
13ed13ed13ed -6.12528250655 -1.72030368753 3.9259
13ed13ed13ed-13ed -5.81915443814 -2.39024795813 3.0307
13ed13ed13ed-13ed- -5.90296550042 -2.3801797461 3.1485
13ed13ed13ed13ed -6.18786868942 -1.89500077191 3.7779
13ed13ed13ed13ed- -5.99357940867 -2.2884773825 3.2993
13ee -5.80554874621 0.065579435099 5.1782
13ee13ee -5.37452042589 -0.675658661206 4.2483
13ee13ee- -5.22676261154 -1.13444259306 3.7679
13ee13ee-13ee -4.97560153853 -1.27757447216 3.3156
13ee13ee-13ee-13ee -4.91274324181 -1.38124984466 3.1060
13ee13ee-13ee-13ee- -5.06022894233 -1.36247398979 3.2949
13ee13ee-13ee13ee- -4.85233396965 -1.37934504779 3.0687
13ee13ee-4ee13ee -5.0572356901 -1.93527362002 2.7391
13ee13ee13ee -5.2836344038 -0.882465178531 3.9290
13ee13ee13ee-13ee -4.930974869 -1.40710065932 3.1234
13ee13ee13ee-13ee- -5.00689462996 -1.44873407663 3.1803
13ee13ee13ee13ee -5.26132106904 -0.999474129122 3.7559
13ee13ee13ee13ee- -5.06050105616 -1.36220187596 3.2951
13ef13ef -4.89668852534 -0.485451088035 4.0629
13ef13ef- -4.71491648116 -0.441096532346 3.9998
13ef13ef-13ef -4.30701783712 -0.642732886738 3.3556
13ef13ef-13ef-13ef -4.17803587763 -0.83266834607 2.9985
13ef13ef-13ef-13ef- -4.38076068738 -0.881104609338 3.1409
13ef13ef-13ef13ef- -4.13558611881 -0.890628593688 2.9341
13ef13ef-4ef13ef -4.45477565147 -1.09797933869 3.0682
13ef13ef13ef -4.51436858212 -0.94613981676 3.3329
13ef13ef13ef-13ef -4.28769775458 -0.992943396996 2.9717
13ef13ef13ef-13ef- -4.4267479261 -1.08845535434 3.0172
13ef13ef13ef13ef -4.60715940108 -1.0345768143 3.2033
13ef13ef13ef13ef- -4.50756573616 -1.11430616901 3.0447
13eh13eh -4.45314296844 -0.214153590966 3.8267
13eh13eh- -4.56389330075 -0.288168555061 3.9352
13eh13eh-13eh -4.26157482608 -0.542594994138 3.3805
13eh13eh-13eh-13eh -4.10919107647 -0.699332565163 3.0318
13eh13eh-13eh-13eh- -4.0727278221 -0.726543949022 2.9744
13eh13eh-13eh13eh- -4.07735375736 -0.710489232545 3.0124
13eh13eh-4eh13eh -4.32933117189 -0.985052095677 2.9778
13eh13eh13eh -4.23735669444 -0.475382876008 3.3755
13eh13eh13eh-13eh -4.10157188899 -0.708584435675 3.0392
13eh13eh13eh-13eh- -4.10320457202 -0.734979478018 3.0185
13eh13eh13eh13eh -4.14130050942 -0.619875324296 3.1132
13eh13eh13eh13eh- -4.14211685094 -0.639739634513 3.0994
13ei13ei -5.05914048697 -0.184765296399 4.4742
13ei13ei- -4.85505510803 -0.468580030043 4.0925
13ei13ei-13ei -4.52906272941 -0.762190861876 3.4165
13ei13ei-13ei-13ei -4.51001476071 -0.838926964357 3.2616
13ei13ei-13ei-13ei- -4.67110615315 -0.752394763687 3.5242
13ei13ei-13ei13ei- -4.41205377882 -0.859879729928 3.1810
13ei13ei-4ei13ei -4.69668485398 -1.27022739851 3.0218
13ei13ei13ei -4.91764129091 -0.438919621637 4.0352
13ei13ei13ei-13ei -4.48987833665 -0.902873716425 3.2147
13ei13ei13ei-13ei- -4.61069688098 -0.87484599105 3.3676
13ei13ei13ei13ei -4.86920502764 -0.575792882446 3.8095
13ei13ei13ei13ei- -4.66403119335 -0.811987694337 3.4340
13el13el -5.05451455171 -0.270481155553 4.3562
13el13el- -4.64280631394 -0.280277253742 4.0785
13el13el-13el -4.51191955758 -0.708856549514 3.4620
13el13el-13el-13el -4.41423068952 -0.912125586937 3.1217
13el13el-13el-13el- -4.38674719183 -0.843280785775 3.1582
13el13el-13el13el- -4.27681320104 -0.800286799278 3.1189
13el13el13el -4.86213006784 -0.495519300063 3.9308
13el13el13el-13el -4.41858451094 -0.875662332566 3.1782
13el13el13el-13el- -4.51300801293 -0.746408259238 3.3865
13el13el13el13el -4.83056486256 -0.611167681462 3.7349
13el13el13el13el- -4.51001476071 -0.72491126599 3.3801
13fa13fa -4.25205084173 0.331162541558 4.4645
13fa13fa- -4.26620076133 0.365993112897 4.4800
13fa13fa-13fa -3.85748577578 -0.00489804909453 3.6657
13fa13fa-13fa-13fa- -4.33885515624 -0.507492308961 3.4965
13fa13fa-13fa13fa- -3.62482844379 -0.206262289647 3.1936
13fa13fa-4fa13fa -3.92469789391 -0.748857283786 2.9791
13fa13fa13fa -3.86809821548 -0.12109065817 3.6221
13fa13fa13fa-13fa -3.88769041186 -0.400823684236 3.2443
13fa13fa13fa-13fa- -4.13395343578 -0.631848333194 3.2438
13fa13fa13fa13fa -3.66537340574 -0.385585309275 3.1169
13fa13fa13fa13fa- -3.71653080739 -0.347489371873 3.1303
13fd13fd -5.60119125343 -1.07539389009 4.1431
13fd13fd- -5.47275352162 -1.21988633838 3.9810
13fd13fd-13fd -5.18648976343 -1.57064107631 3.3187
13fd13fd-13fd-13fd -5.21315691961 -1.87159898179 3.0058
13fd13fd-13fd-13fd- -5.40935099723 -2.06099021344 3.0190
13fd13fd-13fd13fd- -5.03791560756 -1.76601881242 2.9624
13fd13fd-4fd13fd -5.42350091684 -2.16276078907 2.9712
13fd13fd13fd -5.5149311666 -1.45662537795 3.6676
13fd13fd13fd-13fd -5.17342829918 -1.83812897964 3.0160
13fd13fd13fd-13fd- -5.38159538569 -2.02860866665 3.0299
13fd13fd13fd13fd -5.14567268764 -2.13718208825 2.7707
13fd13fd13fd13fd- -5.25479033691 -1.94751874275 2.9696
13fe13fe -4.67545997457 -0.450348402858 3.9766
13fe13fe- -4.71464436732 -0.441096532346 3.9997
13fe13fe-13fe -4.34130418078 -0.728992973569 3.3137
13fe13fe-13fe-13fe -4.30919474783 -0.97117428991 2.9996
13fe13fe-13fe-13fe- -4.50756573616 -1.11403405517 3.0450
13fe13fe-13fe13fe- -4.13558611881 -0.890628593688 2.9341
13fe13fe-4fe13fe -4.40361824982 -1.3314530122 2.8077
13fe13fe13fe -4.64171785858 -0.579602476186 3.6759
13fe13fe13fe-13fe -4.23572401141 -0.92110534361 2.9999
13fe13fe13fe-13fe- -4.42783638145 -1.08791112666 3.0185
13fe13fe13fe13fe -4.55491354407 -0.723822810636 3.4132
13fe13fe13fe13fe- -4.30103133267 -0.988589575579 2.9769
13ff -5.06512699142 1.44682927976 5.4798
13ff13ff -4.27001035507 0.342047095101 4.1736
13ff13ff- -4.50974264687 0.164084644667 4.5315
13ff13ff-13ff -4.0381693646 -0.111294559981 3.7400
13ff13ff-13ff-13ff -3.81694081383 -0.475110762169 3.1240
13ff13ff-13ff-13ff- -4.04089050299 -0.766544683294 3.0667
13ff13ff-13ff13ff- -3.83136284728 -0.287624327384 3.3276
13ff13ff-4ff13ff -4.0297338356 -0.612800364493 3.2033
13ff13ff13ff -4.03354342934 -0.310209775987 3.5492
13ff13ff13ff-13ff -3.92143252785 -0.504771170575 3.1919
13ff13ff13ff-13ff- -4.1383072572 -0.821239564849 3.1000
13ff13ff13ff13ff -3.84605699456 -0.598378331048 3.0494
13ff13ff13ff13ff- -3.94837179787 -0.594840851147 3.1382
13fh13fh -4.34239263614 0.289801238093 4.3823
13fh13fh- -4.32416100895 0.217963184707 4.3795
13fh13fh-13fh -3.99544749194 0.00054422767717 3.7641
13fh13fh-13fh-13fh -3.75707576934 -0.29415505951 3.2107
13fh13fh-13fh-13fh- -3.89313268863 -0.497696210772 3.1500
13fh13fh-13fh13fh- -3.80034186968 -0.269392700199 3.2918
13fh13fh-4fh13fh -3.92224886936 -0.556200686068 3.1285
13fh13fh13fh -4.04361164137 -0.0612256136816 3.7096
13fh13fh13fh-13fh -3.86755398781 -0.40953132707 3.1997
13fh13fh13fh-13fh- -4.00333879326 -0.663141424631 3.0946
13fh13fh13fh13fh -3.89313268863 -0.269392700199 3.3097
13fh13fh13fh13fh- -3.94809968403 -0.586133208312 3.0838
13fi13fi -4.39110101324 0.507220195122 4.5979
13fi13fi- -4.54675012892 0.350482624097 4.6094
13fi13fi-13fi -3.9105479743 0.0625861828745 3.7470
13fi13fi-13fi-13fi -3.95109293625 -0.188030662462 3.4322
13fi13fi-13fi-13fi- -4.31871873218 -0.275107090809 3.6482
13fi13fi-13fi13fi- -3.69530592798 -0.123539682718 3.3062
13fi13fi-4fi13fi -3.9570794407 -0.615521502879 3.0780
13fi13fi13fi -4.12660636214 0.206534403486 3.9807
13fi13fi13fi-13fi -3.76714398137 -0.140138626871 3.3418
13fi13fi13fi-13fi- -4.00388302094 -0.253610097561 3.4406
13fi13fi13fi13fi -4.00823684236 0.0658515489375 3.6680
13fi13fi13fi13fi- -3.88524138732 -0.0780966716739 3.4529
13fl13fl -4.53913094143 0.38449685392 4.6406
13fl13fl- -4.31191588622 0.414701490003 4.5720
13fl13fl-13fl -3.91979984482 0.0508852878154 3.7677
13fl13fl-13fl13fl- -3.70591836769 -0.14612513132 3.3175
13fl13fl13fl -4.02374733116 -0.0119730088977 3.7624
13fl13fl13fl-13fl -3.61639291479 -0.14802992819 3.2458
13fl13fl13fl13fl -4.2504181587 -0.111294559981 3.7478
13fl13fl13fl13fl- -3.93122862604 -0.305039613054 3.3289
13ha13ha -4.18048490218 0.514839382603 4.4005
13ha13ha- -4.17422628389 0.478104014394 4.4039
13ha13ha-13ha -3.84687333607 0.157009684863 3.7410
13ha13ha-13ha-13ha -3.66918299948 -0.0604092721659 3.3086
13ha13ha-13ha-13ha- -3.79326690987 -0.0620419551974 3.4000
13ha13ha-13ha13ha- -3.65530519371 -0.0152383749608 3.3406
13ha13ha-4ha13ha -3.97776009243 -0.522730683922 3.1450
13ha13ha13ha -3.93177285371 0.178234564273 3.8043
13ha13ha13ha-13ha -3.61312754873 -0.0361911405318 3.2913
13ha13ha13ha-13ha- -3.7116327583 -0.117825292107 3.3039
13ha13ha13ha13ha -3.80170243887 -0.014422033445 3.4471
13ha13ha13ha13ha- -3.661563812 -0.0503410601382 3.3065
13hd13hd -5.12118244217 -0.952398435047 3.7694
13hd13hd- -5.2659470043 -1.05253632765 3.8758
13hd13hd-13hd -5.09805276589 -1.38451521072 3.3685
13hd13hd-13hd-13hd -4.92689316142 -1.55975652277 2.9826
13hd13hd-13hd-13hd- -4.90838942039 -1.6185331119 2.9243
13hd13hd-13hd13hd- -5.01587438664 -1.55458635984 3.1002
13hd13hd-4hd13hd -5.20989155355 -1.9105112607 2.9622
13hd13hd13hd -5.01533015896 -1.33689528897 3.3054
13hd13hd13hd-13hd -4.92825373061 -1.62832921009 2.9497
13hd13hd13hd-13hd- -4.96580544034 -1.65962230153 2.9568
13hd13hd13hd13hd -4.99682641793 -1.5684641656 3.0364
13hd13hd13hd13hd- -4.94077096719 -1.68873848226 2.8889
13he13he -4.4528708546 -0.214425704805 3.8264
13he13he- -4.56389330075 -0.2884406689 3.9351
13he13he-13he -4.26157482608 -0.542594994138 3.3805
13he13he-13he-13he -4.10919107647 -0.699332565163 3.0318
13he13he-13he-13he- -4.14211685094 -0.639739634513 3.0994
13he13he-13he13he- -4.07735375736 -0.710489232545 3.0124
13he13he-4he13he -4.39599906234 -1.03212778975 3.0141
13he13he13he -4.14211685094 -0.650896301895 3.1507
13he13he13he-13he -4.02837326641 -0.710761346384 2.9721
13he13he13he-13he- -4.10293245818 -0.734979478018 3.0184
13he13he13he13he -4.14157262326 -0.619875324296 3.1137
13he13he13he13he- -4.0727278221 -0.726543949022 2.9744
13hf13hf -4.19409059411 0.328441403172 4.3318
13hf13hf- -4.32470523663 0.217963184707 4.3800
13hf13hf-13hf -3.89803073773 0.0527900846855 3.7375
13hf13hf-13hf-13hf -3.68306080525 -0.32109432953 3.1020
13hf13hf-13hf-13hf- -3.94809968403 -0.586133208312 3.0837
13hf13hf-13hf13hf- -3.80034186968 -0.269392700199 3.2918
13hf13hf-4hf13hf -3.96170537596 -0.510213447347 3.2065
13hf13hf13hf -3.84714544991 -0.0280277253742 3.6163
13hf13hf13hf-13hf -3.78619195007 -0.276195546164 3.2524
13hf13hf13hf-13hf- -4.00333879326 -0.662597196954 3.0950
13hf13hf13hf13hf -3.67190413786 -0.420415880614 3.0341
13hf13hf13hf13hf- -3.89313268863 -0.497151983095 3.1505
13hh -4.58294126945 1.71894311834 5.3104
13hh13hh -3.94701122867 0.674842319691 4.3464
13hh13hh- -4.01177432226 0.732530453471 4.5186
13hh13hh-13hh -3.63462454198 0.478648242071 3.8420
13hh13hh-13hh-13hh -3.33665988873 0.329529858526 3.3432
13hh13hh-13hh-13hh- -3.36904143552 0.256059122108 3.3165
13hh13hh-13hh13hh- -3.38591249351 0.337965387522 3.4162
13hh13hh-4hh13hh -3.69040787889 -0.161091392442 3.1772
13hh13hh13hh -3.61666502863 0.355380673192 3.6920
13hh13hh13hh-13hh -3.41285176353 0.284358961321 3.3859
13hh13hh13hh-13hh- -3.35924533733 0.229391965927 3.3087
13hh13hh13hh13hh -3.44033526123 0.189935459332 3.3144
13hh13hh13hh13hh- -3.36904143552 0.257147577463 3.3175
13hi13hi -4.2180366119 0.730353542762 4.5744
13hi13hi- -4.17667530844 0.556200686068 4.4882
13hi13hi-13hi -3.77857276259 0.247079365435 3.7526
13hi13hi-13hi-13hi -3.71925194578 0.146397245159 3.4845
13hi13hi-13hi-13hi- -3.86700976013 0.183948954883 3.6374
13hi13hi-13hi13hi- -3.55734421182 0.0824504930912 3.3314
13hi13hi-4hi13hi -3.98565139375 -0.389667016854 3.2225
13hi13hi13hi -4.02837326641 0.459328159531 4.0729
13hi13hi13hi-13hi -3.61884193934 0.0960561850205 3.3968
13hi13hi13hi-13hi- -3.76251804611 0.0876206560243 3.5000
13hi13hi13hi13hi -3.95136505009 0.327625061656 3.8159
13hi13hi13hi13hi- -3.78238235633 0.199731557521 3.5874
13hl13hl -4.1489196969 0.308577092955 4.2313
13hl13hl- -4.19354636643 0.561915076678 4.5408
13hl13hl-13hl -3.82945805041 0.236739039569 3.8113
13hl13hl-13hl-13hl -3.93748724432 0.224766030671 3.7226
13hl13hl-13hl-13hl- -4.18048490218 0.34231920894 4.1308
13hl13hl-13hl13hl- -3.58265079881 0.0462593525594 3.3391
13hl13hl13hl -3.8068726018 -0.0533343123626 3.5387
13hl13hl13hl-13hl -3.55489518727 -0.0922465912803 3.2157
13hl13hl13hl-13hl- -3.7568036555 -0.000816341515755 3.4739
13hl13hl13hl13hl -3.63081494824 -0.439463849315 2.9475
13hl13hl13hl13hl- -3.59299112468 -0.220956436931 3.1112
13ia13ia -4.71137900126 0.45388588276 4.8694
13ia13ia- -4.64389476929 0.430484092641 4.8112
13ia13ia-13ia -4.28905832378 0.0293882945672 4.0245
13ia13ia-13ia-13ia -4.15653888438 -0.195105622265 3.6119
13ia13ia-13ia-13ia- -4.27191515194 -0.131430984037 3.7596
13ia13ia-13ia13ia- -4.1037487997 -0.184765296399 3.5943
13ia13ia-4ia13ia -4.44552378096 -0.665862563017 3.4377
13ia13ia13ia -4.47219093714 0.113199356851 4.2306
13ia13ia13ia-13ia -4.14320530629 -0.22122855077 3.5988
13ia13ia13ia-13ia- -4.21286644897 -0.223949689155 3.6537
13ia13ia13ia13ia -4.36062426332 -0.0745591917723 3.8784
13ia13ia13ia13ia- -4.2349076699 -0.168710579923 3.7020
13id13id -5.90051647588 -0.974167542134 4.5120
13id13id- -5.7032339429 -1.26070341416 4.1582
13id13id-13id -5.4613247404 -1.59023327269 3.5266
13id13id-13id-13id -5.42839896593 -1.77826393515 3.2406
13id13id-13id-13id- -5.50595140993 -1.90479687009 3.1899
13id13id-13id13id- -5.34349944829 -1.78370621192 3.1896
13id13id-4id13id -5.71357426877 -2.10806590752 3.2058
13id13id13id -5.86296476615 -1.33880008584 4.0680
13id13id13id-13id -5.48989669345 -1.82561174307 3.2995
13id13id13id-13id- -5.59819800121 -1.83323093055 3.3904
13id13id13id13id -5.8950741991 -1.54887196923 3.8443
13id13id13id13id- -5.6926215032 -1.72438539511 3.5644
13ie13ie -5.05914048697 -0.184765296399 4.4741
13ie13ie- -4.85505510803 -0.468580030043 4.0925
13ie13ie-13ie -4.52906272941 -0.762190861876 3.4163
13ie13ie-13ie-13ie -4.51001476071 -0.838654850519 3.2619
13ie13ie-13ie-13ie- -4.66403119335 -0.811715580499 3.4341
13ie13ie-13ie13ie- -4.41205377882 -0.859879729928 3.1810
13ie13ie-4ie13ie -4.75736623998 -1.2348525995 3.1164
13ie13ie13ie -4.91764129091 -0.439191735476 4.0349
13ie13ie13ie-13ie -4.49559272726 -0.883825747724 3.2512
13ie13ie13ie-13ie- -4.61069688098 -0.874573877212 3.3677
13ie13ie13ie13ie -4.86947714148 -0.575520768607 3.8099
13ie13ie13ie13ie- -4.67110615315 -0.752394763687 3.5240
13if13if -4.61124110866 0.491437592484 4.7356
13if13if- -4.54675012892 0.350482624097 4.6093
13if13if-13if -4.0487818043 -0.00870764283472 3.7900
13if13if-13if-13if -3.69938763556 -0.0669400042919 3.3186
13if13if-13if-13if- -3.88496927348 -0.0780966716739 3.4527
13if13if-13if13if- -3.69530592798 -0.123539682718 3.3062
13if13if-4if13if -4.23082596232 -0.625861828745 3.3115
13if13if13if -4.47953801078 0.155921229509 4.2003
13if13if13if-13if -4.00116188255 -0.301502133152 3.4008
13if13if13if-13if- -4.0036109071 -0.253610097561 3.4404
13if13if13if13if -4.43545556893 -0.0152383749608 3.9328
13if13if13if13if- -4.31871873218 -0.275107090809 3.6483
13ih13ih -4.2180366119 0.730353542762 4.5744
13ih13ih- -4.17667530844 0.556200686068 4.4882
13ih13ih-13ih -3.77857276259 0.247079365435 3.7526
13ih13ih-13ih-13ih -3.71925194578 0.146397245159 3.4845
13ih13ih-13ih-13ih- -3.78238235633 0.199731557521 3.5871
13ih13ih-13ih13ih- -3.55707209798 0.0824504930912 3.3314
13ih13ih-4ih13ih -3.96361017283 -0.284086847483 3.2906
13ih13ih13ih -4.02837326641 0.459328159531 4.0729
13ih13ih13ih-13ih -3.70238088779 0.0729265087408 3.4472
13ih13ih13ih-13ih- -3.76251804611 0.0876206560243 3.5000
13ih13ih13ih13ih -3.95163716393 0.327625061656 3.8160
13ih13ih13ih13ih- -3.86700976013 0.183948954883 3.6374
13ii -5.27819212703 1.53717107417 6.4797
13ii13ii -4.7342365637 0.709128663352 5.0424
13ii13ii- -4.64090151707 0.662052969277 4.9542
13ii13ii-13ii -4.33422922098 0.303134816184 4.2497
13ii13ii-13ii-13ii -4.2814391363 0.170071149116 3.9900
13ii13ii-13ii-13ii- -4.26075848456 0.0647630935832 3.8899
13ii13ii-13ii13ii- -4.16769555177 0.102586917147 3.8589
13ii13ii-4ii13ii -4.50593305313 -0.462049297917 3.5816
13ii13ii13ii -4.44742857783 0.266399447975 4.3006
13ii13ii13ii-13ii -4.20252612311 0.072110167225 3.8643
13ii13ii13ii-13ii- -4.25858157385 0.0617698413588 3.9052
13ii13ii13ii13ii -4.4076999574 0.171975945986 4.1065
13ii13ii13ii13ii- -4.43491134126 0.291978148802 4.2235
13il13il -4.64770436303 0.423681246677 4.7547
13il13il- -4.39436637931 0.387762219983 4.5595
13il13il-13il -4.07599318816 -0.0302046360829 3.7885
13il13il-13il-13il -3.82918593657 -0.179323019627 3.3555
13il13il-13il-13il- -3.97014090495 -0.198643102167 3.4190
13il13il-13il13il- -3.81721292767 -0.193200825395 3.3370
13il13il13il -4.40933264043 0.0884369975401 4.1332
13il13il13il-13il -3.94129683806 -0.278372456872 3.3726
13il13il13il-13il- -3.89694228237 -0.247079365435 3.3611
13il13il13il13il -4.29967076348 -0.0693890288392 3.8102
13il13il13il13il- -4.08524505868 -0.124628138072 3.5958
13la13la -4.35790312494 0.333883679944 4.4618
13la13la- -4.28416027468 0.391299699885 4.4932
13la13la-13la -3.83000227808 0.0345584575003 3.6650
13la13la-13la-13la -3.6114948657 -0.222589119962 3.1513
13la13la-13la-13la- -3.60578047509 -0.311842459018 3.1190
13la13la13la -3.93422187826 -0.197554646813 3.5301
13la13la13la-13la -3.75979690773 -0.212520907935 3.2988
13la13la13la-13la- -3.81694081383 -0.319733760337 3.2549
13la13la13la13la -3.70972796143 -0.483546291165 3.0034
13la13la13la13la- -3.65857055977 -0.324359695593 3.0985
13ld13ld- -5.38186749953 -1.03620949733 4.0532
13ld13ld-13ld -5.21125212274 -1.5507767661 3.3376
13ld13ld-13ld-13ld -5.03192910311 -1.59676400482 3.0646
13ld13ld-13ld-13ld- -5.16199951796 -1.7151335246 3.0840
13ld13ld-13ld13ld- -4.9987312148 -1.63921376364 3.0048
13ld13ld13ld -5.02376568795 -1.34043276887 3.3611
13ld13ld13ld-13ld -5.15764569654 -1.47458489129 3.3327
13ld13ld13ld13ld -5.16227163179 -1.71540563844 3.0840
13ld13ld13ld13ld- -5.07356252042 -1.59758034633 3.0972
13le13le -4.78566607919 -0.360278722286 4.1232
13le13le- -4.64280631394 -0.280005139904 4.0784
13le13le-13le -4.45504776531 -0.644637683608 3.4706
13le13le-13le-13le -4.33422922098 -0.820967451011 3.1288
13le13le-13le-13le- -4.51001476071 -0.72491126599 3.3804
13le13le-13le13le- -4.27681320104 -0.800286799278 3.1188
13le13le13le -4.45559199299 -0.644637683608 3.4709
13le13le13le-13le -4.40116922527 -0.759741837329 3.2743
13le13le13le-13le- -4.51300801293 -0.746408259238 3.3865
13le13le13le13le -4.74185575118 -0.83266834607 3.4748
13le13le13le13le- -4.38674719183 -0.843280785775 3.1581
13lf13lf- -4.31191588622 0.414973603842 4.5721
13lf13lf-13lf -3.8223830906 0.177690336596 3.7897
13lf13lf-13lf-13lf -3.6912242204 -0.145853017482 3.2906
13lf13lf-13lf-13lf- -4.04333952753 -0.190479687009 3.5379
13lf13lf-13lf13lf- -3.70646259537 -0.146397245159 3.3177
13lh13lh- -4.19381848027 0.561915076678 4.5409
13lh13lh-13lh -3.87816642751 0.181227816498 3.8068
13lh13lh-13lh-13lh -3.62455632995 -0.0380959374019 3.2846
13lh13lh-13lh-13lh- -3.59299112468 -0.220956436931 3.1113
13lh13lh-13lh13lh- -3.62727746834 0.0702053703549 3.3998
13li13li -4.39463849315 0.387490106145 4.5594
13li13li- -4.39436637931 0.387762219983 4.5595
13li13li-13li -4.01966562358 0.00925187051189 3.7732
13li13li-13li-13li -3.9641544005 -0.147757814352 3.4616
13li13li-13li-13li- -4.08497294484 -0.124356024233 3.5961
13li13li-13li13li- -3.81694081383 -0.193200825395 3.3369
13li13li13li -4.12660636214 -0.0348305713389 3.8191
13li13li13li-13li -3.81748504151 -0.193472939234 3.3372
13li13li13li-13li- -3.89721439621 -0.247351479274 3.3608
13li13li13li13li -4.01748871287 -0.279460912227 3.4244
13li13li13li13li- -3.97014090495 -0.198643102167 3.4189
13ll -4.90077023291 1.4802992819 5.7560
13ll13ll -4.64770436303 0.458783931854 4.7199
13ll13ll- -4.04905391814 0.64409345593 4.5203
13ll13ll-13ll -4.00469936245 0.0617698413588 3.8174
13ll13ll-13ll-13ll -3.87762219983 -0.234290015022 3.3399
13ll13ll-13ll-13ll- -3.99218212588 -0.0302046360829 3.6064
13ll13ll-13ll13ll- -3.7031972293 -0.0987773234063 3.3260
13ll13ll13ll -4.32361678128 -0.104219600178 3.8882
13ll13ll13ll-13ll -3.79952552816 -0.146941472836 3.3649
13ll13ll13ll-13ll- -3.91272488501 -0.140682854548 3.4653
13ll13ll13ll13ll -4.51055898838 0.158914481734 4.1156
13ll13ll13ll13ll- -3.94809968403 -0.200275785198 3.4175
3 -7.68367846012 1.3766239094 6.9365
4dd -7.74082236622 -2.5423595939 4.8861
4dd4dd -7.86164091056 -3.03270873103 4.3812
4dd4dd4dd -7.85021212934 -3.31543500932 4.0602
4dd4dd4dd4dd -7.85021212934 -3.4838734754 3.9047
4dh -5.99738900241 -0.820695337172 4.7660
4dh4dh -6.0036476207 -1.27403699225 4.0734
4dh4dh- -5.94133355166 -1.30859544975 3.9397
4dh4dh-4dh -5.90759143568 -1.53254513891 3.8018
4dh4dh-4dh-4dh -5.89398574375 -1.63921376364 3.8069
4dh4dh-4dh-4dh- -5.80799777076 -1.62451961635 3.6979
4dh4dh-4dh4dh -5.77316719942 -1.67023474123 3.6770
4dh4dh-4dh4dh- -5.86623013221 -1.67159531043 3.7355
4dh4dh4dh -5.93398647802 -1.41880155438 3.9436
4dh4dh4dh-4dh -5.86759070141 -1.68003083942 3.7174
4dh4dh4dh-4dh- -5.8950741991 -1.68166352245 3.7306
4dh4dh4dh4dh -5.8534407818 -1.6805750671 3.7151
4dh4dh4dh4dh- -5.81942655198 -1.65200311405 3.7150
4hd -5.99793323009 -0.820695337172 4.7661
4hd4hd -6.00337550686 -1.27403699225 4.0732
4hd4hd- -5.94187777934 -1.30941179127 3.9395
4hd4hd-4hd -5.90677509416 -1.53227302507 3.8012
4hd4hd-4hd-4hd -5.81942655198 -1.7115960447 3.6391
4hd4hd-4hd-4hd- -5.90976834639 -1.67867027023 3.7883
4hd4hd-4hd4hd -5.90895200487 -1.67540490417 3.7635
4hd4hd-4hd4hd- -5.8654137907 -1.67159531043 3.7368
4hd4hd4hd -5.93616338873 -1.42968610793 3.9351
4hd4hd4hd-4hd -5.8605157416 -1.68220775013 3.7163
4hd4hd4hd-4hd- -5.89561842678 -1.68302409165 3.7302
4hd4hd4hd4hd -5.85316866796 -1.6805750671 3.7149
4hd4hd4hd4hd- -5.80772565692 -1.62479173019 3.6975
4hh -4.63545924029 0.279460912227 4.3416
4hh4hh -4.55001549498 -0.155921229509 3.7976
4hh4hh4hh -4.49314370271 -0.38068726018 3.5415
4hh4hh4hh4hh -4.4613063836 -0.506675967445 3.4027
6aa -6.87196287962 -0.629127194808 4.8948
6aa6aa -6.43630862405 -1.41199870842 4.1316
6aa6aa- -6.45209122669 -1.41199870842 4.4079
6aa6aa-4aa6aa -5.8879992393 -1.77336588606 3.7655
6aa6aa-6aa -6.15086120737 -1.81554353104 4.0284
6aa6aa-6aa-6aa -5.9797016029 -2.03595574029 3.6283
6aa6aa-6aa-6aa- -5.97044973239 -2.03486728494 3.6210
6aa6aa-6aa6aa- -5.99303518099 -2.03160191887 3.6406
6aa6aa6aa -6.12473827887 -1.8188088971 3.7768
6aa6aa6aa-6aa -5.98269485513 -2.03214614655 3.6341
6aa6aa6aa-6aa- -5.9726266431 -2.03350671575 3.6248
6aa6aa6aa6aa -5.95956517885 -2.03486728494 3.6135
6aa6aa6aa6aa- -5.96827282168 -2.03649996797 3.6196
6ad6ad -7.32993046996 -2.57365268534 3.8537
6ad6ad- -7.37700616404 -2.57746227908 4.0188
6ad6ad-4ad6ad -7.05563972067 -2.9105296175 3.7292
6ad6ad-6ad -7.19849948593 -3.02944336497 3.7883
6ad6ad-6ad-6ad -7.08149053533 -3.28468614556 3.4609
6ad6ad-6ad-6ad- -7.06108199744 -3.28577460091 3.3426
6ad6ad-6ad6ad- -7.10162695939 -3.2849582594 3.4794
6ad6ad6ad -7.14734208427 -3.02182417749 3.4916
6ad6ad6ad-6ad -7.09074240585 -3.28278134869 3.4754
6ad6ad6ad-6ad- -7.07060598179 -3.28386980404 3.4236
6ad6ad6ad6ad -7.05155801309 -3.28114866566 3.3282
6ad6ad6ad6ad- -7.07251077866 -3.2814207795 3.4482
6ae6ae -6.33617073145 -1.76656304009 3.8924
6ae6ae- -6.37072918895 -1.75132466513 4.0966
6ae6ae-4ae6ae -6.00174282383 -1.93853898608 3.6469
6ae6ae-6ae -6.1729024283 -2.11677355035 3.7059
6ae6ae-6ae-6ae -6.02405615859 -2.31922624626 3.3653
6ae6ae-6ae-6ae- -6.00772932828 -2.32221949848 3.3500
6ae6ae-6ae6ae- -6.04773006255 -2.31487242484 3.3873
6ae6ae6ae -6.12854787261 -2.13418883602 3.5266
6ae6ae6ae-6ae -6.03303591527 -2.32276372616 3.3720
6ae6ae6ae-6ae- -6.0107225805 -2.32385218152 3.3525
6ae6ae6ae6ae -5.9987495716 -2.33310405203 3.3380
6ae6ae6ae6ae- -6.01371583273 -2.32929445829 3.3533
6af6af -6.17480722517 -1.346963501 4.2303
6af6af- -6.19984169832 -1.38451521072 4.2947
6af6af-4af6af -5.60608930253 -1.77663125212 3.4403
6af6af-6af -5.95983729269 -1.74724295755 3.7963
6af6af-6af-6af -5.69888012148 -1.97228110206 3.3657
6af6af-6af-6af- -5.67438987601 -2.02724809746 3.3016
6af6af-6af6af- -5.87140029515 -1.95541004407 3.5056
6af6af6af -6.04337624113 -1.71322872773 3.8177
6af6af6af-6af -5.93480281954 -1.98942427389 3.5295
6af6af6af-6af- -5.90405395578 -2.03758842332 3.4665
6af6af6af6af -5.97371509845 -1.91513719596 3.5731
6af6af6af6af- -6.01045046666 -1.98207720025 3.5678
6ah6ah -5.553027104 -0.960017622528 4.0587
6ah6ah- -5.51955710186 -0.977705022036 4.0086
6ah6ah-4ah6ah -5.17152350231 -1.24927463294 3.4597
6ah6ah-6ah -5.38213961337 -1.29281284712 3.6135
6ah6ah-6ah-6ah -5.31220635685 -1.4457408244 3.4157
6ah6ah-6ah-6ah- -5.32744473182 -1.4351283847 3.4351
6ah6ah-6ah6ah- -5.29996123412 -1.46370033775 3.3830
6ah6ah6ah -5.40608563117 -1.25852650346 3.6675
6ah6ah6ah-6ah -5.29805643725 -1.44710139359 3.4025
6ah6ah6ah-6ah- -5.32118611353 -1.43948220611 3.4299
6ah6ah6ah6ah -5.31193424302 -1.42614862802 3.4270
6ah6ah6ah6ah- -5.29424684351 -1.43893797844 3.4055
6ai6ai -6.33208902387 -1.08138039454 4.4059
6ai6ai- -6.36555902602 -1.08736689899 4.5562
6ai6ai-4ai6ai -5.89099249152 -1.38179407233 4.0609
6ai6ai-6ai -6.14106510918 -1.41662464367 4.2577
6ai6ai-6ai-6ai -6.00147070999 -1.57907660531 3.9622
6ai6ai-6ai-6ai- -5.98868135958 -1.57091319015 3.9254
6ai6ai-6ai6ai- -6.02323981708 -1.59050538653 3.9877
6ai6ai6ai -6.09099616288 -1.39322285355 4.0906
6ai6ai6ai-6ai -5.99711688857 -1.58642367895 3.9567
6ai6ai6ai-6ai- -6.00201493767 -1.57880449147 3.9640
6ai6ai6ai6ai -5.95629981279 -1.56547091338 3.8738
6ai6ai6ai6ai- -5.96364688643 -1.57880449147 3.8942
6al6al -5.74160199414 -1.27703024448 4.0444
6al6al- -5.86160419696 -1.24111121779 4.1687
6al6al6al -5.46105262656 -1.62968977929 3.5141
6al6al6al6al -5.2871718837 -1.82044158013 3.1634
6al6al6al6al- -5.32880530101 -1.78506678112 3.2272
6da6da -7.25346648132 -2.44385438433 4.0743
6da6da- -7.35523705695 -2.50644056721 4.2978
6da6da-4da6da -7.10189907323 -2.74834976971 3.9255
6da6da-6da -7.19224086764 -2.94536018884 3.9083
6da6da-6da-6da -7.07006175411 -3.18400402528 3.5449
6da6da-6da-6da- -7.00774768508 -3.15488784455 3.5169
6da6da-6da6da- -7.11223939909 -3.18590882215 3.5760
6da6da6da -7.05863297289 -2.89093742113 3.7005
6da6da6da-6da -7.07305500634 -3.17747329316 3.5524
6da6da6da-6da- -7.03659175197 -3.16550028426 3.5334
6da6da6da6da -6.95604605575 -3.13203028211 3.4949
6da6da6da6da- -7.0191764663 -3.16305125971 3.5220
6dd -8.10300588538 -2.91678823579 4.2504
6dd6dd -7.9571528679 -3.55108559353 3.7392
6dd6dd6dd -7.86817164268 -3.98211391385 3.3652
6dd6dd6dd6dd -8.08912807961 -3.89422114399 3.7541
6de6de -7.13727387224 -2.62453797315 4.0371
6de6de6de -7.11115094374 -2.79379278075 3.8752
6de6de6de6de -7.09672891029 -2.89556335638 3.7785
6df6df -7.00938036811 -2.09391598791 4.2768
6df6df- -7.13373639234 -2.29936193604 4.2407
6df6df-4df6df -6.74815108307 -2.5684825224 3.7177
6df6df-6df -6.99985638376 -2.53174715419 3.9719
6df6df-6df-6df -6.83985344667 -2.75107090809 3.6455
6df6df-6df-6df- -6.79794791553 -2.76113912012 3.6155
6df6df-6df6df- -7.06380313583 -2.75569684335 3.8114
6df6df6df -7.01237362033 -2.43813999372 3.9858
6df6df6df-6df -7.03659175197 -2.81148018026 3.7054
6df6df6df-6df- -7.00665922972 -2.86508660646 3.6608
6df6df6df6df -7.00339386366 -2.61583033032 3.8660
6df6df6df6df- -7.05563972067 -2.84222904402 3.7158
6dh6dh -6.3957636621 -1.56166131964 4.1776
6dh6dh- -6.32011601497 -1.75622271423 3.9220
6dh6dh-4dh6dh -6.19984169832 -1.98479833864 3.6663
6dh6dh-6dh -6.34787162651 -1.99922037208 3.7744
6dh6dh-6dh-6dh -6.28664601283 -2.18344144081 3.5820
6dh6dh-6dh-6dh- -6.26923072716 -2.10697745216 3.6363
6dh6dh-6dh6dh- -6.36256577379 -2.15623005695 3.6687
6dh6dh6dh -6.29399308647 -2.00384630734 3.7124
6dh6dh6dh-6dh -6.35984463541 -2.15242046321 3.6688
6dh6dh6dh-6dh- -6.30596609537 -2.12412062399 3.6088
6dh6dh6dh6dh -6.29018349273 -2.15949542301 3.5887
6dh6dh6dh6dh- -6.28691812667 -2.18452989616 3.5814
6di6di -7.28748071114 -2.02316638988 4.4705
6di6di- -7.28829705266 -2.02343850372 4.4699
6di6di-4di6di -7.10706923616 -2.23432672862 4.3393
6di6di-6di -7.26026932728 -2.21854412598 4.4186
6di6di-6di-6di -7.22462241443 -2.36983942024 4.3313
6di6di-6di-6di- -7.22407818675 -2.41691511431 4.2775
6di6di-6di6di- -7.25836453041 -2.35160779305 4.3593
6di6di6di-6di -7.21373786089 -2.37256055862 4.2990
6di6di6di-6di- -7.18298899713 -2.41337763441 4.2363
6di6di6di6di -7.22407818675 -2.41691511431 4.2776
6di6di6di6di- -7.22489452827 -2.3695673064 4.3316
6dl6dl -6.48474488732 -2.21038071083 3.8700
6dl6dl- -6.71359262557 -1.86778938805 4.2734
6dl6dl6dl -6.29943536324 -2.59079585717 3.3651
6dl6dl6dl6dl -6.17970527426 -2.79188798388 3.0656
6dl6dl6dl6dl- -6.5650184697 -2.23214981791 3.8347
6ea6ea -6.19956958448 -1.64547238192 3.7425
6ea6ea- -6.3563071555 -1.68247986397 4.2498
6ea6ea-4ea6ea -6.0120831497 -1.7913253994 3.7645
6ea6ea-6ea -6.14814006899 -2.02860866665 3.7610
6ea6ea-6ea-6ea -6.09834323653 -1.94751874275 3.7098
6ea6ea-6ea-6ea- -6.12174502664 -1.89690556878 3.7820
6ea6ea-6ea6ea- -6.02650518314 -2.21255762153 3.4559
6ea6ea6ea -6.20936568267 -1.64275124354 4.0836
6ea6ea6ea-6ea -5.98895347342 -2.21555087376 3.4203
6ea6ea6ea-6ea- -5.95031330834 -2.22534697195 3.3752
6ea6ea6ea6ea -5.8795637103 -2.21663932911 3.2421
6ea6ea6ea6ea- -5.93398647802 -2.22153737821 3.3414
6ed6ed -7.098905821 -2.63161293295 3.9336
6ed6ed6ed -7.04012923187 -2.82563009987 3.7397
6ed6ed6ed6ed -6.78270954057 -3.3731231431 2.8505
6ee -6.43549228253 -1.71540563844 4.2795
6ee6ee -6.2646047919 -1.89255174736 3.8705
6ee6ee6ee -6.17018128991 -1.99813191673 3.7384
6ee6ee6ee6ee -6.11467006684 -2.06752094557 3.6442
6ef6ef -6.05752616074 -1.32519439391 4.1039
6ef6ef- -6.13262958019 -1.53363359426 4.0335
6ef6ef-4ef6ef -5.67792735591 -1.69282018984 3.5040
6ef6ef-6ef -5.98922558725 -1.67622124568 3.8066
6ef6ef-6ef-6ef -5.81017468147 -1.81853678326 3.5307
6ef6ef-6ef-6ef- -5.73860874192 -1.86615670502 3.4477
6ef6ef-6ef6ef- -5.97453143997 -1.82751653994 3.6458
6ef6ef6ef -6.0142600604 -1.59975725704 3.8434
6ef6ef6ef-6ef -6.00310339302 -1.91268817141 3.5888
6ef6ef6ef-6ef- -5.94296623469 -1.97146476055 3.4978
6ef6ef6ef6ef -5.99575631938 -1.74996409594 3.7195
6ef6ef6ef6ef- -6.0297705492 -1.92928711557 3.6057
6eh6eh -5.5494896241 -1.06124397048 3.8834
6eh6eh- -5.41996343693 -0.979065591229 3.8350
6eh6eh-4eh6eh -5.29343050199 -1.19131438532 3.5708
6eh6eh-6eh -5.53506759066 -1.22913820889 3.7428
6eh6eh-6eh-6eh -5.47275352162 -1.30859544975 3.6132
6eh6eh-6eh-6eh- -5.48826401042 -1.23376414414 3.6982
6eh6eh-6eh6eh- -5.46186896808 -1.31784732027 3.6090
6eh6eh6eh -5.5029581577 -1.25879861729 3.6888
6eh6eh6eh-6eh -5.49642742558 -1.30587431137 3.6294
6eh6eh6eh-6eh- -5.48173327829 -1.2849215458 3.6331
6eh6eh6eh6eh -5.47955636758 -1.37363065718 3.5718
6eh6eh6eh6eh- -5.50186970235 -1.24247178698 3.6785
6ei6ei -6.32773520245 -1.23376414414 4.4256
6ei6ei- -6.32773520245 -1.23376414414 4.4256
6ei6ei-4ei6ei -6.11167681462 -1.31294927117 4.2737
6ei6ei-6ei -6.26705381645 -1.30614642521 4.3730
6ei6ei-6ei-6ei -6.23303958663 -1.36873260808 4.3249
6ei6ei-6ei-6ei- -6.19820901529 -1.48165985109 4.1979
6ei6ei-6ei6ei- -6.19820901529 -1.48165985109 4.1980
6ei6ei6ei -6.24936641694 -1.3646509005 4.3398
6ei6ei6ei-6ei -6.23303958663 -1.36873260808 4.3249
6ei6ei6ei-6ei- -6.20936568267 -1.42750919722 4.2499
6ei6ei6ei6ei -6.19820901529 -1.48165985109 4.1978
6ei6ei6ei6ei- -6.21970600854 -1.43730529541 4.2588
6el6el -5.56581645442 -1.48138773726 3.6053
6el6el- -5.85208021261 -1.09961202172 4.1810
6el6el6el -5.35084652193 -1.81472718952 3.1844
6el6el6el6el -5.21723862719 -1.99078484309 2.9016
6el6el6el6el- -5.57234718654 -1.39376708123 3.6767
6fa6fa -5.87221663666 -1.54859985539 3.9027
6fa6fa- -5.94732005611 -1.31376561269 4.2348
6fa6fa-4fa6fa -5.75520768607 -1.63132246232 3.7017
6fa6fa-6fa -5.92582306286 -1.79350231011 3.7410
6fa6fa-6fa-6fa -5.81643329975 -1.86778938805 3.5407
6fa6fa-6fa-6fa- -5.48173327829 -1.87268743714 3.2897
6fa6fa-6fa6fa- -5.69316573087 -1.89418443039 3.4116
6fa6fa6fa -5.65779093186 -2.00683955956 3.3152
6fa6fa6fa-6fa -5.68990036481 -2.02534330059 3.3046
6fa6fa6fa-6fa- -5.44880750382 -1.87867394159 3.2345
6fa6fa6fa6fa -5.53506759066 -2.26534770622 2.9575
6fa6fa6fa6fa- -5.46867181404 -2.0620786688 3.0783
6fd6fd -6.68746969706 -2.59406122323 3.6493
6fd6fd- -6.88366377468 -2.07105842547 4.2773
6fd6fd-4fd6fd -6.90570499561 -2.49501178599 3.8998
6fd6fd-6fd -6.94570572988 -2.62916390841 3.7887
6fd6fd-6fd-6fd -6.93672597321 -2.73147871172 3.6949
6fd6fd-6fd-6fd- -6.81998913645 -2.55052300906 3.7613
6fd6fd-6fd6fd- -6.80964881059 -2.75923432325 3.5694
6fd6fd6fd -6.56229733131 -3.12958125757 3.0730
6fd6fd6fd-6fd -6.83005734848 -3.00087141191 3.3886
6fd6fd6fd-6fd- -6.68529278635 -2.84957611766 3.3901
6fd6fd6fd6fd -6.48120740742 -3.44251217194 2.7227
6fd6fd6fd6fd- -6.56746749425 -3.18971841589 2.9957
6fe6fe -5.73860874192 -1.84357125641 3.4628
6fe6fe- -5.95385078824 -1.28601000115 4.1272
6fe6fe-4fe6fe -5.87820314111 -1.61826099806 3.7544
6fe6fe-6fe -5.95276233288 -1.76275344635 3.6884
6fe6fe-6fe-6fe -5.91929233074 -1.85799328986 3.5681
6fe6fe-6fe-6fe- -5.77806524851 -1.65635693547 3.6178
6fe6fe-6fe6fe- -5.80092281095 -1.84384337025 3.4873
6fe6fe6fe -5.55629247007 -2.3004503914 2.9048
6fe6fe6fe-6fe -5.77860947619 -2.09282753256 3.2463
6fe6fe6fe-6fe- -5.63602182477 -1.9428928075 3.2481
6fe6fe6fe6fe -5.44146043018 -2.55977487957 2.5755
6fe6fe6fe6fe- -5.51874076034 -2.30153884675 2.8412
6ff -5.85969940009 -0.671849067466 4.6880
6ff6ff -5.57370775573 -1.64030221899 3.5025
6ff6ff- -5.63275645871 -1.35458268848 3.8204
6ff6ff-4ff6ff -5.45071230069 -1.67676547336 3.3361
6ff6ff-6ff -5.345676359 -1.96792728065 3.0281
6ff6ff-6ff-6ff -5.46622278949 -1.90370841474 3.1481
6ff6ff-6ff-6ff- -5.33043798404 -1.73880742856 3.1755
6ff6ff-6ff6ff- -5.15410821664 -2.08602468659 2.7175
6ff6ff6ff -5.45180075605 -2.10806590752 2.9847
6ff6ff6ff-6ff -5.46867181404 -2.08792948346 2.9864
6ff6ff6ff-6ff- -5.34077830991 -1.93364093698 3.0129
6ff6ff6ff6ff -5.37996270266 -2.37909129075 2.6752
6ff6ff6ff6ff- -5.33179855323 -2.17391745645 2.7963
6fh6fh -4.99845910097 -1.33716740281 3.2168
6fh6fh- -5.12308723904 -0.943690792212 3.6732
6fh6fh-4fh6fh -5.05179341333 -1.23539682718 3.3384
6fh6fh-6fh -5.09206626144 -1.42778131106 3.2049
6fh6fh-6fh-6fh -5.08934512305 -1.49417708767 3.1351
6fh6fh-6fh-6fh- -4.96390064347 -1.24002276243 3.2375
6fh6fh-6fh6fh- -4.92362779536 -1.47757814352 2.9955
6fh6fh6fh -4.81451014608 -1.76955629232 2.6937
6fh6fh6fh-6fh -4.92770950293 -1.65989441537 2.8520
6fh6fh6fh-6fh- -4.77042770423 -1.45254367037 2.8917
6fh6fh6fh6fh -4.69722908165 -2.02371061756 2.3747
6fh6fh6fh6fh- -4.67545997457 -1.78370621192 2.5366
6fi6fi -5.68609077107 -1.41662464367 3.7707
6fi6fi- -5.91575485084 -0.919744774417 4.4486
6fi6fi-4fi6fi -5.82976687784 -1.08600632979 4.1861
6fi6fi-6fi -5.97371509845 -1.33090878452 4.0930
6fi6fi-6fi-6fi -5.87929159647 -1.38478732456 3.9580
6fi6fi-6fi-6fi- -5.72146557009 -1.16110974924 4.0103
6fi6fi-6fi6fi- -5.80500451853 -1.35431057464 3.9120
6fi6fi6fi -5.45941994353 -1.86425190815 3.2058
6fi6fi6fi-6fi -5.66486589166 -1.64492815425 3.5523
6fi6fi6fi-6fi- -5.49751588093 -1.48165985109 3.5505
6fi6fi6fi6fi -5.34622058668 -2.10697745216 2.8852
6fi6fi6fi6fi- -5.354111888 -1.86806150189 3.1004
6fl6fl -5.15057073674 -1.48247619261 3.3088
6fl6fl- -5.43601815341 -0.926547620382 3.9936
6fl6fl6fl -4.90648462352 -1.90806223616 2.7244
6fl6fl6fl6fl -4.75410087392 -2.15242046321 2.3615
6fl6fl6fl6fl- -4.81995242285 -1.90452475626 2.6196
6ha6ha -5.23900773428 -1.01688941479 3.7035
6ha6ha- -5.44445368241 -0.952942662724 3.9697
6ha6ha-4ha6ha -5.01043210986 -1.33063667068 3.2222
6ha6ha-6ha -5.27628733016 -1.26886682932 3.5500
6ha6ha-6ha-6ha -5.07601154496 -1.49635399838 3.1505
6ha6ha-6ha-6ha- -4.98186015681 -1.53227302507 3.0443
6ha6ha-6ha6ha- -5.18186382817 -1.4386658646 3.3022
6ha6ha6ha -5.0452626812 -1.37118163263 3.2477
6ha6ha6ha-6ha -5.1143795962 -1.4732243221 3.2063
6ha6ha6ha-6ha- -5.02730316786 -1.50887123495 3.1030
6ha6ha6ha6ha -4.94321999173 -1.56111709196 2.9836
6ha6ha6ha6ha- -5.01968398038 -1.52737497598 3.0727
6hd6hd -6.10786722088 -1.9428928075 3.5920
6hd6hd- -6.21752909783 -1.76084864948 3.8119
6hd6hd-4hd6hd -6.04555315184 -2.26153811248 3.2659
6hd6hd-6hd -6.15793616718 -2.09718135397 3.5126
6hd6hd-6hd-6hd -6.08881925218 -2.41881991118 3.2000
6hd6hd-6hd-6hd- -5.95276233288 -2.4648071499 3.0364
6hd6hd-6hd6hd- -6.10569031017 -2.28058608118 3.3668
6hd6hd6hd -6.0156206296 -2.36766250953 3.1609
6hd6hd6hd-6hd -6.11603063603 -2.4492966611 3.2406
6hd6hd6hd-6hd- -5.98650444887 -2.48956950921 3.0744
6hd6hd6hd6hd -5.95738826814 -2.60412943526 2.9298
6hd6hd6hd6hd- -6.08854713834 -2.5614075626 3.0829
6he6he -5.29098147745 -1.25907073113 3.4787
6he6he- -5.44336522705 -1.09008803737 3.7445
6he6he-4he6he -5.18648976343 -1.46451667926 3.2137
6he6he-6he -5.34050619607 -1.33743951664 3.4817
6he6he-6he-6he -5.22893952225 -1.61009758291 3.1507
6he6he-6he-6he- -5.06376642223 -1.61526774584 2.9988
6he6he-6he6he- -5.28417863148 -1.47376854978 3.3696
6he6he6he -5.146761143 -1.60247839543 3.0727
6he6he6he-6he -5.27138928107 -1.62261481948 3.2249
6he6he6he-6he- -5.12744106046 -1.6650645783 3.0485
6he6he6he6he -5.06458276374 -1.78996483021 2.8581
6he6he6he6he- -5.2145174888 -1.7377189732 3.0295
6hf6hf -5.10784886408 -1.13634738993 3.4515
6hf6hf- -5.22050399325 -1.09797933869 3.6339
6hf6hf-4hf6hf -4.86213006784 -1.47812237119 2.9214
6hf6hf-6hf -5.09397105831 -1.37689602324 3.2250
6hf6hf-6hf-6hf -4.87138193835 -1.64139067434 2.8280
6hf6hf-6hf-6hf- -4.65287452596 -1.72030368753 2.5757
6hf6hf-6hf6hf- -5.02512625715 -1.50152416131 3.0439
6hf6hf6hf -5.03301755847 -1.48955115241 3.0734
6hf6hf6hf-6hf -5.02430991563 -1.58805636198 2.9815
6hf6hf6hf-6hf- -4.90811730656 -1.67268376578 2.8208
6hf6hf6hf6hf -4.99464950723 -1.68955482377 2.8570
6hf6hf6hf6hf- -4.98267649833 -1.62642441322 2.8989
6hh -4.94784592699 -0.243269771695 4.1854
6hh6hh -4.67192249466 -0.846546151838 3.2902
6hh6hh6hh -4.52851850173 -1.14968096802 2.9152
6hh6hh6hh6hh -4.4493333747 -1.31975211714 2.7097
6hi6hi -5.19927911384 -0.867771031247 3.7145
6hi6hi- -5.43166433199 -0.635385813096 4.1741
6hi6hi-4hi6hi -5.01288113441 -0.937976401602 3.5048
6hi6hi-6hi -5.35139074961 -0.824504930912 3.9489
6hi6hi-6hi-6hi -5.14077463855 -1.09797933869 3.4931
6hi6hi-6hi-6hi- -5.01696284199 -1.2073691018 3.3028
6hi6hi-6hi6hi- -5.30540351089 -0.914846725322 3.8394
6hi6hi6hi -5.06050105616 -1.17145007511 3.3647
6hi6hi6hi-6hi -5.21315691961 -1.10314950162 3.5608
6hi6hi6hi-6hi- -5.07465097577 -1.1621982046 3.4344
6hi6hi6hi6hi -4.9810438153 -1.33771163048 3.1738
6hi6hi6hi6hi- -5.07192983738 -1.25825438962 3.3011
6hl6hl -4.75165184937 -0.985324209516 3.2663
6hl6hl- -4.95682568366 -0.739061185597 3.6362
6hl6hl6hl -4.54348476285 -1.29988780692 2.8358
6hl6hl6hl6hl -4.4183123971 -1.48247619261 2.5786
6hl6hl6hl6hl- -4.56062793468 -1.39703244729 2.7562
6ia6ia -6.33208902387 -1.07675445928 4.4681
6ia6ia- -6.31140837214 -1.09770722485 4.5184
6ia6ia-4ia6ia -5.87684257192 -1.39975358568 4.0283
6ia6ia-6ia -6.08092795086 -1.41526407448 4.1979
6ia6ia-6ia-6ia -5.97044973239 -1.57662758076 3.9460
6ia6ia-6ia-6ia- -5.9797016029 -1.57635546692 3.9530
6ia6ia-6ia6ia- -5.96010940653 -1.58451888208 3.9318
6ia6ia6ia -6.10650665168 -1.38560366607 4.2151
6ia6ia6ia-6ia -5.96092574804 -1.57907660531 3.9379
6ia6ia6ia-6ia- -5.96990550471 -1.57880449147 3.9440
6ia6ia6ia6ia -5.98269485513 -1.55975652277 3.9700
6ia6ia6ia6ia- -5.97126607391 -1.56628725489 3.9561
6id6id -7.19088029844 -2.10262363075 4.2995
6id6id- -7.21972436533 -2.07296322234 4.3890
6id6id-4id6id -7.01591110023 -2.42344584644 4.1139
6id6id-6id -7.14706997043 -2.31296762797 4.2313
6id6id-6id-6id -7.06489159118 -2.57855073443 3.9999
6id6id-6id-6id- -7.03876866268 -2.59052374333 3.9552
6id6id-6id6id- -7.10081061787 -2.47188210971 4.1352
6id6id6id -7.09618468262 -2.42181316341 4.1005
6id6id6id-6id -7.09237508888 -2.56222390412 4.0550
6id6id6id-6id- -7.0452993948 -2.59324488171 3.9683
6id6id6id6id -7.03713597964 -2.62508220083 3.9297
6id6id6id6id- -7.06325890815 -2.60821114284 3.9784
6ie6ie -6.22895787905 -1.3230174832 4.3412
6ie6ie- -6.27031918251 -1.28192829357 4.4026
6ie6ie-4ie6ie -6.01534851576 -1.48247619261 4.0541
6ie6ie-6ie -6.18950137245 -1.39784878881 4.2960
6ie6ie-6ie-6ie -6.09807112269 -1.61581197352 4.0093
6ie6ie-6ie-6ie- -6.0297705492 -1.65472425243 3.9038
6ie6ie-6ie6ie- -6.13888819848 -1.47404066361 4.2193
6ie6ie6ie -6.10160860259 -1.57771603612 4.0366
6ie6ie6ie-6ie -6.13453437706 -1.6114581521 4.0828
6ie6ie6ie-6ie- -6.05208388397 -1.65227522789 3.9407
6ie6ie6ie6ie -6.01861388182 -1.73173246875 3.8286
6ie6ie6ie6ie- -6.08936347985 -1.6996230358 3.9293
6if6if -6.00664087292 -1.11729942123 4.2605
6if6if- -6.09752689501 -1.06532567806 4.4089
6if6if-4if6if -5.63085166184 -1.36138553444 3.7698
6if6if-6if -5.92010867225 -1.26805048781 4.1052
6if6if-6if-6if -5.699696463 -1.53444993578 3.7075
6if6if-6if-6if- -5.62023922213 -1.60329473694 3.5822
6if6if-6if6if- -5.90187704507 -1.39159017052 3.9797
6if6if6if -5.94786428379 -1.4315909048 3.9439
6if6if6if-6if -5.93480281954 -1.51431351173 3.9003
6if6if6if-6if- -5.85616192019 -1.62125425029 3.7555
6if6if6if6if -5.91874810306 -1.60220628159 3.7710
6if6if6if6if- -5.9690891632 -1.60247839543 3.8150
6ih6ih -5.44363734089 -0.761374520361 4.0838
6ih6ih- -5.46867181404 -0.637290609966 4.2292
6ih6ih-4ih6ih -5.2025444799 -0.822055906365 3.8303
6ih6ih-6ih -5.40962311107 -0.794844522507 4.0392
6ih6ih-6ih-6ih -5.34866961123 -0.994031852351 3.8001
6ih6ih-6ih-6ih- -5.31519960908 -1.04110754643 3.7247
6ih6ih-6ih6ih- -5.37452042589 -0.875118104889 3.9413
6ih6ih6ih -5.35166286345 -0.991038600126 3.8062
6ih6ih6ih-6ih -5.35792148174 -0.994031852351 3.8307
6ih6ih6ih-6ih- -5.3350639193 -1.02913453753 3.7692
6ih6ih6ih6ih -5.29098147745 -1.12246958416 3.6400
6ih6ih6ih6ih- -5.32227456888 -1.08600632979 3.7017
6ii -6.54080033807 -0.509941333508 4.8159
6ii6ii -6.25698560442 -0.817702084948 4.6037
6ii6ii6ii6ii -6.00500818989 -1.16491934298 4.2584
6il6il- -5.7843238668 -0.783959968963 4.4076
6il6il6il6il -5.37016660447 -1.33335780907 3.6002
6la6la6la6la -5.29424684351 -1.81690410023 3.1620
6ld6ld -6.73508961882 -1.87785760007 4.3015
6ld6ld6ld -6.4409345593 -2.70181830331 3.4010
6ld6ld6ld6ld -6.37290609966 -2.92549587863 3.1088
6le6le -5.84745427735 -1.18396731168 4.1209
6le6le6le -5.73316646515 -1.41553618832 3.8064
6le6le6le6le -5.66214475327 -1.54043644023 3.6223
6lf6lf -5.51384271125 -1.10587064001 3.8148
6lf6lf6lf -5.41615384319 -1.37145374647 3.5205
6lf6lf6lf6lf -5.35683302638 -1.52274904072 3.3618
6lh6lh -5.07900479719 -0.766544683294 3.7318
6lh6lh6lh -4.9690708064 -0.971718517587 3.4555
6lh6lh6lh6lh -4.90512405433 -1.07784291463 3.3030
6li6li -5.82323614572 -0.71348248477 4.4857
6li6li6li -5.6722129653 -0.92301014048 4.1722
6li6li6li6li -5.60391239182 -1.00328372286 4.0349
6ll -5.58268751241 -0.508036536638 4.5859
6ll6ll -5.14812171219 -1.15294633408 3.6449
6ll6ll6ll -4.91464803868 -1.46859838684 3.1462
6ll6ll6ll6ll -4.77396518413 -1.63567628373 2.8429
