12dd -9.17812766163 -0.222044892285 6.0814
12dd12dd -8.65893445761 -2.0762285884 4.1515
12dd12dd- -8.69947941956 -2.12793021773 4.1811
12dd12dd-12dd -8.45920290009 -2.68277033461 3.4965
12dd12dd-12dd-12dd -8.49403347143 -2.85012034534 3.3616
12dd12dd-12dd-12dd- -8.42410021491 -3.04114426002 3.1921
12dd12dd-12dd12dd- -8.34709199859 -3.01012328243 3.1469
12dd12dd-4dd12dd -8.60913762515 -2.92086994337 3.5220
12dd12dd12dd -8.51335355397 -2.69066163593 3.5841
12dd12dd12dd-12dd -8.39797728641 -3.02862702345 3.1918
12dd12dd12dd-12dd- -8.45185582645 -3.05447783812 3.2347
12dd12dd12dd12dd -8.49294501607 -3.08767572642 3.2452
12dd12dd12dd12dd- -8.42410021491 -3.04087214619 3.1920
12dh -7.50544389585 0.556200686068 5.1585
12dh12dh -6.84828897567 -0.451164744374 3.9317
12dh12dh- -6.82325450252 -0.464498322464 3.9756
12dh12dh-12dh -6.41644431383 -0.900968919555 3.2453
12dh12dh-12dh-12dh -6.26841438564 -1.15457901712 2.9156
12dh12dh-12dh-12dh- -6.34487837428 -1.25172365749 2.9942
12dh12dh-12dh12dh- -6.20936568267 -1.13906852832 2.9127
12dh12dh-4dh12dh -6.52011968633 -1.13308202387 3.2056
12dh12dh12dh -6.52148025553 -0.931445669476 3.3819
12dh12dh12dh-12dh -6.20011381216 -1.14287812206 2.9608
12dh12dh12dh-12dh- -6.30569398153 -1.22587284283 3.0336
12dh12dh12dh12dh -6.34460626045 -1.21308349241 3.0630
12dh12dh12dh12dh- -6.22786942369 -1.11267348597 3.0079
12hd -7.50544389585 0.555928572229 5.1585
12hd12hd -6.84828897567 -0.450892630535 3.9317
12hd12hd- -6.82298238868 -0.464498322464 3.9754
12hd12hd-12hd -6.41644431383 -0.900968919555 3.2453
12hd12hd-12hd-12hd -6.26868649948 -1.15430690328 2.9158
12hd12hd-12hd-12hd- -6.22786942369 -1.11267348597 3.0079
12hd12hd-12hd12hd- -6.20936568267 -1.13906852832 2.9127
12hd12hd-4hd12hd -6.63848920612 -1.30124837611 3.1363
12hd12hd12hd -6.52148025553 -0.931445669476 3.3819
12hd12hd12hd-12hd -6.30596609537 -1.21526040312 2.9762
12hd12hd12hd-12hd- -6.30542186769 -1.22587284283 3.0335
12hd12hd12hd12hd -6.34460626045 -1.21308349241 3.0630
12hd12hd12hd12hd- -6.34487837428 -1.25199577133 2.9942
12hh -6.70787823496 2.43541885533 6.1833
12hh12hh -5.72799630221 1.30886756359 4.5185
12hh12hh- -5.83575338229 1.03212778975 4.4299
12hh12hh-12hh -5.1679860224 0.74042175479 3.6316
12hh12hh-12hh-12hh -5.08907300922 0.385857423113 3.2857
12hh12hh-12hh-12hh- -4.94485267477 0.535247920497 3.2955
12hh12hh-12hh12hh- -5.04335788433 0.325176037109 3.1989
12hh12hh-4hh12hh -5.23628659589 0.371979617346 3.3610
12hh12hh12hh -5.24771537711 0.881376723177 3.8278
12hh12hh12hh-12hh -4.94594113012 0.514839382603 3.2893
12hh12hh12hh-12hh- -4.81369380457 0.685182645557 3.3215
12hh12hh12hh12hh -4.95410454528 0.646814594316 3.4061
12hh12hh12hh12hh- -4.9451247886 0.534975806658 3.2956
13aa -7.00230540831 2.76739773841 6.8107
13aa13aa -5.96800070784 1.45608115027 4.9027
13aa13aa- -6.01398794657 1.47893871271 4.9354
13aa13aa-13aa -5.58921824453 1.00137892599 4.2133
13aa13aa-13aa-13aa -5.33832928536 0.682461507171 3.7684
13aa13aa-13aa-13aa- -5.63030743416 0.890084366011 4.1335
13aa13aa-13aa13aa- -5.37207140134 0.747496714593 3.8354
13aa13aa-4aa13aa -5.65126019973 0.18068358882 3.6978
13aa13aa13aa -5.53914929823 0.895254528944 4.1319
13aa13aa13aa-13aa -5.36091473396 0.701237362033 3.8037
13aa13aa13aa-13aa- -5.35084652193 0.654978009474 3.7721
13aa13aa13aa13aa -5.75575191375 1.01226347954 4.3304
13aa13aa13aa13aa- -5.33451969162 0.624501259552 3.7344
13ad13ad -7.17400924045 -0.104491714017 4.5423
13ad13ad- -7.23333005726 -0.173336515179 4.5199
13ad13ad-13ad-13ad -6.77155287319 -0.904506399456 3.5889
13ad13ad-13ad-13ad- -6.77128075935 -0.991038600126 3.5426
13ad13ad-13ad13ad- -6.79196141108 -0.845457696483 3.6478
13ad13ad-4ad13ad -7.01890435246 -1.34614715948 3.5240
13ad13ad13ad-13ad -6.85781296002 -0.965459899299 3.6252
13ad13ad13ad-13ad- -6.85563604931 -1.01634518711 3.5908
13ad13ad13ad13ad -7.1990437136 -0.734979478018 4.0743
13ad13ad13ad13ad- -6.9987679284 -1.03376047278 3.6818
13ae13ae -6.23820974956 0.721918013766 4.4706
13ae13ae- -6.29535365566 0.658243375537 4.4462
13ae13ae-13ae -5.92718363206 0.318101077306 3.8832
13ae13ae-13ae-13ae -5.77126240255 0.0748313056109 3.5754
13ae13ae-13ae-13ae- -5.83330435774 0.0979609818906 3.6536
13ae13ae-13ae13ae- -5.73615971737 0.118913747462 3.5839
13ae13ae-4ae13ae -6.02650518314 -0.368170023605 3.5265
13ae13ae13ae -6.03004266304 0.251705300691 3.9427
13ae13ae13ae-13ae -5.7533028892 0.0370074820475 3.5587
13ae13ae13ae-13ae- -5.83929086219 0.0247623593112 3.6074
13ae13ae13ae13ae -5.98024583058 0.218507412384 3.8888
13ae13ae13ae13ae- -5.8428283421 -0.0375517097247 3.5673
13af13af -6.04092721659 1.53553839113 4.9325
13af13af- -5.61996710829 1.59458709411 4.7497
13af13af-13af -5.13614870329 1.19730088977 4.0595
13af13af-13af-13af -5.09941333508 0.630215650163 3.5690
13af13af-13af-13af- -4.95111129305 0.764367772585 3.5493
13af13af-13af13af- -4.85233396965 0.909132334712 3.6389
13af13af-4af13af -5.47139295243 0.268576358683 3.6120
13af13af13af -5.8188823243 1.08165250838 4.4089
13af13af13af-13af -5.13070642652 0.752666877526 3.7060
13af13af13af-13af- -5.43656238109 0.536064262012 3.7168
13af13af13af13af -5.73615971737 0.830219321523 4.1384
13af13af13af13af- -5.48853612426 0.705319069612 3.8879
13ah13ah -5.5494896241 1.75785539726 4.7392
13ah13ah- -5.53125799692 1.71758254915 4.7377
13ah13ah-13ah -5.12580837742 1.34043276887 4.1449
13ah13ah-13ah-13ah -4.90430771282 1.08382941908 3.7414
13ah13ah-13ah-13ah- -4.90594039585 1.09117649273 3.7510
13ah13ah-13ah13ah- -4.89042990705 1.14097332519 3.8165
13ah13ah-4ah13ah -5.21261269193 0.691441263844 3.6774
13ah13ah13ah -5.2349260267 1.3575759407 4.1934
13ah13ah13ah-13ah -4.99546584874 1.05253632765 3.7974
13ah13ah13ah-13ah- -4.96009104973 1.01498461792 3.7344
13ah13ah13ah13ah -5.06975292668 1.13090511316 3.8821
13ah13ah13ah13ah- -5.05097707181 1.08219673605 3.8305
13ai13ai -6.06895494196 1.73826320088 5.1519
13ai13ai- -5.9916746118 1.70424897106 5.0635
13ai13ai-13ai -5.56309531603 1.23893430708 4.3535
13ai13ai-13ai-13ai -5.39656164682 0.983147298807 4.0144
13ai13ai-13ai-13ai- -5.48608709971 1.01852209782 4.1132
13ai13ai-13ai13ai- -5.33669660233 0.989133803256 3.9792
13ai13ai-4ai13ai -5.67983215278 0.46150507024 3.9162
13ai13ai13ai-13ai -5.40445294813 0.980970388099 4.0248
13ai13ai13ai-13ai- -5.45724303282 0.954031118079 4.0465
13ai13ai13ai13ai -5.63030743416 1.13226568235 4.3156
13ai13ai13ai13ai- -5.52826474469 1.06233242584 4.1805
13al13al -5.50540718225 1.54832774155 4.6387
13al13al- -5.62676995426 1.62615229938 4.7616
13al13al-13al -5.03301755847 1.16655202601 3.9481
13al13al-13al-13al -4.96934292024 0.839199078196 3.6137
13al13al-13al-13al- -5.07138560971 0.860968185283 3.7004
13al13al-13al13al- -4.78457762384 0.956752256465 3.5910
13al13al13al -5.02866373705 1.02015478085 3.8650
13al13al13al-13al -4.90566828201 0.87103639731 3.6118
13al13al13al-13al- -5.03546658301 0.814436718885 3.6380
13al13al13al13al -4.92770950293 0.714843053963 3.4954
13al13al13al13al- -4.80444193406 0.785592651995 3.4858
13da13da -7.17400924045 -0.104491714017 4.5423
13da13da- -7.23333005726 -0.173336515179 4.5199
13da13da-13da-13da -6.77155287319 -0.904506399456 3.5889
13da13da-13da-13da- -7.04720419167 -0.915663066838 3.8179
13da13da-13da13da- -6.79196141108 -0.845457696483 3.6478
13da13da-4da13da -6.96774695081 -1.46097919936 3.4257
13da13da13da-13da -6.78216531289 -0.889268024495 3.6148
13da13da13da-13da- -6.85563604931 -1.01634518711 3.5908
13da13da13da13da -7.19877159976 -0.735251591856 4.0739
13da13da13da13da- -6.77128075935 -0.991038600126 3.5426
13dd -8.61077030818 0.235106356537 5.9749
13dd13dd -8.57457916765 -0.802735823825 5.0359
13dd13dd- -8.19715727353 -1.52955188669 4.2070
13dd13dd-13dd -7.98790173166 -1.88302776301 3.7393
13dd13dd-13dd-13dd -8.10355011306 -1.96928784984 3.7867
13dd13dd-13dd-13dd- -8.19851784272 -2.25609583571 3.7027
13dd13dd-13dd13dd- -7.98001043034 -1.9809887449 3.6664
13dd13dd-4dd13dd -8.05593019131 -2.78943895933 3.2427
13dd13dd13dd -8.02545344138 -1.79676767618 3.8373
13dd13dd13dd-13dd -8.09565881174 -2.11241972893 3.6664
13dd13dd13dd-13dd- -8.24967524438 -2.22725176882 3.7307
13dd13dd13dd13dd -7.9797383165 -1.9809887449 3.6661
13dd13dd13dd13dd- -8.1990620704 -2.25555160803 3.7035
13de13de -7.43360584246 -0.192656597718 4.6181
13de13de- -7.27741249911 -0.712938257092 4.1288
13de13de-13de -6.99250931012 -1.02342014692 3.6119
13de13de-13de-13de -6.96801906464 -1.16872893672 3.5281
13de13de-13de-13de- -7.22979257736 -1.13634738993 3.7958
13de13de-13de13de- -6.85073800021 -1.23648528253 3.3327
13de13de-4de13de -7.02761199529 -1.90234784555 3.1120
13de13de13de -7.42925202105 -0.505859625929 4.4033
13de13de13de-13de -6.94788264059 -1.22560072899 3.4479
13de13de13de-13de- -7.1179537897 -1.25253999901 3.6037
13de13de13de13de -7.47959308118 -0.689536466974 4.2946
13de13de13de13de- -7.01808801094 -1.30805122208 3.5066
13df13df -7.05972142825 -0.0421776449807 4.4189
13df13df- -6.80121328159 -0.0138778057678 4.3163
13df13df-13df -6.59794424417 -0.491709706323 3.7329
13df13df-13df-13df -6.28065950838 -0.592936054277 3.4534
13df13df-13df-13df- -6.60012115488 -0.698516223647 3.6868
13df13df-13df13df- -6.24229145714 -0.649535732702 3.4188
13df13df-4df13df -6.57154920183 -0.949133068984 3.4629
13df13df13df -6.86842539972 -0.737700616404 3.7645
13df13df13df-13df -6.49835057925 -0.843008671936 3.3981
13df13df13df-13df- -6.62080180661 -0.920561115933 3.5036
13df13df13df13df -6.89563678358 -0.877295015598 3.6748
13df13df13df13df- -6.63604018157 -1.0190663255 3.3627
13dh13dh -6.47086708155 0.25959660201 4.1751
13dh13dh- -6.60447497629 0.154560660316 4.2663
13dh13dh-13dh -6.36528691218 -0.211976680258 3.8598
13dh13dh-13dh-13dh -6.13698340161 -0.431300434157 3.4071
13dh13dh-13dh-13dh- -6.17861681891 -0.561915076678 3.4276
13dh13dh-13dh13dh- -6.24283568482 -0.404361164137 3.6119
13dh13dh-4dh13dh -6.38651179159 -0.797837774731 3.3636
13dh13dh13dh -6.30161227395 -0.179595133466 3.7416
13dh13dh13dh-13dh -6.17535145285 -0.465858891657 3.4445
13dh13dh13dh-13dh- -6.20337917822 -0.545860360201 3.4328
13dh13dh13dh13dh -6.2539923522 -0.439463849315 3.5081
13dh13dh13dh13dh- -6.12120079897 -0.506131739768 3.3345
13di13di -7.24747997687 0.2884406689 4.8601
13di13di- -7.00284963598 -0.0427218726578 4.4267
13di13di-13di -6.68801392474 -0.417150514551 3.8648
13di13di-13di-13di -6.63522384005 -0.619875324296 3.6815
13di13di-13di-13di- -6.9380865424 -0.548309384749 3.9911
13di13di-13di13di- -6.53073212604 -0.637290609966 3.5777
13di13di-4di13di -6.84856108951 -1.10831966456 3.5820
13di13di13di -7.16693428065 -0.11156667382 4.4993
13di13di13di-13di -6.64583627976 -0.666678904533 3.6489
13di13di13di-13di- -6.82515929939 -0.677835571915 3.7915
13di13di13di13di -7.18190054177 -0.336060590652 4.3289
13di13di13di13di- -6.72393295143 -0.748585169947 3.6530
13dl13dl -7.04693207783 0.221500664608 4.6057
13dl13dl- -6.70461286889 0.175513425887 4.3698
13dl13dl-13dl -6.20120226751 -0.208167086517 3.6686
13dl13dl-13dl-13dl -6.26569324726 -0.489260681776 3.4778
13dl13dl-13dl-13dl- -6.02514461395 -0.390755472208 3.3825
13dl13dl-13dl13dl- -6.02514461395 -0.390755472208 3.3826
13dl13dl13dl -6.92339239512 -0.139322285355 4.2549
13dl13dl13dl-13dl -6.16201787476 -0.514295154925 3.4146
13dl13dl13dl13dl -6.93182792411 -0.335244249137 4.1059
13dl13dl13dl13dl- -6.38515122239 -0.592663940438 3.4904
13ea13ea -6.23820974956 0.721918013766 4.4706
13ea13ea- -6.29535365566 0.658243375537 4.4462
13ea13ea-13ea -5.92718363206 0.317828963467 3.8831
13ea13ea-13ea-13ea -5.72092134241 0.0356469128546 3.5122
13ea13ea-13ea-13ea- -5.88636655627 0.0870764283472 3.7070
13ea13ea-13ea13ea- -5.73615971737 0.118913747462 3.5838
13ea13ea-4ea13ea -5.98024583058 -0.430484092641 3.4624
13ea13ea13ea -6.0297705492 0.251433186852 3.9424
13ea13ea13ea-13ea -5.72772418837 0.072110167225 3.5520
13ea13ea13ea-13ea- -5.83929086219 0.0247623593112 3.6074
13ea13ea13ea13ea -5.98051794442 0.218779526222 3.8890
13ea13ea13ea13ea- -5.83330435774 0.0979609818906 3.6538
13ed13ed -7.4338779563 -0.192112370041 4.6188
13ed13ed- -7.27768461295 -0.712938257092 4.1288
13ed13ed-13ed -6.99250931012 -1.02342014692 3.6119
13ed13ed-13ed-13ed -6.96856329232 -1.16872893672 3.5285
13ed13ed-13ed-13ed- -7.01808801094 -1.30777910824 3.5069
13ed13ed-13ed13ed- -6.85073800021 -1.23675739637 3.3325
13ed13ed-4ed13ed -7.13618541689 -1.71214027238 3.3723
13ed13ed13ed -7.42952413488 -0.505315398252 4.4037
13ed13ed13ed-13ed -7.01291784801 -1.2658735771 3.4596
13ed13ed13ed-13ed- -7.11822590354 -1.25226788517 3.6041
13ed13ed13ed13ed -7.48013730886 -0.688720125458 4.2957
13ed13ed13ed13ed- -7.2300646912 -1.13607527609 3.7961
13ee -7.23060891888 1.39621610578 5.7697
13ee13ee -6.69835425061 0.563003532032 4.6285
13ee13ee- -6.48937082257 0.0448987833665 4.1036
13ee13ee-13ee -6.16528324082 -0.122179113525 3.6813
13ee13ee-13ee-13ee -6.08446543076 -0.237555381085 3.5440
13ee13ee-13ee-13ee- -6.27494511777 -0.206534403486 3.7680
13ee13ee-13ee13ee- -6.00337550686 -0.240820747148 3.4755
13ee13ee-4ee13ee -6.24392414017 -0.88464208924 3.3283
13ee13ee13ee -6.56964440496 0.334972135298 4.3858
13ee13ee13ee-13ee -6.10596242401 -0.268304244845 3.5341
13ee13ee13ee-13ee- -6.20528397509 -0.312114572857 3.6169
13ee13ee13ee13ee -6.5304600122 0.207894972679 4.2537
13ee13ee13ee13ee- -6.27494511777 -0.206534403486 3.7683
13ef13ef -6.23521649733 0.725999721345 4.3798
13ef13ef- -6.02840998001 0.762190861876 4.3304
13ef13ef-13ef -5.53724450136 0.512390358055 3.7551
13ef13ef-13ef-13ef -5.37560888124 0.294971401026 3.4726
13ef13ef-13ef-13ef- -5.61370849001 0.260140829687 3.6678
13ef13ef-13ef13ef- -5.3181928613 0.227759282896 3.3944
13ef13ef-4ef13ef -5.65588613499 -0.036735368209 3.4623
13ef13ef13ef -5.74949329546 0.17496919821 3.6521
13ef13ef13ef-13ef -5.48527075819 0.118641633623 3.4235
13ef13ef13ef-13ef- -5.64391312609 0.0236739039569 3.4860
13ef13ef13ef13ef -5.84092354523 0.0952398435047 3.6245
13ef13ef13ef13ef- -5.72391459463 -0.00299325222443 3.4595
13eh13eh -5.79439207883 0.998657787607 4.2274
13eh13eh- -5.88609444243 0.918384205224 4.3167
13eh13eh-13eh -5.4994206778 0.623140690359 3.7955
13eh13eh-13eh-13eh -5.30839676311 0.439191735476 3.4884
13eh13eh-13eh-13eh- -5.29288627432 0.406538074846 3.4786
13eh13eh-13eh13eh- -5.26649123197 0.425586043547 3.4570
13eh13eh-4eh13eh -5.55030596562 0.0917023636031 3.4296
13eh13eh13eh -5.51275425589 0.688992239297 3.8038
13eh13eh13eh-13eh -5.30023334796 0.419327425259 3.4626
13eh13eh13eh-13eh- -5.32036977201 0.386673764629 3.4730
13eh13eh13eh13eh -5.38458863792 0.520281659374 3.5780
13eh13eh13eh13eh- -5.36254741699 0.500417349158 3.5435
13ei13ei -6.38950504381 1.07566600393 4.8338
13ei13ei- -6.13698340161 0.746680373077 4.3765
13ei13ei-13ei -5.73371069282 0.406265961007 3.7602
13ei13ei-13ei-13ei -5.70105703219 0.323815467916 3.6988
13ei13ei-13ei-13ei- -5.89561842678 0.425586043547 3.9569
13ei13ei-13ei13ei- -5.58023848786 0.290617579609 3.5739
13ei13ei-4ei13ei -5.90514241113 -0.160275050927 3.6127
13ei13ei13ei -6.20337917822 0.789130131896 4.4813
13ei13ei13ei-13ei -5.67248507914 0.247623593112 3.6034
13ei13ei13ei-13ei- -5.81724964127 0.283814733644 3.7679
13ei13ei13ei13ei -6.13426226322 0.638106951482 4.3035
13ei13ei13ei13ei- -5.88473387324 0.365720999058 3.8784
13el13el -6.39848480049 0.982330957292 4.7210
13el13el- -5.94623160076 0.929812986445 4.3744
13el13el-13el -5.72962898524 0.46150507024 3.8225
13el13el-13el-13el -5.59983068424 0.225582372187 3.5239
13el13el-13el-13el- -5.5805106017 0.296331970219 3.5674
13el13el-13el13el- -5.4564266913 0.340142298231 3.5321
13el13el13el -6.1573919395 0.721918013766 4.3702
13el13el13el-13el -5.60989889627 0.268576358683 3.5828
13el13el13el-13el- -5.74541158788 0.409259213232 3.8017
13el13el13el13el -6.10922779007 0.59620142034 4.2264
13el13el13el13el- -5.74241833566 0.437559052445 3.8128
13fa13fa -5.60364027798 1.554314246 4.7282
13fa13fa- -5.62023922213 1.59485920795 4.7500
13fa13fa-13fa -5.13016219884 1.1502251957 4.0256
13fa13fa-13fa-13fa- -5.62404881587 0.63837906532 3.9188
13fa13fa-13fa13fa- -4.85206185581 0.909132334712 3.6388
13fa13fa-4fa13fa -5.15111496441 0.295515628703 3.4856
13fa13fa13fa -5.13315545107 1.01580095944 3.9529
13fa13fa13fa-13fa -5.13424390642 0.71348248477 3.6289
13fa13fa13fa-13fa- -5.39819432985 0.477831900555 3.6443
13fa13fa13fa13fa -4.88145015037 0.70178158971 3.5136
13fa13fa13fa13fa- -4.95138340689 0.764639886424 3.5497
13fd13fd -6.96611426777 0.161907733958 4.5495
13fd13fd- -6.80148539543 -0.0141499196064 4.3163
13fd13fd-13fd -6.43494805486 -0.420415880614 3.7324
13fd13fd-13fd-13fd -6.4267846397 -0.761374520361 3.4017
13fd13fd-13fd-13fd- -6.63685652309 -0.962194533236 3.4154
13fd13fd-13fd13fd- -6.24229145714 -0.649535732702 3.4188
13fd13fd-4fd13fd -6.6461083936 -1.10777543688 3.4477
13fd13fd13fd -6.82788043777 -0.268848472522 4.1305
13fd13fd13fd-13fd -6.39875691432 -0.717019964671 3.5017
13fd13fd13fd-13fd- -6.62080180661 -0.920833229771 3.5035
13fd13fd13fd13fd -6.34460626045 -1.06478145038 3.2601
13fd13fd13fd13fd- -6.49535732702 -0.825049158589 3.4963
13fe13fe -5.98976981493 0.747768828431 4.3170
13fe13fe- -6.02813786617 0.762190861876 4.3302
13fe13fe-13fe -5.57017027583 0.420415880614 3.7167
13fe13fe-13fe-13fe -5.50513506841 0.143948220611 3.4101
13fe13fe-13fe-13fe- -5.72418670847 -0.00272113838585 3.4598
13fe13fe-13fe13fe- -5.3181928613 0.227487169057 3.3944
13fe13fe-4fe13fe -5.5995585704 -0.292794490317 3.3201
13fe13fe13fe -5.93534704721 0.607902315399 4.1303
13fe13fe13fe-13fe -5.43683449493 0.201364240553 3.4750
13fe13fe13fe-13fe- -5.64500158144 0.0239460177955 3.4866
13fe13fe13fe13fe -5.82323614572 0.442457101539 3.9160
13fe13fe13fe13fe- -5.5184686465 0.134424236261 3.4766
13ff -6.59195773972 2.81365709097 6.0079
13ff13ff -5.64173621538 1.53145668356 4.7231
13ff13ff- -5.88119639334 1.36791626657 4.7885
13ff13ff-13ff -5.33560814697 1.01471250408 4.0486
13ff13ff-13ff-13ff -5.06512699142 0.591303371245 3.4938
13ff13ff-13ff-13ff- -5.30513139705 0.284086847483 3.4304
13ff13ff-13ff13ff- -5.069208699 0.809266555952 3.6847
13ff13ff-4ff13ff -5.26839602884 0.427762954255 3.5663
13ff13ff13ff -5.33560814697 0.796205091699 3.8588
13ff13ff13ff-13ff -5.18975512949 0.561098735162 3.5578
13ff13ff13ff-13ff- -5.4196913231 0.225854486025 3.4688
13ff13ff13ff13ff -5.10213447347 0.455518565791 3.4105
13ff13ff13ff13ff- -5.20553773213 0.471573282268 3.5116
13fh13fh -5.71439061028 1.51948367466 4.7372
13fh13fh- -5.69180516168 1.41635252983 4.6675
13fh13fh-13fh -5.27982481006 1.15757226934 4.0886
13fh13fh-13fh-13fh -4.98975145813 0.806545417566 3.5606
13fh13fh-13fh-13fh- -5.14567268764 0.581235159217 3.5219
13fh13fh-13fh13fh- -5.04036463211 0.833212573747 3.6699
13fh13fh-4fh13fh -5.15955049341 0.493886617032 3.5344
13fh13fh13fh -5.34812538355 1.1036937293 4.1496
13fh13fh13fh-13fh -5.12118244217 0.685998987073 3.5789
13fh13fh13fh-13fh- -5.27492676097 0.402456367267 3.4852
13fh13fh13fh13fh -5.16417642866 0.86151241296 3.8292
13fh13fh13fh13fh- -5.21778285487 0.49606352774 3.5812
13fi13fi -5.76745280881 1.76084864948 4.9415
13fi13fi- -5.92174135528 1.59458709411 4.9000
13fi13fi-13fi -5.17125138847 1.22560072899 4.0686
13fi13fi-13fi-13fi -5.20608195981 0.954303231917 3.8424
13fi13fi-13fi-13fi- -5.61833442526 0.887363227625 4.0976
13fi13fi-13fi13fi- -4.9105663311 1.00328372286 3.6942
13fi13fi-4fi13fi -5.1848570804 0.452797427405 3.5840
13fi13fi13fi -5.4458142516 1.40737277316 4.4156
13fi13fi13fi-13fi -5.00145235319 0.991582827803 3.7544
13fi13fi13fi-13fi- -5.26023261368 0.883825747724 3.8586
13fi13fi13fi13fi -5.3026823725 1.24437658385 4.1729
13fi13fi13fi13fi- -5.15002650906 1.07539389009 3.9379
13fl13fl -5.93072111196 1.61934945342 4.9652
13fl13fl- -5.67112450995 1.62751286858 4.8109
13fl13fl-13fl -5.19601374778 1.1953960929 4.0766
13fl13fl-13fl13fl- -4.93505657658 0.960017622528 3.6830
13fl13fl13fl -5.32254668272 1.14124543903 4.1047
13fl13fl13fl-13fl -4.83763982236 0.953214776563 3.5917
13fl13fl13fl13fl -5.57044238967 1.04328445713 4.2200
13fl13fl13fl13fl- -5.19220415404 0.808994442113 3.7364
13ha13ha -5.5494896241 1.75785539726 4.7391
13ha13ha- -5.53098588308 1.71758254915 4.7375
13ha13ha-13ha -5.12580837742 1.34043276887 4.1447
13ha13ha-13ha-13ha -4.90430771282 1.08382941908 3.7414
13ha13ha-13ha-13ha- -5.05097707181 1.08219673605 3.8305
13ha13ha-13ha13ha- -4.89015779321 1.14070121135 3.8164
13ha13ha-4ha13ha -5.24308944185 0.564364101225 3.6967
13ha13ha13ha -5.23547025437 1.35812016838 4.1942
13ha13ha13ha-13ha -4.85097340045 1.10968023375 3.7545
13ha13ha13ha-13ha- -4.96009104973 1.01498461792 3.7345
13ha13ha13ha13ha -5.06975292668 1.13090511316 3.8821
13ha13ha13ha13ha- -4.90539616817 1.09117649273 3.7506
13hd13hd -6.47086708155 0.25959660201 4.1752
13hd13hd- -6.60447497629 0.154832774155 4.2662
13hd13hd-13hd -6.36528691218 -0.212248794096 3.8600
13hd13hd-13hd-13hd -6.13671128777 -0.431300434157 3.4071
13hd13hd-13hd-13hd- -6.12120079897 -0.506131739768 3.3344
13hd13hd-13hd13hd- -6.24283568482 -0.404361164137 3.6121
13hd13hd-4hd13hd -6.46406423558 -0.840831761227 3.4965
13hd13hd13hd -6.30188438779 -0.179595133466 3.7418
13hd13hd13hd-13hd -6.16365055779 -0.496607755417 3.4714
13hd13hd13hd-13hd- -6.20337917822 -0.545860360201 3.4329
13hd13hd13hd13hd -6.2539923522 -0.439735963153 3.5079
13hd13hd13hd13hd- -6.17861681891 -0.561915076678 3.4276
13he13he -5.79411996499 0.998385673768 4.2270
13he13he- -5.88609444243 0.918112091385 4.3166
13he13he-13he -5.4994206778 0.623140690359 3.7955
13he13he-13he-13he -5.30839676311 0.439191735476 3.4884
13he13he-13he-13he- -5.36254741699 0.500417349158 3.5435
13he13he-13he13he- -5.26649123197 0.425586043547 3.4570
13he13he-4he13he -5.63139588951 0.0478920355909 3.5531
13he13he13he -5.39765010217 0.485723201874 3.5725
13he13he13he-13he -5.23383757134 0.420415880614 3.4547
13he13he13he-13he- -5.32036977201 0.386673764629 3.4729
13he13he13he13he -5.3851328656 0.520553773213 3.5785
13he13he13he13he- -5.29288627432 0.406538074846 3.4785
13hf13hf -5.56772125129 1.52574229295 4.5822
13hf13hf- -5.6926215032 1.41635252983 4.6679
13hf13hf-13hf -5.19165992636 1.19158649916 4.0636
13hf13hf-13hf-13hf -4.92634893374 0.766816797132 3.5468
13hf13hf-13hf-13hf- -5.2180549687 0.495791413902 3.5811
13hf13hf-13hf13hf- -5.04036463211 0.833212573747 3.6699
13hf13hf-4hf13hf -5.21342903345 0.535520034335 3.5834
13hf13hf13hf -5.13696504481 1.09825145253 3.9350
13hf13hf13hf-13hf -5.0466232504 0.814980946562 3.6368
13hf13hf13hf-13hf- -5.27519887481 0.403272708783 3.4858
13hf13hf13hf13hf -4.91247112797 0.644637683608 3.3717
13hf13hf13hf13hf- -5.14594480148 0.581779386895 3.5225
13hh -6.09779900885 3.08522670188 5.8550
13hh13hh -5.30649196624 1.89608922726 4.6546
13hh13hh- -5.3682618076 1.9619407762 4.7927
13hh13hh-13hh -4.91219901413 1.65581270779 4.1866
13hh13hh-13hh-13hh -4.57015191903 1.46941472836 3.7557
13hh13hh-13hh-13hh- -4.60851997027 1.3850594384 3.7260
13hh13hh-13hh13hh- -4.61314590553 1.48274830645 3.8011
13hh13hh-4hh13hh -4.94621324396 0.922465912803 3.6113
13hh13hh13hh -4.90539616817 1.5113202595 4.0626
13hh13hh13hh-13hh -4.65151395677 1.42043423741 3.7915
13hh13hh13hh-13hh- -4.59545850602 1.35458268848 3.7059
13hh13hh13hh13hh -4.69151469104 1.30941179127 3.7294
13hh13hh13hh13hh- -4.60879208411 1.38614789375 3.7270
13hi13hi -5.59983068424 1.98942427389 4.9456
13hi13hi- -5.51574750812 1.79486287931 4.7645
13hi13hi-13hi -5.0346502415 1.42750919722 4.0982
13hi13hi-13hi-13hi -4.96580544034 1.31485406804 3.9395
13hi13hi-13hi-13hi- -5.14322366309 1.3611134206 4.0937
13hi13hi-13hi13hi- -4.76607388281 1.23321991647 3.7452
13hi13hi-4hi13hi -5.24771537711 0.719468989219 3.7757
13hi13hi13hi -5.36091473396 1.67105108275 4.5075
13hi13hi13hi-13hi -4.85505510803 1.2490025191 3.8284
13hi13hi13hi-13hi- -5.02485414331 1.24274390082 3.9260
13hi13hi13hi13hi -5.26186529672 1.51866733314 4.2975
13hi13hi13hi13hi- -5.05805203162 1.37444699869 4.0615
13hl13hl -5.49969279164 1.52030001617 4.5164
13hl13hl- -5.55030596562 1.78669946415 4.8118
13hl13hl-13hl -5.10267870114 1.40465163478 4.1415
13hl13hl-13hl-13hl -5.23166066063 1.40846122852 4.2224
13hl13hl-13hl-13hl- -5.5078562068 1.55050465226 4.5297
13hl13hl-13hl13hl- -4.80280925102 1.17716446572 3.7167
13hl13hl13hl -5.0762836588 1.08301307757 3.8743
13hl13hl13hl-13hl -4.77886323323 1.01498461792 3.5901
13hl13hl13hl-13hl- -5.01723495583 1.13716373145 3.8456
13hl13hl13hl13hl -4.86104161248 0.632392560871 3.3159
13hl13hl13hl13hl- -4.8259389273 0.870764283472 3.4777
13ia13ia -6.06868282812 1.73826320088 5.1517
13ia13ia- -5.99194672564 1.70424897106 5.0636
13ia13ia-13ia-13ia -5.39656164682 0.983147298807 4.0144
13ia13ia-13ia-13ia- -5.52826474469 1.06233242584 4.1806
13ia13ia-13ia13ia- -5.33669660233 0.989133803256 3.9793
13ia13ia-4ia13ia -5.69942434916 0.459872387209 3.9410
13ia13ia13ia-13ia -5.37969058882 0.951582093531 3.9839
13ia13ia13ia-13ia- -5.45697091898 0.954031118079 4.0464
13ia13ia13ia13ia -5.63030743416 1.13253779619 4.3156
13ia13ia13ia13ia- -5.48608709971 1.01852209782 4.1132
13id13id -7.24747997687 0.2884406689 4.8601
13id13id- -7.00284963598 -0.0427218726578 4.4266
13id13id-13id -6.68801392474 -0.417150514551 3.8646
13id13id-13id-13id -6.63522384005 -0.619875324296 3.6815
13id13id-13id-13id- -6.72393295143 -0.748857283786 3.6530
13id13id-13id13id- -6.53073212604 -0.637290609966 3.5777
13id13id-4id13id -6.95142012049 -0.996480876898 3.7431
13id13id13id -7.16693428065 -0.11156667382 4.4995
13id13id13id-13id -6.69590522606 -0.677291344238 3.6801
13id13id13id-13id- -6.82488718555 -0.677835571915 3.7915
13id13id13id13id -7.18162842793 -0.336332704491 4.3285
13id13id13id13id- -6.9380865424 -0.548309384749 3.9911
13ie13ie -6.38950504381 1.07566600393 4.8337
13ie13ie- -6.13698340161 0.746680373077 4.3764
13ie13ie-13ie -5.73343857898 0.406265961007 3.7600
13ie13ie-13ie-13ie -5.70132914603 0.324087581755 3.6991
13ie13ie-13ie-13ie- -5.88473387324 0.365993112897 3.8786
13ie13ie-13ie13ie- -5.58023848786 0.290617579609 3.5740
13ie13ie-4ie13ie -5.97534778149 -0.123539682718 3.6854
13ie13ie13ie -6.20310706438 0.788858018058 4.4809
13ie13ie13ie-13ie -5.67901581127 0.266127334136 3.6349
13ie13ie13ie-13ie- -5.81752175511 0.284086847483 3.7681
13ie13ie13ie13ie -6.13453437706 0.63837906532 4.3040
13ie13ie13ie13ie- -5.89534631294 0.425313929708 3.9566
13if13if -6.00555241757 1.753229462 5.0787
13if13if- -5.92174135528 1.59458709411 4.8999
13if13if-13if -5.33343123626 1.15267422025 4.1183
13if13if-13if-13if -4.9380498288 1.06886315796 3.7638
13if13if-13if-13if- -5.15002650906 1.07512177625 3.9378
13if13if-13if13if- -4.91083844494 1.00328372286 3.6943
13if13if-4if13if -5.49452262871 0.451708972051 3.7319
13if13if13if -5.82813419481 1.37199797415 4.6342
13if13if13if-13if -5.25996049985 0.823416475558 3.7999
13if13if13if-13if- -5.25996049985 0.883825747724 3.8584
13if13if13if13if -5.76445955658 1.18151828714 4.4250
13if13if13if13if- -5.61833442526 0.887363227625 4.0976
13ih13ih -5.59983068424 1.98942427389 4.9456
13ih13ih- -5.51574750812 1.79486287931 4.7646
13ih13ih-13ih -5.0346502415 1.42750919722 4.0982
13ih13ih-13ih-13ih -4.96580544034 1.31485406804 3.9395
13ih13ih-13ih-13ih- -5.05777991778 1.37417488485 4.0612
13ih13ih-13ih13ih- -4.76607388281 1.23321991647 3.7451
13ih13ih-4ih13ih -5.22567415618 0.831307776877 3.7614
13ih13ih13ih -5.36091473396 1.67105108275 4.5075
13ih13ih13ih-13ih -4.93532869041 1.22478438747 3.8461
13ih13ih13ih-13ih- -5.02485414331 1.24274390082 3.9260
13ih13ih13ih13ih -5.26213741056 1.51866733314 4.2976
13ih13ih13ih13ih- -5.14322366309 1.3611134206 4.0937
13ii -6.75468181519 2.95134669329 6.7753
13ii13ii -6.10432974098 2.01119338098 5.3791
13ii13ii- -5.99684477473 1.95241679185 5.2487
13ii13ii-13ii -5.62813052345 1.53907587104 4.6260
13ii13ii-13ii-13ii -5.55874149461 1.39186228436 4.4471
13ii13ii-13ii-13ii- -5.53261856611 1.27485333377 4.3399
13ii13ii-13ii13ii- -5.4267662829 1.30777910824 4.2879
13ii13ii-4ii13ii -5.79820167257 0.706135411128 4.2154
13ii13ii13ii -5.75711248294 1.50805489344 4.7026
13ii13ii13ii-13ii -5.46431799262 1.2764860168 4.2909
13ii13ii13ii-13ii- -5.52717628934 1.26886682932 4.3327
13ii13ii13ii13ii -5.70132914603 1.40247472407 4.5650
13ii13ii13ii13ii- -5.73343857898 1.5352662773 4.6840
13il13il -6.0071851006 1.69363653135 5.0589
13il13il- -5.73588760353 1.62370327484 4.8131
13il13il-13il -5.32363513808 1.14777617115 4.0908
13il13il-13il-13il -5.03982040443 0.95947339485 3.7304
13il13il-13il-13il- -5.20444927678 0.952398435047 3.8368
13il13il-13il13il- -5.02485414331 0.942874450697 3.7027
13il13il13il -5.70949256119 1.30696276672 4.5185
13il13il13il-13il -5.15465244431 0.862600868314 3.7379
13il13il13il-13il- -5.11710073459 0.889540138334 3.7345
13il13il13il13il -5.5720750727 1.12546283639 4.2572
13il13il13il13il- -5.34186676526 1.04192388794 4.0124
13la13la -5.7116694719 1.57826026379 4.7580
13la13la- -5.62676995426 1.62615229938 4.7616
13la13la-13la -5.08499130164 1.19621243442 3.9980
13la13la-13la-13la -4.81968030902 0.894982415106 3.5424
13la13la-13la-13la- -4.80280925102 0.783415741286 3.4830
13la13la13la -5.19982334152 0.956752256465 3.8665
13la13la13la-13la -4.97070348943 0.923282254319 3.6759
13la13la13la-13la- -5.03356178614 0.80953866979 3.6330
13la13la13la13la -4.92389990919 0.619603210458 3.3908
13la13la13la13la- -4.8689329138 0.790218587251 3.4832
13ld13ld- -6.70461286889 0.175513425887 4.3698
13ld13ld-13ld -6.45971041417 -0.415245717681 3.6927
13ld13ld-13ld-13ld -6.23902609107 -0.468035802366 3.4665
13ld13ld-13ld-13ld- -6.38515122239 -0.592936054277 3.4902
13ld13ld-13ld13ld- -6.20120226751 -0.52871718837 3.3776
13ld13ld13ld -6.26079519816 -0.183404727206 3.7218
13ld13ld13ld-13ld -6.3957636621 -0.325992378625 3.6994
13ld13ld13ld13ld -6.38542333623 -0.593208168115 3.4902
13ld13ld13ld13ld- -6.28147584989 -0.46340986711 3.5011
13le13le -6.09426152895 0.851444200932 4.4282
13le13le- -5.94623160076 0.930085100283 4.3743
13le13le-13le -5.68119272198 0.523274911599 3.8399
13le13le-13le-13le -5.52608783398 0.32109432953 3.5530
13le13le-13le-13le- -5.74241833566 0.437559052445 3.8130
13le13le-13le13le- -5.4564266913 0.340142298231 3.5321
13le13le13le -5.68146483581 0.523274911599 3.8402
13le13le13le-13le -5.60636141636 0.391843927562 3.6865
13le13le13le-13le- -5.74513947404 0.409259213232 3.8017
13le13le13le13le -6.01997445101 0.326264492463 3.9249
13le13le13le13le- -5.5805106017 0.29605985638 3.5673
13lf13lf- -5.67112450995 1.62751286858 4.8108
13lf13lf-13lf -5.09696431053 1.32709919078 4.0953
13lf13lf-13lf-13lf -4.9274373891 0.953486890402 3.6466
13lf13lf-13lf-13lf- -5.32499570727 0.938248515441 3.9605
13lf13lf-13lf13lf- -4.93560080425 0.959745508689 3.6832
13lh13lh- -5.55030596562 1.78669946415 4.8118
13lh13lh-13lh -5.14975439522 1.34968463938 4.1354
13lh13lh-13lh-13lh -4.85206185581 1.08709478515 3.6798
13lh13lh-13lh-13lh- -4.82621104114 0.87103639731 3.4779
13lh13lh-13lh13lh- -4.85070128661 1.20845755716 3.7806
13li13li -5.73615971737 1.623431161 4.8131
13li13li- -5.73588760353 1.62370327484 4.8131
13li13li-13li -5.27574310248 1.18070194562 4.0859
13li13li-13li-13li -5.20118391071 1.0084538858 3.8827
13li13li-13li-13li- -5.34186676526 1.04219600178 4.0127
13li13li-13li13li- -5.02485414331 0.942874450697 3.7026
13li13li13li -5.40091546823 1.14260600822 4.1534
13li13li13li-13li -5.02539837099 0.942602336858 3.7028
13li13li13li-13li- -5.11710073459 0.889268024495 3.7342
13li13li13li13li -5.25451822307 0.865866234377 3.8180
13li13li13li13li- -5.20417716294 0.952126321209 3.8366
13ll -6.40120593887 2.85284148372 6.2524
13ll13ll -6.03847819204 1.71350084157 5.0629
13ll13ll- -5.39057514237 1.85799328986 4.7436
13ll13ll-13ll -5.26703545965 1.22968243657 4.1254
13ll13ll-13ll-13ll -5.10295081498 0.89035647985 3.7126
13ll13ll-13ll-13ll- -5.25968838601 1.11974844578 4.0056
13ll13ll-13ll13ll- -4.92226722616 1.02233169156 3.6911
13ll13ll13ll -5.64037564619 1.07131218251 4.2538
13ll13ll13ll-13ll -5.0191397527 0.987501120225 3.7309
13ll13ll13ll-13ll- -5.15900626573 0.994848193866 3.8459
13ll13ll13ll13ll -5.86514167686 1.37716813708 4.6663
13ll13ll13ll13ll- -5.20281659374 0.931989897153 3.8116
3 -9.36615832409 2.91406709741 6.7992
4dd -9.12560969078 -1.33118089836 5.0973
4dd4dd -9.22221010348 -1.86642881885 4.7962
4dd4dd4dd -9.18656319063 -2.17827127787 4.5636
4dd4dd4dd4dd -9.1729574987 -2.36385291579 4.4527
4dh -7.35986299221 0.421776449807 4.9946
4dh4dh -7.3647610413 -0.0639467520675 4.6464
4dh4dh- -7.29836526469 -0.0936071604732 4.5705
4dh4dh-4dh -7.26680005941 -0.334427907621 4.4956
4dh4dh-4dh-4dh -7.26054144112 -0.445450353764 4.4692
4dh4dh-4dh-4dh- -7.16693428065 -0.436742710929 4.4561
4dh4dh-4dh4dh -7.13890655528 -0.478104014394 4.4591
4dh4dh-4dh4dh- -7.22734355282 -0.483546291165 4.4462
4dh4dh4dh -7.30135851691 -0.214969932482 4.6488
4dh4dh4dh-4dh -7.22734355282 -0.49606352774 4.4238
4dh4dh4dh-4dh- -7.25210591213 -0.503682715221 4.3792
4dh4dh4dh4dh -7.21237729169 -0.496607755417 4.3921
4dh4dh4dh4dh- -7.17890728955 -0.459872387209 4.4388
4hd -7.36040721988 0.421504335968 4.9947
4hd4hd -7.36448892746 -0.064218865906 4.6457
4hd4hd- -7.29890949236 -0.094423501989 4.5696
4hd4hd-4hd -7.26598371789 -0.334155793782 4.4948
4hd4hd-4hd-4hd -7.17700249268 -0.531166212918 4.4038
4hd4hd-4hd-4hd- -7.27850095447 -0.490893364807 4.4749
4hd4hd-4hd4hd -7.2695211978 -0.492798161677 4.4270
4hd4hd-4hd4hd- -7.22679932514 -0.483546291165 4.4455
4hd4hd4hd -7.30353542762 -0.22694294138 4.6415
4hd4hd4hd-4hd -7.22108493453 -0.499328893803 4.4103
4hd4hd4hd-4hd- -7.25292225364 -0.505043284414 4.3788
4hd4hd4hd4hd -7.21210517785 -0.496607755417 4.3919
4hd4hd4hd4hd- -7.16639005297 -0.437014824767 4.4559
4hh -6.02405615859 1.56955262096 4.5804
4hh4hh -5.91956444458 1.06342088119 4.2517
4hh4hh4hh -5.84772639119 0.79810988857 4.0332
4hh4hh4hh4hh -5.80636508772 0.649807846541 3.9289
6aa -8.5770281922 0.730081428923 5.1532
6aa6aa -7.76612895321 -0.175513425887 4.6604
6aa6aa- -7.7843605804 -0.17306440134 4.9171
6aa6aa-4aa6aa -7.13672964457 -0.621508007328 4.2167
6aa6aa-6aa -7.4219049474 -0.64218865906 4.3922
6aa6aa-6aa-6aa -7.21645899927 -0.899336236523 4.0543
6aa6aa-6aa-6aa- -7.20639078724 -0.899064122685 4.0476
6aa6aa-6aa6aa- -7.23224160191 -0.893349732074 4.0707
6aa6aa6aa -7.39170031132 -0.648719391186 4.3686
6aa6aa6aa-6aa -7.21999647917 -0.895254528944 4.0598
6aa6aa6aa-6aa- -7.20883981179 -0.897431439653 4.0508
6aa6aa6aa6aa -7.19332932299 -0.8998804642 4.0359
6aa6aa6aa6aa- -7.2025811935 -0.901241033393 4.0411
6ad6ad -8.64913835942 -1.36356244515 4.4113
6ad6ad- -8.70029576108 -1.36846049424 4.6009
6ad6ad-4ad6ad -8.33511898969 -1.75948808029 4.2688
6ad6ad-6ad -8.46818265676 -1.88411621836 4.2691
6ad6ad-6ad-6ad -8.32069695625 -2.17391745645 3.9486
6ad6ad-6ad-6ad- -8.299199963 -2.17555013949 3.9367
6ad6ad-6ad6ad- -8.34409874637 -2.17446168413 3.9669
6ad6ad6ad -8.4113108645 -1.8759528032 4.1203
6ad6ad6ad-6ad -8.3302209406 -2.17201265958 3.9553
6ad6ad6ad-6ad- -8.30954028887 -2.17337322878 3.9438
6ad6ad6ad6ad -8.28749906794 -2.17037997655 3.9307
6ad6ad6ad6ad- -8.30872394735 -2.17037997655 3.9415
6ae6ae -7.65075268565 -0.564364101225 4.4609
6ae6ae- -7.69401878599 -0.550758409296 4.6830
6ae6ae-4ae6ae -7.27496347457 -0.785592651995 4.2251
6ae6ae-6ae -7.4387760054 -0.97688868052 4.1774
6ae6ae-6ae-6ae -7.25537127819 -1.21253926473 3.8784
6ae6ae-6ae-6ae- -7.237139651 -1.21526040312 3.8696
6ae6ae-6ae6ae- -7.28312688973 -1.20791332948 3.8994
6ae6ae6ae -7.38462535152 -0.993215510835 4.1391
6ae6ae6ae-6ae -7.2646231487 -1.2158046308 3.8811
6ae6ae6ae-6ae- -7.24149347242 -1.21716519999 3.8712
6ae6ae6ae6ae -7.22407818675 -1.22614495666 3.8549
6ae6ae6ae6ae- -7.24067713091 -1.22260747676 3.8635
6af6af -7.55088690689 -0.116736836753 4.6292
6af6af- -7.57047910327 -0.156465457186 4.6628
6af6af-4af6af -6.89808580813 -0.651984757249 3.9903
6af6af-6af -7.27795672679 -0.590214915891 4.2308
6af6af-6af-6af -6.97808727667 -0.859335502251 3.8861
6af6af-6af-6af- -6.95196434817 -0.91920054674 3.8547
6af6af-6af6af- -7.16176411772 -0.828314524652 3.9889
6af6af6af -7.37945518858 -0.539601741914 4.2664
6af6af6af-6af -7.23060891888 -0.864505665184 4.0040
6af6af6af-6af- -7.20149273815 -0.916751522193 3.9681
6af6af6af6af -7.2885691665 -0.771714846227 4.0627
6af6af6af6af- -7.31605266419 -0.844641354968 4.0446
6ah6ah -6.91359629693 0.26721578949 4.4616
6ah6ah- -6.88284743317 0.245990910081 4.4206
6ah6ah-4ah6ah -6.48284009045 -0.104491714017 3.9971
6ah6ah-6ah -6.70488498273 -0.128165617973 4.0792
6ah6ah-6ah-6ah -6.61100570842 -0.310209775987 3.9171
6ah6ah-6ah-6ah- -6.62896522177 -0.29605985638 3.9407
6ah6ah-6ah6ah- -6.59930481336 -0.330890427719 3.8896
6ah6ah6ah -6.72855888669 -0.0870764283472 4.1253
6ah6ah6ah-6ah -6.59549521962 -0.312386686695 3.8998
6ah6ah6ah-6ah- -6.61699221287 -0.303134816184 3.9168
6ah6ah6ah6ah -6.61209416377 -0.285175302837 3.9280
6ah6ah6ah6ah- -6.59086928437 -0.302046360829 3.9015
6ai6ai -7.70381488418 0.17687399508 4.8679
6ai6ai- -7.72449553591 0.170887490631 4.9895
6ai6ai-4ai6ai -7.18108420026 -0.196466191458 4.5677
6ai6ai-6ai -7.45020478662 -0.212793021773 4.7020
6ai6ai-6ai-6ai -7.28748071114 -0.402728481106 4.4588
6ai6ai-6ai-6ai- -7.28285477589 -0.392932382917 4.4498
6ai6ai-6ai6ai- -7.30734502136 -0.414157262326 4.4758
6ai6ai6ai -7.41401364608 -0.187214320946 4.5990
6ai6ai6ai-6ai -7.28067786518 -0.410891896263 4.4450
6ai6ai6ai-6ai- -7.28612014195 -0.402456367267 4.4551
6ai6ai6ai6ai -7.2526501398 -0.387217992306 4.4007
6ai6ai6ai6ai- -7.25047322909 -0.403272708783 4.3990
6al6al -7.07251077866 -0.0726543949022 4.4788
6al6al- -7.2074792426 -0.0304767499215 4.5637
6al6al6al -6.73100791124 -0.496335641579 3.9784
6al6al6al6al -6.52365716623 -0.724094924474 3.6901
6al6al6al6al- -6.56365790051 -0.685998987073 3.7174
6da6da -8.58110989978 -1.23730162405 4.5698
6da6da- -8.6793429955 -1.29879935157 4.7962
6da6da-4da6da -8.38818118822 -1.59023327269 4.4436
6da6da-6da -8.46410094918 -1.79840035921 4.3183
6da6da-6da-6da -8.31416622412 -2.07514013305 4.0104
6da6da-6da-6da- -8.25430117963 -2.04820086303 3.9940
6da6da-6da6da- -8.35688809678 -2.07241899466 4.0454
6da6da6da -8.33321419282 -1.75295734816 4.2647
6da6da6da-6da -8.3182479317 -2.0691536286 4.0188
6da6da6da-6da- -8.2836894742 -2.05881330273 4.0074
6da6da6da6da -8.20287166414 -2.03160191887 3.9673
6da6da6da6da- -8.26382516399 -2.06017387193 3.9845
6dd -9.49867776348 -1.692548076 4.6568
6dd6dd -9.28098669262 -2.39160852732 4.3071
6dd6dd6dd -9.14765091171 -2.88876051042 3.9866
6dd6dd6dd6dd -9.42248588868 -2.76304391699 4.3942
6de6de -8.48314891788 -1.44818984895 4.5814
6de6de6de -8.44342029745 -1.6424791297 4.5056
6de6de6de6de -8.42246753188 -1.75758328342 4.4481
6df6df -8.38137834225 -0.850627859416 4.7298
6df6df- -8.49294501607 -1.0881832405 4.6590
6df6df-4df6df -8.07797141223 -1.41716887135 4.3254
6df6df-6df -8.3408333803 -1.35730382686 4.4781
6df6df-6df-6df -8.16151036068 -1.60737644452 4.2303
6df6df-6df-6df- -8.12831247237 -1.61526774584 4.2580
6df6df-6df6df- -8.37756874851 -1.60383896462 4.3355
6df6df6df -8.38083411458 -1.22668918434 4.5500
6df6df6df-6df -8.3732149271 -1.66071075688 4.2797
6df6df6df-6df- -8.33947281111 -1.71812677683 4.2477
6df6df6df6df -8.37484761013 -1.416080416 4.4802
6df6df6df6df- -8.41512045824 -1.67594913184 4.3253
6dh6dh -7.75007423674 -0.293882945672 4.6184
6dh6dh- -7.66599106061 -0.539873855752 4.3823
6dh6dh-4dh6dh -7.53292739355 -0.812259808176 4.2189
6dh6dh-6dh -7.68313423244 -0.812259808176 4.2849
6dh6dh-6dh-6dh -7.62599032634 -1.01253559337 4.1449
6dh6dh-6dh-6dh- -7.61320097593 -0.923282254319 4.1928
6dh6dh-6dh6dh- -7.69918894892 -0.986956892547 4.2104
6dh6dh6dh -7.63088837544 -0.816069401916 4.2350
6dh6dh6dh-6dh -7.69456301367 -0.983691526484 4.2108
6dh6dh6dh-6dh- -7.63252105847 -0.955391687272 4.1100
6dh6dh6dh6dh -7.62381341563 -0.989405917095 4.1368
6dh6dh6dh6dh- -7.62626244018 -1.01389616257 4.1448
6di6di -8.65376429468 -0.771442732388 4.8694
6di6di- -8.65430852235 -0.771442732388 4.8681
6di6di-4di6di -8.44205972826 -1.03702583885 4.8115
6di6di-6di -8.60587225909 -1.00246738135 4.8505
6di6di-6di-6di -8.55934079269 -1.17199430279 4.8336
6di6di-6di-6di- -8.55498697127 -1.22342381828 4.8180
6di6di-6di6di- -8.59308290867 -1.15240210641 4.8473
6di6di6di-6di -8.55008892218 -1.17580389653 4.8243
6di6di6di-6di- -8.51335355397 -1.22233536292 4.7674
6di6di6di6di -8.55498697127 -1.22315170444 4.8182
6di6di6di6di- -8.55961290653 -1.17172218895 4.8337
6dl6dl -7.80232009375 -1.03212778975 4.3173
6dl6dl- -8.06518206182 -0.636746382289 4.6679
6dl6dl6dl -7.57401658317 -1.48492521716 3.8975
6dl6dl6dl6dl -7.42979624872 -1.72384116744 3.6511
6dl6dl6dl6dl- -7.88477058684 -1.05117575845 4.3780
6ea6ea -7.51986592929 -0.445722467602 4.2549
6ea6ea- -7.67088910971 -0.48082515278 4.6495
6ea6ea-4ea6ea -7.29972583388 -0.629127194808 4.3465
6ea6ea-6ea -7.40829925547 -0.885186316917 4.2003
6ea6ea-6ea-6ea -7.37510136717 -0.790762814928 4.2751
6ea6ea-6ea-6ea- -7.41265307689 -0.733074681148 4.3672
6ea6ea-6ea6ea- -7.2575481889 -1.10097259091 3.9402
6ea6ea6ea -7.52911779981 -0.445722467602 4.6273
6ea6ea6ea-6ea -7.22217338988 -1.10995234759 3.9094
6ea6ea6ea-6ea- -7.18761493238 -1.12301381184 3.8831
6ea6ea6ea6ea -7.115776879 -1.12029267345 3.8304
6ea6ea6ea6ea- -7.16747850833 -1.12192535649 3.8582
6ed6ed -8.44831834655 -1.45662537795 4.5622
6ed6ed6ed -8.37648029316 -1.67377222114 4.4728
6ed6ed6ed6ed -8.02735823825 -2.31868201858 3.5597
6ee -7.7843605804 -0.513750927248 4.7026
6ee6ee -7.591159755 -0.721645899927 4.5945
6ee6ee6ee -7.47959308118 -0.846818265676 4.4643
6ee6ee6ee6ee -7.41510210144 -0.927363961897 4.3742
6ef6ef -7.41537421528 -0.0634025243903 4.6184
6ef6ef- -7.4719738937 -0.3229991264 4.4853
6ef6ef-4ef6ef -7.00230540831 -0.532526782111 4.2127
6ef6ef-6ef -7.314692095 -0.496879869256 4.3493
6ef6ef-6ef-6ef -7.12257972496 -0.6615087416 4.1726
6ef6ef-6ef-6ef- -7.05863297289 -0.711033460222 4.1509
6ef6ef-6ef6ef- -7.27278656386 -0.668583701403 4.2073
6ef6ef6ef -7.36203990291 -0.37878246331 4.4161
6ef6ef6ef-6ef -7.31986225793 -0.756476471266 4.1707
6ef6ef6ef-6ef- -7.26598371789 -0.817974198786 4.1387
6ef6ef6ef6ef -7.34108713734 -0.546404587879 4.3220
6ef6ef6ef6ef- -7.3696590904 -0.753483219042 4.2075
6eh6eh -6.88230320549 0.157553912541 4.3549
6eh6eh- -6.74896742458 0.244902454726 4.3002
6eh6eh-4eh6eh -6.60746822852 -0.0149662611222 4.1718
6eh6eh-6eh -6.85182645557 -0.0375517097247 4.2515
6eh6eh-6eh-6eh -6.78162108521 -0.124356024233 4.1456
6eh6eh-6eh-6eh- -6.80665555836 -0.0424497588192 4.2434
6eh6eh-6eh6eh- -6.78026051602 -0.14231553758 4.1576
6eh6eh6eh -6.81699588423 -0.0704774841935 4.2084
6eh6eh6eh-6eh -6.80910458291 -0.124083910395 4.1592
6eh6eh6eh-6eh- -6.79604311866 -0.0985052095677 4.1599
6eh6eh6eh6eh -6.78134897137 -0.204357492777 4.1138
6eh6eh6eh6eh- -6.82026125029 -0.0380959374019 4.1989
6ei6ei -7.68177366325 0.0157826026379 4.8720
6ei6ei- -7.68177366325 0.0157826026379 4.8720
6ei6ei-4ei6ei -7.4387760054 -0.108301307757 4.8155
6ei6ei-6ei -7.60503756077 -0.0794572408668 4.8519
6ei6ei-6ei-6ei -7.56258780195 -0.154560660316 4.8463
6ei6ei-6ei-6ei- -7.51714479091 -0.280549367581 4.7593
6ei6ei-6ei6ei- -7.51714479091 -0.280549367581 4.7594
6ei6ei6ei -7.58081942914 -0.145853017482 4.8369
6ei6ei6ei-6ei -7.56258780195 -0.154560660316 4.8464
6ei6ei6ei-6ei- -7.53156682435 -0.220684323092 4.7983
6ei6ei6ei6ei -7.51714479091 -0.28082148142 4.7592
6ei6ei6ei6ei- -7.54517251628 -0.230480421281 4.8185
6el6el -6.86434369214 -0.307488637601 4.1229
6el6el- -7.18951972925 0.14231553758 4.6371
6el6el6el -6.60637977316 -0.712121915577 3.7426
6el6el6el6el -6.44719317759 -0.925459165027 3.5104
6el6el6el6el- -6.87713304256 -0.202180582069 4.2768
6fa6fa -7.19795525825 -0.357013356223 4.2261
6fa6fa- -7.28884128034 -0.0990494372449 4.5658
6fa6fa-4fa6fa -7.05101378541 -0.483274177327 4.1633
6fa6fa-6fa -7.23224160191 -0.639195406836 4.1631
6fa6fa-6fa-6fa -7.10407598394 -0.7306256566 4.0211
6fa6fa-6fa-6fa- -6.72502140679 -0.766544683294 3.7324
6fa6fa-6fa6fa- -6.96230467403 -0.771714846227 3.8781
6fa6fa6fa -6.92203182592 -0.892805504397 3.7080
6fa6fa6fa-6fa -6.94298459149 -0.915663066838 3.7164
6fa6fa6fa-6fa- -6.68148319261 -0.773347529258 3.6445
6fa6fa6fa6fa -6.76719905177 -1.19240284068 3.4204
6fa6fa6fa6fa- -6.69345620151 -0.975255997488 3.4875
6fd6fd -7.98382002408 -1.41989000974 4.0423
6fd6fd- -8.23525321093 -0.835933712133 4.7122
6fd6fd-4fd6fd -8.24749833367 -1.30859544975 4.4506
6fd6fd-6fd -8.28695484026 -1.44655716592 4.3629
6fd6fd-6fd-6fd -8.26899532692 -1.56057286428 4.2740
6fd6fd-6fd-6fd- -8.13511531833 -1.37254220182 4.2976
6fd6fd-6fd6fd- -8.12831247237 -1.60030148472 4.1603
6fd6fd6fd -7.8140209888 -2.02779232513 3.5763
6fd6fd6fd-6fd -8.12695190318 -1.86261922511 3.8773
6fd6fd6fd-6fd- -7.96341148619 -1.70860279247 3.8602
6fd6fd6fd6fd -7.71225041317 -2.37854706307 3.3303
6fd6fd6fd6fd- -7.81647001335 -2.09282753256 3.5163
6fe6fe -7.02189760468 -0.673209636659 3.9187
6fe6fe- -7.29401144327 -0.0454430110437 4.6216
6fe6fe-4fe6fe -7.18924761541 -0.437831166283 4.3114
6fe6fe-6fe -7.27714038528 -0.579330362347 4.2842
6fe6fe-6fe-6fe -7.22516664211 -0.690080694651 4.1509
6fe6fe-6fe-6fe- -7.07414346169 -0.475927103685 4.1702
6fe6fe-6fe6fe- -7.10434809777 -0.68273362101 4.0943
6fe6fe6fe -6.79441043563 -1.20247105271 3.4623
6fe6fe6fe-6fe -7.04611573632 -0.955119573433 3.7493
6fe6fe6fe-6fe- -6.89971849116 -0.79810988857 3.7520
6fe6fe6fe6fe -6.65726506098 -1.49880302293 3.2236
6fe6fe6fe6fe- -6.753321246 -1.20464796342 3.4083
6ff -7.2885691665 0.635657926934 4.8651
6ff6ff -6.91169150006 -0.472389623783 3.8976
6ff6ff- -6.99849581457 -0.157553912541 4.2407
6ff6ff-4ff6ff -6.77862783299 -0.560010279808 3.8600
6ff6ff-6ff -6.65236701189 -0.877567129436 3.5218
6ff6ff-6ff-6ff -6.79304986643 -0.804368506857 3.7082
6ff6ff-6ff-6ff- -6.6376728646 -0.631576219356 3.6935
6ff6ff-6ff6ff- -6.42787309505 -1.02559705763 3.2409
6ff6ff6ff -6.74053189559 -1.01716152863 3.4504
6ff6ff6ff-6ff -6.761756775 -1.00546063357 3.4578
6ff6ff6ff-6ff- -6.62488351419 -0.843825013452 3.4681
6ff6ff6ff6ff -6.64365936905 -1.33036455684 3.2056
6ff6ff6ff6ff- -6.59331830891 -1.10668698152 3.2731
6fh6fh -6.32746308861 -0.171703832147 3.6991
6fh6fh- -6.4888265949 0.260685057364 4.1210
6fh6fh-4fh6fh -6.39140984068 -0.0963282988591 3.8803
6fh6fh-6fh -6.44365569769 -0.2884406689 3.8288
6fh6fh-6fh-6fh -6.42896155041 -0.36735368209 3.7399
6fh6fh-6fh-6fh- -6.29508154182 -0.0919744774417 3.7692
6fh6fh-6fh6fh- -6.24664527856 -0.365176771381 3.5986
6fh6fh6fh -6.09752689501 -0.681645165655 3.2706
6fh6fh6fh-6fh -6.22215503308 -0.564091987387 3.3556
6fh6fh6fh-6fh- -6.06106364064 -0.344768233487 3.3801
6fh6fh6fh6fh -5.95575558511 -0.977977135874 3.0386
6fh6fh6fh6fh- -5.93834029944 -0.71538728164 3.1204
6fi6fi -7.01237362033 -0.216058387836 4.1812
6fi6fi- -7.2850316866 0.332795224589 4.8300
6fi6fi-4fi6fi -7.18081208642 0.129254073328 4.6418
6fi6fi-6fi -7.32856990077 -0.123267568879 4.5851
6fi6fi-6fi-6fi -7.22135704837 -0.186670093269 4.4669
6fi6fi-6fi-6fi- -7.06053776976 0.0508852878154 4.4955
6fi6fi-6fi6fi- -7.14271614902 -0.161091392442 4.4539
6fi6fi6fi -6.73155213891 -0.739605413274 3.7001
6fi6fi6fi-6fi -6.96230467403 -0.488172226421 3.9836
6fi6fi6fi-6fi- -6.79060084189 -0.31918953266 3.9792
6fi6fi6fi6fi -6.59549521962 -1.01688941479 3.4518
6fi6fi6fi6fi- -6.60719611468 -0.758381268136 3.5939
6fl6fl -6.44800951911 -0.33660481833 3.7120
6fl6fl- -6.80665555836 0.298508880928 4.4240
6fl6fl6fl -6.14215356454 -0.848995176385 3.2219
6fl6fl6fl6fl -5.95575558511 -1.14015698367 2.9488
6fl6fl6fl6fl- -6.0466416072 -0.858247046897 3.1230
6ha6ha -6.57263765718 0.19428928075 4.0987
6ha6ha- -6.79849214321 0.273202293939 4.3880
6ha6ha-4ha6ha -6.29970747708 -0.196738305297 3.7293
6ha6ha-6ha -6.58461066608 -0.101226347954 4.0113
6ha6ha-6ha-6ha -6.34351780509 -0.373340186538 3.6122
6ha6ha-6ha-6ha- -6.24337991249 -0.419327425259 3.5231
6ha6ha-6ha6ha- -6.46596903245 -0.301502133152 3.8028
6ha6ha6ha -6.32555829174 -0.22884773825 3.6793
6ha6ha6ha-6ha -6.38651179159 -0.343135550456 3.6759
6ha6ha6ha-6ha- -6.29970747708 -0.386673764629 3.6054
6ha6ha6ha6ha -6.19603210458 -0.454157996598 3.4547
6ha6ha6ha6ha- -6.27603357312 -0.411164010102 3.5213
6hd6hd -7.42054437821 -0.730081428923 4.0535
6hd6hd- -7.55959454973 -0.532254668272 4.3397
6hd6hd-4hd6hd -7.35006689402 -1.09389763111 3.8559
6hd6hd-6hd -7.4923824316 -0.901241033393 4.1413
6hd6hd-6hd-6hd -7.39496567738 -1.26478512174 3.7747
6hd6hd-6hd-6hd- -7.23822810636 -1.32192902785 3.6443
6hd6hd-6hd6hd- -7.4387760054 -1.09933990788 4.0438
6hd6hd6hd -7.30380754146 -1.20981812635 3.7202
6hd6hd6hd-6hd -7.44312982681 -1.28328886277 3.8763
6hd6hd6hd-6hd- -7.28312688973 -1.33607894745 3.7441
6hd6hd6hd6hd -7.23632330949 -1.47295220826 3.5598
6hd6hd6hd6hd- -7.38353689616 -1.42070635125 3.6557
6he6he -6.59059717053 -0.0438103280122 3.9861
6he6he- -6.77536246693 0.139594399194 4.3202
6he6he-4he6he -6.47005074003 -0.295515628703 3.8250
6he6he-6he -6.66352367927 -0.139594399194 4.1339
6he6he-6he-6he -6.51005147431 -0.452525313567 3.7216
6he6he-6he-6he- -6.33072845468 -0.467763688527 3.5997
6he6he-6he6he- -6.60338652094 -0.290617579609 4.0379
6he6he6he -6.41916545222 -0.441640760023 3.6557
6he6he6he-6he -6.57998473082 -0.454430110437 3.8063
6he6he6he-6he- -6.41018569554 -0.505859625929 3.7223
6he6he6he6he -6.32419772255 -0.656610692505 3.4905
6he6he6he6he- -6.48311220429 -0.592391826599 3.5954
6hf6hf -6.45862195881 0.060953499843 3.8881
6hf6hf- -6.58488277992 0.101226347954 4.0978
6hf6hf-4hf6hf -6.18269852649 -0.375517097247 3.5047
6hf6hf-6hf -6.44746529143 -0.234017901183 3.8553
6hf6hf-6hf-6hf -6.18786868942 -0.554295889197 3.4127
6hf6hf-6hf-6hf- -5.93507493338 -0.650079960379 3.2107
6hf6hf-6hf6hf- -6.34651105732 -0.384224740082 3.6353
6hf6hf6hf -6.34896008186 -0.350754737936 3.5478
6hf6hf6hf-6hf -6.33943609751 -0.479464583587 3.5064
6hf6hf6hf-6hf- -6.21371950409 -0.581507273056 3.3879
6hf6hf6hf6hf -6.2920882896 -0.583139956087 3.3644
6hf6hf6hf6hf- -6.27712202848 -0.517560520989 3.3924
6hh -6.34270146358 1.05879494593 4.4387
6hh6hh -6.01698119879 0.353475876322 3.7916
6hh6hh6hh -5.8428283421 -0.00680284596462 3.4632
6hh6hh6hh6hh -5.74731638475 -0.206806517325 3.2923
6hi6hi -6.54869163938 0.367081568251 4.2118
6hi6hi- -6.80202962311 0.623412804198 4.6330
6hi6hi-4hi6hi -6.35195333409 0.254426439077 4.0773
6hi6hi-6hi -6.70515709657 0.399191001204 4.4552
6hi6hi-6hi-6hi -6.4613430972 0.0835389484456 4.0054
6hi6hi-6hi-6hi- -6.33045634084 -0.0389122789176 3.8608
6hi6hi-6hi6hi- -6.65155067037 0.293338717995 4.3659
6hi6hi6hi -6.37943683178 0.0119730088977 3.9120
6hi6hi6hi-6hi -6.53835131352 0.0873485421858 4.0546
6hi6hi6hi-6hi- -6.40392707726 0.022313334764 3.9985
6hi6hi6hi6hi -6.28419698828 -0.180139361143 3.7537
6hi6hi6hi6hi- -6.37725992108 -0.0914302497645 3.8378
6hl6hl -6.07521356025 0.202452695907 3.7495
6hl6hl- -6.32583040558 0.48653954339 4.2083
6hl6hl6hl -5.82541305643 -0.177690336596 3.3825
6hl6hl6hl6hl -5.67602255904 -0.396469862818 3.1751
6hl6hl6hl6hl- -5.8343928131 -0.293882945672 3.2961
6ia6ia -7.69401878599 0.184765296399 4.9253
6ia6ia- -7.66844008516 0.159186595572 4.9587
6ia6ia-4ia6ia -7.168022736 -0.213065135612 4.5394
6ia6ia-6ia -7.3873464899 -0.211704566419 4.6443
6ia6ia-6ia-6ia -7.25564339203 -0.397830432011 4.4425
6ia6ia-6ia-6ia- -7.2695211978 -0.395925635141 4.4565
6ia6ia-6ia6ia- -7.2420377001 -0.408170757877 4.4224
6ia6ia6ia -7.42299340276 -0.17496919821 4.6950
6ia6ia6ia-6ia -7.24339826929 -0.401640025751 4.4254
6ia6ia6ia-6ia- -7.25618761971 -0.40000734272 4.4359
6ia6ia6ia6ia -7.27469136073 -0.376061324924 4.4744
6ia6ia6ia6ia- -7.25809241658 -0.384768967759 4.4528
6id6id -8.55634754046 -0.864233551346 4.7920
6id6id- -8.60015786848 -0.823416475558 4.8653
6id6id-4id6id -8.36042557668 -1.22859398121 4.7144
6id6id-6id -8.51471412316 -1.09362551727 4.7633
6id6id-6id-6id -8.40886183995 -1.39022960133 4.6049
6id6id-6id-6id- -8.37403126861 -1.40437952094 4.5575
6id6id-6id6id- -8.46301249383 -1.26723414629 4.7157
6id6id6id -8.44260395594 -1.21743731383 4.6580
6id6id6id-6id -8.44804623271 -1.36764415273 4.6669
6id6id6id-6id- -8.3802898869 -1.40601220397 4.5810
6id6id6id6id -8.37212647174 -1.44029854763 4.5471
6id6id6id6id- -8.4077733846 -1.42016212357 4.5989
6ie6ie -7.5721117863 -0.0908860220874 4.8502
6ie6ie- -7.6306162616 -0.0323815467916 4.9616
6ie6ie-4ie6ie -7.33754965744 -0.282454164451 4.6727
6ie6ie-6ie -7.54217926406 -0.164900986182 4.8564
6ie6ie-6ie-6ie -7.42517031347 -0.419055311421 4.6083
6ie6ie-6ie-6ie- -7.34163136502 -0.464770436303 4.5103
6ie6ie-6ie6ie- -7.48721226866 -0.25197741453 4.8130
6ie6ie6ie -7.42299340276 -0.37497286957 4.6121
6ie6ie6ie-6ie -7.47850462583 -0.407898644039 4.7014
6ie6ie6ie-6ie- -7.3718360011 -0.457967590338 4.5842
6ie6ie6ie6ie -7.3266651039 -0.54803727091 4.4525
6ie6ie6ie6ie- -7.4112925077 -0.510213447347 4.5351
6if6if -7.38653014839 0.132519439391 4.6793
6if6if- -7.48013730886 0.188574890139 4.8051
6if6if-4if6if -6.9761824798 -0.179867247305 4.3727
6if6if-6if -7.29373932943 -0.0555112230713 4.6188
6if6if-6if-6if -7.04094557338 -0.362455632995 4.2809
6if6if-6if-6if- -6.94679418523 -0.439191735476 4.1924
6if6if-6if6if- -7.25537127819 -0.194561394588 4.5168
6if6if6if -7.30244697226 -0.225582372187 4.4173
6if6if6if-6if -7.29537201246 -0.327897175495 4.4153
6if6if6if-6if- -7.19795525825 -0.447355150634 4.3076
6if6if6if6if -7.25972509961 -0.419327425259 4.2773
6if6if6if6if- -7.31387575349 -0.419599539098 4.3144
6ih6ih -6.80828824139 0.487900112583 4.5004
6ih6ih- -6.84447938193 0.620691665812 4.6325
6ih6ih-4ih6ih -6.55413391616 0.377149780279 4.3340
6ih6ih-6ih -6.77155287319 0.429395637287 4.4914
6ih6ih-6ih-6ih -6.68855815242 0.200275785198 4.2792
6ih6ih-6ih-6ih- -6.64882953198 0.151023180415 4.2155
6ih6ih-6ih6ih- -6.72910311437 0.333067338428 4.4201
6ih6ih6ih -6.69345620151 0.216330501675 4.2804
6ih6ih6ih-6ih -6.70488498273 0.203269037423 4.3209
6ih6ih6ih-6ih- -6.67304766362 0.163812530828 4.2649
6ih6ih6ih6ih -6.61916912358 0.0620419551974 4.1513
6ih6ih6ih6ih- -6.65508815027 0.100954234115 4.2008
6ii -7.94545197284 0.824777044751 5.0916
6ii6ii -7.64422195353 0.469396371559 4.9977
6ii6ii6ii6ii -7.3563255123 0.0653073212604 4.7887
6il6il- -7.16421314226 0.476743445201 4.8574
6il6il6il6il -6.67876205423 -0.157009684863 4.1894
6la6la6la6la -6.52828310149 -0.717019964671 3.6224
6ld6ld -8.0847742582 -0.63266467471 4.7749
6ld6ld6ld -7.69374667215 -1.58615156511 3.8344
6ld6ld6ld6ld -7.59986739784 -1.8462923948 3.5871
6le6le -7.17809094803 0.060953499843 4.6192
6le6le6le -7.03985711803 -0.208983428033 4.3472
6le6le6le6le -6.95414125888 -0.354836445515 4.1942
6lf6lf -6.89699735277 0.131430984037 4.3449
6lf6lf6lf -6.78134897137 -0.172248059824 4.0992
6lf6lf6lf6lf -6.71304839789 -0.34422400581 3.9642
6lh6lh -6.44447203921 0.468580030043 4.2078
6lh6lh6lh -6.31140837214 0.222317006124 3.9656
6lh6lh6lh6lh -6.23548861117 0.0955119573433 3.8397
6li6li -7.20230907967 0.565996784257 4.8927
6li6li6li -7.02353028772 0.317828963467 4.6409
6li6li6li6li -6.9451615022 0.222317006124 4.5362
6ll -6.98026418738 0.799470457762 4.7905
6ll6ll -6.44882586062 0.0155104887993 4.0099
6ll6ll6ll -6.15766405334 -0.376061324924 3.5449
6ll6ll6ll6ll -5.98405542432 -0.58450052528 3.2773
