12dd -9.89634030122 0.582630897017 6.1680026335
12dd12dd -8.90048080907 -0.852982635576 4.31773288157
12dd12dd- -8.90318029855 -0.887310278177 4.30152044282
12dd12dd-12dd -8.51090660287 -1.37057398631 3.63180450973
12dd12dd-12dd-12dd -8.45296438268 -1.49538678558 3.48460803343
12dd12dd-12dd-12dd- -8.4005298222 -1.65044826245 3.35530306463
12dd12dd-12dd12dd- -8.32663539619 -1.65449600291 3.30176272178
12dd12dd-4dd12dd -8.64369343369 -1.43246387779 3.80937810904
12dd12dd12dd -8.57581069732 -1.37210209729 3.72224664068
12dd12dd12dd-12dd -8.36804474588 -1.66308828678 3.33567625075
12dd12dd12dd-12dd- -8.41299537811 -1.67947135244 3.36981224078
12dd12dd12dd12dd -8.45814593943 -1.69680496605 3.39464727881
12dd12dd12dd12dd- -8.40039704216 -1.65040896732 3.35519387807
12dh -8.74095477172 0.991247040149 5.58846897004
12dh12dh -7.67592209024 0.0605442589158 4.0000807496
12dh12dh- -7.65953769931 0.0154236887816 4.00012289865
12dh12dh-12dh -7.07844839335 -0.340709801812 3.23674761832
12dh12dh-12dh-12dh -6.88659007407 -0.560039752381 2.94586062806
12dh12dh-12dh-12dh- -6.92135132837 -0.603692735356 3.00069484923
12dh12dh-12dh12dh- -6.79484478351 -0.53434472582 2.90841502226
12dh12dh-4dh12dh -7.22235424751 -0.460856411954 3.37383915756
12dh12dh12dh -7.22249725315 -0.350019526696 3.42745467031
12dh12dh12dh-12dh -6.82478767907 -0.55331422929 2.9742950077
12dh12dh12dh-12dh- -6.93725967921 -0.614542793736 3.04948498013
12dh12dh12dh12dh -6.9891990615 -0.582051732707 3.1143758826
12dh12dh12dh12dh- -6.88618626642 -0.516620329558 3.04265682521
12hd -8.7410101874 0.991236316113 5.58850198825
12hd12hd -7.67578815367 0.0605655521002 4.00001633136
12hd12hd- -7.65916646403 0.0154721915502 3.99983791478
12hd12hd-12hd -7.07809423788 -0.340418768881 3.23664249142
12hd12hd-12hd-12hd -6.88688692893 -0.559967411905 2.94609632395
12hd12hd-12hd-12hd- -6.88618869401 -0.516610992174 3.04266026281
12hd12hd-12hd12hd- -6.79485462853 -0.534353266224 2.90841601231
12hd12hd-4hd12hd -7.29421216762 -0.598182583404 3.30456043481
12hd12hd12hd -7.22249589468 -0.350023360364 3.42745262429
12hd12hd12hd-12hd -6.88999056108 -0.592840560003 2.96652053946
12hd12hd12hd-12hd- -6.93723929665 -0.614535195396 3.04947499466
12hd12hd12hd12hd -6.98918052763 -0.582039886268 3.11437056229
12hd12hd12hd12hd- -6.92143840771 -0.603704689129 3.00071389191
12hh -8.46830715944 1.87950425266 5.95037217878
12hh12hh -7.2957775958 0.944169772965 4.40115189087
12hh12hh- -7.28056103226 0.828552971223 4.32791594048
12hh12hh-12hh -6.59972183185 0.492584668013 3.5425572977
12hh12hh-12hh-12hh -6.43491163246 0.261657886497 3.27217158201
12hh12hh-12hh-12hh- -6.37446883643 0.312552123265 3.27296432743
12hh12hh-12hh12hh- -6.39204398079 0.190491980875 3.18472327796
12hh12hh-4hh12hh -6.67337273784 0.393817979905 3.61806879161
12hh12hh12hh -6.78640613393 0.559929155441 3.76192437801
12hh12hh12hh-12hh -6.31700327483 0.332767637468 3.24222712434
12hh12hh12hh-12hh- -6.26273137278 0.406666051878 3.2695160596
12hh12hh12hh12hh -6.4930864854 0.343019362998 3.39900845809
12hh12hh12hh12hh- -6.37532294102 0.311999753326 3.27311614715
13aa -8.72084780052 2.61980637155 6.24111644476
13aa13aa -7.36960323509 1.59965261249 5.04471490217
13aa13aa- -7.37522576189 1.62992265544 5.06420948848
13aa13aa-13aa -6.83606023696 1.25579989095 4.41414980906
13aa13aa-13aa-13aa -6.56069929161 1.0199540814 4.04956871134
13aa13aa-13aa-13aa- -6.83818554978 1.22151842662 4.35200763242
13aa13aa-13aa13aa- -6.56739201487 1.05812002515 4.08745422276
13aa13aa-4aa13aa -6.82567219369 0.697330374634 4.13240107017
13aa13aa13aa -6.84223246025 1.1638994166 4.3612441809
13aa13aa13aa-13aa -6.5768839591 1.0194879564 4.06870278687
13aa13aa13aa-13aa- -6.5860512271 0.980960484018 4.04963170101
13aa13aa13aa13aa -6.97187911621 1.31514004846 4.54661481833
13aa13aa13aa13aa- -6.57580941958 0.968888862327 4.02668011279
13ad13ad -8.05254176783 0.580728105645 4.76858095749
13ad13ad- -8.05349027136 0.568634734927 4.74955825349
13ad13ad-13ad -7.61454214847 0.237062120464 4.20576711275
13ad13ad-13ad-13ad -7.40371895144 0.00569427984094 3.90049510332
13ad13ad-13ad-13ad- -7.42617726649 -0.0583123106577 3.87715840681
13ad13ad-13ad13ad- -7.40198522328 0.0393854833208 3.92878978816
13ad13ad-4ad13ad -7.64293999367 -0.318138109469 3.97050931964
13ad13ad13ad -7.66607004775 0.103692815471 4.18141321105
13ad13ad13ad-13ad -7.46850568854 -0.0559129690444 3.91898450574
13ad13ad13ad-13ad- -7.48202419798 -0.100347374898 3.89551797371
13ad13ad13ad13ad -7.83779280466 0.15195513061 4.3399354112
13ad13ad13ad13ad- -7.61768134983 -0.0730623451039 3.98578951433
13ae13ae -7.36430916534 1.1477758573 4.68010493353
13ae13ae- -7.36510699472 1.15404482558 4.66186758312
13ae13ae-13ae -6.88857634196 0.847712190895 4.12074132709
13ae13ae-13ae-13ae -6.70946500996 0.666661341763 3.87074140018
13ae13ae-13ae-13ae- -6.79523412067 0.669280988461 3.93640560204
13ae13ae-13ae13ae- -6.64724552824 0.674315798093 3.84305916813
13ae13ae-4ae13ae -6.95517621126 0.370639022164 3.96879718004
13ae13ae13ae -7.05220291414 0.796015711598 4.15887572797
13ae13ae13ae-13ae -6.68396748452 0.605239289946 3.83603539961
13ae13ae13ae-13ae- -6.78640978546 0.603339401021 3.8659663332
13ae13ae13ae13ae -6.96126023316 0.771343198685 4.15967373156
13ae13ae13ae13ae- -6.79787187387 0.577736919938 3.86038236416
13af13af -7.35312499351 1.6154250619 4.93315763278
13af13af- -7.08905239638 1.52424874376 4.7526393204
13af13af-13af -6.55057030574 1.18817734498 4.13910605059
13af13af-13af-13af -6.42013464075 0.822794864889 3.73276117576
13af13af-13af-13af- -6.36857107342 0.865547352786 3.72091627193
13af13af-13af13af- -6.27580201942 0.966207527962 3.80602089732
13af13af-4af13af -6.69353283986 0.585532495621 3.89748124056
13af13af13af -7.00796849448 1.29934419992 4.48738861143
13af13af13af-13af -6.43384979915 0.936375260798 3.8565885821
13af13af13af-13af- -6.6516610926 0.795084724293 3.80039133771
13af13af13af13af -6.87018376764 1.11896992568 4.27990250158
13af13af13af13af- -6.69401709196 0.977665066392 4.01524478785
13ah13ah -7.15098408683 1.67481170129 4.84035370572
13ah13ah- -7.17554725684 1.58370934913 4.87827824527
13ah13ah-13ah -6.71364938599 1.22506620084 4.29871441401
13ah13ah-13ah-13ah -6.46826649775 1.06397224152 3.99032421533
13ah13ah-13ah-13ah- -6.48446938808 1.08559292601 4.0294920019
13ah13ah-13ah13ah- -6.46668034283 1.03372795872 3.99561603681
13ah13ah-4ah13ah -6.70867261462 0.82552291569 4.07483448672
13ah13ah13ah -6.76931815716 1.36337012551 4.3794608589
13ah13ah13ah-13ah -6.51382613208 1.02335184107 3.98440089349
13ah13ah13ah-13ah- -6.49832482586 1.03829559192 3.97643284965
13ah13ah13ah13ah -6.5885500306 1.17869943937 4.14117836185
13ah13ah13ah13ah- -6.56229796257 1.0933922831 4.03178241353
13ai13ai -7.36529170463 1.91748365131 5.19970756353
13ai13ai- -7.28507397557 1.86320083676 5.14331677236
13ai13ai-13ai -6.74571463487 1.50855619023 4.50455221988
13ai13ai-13ai-13ai -6.53551106203 1.33721333036 4.22196984086
13ai13ai-13ai-13ai- -6.62342379948 1.36342353842 4.28884564929
13ai13ai-13ai13ai- -6.47083706839 1.32167116991 4.18741795368
13ai13ai-4ai13ai -6.80241313144 1.02477640418 4.32756532411
13ai13ai13ai -6.94794447274 1.63231007821 4.72568861531
13ai13ai13ai-13ai -6.52787309796 1.3207193281 4.20287395338
13ai13ai13ai-13ai- -6.57898311299 1.31435269583 4.20848303811
13ai13ai13ai13ai -6.75829002643 1.47101227486 4.4818849837
13ai13ai13ai13ai- -6.65595847193 1.40215046825 4.34227390088
13al13al -6.82270474363 1.64937781465 4.66291571385
13al13al- -6.87504980779 1.71010514726 4.72686321136
13al13al-13al -6.28593368324 1.34457942014 4.05860224235
13al13al-13al-13al -6.1815035643 1.11653719767 3.80654174503
13al13al-13al-13al- -6.24745647697 1.13345916189 3.87085503131
13al13al-13al13al- -5.98612940889 1.1968593322 3.75708246898
13al13al13al -6.29926943485 1.24152001921 4.01418816791
13al13al13al-13al -6.08537888098 1.13250203727 3.78640479474
13al13al13al-13al- -6.19966279041 1.0966962938 3.75730461065
13al13al13al13al -6.14118772229 1.02074145872 3.66424725834
13al13al13al13al- -6.01428985974 1.085558839 3.70010050989
13da13da -8.05254180466 0.58072852912 4.76858143685
13da13da- -8.0534907972 0.56863525074 4.74955930204
13da13da-13da -7.61454210901 0.237064700831 4.20576887629
13da13da-13da-13da -7.40371998237 0.00569478127538 3.90049636629
13da13da-13da-13da- -7.66646119119 0.0103812213692 4.09670147487
13da13da-13da13da- -7.40198550188 0.0393878013923 3.92879170512
13da13da-4da13da -7.59625182398 -0.384918262035 3.92243312011
13da13da13da -7.66606994349 0.103693947547 4.18141414619
13da13da13da-13da -7.4130515905 -0.00169276200868 3.90584701363
13da13da13da-13da- -7.48202292732 -0.100344899039 3.89551817744
13da13da13da13da -7.83758276688 0.151414376832 4.33936609208
13da13da13da13da- -7.42619603455 -0.0583346752225 3.87715597693
13dd -9.58177220442 0.986368106449 6.2342508948
13dd13dd -9.08575027609 0.237853693777 5.26851097619
13dd13dd- -8.60421523837 -0.332612818054 4.49562811299
13dd13dd-13dd -8.25639332379 -0.625808978558 4.03558376859
13dd13dd-13dd-13dd -8.30298007487 -0.659757775367 4.08332508401
13dd13dd-13dd-13dd- -8.40063719403 -0.851432722768 4.04534712411
13dd13dd-13dd13dd- -8.17307648677 -0.711640135025 3.93553646889
13dd13dd-4dd13dd -8.29400061069 -1.31689739007 3.77399400059
13dd13dd13dd -8.28953132858 -0.56788657949 4.09779527838
13dd13dd13dd-13dd -8.27916020143 -0.788280718561 3.95371087112
13dd13dd13dd-13dd- -8.43056689762 -0.859415211253 4.0212587149
13dd13dd13dd13dd -8.17272865721 -0.711596477047 3.93528382969
13dd13dd13dd13dd- -8.4012375087 -0.851220893886 4.04600324684
13de13de -8.24590232801 0.592061013097 4.88425109064
13de13de- -7.97996914433 0.214294368751 4.42572523056
13de13de-13de -7.57655134224 -0.0613720269107 3.93279794833
13de13de-13de-13de -7.52198962149 -0.149030083999 3.86344991965
13de13de-13de-13de- -7.79537004031 -0.145884579331 4.08053659717
13de13de-13de13de- -7.38802948636 -0.255695480592 3.67325143687
13de13de-4de13de -7.60862760779 -0.709921084708 3.68927362319
13de13de13de -8.10656885289 0.346774093891 4.63690456225
13de13de13de-13de -7.50205212854 -0.245391801103 3.76701586761
13de13de13de-13de- -7.67213845589 -0.245805619137 3.9002345045
13de13de13de13de -8.10358224964 0.187712730909 4.5219277135
13de13de13de13de- -7.60487661097 -0.248927737205 3.87261929187
13df13df -7.91838480195 0.569536495106 4.55174292616
13df13df- -7.7787020657 0.523309501354 4.49128256283
13df13df-13df -7.36550805344 0.164762991519 3.91778197799
13df13df-13df-13df -7.13000475286 0.0412958721589 3.68311997349
13df13df-13df-13df- -7.43231914606 -0.00437274348951 3.92637529944
13df13df-13df13df- -7.09870422078 -0.0206071369337 3.63562277344
13df13df-4df13df -7.36408190852 -0.260287996061 3.74658176232
13df13df13df -7.5649163064 0.00251740034218 3.87828739954
13df13df13df-13df -7.18734585764 -0.101792786093 3.61757394678
13df13df13df-13df- -7.37065804467 -0.147610591959 3.7364632083
13df13df13df13df -7.52236959525 -0.0625408591987 3.87758194571
13df13df13df13df- -7.31019625898 -0.213773576564 3.58161620713
13dh13dh -7.58659981315 0.70410364574 4.394628785
13dh13dh- -7.79565256747 0.594072250201 4.58303341838
13dh13dh-13dh -7.45912948891 0.250763044613 4.11081946441
13dh13dh-13dh-13dh -7.11523612994 0.0659729769608 3.65663880004
13dh13dh-13dh-13dh- -7.16893879294 0.0299988806548 3.74513218068
13dh13dh-13dh13dh- -7.28750854058 0.0489382275005 3.84799423639
13dh13dh-4dh13dh -7.37032358103 -0.145016877874 3.82346081601
13dh13dh13dh -7.29343888641 0.354024097314 3.97129614422
13dh13dh13dh-13dh -7.15026216364 0.0263706299569 3.6794567737
13dh13dh13dh-13dh- -7.18544950478 0.0124595767093 3.72095999346
13dh13dh13dh13dh -7.19446204848 0.145132788262 3.77411202149
13dh13dh13dh13dh- -7.05063554976 0.0166141109212 3.5329241596
13di13di -8.13057811439 0.952878783074 5.0382641191
13di13di- -7.83641589228 0.687282660152 4.65296235434
13di13di-13di -7.39695124149 0.364339975547 4.10785550035
13di13di-13di-13di -7.30332536764 0.254733896967 3.98743423561
13di13di-13di-13di- -7.58726574152 0.29007955579 4.22041228562
13di13di-13di13di- -7.18459523915 0.179703846123 3.83881846023
13di13di-4di13di -7.52082266077 -0.0438527236605 4.05998079369
13di13di13di -7.89440458023 0.655525250593 4.68167633033
13di13di13di-13di -7.29216946866 0.196658249963 3.93091890064
13di13di13di-13di- -7.45884943839 0.206787628794 4.05277434395
13di13di13di13di -7.84215558937 0.481215502645 4.53116641664
13di13di13di13di- -7.38737027623 0.208648970782 4.00375270887
13dl13dl -7.93937238721 0.861192606904 4.79446962087
13dl13dl- -7.53544160985 0.754594597936 4.4621791601
13dl13dl-13dl -7.00842338021 0.423521226194 3.84676733879
13dl13dl-13dl-13dl -7.0029930836 0.245595899822 3.73095370709
13dl13dl-13dl-13dl- -6.75875649347 0.280556189043 3.57591809997
13dl13dl-13dl13dl- -6.75879789818 0.280608921191 3.57598948932
13dl13dl13dl -7.68140219877 0.592918477608 4.44571232592
13dl13dl13dl-13dl -6.91151313269 0.212320578493 3.64110574236
13dl13dl13dl13dl -7.62632663103 0.439828859121 4.31397280016
13dl13dl13dl13dl- -7.08607970051 0.221350564825 3.76090999471
13ea13ea -7.36429205675 1.14779954565 4.68011183321
13ea13ea- -7.36509792191 1.15405433711 4.66186676376
13ea13ea-13ea -6.88855361413 0.847508871127 4.12058801921
13ea13ea-13ea-13ea -6.65541702105 0.622682798161 3.80920708589
13ea13ea-13ea-13ea- -6.84382516607 0.667736929293 3.97058795239
13ea13ea-13ea13ea- -6.64723525547 0.674273556397 3.84302384509
13ea13ea-4ea13ea -6.90588491385 0.336093184039 3.93688204765
13ea13ea13ea -7.05206035943 0.795848166504 4.15872279506
13ea13ea13ea-13ea -6.66369514695 0.630166963872 3.82461522916
13ea13ea13ea-13ea- -6.78653678577 0.603232772662 3.86590861682
13ea13ea13ea13ea -6.96141046908 0.771471013601 4.15991513712
13ea13ea13ea13ea- -6.79532139352 0.669296941358 3.93645528991
13ed13ed -8.24633976233 0.59228657176 4.88478311803
13ed13ed- -7.98000554287 0.214239689713 4.42572690896
13ed13ed-13ed -7.5765268014 -0.0614353099511 3.9327452963
13ed13ed-13ed-13ed -7.52240986597 -0.1489621477 3.86386637511
13ed13ed-13ed-13ed- -7.60485667624 -0.248652058528 3.87280633771
13ed13ed-13ed13ed- -7.38790127513 -0.255783393976 3.67307775668
13ed13ed-4ed13ed -7.68744471753 -0.589694851186 3.85864375152
13ed13ed13ed -8.10684836479 0.347033560837 4.63689308042
13ed13ed13ed-13ed -7.53990960505 -0.252062468492 3.78511330763
13ed13ed13ed-13ed- -7.67242079844 -0.245578418258 3.90064689718
13ed13ed13ed13ed -8.10433864173 0.188357941961 4.52297340014
13ed13ed13ed13ed- -7.79561653644 -0.145701570265 4.08086650129
13ee -8.41929930182 1.8968882431 5.62388104394
13ee13ee -7.74765941562 1.12790451877 4.88476086968
13ee13ee- -7.43239450024 0.751904976569 4.39969839301
13ee13ee-13ee -7.00470719342 0.53315202181 3.94301936762
13ee13ee-13ee-13ee -6.90418384295 0.460387188502 3.84474472735
13ee13ee-13ee-13ee- -7.14198200944 0.481228933133 4.04098957899
13ee13ee-13ee13ee- -6.80065662106 0.400773724024 3.72844296993
13ee13ee-4ee13ee -7.07300519285 0.0142096106738 3.83517860698
13ee13ee13ee -7.51885593822 0.919086226211 4.61285348887
13ee13ee13ee-13ee -6.92478295129 0.387972759882 3.7908449434
13ee13ee13ee-13ee- -7.0464207487 0.40010533365 3.89899558166
13ee13ee13ee13ee -7.45002566771 0.78665804643 4.4715673639
13ee13ee13ee13ee- -7.14211236521 0.481338507216 4.0411777921
13ef13ef -7.36604684518 1.08791191311 4.51091783213
13ef13ef- -7.2482621511 1.07283777599 4.49778291573
13ef13ef-13ef -6.69942299787 0.799485152804 3.92015655908
13ef13ef-13ef-13ef -6.52470084232 0.660275084645 3.70931622397
13ef13ef-13ef-13ef- -6.75550278383 0.646126052019 3.89970223792
13ef13ef-13ef13ef- -6.45900124447 0.573518263261 3.61253737506
13ef13ef-4ef13ef -6.73154673064 0.355637408324 3.73633529914
13ef13ef13ef -6.81325708255 0.585143104463 3.85726743403
13ef13ef13ef-13ef -6.5576405869 0.532412993917 3.63506951892
13ef13ef13ef-13ef- -6.70322057842 0.491163328596 3.70588075914
13ef13ef13ef13ef -6.81931599265 0.577615976165 3.83657792349
13ef13ef13ef13ef- -6.72227432202 0.492679585965 3.68517162637
13eh13eh -7.17348176605 1.24421551342 4.48008701074
13eh13eh- -7.28426162873 1.14431201004 4.58785411918
13eh13eh-13eh -6.80523444518 0.806102289086 3.99984500891
13eh13eh-13eh-13eh -6.5896936516 0.69821550018 3.7729763534
13eh13eh-13eh-13eh- -6.59439917384 0.694079393282 3.80197339518
13eh13eh-13eh13eh- -6.5501412765 0.619476309119 3.69600321719
13eh13eh-4eh13eh -6.80433400504 0.462432226632 3.86733474588
13eh13eh13eh -6.80129666597 0.968196481185 4.06257240383
13eh13eh13eh-13eh -6.55089954447 0.650009844062 3.70495633012
13eh13eh13eh-13eh- -6.5976428323 0.658182240754 3.75304051324
13eh13eh13eh13eh -6.64658395135 0.815522634498 3.86941399353
13eh13eh13eh13eh- -6.62106881286 0.746340378617 3.79964814663
13ei13ei -7.51677630677 1.52674753127 5.0102292509
13ei13ei- -7.21114581156 1.25385582247 4.59676727723
13ei13ei-13ei -6.70708854151 0.942041419224 4.02727698907
13ei13ei-13ei-13ei -6.64291370104 0.899854888507 3.97858252476
13ei13ei-13ei-13ei- -6.85833732828 0.954315256487 4.16662033884
13ei13ei-13ei13ei- -6.50934981062 0.802311612693 3.80270896305
13ei13ei-4ei13ei -6.85883775286 0.59649641742 4.03759948765
13ei13ei13ei -7.2171060489 1.2903991234 4.66592822583
13ei13ei13ei-13ei -6.59194812412 0.823268630463 3.87332986031
13ei13ei13ei-13ei- -6.74707507537 0.864618398921 3.99678105011
13ei13ei13ei13ei -7.10674030182 1.15734597301 4.50366331286
13ei13ei13ei13ei- -6.82872644433 0.942266786104 4.12544306224
13el13el -7.51267456516 1.43197379136 4.90426097939
13el13el- -7.02189796818 1.29091676984 4.46882263169
13el13el-13el -6.70793334438 0.906891387963 3.995176918
13el13el-13el-13el -6.53354417537 0.755661275818 3.7632416204
13el13el-13el-13el- -6.51027016621 0.808190220487 3.7950907469
13el13el-13el13el- -6.39645070584 0.792412751546 3.71790599343
13el13el13el -7.16394784419 1.21399893291 4.54004589618
13el13el13el-13el -6.54755900841 0.767745060574 3.77981132256
13el13el13el-13el- -6.68824718445 0.884544922019 3.97101858097
13el13el13el13el -7.07196217114 1.107354675 4.41418052357
13el13el13el13el- -6.70184023082 0.927451891867 3.99018842759
13fa13fa -7.08676550122 1.49012657403 4.74306778918
13fa13fa- -7.08936812694 1.52440244449 4.75300371462
13fa13fa-13fa -6.55852889591 1.16032277359 4.12646693117
13fa13fa-13fa-13fa- -6.77000545724 0.970307470347 4.05725669356
13fa13fa-13fa13fa- -6.27560456309 0.96625492303 3.80594662966
13fa13fa-4fa13fa -6.52973488544 0.600452794185 3.86833238329
13fa13fa13fa -6.57922774041 1.05469413574 4.08424078612
13fa13fa13fa-13fa -6.46202559775 0.858543196202 3.75725694129
13fa13fa13fa-13fa- -6.61990456888 0.792312873993 3.81402099753
13fa13fa13fa13fa -6.32380178455 0.805625647636 3.73076652524
13fa13fa13fa13fa- -6.36885712487 0.865965858476 3.72141877156
13fd13fd -7.95319185662 0.73210007775 4.71309939645
13fd13fd- -7.77892243829 0.523148997023 4.49136754846
13fd13fd-13fd -7.3261442842 0.179069625736 3.92736465526
13fd13fd-13fd-13fd -7.18934380925 -0.052901597744 3.63428932448
13fd13fd-13fd-13fd- -7.31960187165 -0.168479211926 3.636780841
13fd13fd-13fd13fd- -7.09881651614 -0.0206312342995 3.63569978013
13fd13fd-4fd13fd -7.40293349481 -0.338805973405 3.76343682878
13fd13fd13fd -7.69879198783 0.395094004847 4.32179280339
13fd13fd13fd-13fd -7.23822870885 -0.054397593892 3.7169038228
13fd13fd13fd-13fd- -7.37059789035 -0.147555680479 3.73650294887
13fd13fd13fd13fd -7.21340948088 -0.293950014857 3.57543110633
13fd13fd13fd13fd- -7.3403540572 -0.0889413088917 3.74851754165
13fe13fe -7.24053578807 1.05539119091 4.4929834212
13fe13fe- -7.24799177916 1.07284262097 4.49749701597
13fe13fe-13fe -6.72737258258 0.751797450868 3.9096752434
13fe13fe-13fe-13fe -6.56629615831 0.5594490664 3.63986615153
13fe13fe-13fe-13fe- -6.72255587793 0.492734441177 3.68543626039
13fe13fe-13fe13fe- -6.4589202914 0.57347435446 3.61244419695
13fe13fe-4fe13fe -6.71601719783 0.220284513094 3.68902975071
13fe13fe13fe -7.09311856332 0.996408148075 4.31989318086
13fe13fe13fe-13fe -6.57147763499 0.568185011933 3.68891742235
13fe13fe13fe-13fe- -6.70504984741 0.490777242624 3.71602557567
13fe13fe13fe13fe -6.96126490501 0.846737565025 4.14225511054
13fe13fe13fe13fe- -6.66453549817 0.562056812448 3.7251447607
13ff -8.03228431958 2.34399506192 5.79694366459
13ff13ff -7.1224018914 1.32398827826 4.60366612737
13ff13ff- -7.39292702189 1.24901175427 4.76928603847
13ff13ff-13ff -6.71023925499 0.93508444383 3.97369182321
13ff13ff-13ff-13ff -6.41973805079 0.635417469957 3.5412468755
13ff13ff-13ff-13ff- -6.54750215446 0.433376397461 3.46429565044
13ff13ff-13ff13ff- -6.51924727748 0.726323492393 3.76655748233
13ff13ff-4ff13ff -6.65924941919 0.503726636914 3.78904778525
13ff13ff13ff -6.69493322652 0.740523348045 3.77916722947
13ff13ff13ff-13ff -6.50623418098 0.609977410919 3.5759324501
13ff13ff13ff-13ff- -6.62911146284 0.419224374965 3.50770161651
13ff13ff13ff13ff -6.44424509974 0.471541471672 3.4264678373
13ff13ff13ff13ff- -6.54306257597 0.516208033204 3.55347936595
13fh13fh -7.28980685718 1.41485516458 4.70801660909
13fh13fh- -7.29454370387 1.3086031656 4.74828640782
13fh13fh-13fh -6.77303342425 1.01094147689 4.10888746711
13fh13fh-13fh-13fh -6.47829727633 0.727659033395 3.66168580475
13fh13fh-13fh-13fh- -6.55342505327 0.602430916238 3.61160064679
13fh13fh-13fh13fh- -6.51719953169 0.759863530706 3.79079422363
13fh13fh-4fh13fh -6.66666884955 0.50789210266 3.80375844393
13fh13fh13fh -6.86086296339 1.08631655751 4.20363152391
13fh13fh13fh-13fh -6.56974562839 0.683681936669 3.68232684599
13fh13fh13fh-13fh- -6.63380192083 0.539257940993 3.62712010474
13fh13fh13fh13fh -6.67053083871 0.893852370068 3.94810151255
13fh13fh13fh13fh- -6.63880128422 0.647109853699 3.73005569506
13fi13fi -7.19633793304 1.79557420913 4.94168262168
13fi13fi- -7.25743230985 1.67555866817 4.86333420873
13fi13fi-13fi -6.54461224957 1.25379894409 4.15397520125
13fi13fi-13fi-13fi -6.45164045557 1.17619202879 4.01711349639
13fi13fi-13fi-13fi- -6.74914891049 1.22288739928 4.20258808387
13fi13fi-13fi13fi- -6.26671513863 1.06911532958 3.84002493013
13fi13fi-4fi13fi -6.51231783599 0.773588182482 3.90853923238
13fi13fi13fi -6.79120445204 1.53495914971 4.49899445553
13fi13fi13fi-13fi -6.33875900729 1.09984803793 3.90456843168
13fi13fi13fi-13fi- -6.50486549012 1.11487841047 3.97987800282
13fi13fi13fi13fi -6.62465111429 1.40564851374 4.30761056866
13fi13fi13fi13fi- -6.48055631426 1.21095251604 4.08524858643
13fl13fl -7.26677785556 1.61398545462 4.82823400627
13fl13fl- -7.06205237214 1.50603003152 4.67132179531
13fl13fl-13fl -6.52706847536 1.17384212458 4.0760505571
13fl13fl-13fl13fl- -6.24655323211 0.992623447706 3.76040286841
13fl13fl13fl -6.58453325108 1.18743654137 4.0662860907
13fl13fl13fl-13fl -6.14749352407 0.958631385481 3.6285358557
13fl13fl13fl13fl -6.74015015551 1.20116654837 4.20751840416
13fl13fl13fl13fl- -6.43975712834 0.97267096435 3.83403301979
13ha13ha -7.15098425498 1.67480545887 4.84034503896
13ha13ha- -7.17535993309 1.58365541977 4.87808891394
13ha13ha-13ha -6.71354193571 1.22502636019 4.29860412503
13ha13ha-13ha-13ha -6.46826388895 1.06397450307 3.99032035186
13ha13ha-13ha-13ha- -6.56234163559 1.09344746344 4.03187038089
13ha13ha-13ha13ha- -6.46664634168 1.03370833988 3.99557694219
13ha13ha-4ha13ha -6.74525962044 0.771760450874 4.11773633096
13ha13ha13ha -6.76985545708 1.36385675595 4.38019450898
13ha13ha13ha-13ha -6.4496136495 1.044194313 3.99134078183
13ha13ha13ha-13ha- -6.49843116542 1.03826655604 3.97643898812
13ha13ha13ha13ha -6.58849840459 1.17871687888 4.14114842414
13ha13ha13ha13ha- -6.48409844527 1.08547149667 4.02907679599
13hd13hd -7.58660080167 0.704114697908 4.39465427933
13hd13hd- -7.79545390642 0.594081160078 4.58286034866
13hd13hd-13hd -7.45921418956 0.250842289491 4.11104371248
13hd13hd-13hd-13hd -7.11523790871 0.0659607692492 3.65666314784
13hd13hd-13hd-13hd- -7.05066728513 0.0165207612068 3.53293146913
13hd13hd-13hd13hd- -7.28762570369 0.0490095374701 3.84820972792
13hd13hd-4hd13hd -7.45720074808 -0.206187735891 3.88811803008
13hd13hd13hd -7.29390682509 0.353949046961 3.97178018478
13hd13hd13hd-13hd -7.20425152556 0.00377864389962 3.75957511747
13hd13hd13hd-13hd- -7.18549467715 0.0125086890525 3.72106241286
13hd13hd13hd13hd -7.1942544302 0.145047584878 3.7738820397
13hd13hd13hd13hd- -7.16892203266 0.0299184035408 3.74499988314
13he13he -7.17320896083 1.24385646043 4.47954089422
13he13he- -7.28420709439 1.144282437 4.58777830889
13he13he-13he -6.80523446903 0.806138912586 3.99995356305
13he13he-13he-13he -6.58963596187 0.698173514377 3.77288200387
13he13he-13he-13he- -6.62108579568 0.746349710833 3.79966191864
13he13he-13he13he- -6.55016192883 0.619505441944 3.69604171101
13he13he-4he13he -6.87832679097 0.413856382058 3.91868047106
13he13he13he -6.66172085012 0.772792582363 3.76291778532
13he13he13he-13he -6.55532061557 0.617156493566 3.72514063767
13he13he13he-13he- -6.59754369899 0.65814266554 3.75292462584
13he13he13he13he -6.64709659573 0.815825237455 3.87028815946
13he13he13he13he- -6.59433793124 0.69407565078 3.80191007624
13hf13hf -7.14907459736 1.22387893617 4.43914664249
13hf13hf- -7.29506679957 1.3087075109 4.74875372388
13hf13hf-13hf -6.72739508028 1.03043369314 4.09764839862
13hf13hf-13hf-13hf -6.47268464435 0.754886174209 3.70869454944
13hf13hf-13hf-13hf- -6.63885610891 0.646966031781 3.72991703416
13hf13hf-13hf13hf- -6.51726650449 0.759912293081 3.79089722969
13hf13hf-4hf13hf -6.69780759921 0.521595698577 3.80893671822
13hf13hf13hf -6.67929143063 0.891073569087 3.94051673182
13hf13hf13hf-13hf -6.5347016003 0.726173834285 3.72876757903
13hf13hf13hf-13hf- -6.63408316797 0.540047307876 3.62793203082
13hf13hf13hf13hf -6.42807586113 0.505069073195 3.43691983763
13hf13hf13hf13hf- -6.55356939148 0.603158739222 3.61273157575
13hh -7.87404550325 2.48238051552 5.77967675562
13hh13hh -7.10149934781 1.48625769925 4.5536071066
13hh13hh- -7.18881257896 1.53991263866 4.82569440411
13hh13hh-13hh -6.71978118139 1.17289830156 4.23339257855
13hh13hh-13hh-13hh -6.42836155804 1.0478937155 3.92016767428
13hh13hh-13hh-13hh- -6.43723793351 1.01225703241 3.8970385582
13hh13hh-13hh13hh- -6.43785406925 0.968320188373 3.88662653529
13hh13hh-4hh13hh -6.69224989935 0.770160228213 3.99815502031
13hh13hh13hh -6.66320920092 1.1491749134 4.11702473562
13hh13hh13hh-13hh -6.44925172993 0.981026340655 3.89575676967
13hh13hh13hh-13hh- -6.44104854579 0.981144014842 3.88331926154
13hh13hh13hh13hh -6.45239006339 0.967703610493 3.85538690011
13hh13hh13hh13hh- -6.43773435231 1.01337497348 3.89889274219
13hi13hi -7.19052492032 1.91555884467 4.98985166725
13hi13hi- -7.08692468784 1.68072194577 4.8423472024
13hi13hi-13hi -6.55326183309 1.33359329379 4.22449297097
13hi13hi-13hi-13hi -6.4613210009 1.30369216955 4.14071732345
13hi13hi-13hi-13hi- -6.60368797013 1.34153096967 4.21356268491
13hi13hi-13hi13hi- -6.27701889569 1.14770920564 3.90766014656
13hi13hi-4hi13hi -6.6776689855 0.965206789761 4.15827040898
13hi13hi13hi -6.86807574047 1.68244151305 4.62560321706
13hi13hi13hi-13hi -6.37142049308 1.20977951636 4.00616852948
13hi13hi13hi-13hi- -6.49262289169 1.28166229397 4.09887992909
13hi13hi13hi13hi -6.74715817688 1.55417288246 4.49038903166
13hi13hi13hi13hi- -6.57795791906 1.36384083485 4.2520338275
13hl13hl -7.0022635343 1.3763531392 4.46509137113
13hl13hl- -7.07356411269 1.61050699318 4.78559026223
13hl13hl-13hl -6.56942243602 1.24898372671 4.16638546421
13hl13hl-13hl-13hl -6.67293251118 1.31115243128 4.29273152045
13hl13hl-13hl-13hl- -6.94182327125 1.40159026705 4.53097215244
13hl13hl-13hl13hl- -6.26588885232 1.06475406982 3.82479856178
13hl13hl13hl -6.49739662193 1.02581784482 3.89532257782
13hl13hl13hl-13hl -6.24455569001 0.937307000229 3.68220581177
13hl13hl13hl-13hl- -6.4504234473 1.11366903486 3.96591999011
13hl13hl13hl13hl -6.25255931708 0.698699740704 3.45744067349
13hl13hl13hl13hl- -6.26753493332 0.877972118603 3.60856339384
13ia13ia -7.36520384403 1.91740139614 5.19958658244
13ia13ia- -7.28516504725 1.86325278941 5.14344565413
13ia13ia-13ia -6.74566832114 1.50850846399 4.50447120232
13ia13ia-13ia-13ia -6.53551690307 1.33722852197 4.22199129198
13ia13ia-13ia-13ia- -6.65599576464 1.40217207614 4.34231039296
13ia13ia-13ia13ia- -6.470905537 1.3217277443 4.18751443464
13ia13ia-4ia13ia -6.80846675218 1.01701068806 4.35815167998
13ia13ia13ia -6.94795035787 1.63231743699 4.72569933847
13ia13ia13ia-13ia -6.51189566284 1.30650756402 4.18812719424
13ia13ia13ia-13ia- -6.57891022407 1.31429125749 4.20839380693
13ia13ia13ia13ia -6.75832578657 1.47105322002 4.4819538549
13ia13ia13ia13ia- -6.62342354193 1.36342590352 4.28884682545
13id13id -8.13060274828 0.952917734312 5.03834851946
13id13id- -7.83635395649 0.687240649125 4.65288113803
13id13id-13id -7.39674440588 0.364107636405 4.10745306986
13id13id-13id-13id -7.30331286142 0.254744705381 3.98743510564
13id13id-13id-13id- -7.38731819089 0.208631503711 4.00375950363
13id13id-13id13id- -7.18460146808 0.179702380617 3.83882133874
13id13id-4id13id -7.59417615507 0.00794092776393 4.16593287669
13id13id13id -7.89458628843 0.655660284367 4.68197022679
13id13id13id-13id -7.33090238524 0.165918018187 3.92118852695
13id13id13id-13id- -7.45882003967 0.206770724291 4.05273218137
13id13id13id13id -7.84187863142 0.481476099255 4.53126996329
13id13id13id13id- -7.58723283324 0.290127549866 4.22045402709
13ie13ie -7.5167799282 1.52677850952 5.01033260468
13ie13ie- -7.21110173757 1.25381129172 4.59668543931
13ie13ie-13ie -6.70705477966 0.941993601843 4.02721252716
13ie13ie-13ie-13ie -6.64310160924 0.900015065267 3.97888883324
13ie13ie-13ie-13ie- -6.82876672727 0.942426080883 4.12561743559
13ie13ie-13ie13ie- -6.50933655918 0.802418457854 3.80286580059
13ie13ie-4ie13ie -6.9004575381 0.623138779435 4.10654746075
13ie13ie13ie -7.21691939054 1.29016969807 4.66557319296
13ie13ie13ie-13ie -6.61066506753 0.805297554614 3.86300854348
13ie13ie13ie-13ie- -6.74719466208 0.864692734359 3.99693125056
13ie13ie13ie13ie -7.10711174088 1.15745068454 4.50397818178
13ie13ie13ie13ie- -6.85810575396 0.954212471662 4.16639341281
13if13if -7.33135225915 1.8211012338 5.01337253578
13if13if- -7.25740334089 1.67545006569 4.86322430663
13if13if-13if -6.62277173304 1.25659455871 4.13731590928
13if13if-13if-13if -6.30925818502 1.17616258721 3.92494529775
13if13if-13if-13if- -6.48051997819 1.21072670665 4.08491080754
13if13if-13if13if- -6.26683044747 1.0690815895 3.8400694289
13if13if-4if13if -6.69473403822 0.828998310026 4.03896854635
13if13if13if -7.02407112343 1.57439410486 4.64812635232
13if13if13if-13if -6.47255771465 1.08445950288 3.93537145316
13if13if13if-13if- -6.50460783365 1.11497619658 3.97984747809
13if13if13if13if -6.90990220095 1.4302027332 4.52045259646
13if13if13if13if- -6.74916121837 1.22291266623 4.20263040312
13ih13ih -7.19052482486 1.91556067722 4.98985517166
13ih13ih- -7.08694772307 1.6807391579 4.84238460681
13ih13ih-13ih -6.5532600253 1.33359447686 4.22449439001
13ih13ih-13ih-13ih -6.46129418399 1.30367149426 4.14068263902
13ih13ih-13ih-13ih- -6.57770300276 1.36371104731 4.25175978089
13ih13ih-13ih13ih- -6.27696815046 1.14767339724 3.90758977516
13ih13ih-4ih13ih -6.66196002179 1.03827958184 4.18075964162
13ih13ih13ih -6.86807007508 1.68244259892 4.62560154754
13ih13ih13ih-13ih -6.3954805569 1.19524170835 4.00087657673
13ih13ih13ih-13ih- -6.4926229497 1.28165963789 4.09887467616
13ih13ih13ih13ih -6.74722559843 1.5541483121 4.49043021107
13ih13ih13ih13ih- -6.60365168097 1.34151448163 4.21352792668
13ii -8.38137479932 2.77064909121 6.09989379495
13ii13ii -7.37249069004 2.1742537803 5.27977723847
13ii13ii- -7.26544341501 2.07761220383 5.26692728621
13ii13ii-13ii -6.77454104272 1.78552214363 4.71126012775
13ii13ii-13ii-13ii -6.65290337117 1.70872467007 4.56846377157
13ii13ii-13ii-13ii- -6.61190514035 1.67365894008 4.51406423089
13ii13ii-13ii13ii- -6.51883505627 1.62545169893 4.43670366551
13ii13ii-4ii13ii -6.8787184856 1.32001462846 4.62647316612
13ii13ii13ii -6.89287820616 1.84228507203 4.7291831256
13ii13ii13ii-13ii -6.54512092606 1.63302999589 4.44727532359
13ii13ii13ii-13ii- -6.5950402284 1.65987124211 4.4917606016
13ii13ii13ii13ii -6.77448064671 1.75697107286 4.59883174707
13ii13ii13ii13ii- -6.82551635661 1.78761846144 4.72611109234
13il13il -7.25542585004 1.90745703503 5.0918728109
13il13il- -6.97802344736 1.75333026157 4.82839647852
13il13il-13il -6.47508270557 1.37824908501 4.19080941272
13il13il-13il-13il -6.15619807532 1.23821516496 3.88452806938
13il13il-13il-13il- -6.3128908553 1.30040280515 4.0264357886
13il13il-13il13il- -6.13672132646 1.22556380709 3.85813142134
13il13il13il -6.83938976108 1.62542586504 4.62435302289
13il13il13il-13il -6.25202845262 1.19212509989 3.88424982073
13il13il13il-13il- -6.2152429938 1.21891805765 3.88075360099
13il13il13il13il -6.65996453242 1.48395211104 4.39624784313
13il13il13il13il- -6.44230145067 1.35608393561 4.09917035712
13la13la -6.94891634783 1.70575639179 4.69754870567
13la13la- -6.87504812615 1.71010558734 4.72686182395
13la13la-13la -6.29580624492 1.38009219971 4.08635715544
13la13la-13la-13la -6.02205973895 1.17382554326 3.7228461963
13la13la-13la-13la- -6.0126286961 1.08325304699 3.69706182509
13la13la13la -6.40044230714 1.22293296682 3.9499284441
13la13la13la-13la -6.14666279001 1.16885568569 3.8210067316
13la13la13la-13la- -6.19458196791 1.10086220186 3.77460947998
13la13la13la13la -6.11434884921 0.964285192029 3.58801395822
13la13la13la13la- -6.07104142778 1.08789371795 3.66437605417
13ld13ld- -7.53542406721 0.75459823465 4.46216499874
13ld13ld-13ld -7.15276705864 0.302271205632 3.8788294453
13ld13ld-13ld-13ld -6.95654131821 0.275691942234 3.70980561506
13ld13ld-13ld-13ld- -7.08612119963 0.221045943929 3.76063275294
13ld13ld-13ld13ld- -6.87859219321 0.194654323896 3.59691195202
13ld13ld13ld -7.02238558016 0.456421649687 3.87688633677
13ld13ld13ld-13ld -7.07874633611 0.335026372667 3.82640805921
13ld13ld13ld13ld -7.08619564188 0.220944266522 3.7605992328
13ld13ld13ld13ld- -6.99202747848 0.277856352504 3.74117794494
13le13le -7.16192972913 1.24580667042 4.55069958125
13le13le- -7.02188594608 1.29088980013 4.46876120265
13le13le-13le -6.65868076832 0.953704476023 4.00010645225
13le13le-13le-13le -6.4680986238 0.837020304914 3.78396407858
13le13le-13le-13le- -6.70188627338 0.927780481379 3.99055502213
13le13le-13le13le- -6.39641260626 0.792452890185 3.71795457634
13le13le13le -6.65916075519 0.95366204588 4.00041653743
13le13le13le-13le -6.54817838971 0.830656806281 3.84952615928
13le13le13le-13le- -6.68817277884 0.884686115963 3.97114277185
13le13le13le13le -6.94435982092 0.892459928808 4.11412025994
13le13le13le13le- -6.51021364102 0.808127462334 3.79496450081
13lf13lf- -7.06202901387 1.50587356173 4.67109024564
13lf13lf-13lf -6.44736602519 1.25008341261 4.07208583427
13lf13lf-13lf-13lf -6.21283251732 1.02073433681 3.71809867104
13lf13lf-13lf-13lf- -6.54245438812 1.06035888679 4.00349724066
13lf13lf-13lf13lf- -6.24703246589 0.992470461781 3.76062427042
13lh13lh- -7.07358144528 1.61049412776 4.78569660311
13lh13lh-13lh -6.58894657467 1.22062128334 4.16110895596
13lh13lh-13lh-13lh -6.28523266978 1.05703893411 3.82062407475
13lh13lh-13lh-13lh- -6.26773067811 0.87819228866 3.6088499864
13lh13lh-13lh13lh- -6.29854642409 1.05724974731 3.84183716738
13li13li -6.97813045037 1.753242478 4.82811336194
13li13li- -6.97802433965 1.75333132141 4.82839987243
13li13li-13li -6.42769978408 1.40996661931 4.18768602945
13li13li-13li-13li -6.32162152073 1.33459947315 4.0619905182
13li13li-13li-13li- -6.44237127661 1.3562769 4.09933856996
13li13li-13li13li- -6.13655963338 1.22555482518 3.8580292416
13li13li13li -6.54238292996 1.43170658033 4.22699530209
13li13li13li-13li -6.13693555429 1.22540354456 3.85811815194
13li13li13li-13li- -6.2152916241 1.21840201465 3.88011615962
13li13li13li13li -6.33086566572 1.25938518099 3.97987877515
13li13li13li13li- -6.31278887485 1.3002154484 4.0261141443
13ll -7.55375774148 2.58661816984 5.72489984253
13ll13ll -7.21986664638 1.83732007876 4.90638725092
13ll13ll- -6.6401722072 1.81277821179 4.5841499224
13ll13ll-13ll -6.42645040669 1.37030711627 4.1496490974
13ll13ll-13ll-13ll -6.22304849369 1.16754382099 3.85091118072
13ll13ll-13ll-13ll- -6.37278397579 1.35073892296 4.07655692673
13ll13ll-13ll13ll- -6.05387191982 1.22732384699 3.78923126365
13ll13ll13ll -6.73349386835 1.33422368768 4.20264804642
13ll13ll13ll-13ll -6.12099035106 1.22531653233 3.81517308514
13ll13ll13ll-13ll- -6.249006168 1.25692314841 3.91104641896
13ll13ll13ll13ll -6.92330315751 1.60851125588 4.58820351656
13ll13ll13ll13ll- -6.30113847878 1.21212820813 3.88600454057
3 -12.3001354551 3.45247847346 6.70032729166
4dd -10.0631777189 -0.127166981611 5.99466864838
4dd4dd -9.80812357014 -0.503675595605 5.54502654545
4dd4dd4dd -9.56413741672 -0.725108158471 5.20847818698
4dd4dd4dd4dd -9.45364313754 -0.851952898803 5.08011607195
4dh -8.43088204511 0.833878512602 5.42993139491
4dh4dh -8.36797430334 0.528303993742 5.20096162234
4dh4dh- -8.25267108844 0.570012271252 5.08217154825
4dh4dh-4dh -8.17931173386 0.432609687792 4.95633632304
4dh4dh-4dh-4dh -8.22013968154 0.347818195978 4.97720267048
4dh4dh-4dh-4dh- -8.10329247038 0.314205203934 4.9098402997
4dh4dh-4dh4dh -8.06104033113 0.358260734233 4.91878024855
4dh4dh-4dh4dh- -8.13594412714 0.350790860571 4.89331739206
4dh4dh4dh -8.32348772098 0.435690499074 5.16727742504
4dh4dh4dh-4dh -8.14935861974 0.321055421502 4.90684391656
4dh4dh4dh-4dh- -8.12884523918 0.280349819036 4.83860692198
4dh4dh4dh4dh -8.11743869942 0.293416846595 4.85253151154
4dh4dh4dh4dh- -8.05754161586 0.376051666219 4.84208286704
4hd -8.43217218832 0.833691445149 5.43071317042
4hd4hd -8.36671889164 0.528492847338 5.20016742327
4hd4hd- -8.25345041721 0.568992167997 5.08134657007
4hd4hd-4hd -8.17825749122 0.432702120791 4.95554655361
4hd4hd-4hd-4hd -8.0900152309 0.272097711989 4.84753567773
4hd4hd-4hd-4hd- -8.24536609803 0.301079214327 4.96199500922
4hd4hd-4hd4hd -8.17676938296 0.317547374935 4.9010586179
4hd4hd-4hd4hd- -8.13835523925 0.360736159802 4.89963834666
4hd4hd4hd -8.32355815095 0.430111741667 5.16227901079
4hd4hd4hd-4hd -8.09288598002 0.303346775438 4.83361233927
4hd4hd4hd-4hd- -8.12981483512 0.279491591378 4.8385527113
4hd4hd4hd4hd -8.11724648222 0.293577276159 4.85233061053
4hd4hd4hd4hd- -8.10270799916 0.314081581349 4.90946795295
4hh -7.76829164853 1.79866912096 5.2518147593
4hh4hh -7.58273787014 1.3537425985 4.95852274706
4hh4hh4hh -7.4572398793 1.13628554114 4.75952393165
4hh4hh4hh4hh -7.38768816584 1.01953176354 4.66157933938
6aa -10.0684671127 1.43369944482 5.84624589972
6aa6aa -8.89519496374 0.605848022475 5.24070341834
6aa6aa- -8.90480569074 0.610895705591 5.39061471169
6aa6aa-4aa6aa -8.11295272983 0.215533507298 4.84672534535
6aa6aa-6aa -8.40607528482 0.190110993725 5.02509651904
6aa6aa-6aa-6aa -8.14556365323 -0.0350328458045 4.68847497077
6aa6aa-6aa-6aa- -8.139385531 -0.0353359485066 4.68339706
6aa6aa-6aa6aa- -8.15402369184 -0.0308774724159 4.70051934085
6aa6aa6aa -8.38875436935 0.185202071795 4.93523392215
6aa6aa6aa-6aa -8.14681618386 -0.0311956613794 4.69314841531
6aa6aa6aa-6aa- -8.14002502863 -0.03334643328 4.68616702355
6aa6aa6aa6aa -8.13072033404 -0.0350289833511 4.67498582323
6aa6aa6aa6aa- -8.1358309375 -0.0356681870165 4.67837431557
6ad6ad -9.37727013193 -0.189310079775 4.98221789823
6ad6ad- -9.4047419746 -0.192926136976 5.13804352034
6ad6ad-4ad6ad -8.89269989371 -0.480493430995 4.92027725712
6ad6ad-6ad -9.02738918313 -0.642632662141 4.84489996818
6ad6ad-6ad-6ad -8.82296714631 -0.891500333 4.57733355542
6ad6ad-6ad-6ad- -8.81401683695 -0.894804885517 4.56354530349
6ad6ad-6ad6ad- -8.83935765036 -0.890192325358 4.59022523494
6ad6ad6ad -8.99079167218 -0.641685722035 4.64405244365
6ad6ad6ad-6ad -8.82417865715 -0.891755406227 4.57958411961
6ad6ad6ad-6ad- -8.81700397166 -0.894059351594 4.57278398472
6ad6ad6ad6ad -8.80032194639 -0.893949962164 4.52466523806
6ad6ad6ad6ad- -8.80873320074 -0.891984292916 4.5477564398
6ae6ae -8.64391514817 0.343334093627 4.92396089076
6ae6ae- -8.67150714255 0.353048488817 5.06930031742
6ae6ae-4ae6ae -8.15286711538 0.156140375942 4.80922863476
6ae6ae-6ae -8.30215389875 -0.0532737303579 4.75405307696
6ae6ae-6ae-6ae -8.08189456296 -0.274256257365 4.46795946035
6ae6ae-6ae-6ae- -8.07241736554 -0.27765042222 4.46023247373
6ae6ae-6ae6ae- -8.10285374101 -0.268644938855 4.48527287669
6ae6ae6ae -8.26084701616 -0.0665091189888 4.62983780521
6ae6ae6ae-6ae -8.08177593176 -0.274008056166 4.46947824982
6ae6ae6ae-6ae- -8.0716561347 -0.276136051881 4.46185103281
6ae6ae6ae6ae -8.0533283183 -0.283643366791 4.44789784699
6ae6ae6ae6ae- -8.06204835541 -0.280270208693 4.45510413404
6af6af -8.58375753472 0.677997841615 5.24344353735
6af6af- -8.55946809319 0.639942717395 5.2609498827
6af6af-4af6af -7.91332417311 0.174409214073 4.59540812817
6af6af-6af -8.19730032596 0.238318111487 4.78788496322
6af6af-6af-6af -7.94638878694 -0.00867266300953 4.47466146263
6af6af-6af-6af- -7.94804169873 -0.0576329665106 4.44446642758
6af6af-6af6af- -8.02180427828 0.0423753669924 4.55036461926
6af6af6af -8.29583381901 0.337830708741 4.88645074031
6af6af6af-6af -8.07047057785 0.0356111454367 4.57835199983
6af6af6af-6af- -8.08019247634 -0.00240553721123 4.56054128165
6af6af6af6af -8.1445799513 0.159951669345 4.69184560188
6af6af6af6af- -8.13794104707 0.0893411844462 4.65384229405
6ah6ah -8.18651263752 0.843103769869 5.11834370021
6ah6ah- -8.11234202259 0.810191915432 5.02913515887
6ah6ah-4ah6ah -7.71471247303 0.463126766755 4.6047307511
6ah6ah-6ah -7.86344009154 0.456538655527 4.65961432634
6ah6ah-6ah-6ah -7.76937730231 0.302241250041 4.5281974425
6ah6ah-6ah-6ah- -7.79643486659 0.328309100576 4.56277315296
6ah6ah-6ah6ah- -7.72101095795 0.268123828477 4.46314759202
6ah6ah6ah -7.96042349376 0.52568385879 4.79240458663
6ah6ah6ah-6ah -7.74857976753 0.293461267572 4.50345843064
6ah6ah6ah-6ah- -7.77103447694 0.311286624018 4.52947678993
6ah6ah6ah6ah -7.82613490909 0.352866909381 4.60679943943
6ah6ah6ah6ah- -7.79129662415 0.322492119252 4.56303962531
6ai6ai -8.78612204944 0.956811356171 5.44944811848
6ai6ai- -8.77243687146 0.948961463378 5.54379577511
6ai6ai-4ai6ai -8.1032587761 0.652610370854 5.10097158058
6ai6ai-6ai -8.35773876479 0.629358316577 5.22058632598
6ai6ai-6ai-6ai -8.16475932852 0.480416547875 5.01642257096
6ai6ai-6ai-6ai- -8.16758639092 0.495011195835 5.02071378561
6ai6ai-6ai6ai- -8.14813731217 0.464450063972 4.98999701481
6ai6ai6ai -8.3850020874 0.665510732734 5.21786518908
6ai6ai6ai-6ai -8.15371418403 0.471708205316 5.0061542809
6ai6ai6ai-6ai- -8.15938704434 0.482960167789 5.01816033534
6ai6ai6ai6ai -8.17382037238 0.5091441199 5.02903079665
6ai6ai6ai6ai- -8.16440488612 0.486198319365 5.0185858812
6al6al -8.12608412033 0.687442580945 5.02752432278
6al6al- -8.17085527621 0.730937489502 5.08126562601
6al6al6al -7.72312137705 0.300518107432 4.51840790282
6al6al6al6al -7.49068125019 0.102242763041 4.24391165043
6al6al6al6al- -7.48102924862 0.140321312032 4.2575313255
6da6da -9.31238794852 -0.0936364535988 5.08417817192
6da6da- -9.36137840426 -0.13052961047 5.25974363576
6da6da-4da6da -8.88699858977 -0.336418749223 5.01064443567
6da6da-6da -8.97676471368 -0.554238508105 4.91764006877
6da6da-6da-6da -8.76068342432 -0.790661404465 4.6123277923
6da6da-6da-6da- -8.73199689808 -0.775993341547 4.60413182085
6da6da-6da6da- -8.78700710468 -0.788210403936 4.6355714586
6da6da6da -8.90529701495 -0.528206895252 4.77249168245
6da6da6da-6da -8.76131865773 -0.782948573116 4.61794930423
6da6da6da-6da- -8.74504427954 -0.778728963769 4.60992602779
6da6da6da6da -8.69906213917 -0.76288806393 4.58768112323
6da6da6da6da- -8.73018141998 -0.778888680018 4.5968254751
6dd -10.2811346338 -0.325928056613 5.32187623654
6dd6dd -9.70734203195 -0.907794405269 4.76965218315
6dd6dd6dd -9.40983187151 -1.34176466143 4.40511341019
6dd6dd6dd6dd -9.6370096043 -1.09356889541 4.93957846916
6de6de -9.19540499533 -0.167395609249 5.09243816179
6de6de6de -9.04593247475 -0.328716295971 5.00185881355
6de6de6de6de -8.9811624513 -0.417657906412 4.97804941299
6df6df -9.02410243278 0.19878099026 5.33178366976
6df6df- -9.04130245583 -0.0058974745051 5.14287752462
6df6df-4df6df -8.61939311012 -0.259545774717 4.78874008377
6df6df-6df -8.80724688921 -0.198531857726 4.90582312234
6df6df-6df-6df -8.66969656103 -0.374956701802 4.74865597682
6df6df-6df-6df- -8.66792458782 -0.37852358378 4.74422789233
6df6df-6df6df- -8.74023766966 -0.382244609156 4.77531542918
6df6df6df -8.91964542071 -0.00294424360921 5.16779613552
6df6df6df-6df -8.74558888082 -0.377005209221 4.75270457291
6df6df6df-6df- -8.73856341128 -0.420658785517 4.72869119742
6df6df6df6df -8.88493391937 -0.102553287139 5.10163177258
6df6df6df6df- -8.84406031266 -0.344482490639 4.86184821109
6dh6dh -8.5150721529 0.396980309061 5.19297965587
6dh6dh- -8.36654353934 0.300510346167 4.91282920168
6dh6dh-4dh6dh -8.12527870183 0.062275955394 4.62938536174
6dh6dh-6dh -8.25342370877 0.0886639474341 4.71208314138
6dh6dh-6dh-6dh -8.16664921238 -0.0542058518089 4.58269368421
6dh6dh-6dh-6dh- -8.15771188655 0.0232410253014 4.6247792089
6dh6dh-6dh6dh- -8.23806176097 -0.033560393612 4.63726789639
6dh6dh6dh -8.1760855045 0.0969600809716 4.62724964196
6dh6dh6dh-6dh -8.22147751609 -0.0366584929647 4.62801759234
6dh6dh6dh-6dh- -8.20432160137 -0.0177650664042 4.57958461021
6dh6dh6dh6dh -8.10632834449 -0.0226796883112 4.50201928107
6dh6dh6dh6dh- -8.16627962751 -0.0553239081999 4.5818556918
6di6di -9.31158069684 0.36330753079 5.42091891174
6di6di- -9.31219320026 0.36334643641 5.4204652308
6di6di-4di6di -8.92788686479 0.173613407946 5.30807302911
6di6di-6di -9.08769315789 0.18722874927 5.34155170704
6di6di-6di-6di -8.99433192631 0.0872356101009 5.31302882876
6di6di-6di-6di- -9.00316308713 0.0469803685515 5.30023624442
6di6di-6di6di- -8.98484887298 0.0815989863503 5.29075272085
6di6di6di-6di -8.99151946718 0.0794670906987 5.29391563261
6di6di6di-6di- -8.97853312896 0.0486107846291 5.28350257869
6di6di6di6di -9.00328171537 0.047088220692 5.30036889577
6di6di6di6di- -8.99460906438 0.0874722391107 5.31314982442
6dl6dl -8.49518231427 0.036982342047 4.86240468062
6dl6dl- -8.62546508574 0.398141900936 5.14597113405
6dl6dl6dl -8.19452080535 -0.362469865852 4.41555735817
6dl6dl6dl6dl -8.01559504502 -0.568007241999 4.17624438813
6dl6dl6dl6dl- -8.36331998873 0.162960853436 4.8749888653
6ea6ea -8.58851486792 0.424482168329 4.91296204311
6ea6ea- -8.65012961018 0.412186256539 5.16158631673
6ea6ea-4ea6ea -8.18082337033 0.298180644634 4.92983517244
6ea6ea-6ea -8.25961858217 0.0301551785099 4.7936854559
6ea6ea-6ea-6ea -8.22483736593 0.179946293189 4.88701903588
6ea6ea-6ea-6ea- -8.26765607881 0.255528749976 4.97100775359
6ea6ea-6ea6ea- -8.05270118192 -0.17345314544 4.52607844716
6ea6ea6ea -8.46343390166 0.498721484712 5.19940219129
6ea6ea6ea-6ea -8.03292897683 -0.175065686671 4.51021135509
6ea6ea6ea-6ea- -8.01670345069 -0.182489082323 4.49590839881
6ea6ea6ea6ea -7.97846495843 -0.182131678944 4.46888981122
6ea6ea6ea6ea- -8.00340699809 -0.182188536196 4.48306028669
6ed6ed -9.22949510537 -0.184751626853 5.06459277479
6ed6ed6ed -9.06238428562 -0.358229215276 4.94540051629
6ed6ed6ed6ed -8.57939512088 -1.03867400828 4.12546737203
6ee -8.8629881352 0.532817997331 5.21278196602
6ee6ee -8.55974826726 0.351332920256 5.08277112481
6ee6ee6ee -8.37714986278 0.229839473619 4.97993258195
6ee6ee6ee6ee -8.28708729307 0.157366107922 4.95156721199
6ef6ef -8.38391301478 0.762212089692 5.25431598754
6ef6ef- -8.32737108743 0.523608366617 5.00748712877
6ef6ef-4ef6ef -7.96981484012 0.343145002252 4.75041580153
6ef6ef-6ef -8.12363748648 0.381518253903 4.8160277998
6ef6ef-6ef-6ef -7.98751466321 0.253527961041 4.68119917202
6ef6ef-6ef-6ef- -7.98703950115 0.217043245268 4.66532907874
6ef6ef-6ef6ef- -8.01977822849 0.236703602351 4.68397295634
6ef6ef6ef -8.2441152209 0.575272347212 5.04761788235
6ef6ef6ef-6ef -8.05634311777 0.224073243401 4.6715754116
6ef6ef6ef-6ef- -8.06787821105 0.177945237485 4.65990975854
6ef6ef6ef6ef -8.18389357136 0.473625763925 4.94952396238
6ef6ef6ef6ef- -8.14470325786 0.264243308457 4.75976161192
6eh6eh -7.9003013078 0.780536361856 4.90889974424
6eh6eh- -7.64577173968 0.843131634318 4.72511750895
6eh6eh-4eh6eh -7.67835906419 0.611487846961 4.70864948147
6eh6eh-6eh -7.8010023693 0.618070239478 4.75339460583
6eh6eh-6eh-6eh -7.77076659209 0.556790668831 4.71391748922
6eh6eh-6eh-6eh- -7.81247855865 0.628736113825 4.79764926471
6eh6eh-6eh6eh- -7.69195017138 0.510464838298 4.62953226041
6eh6eh6eh -7.73793130904 0.584453727983 4.67282244026
6eh6eh6eh-6eh -7.76139613657 0.543787634824 4.67738991957
6eh6eh6eh-6eh- -7.78938599526 0.578834761405 4.72319661819
6eh6eh6eh6eh -7.65365234764 0.47195414639 4.54987080849
6eh6eh6eh6eh- -7.84587308171 0.64314656043 4.79008931714
6ei6ei -8.6481547037 0.957653386793 5.36722334919
6ei6ei- -8.64814388246 0.957639451468 5.36723818036
6ei6ei-4ei6ei -8.30047122082 0.834396583158 5.29307904065
6ei6ei-6ei -8.43540959062 0.854625987287 5.29060419794
6ei6ei-6ei-6ei -8.32942255053 0.793999667622 5.26315912573
6ei6ei-6ei-6ei- -8.31995010707 0.70748102112 5.25071145833
6ei6ei-6ei6ei- -8.31999655732 0.707547699883 5.25078575757
6ei6ei6ei -8.43040512295 0.804991292349 5.30740827721
6ei6ei6ei-6ei -8.32942217744 0.793978957919 5.26319129685
6ei6ei6ei-6ei- -8.31638545022 0.742625603776 5.24980912536
6ei6ei6ei6ei -8.31995847573 0.707532220641 5.25075126464
6ei6ei6ei6ei- -8.33036798011 0.748491406979 5.26220477045
6el6el -7.84841575675 0.513156370418 4.72411428044
6el6el- -8.05211152541 0.970770798261 5.14427421881
6el6el6el -7.5273427709 0.141153439255 4.28566038076
6el6el6el6el -7.33874395867 -0.0476526456393 4.05278057991
6el6el6el6el- -7.69737651216 0.742928351357 4.79924377447
6fa6fa -8.30074625073 0.430539201305 4.8799906046
6fa6fa- -8.41523103544 0.569005065588 5.18312275072
6fa6fa-4fa6fa -7.97630675392 0.327070903548 4.73211445767
6fa6fa-6fa -8.1445564681 0.203106393346 4.74617869776
6fa6fa-6fa-6fa -7.97637457807 0.129432249241 4.59570456817
6fa6fa-6fa-6fa- -7.71228458688 -0.0506028118428 4.2997277271
6fa6fa-6fa6fa- -7.8948917588 0.0255948477236 4.46485737993
6fa6fa6fa -7.89715050099 -0.0241596740642 4.34192631086
6fa6fa6fa-6fa -7.81002815334 -0.0527617593321 4.31881009658
6fa6fa6fa-6fa- -7.66762618375 -0.0463946626131 4.23920794605
6fa6fa6fa6fa -7.68674938804 -0.264377833922 4.04790244719
6fa6fa6fa6fa- -7.65358770105 -0.144155840487 4.11378300468
6fd6fd -8.71053220595 -0.307508202026 4.63732299322
6fd6fd- -8.95848318087 0.146396694893 5.24888172745
6fd6fd-4fd6fd -8.76354395327 -0.122085288866 4.96863661314
6fd6fd-6fd -8.84293602487 -0.216955186803 4.93428626
6fd6fd-6fd-6fd -8.74004109098 -0.312942185307 4.81628516923
6fd6fd-6fd-6fd- -8.68831324717 -0.218202564394 4.85662113447
6fd6fd-6fd6fd- -8.69120090329 -0.35619557221 4.74280382157
6fd6fd6fd -8.4337270376 -0.79887765255 4.18938603534
6fd6fd6fd-6fd -8.56666046953 -0.563432329444 4.46070188657
6fd6fd6fd-6fd- -8.49331120172 -0.496019221636 4.45222673199
6fd6fd6fd6fd -8.2960722795 -1.07040873281 3.94550251815
6fd6fd6fd6fd- -8.34398347766 -0.814368654963 4.12270880316
6fe6fe -8.018485216 0.185157965025 4.56556581032
6fe6fe- -8.30035430448 0.70927289985 5.16355656087
6fe6fe-4fe6fe -8.03225887662 0.455434290353 4.85453415768
6fe6fe-6fe -8.1310038161 0.31342926653 4.79124171821
6fe6fe-6fe-6fe -8.01565760708 0.223664030963 4.67551711077
6fe6fe-6fe-6fe- -7.95106006497 0.361951261907 4.72250771529
6fe6fe-6fe6fe- -7.96664254423 0.223188722142 4.62494076612
6fe6fe6fe -7.70986212917 -0.269085229016 4.06569970094
6fe6fe6fe-6fe -7.82129408256 0.0108883592434 4.3310977814
6fe6fe6fe-6fe- -7.75084474505 0.10950340691 4.34202700245
6fe6fe6fe6fe -7.54537425185 -0.510557682642 3.81288300838
6fe6fe6fe6fe- -7.60066039523 -0.233505645126 4.00367603727
6ff -8.54999336719 1.28105432795 5.49766047587
6ff6ff -7.98295399826 0.349079497063 4.55630470311
6ff6ff- -8.08856991842 0.536530444286 4.8118998554
6ff6ff-4ff6ff -7.73136015356 0.223363855184 4.40626483708
6ff6ff-6ff -7.68146466517 -0.0797902013825 4.1576054519
6ff6ff-6ff-6ff -7.7211774267 0.0271078244815 4.25972776218
6ff6ff-6ff-6ff- -7.65198615147 0.12783274936 4.27344932772
6ff6ff-6ff6ff- -7.47317305717 -0.243488771165 3.90970434355
6ff6ff6ff -7.70085850988 -0.101206273376 4.08398489071
6ff6ff6ff-6ff -7.6372241402 -0.121066903803 4.063470968
6ff6ff6ff-6ff- -7.57257441973 -0.0324319947801 4.07288738485
6ff6ff6ff6ff -7.54907638308 -0.347900378233 3.83583203188
6ff6ff6ff6ff- -7.51928946604 -0.210380247092 3.90034661321
6fh6fh -7.69963407227 0.480183031549 4.44262508637
6fh6fh- -7.82847945683 0.777329488607 4.80106056953
6fh6fh-4fh6fh -7.62769244674 0.488053965408 4.52621185553
6fh6fh-6fh -7.71669312191 0.336306713127 4.47483982694
6fh6fh-6fh-6fh -7.64958320956 0.283434241843 4.40442251219
6fh6fh-6fh-6fh- -7.57077688313 0.505391785605 4.46715510161
6fh6fh-6fh6fh- -7.55599450164 0.240472111592 4.29551487385
6fh6fh6fh -7.44107380453 0.0345825435237 4.00386152407
6fh6fh6fh-6fh -7.43453759376 0.103645380399 4.07049792961
6fh6fh6fh-6fh- -7.36203895863 0.265049365021 4.11253852825
6fh6fh6fh6fh -7.29692590628 -0.210904916064 3.76939795208
6fh6fh6fh6fh- -7.26793597417 -0.0169519905258 3.86333164146
6fi6fi -8.06686561209 0.607319547804 4.81380929416
6fi6fi- -8.3447873915 1.02483599083 5.35662732053
6fi6fi-4fi6fi -8.06806713308 0.963293959719 5.13036105101
6fi6fi-6fi -8.18532647709 0.768556050532 5.08505019545
6fi6fi-6fi-6fi -8.05726981029 0.721200735781 4.98877194888
6fi6fi-6fi-6fi- -7.98076844531 0.861137352342 5.01955560172
6fi6fi-6fi6fi- -8.01108194876 0.707170823696 4.93948194602
6fi6fi6fi -7.68554868266 0.169679409453 4.30538733147
6fi6fi6fi-6fi -7.78392703658 0.441332597545 4.55182833732
6fi6fi6fi-6fi- -7.70601750492 0.528032275148 4.55400007802
6fi6fi6fi6fi -7.48425638273 -0.0432887678587 4.0346028823
6fi6fi6fi6fi- -7.51149187855 0.157042644023 4.18540568641
6fl6fl -7.53960826383 0.443516934094 4.33114425676
6fl6fl- -7.80936887096 1.00717096169 4.9230418028
6fl6fl6fl -7.17744323172 0.00211682014938 3.82167636953
6fl6fl6fl6fl -6.97091105957 -0.229816583497 3.55515903252
6fl6fl6fl6fl- -6.99549553968 0.0305287346879 3.71900907257
6ha6ha -7.76021761795 0.743494019073 4.61059105602
6ha6ha- -8.07677853453 0.825377488369 5.03878467577
6ha6ha-4ha6ha -7.48211731314 0.384631666933 4.29114096899
6ha6ha-6ha -7.7849719013 0.474983577232 4.62967884235
6ha6ha-6ha-6ha -7.43948049759 0.228795661924 4.14328919125
6ha6ha-6ha-6ha- -7.33979895483 0.176135666164 4.02463299492
6ha6ha-6ha6ha- -7.62672823938 0.292449809628 4.41499259836
6ha6ha6ha -7.4292223578 0.350051798309 4.16368476913
6ha6ha6ha-6ha -7.47847495165 0.262100349203 4.22474497076
6ha6ha6ha-6ha- -7.39684022838 0.222668479446 4.13700969805
6ha6ha6ha6ha -7.26538418802 0.148541053272 3.94363338437
6ha6ha6ha6ha- -7.33621157515 0.196598594641 4.02605323496
6hd6hd -8.19884623289 0.14505087879 4.55844006411
6hd6hd- -8.33345888202 0.32568881391 4.89784584134
6hd6hd-4hd6hd -8.06040101289 -0.0979720382528 4.38398553124
6hd6hd-6hd -8.21876844015 0.054685327667 4.63681963762
6hd6hd-6hd-6hd -8.04852647679 -0.235007724324 4.253457444
6hd6hd-6hd-6hd- -7.9878863027 -0.330387988697 4.15649224682
6hd6hd-6hd6hd- -8.17408818464 -0.0768603463159 4.53247294416
6hd6hd6hd -8.03817779456 -0.243903786646 4.2165916292
6hd6hd6hd-6hd -8.11349871188 -0.220505851346 4.31933336693
6hd6hd6hd-6hd- -8.02724637018 -0.304105151562 4.22816511951
6hd6hd6hd6hd -7.96494197461 -0.453307534429 4.06080657679
6hd6hd6hd6hd- -8.00548180304 -0.377011832144 4.11769977514
6he6he -7.66541622376 0.602153161543 4.51807956201
6he6he- -7.88898294393 0.763396821856 4.8884716741
6he6he-4he6he -7.52000253987 0.411890005792 4.37271932078
6he6he-6he -7.75730091915 0.574377218198 4.67953125743
6he6he-6he-6he -7.45597954822 0.285185146428 4.20201120739
6he6he-6he-6he- -7.36791407369 0.19619911127 4.08144576666
6he6he-6he6he- -7.67014872379 0.443926278793 4.54596959447
6he6he6he -7.45709498544 0.250542452915 4.16577386088
6he6he6he-6he -7.51113778295 0.319903031455 4.26055417884
6he6he6he-6he- -7.46576338596 0.22808178679 4.20878756027
6he6he6he6he -7.35099289059 0.0636535040911 3.99557426858
6he6he6he6he- -7.40272783098 0.152682468079 4.07209484595
6hf6hf -7.703555793 0.672153264432 4.53783294466
6hf6hf- -7.91794631426 0.642188243579 4.74542721953
6hf6hf-4hf6hf -7.41297193825 0.227995653242 4.12734438063
6hf6hf-6hf -7.71695034062 0.372499621351 4.48590708787
6hf6hf-6hf-6hf -7.36876069074 0.0807689220946 3.97449561984
6hf6hf-6hf-6hf- -7.22589574837 -0.0262185071396 3.81134058602
6hf6hf-6hf6hf- -7.61840475685 0.213354719794 4.318884456
6hf6hf6hf -7.49606494949 0.322817759945 4.1850324827
6hf6hf6hf-6hf -7.48648039461 0.165384332692 4.13320364826
6hf6hf6hf-6hf- -7.39203689171 0.0521604876339 3.99280588548
6hf6hf6hf6hf -7.38635676522 0.132609750726 4.00312493697
6hf6hf6hf6hf- -7.41223844802 0.132574501677 4.02704333455
6hh -7.94982941161 1.46968316726 5.21538091874
6hh6hh -7.56105569776 0.806453417278 4.5462160684
6hh6hh6hh -7.34536278586 0.466956269246 4.18225003915
6hh6hh6hh6hh -7.2314617771 0.287918397171 4.00527890193
6hi6hi -7.7663995129 0.973013615927 4.80402311179
6hi6hi- -8.00850377597 1.19903600651 5.17080823294
6hi6hi-4hi6hi -7.555123235 0.872114390484 4.64328966124
6hi6hi-6hi -7.82775562695 1.00784120863 4.94236726496
6hi6hi-6hi-6hi -7.54599890282 0.726051824189 4.52978448537
6hi6hi-6hi-6hi- -7.46315431218 0.60140251375 4.40186921064
6hi6hi-6hi6hi- -7.73386795324 0.917916277626 4.82962185707
6hi6hi6hi -7.5234116515 0.667832612555 4.47227037885
6hi6hi6hi-6hi -7.59003208076 0.771265479685 4.59138488133
6hi6hi6hi-6hi- -7.52964941995 0.695812919824 4.5234453263
6hi6hi6hi6hi -7.39420306927 0.510538595159 4.30681506048
6hi6hi6hi6hi- -7.44683318556 0.600164928389 4.38461846257
6hl6hl -7.31745968663 0.80296997079 4.34474094297
6hl6hl- -7.54943527626 1.11378274606 4.7808187051
6hl6hl6hl -7.0203569344 0.455160841334 3.94266653871
6hl6hl6hl6hl -6.85039720298 0.263489909914 3.72855762998
6hl6hl6hl6hl- -6.91773863678 0.3992517345 3.84653759879
6ia6ia -8.75191747807 0.99301509183 5.37711175682
6ia6ia- -8.73291676988 0.9585205631 5.46093608505
6ia6ia-4ia6ia -8.09679366506 0.672227983202 5.09398366965
6ia6ia-6ia -8.30876065373 0.639585243781 5.17538871767
6ia6ia-6ia-6ia -8.12425661009 0.50649446551 4.99241622673
6ia6ia-6ia-6ia- -8.15230643755 0.528690090809 5.02445094723
6ia6ia-6ia6ia- -8.09505283426 0.477068597772 4.95107208498
6ia6ia6ia -8.35274337635 0.708280339027 5.16450201386
6ia6ia6ia-6ia -8.09013053457 0.488570043803 4.95096815472
6ia6ia6ia-6ia- -8.11524082581 0.50806576817 4.98438467195
6ia6ia6ia6ia -8.15080713643 0.555027082715 5.00329774645
6ia6ia6ia6ia- -8.11958116493 0.526551735075 4.978330306
6id6id -9.26887042934 0.293114342782 5.27199441185
6id6id- -9.3142660359 0.339537804859 5.36744311624
6id6id-4id6id -8.92944686558 0.0551074328223 5.16331245288
6id6id-6id -9.08724613527 0.136706857606 5.19383414613
6id6id-6id-6id -8.93419219539 -0.0710281688434 5.08997737778
6id6id-6id-6id- -8.94325860932 -0.0761322932763 5.05274859515
6id6id-6id6id- -8.98140032714 0.0186479110009 5.12573413624
6id6id6id -9.03939944206 0.0588353804417 5.10155656263
6id6id6id-6id -8.94664820481 -0.0418474903845 5.10679569959
6id6id6id-6id- -8.92723845885 -0.0818273264079 5.0922746164
6id6id6id6id -8.93033442927 -0.0880884277095 5.03502906517
6id6id6id6id- -8.92270410382 -0.076497735748 5.06501916271
6ie6ie -8.54147862945 0.844016241054 5.26436524696
6ie6ie- -8.64064029349 0.952818205208 5.35577588748
6ie6ie-4ie6ie -8.21625104298 0.72165031597 5.20115917384
6ie6ie-6ie -8.44524225281 0.830087830135 5.2394937027
6ie6ie-6ie-6ie -8.24452558904 0.610237341623 5.10410816841
6ie6ie-6ie-6ie- -8.21073847571 0.556003372395 5.07520943429
6ie6ie-6ie6ie- -8.3462137306 0.763167097534 5.18742297345
6ie6ie6ie -8.30516047455 0.628111145254 5.11224855028
6ie6ie6ie-6ie -8.28714914211 0.646994026595 5.13533547381
6ie6ie6ie-6ie- -8.23387562288 0.574985087781 5.08054522434
6ie6ie6ie6ie -8.17675152485 0.499622510464 5.00960352289
6ie6ie6ie6ie- -8.20681301262 0.546121760788 5.04731452085
6if6if -8.35309335913 0.969247230608 5.27484605264
6if6if- -8.42687576511 1.01406150512 5.3430907627
6if6if-4if6if -7.93921603606 0.733352479037 4.92512213153
6if6if-6if -8.18489685036 0.830828438655 5.08453074573
6if6if-6if-6if -7.94087376061 0.580629830625 4.80805395386
6if6if-6if-6if- -7.92477400864 0.51114652068 4.75904944108
6if6if-6if6if- -8.06515666581 0.726696432387 4.96212743759
6if6if6if -8.14620974471 0.71316932617 4.99497085262
6if6if6if-6if -8.06859059752 0.642535414491 4.90751202288
6if6if6if-6if- -8.04940645778 0.537545672789 4.84384172932
6if6if6if6if -8.03935947951 0.581692286439 4.85111361423
6if6if6if6if- -8.06295010318 0.57755803445 4.85977675616
6ih6ih -8.00897299239 1.13064459521 5.1164268817
6ih6ih- -8.00908199789 1.20596124184 5.13684448473
6ih6ih-4ih6ih -7.70487103191 0.985282829264 4.83872181511
6ih6ih-6ih -7.8557949463 1.02810213118 4.93627580375
6ih6ih-6ih-6ih -7.75436018311 0.857476240017 4.79069881212
6ih6ih-6ih-6ih- -7.75402487157 0.82218662969 4.77576475877
6ih6ih-6ih6ih- -7.77377177709 0.942223509228 4.84074998795
6ih6ih6ih -7.84125031404 0.903923796472 4.88807209992
6ih6ih6ih-6ih -7.76416896652 0.878391264973 4.81468768612
6ih6ih6ih-6ih- -7.75538197363 0.836018487764 4.78231215803
6ih6ih6ih6ih -7.74658146657 0.779743590742 4.76269880431
6ih6ih6ih6ih- -7.74935564944 0.810973594891 4.77973178214
6ii -9.1589379923 1.61266749766 5.66765962964
6ii6ii -8.64849690985 1.31995199862 5.46743344365
6ii6ii6ii6ii -8.20909320532 1.05055854545 5.28574314543
6il6il- -8.09397534826 1.28245252044 5.29363406749
6il6il6il6il -7.5644741258 0.792358168136 4.69622805406
6la6la6la6la -7.40866346569 0.117034459194 4.19425497642
6ld6ld -8.74686281764 0.403970777379 5.31586980482
6ld6ld6ld -8.2182595547 -0.459914844145 4.3571550365
6ld6ld6ld6ld -8.06357809185 -0.686823999106 4.11221459315
6le6le -8.07706118737 0.899807269113 5.1512942651
6le6le6le -7.85657165857 0.700249583606 4.87426325141
6le6le6le6le -7.73376909969 0.590035525528 4.72591907877
6lf6lf -7.91705225324 0.956213624507 4.96111925468
6lf6lf6lf -7.71302365838 0.749910334968 4.70418292119
6lf6lf6lf6lf -7.60100378758 0.640443172514 4.57059519794
6lh6lh -7.69099389213 1.09245565803 4.87994766911
6lh6lh6lh -7.50312379072 0.888517818826 4.63639647745
6lh6lh6lh6lh -7.40232275906 0.790602014436 4.51586595626
6li6li -8.17172436719 1.36591726613 5.42201522739
6li6li6li -7.89131391769 1.1820059514 5.14322918654
6li6li6li6li -7.76995348237 1.12913059189 5.03417968151
6ll -8.0521856997 1.51088186518 5.32038444309
6ll6ll -7.40144304397 0.74096441683 4.476869506
6ll6ll6ll -7.03680634027 0.378499665876 4.00837558554
6ll6ll6ll6ll -6.82552013214 0.193226040583 3.75644409656
