12dd -8.25063926824 1.13666004995 6.26463086639
12dd12dd -7.23779891106 -0.10692677405 4.29655145851
12dd12dd- -7.22255381114 -0.11492388286 4.27969991263
12dd12dd-12dd -6.7958496191 -0.471080692515 3.64493497364
12dd12dd-12dd-12dd -6.65173164596 -0.484851536438 3.52022646448
12dd12dd-12dd-12dd- -6.64364173367 -0.684632130188 3.36480543154
12dd12dd-12dd12dd- -6.57567714189 -0.67316700977 3.3274442796
12dd12dd-4dd12dd -6.85414586535 -0.693896272582 3.64414120897
12dd12dd12dd -6.88663664421 -0.526999592694 3.7074417914
12dd12dd12dd-12dd -6.62119136373 -0.690222820094 3.35696416151
12dd12dd12dd-12dd- -6.66960917777 -0.716579818789 3.38322575605
12dd12dd12dd12dd -6.74113040063 -0.785445077287 3.38457478055
12dd12dd12dd12dd- -6.64350731448 -0.684581337774 3.36470757728
12dh -6.68605493363 1.62300688978 5.08258250096
12dh12dh -5.58333897381 1.02885563004 3.76163476407
12dh12dh- -5.58974528207 0.964896763097 3.73435665858
12dh12dh-12dh -4.982714662 0.784744878491 3.08534835136
12dh12dh-12dh-12dh -4.69650544314 0.708804002877 2.81474797174
12dh12dh-12dh-12dh- -4.74516364182 0.639926730815 2.84143267502
12dh12dh-12dh12dh- -4.65123296397 0.70331508437 2.79476392515
12dh12dh-4dh12dh -5.01989450863 0.537790247775 2.99461902129
12dh12dh12dh -5.05409018794 0.795884471326 3.22035153522
12dh12dh12dh-12dh -4.65147056988 0.71145524859 2.83518063695
12dh12dh12dh-12dh- -4.73805067284 0.653074239626 2.8826539756
12dh12dh12dh12dh -4.74558245754 0.694667070197 2.92934725418
12dh12dh12dh12dh- -4.66589086249 0.773629103849 2.88713730736
12hd -6.68608467723 1.6229995014 5.08260579282
12hd12hd -5.58323493136 1.0288661981 3.76157220215
12hd12hd- -5.58959012083 0.964946098882 3.73421968923
12hd12hd-12hd -4.98252511126 0.784938479976 3.08532434605
12hd12hd-12hd-12hd -4.69671705722 0.708834057768 2.81491851058
12hd12hd-12hd-12hd- -4.66589307989 0.773635138036 2.88714191488
12hd12hd-12hd12hd- -4.65123797201 0.703312641254 2.79476588062
12hd12hd-4hd12hd -5.15047909346 0.416839971233 3.02561823741
12hd12hd12hd -5.05408866923 0.795881373644 3.22034889021
12hd12hd12hd-12hd -4.72637574154 0.648505662839 2.8316339008
12hd12hd12hd-12hd- -4.73803660797 0.653079501225 2.88264668879
12hd12hd12hd12hd -4.74556787794 0.694675976568 2.92934259103
12hd12hd12hd12hd- -4.74521835135 0.639920487765 2.84145543357
12hh -6.32547850966 2.49150281849 5.48809490008
12hh12hh -4.97816236784 1.93880151811 4.04799242935
12hh12hh- -4.98835225562 1.78479319486 3.94065357013
12hh12hh-12hh -4.17019439515 1.72099567127 3.20344903972
12hh12hh-12hh-12hh -3.94597827945 1.62161753354 2.98783682722
12hh12hh-12hh-12hh- -3.90013990428 1.67853399553 3.00463744481
12hh12hh-12hh12hh- -3.87979434883 1.56184768981 2.87463001992
12hh12hh-4hh12hh -4.1184735091 1.44531623714 2.95300104452
12hh12hh12hh -4.39390139375 1.79283251717 3.4942658465
12hh12hh12hh-12hh -3.80539447306 1.70898079146 2.9524926632
12hh12hh12hh-12hh- -3.71833723528 1.79965890316 2.97610171731
12hh12hh12hh12hh -3.98409683482 1.73154636298 3.13719783343
12hh12hh12hh12hh- -3.90069048239 1.67828485768 3.00481296553
13aa -7.52981497401 2.79323823822 6.81724799904
13aa13aa -6.28430428159 1.9390745757 5.11472334036
13aa13aa- -6.32636356871 1.91762843719 5.13570117879
13aa13aa-13aa -5.84581369014 1.74272651374 4.61848262283
13aa13aa-13aa-13aa -5.58344331945 1.57294778867 4.28862411564
13aa13aa-13aa-13aa- -5.80791960961 1.6956855842 4.57047143634
13aa13aa-13aa13aa- -5.6089930258 1.6364605628 4.3580939262
13aa13aa-4aa13aa -5.90575914515 0.434427794076 3.81113926914
13aa13aa13aa -5.80905758399 1.62479598438 4.51033809998
13aa13aa13aa-13aa -5.61095809115 1.57797415785 4.31657609548
13aa13aa13aa-13aa- -5.61596867413 1.5171580168 4.27599820015
13aa13aa13aa13aa -5.91587764207 1.80042453997 4.74172216894
13aa13aa13aa13aa- -5.58916554431 1.49538404521 4.23889941001
13ad13ad -6.5236096573 1.41506824942 4.86859983945
13ad13ad- -6.55985907786 1.32639118264 4.84705864167
13ad13ad-13ad -6.0824996231 1.2468934592 4.43122080165
13ad13ad-13ad-13ad -5.81241758659 1.14462525016 4.15034141659
13ad13ad-13ad-13ad- -5.82179764913 1.00614084609 4.096574742
13ad13ad-13ad13ad- -5.83014468016 1.1995758261 4.20335567874
13ad13ad-4ad13ad -6.15905174476 0.106582299579 3.72935841053
13ad13ad13ad -6.0937522334 1.13891224311 4.34573478433
13ad13ad13ad-13ad -5.8952517983 1.09312471341 4.16243856305
13ad13ad13ad-13ad- -5.90168103984 1.04148790839 4.12104130175
13ad13ad13ad13ad -6.18514671377 1.26945842004 4.53859441428
13ad13ad13ad13ad- -5.99823939311 1.02456313427 4.1720004503
13ae13ae -6.34292207872 1.13227400376 4.53455799403
13ae13ae- -6.39671317936 0.968398274184 4.47882180365
13ae13ae-13ae -5.97668146374 0.876837266329 4.17096720678
13ae13ae-13ae-13ae -5.79371384462 0.853172295456 3.99236228285
13ae13ae-13ae-13ae- -5.85073402523 0.744550250685 4.00405182481
13ae13ae-13ae13ae- -5.7685192003 0.855570608103 3.97370631367
13ae13ae-4ae13ae -6.07800046729 -0.0394480831926 3.59516034444
13ae13ae13ae -6.04389944341 0.984256587573 4.19958252382
13ae13ae13ae-13ae -5.79321438321 0.79960913959 3.96215805145
13ae13ae13ae-13ae- -5.86706549931 0.760001145403 3.92456486058
13ae13ae13ae13ae -5.97673264243 1.03836617673 4.24847383524
13ae13ae13ae13ae- -5.852851447 0.807277425263 3.95473184691
13af13af -6.1385890448 2.02591516091 5.0020335182
13af13af- -5.91054209797 2.00465912803 4.82241514036
13af13af-13af -5.41008283916 1.81231006314 4.30538472147
13af13af-13af-13af -5.28009818156 1.35048856339 3.84354053147
13af13af-13af-13af- -5.20882774723 1.39792340808 3.80332646346
13af13af-13af13af- -5.16885597468 1.62660842215 4.00491882014
13af13af-4af13af -5.68045518995 0.440216216199 3.55799532204
13af13af13af -5.81319412051 1.77205701564 4.57476751293
13af13af13af-13af -5.3257158685 1.52462034076 4.02953700231
13af13af13af-13af- -5.51985697012 1.24475730677 3.90243742558
13af13af13af13af -5.69429506522 1.61845511476 4.37812025358
13af13af13af13af- -5.5715890392 1.48511744547 4.16160326628
13ah13ah -5.13458974216 2.61472613236 4.59953752207
13ah13ah- -5.30531075386 2.52891620923 4.74767491171
13ah13ah-13ah -4.84367412416 2.41166554993 4.36310067963
13ah13ah-13ah-13ah -4.46108078488 2.34829580489 3.97337872461
13ah13ah-13ah-13ah- -4.37300566583 2.33585050049 3.90013463978
13ah13ah-13ah13ah- -4.56824900728 2.36301852055 4.13833059955
13ah13ah-4ah13ah -4.78255028875 1.37558449278 3.49757675368
13ah13ah13ah -4.67839914301 2.48399213481 4.18355761807
13ah13ah13ah-13ah -4.57208919032 2.32597281137 4.06026552998
13ah13ah13ah-13ah- -4.45256132925 2.30936386666 3.92495394709
13ah13ah13ah13ah -4.43499710558 2.42155806672 3.9733405197
13ah13ah13ah13ah- -4.49889716553 2.37277119917 3.99447563617
13ai13ai -6.14860156051 2.25306347944 5.23836979142
13ai13ai- -6.11622218428 2.19402150469 5.17262636164
13ai13ai-13ai -5.63121499867 2.02078044059 4.6577223357
13ai13ai-13ai-13ai -5.41771356394 1.88034857939 4.38723066702
13ai13ai-13ai-13ai- -5.48651891033 1.86408886834 4.43477989602
13ai13ai-13ai13ai- -5.38297387743 1.91468884436 4.39076427923
13ai13ai-4ai13ai -5.73578896399 0.751644008721 3.91716249607
13ai13ai13ai -5.764335319 2.07691447773 4.81904040381
13ai13ai13ai-13ai -5.42780663163 1.88350346806 4.39689294533
13ai13ai13ai-13ai- -5.46611892248 1.82160329191 4.37183708652
13ai13ai13ai13ai -5.5955244874 1.96965732302 4.61080082988
13ai13ai13ai13ai- -5.5167652973 1.9219879596 4.5122516199
13al13al -5.68742339517 2.08057040953 4.72156393659
13al13al- -5.77719648871 2.128297331 4.81275072363
13al13al-13al -5.23828527252 1.8651800523 4.21012077311
13al13al-13al-13al -5.16833576836 1.61819895313 3.97286623035
13al13al-13al-13al- -5.21108325984 1.61857255909 4.01081467557
13al13al-13al13al- -4.97426643677 1.77556223997 3.95913013677
13al13al13al -5.20936122058 1.72975522132 4.10169521033
13al13al13al-13al -5.05872937 1.70457518566 3.9723705987
13al13al13al-13al- -5.18216719566 1.57058642532 3.93213340985
13al13al13al13al -5.05691225767 1.40694825631 3.72062921157
13al13al13al13al- -4.97422228268 1.62374657373 3.84219435928
13da13da -6.52361009213 1.41506876613 4.86860053773
13da13da- -6.55985971387 1.32639161417 4.8470596914
13da13da-13da -6.08249977949 1.2468944945 4.43122272144
13da13da-13da-13da -5.8124186838 1.14462559003 4.15034268571
13da13da-13da-13da- -6.04206759823 1.10430715005 4.29824680317
13da13da-13da13da- -5.8301447834 1.19957689332 4.20335750646
13da13da-4da13da -6.1036322371 -0.0221031405772 3.60960715949
13da13da13da -6.09375253479 1.1389134724 4.34573590379
13da13da13da-13da -5.83178365576 1.14956749099 4.15866156992
13da13da13da-13da- -5.90168014262 1.04149012493 4.12104201068
13da13da13da13da -6.18495465458 1.26911336466 4.53817937754
13da13da13da13da- -5.82181658264 1.00612647241 4.09657195775
13dd -7.88290044785 1.5960257992 6.19423995398
13dd13dd -7.20226998814 1.28559496463 5.39430935085
13dd13dd- -6.78843194846 0.782218518558 4.60651543595
13dd13dd-13dd -6.35282969593 0.695744734287 4.27357735965
13dd13dd-13dd-13dd -6.25521650608 0.785322479683 4.29256078299
13dd13dd-13dd-13dd- -6.35455336269 0.509861724908 4.19803312193
13dd13dd-13dd13dd- -6.15988444083 0.802769760109 4.22477333604
13dd13dd-4dd13dd -6.40028440866 -0.399593677672 3.54134317991
13dd13dd13dd -6.37182021697 0.728129825803 4.34461519887
13dd13dd13dd-13dd -6.2667584988 0.60562167389 4.18043117622
13dd13dd13dd-13dd- -6.39297966263 0.564194345095 4.16681415624
13dd13dd13dd13dd -6.1595849644 0.802744535325 4.22443980377
13dd13dd13dd13dd- -6.35510990602 0.510046509505 4.19856822624
13de13de -6.80760230034 0.931037242718 4.80334116347
13de13de- -6.61745876466 0.535921731716 4.31509781599
13de13de-13de -6.19167468628 0.414185948047 3.98926176944
13de13de-13de-13de -6.06584513324 0.465628927321 4.00006605432
13de13de-13de-13de- -6.29577316699 0.385216673681 4.06608259223
13de13de-13de13de- -5.97202366873 0.429650675366 3.82315922218
13de13de-4de13de -6.23486049578 -0.51505492914 3.33671000257
13de13de13de -6.6014789424 0.834590901464 4.65702857451
13de13de13de-13de -6.07081895491 0.298821852267 3.87636409702
13de13de13de-13de- -6.21216905491 0.342865746631 3.90137840196
13de13de13de13de -6.55197581826 0.756042695336 4.59158696329
13de13de13de13de- -6.12905715075 0.270581526913 3.92466548487
13df13df -6.31807759154 1.50727443836 4.70000354283
13df13df- -6.18400289827 1.50186454898 4.62108480044
13df13df-13df -5.75040230413 1.32755284989 4.13540654246
13df13df-13df-13df -5.41530658814 1.31643096543 3.88451914947
13df13df-13df-13df- -5.6805673095 1.17733588133 4.05181539407
13df13df-13df13df- -5.41569632731 1.27812026785 3.86254005723
13df13df-4df13df -5.78217058054 0.241764415056 3.46823539292
13df13df13df -5.9177788281 0.996188064566 3.99214477095
13df13df13df-13df -5.53762076727 1.11450146655 3.82136448157
13df13df13df-13df- -5.68047023971 1.03583767838 3.88497785849
13df13df13df13df -5.83162765623 1.05292577978 4.02040470181
13df13df13df13df- -5.63870995576 0.910921915263 3.72276672352
13dh13dh -5.24778744749 2.20035126404 4.30287511382
13dh13dh- -5.54232169145 2.02383102897 4.5178225233
13dh13dh-13dh -5.10158266938 1.98676713851 4.21922490734
13dh13dh-13dh-13dh -4.55857959868 2.01067882519 3.69335248479
13dh13dh-13dh-13dh- -4.56820485264 1.87307859515 3.66719717308
13dh13dh-13dh13dh- -4.82212634914 2.01060624587 4.00445165582
13dh13dh-4dh13dh -4.8819099783 1.05783575101 3.29899975068
13dh13dh13dh -4.80698203587 2.0630744089 3.89465053529
13dh13dh13dh-13dh -4.61539660303 1.97046999391 3.73538929099
13dh13dh13dh-13dh- -4.64210853557 1.89630376601 3.71535581978
13dh13dh13dh13dh -4.58691920066 2.00654643126 3.70457011374
13dh13dh13dh13dh- -4.48717602171 1.91001881233 3.53213360773
13di13di -6.47497685871 1.80357344891 5.13391152366
13di13di- -6.26330072404 1.49245523297 4.71672950327
13di13di-13di -5.77584043837 1.4376477384 4.29891152638
13di13di-13di-13di -5.59856386686 1.3731346331 4.17888536623
13di13di-13di-13di- -5.84420408924 1.37078176824 4.34618287747
13di13di-13di13di- -5.51434282018 1.39202526756 4.08038099793
13di13di-4di13di -5.88713493407 0.333709647832 3.70119828049
13di13di13di -6.16611153559 1.68678774748 4.83364583646
13di13di13di-13di -5.61236609203 1.34933595132 4.13722133983
13di13di13di-13di- -5.75041924941 1.31422625159 4.19383115795
13di13di13di13di -6.05571233906 1.62115791159 4.70186783162
13di13di13di13di- -5.66912215119 1.23065011615 4.1424992915
13dl13dl -6.40500562095 1.70364054365 4.95703163284
13dl13dl- -6.02228496678 1.65348829591 4.6071551097
13dl13dl-13dl -5.44998815113 1.53082382512 4.05812221904
13dl13dl-13dl-13dl -5.41955598364 1.39130691572 3.95519337311
13dl13dl-13dl-13dl- -5.1622915373 1.49517727584 3.81268853535
13dl13dl-13dl13dl- -5.16231769785 1.49521995169 3.81274422694
13dl13dl13dl -6.08849721049 1.58629708462 4.64514039149
13dl13dl13dl-13dl -5.32595368507 1.37248962941 3.85759581419
13dl13dl13dl13dl -5.99330971459 1.51580034326 4.52658799495
13dl13dl13dl13dl- -5.49311549209 1.29392157965 3.93764982215
13ea13ea -6.34291060145 1.13229692374 4.53457234837
13ea13ea- -6.39670537381 0.968408078467 4.47882180998
13ea13ea-13ea -5.97666150786 0.876740505488 4.17080292811
13ea13ea-13ea-13ea -5.75247701688 0.845128770635 3.93822988738
13ea13ea-13ea-13ea- -5.89562350116 0.811755355805 4.06970704687
13ea13ea-13ea13ea- -5.76850542124 0.855563164082 3.97367485137
13ea13ea-4ea13ea -6.04263876902 -0.0911019709514 3.51433710128
13ea13ea13ea -6.04379968949 0.984214710349 4.19948173443
13ea13ea13ea-13ea -5.77213707846 0.749820765614 3.90192997837
13ea13ea13ea-13ea- -5.86712727443 0.760171476461 3.92471236539
13ea13ea13ea13ea -5.97682525205 1.03829481468 4.24865839349
13ea13ea13ea13ea- -5.85077995072 0.744581977528 4.00424056841
13ed13ed -6.80796613796 0.931074978566 4.80373214788
13ed13ed- -6.61747103495 0.535896122079 4.31508720806
13ed13ed-13ed -6.19165566987 0.414167430665 3.98923074269
13ed13ed-13ed-13ed -6.06631387107 0.465461464174 4.00038392967
13ed13ed-13ed-13ed- -6.12907069367 0.270931081487 3.92500435721
13ed13ed-13ed13ed- -5.97192029257 0.429616013498 3.82300671819
13ed13ed-4ed13ed -6.31518114687 -0.370753029233 3.52332552809
13ed13ed13ed -6.60168810967 0.834542944879 4.65701953259
13ed13ed13ed-13ed -6.10573981464 0.30611224412 3.82108140049
13ed13ed13ed-13ed- -6.21241094009 0.342957676278 3.90164804834
13ed13ed13ed13ed -6.55268670239 0.756095839212 4.59269117892
13ed13ed13ed13ed- -6.29600315387 0.385291563369 4.06626709167
13ee -7.49933099155 1.01218625766 5.5039169564
13ee13ee -6.70276251062 0.735533653327 4.59205165282
13ee13ee- -6.50052386851 0.338572676665 4.09370224744
13ee13ee-13ee -6.13211125917 0.193701257089 3.80724132908
13ee13ee-13ee-13ee -6.02407827307 0.24838772076 3.82234448889
13ee13ee-13ee-13ee- -6.21057654206 0.171975737467 3.86477075023
13ee13ee-13ee13ee- -5.95972065305 0.173819934052 3.72499895227
13ee13ee-4ee13ee -6.22483563416 -0.528272542039 3.35186535777
13ee13ee13ee -6.492443809 0.624268890563 4.41789794851
13ee13ee13ee-13ee -6.05617344561 0.0982913596709 3.69089183527
13ee13ee13ee-13ee- -6.15295150683 0.141386566682 3.72426012866
13ee13ee13ee13ee -6.43848626288 0.536266577203 4.34053757518
13ee13ee13ee13ee- -6.21065910743 0.171969089093 3.8648755555
13ef13ef -6.24926991892 1.20814923942 4.42751613465
13ef13ef- -6.1643132521 1.12337019297 4.3616335819
13ef13ef-13ef -5.66779940537 1.03826699319 3.95466742061
13ef13ef-13ef-13ef -5.48931613056 1.00440066682 3.77822617087
13ef13ef-13ef-13ef- -5.67415175366 0.864694948675 3.89094817218
13ef13ef-13ef13ef- -5.46256730848 0.971274398297 3.70849561255
13ef13ef-4ef13ef -5.79369229437 0.150114982824 3.40598593037
13ef13ef13ef -5.78940117846 0.902386061408 3.8802244815
13ef13ef13ef-13ef -5.56460214724 0.839014684689 3.68241506147
13ef13ef13ef-13ef- -5.6853539581 0.770484287596 3.71288773059
13ef13ef13ef13ef -5.78383959635 0.861543893282 3.85725788571
13ef13ef13ef13ef- -5.715017011 0.775430061561 3.7158863242
13eh13eh -5.30173357462 1.8104641049 4.06279069763
13eh13eh- -5.56271697847 1.59834386075 4.25971648729
13eh13eh-13eh -5.07655838292 1.5157586842 3.90961256833
13eh13eh-13eh-13eh -4.74505855651 1.60075402205 3.61738839558
13eh13eh-13eh-13eh- -4.67476654493 1.51831517995 3.53920720076
13eh13eh-13eh13eh- -4.77305652971 1.61172815502 3.64569073318
13eh13eh-4eh13eh -5.00301315981 0.895178183319 3.2628572454
13eh13eh13eh -4.89476108929 1.74326366062 3.72730239406
13eh13eh13eh-13eh -4.73877865963 1.50589269656 3.57218278905
13eh13eh13eh-13eh- -4.74235437559 1.54520739141 3.56442203175
13eh13eh13eh13eh -4.70005313517 1.71175848942 3.57877014212
13eh13eh13eh13eh- -4.72945934124 1.60796324037 3.60964122892
13ei13ei -6.37815429042 1.42718616357 4.82855779286
13ei13ei- -6.16813822169 1.12052999355 4.39640635664
13ei13ei-13ei -5.71078010417 1.05431297579 4.03890551472
13ei13ei-13ei-13ei -5.620760395 1.02626601822 4.01216776609
13ei13ei-13ei-13ei- -5.79558094796 1.01019725465 4.11609914511
13ei13ei-13ei13ei- -5.52734303853 1.04832892328 3.91196095364
13ei13ei-4ei13ei -5.87111993219 0.183294915925 3.5867255995
13ei13ei13ei -6.08739558007 1.35126180777 4.61380771808
13ei13ei13ei-13ei -5.60137712241 0.968951472914 3.89989042583
13ei13ei13ei-13ei- -5.7199220678 0.963677863165 3.95111212044
13ei13ei13ei13ei -5.98600575648 1.29246343541 4.50237530697
13ei13ei13ei13ei- -5.77685435831 0.968389323974 4.08965863643
13el13el -6.44998031091 1.33461540062 4.78340559811
13el13el- -6.00653509549 1.28149937226 4.36245079034
13el13el-13el -5.81800478856 0.949199763918 4.04293833509
13el13el-13el-13el -5.66368558252 0.965246226259 3.86900808932
13el13el-13el-13el- -5.62876746935 1.04303485993 3.92285825413
13el13el-13el13el- -5.53573558503 0.995503434193 3.84643009454
13el13el13el -6.13887028464 1.26724411726 4.53586317463
13el13el13el-13el -5.67662799765 0.869801973961 3.84081594437
13el13el13el-13el- -5.7354073582 1.03431923161 3.98532859824
13el13el13el13el -6.071536644 1.19809785316 4.44786605346
13el13el13el13el- -5.76098335872 1.07419562108 4.06383448563
13fa13fa -5.87918529241 1.99112782735 4.80488596744
13fa13fa- -5.91078573797 2.00474281446 4.8227068625
13fa13fa-13fa -5.42274846575 1.76258626668 4.27892993962
13fa13fa-13fa-13fa- -5.62843487528 1.43792137604 4.17222454685
13fa13fa-13fa13fa- -5.16865546795 1.62666873855 4.00482326318
13fa13fa-4fa13fa -5.47563846203 0.418001701618 3.48212321164
13fa13fa13fa -5.40397200341 1.626364152 4.17536717339
13fa13fa13fa-13fa -5.32920778502 1.37662936411 3.86048673645
13fa13fa13fa-13fa- -5.48703231002 1.21105004186 3.85607978532
13fa13fa13fa13fa -5.17800671735 1.40361977656 3.84121090468
13fa13fa13fa13fa- -5.20904073104 1.39822768029 3.80372439091
13fd13fd -6.31492967427 1.70408652459 4.86793191245
13fd13fd- -6.18424328019 1.50168718906 4.62117297664
13fd13fd-13fd -5.68453072205 1.36718125224 4.13113305659
13fd13fd-13fd-13fd -5.50866420677 1.17130870117 3.82808076613
13fd13fd-13fd-13fd- -5.65237686148 0.999954579674 3.81969636893
13fd13fd-13fd13fd- -5.41580948816 1.27809499524 3.86262252338
13fd13fd-4fd13fd -5.8303458604 0.218660525553 3.55538472173
13fd13fd13fd -5.98340178765 1.50160295619 4.47933471068
13fd13fd13fd-13fd -5.53220934474 1.20715218938 3.90106823242
13fd13fd13fd-13fd- -5.68041963729 1.03590707311 3.88500845434
13fd13fd13fd13fd -5.5136783604 0.914004919676 3.69650791928
13fd13fd13fd13fd- -5.60247188296 1.07839188156 3.8627467281
13fe13fe -6.11883598276 1.27066176645 4.41425097825
13fe13fe- -6.16405038149 1.12336263395 4.36134190096
13fe13fe-13fe -5.69803049085 0.994945414043 3.93309470278
13fe13fe-13fe-13fe -5.56542446916 0.909370206663 3.69699316528
13fe13fe-13fe-13fe- -5.71519314071 0.775653085034 3.71625544756
13fe13fe-13fe13fe- -5.46249069721 0.971251890204 3.70841511705
13fe13fe-4fe13fe -5.75983659973 0.00676037965717 3.36752240203
13fe13fe13fe -5.95756212228 1.23572523056 4.2843659783
13fe13fe13fe-13fe -5.54563700993 0.895366861195 3.74611691899
13fe13fe13fe-13fe- -5.68489679389 0.770570367511 3.71275450289
13fe13fe13fe13fe -5.84368527451 1.1437052457 4.13713524783
13fe13fe13fe13fe- -5.59532663521 0.82739111248 3.70941443965
13ff -6.89262402155 2.81609991061 6.10450174111
13ff13ff -5.92354250701 1.86720274886 4.73709929508
13ff13ff- -6.17622569605 1.73020934892 4.82706444625
13ff13ff-13ff -5.55188973559 1.46214746775 4.11444266562
13ff13ff-13ff-13ff -5.27070382156 1.08411333785 3.61190622965
13ff13ff-13ff-13ff- -5.39130016359 0.807860016736 3.47874224581
13ff13ff-13ff13ff- -5.40018757059 1.3667489084 3.95549481644
13ff13ff-4ff13ff -5.61088622929 0.362016804966 3.41727096529
13ff13ff13ff -5.49595959531 1.15750699426 3.82144177233
13ff13ff13ff-13ff -5.36542915269 1.04624618838 3.64082219883
13ff13ff13ff-13ff- -5.48707114082 0.755512120423 3.50339331848
13ff13ff13ff13ff -5.27375257685 0.878835550814 3.447495896
13ff13ff13ff13ff- -5.40145795796 0.9781823531 3.62389195387
13fh13fh -5.51552653784 2.3350955793 4.74958819937
13fh13fh- -5.51906268417 2.2915186222 4.74096285615
13fh13fh-13fh -4.96986174706 2.156565554 4.21038838882
13fh13fh-13fh-13fh -4.62363884686 1.88723542675 3.72443165128
13fh13fh-13fh-13fh- -4.72551350906 1.67495705111 3.64589599613
13fh13fh-13fh13fh- -4.64814788447 2.06255489379 3.91754455281
13fh13fh-4fh13fh -4.85864318192 1.04580237398 3.32058014757
13fh13fh13fh -4.99738826511 2.17432048068 4.25363199425
13fh13fh13fh-13fh -4.69551412742 1.84238263785 3.73194478332
13fh13fh13fh-13fh- -4.77667685195 1.58570077375 3.60172577855
13fh13fh13fh13fh -4.74356026888 2.09051059304 4.01491568237
13fh13fh13fh13fh- -4.72395261939 1.75945951149 3.73239310446
13fi13fi -5.93399990272 2.21088399164 4.99991239057
13fi13fi- -6.03937686207 2.08066513428 4.96075607743
13fi13fi-13fi -5.37564758187 1.86014338335 4.30587153591
13fi13fi-13fi-13fi -5.27196949883 1.71539996002 4.11748982925
13fi13fi-13fi-13fi- -5.55846752464 1.65888195377 4.29897081411
13fi13fi-13fi13fi- -5.12489698941 1.73726270611 4.03500698261
13fi13fi-4fi13fi -5.41099857196 0.596086574361 3.52925856799
13fi13fi13fi -5.54039292776 2.0291450031 4.57596416097
13fi13fi13fi-13fi -5.17250470523 1.72150419012 4.05985071575
13fi13fi13fi-13fi- -5.34064647017 1.63599675847 4.10646446598
13fi13fi13fi13fi -5.38451782648 1.93817235802 4.40370682328
13fi13fi13fi13fi- -5.27068404834 1.76513478955 4.20014446156
13fl13fl -6.09520467522 1.923853959 4.91356090204
13fl13fl- -5.95456310012 1.94773536803 4.82006522256
13fl13fl-13fl -5.48232639184 1.7055686369 4.26814456731
13fl13fl-13fl13fl- -5.24581456667 1.55569425833 3.98104135289
13fl13fl13fl -5.47624442841 1.56399447733 4.15432781782
13fl13fl13fl-13fl -5.13559436008 1.46886619405 3.82381870062
13fl13fl13fl13fl -5.63902016739 1.56375294817 4.32105144161
13fl13fl13fl13fl- -5.37753550486 1.35509278919 3.90644745502
13ha13ha -5.13458573925 2.61472103164 4.59952700693
13ha13ha- -5.30506911854 2.52888139602 4.74742530231
13ha13ha-13ha -4.84358802262 2.41163653628 4.36301821911
13ha13ha-13ha-13ha -4.46107488403 2.34829243946 3.97336857736
13ha13ha-13ha-13ha- -4.49894056998 2.37282133645 3.9945569008
13ha13ha-13ha13ha- -4.56821914958 2.36300293358 4.13829677728
13ha13ha-4ha13ha -4.86280397213 1.26737101531 3.600964928
13ha13ha13ha -4.67882150553 2.48444431367 4.18426757558
13ha13ha13ha-13ha -4.4293602464 2.35159691997 3.98484726787
13ha13ha13ha-13ha- -4.45263457685 2.30938193343 3.92503641872
13ha13ha13ha13ha -4.4349630115 2.42157683023 3.97331326433
13ha13ha13ha13ha- -4.37270802629 2.33568341322 3.89962066513
13hd13hd -5.24778773149 2.20035532381 4.30288440134
13hd13hd- -5.54214559411 2.02389471736 4.51769405651
13hd13hd-13hd -5.10181535644 1.98665591555 4.21955904672
13hd13hd-13hd-13hd -4.55859879794 2.01066550535 3.69339726195
13hd13hd-13hd-13hd- -4.48722968243 1.90994200118 3.5321628888
13hd13hd-13hd13hd- -4.82232108191 2.01063730825 4.00475199573
13hd13hd-4hd13hd -5.07167022939 1.04392020404 3.52362365762
13hd13hd13hd -4.80737157238 2.06298504157 3.89502734953
13hd13hd13hd-13hd -4.66179158813 1.95209023992 3.77079868174
13hd13hd13hd-13hd- -4.6421465851 1.8963673057 3.71545459218
13hd13hd13hd13hd -4.58676029769 2.00649536112 3.70436608351
13hd13hd13hd13hd- -4.56820435012 1.87311725604 3.66717368979
13he13he -5.30153136211 1.81008060079 4.06224418459
13he13he- -5.56267678407 1.5983434102 4.25966558711
13he13he-13he -5.07658847956 1.51576583775 3.9096823973
13he13he-13he-13he -4.74498784883 1.60077193173 3.61730511199
13he13he-13he-13he- -4.72941671209 1.60802033297 3.6096450663
13he13he-13he13he- -4.77307370864 1.61172326565 3.64570123935
13he13he-4he13he -5.16428424201 0.862944029985 3.49142623579
13he13he13he -4.79627184839 1.54268206908 3.47062055252
13he13he13he-13he -4.71275597603 1.48440820184 3.57093253507
13he13he13he-13he- -4.74229692065 1.545179799 3.56435736162
13he13he13he13he -4.70059795378 1.71202765071 3.57949469189
13he13he13he13he- -4.67470122441 1.51832047435 3.53912844917
13hf13hf -5.41057869919 2.10207925889 4.47267474092
13hf13hf- -5.51962080743 2.29142240631 4.74135740284
13hf13hf-13hf -4.91921192475 2.20130038867 4.20722452116
13hf13hf-13hf-13hf -4.57962074436 1.94151557379 3.75568269904
13hf13hf-13hf-13hf- -4.72401697632 1.75919161726 3.73218755497
13hf13hf-13hf13hf- -4.64818556675 2.06251222531 3.91755328465
13hf13hf-4hf13hf -4.89129846537 1.07456265043 3.37201769718
13hf13hf13hf -4.91344084344 1.90917459567 3.97648694734
13hf13hf13hf-13hf -4.69181540944 1.87903138494 3.78845616956
13hf13hf13hf-13hf- -4.77689834111 1.58647908198 3.6025534161
13hf13hf13hf13hf -4.61071149797 1.52689369731 3.42044284122
13hf13hf13hf13hf- -4.7256787152 1.67612450452 3.64718577936
13hh -5.27547397731 3.63799031476 5.39594694618
13hh13hh -4.56747504256 2.98356674918 4.41648772495
13hh13hh- -4.84832037113 3.05068977239 4.79715360388
13hh13hh-13hh -4.21714704882 3.03219781486 4.3183261918
13hh13hh-13hh-13hh -3.68018445398 3.07502174025 3.92257074556
13hh13hh-13hh-13hh- -3.6664314685 3.00876200743 3.85754048015
13hh13hh-13hh13hh- -3.77375610246 3.04395981271 3.98277468447
13hh13hh-4hh13hh -4.03437824387 1.96520348686 3.31541721447
13hh13hh13hh -3.98713404072 2.88927152973 3.98521611658
13hh13hh13hh-13hh -3.73119542513 3.01602726535 3.92176342055
13hh13hh13hh-13hh- -3.68716160974 2.99250028088 3.85719825051
13hh13hh13hh13hh -3.65524157477 2.89438950811 3.76554277414
13hh13hh13hh13hh- -3.66685668487 3.01013701432 3.85902762219
13hi13hi -5.15827845974 2.84172525018 4.79900407201
13hi13hi- -5.26773295497 2.62453712457 4.79398529454
13hi13hi-13hi -4.70171236516 2.53473295949 4.31861166984
13hi13hi-13hi-13hi -4.44697796292 2.5613185821 4.13641725028
13hi13hi-13hi-13hi- -4.53368026717 2.59015567327 4.21662327319
13hi13hi-13hi13hi- -4.37799295927 2.49703426523 4.06197120382
13hi13hi-4hi13hi -4.78403902409 1.43689912979 3.62227812473
13hi13hi13hi -4.75415280146 2.78469488719 4.476591859
13hi13hi13hi-13hi -4.36552557843 2.51717242361 4.06106345014
13hi13hi13hi-13hi- -4.44038025035 2.53553225941 4.08094685277
13hi13hi13hi13hi -4.55813922189 2.77729379326 4.3427892686
13hi13hi13hi13hi- -4.45263943123 2.5821122983 4.17545610646
13hl13hl -5.12006351325 2.2323316322 4.29275076499
13hl13hl- -5.3734877076 2.52792698229 4.81252827266
13hl13hl-13hl -4.84632323029 2.38035264549 4.30218991515
13hl13hl-13hl-13hl -4.82683947135 2.48026460855 4.38123342497
13hl13hl-13hl-13hl- -5.08301977238 2.51919283066 4.5839134795
13hl13hl-13hl13hl- -4.48095906533 2.30622777707 3.95128272558
13hl13hl13hl -4.60134127081 2.05321670598 3.80558311182
13hl13hl13hl-13hl -4.40760230151 2.13026603354 3.73393370634
13hl13hl13hl-13hl- -4.57540731294 2.24925493147 3.93449480745
13hl13hl13hl13hl -4.31806557904 1.71140973186 3.30042938893
13hl13hl13hl13hl- -4.36262325522 1.9693110574 3.53339393565
13ia13ia -6.14851833827 2.25298664248 5.23822871426
13ia13ia- -6.11630035652 2.19406989415 5.17274039929
13ia13ia-13ia -5.63117814199 2.02073506514 4.65765052485
13ia13ia-13ia-13ia -5.41771744125 1.88035785039 4.38724499812
13ia13ia-13ia-13ia- -5.51678486026 1.92199939037 4.51228356824
13ia13ia-13ia13ia- -5.38302851582 1.9147362467 4.39085121644
13ia13ia-4ia13ia -5.74804078301 0.750323831009 3.96422472902
13ia13ia13ia -5.76433995992 2.07692282128 4.81904840373
13ia13ia13ia-13ia -5.412368904 1.84858730108 4.35249144444
13ia13ia13ia-13ia- -5.46605802294 1.82154282825 4.37174071121
13ia13ia13ia13ia -5.59555348742 1.9696978765 4.61085937115
13ia13ia13ia13ia- -5.48651900685 1.86410043246 4.43478819872
13id13id -6.4750064124 1.80361399445 5.13398616502
13id13id- -6.26324069426 1.49240809018 4.716638661
13id13id-13id -5.77566063229 1.43751779807 4.29860539328
13id13id-13id-13id -5.59855577374 1.37314697741 4.17889697179
13id13id-13id-13id- -5.6690903791 1.23053841365 4.14246564352
13id13id-13id13id- -5.51434587085 1.39202522616 4.08038141814
13id13id-4id13id -5.9876256588 0.443263916639 3.91211328104
13id13id13id -6.16623749483 1.68701113855 4.83393339249
13id13id13id-13id -5.64262996892 1.3437705716 4.11571410853
13id13id13id-13id- -5.75039346564 1.31421379152 4.19379538945
13id13id13id13id -6.05551002694 1.62078613175 4.70167301536
13id13id13id13id- -5.84417972927 1.37083288783 4.34621671291
13ie13ie -6.37813998054 1.42721203593 4.82856746143
13ie13ie- -6.16810830162 1.1204758317 4.39632666322
13ie13ie-13ie -5.71075321974 1.05428645818 4.03881846301
13ie13ie-13ie-13ie -5.62093138514 1.02629439718 4.01241349598
13ie13ie-13ie-13ie- -5.77688334095 0.968409156581 4.08975635413
13ie13ie-13ie13ie- -5.52734667461 1.04827917143 3.91206623825
13ie13ie-4ie13ie -5.91886580014 0.2261630698 3.73709608759
13ie13ie13ie -6.08721388298 1.35116072868 4.61348453597
13ie13ie13ie-13ie -5.60956081815 0.991394714308 3.91174116926
13ie13ie13ie-13ie- -5.72002112634 0.96371071288 3.95122717389
13ie13ie13ie13ie -5.98634596682 1.29247105148 4.50292447336
13ie13ie13ie13ie- -5.79540502407 1.01019808619 4.11596109853
13if13if -6.07660973621 2.22350421359 5.12071591419
13if13if- -6.03935198894 2.08056149885 4.96065485236
13if13if-13if -5.44996541603 1.81431516726 4.30129606057
13if13if-13if-13if -5.12421840087 1.78312419018 4.06798522627
13if13if-13if-13if- -5.2706504344 1.76488149607 4.19993291612
13if13if-13if13if- -5.12500217485 1.73719040269 4.03504138408
13if13if-4if13if -5.60307125724 0.652194777233 3.65184397912
13if13if13if -5.78067428219 2.03662183752 4.76804347212
13if13if13if-13if -5.31652124098 1.60257388304 4.04940695927
13if13if13if-13if- -5.34041443447 1.63615072637 4.10642935872
13if13if13if13if -5.67799693319 1.92104049519 4.61374099481
13if13if13if13if- -5.55847915356 1.65890927782 4.29900732501
13ih13ih -5.15827787287 2.84172788281 4.79900612157
13ih13ih- -5.26775611232 2.62455597548 4.79402030344
13ih13ih-13ih -4.70170564284 2.53473401607 4.31860899084
13ih13ih-13ih-13ih -4.44695001303 2.56131352246 4.13638587483
13ih13ih-13ih-13ih- -4.45243640201 2.58202116394 4.17518736046
13ih13ih-13ih13ih- -4.37795200797 2.49701629588 4.06192115684
13ih13ih-4ih13ih -4.70063056174 1.539616747 3.55832502241
13ih13ih13ih -4.75414878682 2.78469647497 4.47658952481
13ih13ih13ih-13ih -4.45446201486 2.50653478829 4.09360431185
13ih13ih13ih-13ih- -4.44037829771 2.53552811175 4.08094169107
13ih13ih13ih13ih -4.55823717794 2.7774371793 4.34296569749
13ih13ih13ih13ih- -4.53364063131 2.59014668832 4.21656968538
13ii -7.03518791916 3.02670378648 6.45574383323
13ii13ii -6.07726628717 2.54207766313 5.4168191826
13ii13ii- -6.01249880302 2.45067181336 5.29526927615
13ii13ii-13ii -5.55632303211 2.32069335452 4.84408613749
13ii13ii-13ii-13ii -5.41223145747 2.26681962815 4.70488447964
13ii13ii-13ii-13ii- -5.37902252321 2.16570382445 4.59334726971
13ii13ii-13ii13ii- -5.31718404859 2.23147835575 4.59658673342
13ii13ii-4ii13ii -5.68421659798 1.01143667164 4.12455316076
13ii13ii13ii -5.62427105689 2.26737556282 4.84539865046
13ii13ii13ii-13ii -5.3372794382 2.19122184679 4.57395838586
13ii13ii13ii-13ii- -5.37694635904 2.16582848229 4.58115310035
13ii13ii13ii13ii -5.50659588077 2.23522453677 4.73671362464
13ii13ii13ii13ii- -5.55155376823 2.33089843708 4.87186496461
13il13il -6.08118541148 2.22170484978 5.14689229861
13il13il- -5.87177581574 2.12238974371 4.89870239221
13il13il-13il -5.4495908748 1.85710972841 4.36441746894
13il13il-13il-13il -5.15282250615 1.79285765772 4.10926776426
13il13il-13il-13il- -5.26554379693 1.79125588271 4.1936440096
13il13il-13il13il- -5.13624025419 1.78252480253 4.081476657
13il13il13il -5.70545532208 2.01751972622 4.71219884733
13il13il13il-13il -5.24348056664 1.66675119729 4.06190847815
13il13il13il-13il- -5.19287062375 1.70786602835 4.05992574149
13il13il13il13il -5.55534874359 1.90830376848 4.51921841294
13il13il13il13il- -5.37309754261 1.7991990056 4.26865665965
13la13la -5.79595565753 2.05918778775 4.76087478413
13la13la- -5.7771945293 2.1282978808 4.81274935898
13la13la-13la -5.24870795689 1.91046966201 4.24869780368
13la13la-13la-13la -4.98246878972 1.69789891507 3.87914105498
13la13la-13la-13la- -4.97277763561 1.62173220234 3.83931893784
13la13la13la -5.27922070853 1.58090671106 3.98264054261
13la13la13la-13la -5.15116635791 1.70383015916 4.01612750078
13la13la13la-13la- -5.17766557732 1.57369713638 3.932876269
13la13la13la13la -5.02590054694 1.31854081409 3.59864701744
13la13la13la13la- -5.006086695 1.52981477797 3.74306013417
13ld13ld- -6.02226725589 1.65349542992 4.60714414106
13ld13ld-13ld -5.59602274509 1.40555601267 4.08821284211
13ld13ld-13ld-13ld -5.36078297331 1.4332485 3.935496626
13ld13ld-13ld-13ld- -5.49316908817 1.2935577139 3.93733917458
13ld13ld-13ld13ld- -5.28008716149 1.37650487664 3.81901854723
13ld13ld13ld -5.46454462646 1.57019083515 4.09673554744
13ld13ld13ld-13ld -5.43556222445 1.51138018573 4.02969262005
13ld13ld13ld13ld -5.49329647645 1.29335247342 3.93727519264
13ld13ld13ld13ld- -5.40493158474 1.43178532675 3.97064389973
13le13le -6.16870229061 1.18601323234 4.44141363249
13le13le- -6.00649848832 1.28136393005 4.3622994111
13le13le-13le -5.74917043362 0.99682518171 4.04718136088
13le13le-13le-13le -5.57395911824 1.02280429858 3.9026078961
13le13le-13le-13le- -5.76107944442 1.07440553788 4.06399735598
13le13le-13le13le- -5.53564843841 0.995478899281 3.8464288119
13le13le13le -5.74961710489 0.996775287445 4.0475867023
13le13le13le-13le -5.64158692435 0.924292591911 3.95598067825
13le13le13le-13le- -5.73538186655 1.03419819146 3.98527070134
13le13le13le13le -5.92310606802 1.04154404927 4.0877619783
13le13le13le13le- -5.62872443025 1.04300751664 3.92270971463
13lf13lf- -5.95456129846 1.94769311703 4.82002210493
13lf13lf-13lf -5.40173500905 1.80762922369 4.28367419174
13lf13lf-13lf-13lf -5.2036431944 1.52865015452 3.90887402437
13lf13lf-13lf-13lf- -5.47983440092 1.51025354548 4.14222736806
13lf13lf-13lf13lf- -5.24623308025 1.55542231499 3.98112928744
13lh13lh- -5.37354684405 2.5279269873 4.81260782332
13lh13lh-13lh -4.87312060484 2.34874801327 4.29590138372
13lh13lh-13lh-13lh -4.45185863535 2.25452367595 3.87405584767
13lh13lh-13lh-13lh- -4.36282343138 1.96948209103 3.53369261287
13lh13lh-13lh13lh- -4.54542463665 2.30948578807 4.02282173378
13li13li -5.87185081114 2.1223061402 4.89867533349
13li13li- -5.87177635461 2.12238990604 4.89870274311
13li13li-13li -5.38608473352 1.90971717691 4.36229807198
13li13li-13li-13li -5.27485604277 1.83249960691 4.23586491458
13li13li-13li-13li- -5.37314370301 1.79949807582 4.26894875299
13li13li-13li13li- -5.13611495406 1.78255933449 4.08140294392
13li13li13li -5.45821194387 1.85718133636 4.36791333371
13li13li13li-13li -5.1364342453 1.78235885948 4.08143503233
13li13li13li-13li- -5.19287496194 1.70715752676 4.05928910776
13li13li13li13li -5.2826027123 1.67664788752 4.1054408189
13li13li13li13li- -5.26542826774 1.79101992727 4.19335823587
13ll -6.46694561482 2.97558002385 5.94950565428
13ll13ll -6.14053057136 2.10267900494 5.08543396145
13ll13ll- -5.61173962436 2.24253158665 4.76415779389
13ll13ll-13ll -5.50081410396 1.79126120035 4.35522924672
13ll13ll-13ll-13ll -5.33398160453 1.56528986681 4.05209694484
13ll13ll-13ll-13ll- -5.43037986511 1.71775446955 4.25100455831
13ll13ll-13ll13ll- -5.17030012439 1.6945199853 4.03311992917
13ll13ll13ll -5.71774837005 1.54990709201 4.30692808657
13ll13ll13ll-13ll -5.23061331594 1.63784621697 4.03125415361
13ll13ll13ll-13ll- -5.32997956962 1.61096488837 4.08813676084
13ll13ll13ll13ll -5.89432195541 1.90702866947 4.79803650687
13ll13ll13ll13ll- -5.36556341554 1.51072762388 4.02096965499
3 -11.2871376616 2.09921356832 8.24606911445
4dd -8.92085037578 0.106160843051 5.83495983253
4dd4dd -8.39045233935 -0.101225510258 5.37013528195
4dd4dd4dd -8.00668527953 -0.216784908423 5.00201320318
4dd4dd4dd4dd -7.81273406969 -0.270389404775 4.84615882916
4dh -6.87469202408 1.16865363459 4.73095567667
4dh4dh -6.53373777148 0.985661451734 4.44091453461
4dh4dh- -6.44400844018 1.03304473974 4.39240858266
4dh4dh-4dh -6.2106123297 1.001065807 4.25742455151
4dh4dh-4dh-4dh -6.16212776524 1.00253662919 4.2589951841
4dh4dh-4dh-4dh- -6.06668032317 1.01405067577 4.24619326673
4dh4dh-4dh4dh -6.09413665256 1.00010951037 4.22583909831
4dh4dh-4dh4dh- -6.0587478095 0.992153467156 4.19058279342
4dh4dh4dh -6.33588418611 1.07319618804 4.42813175084
4dh4dh4dh-4dh -6.07875343888 0.967435031874 4.18829135215
4dh4dh4dh-4dh- -6.09934244351 0.952114796567 4.18116840622
4dh4dh4dh4dh -6.0762254483 0.95354928737 4.18240983329
4dh4dh4dh4dh- -6.03775299725 1.02918063917 4.19507214503
4hd -6.87539478279 1.1684711508 4.73143401621
4hd4hd -6.53325704268 0.985218523893 4.44011591953
4hd4hd- -6.4446952833 1.0320040047 4.3923574247
4hd4hd-4hd -6.20973664561 1.00096927861 4.25667774546
4hd4hd-4hd-4hd -6.06560971642 0.95043897542 4.18575509291
4hd4hd-4hd-4hd- -6.20872162919 0.976153946453 4.28168956391
4hd4hd-4hd4hd -6.13169379183 0.973169916913 4.2108774522
4hd4hd-4hd4hd- -6.05664610269 0.992607679286 4.18816124466
4hd4hd4hd -6.33657483933 1.06138786786 4.42081320383
4hd4hd4hd-4hd -6.03317270883 0.962694152772 4.1639720643
4hd4hd4hd-4hd- -6.09999917818 0.951047462943 4.18100387178
4hd4hd4hd4hd -6.07608284284 0.953380128685 4.18217696811
4hd4hd4hd4hd- -6.06637433471 1.01367566599 4.2458451284
4hh -5.67144984344 1.56292352839 4.02153360953
4hh4hh -5.25589981931 1.50613120609 3.75242801108
4hh4hh4hh -4.95763221136 1.51274712085 3.5698305888
4hh4hh4hh4hh -4.77740373243 1.53837232993 3.48712904747
6aa -8.90943014248 1.05954420234 6.18678507414
6aa6aa -7.76912868488 0.387501724878 5.31366808548
6aa6aa- -7.77333638338 0.386797594193 5.31086900293
6aa6aa-4aa6aa -7.07344061708 0.00852066873606 4.49904278103
6aa6aa-6aa -7.25808284226 0.0859105261046 4.67254183166
6aa6aa-6aa-6aa -6.97745419902 -0.0671736667627 4.35196951743
6aa6aa-6aa-6aa- -6.97423342218 -0.0672126273344 4.34909116866
6aa6aa-6aa6aa- -6.98304869637 -0.0666588714478 4.35556158489
6aa6aa6aa -7.2483382403 0.0864419729429 4.67019287283
6aa6aa6aa-6aa -6.97882494261 -0.0657452556179 4.35501388317
6aa6aa6aa-6aa- -6.97421371646 -0.0670644498157 4.34982851451
6aa6aa6aa6aa -6.9693732105 -0.0662009787695 4.3485272454
6aa6aa6aa6aa- -6.97141868647 -0.0669574195771 4.34965222064
6ad6ad -7.91446870073 0.0308960040264 5.13474422187
6ad6ad- -7.93663707711 0.0266182506382 5.13129493484
6ad6ad-4ad6ad -7.35733507825 -0.144975308876 4.60040980979
6ad6ad-6ad -7.46680159477 -0.253630383634 4.55745962072
6ad6ad-6ad-6ad -7.19060237461 -0.393398784019 4.26108552288
6ad6ad-6ad-6ad- -7.18392956939 -0.397823456094 4.25360238887
6ad6ad-6ad6ad- -7.20610364553 -0.392284049496 4.27018863929
6ad6ad6ad -7.43567459508 -0.253765585276 4.54797024047
6ad6ad6ad-6ad -7.19280005073 -0.39368834578 4.26195423716
6ad6ad6ad-6ad- -7.18723404824 -0.39629472271 4.25608933138
6ad6ad6ad6ad -7.17320694186 -0.398362779158 4.25066766349
6ad6ad6ad6ad- -7.17912585417 -0.394922879297 4.2566943382
6ae6ae -7.5882261551 -0.0275117256691 4.83411353722
6ae6ae- -7.61494206377 -0.0313564215187 4.82356654952
6ae6ae-4ae6ae -7.12940948677 -0.157505263602 4.40954464502
6ae6ae-6ae -7.22220706643 -0.280966763863 4.34130226397
6ae6ae-6ae-6ae -6.97968162712 -0.414085959614 4.08410909981
6ae6ae-6ae-6ae- -6.97128907753 -0.415629558714 4.07839768391
6ae6ae-6ae6ae- -6.99959436092 -0.414214655562 4.09075555885
6ae6ae6ae -7.18230226327 -0.280317243408 4.34221643074
6ae6ae6ae-6ae -6.9802861155 -0.415598724682 4.08377974562
6ae6ae6ae-6ae- -6.97200892376 -0.416531130037 4.07767844016
6ae6ae6ae6ae -6.95331891318 -0.417281167024 4.07745144581
6ae6ae6ae6ae- -6.96128658375 -0.415866134741 4.08291879303
6af6af -7.39874896986 0.548250406361 5.01214304822
6af6af- -7.38440387999 0.490136415367 4.95181818054
6af6af-4af6af -6.8239785459 0.0294329616805 4.24329464929
6af6af-6af -6.98529568596 0.204910524256 4.45868345992
6af6af-6af-6af -6.71272260501 0.0146767710988 4.14480531661
6af6af-6af-6af- -6.73116970696 -0.049733576204 4.11323980643
6af6af-6af6af- -6.797922668 0.0533481727607 4.22442794723
6af6af6af -7.08255005565 0.292155803046 4.60695947754
6af6af6af-6af -6.84894800491 0.0428738563975 4.25561929623
6af6af6af-6af- -6.87416549491 -0.0110657983905 4.23587772038
6af6af6af6af -6.91329882704 0.160422169956 4.40166627929
6af6af6af6af- -6.9218048286 0.0774105426034 4.34627205682
6ah6ah -6.26823380501 1.22638323824 4.48834164317
6ah6ah- -6.20107545046 1.20585549083 4.39906925086
6ah6ah-4ah6ah -5.7319712097 0.990946601926 3.98429860861
6ah6ah-6ah -5.83353552272 1.05655389452 4.06364712096
6ah6ah-6ah-6ah -5.6534212347 1.0207866875 3.95337228193
6ah6ah-6ah-6ah- -5.67052881422 1.04225467052 3.98341476966
6ah6ah-6ah6ah- -5.60888719177 0.998160410546 3.89180465163
6ah6ah6ah -5.91851288792 1.1055229993 4.19327888709
6ah6ah6ah-6ah -5.63566716898 1.01596574776 3.93289651115
6ah6ah6ah-6ah- -5.64883611685 1.02905565549 3.95391792603
6ah6ah6ah6ah -5.6964303292 1.06001436889 4.0295677832
6ah6ah6ah6ah- -5.67355758045 1.03488738005 3.98964109414
6ai6ai -7.48006459072 0.761674810082 5.33786682117
6ai6ai- -7.45700872885 0.746581291897 5.2986841049
6ai6ai-4ai6ai -6.90122498018 0.470452860858 4.71012605064
6ai6ai-6ai -7.03391146161 0.544634494145 4.83459835738
6ai6ai-6ai-6ai -6.82521184064 0.468060623403 4.64458779235
6ai6ai-6ai-6ai- -6.83093224844 0.482995691087 4.66001061531
6ai6ai-6ai6ai- -6.80250488735 0.449898031128 4.6061380742
6ai6ai6ai -7.07123423681 0.587199424758 4.90889024719
6ai6ai6ai-6ai -6.81262439084 0.460234792785 4.62645397602
6ai6ai6ai-6ai- -6.82127155567 0.47110722461 4.64288687668
6ai6ai6ai6ai -6.84094690651 0.501330901251 4.68555787433
6ai6ai6ai6ai- -6.82994148694 0.478371657463 4.65936426672
6al6al -7.01010309226 0.498068404226 4.70042335754
6al6al- -7.0606780466 0.555141962362 4.76465455396
6al6al6al -6.59004517999 0.199548966763 4.17414218467
6al6al6al6al -6.34409108788 0.0497564795854 3.89942521036
6al6al6al6al- -6.33262986417 0.0933089337242 3.91710411655
6da6da -7.92227567856 0.046431492285 5.1723689481
6da6da- -7.94417361072 0.0502741451221 5.17534496353
6da6da-4da6da -7.39155868095 -0.0626655643652 4.70800657634
6da6da-6da -7.47826615016 -0.233211326012 4.59731884442
6da6da-6da-6da -7.20527065881 -0.376748503693 4.29391553991
6da6da-6da-6da- -7.19240293316 -0.377461659699 4.28329785386
6da6da-6da6da- -7.2222204577 -0.370384504661 4.31127432612
6da6da6da -7.44665876814 -0.242003836729 4.57339587027
6da6da6da-6da -7.21156872733 -0.373811395811 4.30199872518
6da6da6da-6da- -7.19987234526 -0.375651216875 4.29019530241
6da6da6da6da -7.18441917576 -0.382281766844 4.27660908094
6da6da6da6da- -7.19678920205 -0.379884630965 4.288088933
6dd -8.8885008263 0.226974039899 5.97772077442
6dd6dd -8.05343086275 -0.317078369773 4.9833476331
6dd6dd6dd -7.61392737661 -0.579604412139 4.43870968277
6dd6dd6dd6dd -7.64946550739 -0.15316218002 4.87094789413
6de6de -7.8686154988 -0.0950482022255 5.06180760339
6de6de6de -7.60034110253 -0.140803347145 4.84285253108
6de6de6de6de -7.45255109624 -0.144153313133 4.75397129229
6df6df -7.55352754167 0.4376488474 5.07698091858
6df6df- -7.5747410388 0.271081290222 4.94777848919
6df6df-4df6df -7.07118718236 0.0879049593562 4.47551631674
6df6df-6df -7.20519441365 0.194944368878 4.61900653621
6df6df-6df-6df -6.9973342788 0.0811800008036 4.42749265755
6df6df-6df-6df- -7.03507975137 0.0507501082847 4.43012808521
6df6df-6df6df- -7.08274179946 0.065537500037 4.46351291437
6df6df6df -7.3383246361 0.323311760365 4.87417903319
6df6df6df-6df -7.10937933729 0.0740705296355 4.47859313058
6df6df6df-6df- -7.13112845491 0.00499734100558 4.44633129052
6df6df6df6df -7.22903126041 0.286012607679 4.80897430906
6df6df6df6df- -7.22879640338 0.0434067355648 4.59650657819
6dh6dh -6.40047656515 1.25847102961 4.61655523385
6dh6dh- -6.24994657795 1.1402260005 4.36772775056
6dh6dh-4dh6dh -5.81807484841 1.07070076057 4.12396683545
6dh6dh-6dh -5.95908092024 1.11279272285 4.18155057983
6dh6dh-6dh-6dh -5.78552222725 1.10986972844 4.1115432934
6dh6dh-6dh-6dh- -5.76185065525 1.1738455973 4.13463820455
6dh6dh-6dh6dh- -5.7777469004 1.1208601915 4.09392265879
6dh6dh6dh -5.91984016312 1.13400847941 4.14933732554
6dh6dh6dh-6dh -5.77674405827 1.12288753362 4.09445757763
6dh6dh6dh-6dh- -5.78318019757 1.16758879711 4.12057618719
6dh6dh6dh6dh -5.72285664183 1.14997005803 4.04685292421
6dh6dh6dh6dh- -5.7850957832 1.10886218882 4.11069964515
6di6di -7.69701209863 0.588525000591 5.39186483468
6di6di- -7.69747572641 0.588777400724 5.39248497539
6di6di-4di6di -7.2511558275 0.480127293522 5.02303472642
6di6di-6di -7.37682791875 0.514336263044 5.10527100251
6di6di-6di-6di -7.21122911564 0.504520797239 5.00985305859
6di6di-6di-6di- -7.20270772712 0.483357032055 4.96119541381
6di6di-6di6di- -7.19869544606 0.495736303218 4.98066202795
6di6di6di-6di -7.21168308995 0.492685151567 4.98747800724
6di6di6di-6di- -7.19357049394 0.473951331164 4.95369736594
6di6di6di6di -7.20281691961 0.483436267609 4.96138226183
6di6di6di6di- -7.21148510438 0.504718806408 5.01024367213
6dl6dl -7.11756073982 0.204341736881 4.55194362184
6dl6dl- -7.18289780347 0.590836728456 4.86826337059
6dl6dl6dl -6.74406614436 -0.0778005760886 4.07410786222
6dl6dl6dl6dl -6.51513011199 -0.210260431904 3.82542405069
6dl6dl6dl6dl- -6.75569100147 0.512560423289 4.56801160388
6ea6ea -7.573995261 0.0302473805031 4.91179284719
6ea6ea- -7.62112658662 0.0154674342163 4.8995597586
6ea6ea-4ea6ea -7.17101885288 -0.0592242443819 4.55142623465
6ea6ea-6ea -7.21548197269 -0.234053116165 4.3977062796
6ea6ea-6ea-6ea -7.10974170629 -0.0460649053985 4.51757068945
6ea6ea-6ea-6ea- -7.14941702871 0.0103329134085 4.60008437258
6ea6ea-6ea6ea- -6.9892723937 -0.364344593673 4.14158790117
6ea6ea6ea -7.36775416831 0.155267001568 4.88743091569
6ea6ea6ea-6ea -6.97840232643 -0.365065973387 4.13616593521
6ea6ea6ea-6ea- -6.96291855474 -0.367846566436 4.12316174727
6ea6ea6ea6ea -6.93313735255 -0.362002888703 4.11570382483
6ea6ea6ea6ea- -6.95546886781 -0.365726387825 4.12539769308
6ed6ed -7.87036874149 -0.0626668729744 5.11766470716
6ed6ed6ed -7.57438871543 -0.127356170662 4.84812631046
6ed6ed6ed6ed -7.10564476047 -0.693308359576 3.99722673074
6ee -7.96103473441 -0.0112809613351 5.18759575354
6ee6ee -7.566088034 -0.138628045156 4.82732784097
6ee6ee6ee -7.32397035751 -0.193299594548 4.60879621966
6ee6ee6ee6ee -7.19350248254 -0.214518952084 4.51684769413
6ef6ef -7.28224822959 0.424361895402 4.9257349507
6ef6ef- -7.26640126685 0.220283830708 4.68604804875
6ef6ef-4ef6ef -6.92554890749 0.0709430445707 4.38721436956
6ef6ef-6ef -6.99331393528 0.168541185392 4.4561415386
6ef6ef-6ef-6ef -6.82269473588 0.0837634038045 4.33034513455
6ef6ef-6ef-6ef- -6.84589759068 0.0327676180222 4.31885829155
6ef6ef-6ef6ef- -6.89066714756 0.0561494252206 4.33065680679
6ef6ef6ef -7.10101528114 0.301125958875 4.71498820348
6ef6ef6ef-6ef -6.92422826956 0.0506278627834 4.33402674975
6ef6ef6ef-6ef- -6.95821352968 -0.013190233381 4.32477860397
6ef6ef6ef6ef -7.015076224 0.237019312013 4.62721427202
6ef6ef6ef6ef- -7.02721737405 0.0359160647828 4.44865969069
6eh6eh -6.17904949527 1.00429961724 4.27621366162
6eh6eh- -6.04180566712 1.05931440589 4.17603724737
6eh6eh-4eh6eh -5.83954801173 0.966585015324 4.08706659959
6eh6eh-6eh -5.92164616398 0.986565426042 4.10720647279
6eh6eh-6eh-6eh -5.80530582257 1.02178911361 4.10360487712
6eh6eh-6eh-6eh- -5.81787947116 1.09894503938 4.16027617259
6eh6eh-6eh6eh- -5.77762022167 0.998984948367 4.04297871708
6eh6eh6eh -5.9049047381 0.971103897434 4.06961970709
6eh6eh6eh-6eh -5.80315509877 1.02227774185 4.06748286305
6eh6eh6eh-6eh- -5.81045690192 1.06224732529 4.11254351943
6eh6eh6eh6eh -5.74305776014 0.971404317846 3.97513124436
6eh6eh6eh6eh- -5.88731617901 1.08058287353 4.18824687233
6ei6ei -7.43465468617 0.532531989147 5.18146082111
6ei6ei- -7.43464080464 0.532524166366 5.1814383042
6ei6ei-4ei6ei -7.1050962795 0.439522231804 4.86812525658
6ei6ei-6ei -7.17301688721 0.509103051199 4.96897126148
6ei6ei-6ei-6ei -7.0313003071 0.508231742241 4.88369531038
6ei6ei-6ei-6ei- -7.02413874494 0.446521276484 4.80995937852
6ei6ei-6ei6ei- -7.02418050324 0.446570531607 4.81005059575
6ei6ei6ei -7.16883884697 0.472546688867 4.9281561789
6ei6ei6ei-6ei -7.0313025383 0.508214351808 4.88369098831
6ei6ei6ei-6ei- -7.02060575218 0.47255300552 4.83637108768
6ei6ei6ei6ei -7.02414593575 0.446555360285 4.8099813451
6ei6ei6ei6ei- -7.03286646056 0.475308547471 4.8481478403
6el6el -6.84586281805 0.184035243217 4.35625295161
6el6el- -6.99351447784 0.576598950926 4.76907797459
6el6el6el -6.51398801614 -0.0841292428329 3.91448334532
6el6el6el6el -6.31520715736 -0.220473814935 3.68662904335
6el6el6el6el- -6.58177019257 0.464813793916 4.45490572557
6fa6fa -7.21984998849 0.344615508722 4.69925432312
6fa6fa- -7.22238428627 0.512904003468 4.88726992238
6fa6fa-4fa6fa -6.86065074234 0.171202731007 4.40474656481
6fa6fa-6fa -6.93920327673 0.218752481585 4.45226476815
6fa6fa-6fa-6fa -6.7372154793 0.202507471434 4.31876283648
6fa6fa-6fa-6fa- -6.47167509665 0.0681769899586 4.00667518368
6fa6fa-6fa6fa- -6.64732956316 0.116750817994 4.17192568516
6fa6fa6fa -6.80670076251 -0.0248614685697 4.11662961797
6fa6fa6fa-6fa -6.62380278557 0.0246939303457 4.06045781567
6fa6fa6fa-6fa- -6.45345306076 0.0682171175484 3.97092501004
6fa6fa6fa6fa -6.58815484243 -0.221760071902 3.82465325294
6fa6fa6fa6fa- -6.49470605075 -0.0644984215908 3.87732822326
6fd6fd -7.29459030694 0.0531353017928 4.51235941553
6fd6fd- -7.40377881276 0.551005305904 5.03821935658
6fd6fd-4fd6fd -7.15049390955 0.291412222346 4.69074748541
6fd6fd-6fd -7.18813440058 0.305716677491 4.69710194309
6fd6fd-6fd-6fd -6.99704392753 0.311550793053 4.59017301127
6fd6fd-6fd-6fd- -6.90604992046 0.429077322414 4.61598035046
6fd6fd-6fd6fd- -6.91773738062 0.278069075059 4.49545273245
6fd6fd6fd -6.927014903 -0.315595149091 3.98190424896
6fd6fd6fd-6fd -6.88773034009 0.00725932351351 4.23506034152
6fd6fd6fd-6fd- -6.77729563339 0.097897310228 4.21690664943
6fd6fd6fd6fd -6.7252921334 -0.511345703167 3.72007868656
6fd6fd6fd6fd- -6.6840832557 -0.232151737587 3.88995637856
6fe6fe -7.01685024108 -0.00299086841857 4.27391806903
6fe6fe- -7.16609627068 0.509627988568 4.85335015962
6fe6fe-4fe6fe -6.94425349656 0.206211760998 4.50312733107
6fe6fe-6fe -6.97086253079 0.229135343628 4.48493074597
6fe6fe-6fe-6fe -6.8120242656 0.201881196205 4.39764552158
6fe6fe-6fe-6fe- -6.71025454306 0.367173087827 4.44030170736
6fe6fe-6fe6fe- -6.76179161694 0.209764909043 4.32505723868
6fe6fe6fe -6.70221195497 -0.347469934385 3.8026796565
6fe6fe6fe-6fe -6.69725185982 -0.0258382106409 4.06945176097
6fe6fe6fe-6fe- -6.59491908432 0.0748716894364 4.07101848424
6fe6fe6fe6fe -6.53098154952 -0.539047582371 3.56490991179
6fe6fe6fe6fe- -6.50924436073 -0.255088116157 3.7459907729
6ff -7.39318891528 1.10109090765 5.27749276098
6ff6ff -6.78221254114 0.286048591941 4.23886711803
6ff6ff- -6.82617621363 0.480983624641 4.45411068881
6ff6ff-4ff6ff -6.52110999269 0.0660744309951 3.9607051287
6ff6ff-6ff -6.42273129218 -0.0514042364377 3.7672672497
6ff6ff-6ff-6ff -6.3840099793 0.0977184970437 3.87616802002
6ff6ff-6ff-6ff- -6.30427443528 0.197934540617 3.88933329732
6ff6ff-6ff6ff- -6.20349095017 -0.177582586655 3.52751404619
6ff6ff6ff -6.49107879 -0.104755739351 3.74958978418
6ff6ff6ff-6ff -6.36395121808 -0.0699748131311 3.71294027655
6ff6ff6ff-6ff- -6.28649187901 0.0195998213173 3.72101214968
6ff6ff6ff6ff -6.33583953043 -0.323929061944 3.49380855249
6ff6ff6ff6ff- -6.28249670101 -0.176864078752 3.561462047
6fh6fh -5.75276547271 0.904251008728 3.82240542429
6fh6fh- -5.79033173914 1.22730961639 4.08467018786
6fh6fh-4fh6fh -5.4975521141 0.900140649692 3.76886578308
6fh6fh-6fh -5.64113976104 0.949632660045 3.85240149837
6fh6fh-6fh-6fh -5.43455906041 0.996267835598 3.75134422984
6fh6fh-6fh-6fh- -5.27415249013 1.23226569467 3.77456069996
6fh6fh-6fh6fh- -5.3552341637 0.971778023245 3.67587038074
6fh6fh6fh -5.39548251796 0.622739804726 3.39540212111
6fh6fh6fh-6fh -5.27920317741 0.79931379079 3.43932770324
6fh6fh6fh-6fh- -5.12331348403 0.975627217673 3.45594910609
6fh6fh6fh6fh -5.17780464302 0.477610005911 3.17122502199
6fh6fh6fh6fh- -5.08315295567 0.679653438634 3.24010874045
6fi6fi -6.82668190339 0.536354284698 4.51571065257
6fi6fi- -6.98629756559 0.970199105219 5.02641352761
6fi6fi-4fi6fi -6.74832355745 0.74419219151 4.73927195052
6fi6fi-6fi -6.80309399236 0.77875535267 4.75707315094
6fi6fi-6fi-6fi -6.63269296759 0.786477612501 4.66805003215
6fi6fi-6fi-6fi- -6.52146036094 0.951414058438 4.70110692239
6fi6fi-6fi6fi- -6.57792086614 0.784755540519 4.61766496469
6fi6fi6fi -6.45223189338 0.17857167265 3.99024171817
6fi6fi6fi-6fi -6.44858790851 0.48834290487 4.23836790691
6fi6fi6fi-6fi- -6.33648100057 0.593329524312 4.2347423282
6fi6fi6fi6fi -6.24144630778 0.011578845366 3.72766614411
6fi6fi6fi6fi- -6.21411522778 0.223437613328 3.86600532749
6fl6fl -6.41451047204 0.328242633017 4.00141363307
6fl6fl- -6.5709633593 0.903723225549 4.57863296788
6fl6fl6fl -6.05212119128 -0.0603028529076 3.47282110981
6fl6fl6fl6fl -5.84460098108 -0.271197636069 3.19984604356
6fl6fl6fl6fl- -5.80175388856 0.0109310649276 3.36009869343
6ha6ha -6.0396798987 1.29214622365 4.31028764799
6ha6ha- -6.20632431709 1.32962404151 4.52598468634
6ha6ha-4ha6ha -5.5903384322 1.01345172688 3.8503554039
6ha6ha-6ha -5.77947014574 1.19344211163 4.14818398421
6ha6ha-6ha-6ha -5.41855840658 1.11756438292 3.81215276218
6ha6ha-6ha-6ha- -5.362090184 1.08715951133 3.74311472595
6ha6ha-6ha6ha- -5.525729013 1.14940316595 3.95945382344
6ha6ha6ha -5.5790689961 1.13112327216 3.89293510443
6ha6ha6ha-6ha -5.45834879243 1.13763370325 3.86913694465
6ha6ha6ha-6ha- -5.40936189953 1.1140400212 3.81444809905
6ha6ha6ha6ha -5.31637276637 1.07727433338 3.69103113178
6ha6ha6ha6ha- -5.36269915267 1.10582546545 3.74498549076
6hd6hd -6.17983470619 1.15002139963 4.30742442207
6hd6hd- -6.25714461409 1.34663633236 4.5414026091
6hd6hd-4hd6hd -5.76892452494 1.09882710042 4.01449399533
6hd6hd-6hd -5.90944545362 1.31673697221 4.31370728176
6hd6hd-6hd-6hd -5.60527793912 1.19649074219 3.99895909849
6hd6hd-6hd-6hd- -5.56877231768 1.12733047811 3.92511341202
6hd6hd-6hd6hd- -5.68943075766 1.33452233126 4.2117037615
6hd6hd6hd -5.79506677424 1.02693244948 3.98759762248
6hd6hd6hd-6hd -5.67818093573 1.16143587021 4.05777677666
6hd6hd6hd-6hd- -5.61812531 1.11175948367 3.97851182109
6hd6hd6hd6hd -5.56448500568 0.995954339164 3.83992908977
6hd6hd6hd6hd- -5.59472371632 1.04845771701 3.88964921053
6he6he -6.03506549363 1.03319227552 4.16329074749
6he6he- -6.19336390778 1.12315483439 4.40633866192
6he6he-4he6he -5.74170563597 0.944331498249 3.92228758326
6he6he-6he -5.88681319864 1.13361933094 4.21049005241
6he6he-6he-6he -5.57068825712 1.04137667738 3.88939560942
6he6he-6he-6he- -5.49759161348 1.01329005279 3.80580722002
6he6he-6he6he- -5.70491557706 1.1367961155 4.1172759127
6he6he6he -5.69156505316 0.9267892986 3.8645469985
6he6he6he-6he -5.63527826463 1.03603090289 3.93558066447
6he6he6he-6he- -5.58660494134 0.995000031757 3.89189424087
6he6he6he6he -5.48928500978 0.885779011286 3.72016329543
6he6he6he6he- -5.53903266895 0.941689416023 3.78669078716
6hf6hf -5.77518542747 1.17823167746 3.99547692483
6hf6hf- -6.01677500736 1.07561820188 4.18953473032
6hf6hf-4hf6hf -5.41129048495 0.808902103442 3.52986996759
6hf6hf-6hf -5.6520070708 1.01741271109 3.92298923682
6hf6hf-6hf-6hf -5.21812104653 0.888204517139 3.46650316373
6hf6hf-6hf-6hf- -5.13363260833 0.790604962086 3.33434226584
6hf6hf-6hf6hf- -5.46973764621 0.944179627947 3.74151026674
6hf6hf6hf -5.43698493583 1.01553311021 3.65797609837
6hf6hf6hf-6hf -5.36450399691 0.936300123585 3.61732658831
6hf6hf6hf-6hf- -5.31524185205 0.825034175885 3.49580070246
6hf6hf6hf6hf -5.23708787505 0.944541620146 3.48615924531
6hf6hf6hf6hf- -5.29029249579 0.894015653625 3.50892922286
6hh -5.59422957954 2.00461430994 4.31989547689
6hh6hh -4.89344575292 1.79280002018 3.72721659366
6hh6hh6hh -4.46150715398 1.75370633233 3.41512082628
6hh6hh6hh6hh -4.18766402845 1.77339238009 3.26260831976
6hi6hi -5.83642321144 1.4988103909 4.32468060317
6hi6hi- -6.04108948841 1.68828936293 4.6635319312
6hi6hi-4hi6hi -5.49389990054 1.46814386363 4.08472373911
6hi6hi-6hi -5.70969442901 1.70076305495 4.46789812163
6hi6hi-6hi-6hi -5.3391095446 1.59246694488 4.09981890808
6hi6hi-6hi-6hi- -5.27261965795 1.48443594704 3.96845647821
6hi6hi-6hi6hi- -5.51141291572 1.74101659682 4.38403220407
6hi6hi6hi -5.4550659244 1.40868590525 4.01938044407
6hi6hi6hi-6hi -5.42279789681 1.59056915228 4.14753377261
6hi6hi6hi-6hi- -5.36384898294 1.53440164926 4.08958143027
6hi6hi6hi6hi -5.22614129327 1.39037615474 3.87160365564
6hi6hi6hi6hi- -5.27358555548 1.46254845221 3.94871685862
6hl6hl -5.47189704329 1.28286301979 3.8472943
6hl6hl- -5.66503589602 1.53217255619 4.21622720232
6hl6hl6hl -5.05878911585 1.12895504746 3.46796389229
6hl6hl6hl6hl -4.8054296714 1.06043611257 3.26481284647
6hl6hl6hl6hl- -4.85452984298 1.17282127984 3.37186344167
6ia6ia -7.46124556125 0.806517358035 5.35117020744
6ia6ia- -7.44107928135 0.772307442366 5.32363542463
6ia6ia-4ia6ia -6.90665537924 0.490172857674 4.73281828306
6ia6ia-6ia -7.00355813474 0.568551342593 4.83662153562
6ia6ia-6ia-6ia -6.79162627794 0.504691558904 4.64910535445
6ia6ia-6ia-6ia- -6.81972837422 0.525280775442 4.68787726592
6ia6ia-6ia6ia- -6.76525139798 0.474434992883 4.60043137092
6ia6ia6ia -7.04241221049 0.636222142876 4.91571174212
6ia6ia6ia-6ia -6.7607274745 0.487249615905 4.60398152709
6ia6ia6ia-6ia- -6.78683214367 0.506724636012 4.6396862806
6ia6ia6ia6ia -6.81471056984 0.552424932131 4.69757033069
6ia6ia6ia6ia- -6.784957421 0.524899215455 4.65308030527
6id6id -7.63643678302 0.549813852137 5.31855972067
6id6id- -7.67062469916 0.605604121706 5.37638940406
6id6id-4id6id -7.23018267259 0.430442894795 4.9566994334
6id6id-6id -7.32405703907 0.54274654868 5.08336023987
6id6id-6id-6id -7.08644502871 0.447133548779 4.86097134878
6id6id-6id-6id- -7.09810774842 0.43999648143 4.86904711482
6id6id-6id6id- -7.12852649949 0.522191984592 4.95483968472
6id6id6id -7.28627530544 0.458717941534 4.99544336971
6id6id6id-6id -7.10224055857 0.453955764097 4.88340862369
6id6id6id-6id- -7.08845776378 0.426574282627 4.84473935704
6id6id6id6id -7.08753014669 0.415030875618 4.83952981935
6id6id6id6id- -7.07667999171 0.42759027221 4.83905905843
6ie6ie -7.33328092243 0.424754610712 5.01943253086
6ie6ie- -7.42281259959 0.510708354158 5.13012156594
6ie6ie-4ie6ie -7.04044816826 0.371508714335 4.7700687256
6ie6ie-6ie -7.1629242421 0.495876590365 4.94324509859
6ie6ie-6ie-6ie -6.93020143215 0.402075922432 4.71393316521
6ie6ie-6ie-6ie- -6.89853535324 0.370779845477 4.67046932127
6ie6ie-6ie6ie- -7.01974143115 0.490964102256 4.86771107387
6ie6ie6ie -7.0416160951 0.352656058097 4.75428858566
6ie6ie6ie-6ie -6.98042436863 0.386846711474 4.76540538395
6ie6ie6ie-6ie- -6.93091978581 0.357652592685 4.69689007678
6ie6ie6ie6ie -6.87485594452 0.309283298656 4.61437284579
6ie6ie6ie6ie- -6.90364080851 0.333283541371 4.65132315373
6if6if -7.03124962525 0.84458344218 4.93785310447
6if6if- -7.10068452179 0.868317977623 5.00918601753
6if6if-4if6if -6.6903235669 0.573315649871 4.5132177394
6if6if-6if -6.80921645695 0.782440605797 4.75112735106
6if6if-6if-6if -6.54003464379 0.595103391344 4.43803677528
6if6if-6if-6if- -6.54394159744 0.516254923687 4.38552310254
6if6if-6if6if- -6.66728223959 0.71441636646 4.62338016109
6if6if6if -6.78802580974 0.667563126101 4.64341266623
6if6if6if-6if -6.68397390127 0.635444517361 4.56109866053
6if6if6if-6if- -6.68905744284 0.519041745414 4.48038964232
6if6if6if6if -6.65677170883 0.579789095302 4.49935864843
6if6if6if6if- -6.69070538346 0.561884271156 4.50746586299
6ih6ih -5.9807284317 1.50609362819 4.47060886947
6ih6ih- -6.00733736781 1.58443858283 4.54128799288
6ih6ih-4ih6ih -5.59763178094 1.46837379388 4.19857225904
6ih6ih-6ih -5.72021420795 1.59531746 4.37929108259
6ih6ih-6ih-6ih -5.50505213477 1.54863741794 4.21685206313
6ih6ih-6ih-6ih- -5.49674673633 1.51079102066 4.17890019553
6ih6ih-6ih6ih- -5.54880908349 1.63056217915 4.31210913393
6ih6ih6ih -5.6709150473 1.46418381099 4.25024100024
6ih6ih6ih-6ih -5.52730168811 1.55672145345 4.24893905932
6ih6ih6ih-6ih- -5.51508616965 1.51608166639 4.20400762969
6ih6ih6ih6ih -5.47809204727 1.46346681922 4.14013943864
6ih6ih6ih6ih- -5.48776933481 1.49513080671 4.17356857508
6ii -7.70545222716 1.35939905008 5.8921126338
6ii6ii -7.19590596114 1.14462060337 5.40859525854
6ii6ii6ii6ii -6.69608879117 1.03992079282 4.97932890696
6il6il- -6.82809665001 1.10672228208 4.9970135151
6il6il6il6il -6.242520665 0.74182998681 4.3330330361
6la6la6la6la -6.29673058634 0.116876126966 3.90404070395
6ld6ld -7.30064854397 0.718747595497 5.11830940354
6ld6ld6ld -6.69861558337 0.00161039137997 4.08332999757
6ld6ld6ld6ld -6.47437089259 -0.130172281421 3.83609378081
6le6le -7.03049311436 0.591017193509 4.84945217018
6le6le6le -6.76005915051 0.507570628695 4.58173761553
6le6le6le6le -6.60594853817 0.462611031396 4.44277072497
6lf6lf -6.71874581305 0.799086088397 4.60501348695
6lf6lf6lf -6.47994775166 0.634703754808 4.33952123705
6lf6lf6lf6lf -6.34790519864 0.544873247687 4.20766563215
6lh6lh -5.74200441804 1.42742071251 4.18716576244
6lh6lh6lh -5.42571957055 1.38200933881 3.9581829481
6lh6lh6lh6lh -5.2340816205 1.38488676103 3.85207188354
6li6li -6.91087790139 1.22069551664 5.15185766188
6li6li6li -6.58566843741 1.1062416018 4.84033069181
6li6li6li6li -6.43156267403 1.09860078993 4.73964469645
6ll -6.96680765577 1.25230397121 5.07378570806
6ll6ll -6.27252114159 0.555361036098 4.07973341339
6ll6ll6ll -5.89828028523 0.262970930135 3.60361159714
6ll6ll6ll6ll -5.68006549907 0.114810857806 3.35064294646
