12dd -9.09289355454 -0.49698660253 4.50056135557
12dd12dd -8.40213000733 -1.68606123375 3.16013673012
12dd12dd- -8.40368262401 -1.71561760209 3.15141608783
12dd12dd-12dd -8.11192085593 -2.13851783888 2.61715809865
12dd12dd-12dd-12dd -8.07089740852 -2.24425068009 2.48849929477
12dd12dd-12dd-12dd- -8.03767492686 -2.39242177681 2.3894366078
12dd12dd-12dd12dd- -7.97040477475 -2.37941751134 2.35611704555
12dd12dd-4dd12dd -8.23957327586 -2.11324903971 2.80234449756
12dd12dd12dd -8.1766591484 -2.15403561576 2.69145313145
12dd12dd12dd-12dd -8.00845594444 -2.39531006016 2.38124961777
12dd12dd12dd-12dd- -8.05194653173 -2.41813076179 2.40814394231
12dd12dd12dd12dd -8.09984701501 -2.4420694904 2.42800060462
12dd12dd12dd12dd- -8.03756074708 -2.39238325748 2.3893522635
12dh -8.2805226305 0.00908282289175 4.21765396625
12dh12dh -7.41566827006 -0.785628616673 3.02354151956
12dh12dh- -7.37677478912 -0.810466645616 3.02582184757
12dh12dh-12dh -6.94889221571 -1.14504388237 2.42860616848
12dh12dh-12dh-12dh -6.77323566655 -1.33324209711 2.16638850587
12dh12dh-12dh-12dh- -6.84073778617 -1.40474782084 2.2272189655
12dh12dh-12dh12dh- -6.72238930877 -1.33722651595 2.15077102762
12dh12dh-4dh12dh -7.02192448097 -1.1507673846 2.54198112212
12dh12dh12dh -7.05147878672 -1.15512006265 2.56168682129
12dh12dh12dh-12dh -6.73213082369 -1.33322807215 2.20363765585
12dh12dh12dh-12dh- -6.81748398992 -1.38526164236 2.26166511474
12dh12dh12dh12dh -6.85868441167 -1.3673723342 2.30327995985
12dh12dh12dh12dh- -6.76226637939 -1.30201228145 2.23815222426
12hd -8.28053721105 0.00907396611601 4.21765837602
12hd12hd -7.41560838642 -0.785615137475 3.0235227546
12hd12hd- -7.37661072806 -0.810512874153 3.02563953037
12hd12hd-12hd -6.94876239399 -1.14494135346 2.4285537771
12hd12hd-12hd-12hd -6.77345870812 -1.33315991842 2.16657584833
12hd12hd-12hd-12hd- -6.76226764636 -1.30200674874 2.23815453279
12hd12hd-12hd12hd- -6.72239284459 -1.33722840715 2.15077169779
12hd12hd-4hd12hd -7.12121592669 -1.27417007914 2.52818946208
12hd12hd12hd -7.05147659663 -1.1551236504 2.56168451346
12hd12hd12hd-12hd -6.80137412853 -1.38607593421 2.20092344312
12hd12hd12hd-12hd- -6.81747353801 -1.38526064983 2.26165863801
12hd12hd12hd12hd -6.85867513273 -1.36736863279 2.30327635022
12hd12hd12hd12hd- -6.84077609941 -1.40475018842 2.22723091447
12hh -7.77106325357 0.932872430864 4.48245826957
12hh12hh -6.7839730539 0.21372327825 3.31287959388
12hh12hh- -6.77515696172 0.121447124879 3.26423808299
12hh12hh-12hh -6.23950781173 -0.119011299256 2.68618086512
12hh12hh-12hh-12hh -6.09793248829 -0.314036269405 2.45014473981
12hh12hh-12hh-12hh- -6.04383697704 -0.270948770005 2.44633227133
12hh12hh-12hh12hh- -6.05282967325 -0.361000177253 2.3940988639
12hh12hh-4hh12hh -6.30652266739 -0.184178546122 2.75413842805
12hh12hh12hh -6.34876018898 -0.063587190151 2.81979898742
12hh12hh12hh-12hh -6.02080431326 -0.247528896508 2.450973657
12hh12hh12hh-12hh- -5.95988844192 -0.187478565946 2.46133420334
12hh12hh12hh12hh -6.08563436993 -0.222568517401 2.52543540898
12hh12hh12hh12hh- -6.04399670772 -0.271168868869 2.44627900772
13aa -7.91160336508 1.30744277704 4.9474742752
13aa13aa -6.90310636322 0.46914752253 3.66722995037
13aa13aa- -6.92066586462 0.476159172732 3.68072823669
13aa13aa-13aa -6.50700159192 0.1422512904 3.15614788736
13aa13aa-13aa-13aa -6.28819713338 -0.0611741946221 2.85737988241
13aa13aa-13aa-13aa- -6.50503618862 0.135767183543 3.1231264681
13aa13aa-13aa13aa- -6.29633158917 -0.0377256025774 2.88536132795
13aa13aa-4aa13aa -6.52889234034 -0.205362830133 3.02923539845
13aa13aa13aa -6.49822518974 0.0901512124324 3.12571367715
13aa13aa13aa-13aa -6.29975307218 -0.0628261394329 2.87390026639
13aa13aa13aa-13aa- -6.30352742593 -0.0884980281546 2.86208380967
13aa13aa13aa13aa -6.5987759348 0.211650461301 3.23708655746
13aa13aa13aa13aa- -6.29578673054 -0.0950860239155 2.84446096131
13ad13ad -7.58270640512 -0.457275289046 3.46368930454
13ad13ad- -7.60614573747 -0.473690044143 3.45553802317
13ad13ad-13ad -7.27516132717 -0.806312722377 2.98686099119
13ad13ad-13ad-13ad -7.10904527119 -1.02035717763 2.72467623967
13ad13ad-13ad-13ad- -7.12341429399 -1.06608426101 2.70858588572
13ad13ad-13ad13ad- -7.1110484438 -0.999000325767 2.74757669727
13ad13ad-4ad13ad -7.3303610793 -1.14535092375 2.90172649138
13ad13ad13ad -7.30052055723 -0.904819810217 2.97973949686
13ad13ad13ad-13ad -7.16477616845 -1.08138373017 2.74420404246
13ad13ad13ad-13ad- -7.17318968243 -1.1137969461 2.72835483834
13ad13ad13ad13ad -7.45135559388 -0.888874732808 3.06945793911
13ad13ad13ad13ad- -7.29414835383 -1.07154513911 2.83966206629
13ae13ae -6.93051002884 0.10619372352 3.41021860074
13ae13ae- -6.95039502219 0.0968184091858 3.40244448189
13ae13ae-13ae -6.58152028995 -0.206497843675 2.93298956077
13ae13ae-13ae-13ae -6.43822509617 -0.365616289123 2.72412235695
13ae13ae-13ae-13ae- -6.49835817765 -0.344935573088 2.78260926215
13ae13ae-13ae13ae- -6.39226280927 -0.376385015541 2.69368241842
13ae13ae-4ae13ae -6.65877214907 -0.469148911931 2.90274614647
13ae13ae13ae -6.69724101018 -0.173577808524 3.05293123516
13ae13ae13ae-13ae -6.41022930701 -0.419869246998 2.69386555863
13ae13ae13ae-13ae- -6.49112446563 -0.3866087142 2.76124305327
13ae13ae13ae13ae -6.61415181313 -0.251009455041 2.9436930695
13ae13ae13ae13ae- -6.50249059861 -0.395030919879 2.76762713347
13af13af -7.06260115663 0.472884299398 3.72753445481
13af13af- -6.82458074733 0.384605746313 3.53556393922
13af13af-13af -6.3728525613 0.0903361173854 3.0251861109
13af13af-13af-13af -6.27494071737 -0.16206495156 2.76975116592
13af13af-13af-13af- -6.22875887718 -0.144552889116 2.75597646275
13af13af-13af13af- -6.14837214412 -0.117610469459 2.74435706863
13af13af-4af13af -6.52259513188 -0.311042160349 2.91516363353
13af13af13af -6.7775454735 0.184434478473 3.32400686095
13af13af13af-13af -6.28244369826 -0.116711488528 2.81802574041
13af13af13af-13af- -6.47225789216 -0.169130143964 2.87921900668
13af13af13af13af -6.65870928492 0.0227210614099 3.12163334699
13af13af13af13af- -6.51223175159 -0.0805013529043 2.96600221767
13ah13ah -6.72591400369 0.652422819326 3.61958500677
13ah13ah- -6.71887978269 0.541593277867 3.57487852441
13ah13ah-13ah -6.31897234657 0.234329010358 3.08705597654
13ah13ah-13ah-13ah -6.11593338392 0.103246090125 2.83931883357
13ah13ah-13ah-13ah- -6.13069338079 0.128191342524 2.87205491881
13ah13ah-13ah13ah- -6.10427786391 0.0681826164809 2.83080916956
13ah13ah-4ah13ah -6.34855036657 0.0344912913337 3.00628710546
13ah13ah13ah -6.38318772464 0.38385824298 3.19850011743
13ah13ah13ah-13ah -6.14242881905 0.0954785652638 2.856062121
13ah13ah13ah-13ah- -6.14198120031 0.110887971468 2.86543184551
13ah13ah13ah13ah -6.21011130484 0.22895989831 2.96845380599
13ah13ah13ah13ah- -6.18812880355 0.172378400962 2.91450167834
13ai13ai -6.95142156806 0.703125767938 3.82624239592
13ai13ai- -6.89075221727 0.646334934039 3.74824213733
13ai13ai-13ai -6.48187553176 0.331924659458 3.23979710549
13ai13ai-13ai-13ai -6.31506489667 0.184505292716 3.01407590844
13ai13ai-13ai-13ai- -6.38219484756 0.216912383222 3.08310249401
13ai13ai-13ai13ai- -6.27058268414 0.162051567108 2.97789793006
13ai13ai-4ai13ai -6.54719380755 0.0598270869109 3.1874687888
13ai13ai13ai -6.62724244646 0.449159269664 3.41765781026
13ai13ai13ai-13ai -6.30791550078 0.177786741028 3.01117498712
13ai13ai13ai-13ai- -6.34907995214 0.182165834759 3.04032055666
13ai13ai13ai13ai -6.47374416655 0.307316890867 3.2046573573
13ai13ai13ai13ai- -6.39721311924 0.2528606707 3.11544220829
13al13al -6.69853249058 0.459573266112 3.50215160896
13al13al- -6.73007346748 0.493689379933 3.54423602352
13al13al-13al -6.26073012083 0.156760197019 2.98993677312
13al13al-13al-13al -6.12086810152 -0.0155206100124 2.76891591955
13al13al-13al-13al- -6.15996287348 0.0102103943879 2.81536722087
13al13al-13al13al- -6.00146201397 0.0177039967684 2.73003222247
13al13al13al -6.26371948564 0.0983797020665 2.96648598775
13al13al13al-13al -6.09155338215 -0.0312729056173 2.74874256002
13al13al13al-13al- -6.1362318213 -0.00655131032733 2.78558241847
13al13al13al13al -6.15687561501 -0.0359484273613 2.77745168675
13al13al13al13al- -6.02982485708 -0.0553118923541 2.69250804885
13da13da -7.58270617357 -0.457275321247 3.46368911447
13da13da- -7.60614606772 -0.473689605427 3.45553884238
13da13da-13da -7.27516139798 -0.806310555303 2.98686227395
13da13da-13da-13da -7.10904610005 -1.02035683011 2.72467713485
13da13da-13da-13da- -7.32608560427 -1.01112242168 2.90456623129
13da13da-13da13da- -7.11104878462 -0.998998207197 2.74757823934
13da13da-4da13da -7.27982178703 -1.1804679511 2.87507946351
13da13da13da -7.30052045542 -0.904819307999 2.97973970356
13da13da13da-13da -7.11556422667 -1.02858678713 2.73179897563
13da13da13da-13da- -7.17318876805 -1.11379448002 2.72835547876
13da13da13da13da -7.45116634211 -0.889170094328 3.06916707466
13da13da13da13da- -7.12342937464 -1.06610611934 2.70858325417
13dd -8.80241166878 0.0424465696234 4.66559818405
13dd13dd -8.51029973155 -0.725343651084 3.88598944885
13dd13dd- -8.16411499825 -1.25540191856 3.28468303245
13dd13dd-13dd -7.90532643189 -1.60462690285 2.85736585079
13dd13dd-13dd-13dd -7.9492766449 -1.6449737129 2.86633114441
13dd13dd-13dd-13dd- -8.03849522909 -1.8028239441 2.8462016738
13dd13dd-13dd13dd- -7.84192789121 -1.70240661553 2.75357106802
13dd13dd-4dd13dd -7.95739532746 -2.01575729646 2.77054355233
13dd13dd13dd -7.93015126501 -1.54688866213 2.90994446129
13dd13dd13dd-13dd -7.9358940755 -1.76747483529 2.77401544096
13dd13dd13dd-13dd- -8.0611036302 -1.79936919984 2.84869319618
13dd13dd13dd13dd -7.84165099217 -1.70247743093 2.75330016097
13dd13dd13dd13dd- -8.03900024612 -1.80250963137 2.84679464549
13de13de -7.7263414047 -0.38880575821 3.56433673909
13de13de- -7.5445616125 -0.71773184377 3.22571878672
13de13de-13de -7.23571536708 -1.03482059757 2.77310784454
13de13de-13de-13de -7.19475467537 -1.12210200538 2.69323767335
13de13de-13de-13de- -7.40712172438 -1.09398803282 2.88163411163
13de13de-13de13de- -7.08667569125 -1.22534099662 2.54751500925
13de13de-4de13de -7.27101213968 -1.40829270769 2.69041670565
13de13de13de -7.62610963367 -0.655195858577 3.32194241371
13de13de13de-13de -7.16955347254 -1.19683076959 2.62898616861
13de13de13de-13de- -7.30987635695 -1.17789038146 2.75317997682
13de13de13de13de -7.62219989116 -0.811701025202 3.20624483174
13de13de13de13de- -7.24960125969 -1.17148794749 2.7142750688
13df13df -7.62698941089 -0.469967533692 3.42614970785
13df13df- -7.50762497226 -0.541555699518 3.32759775283
13df13df-13df -7.192448225 -0.888409004443 2.83663366226
13df13df-13df-13df -6.98143917831 -0.99605263788 2.64247172031
13df13df-13df-13df- -7.23659862052 -1.05345101509 2.8331172208
13df13df-13df13df- -6.96110266328 -1.06198424322 2.60504435371
13df13df-4df13df -7.17615221255 -1.08329723872 2.80050845027
13df13df13df -7.37235811496 -0.945669439451 2.93288592801
13df13df13df-13df -7.06606637729 -1.13739723823 2.57883338707
13df13df13df-13df- -7.20659837064 -1.16912979137 2.69537060584
13df13df13df13df -7.33946160092 -1.08445608903 2.81496741435
13df13df13df13df- -7.18405084768 -1.19157795328 2.60679982849
13dh13dh -7.29402754449 -0.261754411132 3.32048518194
13dh13dh- -7.38154047811 -0.376794918307 3.35724347625
13dh13dh-13dh -7.08356854541 -0.697806642205 2.9342982342
13dh13dh-13dh-13dh -6.85405251858 -0.842342746532 2.61889537347
13dh13dh-13dh-13dh- -6.94295418826 -0.914601561276 2.70245063312
13dh13dh-13dh13dh- -6.93161959917 -0.87843888006 2.70831445431
13dh13dh-4dh13dh -7.04515012186 -0.858544938608 2.81816241259
13dh13dh13dh -7.05987406544 -0.597763775016 2.94619284298
13dh13dh13dh-13dh -6.86650768025 -0.867607213632 2.62430288326
13dh13dh13dh-13dh- -6.92902358503 -0.89888049141 2.67662283819
13dh13dh13dh13dh -6.97989796271 -0.796087692698 2.75530013189
13dh13dh13dh13dh- -6.84314083782 -0.846526439905 2.58982403941
13di13di -7.66783136402 -0.148485234262 3.70423461239
13di13di- -7.45730422651 -0.400319171652 3.38068825652
13di13di-13di -7.12971461971 -0.716830054157 2.92129831326
13di13di-13di-13di -7.05794403923 -0.822338602813 2.79560210394
13di13di-13di-13di- -7.28517026582 -0.794987243005 2.99880846319
13di13di-13di13di- -6.96795561163 -0.893053161083 2.69256397006
13di13di-4di13di -7.23308619742 -0.885050666559 2.99037668904
13di13di13di -7.49993176349 -0.434661714961 3.38823328516
13di13di13di-13di -7.04961310471 -0.867020485784 2.76283756623
13di13di13di-13di- -7.18457010077 -0.853793520078 2.87172384278
13di13di13di13di -7.46234201124 -0.598462742155 3.24021654828
13di13di13di13di- -7.12512007489 -0.844079535185 2.81893393774
13dl13dl -7.60754601469 -0.24113942875 3.58525775472
13dl13dl- -7.37831562291 -0.379774214999 3.33696334142
13dl13dl-13dl -6.97521384365 -0.705673388609 2.82149187235
13dl13dl-13dl-13dl -6.92028370146 -0.855848535005 2.6797064618
13dl13dl-13dl-13dl- -6.7605693267 -0.845538057358 2.58853112547
13dl13dl-13dl13dl- -6.76061792005 -0.845496672511 2.5885930917
13dl13dl13dl -7.40746115373 -0.506782001666 3.27032436823
13dl13dl13dl-13dl -6.87778118649 -0.872080730283 2.64386535322
13dl13dl13dl13dl -7.35987458842 -0.653263737769 3.13450515837
13dl13dl13dl13dl- -6.98835666915 -0.840895016503 2.72028985964
13ea13ea -6.930512039 0.106200304768 3.41022791362
13ea13ea- -6.95039013641 0.0968233110359 3.40244325192
13ea13ea-13ea -6.58148219425 -0.206636471658 2.93288278917
13ea13ea-13ea-13ea -6.39434612307 -0.408597138272 2.66887248692
13ea13ea-13ea-13ea- -6.53270011704 -0.335520814168 2.83089722902
13ea13ea-13ea13ea- -6.39224279091 -0.376407165578 2.69365707222
13ea13ea-4ea13ea -6.62139773004 -0.488557569574 2.89170409363
13ea13ea13ea -6.69713825211 -0.17374531991 3.05275720051
13ea13ea13ea-13ea -6.40015720309 -0.404967752863 2.68400747675
13ea13ea13ea-13ea- -6.49121087144 -0.386564743611 2.76133857952
13ea13ea13ea13ea -6.61428074599 -0.250900556299 2.94388067849
13ea13ea13ea13ea- -6.49841224263 -0.344863298296 2.78270460935
13ed13ed -7.72653765946 -0.388563806075 3.56462801026
13ed13ed- -7.54460162711 -0.717748783624 3.22575034179
13ed13ed-13ed -7.23569402142 -1.03487840974 2.77306871908
13ed13ed-13ed-13ed -7.19508797681 -1.12192366889 2.69363836994
13ed13ed-13ed-13ed- -7.24959305051 -1.17130450464 2.71443895611
13ed13ed-13ed13ed- -7.0865766819 -1.22543089793 2.54737534672
13ed13ed-4ed13ed -7.36118283977 -1.28854213291 2.83900183964
13ed13ed13ed -7.62632888176 -0.654861494134 3.32224188849
13ed13ed13ed-13ed -7.21352384727 -1.21846893739 2.6432448635
13ed13ed13ed-13ed- -7.31011974666 -1.17769273325 2.75350043102
13ed13ed13ed13ed -7.622762761 -0.811109717038 3.20702674514
13ed13ed13ed13ed- -7.40730699546 -1.09381689142 2.88188076305
13ee -7.85273303596 0.773736970872 4.19456006304
13ee13ee -7.22682813141 0.124669731709 3.56973809547
13ee13ee- -7.00066244577 -0.201854842283 3.20545627513
13ee13ee-13ee -6.67641858672 -0.453189304245 2.79913977523
13ee13ee-13ee-13ee -6.59967651767 -0.538174485959 2.68773575163
13ee13ee-13ee-13ee- -6.76319323492 -0.465366058541 2.86638921784
13ee13ee-13ee13ee- -6.51808962199 -0.592587514486 2.60968120742
13ee13ee-4ee13ee -6.75687699427 -0.702853852566 2.82454475563
13ee13ee13ee -7.04512111064 -0.088767790583 3.31126057238
13ee13ee13ee-13ee -6.60432452376 -0.575299819852 2.67274195953
13ee13ee13ee-13ee- -6.69595991198 -0.547334840982 2.76242816441
13ee13ee13ee13ee -6.98073662431 -0.2113188061 3.17988181254
13ee13ee13ee13ee- -6.76329301543 -0.465220778946 2.86656801273
13ef13ef -7.02567929063 0.0672846676312 3.39253348888
13ef13ef- -6.92566463936 0.0121358286491 3.3205773158
13ef13ef-13ef -6.48268095676 -0.246002382272 2.83365947471
13ef13ef-13ef-13ef -6.3455153712 -0.378457751467 2.65264446059
13ef13ef-13ef-13ef- -6.52587595019 -0.372698063567 2.81422320391
13ef13ef-13ef13ef- -6.29695685768 -0.460459884735 2.57753721503
13ef13ef-4ef13ef -6.53803066575 -0.484707782168 2.78768350144
13ef13ef13ef -6.59556160069 -0.40820893719 2.81031364662
13ef13ef13ef-13ef -6.38404409853 -0.48102720907 2.60979939019
13ef13ef13ef-13ef- -6.50829305143 -0.506948954747 2.68537207372
13ef13ef13ef13ef -6.60356600077 -0.421597526779 2.78133753682
13ef13ef13ef13ef- -6.53864852085 -0.504794965328 2.66673793858
13eh13eh -6.79272577086 0.288882787267 3.36995314307
13eh13eh- -6.82125854898 0.168113671813 3.3531544447
13eh13eh-13eh -6.42878839837 -0.127134256576 2.86588371266
13eh13eh-13eh-13eh -6.27041640046 -0.234245592948 2.67824450224
13eh13eh-13eh-13eh- -6.30427707275 -0.229179118065 2.73467427341
13eh13eh-13eh13eh- -6.21969922526 -0.29939071829 2.60835475549
13eh13eh-4eh13eh -6.45775797397 -0.273237933669 2.84612593741
13eh13eh13eh -6.48796954929 0.0337420799539 3.00173161993
13eh13eh13eh-13eh -6.23598179805 -0.255381680747 2.63453784772
13eh13eh13eh-13eh- -6.28702742813 -0.243708437352 2.69764117926
13eh13eh13eh13eh -6.35416324164 -0.105485176117 2.81432231874
13eh13eh13eh13eh- -6.30624935836 -0.158502986982 2.73162898568
13ei13ei -7.06836875497 0.408375295524 3.68308041419
13ei13ei- -6.84747509518 0.150652800894 3.34811460622
13ei13ei-13ei -6.46505395678 -0.156241895279 2.86124626479
13ei13ei-13ei-13ei -6.41384069058 -0.199867401792 2.7999923908
13ei13ei-13ei-13ei- -6.56794514842 -0.123013916751 2.97876604392
13ei13ei-13ei13ei- -6.31128483503 -0.280764353758 2.68046527802
13ei13ei-4ei13ei -6.60186269767 -0.268498221078 2.98948854145
13ei13ei13ei -6.83266709001 0.19172426635 3.37369075255
13ei13ei13ei-13ei -6.37201973517 -0.255467490152 2.73072078059
13ei13ei13ei-13ei- -6.48650701954 -0.191835856209 2.86002850256
13ei13ei13ei13ei -6.73813633486 0.0737165000472 3.22040372843
13ei13ei13ei13ei- -6.54149228652 -0.115231566878 2.94083265814
13el13el -7.08442737316 0.327209422513 3.62873003144
13el13el- -6.7969913432 0.15745133055 3.31668421238
13el13el-13el -6.47898620761 -0.169703773041 2.87408617157
13el13el-13el-13el -6.33813639216 -0.312274254844 2.66739653629
13el13el-13el-13el- -6.32172206245 -0.273710198284 2.68562046938
13el13el-13el13el- -6.23374041819 -0.291708122479 2.63781844339
13el13el13el -6.81428649206 0.122973344586 3.30995585695
13el13el13el-13el -6.34593620474 -0.277884017739 2.70614561106
13el13el13el-13el- -6.47002519839 -0.17626537275 2.85939180406
13el13el13el13el -6.72470167173 0.0342771146242 3.18463605746
13el13el13el13el- -6.4724273456 -0.120507222955 2.88707136622
13fa13fa -6.81118168933 0.377309458618 3.52876674743
13fa13fa- -6.82484309287 0.384765393592 3.53585849966
13fa13fa-13fa -6.38554226963 0.0603547402319 3.0146006617
13fa13fa-13fa-13fa- -6.58221606888 -0.085094990008 2.9963918757
13fa13fa-13fa13fa- -6.14831726971 -0.117593401991 2.74434936521
13fa13fa-4fa13fa -6.37118382467 -0.2883954508 2.89527604194
13fa13fa13fa -6.39243655473 0.000742574450258 2.99215589532
13fa13fa13fa-13fa -6.3094068373 -0.14916126229 2.79631375889
13fa13fa13fa-13fa- -6.45928340905 -0.194170883717 2.85373473721
13fa13fa13fa13fa -6.1809737806 -0.219094856599 2.69708470634
13fa13fa13fa13fa- -6.22901979796 -0.14427732118 2.75634847965
13fd13fd -7.65012702885 -0.35753199826 3.55030926947
13fd13fd- -7.50774734117 -0.541679097829 3.32764420162
13fd13fd-13fd -7.14594064016 -0.872754166398 2.85019120434
13fd13fd-13fd-13fd -7.05274180619 -1.08026697449 2.60608858417
13fd13fd-13fd-13fd- -7.18094036263 -1.16700727134 2.62936038581
13fd13fd-13fd13fd- -6.96117904143 -1.06200662314 2.6050864064
13fd13fd-4fd13fd -7.22666342038 -1.18001451892 2.79831560952
13fd13fd13fd -7.45052222079 -0.680766890992 3.1973843961
13fd13fd13fd-13fd -7.08010225358 -1.09423719534 2.67625405342
13fd13fd13fd-13fd- -7.20657778829 -1.16908341459 2.69541488928
13fd13fd13fd13fd -7.06134080547 -1.29737130471 2.57212574076
13fd13fd13fd13fd- -7.17670040239 -1.12076054474 2.74381546771
13fe13fe -6.90711154861 0.0111939529559 3.32808927049
13fe13fe- -6.92548252785 0.0121624928143 3.32040891916
13fe13fe-13fe -6.51461250514 -0.291169103609 2.82722066502
13fe13fe-13fe-13fe -6.40127344347 -0.466305598814 2.60710149815
13fe13fe-13fe-13fe- -6.53891095679 -0.504663407853 2.66704433174
13fe13fe-13fe13fe- -6.29689167828 -0.460498868195 2.57746695128
13fe13fe-4fe13fe -6.5181035428 -0.610787792484 2.73866306193
13fe13fe13fe -6.79604310473 -0.0596900066865 3.18515499136
13fe13fe13fe-13fe -6.38515622464 -0.453087655754 2.65022818668
13fe13fe13fe-13fe- -6.50755996508 -0.507882697429 2.68438643008
13fe13fe13fe13fe -6.68193142254 -0.194729430231 3.01281893387
13fe13fe13fe13fe- -6.46734374781 -0.435420314879 2.72436717101
13ff -7.88597189576 1.06985841047 4.74295404579
13ff13ff -6.88778906684 0.22739222041 3.45864298169
13ff13ff- -7.01373288943 0.197159073967 3.5331549333
13ff13ff-13ff -6.562132368 -0.0779760944705 2.99813935016
13ff13ff-13ff-13ff -6.34268111379 -0.301718412017 2.68189337347
13ff13ff-13ff-13ff- -6.47765350684 -0.448526425682 2.66714254984
13ff13ff-13ff13ff- -6.31814946149 -0.269336060071 2.71735112791
13ff13ff-4ff13ff -6.48656004397 -0.344308553744 2.863656305
13ff13ff13ff -6.56954264753 -0.167675530475 2.93489962887
13ff13ff13ff-13ff -6.42253359465 -0.323083532915 2.71888066547
13ff13ff13ff-13ff- -6.55603554688 -0.462190875084 2.70512049438
13ff13ff13ff13ff -6.37689790072 -0.397550897464 2.64116790523
13ff13ff13ff13ff- -6.41798829102 -0.40170258482 2.67342198167
13fh13fh -6.89685621817 0.427915918257 3.59090324541
13fh13fh- -6.85520243691 0.321159859893 3.50944713744
13fh13fh-13fh -6.45770413548 0.0724421079942 3.03813072682
13fh13fh-13fh-13fh -6.22505286432 -0.135211443523 2.710549346
13fh13fh-13fh-13fh- -6.309828705 -0.219746850351 2.71330878738
13fh13fh-13fh13fh- -6.22677484019 -0.148026186322 2.73776120823
13fh13fh-4fh13fh -6.35785923396 -0.218926028165 2.85968780501
13fh13fh13fh -6.53467017943 0.136588284461 3.14292578455
13fh13fh13fh-13fh -6.29855463716 -0.156421618299 2.76089160365
13fh13fh13fh-13fh- -6.3873305012 -0.254983055853 2.74242227975
13fh13fh13fh13fh -6.36442866858 -0.0289027317595 2.90971715166
13fh13fh13fh13fh- -6.36721664674 -0.171075504218 2.807551286
13fi13fi -6.91986105138 0.605912112051 3.71995043309
13fi13fi- -6.97094274809 0.495943473228 3.67067865332
13fi13fi-13fi -6.34794807143 0.123132646216 3.00374817004
13fi13fi-13fi-13fi -6.32939538461 0.0461007820167 2.91238054234
13fi13fi-13fi-13fi- -6.58070238796 0.107743455326 3.11231020549
13fi13fi-13fi13fi- -6.11800044959 -0.0438801868303 2.73755054988
13fi13fi-4fi13fi -6.3540150506 -0.140794995032 2.93998846023
13fi13fi13fi -6.58885513511 0.368715029021 3.32381234408
13fi13fi13fi-13fi -6.19026501432 -0.00843231618432 2.80889728679
13fi13fi13fi-13fi- -6.34696899885 0.0194306783036 2.91784773913
13fi13fi13fi13fi -6.4458534309 0.252393952433 3.13973639501
13fi13fi13fi13fi- -6.31742932574 0.0955119196769 2.96173013956
13fl13fl -6.98759259419 0.488458624538 3.68939872287
13fl13fl- -6.80925966522 0.371420791621 3.51137797076
13fl13fl-13fl -6.36471143712 0.0775290677256 2.98687152581
13fl13fl-13fl13fl- -6.12953377686 -0.083691893747 2.7138223638
13fl13fl13fl -6.47765943175 0.142344530825 3.09124135734
13fl13fl13fl-13fl -6.08461321483 -0.0834742760746 2.68067670981
13fl13fl13fl13fl -6.58582646078 0.0856534882609 3.11750722551
13fl13fl13fl13fl- -6.30532055669 -0.0630999269169 2.83135102843
13ha13ha -6.72591295917 0.652420097249 3.61958066339
13ha13ha- -6.71872302555 0.541525291492 3.57470434513
13ha13ha-13ha -6.31887891566 0.234271033886 3.08695037505
13ha13ha-13ha-13ha -6.11593315665 0.103248334018 2.8393195546
13ha13ha-13ha-13ha- -6.18816467003 0.172413261746 2.9145499314
13ha13ha-13ha13ha- -6.10425201761 0.068163678867 2.83077912887
13ha13ha-4ha13ha -6.3739261656 -0.00828344019299 3.04693149867
13ha13ha13ha -6.383631132 0.384256728415 3.19907725202
13ha13ha13ha-13ha -6.10237188116 0.0794086581121 2.83882381036
13ha13ha13ha-13ha- -6.14205381807 0.110931732044 2.86550755665
13ha13ha13ha13ha -6.21007452565 0.228955695352 2.96841973589
13ha13ha13ha13ha- -6.13040131936 0.128055259078 2.87173444869
13hd13hd -7.29402520155 -0.261751615019 3.32048792561
13hd13hd- -7.38138490015 -0.376768607203 3.35710946594
13hd13hd-13hd -7.08369393338 -0.697788075901 2.93445096151
13hd13hd-13hd-13hd -6.85405054382 -0.842377256985 2.61889231053
13hd13hd-13hd-13hd- -6.8430995552 -0.846648099722 2.58971680737
13hd13hd-13hd13hd- -6.93169677925 -0.878413405355 2.70842600619
13hd13hd-4hd13hd -7.13511804141 -0.938703106897 2.8778828013
13hd13hd13hd -7.06013011656 -0.597862194409 2.94636989901
13hd13hd13hd-13hd -6.92856526988 -0.921994558588 2.69020087852
13hd13hd13hd-13hd- -6.92905436908 -0.898867009931 2.67665889269
13hd13hd13hd13hd -6.97976618193 -0.796200111771 2.75511716607
13hd13hd13hd13hd- -6.94287221434 -0.914634051805 2.70233404329
13he13he -6.79254648298 0.288667025667 3.36967426288
13he13he- -6.82122479349 0.168096131616 3.35311397351
13he13he-13he -6.42875913727 -0.127178166456 2.86585062525
13he13he-13he-13he -6.27037208898 -0.2342646959 2.67819207361
13he13he-13he-13he- -6.3062663328 -0.158484954875 2.73165193299
13he13he-13he13he- -6.21971310086 -0.299370992661 2.60837448946
13he13he-4he13he -6.52046281641 -0.316420813661 2.89584711599
13he13he13he -6.40727735285 -0.0839114747264 2.86392767739
13he13he13he-13he -6.25004599713 -0.295459685409 2.65482270171
13he13he13he-13he- -6.28697253668 -0.243732558952 2.69759477351
13he13he13he13he -6.35443608847 -0.105272937364 2.81465126504
13he13he13he13he- -6.30420741959 -0.229233670439 2.73458566846
13hf13hf -6.78530840024 0.363078359212 3.44908790048
13hf13hf- -6.85556287429 0.321243973302 3.50977485468
13hf13hf-13hf -6.42240905878 0.0914096299682 3.02691258439
13hf13hf-13hf-13hf -6.21527594507 -0.106429290067 2.7445261119
13hf13hf-13hf-13hf- -6.36731661142 -0.171110003193 2.80756341623
13hf13hf-13hf13hf- -6.22684439345 -0.147966395343 2.73784466699
13hf13hf-4hf13hf -6.41199994919 -0.19628534227 2.89828364857
13hf13hf13hf -6.39804419918 0.0390755373937 2.97029310657
13hf13hf13hf-13hf -6.28317506742 -0.132426495388 2.76399325956
13hf13hf13hf-13hf- -6.38758637001 -0.254401687515 2.74296161956
13hf13hf13hf13hf -6.20374176957 -0.238185301828 2.6226402748
13hf13hf13hf13hf- -6.30995381636 -0.219588832457 2.71358668775
13hh -7.5204097894 1.36616355386 4.68798487835
13hh13hh -6.57679122854 0.677728384714 3.50663723567
13hh13hh- -6.63688847097 0.606159277235 3.54655878731
13hh13hh-13hh -6.23245707996 0.312749490977 3.05884516873
13hh13hh-13hh-13hh -5.98856542045 0.228242225254 2.80855014565
13hh13hh-13hh-13hh- -6.00664037417 0.220295808367 2.81970271773
13hh13hh-13hh13hh- -5.98889876099 0.150089596863 2.77411300364
13hh13hh-4hh13hh -6.23986924131 0.123993419753 2.98331913547
13hh13hh13hh -6.20716459343 0.396916143088 3.07386563422
13hh13hh13hh-13hh -5.9945293059 0.179815173797 2.79587678677
13hh13hh13hh-13hh- -6.00324855666 0.205521415769 2.81275935807
13hh13hh13hh13hh -6.02043831538 0.242402865024 2.83572236838
13hh13hh13hh13hh- -6.00698668603 0.220795416996 2.82029776927
13hi13hi -6.76599747429 0.815560388627 3.7399767835
13hi13hi- -6.65695896857 0.590010665825 3.5443907501
13hi13hi-13hi -6.22600412378 0.289943436532 3.03268746442
13hi13hi-13hi-13hi -6.14792078714 0.269892737141 2.94784360345
13hi13hi-13hi-13hi- -6.25018879378 0.359548252204 3.06563832088
13hi13hi-13hi13hi- -5.99917955385 0.126933197722 2.76848000228
13hi13hi-4hi13hi -6.3494909733 0.137791168765 3.09213637571
13hi13hi13hi -6.47590452875 0.618777003268 3.39563668633
13hi13hi13hi-13hi -6.07277484331 0.19369082445 2.86002892773
13hi13hi13hi-13hi- -6.17119938631 0.288223315638 2.97184680611
13hi13hi13hi13hi -6.3504876534 0.519613996345 3.23118756025
13hi13hi13hi13hi- -6.22516492355 0.34739968954 3.05518298674
13hl13hl -6.62370077687 0.489814498849 3.43097602421
13hl13hl- -6.68839961509 0.541551480874 3.54519287376
13hl13hl-13hl -6.25114670741 0.250035307775 3.02723549985
13hl13hl-13hl-13hl -6.32306979942 0.34228191995 3.11378106728
13hl13hl-13hl-13hl- -6.5259561578 0.44312359189 3.31247793748
13hl13hl-13hl13hl- -5.989282701 0.0900095604041 2.72829316591
13hl13hl13hl -6.20973493861 0.18765231731 2.94679934595
13hl13hl13hl-13hl -5.99298109231 0.0287527353169 2.69282257283
13hl13hl13hl-13hl- -6.15875132257 0.177485509675 2.89043239289
13hl13hl13hl13hl -6.02421882807 -0.0587060580165 2.62357217638
13hl13hl13hl13hl- -6.02922278719 0.0177918325127 2.68805699434
13ia13ia -6.95136488886 0.703067156781 3.82615727479
13ia13ia- -6.89081385456 0.646383638049 3.74832404441
13ia13ia-13ia -6.48183968203 0.331881326296 3.23974346261
13ia13ia-13ia-13ia -6.31507050009 0.184512186027 3.01408565205
13ia13ia-13ia-13ia- -6.39725052486 0.252884201446 3.11548889762
13ia13ia-13ia13ia- -6.27063732195 0.162106068425 2.9779739124
13ia13ia-4ia13ia -6.557622507 0.0476414706 3.21607090837
13ia13ia13ia -6.62724547557 0.449164833525 3.41766033128
13ia13ia13ia-13ia -6.30358383228 0.156609420402 2.99444997243
13ia13ia13ia-13ia- -6.34902534947 0.182104104089 3.04024470688
13ia13ia13ia13ia -6.47376978506 0.307346776184 3.20469409269
13ia13ia13ia13ia- -6.38219490583 0.216916943707 3.08310491319
13id13id -7.66783954174 -0.148443769512 3.70426626314
13id13id- -7.45726876854 -0.400364090294 3.38062958696
13id13id-13id -7.12954248512 -0.716960394667 2.92107248079
13id13id-13id-13id -7.0579343905 -0.822328397016 2.79560105037
13id13id-13id-13id- -7.12506853246 -0.844110069272 2.81886101057
13id13id-13id13id- -6.96796383633 -0.893050127974 2.692573081
13id13id-4id13id -7.31507579425 -0.878922592539 3.0414451382
13id13id13id -7.50007261235 -0.434560121609 3.38841579795
13id13id13id-13id -7.09054679321 -0.90188520561 2.77431335638
13id13id13id-13id- -7.18454771486 -0.853810827966 2.87169623244
13id13id13id13id -7.4621534095 -0.598466185623 3.24005244744
13id13id13id13id- -7.28514482765 -0.794983061228 2.99879321309
13ie13ie -7.06837449591 0.408370338105 3.68307376397
13ie13ie- -6.84743325687 0.150627216536 3.34805653087
13ie13ie-13ie -6.46502781046 -0.156285695977 2.86118781965
13ie13ie-13ie-13ie -6.4139841831 -0.199733201237 2.80019721856
13ie13ie-13ie-13ie- -6.54152709639 -0.115140488877 2.94092130113
13ie13ie-13ie13ie- -6.31126197969 -0.280766281002 2.6804604901
13ie13ie-4ie13ie -6.63444231065 -0.275827240366 2.99827434761
13ie13ie13ie -6.83251995591 0.191541152568 3.37346797863
13ie13ie13ie-13ie -6.38742280464 -0.264651001822 2.74426337736
13ie13ie13ie-13ie- -6.48658820062 -0.191759711658 2.86013358364
13ie13ie13ie13ie -6.73840225085 0.0739063264531 3.22072592399
13ie13ie13ie13ie- -6.56777986786 -0.123163596827 2.97854740411
13if13if -7.03051785281 0.618938731254 3.79329252998
13if13if- -6.97090265172 0.49587501355 3.67061314171
13if13if-13if -6.45336976666 0.149030798567 3.07571669931
13if13if-13if-13if -6.1750848786 0.0578269516711 2.83293426328
13if13if-13if-13if- -6.3174123198 0.0954578818136 2.96170410125
13if13if-13if13if- -6.11806046384 -0.0438802417748 2.73759352907
13if13if-4if13if -6.5501604652 -0.104270481153 3.0569812126
13if13if13if -6.7799163548 0.393866214035 3.45257762947
13if13if13if-13if -6.34896099211 -0.0104151204125 2.88784280236
13if13if13if-13if- -6.34682930765 0.0194389034386 2.91776629892
13if13if13if13if -6.67817582825 0.26856988889 3.28530729608
13if13if13if13if- -6.58071228703 0.107756803221 3.11232729193
13ih13ih -6.76599726059 0.815561665026 3.73997750169
13ih13ih- -6.65697366674 0.590024318843 3.54441105432
13ih13ih-13ih -6.22600302643 0.28994455407 3.03268824717
13ih13ih-13ih-13ih -6.14789948057 0.269877160854 2.94781880333
13ih13ih-13ih-13ih- -6.22494479603 0.347262662638 3.05492044212
13ih13ih-13ih13ih- -5.9991414929 0.1269030741 2.76843228084
13ih13ih-4ih13ih -6.34214355877 0.183201799055 3.08623327638
13ih13ih13ih -6.4758992935 0.618777066586 3.39563199507
13ih13ih13ih-13ih -6.0893112926 0.197706947458 2.86272309787
13ih13ih13ih-13ih- -6.17119907418 0.288224142436 2.97184722942
13ih13ih13ih13ih -6.35048942507 0.519597362753 3.23113194588
13ih13ih13ih13ih- -6.25016406415 0.359527071669 3.06560685404
13ii -7.71895020169 1.38933303539 4.85576107876
13ii13ii -6.97813838273 0.89369653364 3.9567406926
13ii13ii- -6.89854828811 0.812445796535 3.84908550486
13ii13ii-13ii -6.53642771528 0.561830057229 3.41508990257
13ii13ii-13ii-13ii -6.4342543796 0.488266259401 3.28461938076
13ii13ii-13ii-13ii- -6.41912203853 0.456155366942 3.25644225871
13ii13ii-13ii13ii- -6.34625151431 0.420408062434 3.18713435439
13ii13ii-4ii13ii -6.63572535748 0.333777437486 3.44773807982
13ii13ii13ii -6.62569585175 0.618233542619 3.51203982435
13ii13ii13ii-13ii -6.36665364941 0.421720310689 3.19937612263
13ii13ii13ii-13ii- -6.40444447872 0.444595068806 3.23783269728
13ii13ii13ii13ii -6.52699101983 0.552144904298 3.38687688203
13ii13ii13ii13ii- -6.54424012817 0.575087018459 3.40976138009
13il13il -6.89385295665 0.687048373716 3.7561683517
13il13il- -6.71629105686 0.533758689729 3.5498291295
13il13il-13il -6.28370102294 0.205563047863 3.01188068018
13il13il-13il-13il -6.03884480139 0.068190372994 2.75541258066
13il13il-13il-13il- -6.16787573982 0.132998580568 2.86998165317
13il13il-13il13il- -6.02569656988 0.0570848137744 2.73838570933
13il13il13il -6.55495045612 0.442402187623 3.34603468173
13il13il13il-13il -6.10838016846 0.0614529698329 2.78849351025
13il13il13il-13il- -6.09043648101 0.080329724285 2.79013502323
13il13il13il13il -6.40275151776 0.32565597312 3.15329674653
13il13il13il13il- -6.26419484916 0.223339489582 2.98805704684
13la13la -6.79967267468 0.53926512187 3.6098795832
13la13la- -6.73007244 0.493689798507 3.54423531558
13la13la-13la -6.25539739375 0.191529051628 3.00825874034
13la13la-13la-13la -6.03465039419 0.0222167920065 2.7351759141
13la13la-13la-13la- -6.02816942824 -0.0571385159305 2.69011164958
13la13la13la -6.35668933143 0.151313024172 3.03341114243
13la13la13la-13la -6.0853791331 0.013381737413 2.77246347561
13la13la13la-13la- -6.13413417893 -0.00949652670222 2.78230660304
13la13la13la13la -6.1304130473 -0.0697735282994 2.72590289869
13la13la13la13la- -6.07926263284 -0.0222089254942 2.73253087576
13ld13ld- -7.37830241585 -0.379773157657 3.33694910386
13ld13ld-13ld -7.10126550389 -0.826450013458 2.83307109421
13ld13ld-13ld-13ld -6.88458048393 -0.827306722564 2.67186143451
13ld13ld-13ld-13ld- -6.98842608046 -0.841044324148 2.72022000743
13ld13ld-13ld13ld- -6.86989809947 -0.929647993873 2.58903524734
13ld13ld13ld -6.970721393 -0.673651956418 2.84098707511
13ld13ld13ld-13ld -7.02296331375 -0.787666361853 2.78895869207
13ld13ld13ld13ld -6.98840654538 -0.841110703245 2.72014260456
13ld13ld13ld13ld- -6.90172707202 -0.825448793648 2.68640430288
13le13le -6.85334973506 0.141750698462 3.35457961924
13le13le- -6.79701204137 0.157471536151 3.31667759771
13le13le-13le -6.44732697614 -0.135887172978 2.87812394001
13le13le-13le-13le -6.29536194772 -0.254710823033 2.68634825536
13le13le-13le-13le- -6.47248160936 -0.120345967924 2.88719612194
13le13le-13le13le- -6.23375962765 -0.291669671208 2.63788035814
13le13le13le -6.44761065152 -0.135836256096 2.87838100608
13le13le13le-13le -6.35493834313 -0.246923748234 2.74669995122
13le13le13le-13le- -6.4699580359 -0.17621452663 2.85938171136
13le13le13le13le -6.72646153604 -0.148145678156 3.03825445075
13le13le13le13le- -6.32165572312 -0.273757572625 2.68554559841
13lf13lf- -6.80917585742 0.371360327201 3.51127575956
13lf13lf-13lf -6.30877659093 0.13648574696 2.98847835202
13lf13lf-13lf-13lf -6.14058669194 -0.0619229956769 2.71449468769
13lf13lf-13lf-13lf- -6.39584906145 -0.0145107186273 2.93080441873
13lf13lf-13lf13lf- -6.12985718963 -0.0837247481439 2.71402965237
13lh13lh- -6.68842731349 0.541527109527 3.54521092965
13lh13lh-13lh -6.26861836721 0.227008465024 3.02282956413
13lh13lh-13lh-13lh -6.03283513555 0.0930417461624 2.74660301747
13lh13lh-13lh-13lh- -6.0293652505 0.0179170338214 2.68822285606
13lh13lh-13lh13lh- -6.01982652257 0.0929122555949 2.75793692559
13li13li -6.71640199154 0.533753994097 3.54988560406
13li13li- -6.71629168576 0.533758921503 3.54982971157
13li13li-13li -6.26393161776 0.225993792733 3.01402063626
13li13li-13li-13li -6.16943379507 0.159486392729 2.89028571826
13li13li-13li-13li- -6.26424787042 0.223539641994 2.9882456128
13li13li-13li13li- -6.02558978067 0.0570303934077 2.73827990347
13li13li13li -6.36041362582 0.279083443475 3.10905320472
13li13li13li-13li -6.02587154289 0.0569689694425 2.73843701414
13li13li13li-13li- -6.09050109313 0.0801597003668 2.79004487861
13li13li13li13li -6.18961752949 0.125233020094 2.88504700652
13li13li13li13li- -6.16781298394 0.132898077232 2.86985481937
13ll -7.72234824738 1.20880650619 4.70822344652
13ll13ll -7.01031277136 0.593062883198 3.76494557177
13ll13ll- -6.60565935027 0.542621023765 3.46916179212
13ll13ll-13ll -6.28567636663 0.20654834939 3.01727455112
13ll13ll-13ll-13ll -6.11902485442 0.0338527912344 2.76578035585
13ll13ll-13ll-13ll- -6.26829518352 0.180799817733 2.96517458834
13ll13ll-13ll13ll- -6.00674309832 0.0767289282354 2.73221205019
13ll13ll13ll -6.5998357323 0.234177493144 3.22494609034
13ll13ll13ll-13ll -6.08848321552 0.074896464418 2.77928142204
13ll13ll13ll-13ll- -6.18524765087 0.10804569695 2.8686858648
13ll13ll13ll13ll -6.75458298616 0.373876460156 3.41208331211
13ll13ll13ll13ll- -6.22745300968 0.0979868667309 2.87928576888
3 -10.5740064677 2.34605819704 4.68638349472
4dd -9.27962115867 -0.866460897496 4.42856933129
4dd4dd -9.15663235072 -1.21746696191 4.16989554826
4dd4dd4dd -8.98822359132 -1.42129513023 3.95575131786
4dd4dd4dd4dd -8.90762981715 -1.53763486339 3.88144332307
4dh -8.2086948885 0.0516703811484 4.25686431137
4dh4dh -8.12106243936 -0.203920190005 4.09203593151
4dh4dh- -8.06312493197 -0.17728243896 4.05569102242
4dh4dh-4dh -7.97456989425 -0.28836675314 3.95305731674
4dh4dh-4dh-4dh -7.96872254999 -0.360792462154 3.93780717928
4dh4dh-4dh-4dh- -7.92384934057 -0.392782194062 3.95963510167
4dh4dh-4dh4dh -7.94069888089 -0.35497238007 3.94211605569
4dh4dh-4dh4dh- -7.92247054292 -0.358369313083 3.93056771215
4dh4dh4dh -8.0602616449 -0.288657485218 4.01424965397
4dh4dh4dh-4dh -7.91452852083 -0.393102820895 3.91358872397
4dh4dh4dh-4dh- -7.92566376627 -0.416878033127 3.89769114047
4dh4dh4dh4dh -7.92351998355 -0.403516860596 3.90929486479
4dh4dh4dh4dh- -7.89849415405 -0.369935184205 3.91559871111
4hd -8.20921978806 0.0516521696788 4.25705155085
4hd4hd -8.12048217507 -0.204008936956 4.09165803048
4hd4hd- -8.06313373568 -0.177915377303 4.05534307701
4hd4hd-4hd -7.97384293057 -0.288363214456 3.95279534783
4hd4hd-4hd-4hd -7.91165811692 -0.418112417324 3.9183501803
4hd4hd-4hd-4hd- -7.99251125205 -0.398280724426 3.94355173768
4hd4hd-4hd4hd -7.94368251797 -0.385402113907 3.92422918284
4hd4hd-4hd4hd- -7.92194121746 -0.358147300633 3.93068987815
4hd4hd4hd -8.05916791646 -0.293504287199 4.01188578101
4hd4hd4hd-4hd -7.91102375363 -0.397934783431 3.90668339455
4hd4hd4hd-4hd- -7.92607877292 -0.417532639252 3.89763545273
4hd4hd4hd4hd -7.92340172712 -0.403537864008 3.90917473259
4hd4hd4hd4hd- -7.92360550571 -0.392886723774 3.95950864621
4hh -7.49868382563 0.910534394662 4.08232131776
4hh4hh -7.30349782747 0.604299246009 3.89350418796
4hh4hh4hh -7.15483325352 0.439089535433 3.75465928415
4hh4hh4hh4hh -7.06489898519 0.348920114602 3.6819023352
6aa -9.03251612304 0.443821474556 4.3649492115
6aa6aa -8.14793810669 -0.102212419131 4.11389681281
6aa6aa- -8.15656259047 -0.0928867060147 4.13584122789
6aa6aa-4aa6aa -7.58996708168 -0.404889185826 3.73946488495
6aa6aa-6aa -7.77567888509 -0.401187503044 3.83854601329
6aa6aa-6aa-6aa -7.57405271167 -0.569360969264 3.59931954053
6aa6aa-6aa-6aa- -7.56898710266 -0.571424028262 3.59358549588
6aa6aa-6aa6aa- -7.58178896651 -0.563101087378 3.61411178475
6aa6aa6aa -7.75994986808 -0.411656720521 3.80996431107
6aa6aa6aa-6aa -7.57461151626 -0.565295744084 3.60379150211
6aa6aa6aa-6aa- -7.56895850952 -0.568597113878 3.59678949055
6aa6aa6aa6aa -7.56059140271 -0.573195616527 3.58232769108
6aa6aa6aa6aa- -7.56474028501 -0.571873513049 3.58667554707
6ad6ad -8.64589801705 -0.799138741361 3.99696636603
6ad6ad- -8.67272243808 -0.798394661637 4.00725786998
6ad6ad-4ad6ad -8.32799377215 -1.06750084237 3.80771573909
6ad6ad-6ad -8.39596942873 -1.1596798796 3.76874685124
6ad6ad-6ad-6ad -8.24136715811 -1.35652319883 3.53960127363
6ad6ad-6ad-6ad- -8.23336779489 -1.36069646517 3.53057173311
6ad6ad-6ad6ad- -8.25641408894 -1.3535254026 3.55680489351
6ad6ad6ad -8.36101427984 -1.16069770316 3.73597304778
6ad6ad6ad-6ad -8.24233288657 -1.35457133615 3.54443192274
6ad6ad6ad-6ad- -8.23640922094 -1.35827823077 3.53710972365
6ad6ad6ad6ad -8.21982304724 -1.35884835129 3.52210282545
6ad6ad6ad6ad- -8.22766812595 -1.35619043547 3.52979975815
6ae6ae -7.94751158489 -0.290260493866 3.89528419036
6ae6ae- -7.97172041568 -0.276431434004 3.91265455762
6ae6ae-4ae6ae -7.60524190032 -0.445414605241 3.69583603327
6ae6ae-6ae -7.69231539758 -0.590095284848 3.64540393108
6ae6ae-6ae-6ae -7.52113560645 -0.759027319245 3.43452005031
6ae6ae-6ae-6ae- -7.5137026571 -0.764004872393 3.42578970821
6ae6ae-6ae6ae- -7.53957744696 -0.751965914117 3.45622529641
6ae6ae6ae -7.65671410994 -0.606120737215 3.60509158305
6ae6ae6ae-6ae -7.52099997078 -0.756952514482 3.43929700863
6ae6ae6ae-6ae- -7.51283045281 -0.760730327822 3.43101131677
6ae6ae6ae6ae -7.49693338926 -0.7695638113 3.41108559171
6ae6ae6ae6ae- -7.50361441904 -0.764606027912 3.41910836265
6af6af -8.13052855566 -0.0843946782116 4.0862796396
6af6af- -8.11599532708 -0.104805497285 4.0922535764
6af6af-4af6af -7.5468896648 -0.463925719176 3.61740428797
6af6af-6af -7.7604838967 -0.390685799941 3.75117501062
6af6af-6af-6af -7.53025405575 -0.572154538544 3.5065193932
6af6af-6af-6af- -7.53719990537 -0.612629285066 3.48386144705
6af6af-6af6af- -7.61217808761 -0.542452564229 3.57827465761
6af6af6af -7.86339081969 -0.338518536618 3.81894801346
6af6af6af-6af -7.65563709596 -0.545536741972 3.59458651749
6af6af6af-6af- -7.66521489332 -0.579950726313 3.57744663528
6af6af6af6af -7.72554064326 -0.473981624995 3.66896921605
6af6af6af6af- -7.72697129122 -0.521406833411 3.64149382764
6ah6ah -7.70280186102 0.143048125832 3.93010072628
6ah6ah- -7.66004207261 0.135401374166 3.92081799101
6ah6ah-4ah6ah -7.28597085447 -0.114420684954 3.61284083921
6ah6ah-6ah -7.40358096571 -0.101498047375 3.6607804117
6ah6ah-6ah-6ah -7.28978403355 -0.215255223921 3.52819620076
6ah6ah-6ah-6ah- -7.30702739559 -0.198942906684 3.54613345092
6ah6ah-6ah6ah- -7.26305775442 -0.226323674087 3.51288916556
6ah6ah6ah -7.45620456958 -0.0768681677462 3.68826741935
6ah6ah6ah-6ah -7.2741898605 -0.22190091197 3.51951100095
6ah6ah6ah-6ah- -7.28804076377 -0.211052586789 3.52900469582
6ah6ah6ah6ah -7.31424736633 -0.197753622831 3.54570542279
6ah6ah6ah6ah- -7.29329142983 -0.21652786042 3.52521804838
6ai6ai -8.11135208547 0.132516035992 4.18854220977
6ai6ai- -8.10591129979 0.139675797088 4.20365924565
6ai6ai-4ai6ai -7.62263372872 -0.0940859687503 3.92468464727
6ai6ai-6ai -7.79180431693 -0.0856995370839 4.00004874397
6ai6ai-6ai-6ai -7.63277335228 -0.200424080741 3.83413336999
6ai6ai-6ai-6ai- -7.63629260234 -0.193428303714 3.83587250557
6ai6ai-6ai6ai- -7.63258514419 -0.201281660504 3.84424171454
6ai6ai6ai -7.7949810754 -0.0792192055916 3.97380152692
6ai6ai6ai-6ai -7.62119720335 -0.206651271777 3.82944335596
6ai6ai6ai-6ai- -7.62679528402 -0.200356784091 3.83235684747
6ai6ai6ai6ai -7.6244401352 -0.195368330104 3.8208968488
6ai6ai6ai6ai- -7.61549143387 -0.208489950656 3.81195230721
6al6al -7.82782489703 -0.0826291746472 3.9389993298
6al6al- -7.85043070762 -0.0480208261905 3.95419342386
6al6al6al -7.45503987844 -0.369043174929 3.57729841446
6al6al6al6al -7.24944256637 -0.515927914532 3.36891732482
6al6al6al6al- -7.23793654432 -0.485056071397 3.38102045568
6da6da -8.60765668128 -0.748600998863 3.88171017474
6da6da- -8.65041325671 -0.782268785594 3.96721174023
6da6da-4da6da -8.34028659423 -0.946152332329 3.89204061821
6da6da-6da -8.37092539549 -1.10947127088 3.78885559213
6da6da-6da-6da -8.20992103792 -1.29656270404 3.567007716
6da6da-6da-6da- -8.18409254764 -1.28484915427 3.55555054839
6da6da-6da6da- -8.23227439796 -1.2894518578 3.59608676568
6da6da6da -8.30657231748 -1.0930297911 3.73878245301
6da6da6da-6da -8.20796421995 -1.28696259276 3.57441569537
6da6da6da-6da- -8.19515823287 -1.28559668041 3.56525948933
6da6da6da6da -8.15207060641 -1.27493966429 3.53432369155
6da6da6da6da- -8.17989217784 -1.28801152584 3.54596333101
6dd -9.41668282537 -1.02729304532 4.22102401213
6dd6dd -9.01925526382 -1.46347693146 3.71234361291
6dd6dd6dd -8.80938166489 -1.81963466172 3.63741463412
6dd6dd6dd6dd -8.98807644679 -1.63853296301 3.97853769736
6de6de -8.50225292649 -0.801376610164 3.99577371672
6de6de6de -8.38917299948 -0.918696647069 3.92316564451
6de6de6de6de -8.33177503618 -0.985724125017 3.91134058593
6df6df -8.62534099909 -0.543542570776 4.10730132872
6df6df- -8.59691479129 -0.72102789344 4.01658724449
6df6df-4df6df -8.28041196969 -0.906963746024 3.80176791151
6df6df-6df -8.40121215438 -0.858709233687 3.88319826634
6df6df-6df-6df -8.26399576531 -0.997375227397 3.73247561996
6df6df-6df-6df- -8.29481928866 -0.982462073295 3.75384267483
6df6df-6df6df- -8.32735196254 -1.00092853395 3.7722044545
6df6df6df -8.52007008324 -0.704394641439 3.97840343021
6df6df6df-6df -8.36008756163 -1.00004589015 3.76094448985
6df6df6df-6df- -8.36890291777 -1.02927756824 3.74940389923
6df6df6df6df -8.47804086767 -0.791216121359 3.92931426002
6df6df6df6df- -8.44043991347 -0.978778154015 3.8132576359
6dh6dh -8.19147292426 -0.293412059844 3.97563621612
6dh6dh- -8.07333826708 -0.387058489976 3.85998504661
6dh6dh-4dh6dh -7.88745865271 -0.538618623428 3.71821979618
6dh6dh-6dh -7.96745466249 -0.509815564572 3.7484043563
6dh6dh-6dh-6dh -7.90725031768 -0.616175317704 3.66045785372
6dh6dh-6dh-6dh- -7.90707689289 -0.543124876393 3.68454491562
6dh6dh-6dh6dh- -7.92000598901 -0.600464298653 3.67876411447
6dh6dh6dh -7.93633323464 -0.523737440159 3.71590480595
6dh6dh6dh-6dh -7.91726058321 -0.600388694704 3.67853009289
6dh6dh6dh-6dh- -7.90917317594 -0.588515856047 3.6532042702
6dh6dh6dh6dh -7.87139621925 -0.62342536877 3.63001793878
6dh6dh6dh6dh- -7.9070685357 -0.617039435775 3.66020183413
6di6di -8.65812974314 -0.444361964919 4.17042741749
6di6di- -8.65850086283 -0.444459416708 4.16991859116
6di6di-4di6di -8.39770917774 -0.568317497732 4.069320068
6di6di-6di -8.50894288475 -0.52589737869 4.08630372821
6di6di-6di-6di -8.4293586966 -0.607946095109 4.03862783363
6di6di-6di-6di- -8.41080441315 -0.656533058249 4.04118941808
6di6di-6di6di- -8.4424244992 -0.591090529812 4.06873771255
6di6di6di-6di -8.41938922286 -0.6140539974 4.04286313405
6di6di6di-6di- -8.38884560164 -0.656556111199 4.01850452891
6di6di6di6di -8.41088799868 -0.656436385775 4.04127616022
6di6di6di6di- -8.42958673581 -0.607744622153 4.03872027334
6dl6dl -8.23981659625 -0.698761325367 3.67318545157
6dl6dl- -8.39024729613 -0.421665413565 4.03717097069
6dl6dl6dl -7.9565204329 -1.01514248327 3.50202569974
6dl6dl6dl6dl -7.79392927323 -1.17356744532 3.31978912196
6dl6dl6dl6dl- -8.12163454729 -0.579449632091 3.84391776014
6ea6ea -7.90793371066 -0.231367529464 3.65915794012
6ea6ea- -7.96157404525 -0.236817564787 3.88797367329
6ea6ea-4ea6ea -7.63255109851 -0.329134789877 3.78622000274
6ea6ea-6ea -7.66523071093 -0.524364138385 3.6728354305
6ea6ea-6ea-6ea -7.62161232268 -0.410737384466 3.71929352142
6ea6ea-6ea-6ea- -7.66422147047 -0.356063465849 3.78810065201
6ea6ea-6ea6ea- -7.5067592654 -0.675148655403 3.4901086304
6ea6ea6ea -7.82276554262 -0.161319520397 3.9534349112
6ea6ea6ea-6ea -7.48985291378 -0.681125424182 3.46876047468
6ea6ea6ea-6ea- -7.47813516254 -0.690867046047 3.45504537556
6ea6ea6ea6ea -7.4454496949 -0.695715523621 3.42002905324
6ea6ea6ea6ea- -7.46524731851 -0.692915552744 3.43560462556
6ed6ed -8.51854815062 -0.799952225979 4.03046096973
6ed6ed6ed -8.38835344462 -0.931044011374 3.92605311473
6ed6ed6ed6ed -8.02920662808 -1.46023500388 3.34371399857
6ee -8.12650577754 -0.170677993891 4.06446196567
6ee6ee -7.89292351368 -0.282386272584 3.93772232518
6ee6ee6ee -7.74406530163 -0.360021824293 3.83180933114
6ee6ee6ee6ee -7.66451295096 -0.413341508844 3.80068773949
6ef6ef -7.96842869639 0.0203928536459 3.98803387194
6ef6ef- -7.9057605161 -0.17899926094 3.90027729012
6ef6ef-4ef6ef -7.60693841723 -0.332518611477 3.7128816031
6ef6ef-6ef -7.71029775208 -0.28694201582 3.76629763348
6ef6ef-6ef-6ef -7.58651351397 -0.373431412836 3.65691341778
6ef6ef-6ef-6ef- -7.60461752369 -0.395895533827 3.65407097348
6ef6ef-6ef6ef- -7.60968387306 -0.397832435369 3.65862355107
6ef6ef6ef -7.83197959764 -0.136198664048 3.84912711333
6ef6ef6ef-6ef -7.64211026872 -0.408402821046 3.64613465545
6ef6ef6ef-6ef- -7.66465403273 -0.437735586857 3.64518069512
6ef6ef6ef6ef -7.76695245932 -0.222731362268 3.78345102883
6ef6ef6ef6ef- -7.73271274433 -0.368486475734 3.69911628122
6eh6eh -7.53247710256 0.125328911501 3.81196267665
6eh6eh- -7.46222997881 0.159375956523 3.75863977248
6eh6eh-4eh6eh -7.30717809133 -0.0142445894904 3.65757441463
6eh6eh-6eh -7.39639957494 0.0127395544831 3.68780059903
6eh6eh-6eh-6eh -7.34014188728 -0.0269595267281 3.62693422929
6eh6eh-6eh-6eh- -7.36968373686 0.0218536375363 3.67819729761
6eh6eh-6eh6eh- -7.32369659341 -0.0420272208993 3.61521258641
6eh6eh6eh -7.37178058397 -0.0183719336026 3.6645234186
6eh6eh6eh-6eh -7.34050014246 -0.0210960457012 3.62365341729
6eh6eh6eh-6eh- -7.35235440923 -0.00215924347625 3.64003657607
6eh6eh6eh6eh -7.28464364654 -0.105227934272 3.57718062518
6eh6eh6eh6eh- -7.39682351501 0.0533622180168 3.66406800117
6ei6ei -7.99904640261 0.123419620481 4.11322437885
6ei6ei- -7.99904515955 0.123420070689 4.11323920512
6ei6ei-4ei6ei -7.74315689542 0.0533251655479 3.97960139526
6ei6ei-6ei -7.84498248157 0.0952634138132 4.00595192409
6ei6ei-6ei-6ei -7.77036924192 0.0821644162424 3.97171813893
6ei6ei-6ei-6ei- -7.72287411535 -0.02577186252 3.9409007232
6ei6ei-6ei6ei- -7.72290592194 -0.0257002133092 3.94093323943
6ei6ei6ei -7.81949131055 0.0543252903266 3.9929207811
6ei6ei6ei-6ei -7.77035751096 0.0821602334163 3.97171798587
6ei6ei6ei-6ei- -7.73997306813 0.0240288741514 3.95124527958
6ei6ei6ei6ei -7.72287540738 -0.0257230356853 3.94095055156
6ei6ei6ei6ei- -7.74975783548 0.0222909372296 3.9624360076
6el6el -7.58269606477 -0.212959138157 3.43955737253
6el6el- -7.76824100109 0.11684132786 3.9535500815
6el6el6el -7.29445637727 -0.501178917791 3.3795506488
6el6el6el6el -7.12932300315 -0.645133803448 3.20672652145
6el6el6el6el- -7.43149380931 -0.0234782229766 3.73505308174
6fa6fa -7.92122863091 -0.298208815244 3.81473538884
6fa6fa- -7.93999492098 -0.118065996649 4.03572010759
6fa6fa-4fa6fa -7.60769656064 -0.315567934063 3.74126128631
6fa6fa-6fa -7.72663416222 -0.404050525543 3.73939960816
6fa6fa-6fa-6fa -7.59198824553 -0.451741811081 3.63207096761
6fa6fa-6fa-6fa- -7.35930039579 -0.592598513694 3.40598824076
6fa6fa-6fa6fa- -7.50428374543 -0.520807353583 3.53346816615
6fa6fa6fa -7.58161246913 -0.654383060412 3.40126715972
6fa6fa6fa-6fa -7.45661877902 -0.60991749661 3.40433752027
6fa6fa6fa-6fa- -7.3255302013 -0.589299314666 3.34677812208
6fa6fa6fa6fa -7.40549545366 -0.844954868537 3.17910642997
6fa6fa6fa6fa- -7.33578720601 -0.708413473753 3.23215631931
6fd6fd -8.35236874511 -0.957586243591 3.69229994309
6fd6fd- -8.52685544832 -0.536137734136 4.13639057269
6fd6fd-4fd6fd -8.40035864879 -0.776951467914 3.94515358654
6fd6fd-6fd -8.42966376328 -0.857763853491 3.89809369506
6fd6fd-6fd-6fd -8.36272852425 -0.901739587046 3.8199420316
6fd6fd-6fd-6fd- -8.2883507946 -0.82863910366 3.8296327598
6fd6fd-6fd6fd- -8.27949848097 -0.967056648231 3.74904582953
6fd6fd6fd -8.11556595473 -1.37238321127 3.30276521834
6fd6fd6fd-6fd -8.22277001896 -1.15147393203 3.52449588253
6fd6fd6fd-6fd- -8.13607024122 -1.09286031792 3.51006406024
6fd6fd6fd6fd -7.99399345983 -1.60085691875 3.10407957477
6fd6fd6fd6fd- -8.02211930412 -1.37165370308 3.24823006219
6fe6fe -7.67025773006 -0.480882581352 3.5536284764
6fe6fe- -7.85400813337 -0.00631104379607 4.00425766989
6fe6fe-4fe6fe -7.64436434093 -0.234215533989 3.78995332474
6fe6fe-6fe -7.70968947397 -0.327894312846 3.75202843039
6fe6fe-6fe-6fe -7.61897545231 -0.385959704583 3.66076956179
6fe6fe-6fe-6fe- -7.55352004552 -0.264521056559 3.68107790274
6fe6fe-6fe6fe- -7.55856997086 -0.393084198453 3.62606452862
6fe6fe6fe -7.41142917927 -0.851710510367 3.18226597601
6fe6fe6fe-6fe -7.47157190006 -0.590432192342 3.39004727261
6fe6fe6fe-6fe- -7.4105958114 -0.496729508458 3.40005722822
6fe6fe6fe6fe -7.26929216369 -1.04902266714 2.99033509303
6fe6fe6fe6fe- -7.29767910754 -0.804096004648 3.13652251442
6ff -8.40233612126 0.321964779832 4.3086531479
6ff6ff -7.83791856921 -0.37834819162 3.66246112486
6ff6ff- -7.87327766314 -0.172717128861 3.87737169103
6ff6ff-4ff6ff -7.55700408403 -0.420727118446 3.58132227144
6ff6ff-6ff -7.5409410082 -0.655098730849 3.41486497764
6ff6ff-6ff-6ff -7.52445981519 -0.555485897194 3.45610631845
6ff6ff-6ff-6ff- -7.46124434127 -0.476919938128 3.46124038258
6ff6ff-6ff6ff- -7.33963557659 -0.760191450735 3.22857877791
6ff6ff6ff -7.56793454888 -0.730551260613 3.30618648713
6ff6ff6ff-6ff -7.45929768336 -0.690585474398 3.29994996548
6ff6ff6ff-6ff- -7.40121006632 -0.614764874703 3.30651436638
6ff6ff6ff6ff -7.42326642729 -0.925500893239 3.11058488312
6ff6ff6ff6ff- -7.36967065973 -0.785801577308 3.16451979807
6fh6fh -7.45596897681 -0.183036040393 3.52997782605
6fh6fh- -7.52550735453 0.107572418945 3.79178665461
6fh6fh-4fh6fh -7.30289623971 -0.114602544427 3.58475084034
6fh6fh-6fh -7.40252843209 -0.206565878016 3.57896276146
6fh6fh-6fh-6fh -7.30370642915 -0.255375463013 3.48585572021
6fh6fh-6fh-6fh- -7.22754842684 -0.0853266212668 3.51948720831
6fh6fh-6fh6fh- -7.19904755131 -0.27198100181 3.41449181359
6fh6fh6fh -7.18902856662 -0.518765242491 3.18983058412
6fh6fh6fh-6fh -7.14394183349 -0.411540233662 3.24143811533
6fh6fh6fh-6fh- -7.06392179247 -0.281502992223 3.26386520353
6fh6fh6fh6fh -7.03834775509 -0.705528115799 3.00191648498
6fh6fh6fh6fh- -6.99227416235 -0.529682033229 3.07495056348
6fi6fi -7.77219786391 -0.18435891556 3.7626897253
6fi6fi- -7.95739935989 0.199707275516 4.14091457214
6fi6fi-4fi6fi -7.73749605029 0.146544846943 3.9938226455
6fi6fi-6fi -7.83005755002 0.0120726080384 3.96268611275
6fi6fi-6fi-6fi -7.71268725277 -0.0267055398456 3.87904848102
6fi6fi-6fi-6fi- -7.64350051029 0.0880182005192 3.9003485836
6fi6fi-6fi6fi- -7.67974850638 -0.00769115348443 3.87227663727
6fi6fi6fi -7.44895831241 -0.532252928081 3.38398324631
6fi6fi6fi-6fi -7.50995477751 -0.281288985549 3.57561141286
6fi6fi6fi-6fi- -7.43333760136 -0.205385338945 3.57470296477
6fi6fi6fi6fi -7.28092684157 -0.703123875339 3.17787637739
6fi6fi6fi6fi- -7.28207216748 -0.527070790457 3.29157665612
6fl6fl -7.56450849308 -0.334489243263 3.5232225027
6fl6fl- -7.77274678837 0.160994162653 3.976722386
6fl6fl6fl -7.22441204415 -0.68275913816 3.1308170346
6fl6fl6fl6fl -7.03320387045 -0.869143430064 2.92003312349
6fl6fl6fl6fl- -7.04505867813 -0.647054125686 3.04897124772
6ha6ha -7.50035119848 0.0928897727456 3.74109338538
6ha6ha- -7.62990888033 0.171449166196 3.93985074309
6ha6ha-4ha6ha -7.16691304976 -0.15522730553 3.46506085242
6ha6ha-6ha -7.34739067842 -0.0632816294938 3.65166457595
6ha6ha-6ha-6ha -7.11242336111 -0.250166249655 3.34686532444
6ha6ha-6ha-6ha- -7.0727179523 -0.299034218871 3.28085821635
6ha6ha-6ha6ha- -7.19958003693 -0.182886476687 3.49389012466
6ha6ha6ha -7.18671136334 -0.186432930479 3.4022404201
6ha6ha6ha-6ha -7.13343142783 -0.22027242352 3.39558038323
6ha6ha6ha-6ha- -7.10163644971 -0.260347303989 3.34507767744
6ha6ha6ha6ha -7.02665110324 -0.32768082907 3.22608436705
6ha6ha6ha6ha- -7.05795568033 -0.284166948051 3.27602941911
6hd6hd -7.97682099609 -0.449325041652 3.73022035012
6hd6hd- -8.07409441801 -0.324058212609 3.92444099439
6hd6hd-4hd6hd -7.83189223798 -0.677886256149 3.56599103823
6hd6hd-6hd -7.94737308569 -0.520630350157 3.73697812153
6hd6hd-6hd-6hd -7.78620253308 -0.765344437109 3.45520286726
6hd6hd-6hd-6hd- -7.72849629382 -0.817232318505 3.39124883833
6hd6hd-6hd6hd- -7.88179842075 -0.624673472177 3.64485233327
6hd6hd6hd -7.79991424699 -0.751979803777 3.46223910673
6hd6hd6hd-6hd -7.8500415132 -0.752672787724 3.5234328156
6hd6hd6hd-6hd- -7.77416018048 -0.810261626879 3.4472759171
6hd6hd6hd6hd -7.71177430853 -0.911117148555 3.33073891226
6hd6hd6hd6hd- -7.75847753291 -0.866578004822 3.37637281129
6he6he -7.37836384522 -0.000480481434965 3.62555737546
6he6he- -7.52453235506 0.145623859879 3.85267760067
6he6he-4he6he -7.21118830614 -0.154553030521 3.49207292108
6he6he-6he -7.36759910709 -0.0163253253431 3.67346562906
6he6he-6he-6he -7.15207309438 -0.238496408555 3.3719439633
6he6he-6he-6he- -7.08649532976 -0.282215442064 3.29907175065
6he6he-6he6he- -7.28721698937 -0.0986169600507 3.58396530348
6he6he6he -7.17204946264 -0.259092076843 3.36239622315
6he6he6he-6he -7.20833384791 -0.215132492258 3.41897416932
6he6he6he-6he- -7.1557452417 -0.273559856407 3.37709485046
6he6he6he6he -7.06185963591 -0.393972792552 3.22773489302
6he6he6he6he- -7.11373587688 -0.334591425438 3.28757546222
6hf6hf -7.52316963225 0.0143813133966 3.67757083376
6hf6hf- -7.60557917072 0.0142175693671 3.78839455633
6hf6hf-4hf6hf -7.20187951766 -0.29566259298 3.37582444852
6hf6hf-6hf -7.40249238709 -0.168732555917 3.59367532102
6hf6hf-6hf-6hf -7.13919221118 -0.386434803759 3.25268527326
6hf6hf-6hf-6hf- -7.06404641977 -0.468162064857 3.15278333483
6hf6hf-6hf6hf- -7.25019947667 -0.288857960236 3.43266106419
6hf6hf6hf -7.30305090607 -0.231499202287 3.41512211881
6hf6hf6hf-6hf -7.22297735589 -0.313620542219 3.36103904888
6hf6hf6hf-6hf- -7.17725551156 -0.40403571837 3.27229425689
6hf6hf6hf6hf -7.18523263278 -0.36675516206 3.2716189321
6hf6hf6hf6hf- -7.17623372951 -0.348535087507 3.28595306059
6hh -7.62109949651 0.614644087564 4.00524674454
6hh6hh -7.21110864261 0.210241521739 3.59226245284
6hh6hh6hh -6.9840238692 -0.012535822088 3.33891190376
6hh6hh6hh6hh -6.85997595285 -0.130182837605 3.20317254443
6hi6hi -7.47517505991 0.244881140263 3.80891373077
6hi6hi- -7.6500436769 0.427561058434 4.01126790946
6hi6hi-4hi6hi -7.26305608709 0.208127280753 3.6912638137
6hi6hi-6hi -7.47618943472 0.330389976701 3.8680812081
6hi6hi-6hi-6hi -7.228578896 0.119077266928 3.60073287095
6hi6hi-6hi-6hi- -7.15795595251 0.0199078736605 3.50961572795
6hi6hi-6hi6hi- -7.39023317129 0.291157569707 3.79522356343
6hi6hi6hi -7.23310087365 0.0363181379522 3.56525018004
6hi6hi6hi-6hi -7.2840015014 0.133270287561 3.64584486828
6hi6hi6hi-6hi- -7.23244998442 0.0820864795279 3.59687312696
6hi6hi6hi6hi -7.10262892765 -0.0721157044335 3.43569265992
6hi6hi6hi6hi- -7.15073381083 -0.00455180087489 3.49469268417
6hl6hl -7.29148961537 0.10237687446 3.58611118325
6hl6hl- -7.46133084366 0.333001486252 3.84642266958
6hl6hl6hl -6.99780177154 -0.138893252066 3.28870347732
6hl6hl6hl6hl -6.82954405494 -0.27317806389 3.12087664275
6hl6hl6hl6hl- -6.89089772846 -0.177029283671 3.20726066235
6ia6ia -8.09255103208 0.17833109471 4.18041491927
6ia6ia- -8.06851933819 0.160719794586 4.1922933414
6ia6ia-4ia6ia -7.61398912572 -0.0682516739275 3.93266572549
6ia6ia-6ia -7.74851796844 -0.0618039215743 3.98408725838
6ia6ia-6ia-6ia -7.59957462435 -0.163397106712 3.83645271981
6ia6ia-6ia-6ia- -7.61116050733 -0.157454234837 3.85045136033
6ia6ia-6ia6ia- -7.58714267476 -0.174472292998 3.82824001968
6ia6ia6ia -7.7781963233 -0.0254495395557 4.00190591002
6ia6ia6ia-6ia -7.58399957741 -0.165532416248 3.82192343323
6ia6ia6ia-6ia- -7.59443658904 -0.1609210343 3.83239831225
6ia6ia6ia6ia -7.61270466349 -0.13788272348 3.85172057068
6ia6ia6ia6ia- -7.59867089698 -0.147994481441 3.83524981813
6id6id -8.6080144939 -0.410518402951 4.19850785582
6id6id- -8.64575445184 -0.390070363315 4.20518451855
6id6id-4id6id -8.38524558147 -0.655542877533 4.07610780865
6id6id-6id -8.49367733232 -0.53242021439 4.10523265571
6id6id-6id-6id -8.35697835576 -0.715633735851 3.99611277677
6id6id-6id-6id- -8.33985865995 -0.729846135295 3.98820798101
6id6id-6id6id- -8.42049302002 -0.62254634934 4.06262401677
6id6id6id -8.43062326195 -0.609295390043 4.08246251995
6id6id6id-6id -8.39334537236 -0.6775151094 4.02978855529
6id6id6id-6id- -8.34580885457 -0.71919667617 3.99310729182
6id6id6id6id -8.33573396716 -0.737222987687 3.98255809395
6id6id6id6id- -8.3536936722 -0.717666158724 3.99315836025
6ie6ie -7.91370828071 0.115070248563 4.06364783003
6ie6ie- -7.9822667257 0.172738949691 4.09311770389
6ie6ie-4ie6ie -7.68586869425 -0.0293187644892 3.94972420364
6ie6ie-6ie -7.84685832991 0.115040149934 4.0334010002
6ie6ie-6ie-6ie -7.6785664985 -0.0778063752858 3.88934140913
6ie6ie-6ie-6ie- -7.63312270199 -0.130615904303 3.84664674376
6ie6ie-6ie6ie- -7.77767810216 0.0715106821201 3.99281721626
6ie6ie6ie -7.72559353107 -0.0715945857755 3.91656886628
6ie6ie6ie-6ie -7.74031381255 -0.0358839716298 3.93604105435
6ie6ie6ie-6ie- -7.66773820505 -0.102343018599 3.88418439932
6ie6ie6ie6ie -7.61625398391 -0.176725765525 3.81546587572
6ie6ie6ie6ie- -7.65891348357 -0.131541197272 3.85136091877
6if6if -8.00188125506 0.128450111731 4.07426591316
6if6if- -8.05512043799 0.164997267178 4.1132434575
6if6if-4if6if -7.63164496565 -0.0482221511374 3.84593798993
6if6if-6if -7.82536751882 0.0601670464116 3.95128004308
6if6if-6if-6if -7.59122744845 -0.132663220415 3.75017188443
6if6if-6if-6if- -7.56185474089 -0.195769140496 3.70767323232
6if6if-6if6if- -7.73025314716 -0.00912531020802 3.87704283007
6if6if6if -7.80041374684 -0.060746720681 3.8828689857
6if6if6if-6if -7.74024981455 -0.0827803831777 3.83418035547
6if6if6if-6if- -7.69610892859 -0.174868729397 3.77697042023
6if6if6if6if -7.69319681925 -0.160765360076 3.77769907609
6if6if6if6if- -7.73066601063 -0.156457698745 3.79016433881
6ih6ih -7.60522735884 0.346555640496 3.93103114286
6ih6ih- -7.64747304827 0.422555889475 3.980653533
6ih6ih-4ih6ih -7.3550193296 0.282138441149 3.78251031257
6ih6ih-6ih -7.49230151732 0.338179928496 3.85485904809
6ih6ih-6ih-6ih -7.3522945267 0.207835425497 3.72377602363
6ih6ih-6ih-6ih- -7.33032027651 0.176977173003 3.69975802658
6ih6ih-6ih6ih- -7.41385089219 0.302034470687 3.7912251652
6ih6ih6ih -7.41270633188 0.198197530182 3.76354571666
6ih6ih6ih-6ih -7.37514616622 0.208446960717 3.74559334816
6ih6ih6ih-6ih- -7.35064346136 0.181405164864 3.71892801145
6ih6ih6ih6ih -7.30132902887 0.1142941052 3.66619039174
6ih6ih6ih6ih- -7.32126336291 0.138638393981 3.68732787152
6ii -8.451690971 0.557227080455 4.28428375724
6ii6ii -8.05769683942 0.385912425739 4.21309459905
6ii6ii6ii6ii -7.6898425377 0.19765400586 4.00694290397
6il6il- -7.87567968791 0.346186648682 4.11950962052
6il6il6il6il -7.36737747452 -0.0125614692421 3.70685911053
6la6la6la6la -7.23168725424 -0.513983762053 3.36830045457
6ld6ld -8.4710616316 -0.360883364008 4.16926210934
6ld6ld6ld -8.00175453202 -1.07447804651 3.50412777651
6ld6ld6ld6ld -7.8658764312 -1.25266138761 3.31481150463
6le6le -7.78778243045 0.114806586084 4.00012263087
6le6le6le -7.58851660122 -0.052975064196 3.81677802477
6le6le6le6le -7.47373164602 -0.142913389687 3.71054268317
6lf6lf -7.89011621568 0.0950193429702 3.99522996469
6lf6lf6lf -7.68019855054 -0.0588083653999 3.80848526105
6lf6lf6lf6lf -7.56341899624 -0.144467238506 3.70387900963
6lh6lh -7.52915877307 0.29889972287 3.86339921623
6lh6lh6lh -7.31711724126 0.163780193025 3.68406979719
6lh6lh6lh6lh -7.19998357969 0.0975263339947 3.58729410371
6li6li -7.96056527455 0.395976429459 4.18280973618
6li6li6li -7.69292995667 0.272460603033 4.00474679625
6li6li6li6li -7.57242754576 0.233590421212 3.92643516515
6ll -8.17056378209 0.435512406107 4.23928013567
6ll6ll -7.50401857961 -0.0729565732281 3.70587680348
6ll6ll6ll -7.15248108423 -0.345403934797 3.34949710596
6ll6ll6ll6ll -6.95602266825 -0.482839425557 3.15002536763
Using multi
