12dd -4.70580879052 1.95020222193 5.85495019586
12dd12dd -0.528287758511 4.04269522211 3.7663968508
12dd12dd- -0.385298971108 4.17060193848 3.70822864715
12dd12dd-12dd 6.05349379686 10.0101027172 3.1986272468
12dd12dd-12dd-12dd 14.7054026887 17.1427392512 1.80626612781
12dd12dd-12dd-12dd- 13.6191108919 15.2724543021 1.03856997073
12dd12dd-12dd12dd- 13.5612805579 15.8649938063 1.65866983946
12dd12dd-4dd12dd 13.362968359 15.7495633877 1.80456439259
12dd12dd12dd 5.20238682724 8.81581221592 2.9081579273
12dd12dd12dd-12dd 13.1915244845 15.4095630065 1.60285742162
12dd12dd12dd-12dd- 12.5786551843 15.4240364945 2.19309612356
12dd12dd12dd12dd 12.0177470401 14.36653952 1.70580614558
12dd12dd12dd12dd- 13.6199810771 15.2728322687 1.0380827793
12dh -7.60877572326 -1.03017296738 4.64380948861
12dh12dh -7.96386497176 -3.33070786594 3.70263054311
12dh12dh- -7.6238027135 -3.12795651116 3.51982860531
12dh12dh-12dh -9.39018874089 -5.68797453329 2.83140233925
12dh12dh-12dh-12dh -32.8367518919 -30.8199575306 1.26497667979
12dh12dh-12dh-12dh- -31.173322148 -29.8090724492 0.68700207852
12dh12dh-12dh12dh- -32.7334162156 -30.5861054351 1.50483604621
12dh12dh-4dh12dh -13.5262419816 -10.4669383591 2.27599760995
12dh12dh12dh -9.77336087989 -5.83387730977 3.09099171779
12dh12dh12dh-12dh -31.1765868133 -29.4117523301 0.948100498121
12dh12dh12dh-12dh- -14.9035779145 -11.5261394125 2.36305972507
12dh12dh12dh12dh -15.6646403463 -12.3029919932 2.3408517131
12dh12dh12dh12dh- 100.0 100.0 100.0
12hd -7.60877818684 -1.03016339891 4.64389561658
12hd12hd -7.96375474913 -3.33065435795 3.70253838271
12hd12hd- -7.62366808294 -3.12787210252 3.51934970285
12hd12hd-12hd -9.39007802062 -5.68783395814 2.8314127377
12hd12hd-12hd-12hd -32.8358730802 -30.8191418892 1.264876494
12hd12hd-12hd-12hd- 100.0 100.0 100.0
12hd12hd-12hd12hd- -32.733428461 -30.5861025066 1.50484823953
12hd12hd-4hd12hd -13.3184381321 -10.1279872023 2.37108898314
12hd12hd12hd -9.77336989402 -5.83389022593 3.09098700298
12hd12hd12hd-12hd -31.1944054132 -29.7192150517 0.781266138899
12hd12hd12hd-12hd- -14.9037124994 -11.5262696481 2.36305041834
12hd12hd12hd12hd -15.6648170996 -12.303188895 2.34081916454
12hd12hd12hd12hd- -31.1732128154 -29.808954347 0.687001013556
12hh -9.99938965818 -3.28777360177 5.5845814412
12hh12hh -12.5123005669 -7.95998654191 3.76189296631
12hh12hh- -12.1389128632 -7.67723825674 3.73288317286
12hh12hh-12hh -16.1049947547 -12.5154881783 2.59939173467
12hh12hh-12hh-12hh -40.6265690101 -38.7918165302 0.475081671986
12hh12hh-12hh-12hh- -37.4355382898 -36.1507745653 0.188933026935
12hh12hh-12hh12hh- -39.9039509593 -37.6201872304 0.895530120607
12hh12hh-4hh12hh -39.3861831197 -38.3863399779 0.360847782058
12hh12hh12hh -15.7902546592 -11.9674090566 2.88995276715
12hh12hh12hh-12hh -38.0355631678 -36.8374211031 0.205332934933
12hh12hh12hh-12hh- -37.8974122459 -35.6855356413 0.694614062578
12hh12hh12hh12hh -33.8265405588 -32.1008542838 0.215592801646
12hh12hh12hh12hh- -37.4352737721 -36.1505114705 0.188664202217
13aa -7.81486060241 -3.90353319978 1.73729230916
13aa13aa -7.75004182075 -4.12125691988 1.62655817225
13aa13aa- -7.878030252 -4.50708645922 1.43392127834
13aa13aa-13aa -8.64040882108 -5.26440219648 1.60031166338
13aa13aa-13aa-13aa -9.62199389725 -5.96812815757 1.98268558265
13aa13aa-13aa-13aa- -9.72368200643 -6.20852264316 1.99288504642
13aa13aa-13aa13aa- -9.688894161 -6.13926905425 1.87127695292
13aa13aa-4aa13aa -7.82840503035 -4.52858315655 1.66172356204
13aa13aa13aa -8.40153065048 -4.8297625519 1.72137870745
13aa13aa13aa-13aa -9.57737154386 -6.00553086975 1.89672700873
13aa13aa13aa-13aa- -9.48159439317 -5.76193573429 1.99559366012
13aa13aa13aa13aa -9.74717280403 -6.16075868324 1.94683819399
13aa13aa13aa13aa- -9.49415853145 -5.92335302714 1.89597074621
13ad13ad -6.70034447331 -2.98013985876 1.4567384832
13ad13ad- -6.7201364313 -3.04166731297 1.61198282483
13ad13ad-13ad -7.54943849568 -3.78992927249 1.88105114667
13ad13ad-13ad-13ad -31.0677105157 -30.0133577702 0.380690348531
13ad13ad-13ad-13ad- -30.8753320861 -28.8607974098 1.32065084715
13ad13ad-13ad13ad- -34.0876773664 -31.7963700725 1.73497132926
13ad13ad-4ad13ad -4.12276761787 -1.65385399199 0.862341782447
13ad13ad13ad -7.58736327644 -3.86172689787 1.65196186744
13ad13ad13ad-13ad -32.707082326 -30.8645600461 1.29961099352
13ad13ad13ad-13ad- -31.822812445 -30.6685770317 0.606762054142
13ad13ad13ad13ad -27.8404086305 -26.4306136118 0.642269803514
13ad13ad13ad13ad- -31.7705390363 -29.7032203483 1.47968471651
13ae13ae -7.65573331752 -3.83120546833 1.64613746977
13ae13ae- -7.59466710614 -3.89078323483 1.78744699967
13ae13ae-13ae -8.27895753344 -4.52748493713 2.00880604214
13ae13ae-13ae-13ae -9.36175814602 -5.87486014611 2.180497298
13ae13ae-13ae-13ae- -9.46784706728 -5.81495757075 2.20145662433
13ae13ae-13ae13ae- -9.26104152445 -5.43306767055 2.32179501676
13ae13ae-4ae13ae -7.48437813131 -3.99123789465 1.90506079488
13ae13ae13ae -8.37464188983 -5.20529504316 1.91844011962
13ae13ae13ae-13ae -9.29955029101 -5.57192969845 2.2182650604
13ae13ae13ae-13ae- -9.3381087419 -6.14269260031 2.04845837256
13ae13ae13ae13ae -9.5716948028 -5.83012426967 2.17316071299
13ae13ae13ae13ae- -9.33684384651 -6.31483877483 1.98772668162
13af13af -7.582775694 -4.05482903142 1.78036142216
13af13af- -7.18179438256 -3.95752981334 1.33551648877
13af13af-13af -8.02150798029 -4.72816069724 1.58689176418
13af13af-13af-13af -9.49882315469 -6.62366005566 1.74161771206
13af13af-13af-13af- -9.45994470993 -6.55323709549 1.84878461827
13af13af-13af13af- -9.2151330696 -5.70708130321 1.88998219084
13af13af-4af13af -7.45103635247 -4.33838610487 1.65064507157
13af13af13af -8.68151215571 -5.06709827712 1.85191726937
13af13af13af-13af -9.43687145006 -6.20589251813 1.87600891071
13af13af13af-13af- -9.72145148772 -6.8373685593 1.79927482097
13af13af13af13af -10.1574743195 -6.44192191779 1.97811285692
13af13af13af13af- -9.8278142678 -6.44895444416 1.8688775343
13ah13ah -12.7886441621 -8.22041134191 3.02908217129
13ah13ah- -12.8664321926 -8.21122125311 2.55955299059
13ah13ah-13ah -19.3928341693 -14.8738337807 3.28694161128
13ah13ah-13ah-13ah -43.0435208079 -40.0280953938 1.92082916997
13ah13ah-13ah-13ah- -42.8936734808 -39.3831362411 2.27373012211
13ah13ah-13ah13ah- -43.3048035247 -39.8213297421 2.29685276486
13ah13ah-4ah13ah -19.3718919336 -16.1818227545 1.95346052946
13ah13ah13ah -19.2314269707 -14.4555579819 2.96681259592
13ah13ah13ah-13ah -42.2534128601 -39.175289957 1.94711473242
13ah13ah13ah-13ah- -42.1540457044 -38.4402304253 2.6110584638
13ah13ah13ah13ah -42.0409273211 -38.6358251928 2.45548513109
13ah13ah13ah13ah- -42.1266330976 -39.1212390983 1.96785281418
13ai13ai -7.77639443007 -3.96829131176 1.97929412215
13ai13ai- -7.78388040631 -4.09351663356 1.70966440432
13ai13ai-13ai -8.40904900893 -4.77981043396 1.82490839513
13ai13ai-13ai-13ai -9.32470268744 -5.65395830343 2.16814561362
13ai13ai-13ai-13ai- -9.33573748716 -5.60560209926 2.22872961989
13ai13ai-13ai13ai- -9.28559176518 -5.5306852147 2.05137600265
13ai13ai-4ai13ai -7.66307256912 -4.06950500958 1.88380342263
13ai13ai13ai -8.46687882366 -4.63049446061 2.07623121013
13ai13ai13ai-13ai -9.28451553275 -5.64183106496 2.05725637881
13ai13ai13ai-13ai- -9.25412879932 -5.72955541951 2.12878279275
13ai13ai13ai13ai -9.39664323783 -5.47446868081 2.19045812815
13ai13ai13ai13ai- -9.37864703018 -5.51740491916 2.15421806651
13al13al -7.15760569228 -3.73698075067 1.27366639328
13al13al- -7.1362946409 -4.07623776581 1.0898835352
13al13al-13al -7.76106351257 -4.78020591379 1.16329931462
13al13al-13al-13al -8.8055318977 -5.77370085984 1.51990065748
13al13al-13al-13al- -8.91639913628 -5.56115993157 1.90220810238
13al13al-13al13al- -8.65347106953 -5.53658809871 1.3911078865
13al13al13al -7.87983184519 -4.50740851084 1.3406587451
13al13al13al-13al -8.84307230351 -5.28125436528 1.77341935929
13al13al13al-13al- -8.80918224466 -5.8384062326 1.75210427154
13al13al13al13al -8.94147988421 -5.94730350163 1.88134384904
13al13al13al13al- -8.87358545199 -5.52686463314 1.50120627488
13da13da -6.70034625483 -2.98013969004 1.45674038032
13da13da- -6.72013804094 -3.04166950164 1.61198235429
13da13da-13da -7.54943365088 -3.78992044027 1.88105542163
13da13da-13da-13da -31.0677076058 -30.0133555634 0.380689695411
13da13da-13da-13da- -32.013543077 -30.0190304077 1.42643236366
13da13da-13da13da- -34.0876822629 -31.7963707177 1.73497386582
13da13da-4da13da -3.92138641332 -1.15750814196 1.19732262229
13da13da13da -7.58736775078 -3.86173119672 1.65196395515
13da13da13da-13da -33.2467196784 -31.6745687653 1.03051769529
13da13da13da-13da- -31.8228191842 -30.6685672826 0.606778329823
13da13da13da13da -27.8408439145 -26.4317280712 0.641526787129
13da13da13da13da- -30.8753328255 -28.8608194796 1.32063348114
13dd -6.10753203354 -2.05273443654 1.68334639232
13dd13dd 6.56902716322 9.3562846871 0.797796433278
13dd13dd- -1.64676561931 1.13926517032 0.68378712219
13dd13dd-13dd 17.9436562113 20.4646676741 0.92347324065
13dd13dd-13dd-13dd 28.4055056132 30.928109989 1.64775504355
13dd13dd-13dd-13dd- 28.3550159059 29.7636582192 0.76047194164
13dd13dd-13dd13dd- 28.5821490736 30.5517952143 1.39920237567
13dd13dd-4dd13dd 23.2657023586 24.5635692528 0.74759481089
13dd13dd13dd 17.9653077298 20.7760547924 1.34733213583
13dd13dd13dd-13dd 28.5248192784 29.7381561617 0.658262304406
13dd13dd13dd-13dd- 27.7947722396 29.0676397529 0.70935688085
13dd13dd13dd13dd 28.5828323397 30.552475335 1.39916910276
13dd13dd13dd13dd- 28.3564592911 29.7627057992 0.759875712284
13de13de -6.64671934908 -2.92238157189 1.77719505595
13de13de- -6.28642220965 -2.36669229551 1.92828594293
13de13de-13de -6.72653411131 -2.88866458912 2.05498494414
13de13de-13de-13de -33.8311086508 -32.5318383928 0.795711777889
13de13de-13de-13de- -33.0156317151 -30.8994565431 1.55490658608
13de13de-13de13de- -33.8492651695 -31.5267338335 1.56863634861
13de13de-4de13de -2.89099436131 0.144060629342 1.16610742926
13de13de13de -7.51209133498 -3.70511260511 1.95176149375
13de13de13de-13de -33.8807405791 -31.3653640883 1.70632833309
13de13de13de-13de- -32.9525728328 -30.175715557 2.03441601167
13de13de13de13de -33.2712394777 -30.9765345029 1.73337278424
13de13de13de13de- -33.7660940919 -32.9550501124 0.351403841901
13df13df -6.43765187565 -2.81150907131 1.72931691637
13df13df- -6.331710535 -2.77270174706 1.5208287612
13df13df-13df -8.43698876264 -4.44661058695 2.0478493504
13df13df-13df-13df 100.0 100.0 100.0
13df13df-13df-13df- -32.9805322342 -31.6770799323 0.765600322216
13df13df-13df13df- -34.2507722891 -32.6642438121 1.03828324046
13df13df-4df13df -4.1122209522 -1.17303987036 1.12044564842
13df13df13df -7.96717322079 -4.5779135567 2.01905203427
13df13df13df-13df -34.8339500933 -32.253070256 1.55931521727
13df13df13df-13df- -33.6569695335 -31.2240746102 1.84549740417
13df13df13df13df -33.8339129611 -31.6264876579 1.49844597138
13df13df13df13df- -34.5415443853 -33.6563013744 0.321618604666
13dh13dh -18.7190610664 -13.3564183693 3.18924306488
13dh13dh- -18.0692770101 -12.6483569682 3.5762320813
13dh13dh-13dh -51.591484368 -48.5243304579 1.84628925007
13dh13dh-13dh-13dh -76.2779980245 -74.3516710782 1.30709251226
13dh13dh-13dh-13dh- -74.4622692335 -73.5485039758 0.294461259655
13dh13dh-13dh13dh- -75.4091883501 -73.7281960994 1.06002598171
13dh13dh-4dh13dh -64.4591694328 -62.9145724108 0.869001661263
13dh13dh13dh -50.6102103014 -47.6315082812 2.47080187788
13dh13dh13dh-13dh -74.1080468736 -72.6156312142 0.988967040742
13dh13dh13dh-13dh- -74.1827967157 -72.1424693639 1.37068192692
13dh13dh13dh13dh -73.8905269727 -72.1398241139 1.13694704742
13dh13dh13dh13dh- -74.513709721 -73.0681551565 0.906614795967
13di13di -6.56101928818 -2.6858978854 1.85903916152
13di13di- -6.28676358377 -2.39692327596 1.7850693057
13di13di-13di -6.30655424541 -2.64315476755 1.78607914585
13di13di-13di-13di -30.4572696483 -29.169433663 0.600186753643
13di13di-13di-13di- 100.0 100.0 100.0
13di13di-13di13di- -33.2337085571 -30.9992666247 1.59938058363
13di13di-4di13di -2.71000495164 -0.491866155042 0.947078017607
13di13di13di -6.95087506985 -3.13995986692 1.91951173269
13di13di13di-13di -32.4860307585 -30.9657415788 0.972187750623
13di13di13di-13di- 100.0 100.0 100.0
13di13di13di13di -27.1043623977 -25.5028016328 0.830227888405
13di13di13di13di- -30.6525945413 -28.093054173 1.8432474138
13dl13dl -6.17723035216 -2.59518940745 1.57624232159
13dl13dl- -5.85918923436 -2.49894378527 1.26550457536
13dl13dl-13dl -5.93304699153 -2.74621874246 1.24213466648
13dl13dl-13dl-13dl -34.0426859648 -32.7354203278 0.774942906031
13dl13dl-13dl-13dl- -33.3447279117 -31.8543671315 0.950634953343
13dl13dl-13dl13dl- -33.3445237581 -31.8543360269 0.950462255583
13dl13dl13dl -6.76009637464 -3.21382589728 1.67367304071
13dl13dl13dl-13dl -33.7716532837 -31.3830457254 1.85664302458
13dl13dl13dl13dl -33.4899529311 -30.6054709833 2.32594365074
13dl13dl13dl13dl- -33.3720255651 -32.4601895491 0.337922538394
13ea13ea -7.65574579705 -3.83127257928 1.64603273151
13ea13ea- -7.59466241201 -3.89076694471 1.78745785445
13ea13ea-13ea -8.27924548927 -4.5279558493 2.00857320072
13ea13ea-13ea-13ea -9.34754788673 -5.56915380308 2.21260827048
13ea13ea-13ea-13ea- -9.43634412696 -6.00621039238 2.14152731498
13ea13ea-13ea13ea- -9.2611091453 -5.43318684872 2.32173487392
13ea13ea-4ea13ea -7.47377980202 -3.90587572224 2.16013448675
13ea13ea13ea -8.3747206387 -5.20542705177 1.91879030357
13ea13ea13ea-13ea -9.29890499933 -5.54092783081 2.1984584493
13ea13ea13ea-13ea- -9.33806856869 -6.14324435458 2.04796347768
13ea13ea13ea13ea -9.57144131505 -5.82908559072 2.17319369817
13ea13ea13ea13ea- -9.46773935286 -5.81543736071 2.20142956354
13ed13ed -6.646785865 -2.92281212296 1.77640003945
13ed13ed- -6.28634058227 -2.36639732796 1.92850275351
13ed13ed-13ed -6.72651679759 -2.88870690619 2.05493613314
13ed13ed-13ed-13ed -33.8316925465 -32.5316833158 0.796459102599
13ed13ed-13ed-13ed- -33.7665751659 -32.9559863502 0.351165666081
13ed13ed-13ed13ed- -33.8488351194 -31.5261192599 1.5688536114
13ed13ed-4ed13ed -3.0820824816 -0.305155295992 1.21954713396
13ed13ed13ed -7.51161315884 -3.70504072301 1.95171848819
13ed13ed13ed-13ed -32.9688178911 -30.8629609012 1.56107079644
13ed13ed13ed-13ed- -32.9526989182 -30.176094818 2.03423815621
13ed13ed13ed13ed -33.2709413576 -30.9745302903 1.73488209667
13ed13ed13ed13ed- -33.0164667969 -30.8997595563 1.55547233416
13ee -7.53394600436 -3.33845048733 1.98864945398
13ee13ee -7.8805107691 -3.97378521681 2.0642768592
13ee13ee- -7.3895644388 -3.33143016887 2.18827472216
13ee13ee-13ee -8.20437082687 -4.39292664864 2.32699330383
13ee13ee-13ee-13ee -9.34227211062 -5.54610509294 2.62969157615
13ee13ee-13ee-13ee- -9.67543704315 -5.75834531576 2.44158976022
13ee13ee-13ee13ee- -9.25467116671 -5.62637951856 2.6312009278
13ee13ee-4ee13ee -7.41159210845 -3.95182319181 2.36934947837
13ee13ee13ee -8.84895854272 -4.8196229644 2.21884779318
13ee13ee13ee-13ee -9.40005360652 -5.87875699106 2.48642882953
13ee13ee13ee-13ee- -9.53829671446 -6.02934047624 2.45737942834
13ee13ee13ee13ee -10.105809498 -5.91480204649 2.40859769035
13ee13ee13ee13ee- -9.67519499207 -5.75803886345 2.44185329709
13ef13ef -7.51216982482 -3.92386107888 2.0884239932
13ef13ef- -7.1985417072 -3.56464161259 1.66898244825
13ef13ef-13ef -8.01772092013 -4.30977351455 1.88387960778
13ef13ef-13ef-13ef -9.5276318911 -6.05934639201 2.09977891583
13ef13ef-13ef-13ef- -9.90867798494 -6.20504111525 2.25424158174
13ef13ef-13ef13ef- -9.28578963501 -5.69369357488 2.13520070633
13ef13ef-4ef13ef -7.21368565677 -3.90264683243 2.1016089515
13ef13ef13ef -8.46282146354 -4.7153906853 1.67616615026
13ef13ef13ef-13ef -9.48690247093 -6.07829970149 2.16997554986
13ef13ef13ef-13ef- -9.75248349261 -6.44454681307 2.10572666902
13ef13ef13ef13ef -10.0507757179 -6.41133201061 2.43300118798
13ef13ef13ef13ef- -9.93224606527 -6.38712558092 2.16900258438
13eh13eh -12.4674602431 -8.06521903911 3.06217244731
13eh13eh- -12.5743849064 -7.83640506745 2.77595043511
13eh13eh-13eh -19.3952889302 -16.5107257751 1.87318962011
13eh13eh-13eh-13eh -43.6944596736 -42.23689143 0.918597039408
13eh13eh-13eh-13eh- -40.0341338512 -38.7989760934 0.274466191509
13eh13eh-13eh13eh- 100.0 100.0 100.0
13eh13eh-4eh13eh -31.3503519402 -30.1382027644 0.489157084353
13eh13eh13eh -19.4564691061 -16.1762841496 1.80288166534
13eh13eh13eh-13eh 100.0 100.0 100.0
13eh13eh13eh-13eh- -41.7331885843 -39.9428409049 0.768404085813
13eh13eh13eh13eh 100.0 100.0 100.0
13eh13eh13eh13eh- -42.8475094196 -40.2725391881 2.09063380782
13ei13ei -7.71410108745 -3.76479736817 2.08888542041
13ei13ei- -7.38011027874 -3.36130986625 2.06087218822
13ei13ei-13ei -7.91213474552 -4.02779479565 2.22970024528
13ei13ei-13ei-13ei -8.9793300499 -5.28068024445 2.39087305491
13ei13ei-13ei-13ei- -9.20927582461 -5.40637840908 2.3701359104
13ei13ei-13ei13ei- -8.82501391561 -5.15552627996 2.38567475247
13ei13ei-4ei13ei -7.36097666715 -3.67125370751 2.25888482173
13ei13ei13ei -8.50884348496 -4.4849348778 2.19544262047
13ei13ei13ei-13ei -8.9735395671 -5.2420897763 2.4197165788
13ei13ei13ei-13ei- -9.10737319368 -5.60514034496 2.32471088849
13ei13ei13ei13ei -9.54800836593 -5.40343991853 2.32934434922
13ei13ei13ei13ei- -9.28190071365 -5.28852072698 2.34565283087
13el13el -7.55837360248 -3.75882281957 1.97639069581
13el13el- -6.99866058213 -3.48661587831 1.52255391957
13el13el-13el -7.79372826398 -4.13533471862 1.87089478363
13el13el-13el-13el -8.88811592987 -5.33560789105 2.16915506967
13el13el-13el-13el- -8.94295343623 -5.31971918343 2.11248063247
13el13el-13el13el- -8.66866806731 -5.0955822268 2.02304385405
13el13el13el -8.42005328191 -4.55616812433 2.10861870976
13el13el13el-13el -8.8685698202 -5.37316889352 2.13748793088
13el13el13el-13el- -9.17473406146 -5.53793594254 2.16375375249
13el13el13el13el -9.58821480061 -5.55044499089 2.23658644666
13el13el13el13el- -9.22481728368 -5.54629470621 2.12975889786
13fa13fa -7.39546642464 -3.88119362135 1.36492774406
13fa13fa- -7.18191087862 -3.95748431105 1.33569232132
13fa13fa-13fa -8.03531924991 -4.73979411286 1.59001138884
13fa13fa-13fa-13fa- -10.0366838349 -6.4977324891 2.00843491534
13fa13fa-13fa13fa- -9.21495439592 -5.70697591182 1.88994634582
13fa13fa-4fa13fa -7.33265724667 -3.87794368577 1.83170648408
13fa13fa13fa -8.37398438898 -4.81924488164 1.48775218255
13fa13fa13fa-13fa -9.46883282834 -6.49521069936 1.86650831604
13fa13fa13fa-13fa- -9.6321429687 -6.63293389655 1.89503387983
13fa13fa13fa13fa -9.73232218379 -6.0717678224 1.71567444376
13fa13fa13fa13fa- -9.4599218565 -6.55300199709 1.84862033654
13fd13fd -6.60487143524 -3.02316105685 1.5827077333
13fd13fd- -6.33184767376 -2.77313318504 1.52059423488
13fd13fd-13fd -7.88065315799 -4.07823361563 1.93972538072
13fd13fd-13fd-13fd -34.760551353 -33.5751030412 0.727199278849
13fd13fd-13fd-13fd- -34.4125594817 -33.4540999558 0.319711423912
13fd13fd-13fd13fd- -34.2504456549 -32.6640251706 1.03817385835
13fd13fd-4fd13fd -4.36421273886 -1.63576401617 0.910201279333
13fd13fd13fd -8.81413091153 -4.87506940696 2.05357371561
13fd13fd13fd-13fd -33.361276881 -31.9168460379 0.896031193261
13fd13fd13fd-13fd- -33.6546639371 -31.2243530695 1.84529772835
13fd13fd13fd13fd -32.6909230055 -30.8961728502 1.17790413078
13fd13fd13fd13fd- -32.8450314539 -31.6023325669 0.702018581937
13fe13fe -7.43428166865 -3.71254308449 1.44112838047
13fe13fe- -7.19810871479 -3.56421878653 1.66897227625
13fe13fe-13fe -8.06109959103 -4.35575053457 1.87108474835
13fe13fe-13fe-13fe -9.55500287343 -6.11666461652 2.12087167915
13fe13fe-13fe-13fe- -9.93248797776 -6.38597832787 2.16976212574
13fe13fe-13fe13fe- -9.28558333296 -5.69355936619 2.13526292757
13fe13fe-4fe13fe -7.18877594809 -3.8302280625 2.00471979318
13fe13fe13fe -8.74485333958 -5.0451482413 2.11134926106
13fe13fe13fe-13fe -9.50763546697 -6.09854620901 2.12608136158
13fe13fe13fe-13fe- -9.75197216935 -6.32673824218 2.17098635663
13fe13fe13fe13fe -10.2563919349 -6.42463648162 2.2893059793
13fe13fe13fe13fe- -9.73491163207 -6.62792746223 2.06534646028
13ff -7.09892357143 -3.02217476391 1.68294807233
13ff13ff -7.32878565941 -3.35616671406 1.75161860071
13ff13ff- -7.455720806 -3.7967167474 1.6441850596
13ff13ff-13ff -8.22358190084 -4.6585872662 2.07046580101
13ff13ff-13ff-13ff -9.66382483688 -6.52828190403 2.18375326629
13ff13ff-13ff-13ff- -9.73384871268 -6.8006129395 2.11338620824
13ff13ff-13ff13ff- -10.1042596991 -6.1768056709 2.23997725538
13ff13ff-4ff13ff -7.35572556144 -4.09495177452 2.00123904277
13ff13ff13ff -8.35914959834 -5.2859046137 2.22821765536
13ff13ff13ff-13ff -9.646250945 -6.49358371819 2.24687387086
13ff13ff13ff-13ff- -9.62798642396 -6.66145065218 2.14953415282
13ff13ff13ff13ff -9.86438332459 -7.00664669098 2.05594958581
13ff13ff13ff13ff- -10.0775934477 -6.94108810533 2.21772307541
13fh13fh -12.0057294175 -8.04954007915 2.68769801767
13fh13fh- -12.376815262 -7.87475722157 2.47279027949
13fh13fh-13fh -16.6503933847 -14.6306472005 1.18861658831
13fh13fh-13fh-13fh -39.6532429182 -38.521083778 0.183827809703
13fh13fh-13fh-13fh- -39.3424944593 -38.1001537985 0.639236366853
13fh13fh-13fh13fh- -40.0465927494 -38.9520072381 0.0548446323555
13fh13fh-4fh13fh -17.834856042 -16.8444787954 0.312799144213
13fh13fh13fh -16.0898912178 -13.7531942878 1.49856622316
13fh13fh13fh-13fh -39.9730894612 -38.3113343568 0.437723883333
13fh13fh13fh-13fh- -39.5750097253 -37.981265427 0.412727297024
13fh13fh13fh13fh -38.6421871708 -37.586069214 0.674976432239
13fh13fh13fh13fh- -39.0203894397 -38.2070306151 0.355862959406
13fi13fi -7.38261156621 -3.66009059398 1.98306495337
13fi13fi- -7.38101272714 -3.70718040067 1.76111807791
13fi13fi-13fi -7.83113309058 -4.178978853 1.84571812535
13fi13fi-13fi-13fi -9.24925895541 -5.69604030645 2.2674088061
13fi13fi-13fi-13fi- -9.63540020303 -5.94357332059 2.35669787467
13fi13fi-13fi13fi- -8.83816033438 -5.19226557995 2.07183816182
13fi13fi-4fi13fi -7.1356463931 -3.63392365489 1.98952901068
13fi13fi13fi -8.36890307036 -4.61482308666 2.07515360824
13fi13fi13fi-13fi -9.01635689582 -5.56758513108 2.10382965173
13fi13fi13fi-13fi- -9.23870826588 -5.90025843274 2.08625059105
13fi13fi13fi13fi -9.67204103906 -5.78195490665 2.21060454072
13fi13fi13fi13fi- -9.34677963312 -5.60202871599 2.22079186403
13fl13fl -7.34151517879 -3.54041147927 2.10983970249
13fl13fl- -7.07505950562 -3.55814373638 1.54673938721
13fl13fl-13fl -7.89078400486 -4.32856449896 1.7034834259
13fl13fl-13fl13fl- -9.01348226337 -5.34997639051 1.94576960774
13fl13fl13fl -8.13773321655 -4.64619925702 2.26831768559
13fl13fl13fl-13fl -8.88530055694 -5.70112505943 2.07143999235
13fl13fl13fl13fl -9.9127272911 -5.84710993793 2.5283539467
13fl13fl13fl13fl- -9.3490267467 -6.1412227919 2.22665234794
13ha13ha -12.7886286162 -8.22042231197 3.02907473395
13ha13ha- -12.8664446712 -8.21164553757 2.55902683647
13ha13ha-13ha -19.3931484038 -14.8743117435 3.28731438613
13ha13ha-13ha-13ha -43.0434892076 -40.0280579387 1.92083790128
13ha13ha-13ha-13ha- -42.1267578779 -39.1213352735 1.96789059721
13ha13ha-13ha13ha- -43.304867525 -39.8213844781 2.29686430867
13ha13ha-4ha13ha -18.6077622602 -16.2291546521 1.27170826474
13ha13ha13ha -19.2304735428 -14.4545831663 2.96648437004
13ha13ha13ha-13ha -43.2200431347 -39.1240675389 2.95902887927
13ha13ha13ha-13ha- -42.153994304 -38.4402341269 2.61105508804
13ha13ha13ha13ha -42.0409657339 -38.6358534447 2.45549663943
13ha13ha13ha13ha- -42.8935706885 -39.3830525345 2.27383222229
13hd13hd -18.7189851132 -13.3563058069 3.18929788584
13hd13hd- -18.0686119156 -12.6478163216 3.57586103292
13hd13hd-13hd -51.5915534041 -48.5245277821 1.84609749466
13hd13hd-13hd-13hd -76.277483999 -74.3514822196 1.3067796731
13hd13hd-13hd-13hd- -74.5132587931 -73.0680608617 0.906268200487
13hd13hd-13hd13hd- -75.4089823439 -73.7280739971 1.05993444691
13hd13hd-4hd13hd -63.8167889629 -63.1846208343 0.0811780273843
13hd13hd13hd -50.6095399986 -47.6308882625 2.47050525681
13hd13hd13hd-13hd -74.2131800613 -73.3490389802 0.217922804468
13hd13hd13hd-13hd- -74.182637136 -72.1425087957 1.37048414511
13hd13hd13hd13hd -73.8906920737 -72.1404101044 1.13673127404
13hd13hd13hd13hd- -74.462502206 -73.5485231116 0.294543434203
13he13he -12.4668256787 -8.0656878755 3.06180548963
13he13he- -12.5743460603 -7.83662102217 2.77594059544
13he13he-13he -19.3955548703 -16.5106015573 1.87392534528
13he13he-13he-13he -43.6947946636 -42.2373100708 0.918621349158
13he13he-13he-13he- -42.8470448946 -40.2726386699 2.0900850007
13he13he-13he13he- 100.0 100.0 100.0
13he13he-4he13he -32.95406261 -31.1964737448 0.550187378322
13he13he13he -18.9640666951 -16.0788067051 1.20326948024
13he13he13he-13he -42.2807822487 -40.7811906823 0.650643648701
13he13he13he-13he- -41.7330832502 -39.9431851066 0.767262038554
13he13he13he13he 100.0 100.0 100.0
13he13he13he13he- -40.033618555 -38.7995361181 0.273901008648
13hf13hf -11.9008838514 -8.38550283045 2.48810472638
13hf13hf- -12.3764675959 -7.8749695762 2.47285781754
13hf13hf-13hf -17.4128207685 -15.8678282899 0.65480535765
13hf13hf-13hf-13hf -39.8543882097 -38.4750662223 0.514215229852
13hf13hf-13hf-13hf- -39.0205989558 -38.2071951879 0.355781818617
13hf13hf-13hf13hf- -40.0456368538 -38.9508438518 0.0561714025771
13hf13hf-4hf13hf -29.1523416392 -28.1831566333 0.119501796418
13hf13hf13hf -16.5831514694 -14.9659644855 0.80113278406
13hf13hf13hf-13hf -40.2412846112 -38.3341378571 0.896192073673
13hf13hf13hf-13hf- -39.5764076661 -37.9813278348 0.414772303297
13hf13hf13hf13hf -39.3726901767 -37.8893969392 0.613257946335
13hf13hf13hf13hf- -39.3428134291 -38.1009614735 0.640477467032
13hh -12.5070005113 -6.56566436984 3.54867354409
13hh13hh -22.782676224 -17.842632655 2.44211339894
13hh13hh- -23.3821549453 -18.4504116464 2.37803555019
13hh13hh-13hh -53.0437075673 -50.8883143568 1.27290134355
13hh13hh-13hh-13hh -74.3287518536 -72.5186141157 1.2309013948
13hh13hh-13hh-13hh- -73.586865687 -72.2369382385 0.746896053908
13hh13hh-13hh13hh- -74.0954780191 -72.1309876097 1.45010157196
13hh13hh-4hh13hh -63.8027312275 -62.4282455981 0.751622249848
13hh13hh13hh -51.7546507672 -50.4098357472 0.482550996595
13hh13hh13hh-13hh -73.5415287573 -72.0528512368 0.920160755803
13hh13hh13hh-13hh- -73.1417678939 -71.3251618106 1.30435569485
13hh13hh13hh13hh -72.8119415963 -71.2645638882 0.983445234183
13hh13hh13hh13hh- -73.5882884144 -72.2380175433 0.747218446419
13hi13hi -12.6044303108 -7.65622980221 3.34678489912
13hi13hi- -12.5105488494 -7.52506390041 2.85634175079
13hi13hi-13hi -18.3424419475 -13.7432377832 3.48360098974
13hi13hi-13hi-13hi -39.1580484698 -36.9473916291 0.759724662483
13hi13hi-13hi-13hi- -38.5387580906 -37.3388991999 0.488352954578
13hi13hi-13hi13hi- -39.0499883725 -36.4884536571 0.862863519409
13hi13hi-4hi13hi -17.6244415863 -14.8372910383 1.8074789003
13hi13hi13hi -18.647703309 -13.460691312 3.39896846279
13hi13hi13hi-13hi -39.3793626873 -36.6345821052 0.985333078759
13hi13hi13hi-13hi- -38.3868154019 -35.7421841511 1.4314975769
13hi13hi13hi13hi -38.7171240024 -37.5038155415 0.438851068671
13hi13hi13hi13hi- -39.4244170524 -37.0463535554 0.912357639221
13hl13hl -11.9419956756 -7.82977693594 2.95027324413
13hl13hl- -12.0663908868 -7.72023613602 2.3196171343
13hl13hl-13hl -17.7111877319 -14.506754062 2.40164047034
13hl13hl-13hl-13hl -38.4292747844 -36.1289225566 0.915507308484
13hl13hl-13hl-13hl- -37.7866794162 -35.8926343737 0.90003218015
13hl13hl-13hl13hl- -37.8323085455 -35.5602337236 0.937471004512
13hl13hl13hl -16.8279432911 -12.9319125509 2.86881174047
13hl13hl13hl-13hl -37.85521949 -35.5248466894 1.20284282205
13hl13hl13hl-13hl- -36.7612314158 -35.2009297709 0.693099854107
13hl13hl13hl13hl 100.0 100.0 100.0
13hl13hl13hl13hl- -38.9496487118 -35.9508342279 1.49929819209
13ia13ia -7.77635586454 -3.96814474805 1.97939956527
13ia13ia- -7.78395895888 -4.093561932 1.70970273044
13ia13ia-13ia -8.40901357174 -4.77979474511 1.8249077355
13ia13ia-13ia-13ia -9.32468837384 -5.65393623619 2.16813778118
13ia13ia-13ia-13ia- -9.37859215742 -5.51741637208 2.15423328258
13ia13ia-13ia13ia- -9.28564259042 -5.53071836402 2.05139083271
13ia13ia-4ia13ia -7.65513155235 -4.0569499267 1.8849127094
13ia13ia13ia -8.46689048644 -4.63048616578 2.07623774997
13ia13ia13ia-13ia -9.23870136264 -5.54638352516 2.12976848319
13ia13ia13ia-13ia- -9.25403961701 -5.72955308333 2.12876035515
13ia13ia13ia13ia -9.39666644523 -5.47449175025 2.19043731798
13ia13ia13ia13ia- -9.33573215291 -5.60562599384 2.22870282377
13id13id -6.56109710606 -2.68587650103 1.8590209081
13id13id- -6.28673778852 -2.39698030477 1.7849722196
13id13id-13id -6.30625933857 -2.64319071899 1.78578700395
13id13id-13id-13id -30.4575167903 -29.1696379477 0.600232540226
13id13id-13id-13id- -30.6544977588 -28.0951905043 1.84306310418
13id13id-13id13id- -33.2336744273 -30.999196369 1.59937006557
13id13id-4id13id -2.99488182211 -0.523427782862 0.747488137402
13id13id13id -6.95104166212 -3.13999448071 1.91969733902
13id13id13id-13id 100.0 100.0 100.0
13id13id13id-13id- 100.0 100.0 100.0
13id13id13id13id -27.1019263111 -25.4995405293 0.830846367724
13id13id13id13id- 100.0 100.0 100.0
13ie13ie -7.71404804974 -3.76484087479 2.08910294426
13ie13ie- -7.3800700934 -3.36128817951 2.06087136577
13ie13ie-13ie -7.91204639683 -4.02757364786 2.22977117918
13ie13ie-13ie-13ie -8.97946154639 -5.28024770547 2.39099990929
13ie13ie-13ie-13ie- -9.28189817282 -5.28843184492 2.34581689946
13ie13ie-13ie13ie- -8.82508382127 -5.1548871582 2.385945004
13ie13ie-4ie13ie -7.31515229054 -3.55521503096 2.14651999967
13ie13ie13ie -8.50850636853 -4.48468413016 2.19553663812
13ie13ie13ie-13ie -8.91168841233 -5.4736873107 2.27058744081
13ie13ie13ie-13ie- -9.10755368111 -5.60502229627 2.32485978749
13ie13ie13ie13ie -9.54813975567 -5.40446858897 2.32906803196
13ie13ie13ie13ie- -9.20925282953 -5.40649193431 2.37023713527
13if13if -7.45384490631 -3.60372590178 2.03018395339
13if13if- -7.3810187072 -3.70721779587 1.76107949713
13if13if-13if -7.96325505334 -4.52181852993 1.85489606038
13if13if-13if-13if -8.94696378813 -5.62248146864 1.97084261459
13if13if-13if-13if- -9.34683844948 -5.60233619365 2.22141828799
13if13if-13if13if- -8.83809347734 -5.19259183528 2.07171788211
13if13if-4if13if -7.21265356482 -3.91765882484 2.06725331791
13if13if13if -8.50903421821 -4.51827924663 2.14038745617
13if13if13if-13if -9.13921030601 -5.76339923657 2.06228420689
13if13if13if-13if- -9.23874681155 -5.89989487514 2.08655763192
13if13if13if13if -9.80792307245 -5.73073459949 2.28408091036
13if13if13if13if- -9.63541471613 -5.94353320532 2.35669433958
13ih13ih -12.604432475 -7.65622528669 3.34678456971
13ih13ih- -12.5105642692 -7.52502421842 2.85636781362
13ih13ih-13ih -18.3424833598 -13.7432940847 3.48355879348
13ih13ih-13ih-13ih -39.1579691207 -36.9473056302 0.759738307676
13ih13ih-13ih-13ih- -39.424388766 -37.0465163243 0.912076293045
13ih13ih-13ih13ih- -39.0500257652 -36.4884641952 0.86287362606
13ih13ih-4ih13ih -18.4520546708 -14.9072321732 2.33695354148
13ih13ih13ih -18.6477169951 -13.4607097556 3.39894707699
13ih13ih13ih-13ih -38.040352933 -35.7150925414 1.12180623777
13ih13ih13ih-13ih- -38.3868243583 -35.7421750374 1.43151423194
13ih13ih13ih13ih -38.7170906278 -37.5038163417 0.43893816454
13ih13ih13ih13ih- -38.5387367944 -37.3388548721 0.488370377817
13ii -7.65547553657 -3.11688250856 2.20451181193
13ii13ii -7.76702160629 -3.57238694634 2.20985663985
13ii13ii- -7.71401978537 -3.65977537674 2.00602369542
13ii13ii-13ii -8.27644073651 -4.30291193346 2.10837959156
13ii13ii-13ii-13ii -9.15589379895 -5.0493681211 2.38938123046
13ii13ii-13ii-13ii- -9.06787832291 -5.20609118614 2.3726717738
13ii13ii-13ii13ii- -9.04573330316 -4.98685640285 2.29398835163
13ii13ii-4ii13ii -7.55434797765 -3.61625701549 2.1127553363
13ii13ii13ii -8.28808598309 -4.30764842162 2.32217779275
13ii13ii13ii-13ii -9.03684062046 -5.00199620656 2.34395981104
13ii13ii13ii-13ii- -9.05940279064 -4.96615613811 2.43243517229
13ii13ii13ii13ii -9.18505210952 -5.10641529798 2.41855668252
13ii13ii13ii13ii- -9.29434759702 -5.02655642253 2.37532617782
13il13il -7.42455355973 -3.52981352907 2.02880982369
13il13il- -7.20234650528 -3.49643410616 1.65014872835
13il13il-13il -7.74327770797 -4.05125664631 1.82175980824
13il13il-13il-13il -8.44893191533 -4.74035791517 1.9568372559
13il13il-13il-13il- -8.63499396677 -5.04419575458 2.01712744314
13il13il-13il13il- -8.42596207428 -4.73301929958 1.96627083288
13il13il13il -8.12642534168 -4.18699352616 2.14480652762
13il13il13il-13il -8.53417332438 -5.06268075465 2.07872428076
13il13il13il-13il- -8.51715715492 -5.12418211622 2.00024808524
13il13il13il13il -9.08744455543 -5.01139494904 2.30617044635
13il13il13il13il- -8.82164976411 -5.25781495216 2.07036179008
13la13la -7.24212222598 -3.86635290022 1.75397886227
13la13la- -7.13629255358 -4.07623721492 1.08988201179
13la13la-13la -7.76306476572 -4.75379011538 1.19308898957
13la13la-13la-13la -8.72647273807 -5.72697594155 1.52012501828
13la13la-13la-13la- -8.8714399259 -5.52601392918 1.49998305324
13la13la13la -7.90097575027 -4.93662000243 1.84243138063
13la13la13la-13la -8.76186792919 -5.54807201782 1.67250101863
13la13la13la-13la- -8.81595548408 -5.58607870969 1.9231167377
13la13la13la13la -8.85770777409 -6.16551401177 1.80351282733
13la13la13la13la- -8.77466621808 -5.91091098568 1.77733373258
13ld13ld- -5.85918580348 -2.49895492289 1.26547552754
13ld13ld-13ld -5.98717608712 -2.52462127244 1.49508534945
13ld13ld-13ld-13ld -33.2999506448 -32.5190136962 0.249532434575
13ld13ld-13ld-13ld- -33.3721671725 -32.4617728112 0.337873494631
13ld13ld-13ld13ld- -33.6884013861 -31.9427843673 1.20332433697
13ld13ld13ld -5.71932760187 -2.55950642638 1.22079301655
13ld13ld13ld-13ld -32.6372600774 -31.3350540929 0.758894078229
13ld13ld13ld13ld -33.3731252818 -32.4621745117 0.337828261443
13ld13ld13ld13ld- -33.7448229932 -32.5024323688 0.710693987213
13le13le -7.17128608315 -3.50304657607 1.67773007239
13le13le- -6.99842644534 -3.48614927035 1.52276593999
13le13le-13le -7.79640463532 -4.15728499691 1.81586263671
13le13le-13le-13le -8.8394499513 -5.34692169896 2.03963413729
13le13le-13le-13le- -9.2251802477 -5.54576651976 2.12985529583
13le13le-13le13le- -8.668187369 -5.09441760529 2.02327761017
13le13le13le -7.79677944685 -4.15833673868 1.81597490643
13le13le13le-13le -8.93058905928 -5.36671357825 2.15677996771
13le13le13le-13le- -9.17495142397 -5.53818350409 2.16365652792
13le13le13le13le -9.55261597502 -6.21385651929 2.27104317271
13le13le13le13le- -8.94280172044 -5.32019794307 2.1125714184
13lf13lf- -7.07497795338 -3.55776576877 1.54701304532
13lf13lf-13lf -7.78812556174 -4.31252149852 1.63633785461
13lf13lf-13lf-13lf -9.06759125954 -5.7044748139 2.01930023102
13lf13lf-13lf-13lf- -9.59710390033 -5.69403296926 2.40608084361
13lf13lf-13lf13lf- -9.0136805961 -5.35054743564 1.94617636636
13lh13lh- -12.0662143249 -7.7197530312 2.31969073288
13lh13lh-13lh -17.5626898604 -14.3237529445 2.43235217788
13lh13lh-13lh-13lh -38.6662890444 -36.3310759491 0.881803024439
13lh13lh-13lh-13lh- -38.9496306442 -35.9508726166 1.49960906956
13lh13lh-13lh13lh- -37.8310056499 -35.5490545904 1.01477606721
13li13li -7.20229778226 -3.49639414041 1.65062381877
13li13li- -7.20234750015 -3.49643433283 1.65014575769
13li13li-13li -7.71497301497 -4.04269974943 1.78040150461
13li13li-13li-13li -8.64289383318 -5.01410358139 2.0124515242
13li13li-13li-13li- -8.82168491704 -5.25795034449 2.06994578733
13li13li-13li13li- -8.4258735673 -4.73253439348 1.96652513256
13li13li13li -7.83447592144 -4.32920902554 1.86586121095
13li13li13li-13li -8.42654535731 -4.73504991406 1.96713433736
13li13li13li-13li- -8.51686505368 -5.12539461501 2.00061618904
13li13li13li13li -8.65419033367 -5.23540153051 2.24963871389
13li13li13li13li- -8.63492102105 -5.04410319583 2.01723918759
13ll -6.93791099643 -3.01784072454 1.62603554776
13ll13ll -7.2176828898 -3.36750583887 2.17294251152
13ll13ll- -6.63869304934 -3.54071952192 1.09091788201
13ll13ll-13ll -7.54921762599 -4.1800291491 1.49622530489
13ll13ll-13ll-13ll -8.51095068426 -5.03688789515 1.93877029707
13ll13ll-13ll-13ll- -8.90710878036 -5.20380661909 2.07677208601
13ll13ll-13ll13ll- -8.30343692448 -4.97056862507 1.65062459696
13ll13ll13ll -7.942828775 -4.486176741 2.26487990725
13ll13ll13ll-13ll -8.43893682652 -4.9276922208 1.86931973482
13ll13ll13ll-13ll- -8.63551436696 -5.3418317267 2.02108787062
13ll13ll13ll13ll -9.48205120227 -5.21550717021 2.51494745943
13ll13ll13ll13ll- -8.77891063698 -5.46285923456 2.0215715201
3 -10.2823412884 0.654084447849 10.1114115125
4dd -6.07738235073 0.86844207058 5.9904312377
4dd4dd -1.12574382755 4.3873666529 4.59408937685
4dd4dd4dd 5.81755618404 9.87402672097 3.2554430411
4dd4dd4dd4dd 12.7145525408 14.864536121 1.51218550276
4dh -8.32613116137 -1.72757718211 4.66792799734
4dh4dh -8.43614209685 -2.72904765915 4.3665959425
4dh4dh- -8.39384199125 -2.64247435923 4.58263811452
4dh4dh-4dh -9.09404936514 -3.71617007617 4.40565225416
4dh4dh-4dh-4dh -10.6225454528 -5.77987577918 3.93317647146
4dh4dh-4dh-4dh- -10.4911121764 -5.77825467859 3.83505406437
4dh4dh-4dh4dh -10.5944463862 -5.84924426356 3.890982678
4dh4dh-4dh4dh- -10.7391836993 -5.93552857179 3.99725028427
4dh4dh4dh -9.08029725082 -3.7821360048 4.20056606974
4dh4dh4dh-4dh -10.6068285668 -5.90489250452 3.83802135624
4dh4dh4dh-4dh- -10.5543979719 -5.65516164458 4.10046830959
4dh4dh4dh4dh -10.6174783173 -5.76325632576 4.05289656023
4dh4dh4dh4dh- -10.7708395313 -5.98031692714 3.98420524757
4hd -8.32665359217 -1.72777680379 4.66967526882
4hd4hd -8.43560590778 -2.72845279887 4.36644295385
4hd4hd- -8.39231955263 -2.64148717134 4.58510251405
4hd4hd-4hd -9.09284018015 -3.71545563344 4.4045233372
4hd4hd-4hd-4hd -10.5479647206 -5.85989432133 3.81740413807
4hd4hd-4hd-4hd- -10.5377708433 -5.69479637204 3.93686846248
4hd4hd-4hd4hd -10.6407852784 -5.72849817843 4.07406369357
4hd4hd-4hd4hd- -10.7378570327 -5.9338253285 4.00057982072
4hd4hd4hd -9.07662735339 -3.78363293812 4.19823329836
4hd4hd4hd-4hd -10.6253553148 -5.82560435085 4.01546230393
4hd4hd4hd-4hd- -10.5545209561 -5.65600949513 4.10012069122
4hd4hd4hd4hd -10.6174009254 -5.76360900313 4.05248064353
4hd4hd4hd4hd- -10.4902901254 -5.77753936744 3.83503729674
4hh -10.51071205 -3.85578299909 5.41183232094
4hh4hh -13.2048374426 -7.55415031963 4.58507365012
4hh4hh4hh -16.2851868433 -12.2382687782 2.82351086401
4hh4hh4hh4hh -41.6060754048 -39.888339529 1.03783026539
6aa -7.19737594415 0.325547463822 6.3421069989
6aa6aa -5.44941635477 0.258950344262 4.86605534831
6aa6aa- -5.44699477605 0.267122474905 4.86724521909
6aa6aa-4aa6aa -4.48543789741 0.246039952998 4.06796094853
6aa6aa-6aa -4.30298453926 0.621867088985 4.13479192602
6aa6aa-6aa-6aa -3.3546956279 1.12320704653 3.71963707717
6aa6aa-6aa-6aa- -3.34376470887 1.12330137232 3.70812235332
6aa6aa-6aa6aa- -3.35506901575 1.13063994785 3.73275557296
6aa6aa6aa -4.29466653653 0.614099439475 4.11513038273
6aa6aa6aa-6aa -3.35328091901 1.12773631852 3.72775202906
6aa6aa6aa-6aa- -3.34889881697 1.12089659611 3.71616464706
6aa6aa6aa6aa -3.33103127606 1.12735723146 3.69826550816
6aa6aa6aa6aa- -3.3428805918 1.1248480945 3.70844337817
6ad6ad -1.88803273326 3.77278854441 4.61163982679
6ad6ad- -1.95563542271 3.69745645813 4.61552529576
6ad6ad-4ad6ad 5.11697431761 8.5553095049 2.64329182014
6ad6ad-6ad 3.52080215843 7.39952744871 3.04993181404
6ad6ad-6ad-6ad 9.71534104207 11.298445635 0.948050694245
6ad6ad-6ad-6ad- 9.72308885547 11.243203541 0.888169356339
6ad6ad-6ad6ad- 9.69678474071 11.3142026893 0.979370686594
6ad6ad6ad 3.63616865889 7.44096230746 2.96740131141
6ad6ad6ad-6ad 9.69865153513 11.2944587481 0.945801218052
6ad6ad6ad-6ad- 9.66496220523 11.2583520544 0.946268556742
6ad6ad6ad6ad 9.74090436342 11.2485890692 0.866371393303
6ad6ad6ad6ad- 9.71798533735 11.2838865204 0.921366372525
6ae6ae -5.1688204724 0.0165747369415 4.58769065124
6ae6ae- -5.17134527899 0.0374093853905 4.63520026488
6ae6ae-4ae6ae -3.97475927798 0.444895117642 3.87101279369
6ae6ae-6ae -4.06946383675 0.542458671958 3.97510388419
6ae6ae-6ae-6ae -3.0945442461 1.14525695647 3.59129399692
6ae6ae-6ae-6ae- -3.0731026802 1.1617466067 3.57704741236
6ae6ae-6ae6ae- -3.10285555221 1.15054813292 3.61915637674
6ae6ae6ae -4.04706797201 0.523270497882 3.911612953
6ae6ae6ae-6ae -3.09231817516 1.12515803382 3.58259884147
6ae6ae6ae-6ae- -3.08789064444 1.12140004081 3.56750272867
6ae6ae6ae6ae -3.04340791778 1.15277167992 3.54269083459
6ae6ae6ae6ae- -3.07060014517 1.13092194102 3.55537746341
6af6af -4.89593385244 0.167711657459 4.15058168881
6af6af- -4.64365434173 0.170680887479 3.96555957324
6af6af-4af6af -4.17709923186 -0.230954433601 3.25497250484
6af6af-6af -3.84616981901 0.304764397477 3.35852087917
6af6af-6af-6af -3.38633680216 0.49289942893 3.10452121396
6af6af-6af-6af- -3.46978935404 0.396034173542 3.08631037379
6af6af-6af6af- -3.26545438081 0.601244470869 3.10874139475
6af6af6af -4.2071107138 0.361117116148 3.72010422154
6af6af6af-6af -3.37333951282 0.594262126626 3.20565060823
6af6af6af-6af- -3.48615494757 0.513411577429 3.22316100696
6af6af6af6af -3.62733477301 0.646625716236 3.4676840472
6af6af6af6af- -3.58088707887 0.617666512539 3.41227342475
6ah6ah -9.31023851101 -3.49060129898 4.83084205855
6ah6ah- -9.31004022849 -3.47193166972 4.84856569172
6ah6ah-4ah6ah -12.0961734768 -7.49862121078 3.80779849883
6ah6ah-6ah -10.8756284144 -5.79725193089 4.20113689654
6ah6ah-6ah-6ah -13.65954816 -9.68889741142 3.10480501604
6ah6ah-6ah-6ah- -13.5335272584 -9.52772273541 3.15526285902
6ah6ah-6ah6ah- -13.7668533843 -9.79853331121 3.09201923191
6ah6ah6ah -10.8039672528 -5.74011126298 4.23348203062
6ah6ah6ah-6ah -13.7146700608 -9.69975247019 3.16122180526
6ah6ah6ah-6ah- -13.6258058181 -9.56783345282 3.21230437493
6ah6ah6ah6ah -13.4840244406 -9.42545769359 3.23435977552
6ah6ah6ah6ah- -13.6077998537 -9.5846073749 3.18419384931
6ai6ai -5.35692130398 0.776214780472 5.18775529812
6ai6ai- -5.38648494417 0.770297361746 5.2873741537
6ai6ai-4ai6ai -4.30307387643 0.945367688386 4.58192108522
6ai6ai-6ai -4.1526802627 1.35518677177 4.69744173294
6ai6ai-6ai-6ai -3.04560426744 2.0171358451 4.29223634643
6ai6ai-6ai-6ai- -3.02782532571 2.02184924783 4.27488249615
6ai6ai-6ai6ai- -3.08904211182 2.01749816226 4.33424364874
6ai6ai6ai -4.07924122563 1.36131318437 4.57093399774
6ai6ai6ai-6ai -3.04668441802 1.99181101341 4.22466311498
6ai6ai6ai-6ai- -3.04188773633 1.99498132864 4.22436159287
6ai6ai6ai6ai -2.9735969627 2.00261644891 4.16220395375
6ai6ai6ai6ai- -2.98993128183 1.99054617248 4.16658489373
6al6al -4.68037975441 0.207895423936 4.02661712598
6al6al- -4.67126612014 0.275079992016 4.07223281023
6al6al6al -3.70316953724 0.513796368376 3.4156252239
6al6al6al6al -2.81925064939 0.995474122494 3.05366335818
6al6al6al6al- -2.76250779688 1.06575945839 3.06759985519
6da6da -2.03267414203 3.47546427637 4.47564751489
6da6da- -2.19536007955 3.38507824872 4.48728611533
6da6da-4da6da 5.36861268443 7.83577498016 1.75471552236
6da6da-6da 3.03806195112 7.30045736815 3.33689824653
6da6da-6da-6da 9.20642575798 11.453612911 1.5102295117
6da6da-6da-6da- 9.5595183459 11.7344693397 1.50291863989
6da6da-6da6da- 9.16528715086 11.4431527731 1.54590517063
6da6da6da 3.39755473558 7.45305092869 3.23323697913
6da6da6da-6da 9.14600697695 11.4784225655 1.60591452652
6da6da6da-6da- 9.3130876736 11.5311588204 1.52368207559
6da6da6da6da 9.63186841812 11.8095104973 1.51140294106
6da6da6da6da- 9.25177679115 11.4815771836 1.49461769276
6dd -4.50166049482 2.17911412175 5.42828905103
6dd6dd 5.87208961028 10.5145344961 3.70010137034
6dd6dd6dd 18.7959488341 20.4158695344 0.96194511291
6dd6dd6dd6dd 28.6945534731 29.4446714121 0.236260366307
6de6de -1.49780162906 3.31383592635 4.09253710256
6de6de6de 4.50515743178 7.48558659966 2.41979383246
6de6de6de6de 10.784485648 11.4230541807 0.163048486433
6df6df -1.83745587599 3.2922266222 3.97726135425
6df6df- -1.67982184801 3.29526994986 3.8028651785
6df6df-4df6df 5.61927325633 7.54204567188 1.19287080424
6df6df-6df 4.02038668139 7.41620668486 2.46516218754
6df6df-6df-6df 9.99316662052 11.6357838433 0.914499666068
6df6df-6df-6df- 10.0466220791 11.4745615172 0.723054790995
6df6df-6df6df- 10.0669048153 11.3352432404 0.529498679793
6df6df6df 3.32557266151 6.96261888354 2.66300863569
6df6df6df-6df 9.91111986341 11.5862710027 0.926666277148
6df6df6df-6df- 9.69895139847 11.1805139096 0.750754609424
6df6df6df6df 9.68542012687 11.1779899558 0.762491349831
6df6df6df6df- 9.33889371146 11.0589180118 0.97303978076
6dh6dh -7.01209930496 -1.42529701462 3.9465533169
6dh6dh- -7.06389858615 -1.50050164498 4.10594755633
6dh6dh-4dh6dh -62.0732255067 -61.0308699636 0.462163672256
6dh6dh-6dh 100.0 100.0 100.0
6dh6dh-6dh-6dh 21.869742985 23.2010824385 0.788610839159
6dh6dh-6dh-6dh- 21.9110945955 23.3162795011 0.869491662835
6dh6dh-6dh6dh- 21.8806412276 23.2391768984 0.807321200596
6dh6dh6dh 100.0 100.0 100.0
6dh6dh6dh-6dh 21.8807180644 23.2243036168 0.792416346639
6dh6dh6dh-6dh- 21.9059096362 23.5140719797 1.029739125
6dh6dh6dh6dh 21.8553523044 23.2915765487 0.882294075302
6dh6dh6dh6dh- 21.8677595047 23.1997576453 0.789009998551
6di6di -1.80063036232 3.90832778709 4.58724160715
6di6di- -1.80090310739 3.90809701634 4.58768327942
6di6di-4di6di 6.35866557083 8.41801446932 1.37193556744
6di6di-6di 4.03819186656 8.12859686583 3.12839772206
6di6di-6di-6di 10.4915378044 12.2934246103 1.07688167891
6di6di-6di-6di- 10.2727142289 12.2452271602 1.23708420593
6di6di-6di6di- 10.233626007 12.2362331584 1.25941444699
6di6di6di-6di 10.3557243935 12.3176820192 1.24638157085
6di6di6di-6di- 10.3942807 12.2869468152 1.16925112002
6di6di6di6di 10.2727551673 12.2454048653 1.23714598827
6di6di6di6di- 10.4912305741 12.2933370828 1.07711811487
6dl6dl -1.48843511448 3.32527457365 3.7983110606
6dl6dl- -0.815025953803 4.15954406737 3.83508043099
6dl6dl6dl 3.99897132027 7.53170465612 2.7141795436
6dl6dl6dl6dl 10.5551793484 12.3609422308 1.15716014804
6dl6dl6dl6dl- 10.9670835857 12.4021807441 0.724564708483
6ea6ea -5.10330279047 0.106942605217 4.4603918813
6ea6ea- -5.18568156279 0.0260728384423 4.53356854522
6ea6ea-4ea6ea -4.10475648908 0.476440755539 4.01832779473
6ea6ea-6ea -4.1009071825 0.514206747174 3.96456266978
6ea6ea-6ea-6ea -2.91332899763 1.39623777779 3.6202925657
6ea6ea-6ea-6ea- -3.01908724871 1.40318452785 3.68323460013
6ea6ea-6ea6ea- -3.15606909253 1.10669975433 3.6238673203
6ea6ea6ea -4.03626617286 0.819269887425 4.10971456608
6ea6ea6ea-6ea -3.1227019865 1.1283624268 3.61181954533
6ea6ea6ea-6ea- -3.07836851782 1.16329037949 3.59555470282
6ea6ea6ea6ea -3.00079982138 1.2017342007 3.54183457434
6ea6ea6ea6ea- -3.05828943804 1.14501081087 3.5556237577
6ed6ed -1.37066770054 3.16311869386 3.68402426532
6ed6ed6ed 4.52981959263 6.84513845262 1.59687712979
6ed6ed6ed6ed 10.4081763586 11.9763014307 1.01449536138
6ee -6.26439063603 -0.786702162296 4.81517627344
6ee6ee -4.80934147552 -0.161957884623 4.05162288998
6ee6ee6ee -3.58820255172 0.548445345008 3.52038855136
6ee6ee6ee6ee -2.52822302487 1.16575107472 3.09442814822
6ef6ef -4.65681740961 0.186496435096 4.02924102776
6ef6ef- -4.71777336229 0.0878079742339 3.90194908374
6ef6ef-4ef6ef -4.20238837922 0.0885423098338 3.64246122108
6ef6ef-6ef -3.76124728648 0.58709578634 3.56398982782
6ef6ef-6ef-6ef -3.159591982 0.969118508132 3.38049682052
6ef6ef-6ef-6ef- -3.27097252108 0.917502521293 3.41968918102
6ef6ef-6ef6ef- -3.14167404362 0.962444875891 3.34940165334
6ef6ef6ef -3.88644577347 0.597053424994 3.71107183677
6ef6ef6ef-6ef -3.20850267872 0.949314211212 3.4776475531
6ef6ef6ef-6ef- -3.35425498923 0.898865310247 3.53310733034
6ef6ef6ef6ef -3.23277689437 0.949262316009 3.47695990374
6ef6ef6ef6ef- -3.35495636164 0.916759716149 3.52499875567
6eh6eh -8.57214551128 -3.48512724175 4.32256649741
6eh6eh- -8.45655815034 -3.48057788759 4.067447323
6eh6eh-4eh6eh -11.1953364806 -7.21729100857 3.32406661405
6eh6eh-6eh -9.9160439308 -5.37099014157 3.87610199701
6eh6eh-6eh-6eh -12.3949005995 -9.04468984494 2.69338213128
6eh6eh-6eh-6eh- -12.3930918097 -8.9948291006 2.73927805353
6eh6eh-6eh6eh- -12.2252631986 -8.96776606441 2.56567229026
6eh6eh6eh -9.89615501209 -5.39337765629 3.82971979692
6eh6eh6eh-6eh -12.3552235187 -8.96798207155 2.69699735723
6eh6eh6eh-6eh- -12.4223229983 -9.0582915171 2.67332378847
6eh6eh6eh6eh -12.2886214607 -8.90622619622 2.72163621378
6eh6eh6eh6eh- -12.3842125521 -9.097071796 2.61257910051
6ei6ei -4.83415048826 0.432225546805 4.45935643519
6ei6ei- -4.83410533099 0.432249221368 4.45933517147
6ei6ei-4ei6ei -3.76390274989 0.777198654646 3.95531257989
6ei6ei-6ei -3.50176080417 1.13854018145 3.87929467947
6ei6ei-6ei-6ei -2.39920643393 1.74031974129 3.46785252072
6ei6ei-6ei-6ei- -2.40891398007 1.73254773985 3.46852166958
6ei6ei-6ei6ei- -2.40896973658 1.73251382714 3.46855096497
6ei6ei6ei -3.50666962367 1.13478976876 3.88266737361
6ei6ei6ei-6ei -2.39921656657 1.74032084577 3.46785385091
6ei6ei6ei-6ei- -2.40727682151 1.73618226993 3.47250890572
6ei6ei6ei6ei -2.4089991215 1.73237965066 3.46828726818
6ei6ei6ei6ei- -2.40603016688 1.73305248401 3.46381648656
6el6el -4.47491188047 0.0977242188551 3.77151117094
6el6el- -4.33077264713 0.604556561362 4.01790132217
6el6el6el -3.51606919439 0.504618547677 3.28969796013
6el6el6el6el -2.62363826964 1.057463842 2.98478653449
6el6el6el6el- -2.34118287333 1.64591031868 3.33449404974
6fa6fa -4.23066896908 0.580329659732 3.9710632466
6fa6fa- -4.39180951384 0.580630098401 4.07501746039
6fa6fa-4fa6fa -3.58333254384 0.6973300878 3.59682908197
6fa6fa-6fa -3.17022041053 1.12211766245 3.51454869617
6fa6fa-6fa-6fa -2.29669125264 1.69021421247 3.26420703435
6fa6fa-6fa-6fa- -2.24890894535 1.53809335274 3.05890683141
6fa6fa-6fa6fa- -2.36936028652 1.55567007068 3.19937906383
6fa6fa6fa -3.14206376816 0.95163431629 3.31330010512
6fa6fa6fa-6fa -2.28982448807 1.53776914737 3.09490281144
6fa6fa6fa-6fa- -2.30416626236 1.4855110723 3.06244848555
6fa6fa6fa6fa -2.22595273707 1.44413485433 2.93109211904
6fa6fa6fa6fa- -2.29850623064 1.43783909016 2.9965656038
6fd6fd -1.02161305406 3.86664360517 3.96119673461
6fd6fd- -0.254251425675 4.5044430406 3.84183149613
6fd6fd-4fd6fd 5.97208975019 9.14043214358 2.41757386364
6fd6fd-6fd 5.009137391 8.19917052872 2.40812417857
6fd6fd-6fd-6fd 11.0402863583 12.0438441279 0.391412725754
6fd6fd-6fd-6fd- 10.7562899396 12.0465835386 0.668181788817
6fd6fd-6fd6fd- 11.436941441 12.4062458946 0.370969673579
6fd6fd6fd 4.02409712755 7.52472559277 2.70815216579
6fd6fd6fd-6fd 11.2629835831 12.2426889849 0.368717194186
6fd6fd6fd-6fd- 10.9273911595 12.0384165954 0.493988659788
6fd6fd6fd6fd 9.83042775279 11.2840802527 0.819052812706
6fd6fd6fd6fd- 10.733879897 11.7836759179 0.444560318119
6fe6fe -4.09495702451 0.426147335337 3.81649233194
6fe6fe- -3.95036423011 0.862997077252 4.08695757783
6fe6fe-4fe6fe -3.31868060003 0.861495759853 3.64016542209
6fe6fe-6fe -3.05224673163 1.45095818058 3.82586959607
6fe6fe-6fe-6fe -2.02626943201 2.08352123234 3.52868312797
6fe6fe-6fe-6fe- -1.87889259661 2.18491819016 3.48111956577
6fe6fe-6fe6fe- -2.06819365781 2.0480039887 3.54120227901
6fe6fe6fe -3.02151327096 0.936854271094 3.2499471698
6fe6fe6fe-6fe -2.05239744596 1.86017799131 3.25486038312
6fe6fe6fe-6fe- -1.9482169777 1.95082887988 3.25648009529
6fe6fe6fe6fe -2.0703376416 1.53899883367 2.92686023302
6fe6fe6fe6fe- -1.91370438538 1.76513664799 3.00592276772
6ff -4.9255825856 0.448315075657 4.3359401878
6ff6ff -3.81548927172 0.316076305428 3.26025439377
6ff6ff- -4.02098770555 0.461796631332 3.62952767425
6ff6ff-4ff6ff -3.59199969337 0.134845413841 3.04464951386
6ff6ff-6ff -3.12155245718 0.415163003226 2.75492231244
6ff6ff-6ff-6ff -2.5070789864 1.09746155937 2.84285718712
6ff6ff-6ff-6ff- -2.37999980463 1.15640680444 2.77984123475
6ff6ff-6ff6ff- -2.59390313442 0.632780653558 2.48497129129
6ff6ff6ff -3.08817658402 0.445877163729 2.72665322786
6ff6ff6ff-6ff -2.60343541156 0.885119285296 2.72301306936
6ff6ff6ff-6ff- -2.50424605496 0.934940004066 2.68145775252
6ff6ff6ff6ff -2.4966315916 0.686585971336 2.4183303131
6ff6ff6ff6ff- -2.55164477379 0.739695759164 2.52028579986
6fh6fh -8.03428192698 -3.28682828209 3.65885184308
6fh6fh- -7.80679751974 -2.68081065654 4.19747177986
6fh6fh-4fh6fh -10.3107894641 -7.11773050917 2.53220627139
6fh6fh-6fh -9.26579739718 -5.09863991759 3.34761111074
6fh6fh-6fh-6fh -11.1716298116 -8.58784852911 1.89235008306
6fh6fh-6fh-6fh- -10.8524376784 -7.88743085657 2.24778489825
6fh6fh-6fh6fh- -11.15288355 -8.48537688867 1.9256394403
6fh6fh6fh -9.47312216332 -5.69346900467 2.85726587866
6fh6fh6fh-6fh -11.4474849379 -8.97668771649 1.73560523213
6fh6fh6fh-6fh- -11.1163944623 -8.29278147912 2.05866779185
6fh6fh6fh6fh -11.914289668 -9.88574094785 1.24828416401
6fh6fh6fh6fh- -11.505599285 -9.04866827049 1.66110902546
6fi6fi -4.10170515171 0.834295109464 4.06825531479
6fi6fi- -3.95955682967 1.2231866249 4.26867152706
6fi6fi-4fi6fi -3.26254112975 1.49508656959 4.09007699141
6fi6fi-6fi -2.82579702301 1.94805328862 3.94011710334
6fi6fi-6fi-6fi -1.89591153758 2.50523749397 3.68987755911
6fi6fi-6fi-6fi- -1.97027553935 2.54830804862 3.76381344876
6fi6fi-6fi6fi- -1.88141831153 2.50855251416 3.63636469554
6fi6fi6fi -2.95360398442 1.2779379354 3.45031323885
6fi6fi6fi-6fi -1.82212685067 2.19151353949 3.27883211368
6fi6fi6fi-6fi- -1.87803617811 2.22322658976 3.34344093548
6fi6fi6fi6fi -1.87366435125 1.90074143544 3.03399161067
6fi6fi6fi6fi- -1.84767554736 2.00428177673 3.11408083282
6fl6fl -3.58314213431 0.515529064946 3.24159365858
6fl6fl- -3.59179369504 1.05096500436 3.75923869157
6fl6fl6fl -2.57406332116 0.856430995092 2.64030483663
6fl6fl6fl6fl -1.68118971852 1.34716540635 2.28511172701
6fl6fl6fl6fl- -1.54129568801 1.6190284807 2.40909228449
6ha6ha -8.53841149799 -2.9527921848 4.41264172042
6ha6ha- -8.74134245744 -2.92367981216 4.85789947841
6ha6ha-4ha6ha -11.0265385508 -6.56269682017 3.73380162375
6ha6ha-6ha -9.81502147576 -4.63993712749 4.35483354829
6ha6ha-6ha-6ha -11.4048092164 -6.88900733689 3.71108703834
6ha6ha-6ha-6ha- -11.2000093043 -6.88609570442 3.50801261531
6ha6ha-6ha6ha- -11.6174273918 -6.97730852133 3.84292154554
6ha6ha6ha -9.46003314962 -4.63965596772 3.97863501375
6ha6ha6ha-6ha -11.4530294579 -6.84445236922 3.80861579591
6ha6ha6ha-6ha- -11.2315354309 -6.80119373654 3.6264228745
6ha6ha6ha6ha -11.0652220788 -6.78122552643 3.48833626088
6ha6ha6ha6ha- -11.2361258924 -6.77184139749 3.66574621001
6hd6hd -5.82297456071 -0.476026169069 3.52852401028
6hd6hd- -5.80203049519 -0.350668473877 3.66815938441
6hd6hd-4hd6hd 15.3428042437 16.133510745 0.0926047484645
6hd6hd-6hd -0.229773730323 2.23752492333 1.02497067554
6hd6hd-6hd-6hd 19.550976983 21.6146669891 0.980550906114
6hd6hd-6hd-6hd- 18.9214386663 20.5456602177 0.490552730394
6hd6hd-6hd6hd- 20.2683881102 22.2256517404 1.20806499015
6hd6hd6hd -1.39270058371 1.60965695198 1.55222234638
6hd6hd6hd-6hd 19.6870325949 22.0232051341 1.51379466383
6hd6hd6hd-6hd- 19.6675173442 21.1955825906 0.568192236947
6hd6hd6hd6hd 18.7334673969 20.5276832705 0.438707737369
6hd6hd6hd6hd- 19.1047553382 21.5056195451 1.07708783182
6he6he -8.10226953809 -3.07215048911 4.15119473152
6he6he- -8.10058352524 -2.93276446933 4.42693919247
6he6he-4he6he -10.2047215837 -6.3754658757 3.22820938303
6he6he-6he -8.98047022605 -4.25032914988 4.07174472942
6he6he-6he-6he -10.4672263573 -6.46536339311 3.36898851273
6he6he-6he-6he- -10.6489073294 -6.74841743216 3.1969157726
6he6he-6he6he- -10.4328881984 -6.26668193776 3.55458782557
6he6he6he -9.13043586112 -4.70940937821 3.68803004506
6he6he6he-6he -10.486707982 -6.41204068009 3.46322698178
6he6he6he-6he- -10.6129194747 -6.6401213395 3.30939769678
6he6he6he6he -10.7640702148 -7.06167894937 3.03130890659
6he6he6he6he- -10.6339121054 -6.72155562856 3.28377284155
6hf6hf -7.88055676171 -3.49772649779 3.5729491003
6hf6hf- -8.21686388131 -3.7289952261 3.71152785207
6hf6hf-4hf6hf -10.2210187193 -8.22344648421 1.3883192905
6hf6hf-6hf -9.30438891693 -5.82560286919 2.77719462574
6hf6hf-6hf-6hf -11.2490958907 -9.47581933159 1.13299299173
6hf6hf-6hf-6hf- -11.2985039925 -10.1729144308 0.480460074989
6hf6hf-6hf6hf- -11.4930692586 -9.71652594765 1.11077771832
6hf6hf6hf -9.2568926983 -6.04845456114 2.51098643721
6hf6hf6hf-6hf -11.3609351236 -9.55646477736 1.14741505595
6hf6hf6hf-6hf- -11.4052858582 -10.104648804 0.631018776318
6hf6hf6hf6hf -11.2810516586 -9.84685019794 0.802430255522
6hf6hf6hf6hf- -11.6818497686 -9.95394670492 1.05054757923
6hh -10.3174532408 -3.578493731 5.34165671162
6hh6hh -14.5825881021 -9.34080865795 3.94136866196
6hh6hh6hh -48.3221184335 -46.7059606883 0.313922924748
6hh6hh6hh6hh -69.3578884275 -68.0746248838 0.626626472246
6hi6hi -8.45204425759 -2.61605680059 4.67782239829
6hi6hi- -8.62585705261 -2.45064578085 4.8221867231
6hi6hi-4hi6hi -10.6349682932 -5.69126326229 4.23928534833
6hi6hi-6hi -9.48725711695 -3.71345738442 4.82495972541
6hi6hi-6hi-6hi -10.7212986022 -5.69016023427 4.29775504321
6hi6hi-6hi-6hi- -10.6412287531 -5.8418744961 4.06374208547
6hi6hi-6hi6hi- -10.7355243979 -5.45460775711 4.55216368377
6hi6hi6hi -9.26984855799 -4.08720859097 4.41612151302
6hi6hi6hi-6hi -10.7544527254 -5.63922379103 4.42944115696
6hi6hi6hi-6hi- -10.6513728423 -5.7326854337 4.21475783558
6hi6hi6hi6hi -10.651133577 -5.9927264606 3.94950738342
6hi6hi6hi6hi- -10.7321347427 -5.85696601309 4.16958463633
6hl6hl -7.8779672049 -3.07999494612 3.84420813607
6hl6hl- -7.81877521596 -2.68433694437 4.05218714831
6hl6hl6hl -9.1211823753 -5.05501424322 3.28579222551
6hl6hl6hl6hl -10.9221870751 -7.80015098574 2.42534825042
6hl6hl6hl6hl- -10.6592082812 -7.32875439483 2.66135885736
6ia6ia -5.19865673367 0.915029959295 5.16996820022
6ia6ia- -5.21752011869 0.867319966956 5.19263128429
6ia6ia-4ia6ia -4.12918037605 1.07867674163 4.55586265732
6ia6ia-6ia -3.93221186261 1.49374431507 4.61920823317
6ia6ia-6ia-6ia -2.79934855077 2.18127836832 4.2138847228
6ia6ia-6ia-6ia- -2.76783497607 2.18885121265 4.19060675703
6ia6ia-6ia6ia- -2.82572872663 2.17499752814 4.23301342202
6ia6ia6ia -3.86788710496 1.54447554252 4.55058496507
6ia6ia6ia-6ia -2.80344909895 2.17089952213 4.17218180735
6ia6ia6ia-6ia- -2.77884930562 2.1754853825 4.15344780557
6ia6ia6ia6ia -2.73349446847 2.19748121501 4.12965820947
6ia6ia6ia6ia- -2.76842986181 2.18478788937 4.15121458064
6id6id -1.26793035547 4.26688662225 4.539624999
6id6id- -1.33804316791 4.21246824656 4.52119004696
6id6id-4id6id 6.09604601135 9.29437815919 2.36920016009
6id6id-6id 4.61378809129 8.13065270791 2.64080280783
6id6id-6id-6id 11.0803302067 11.9826066751 0.288449867669
6id6id-6id-6id- 11.1496232839 12.0064991744 0.249036886609
6id6id-6id6id- 10.9157949382 11.8951894125 0.340983993693
6id6id6id 4.73592086136 8.13994991254 2.5797528071
6id6id6id-6id 10.9838516453 12.0084849652 0.395829682569
6id6id6id-6id- 11.0014783145 12.0016463667 0.373490020438
6id6id6id6id 11.6797354361 12.5874275641 0.323702933644
6id6id6id6id- 11.4187725272 12.3539163222 0.34738950916
6ie6ie -4.78460330722 0.464639077375 4.67369533826
6ie6ie- -4.69019927274 0.552361807901 4.58419672543
6ie6ie-4ie6ie -3.55855667862 0.832662581422 3.89071346741
6ie6ie-6ie -3.34616886225 1.34752892946 4.04751929124
6ie6ie-6ie-6ie -2.20839610221 2.02741834215 3.5951069129
6ie6ie-6ie-6ie- -2.19815533705 2.02328235545 3.58546969486
6ie6ie-6ie6ie- -2.20261380239 2.03534228087 3.62909225816
6ie6ie6ie -3.46293797005 1.29083952955 4.14872206301
6ie6ie6ie-6ie -2.2863505513 2.01472969942 3.71939638661
6ie6ie6ie-6ie- -2.25843124413 2.00378631185 3.67965048309
6ie6ie6ie6ie -2.30122148734 1.99080063669 3.683574652
6ie6ie6ie6ie- -2.31392097889 1.99707857891 3.6952779927
6if6if -4.57070516161 0.679979255497 4.29695967108
6if6if- -4.45312559217 0.762287469638 4.3342873108
6if6if-4if6if -3.74459627245 0.689566563722 3.75132414222
6if6if-6if -3.41229648148 1.31804304017 3.90535049025
6if6if-6if-6if -2.70744946838 1.69364777857 3.61399730676
6if6if-6if-6if- -2.76802033748 1.57877297998 3.56732109725
6if6if-6if6if- -2.68633482509 1.79106388516 3.6710751665
6if6if6if -3.70084439421 1.11950186311 3.94053848226
6if6if6if-6if -2.77156073591 1.7063700352 3.72590373326
6if6if6if-6if- -2.83971740932 1.60169963793 3.65922099219
6if6if6if6if -2.93555718208 1.59473930833 3.70981310956
6if6if6if6if- -2.94936727326 1.61942126098 3.74612889092
6ih6ih -8.91139055275 -2.98599755655 4.77052801011
6ih6ih- -8.95453564844 -2.79911188228 4.81611686055
6ih6ih-4ih6ih -11.1573333008 -6.20844433997 4.2297827871
6ih6ih-6ih -10.0609618593 -4.42843654008 4.78818989307
6ih6ih-6ih-6ih -11.7913457184 -7.17426403796 3.88676474698
6ih6ih-6ih-6ih- -11.7861741219 -7.22397482782 3.85240125831
6ih6ih-6ih6ih- -11.7952474392 -7.01640922837 4.07137806818
6ih6ih6ih -9.99538211848 -4.68209521569 4.48375811371
6ih6ih6ih-6ih -11.8223708883 -7.08896094403 3.98915661096
6ih6ih6ih-6ih- -11.822640817 -7.16113951253 3.9459169055
6ih6ih6ih6ih -11.81192309 -7.28856444418 3.79409023933
6ih6ih6ih6ih- -11.814698253 -7.24366962596 3.82419072334
6ii -6.79919991616 0.451412305745 6.1335801644
6ii6ii -5.12794636862 1.2220591847 5.36859778345
6ii6ii6ii6ii -2.44277606136 2.61484731651 4.26784227951
6il6il- -4.37619482439 1.15511691861 4.58111530196
6il6il6il6il -2.14581162579 2.33714428974 3.69723812691
6la6la6la6la -1.44449397876 2.27524568307 3.01118769196
6ld6ld -0.398155985206 4.78349950398 4.20131966785
6ld6ld6ld 5.13185274172 8.57721465452 2.67001485054
6ld6ld6ld6ld 11.1867343705 12.4982926959 0.699550471064
6le6le -3.83823043883 1.12434083692 4.36747266577
6le6le6le -2.43663089778 2.01594045952 3.81282889143
6le6le6le6le -1.20029776783 2.71589654096 3.31201323978
6lf6lf -3.67594265478 1.01492027854 3.79422551889
6lf6lf6lf -2.61876983858 1.58088978372 3.36325640152
6lf6lf6lf6lf -1.71609576008 2.12505054282 3.07346130088
6lh6lh -7.80540217478 -2.36235628817 4.41063394727
6lh6lh6lh -8.66152809577 -3.80428864361 4.02467717371
6lh6lh6lh6lh -9.99483423672 -5.90968552461 3.35594555486
6li6li -4.13266755028 1.64114228756 4.85887866276
6li6li6li -2.62729731824 2.41496033421 4.2066560381
6li6li6li6li -1.35772938728 3.10550097342 3.73189369017
6ll -4.94193397523 0.655682941699 4.57413600713
6ll6ll -3.36002742055 0.861454879593 3.39282841052
6ll6ll6ll -2.0626950537 1.48048282799 2.78000130975
6ll6ll6ll6ll -0.880844469936 2.23374483601 2.401019696
Repulse
Repulse
Repulse
Repulse
Repulse
Repulse
Repulse
Repulse
Repulse
Repulse
Repulse
Repulse
Repulse
Repulse
Repulse
Repulse
Using multi
